17453635977511109809
17361104950193799161
10053654138796087049
16216408202576512364
6501976494498811831
17979988624262484497
15316334035847251909
8320585267895119087
15704493311778204040
464602195260481942
4267483125109306744
2470223530313180814
8171997911292908141
4656930818027183435
12095070632310963960
12760157544607579204
10617828374995900511
13806232415641775979
632671820049780827
16002044945544255036
16930146039735675863
15683489357799430362
2115528911407283189
15711354027664133190
4849473096910923571
13955666517074645099
16259382311540537068
96877427548114881
10304979576411325735
15222808152250828470
605234904144859950
14985059813057003607
16172462166572089456
16809466615144043219
12852323655874439148
11711028733073842449
4626829123763248394
9185822601674580060
14170894184971850577
7470496527872426811
15137158074046481324
5367620477659471854
13813529943285535779
5765575426715400427
1246744059507429691
1271777193620667232
16187411216950828113
9789792554652817916
13026102663476669583
16394143225681159408
3994681507609194759
4030001893248896010
2363708272754578316
17415541054738475932
10081816573055576089
10920031914501944033
17810083400974972927
18433770604006238981
11490596853964341043
830754847261957555
4294227225822972401
105367992585892225
18088028790877609709
5934589582365543049
7928597751262223858
13727267457570835954
15393598743217850040
3188478943157020214
5724262494251151710
7498098585254280598
15804280819559205549
11578581700546892665
405989101558152168
6029308947333816393
9050244543347961500
4347898474526096797
12362520016987826045
16355318065594012008
14562864697825774186
6911927900371523978
17824715483628832359
5175281246449402645
4691810290173606888
3928381062144606004
6939950185699640480
7499357144558850917
12307837029608477921
13689324828731420284
16749360931232661426
5832038880742761263
4290972953717219046
2187533335743949735
1350320194247000376
3645781408781046274
17135297579365088592
15002913752282599526
9688368209861469682
8106432426157348554
9780100109696967845
16835425835686293575
