2309 1987 2287 2270 2149 2368 2155 2125 2054 2181 2090 2046 2167 2181 2055 2047 2292 2020 2103 1998 2047 2347 1983 2052 2246 2222 2056 2132 2340
7747 7849 7956 7621 7981 7870 7612 7899 7655 7671 7904 7951 7924 7720 7713 7871 7774 7812 7611 7695 7855 7858 7602 7821 7979 7904 7676 7752 7637
2049 2032 2365 2208 2332 2171 2011 2045 2307 2015 2158 2254 2342 2089 2315 2123 2310 2340 2327 2385 2238 2232 2014 2019 2355 2133 2381 2234 2263
7678 7501 7464 7552 7635 7573 7512 7479 7635 7462 7657 7504 7370 7361 7547 7520 7511 7753 7448 7511 7601 7431 7445 7610 7441 7671 7721 7680 7748
4412 4256 4243 4301 4250 4432 4549 4224 4416 4259 4208 4191 4395 4287 4349 4416 4447 4413 4361 4373 4447 4520 4556 4371 4416 4473 4413 4469 4546
3455 3390 3738 3649 3702 3519 3439 3722 3735 3595 3537 3495 3521 3496 3594 3641 3426 3717 3405 3726 3639 3664 3392 3636 3503 3487 3486 3406 3681
5047 5311 5292 4956 5233 5140 5183 5119 5251 5010 5180 5309 4945 5168 5329 5084 5234 5073 5264 5222 5134 5195 4952 5123 5055 5229 5051 5300 5169
5272 4980 5130 5342 5256 4966 5253 5252 5056 5190 5310 5113 5127 5076 5318 4988 5330 5020 5045 5314 5028 5224 5306 5339 5139 5016 5019 5317 5114
3325 3445 3335 3340 3490 3495 3569 3553 3610 3473 3347 3546 3325 3378 3318 3444 3622 3414 3442 3318 3252 3374 3419 3289 3463 3266 3367 3453 3596
8343 8509 8306 8269 8550 8336 8572 8346 8589 8370 8457 8274 8495 8465 8480 8423 8357 8361 8461 8348 8257 8517 8222 8297 8263 8464 8406 8580 8596
1989 1678 1881 1972 1766 1843 1862 1697 1693 1704 1856 1907 1911 2025 1980 1944 1650 1698 1695 1876 1903 1842 1785 1815 1782 1973 1851 1775 1955
3637 3585 3561 3479 3600 3671 3450 3636 3638 3520 3678 3433 3560 3426 3467 3486 3679 3504 3494 3550 3701 3531 3657 3601 3417 3586 3649 3638 3395
5344 5281 5379 5437 5155 5318 5391 5443 5217 5146 5156 5447 5390 5273 5264 5440 5396 5322 5355 5406 5225 5198 5288 5300 5472 5248 5159 5181 5303
4278 3973 3965 4106 4003 4239 4141 4211 4050 3978 4119 4268 4019 4250 4071 4131 3988 4169 4279 3978 4298 3956 3915 3923 4113 4237 4218 4102 4229
1773 1812 1491 1688 1462 1581 1646 1481 1707 1614 1606 1686 1805 1572 1584 1721 1789 1754 1713 1578 1626 1686 1609 1687 1619 1474 1520 1446 1815
4987 5042 5375 5226 5223 5013 5356 5267 5053 5252 5333 5345 5005 5046 5117 5202 5370 5378 4984 5222 5110 5291 5063 5258 5229 5242 5239 5347 5000
2526 2620 2593 2567 2563 2435 2405 2608 2306 2366 2554 2660 2535 2509 2493 2336 2356 2275 2627 2464 2341 2615 2273 2630 2338 2633 2584 2661 2606
8666 8547 8443 8417 8503 8501 8602 8423 8545 8386 8336 8394 8546 8388 8620 8602 8680 8323 8601 8373 8541 8696 8511 8432 8655 8410 8585 8457 8302
7655 7575 7728 7580 7652 7913 7561 7914 7654 7923 7688 7780 7806 7682 7719 7869 7862 7547 7722 7661 7832 7878 7879 7646 7562 7778 7610 7771 7571
4769 4531 4646 4706 4726 4744 4729 4714 4755 4638 4825 4669 4914 4595 4789 4540 4575 4617 4582 4886 4834 4767 4882 4614 4550 4768 4770 4558 4670
7482 7455 7360 7653 7402 7627 7426 7402 7417 7355 7508 7370 7389 7466 7614 7297 7468 7377 7506 7617 7281 7569 7357 7312 7542 7636 7635 7523 7356
8018 7930 7891 7966 7957 8114 8050 8174 7948 8077 8085 8032 8028 7931 8059 8099 8003 7905 7940 7871 7943 7923 8157 8065 8077 8087 8022 7986 8085
3928 3873 3986 3986 4032 4022 3912 4137 4147 3951 4190 3987 4143 4030 4038 3930 4027 3815 4065 4151 3842 4030 3939 4059 4077 4161 4181 3819 4138
2409 2408 2558 2566 2639 2304 2297 2464 2693 2367 2623 2692 2438 2399 2480 2566 2413 2339 2297 2507 2475 2390 2305 2388 2560 2381 2659 2627 2654
6757 6412 6473 6417 6766 6537 6459 6568 6445 6771 6738 6493 6667 6512 6543 6554 6656 6415 6627 6709 6415 6556 6436 6704 6413 6597 6694 6673 6706
7128 7247 7274 7313 7293 7149 7067 7079 7117 7337 7107 7223 7251 7031 7095 7224 7109 7243 7122 7086 7138 7406 7364 7133 7035 7381 7138 7327 7362
3145 3409 3386 3151 3078 3105 3390 3115 3409 3149 3133 3375 3185 3068 3437 3219 3223 3360 3444 3414 3372 3146 3322 3373 3414 3316 3238 3117 3456
3013 2842 3086 2718 2722 2847 2952 2750 2946 2854 2721 3085 2754 2740 3099 2953 2970 3098 2791 3026 2755 2755 2727 2739 2855 2855 2793 2857 3088
4861 4641 4760 4547 4764 4610 4796 4598 4766 4842 4557 4539 4577 4524 4812 4669 4480 4805 4716 4520 4663 4489 4836 4712 4839 4489 4563 4721 4628
6946 6644 6757 6623 6628 6771 6932 6602 6775 6678 6785 6801 6777 6929 6815 6926 6773 6783 6628 6725 6806 6982 6929 6696 6748 6696 6664 6669 6778
6617 2671 5883 3386 6732 5142 5717 1850 5295 4730 8469 7173 6426 7948 7145 4342 4408 1634 5096 5059 6672 3698 2555 2675 1241 6031 3432 4463 2779 2646
6365 2616 5834 3252 6673 5183 5857 1563 5369 4615 8696 7095 6499 7735 7132 4317 4559 1356 4954 5192 6572 3765 2533 2777 1151 6126 3217 4620 2851 2546
6534 2480 6149 3448 6737 5087 5864 1783 5493 4694 8700 7361 6210 7960 6875 4535 4636 1603 5068 5338 6614 3898 2290 3019 1184 5955 3161 4731 2471 2612
6470 2490 5827 3312 6537 5302 5810 1681 5370 4740 8438 7283 6575 7856 7172 4358 4569 1310 5154 5152 6421 3886 2299 2795 1328 5906 3271 4634 2623 2720
6750 2653 6026 3363 6540 5411 5550 1779 5478 4546 8592 7129 6588 8024 7171 4568 4615 1501 4945 5071 6628 3810 2476 2851 1285 5989 3460 4503 2803 2691
6724 2431 5891 3526 6506 5089 5786 1550 5628 4661 8405 7274 6337 7743 7018 4545 4724 1372 4849 4959 6465 3799 2283 2956 1201 5911 3352 4734 2839 2647
6694 2587 6190 3514 6571 5107 5789 1754 5598 4689 8380 7159 6557 7883 7154 4520 4519 1454 4859 5048 6438 3973 2590 2873 1463 6041 3529 4730 2581 2708
6527 2779 6134 3582 6732 5254 5605 1871 5465 4689 8586 7001 6481 7928 6910 4490 4723 1505 5140 5071 6706 3847 2642 2903 1402 6144 3151 4446 2825 2525
6586 2478 6163 3498 6520 5417 5880 1913 5437 4541 8636 7072 6308 7699 6844 4531 4656 1435 4896 5100 6549 3729 2456 2988 1288 5798 3301 4601 2601 2521
6713 2603 6068 3262 6817 5368 5876 1800 5441 4362 8537 7178 6414 7983 7028 4391 4646 1413 5062 5167 6595 3720 2525 2745 1531 5947 3241 4525 2788 2647
6721 2609 6049 3519 6837 5054 5766 1573 5276 4680 8503 7336 6236 7939 7012 4595 4405 1271 4872 5149 6633 3782 2510 2873 1214 6156 3285 4392 2508 2752
6381 2546 5916 3209 6646 5083 5753 1570 5322 4675 8491 7351 6387 7972 7114 4354 4578 1297 4889 5239 6412 3814 2595 3034 1463 5866 3158 4752 2720 2710
6612 2752 6073 3512 6556 5414 5702 1754 5399 4514 8412 6996 6580 7931 7109 4498 4368 1268 4954 5268 6709 3891 2539 2881 1359 6121 3481 4610 2676 2672
6470 2772 6102 3404 6779 5283 5698 1711 5579 4722 8594 7266 6583 7941 7166 4498 4517 1269 4824 5102 6528 3785 2319 2817 1155 5950 3328 4628 2800 2655
6755 2448 5931 3584 6639 5261 5757 1519 5433 4689 8573 7043 6317 7762 6905 4301 4571 1387 4984 5027 6477 3784 2320 2882 1420 5938 3514 4724 2756 2729
6705 2510 6185 3274 6601 5437 5579 1742 5270 4356 8499 7299 6315 7866 6942 4353 4685 1288 5045 5078 6735 3860 2467 2923 1381 5940 3395 4599 2502 2600
6395 2763 6042 3393 6620 5210 5551 1778 5570 4497 8518 7333 6496 7968 6784 4441 4395 1270 5098 5228 6457 3833 2625 2881 1512 5942 3531 4367 2775 2637
6579 2782 5843 3440 6562 5239 5529 1615 5410 4556 8405 7229 6291 7940 6811 4480 4623 1339 4914 5021 6698 3644 2624 2883 1442 5775 3491 4752 2529 2784
6391 2651 6017 3357 6544 5119 5583 1915 5463 4491 8650 7358 6392 7850 7043 4287 4454 1610 5024 5195 6757 3957 2268 2913 1286 6005 3369 4391 2817 2748
6722 2788 5916 3574 6828 5064 5753 1533 5563 4661 8517 7273 6393 7967 7031 4552 4663 1445 4850 5028 6672 3699 2277 2805 1149 5989 3444 4725 2594 2552
6741 2530 5880 3216 6807 5072 5751 1802 5270 4509 8585 7044 6551 7672 7172 4588 4488 1504 4855 5248 6615 3954 2422 3013 1237 5976 3201 4606 2851 2766
6707 2675 5961 3363 6801 5424 5712 1613 5467 4435 8419 7085 6497 7660 6846 4511 4738 1541 4815 5188 6643 3684 2349 2964 1518 5923 3175 4416 2836 2573
6461 2515 5864 3490 6730 5175 5731 1808 5402 4691 8426 7323 6304 7979 6882 4518 4587 1359 4893 5234 6755 3798 2373 3012 1527 5969 3241 4454 2619 2857
6667 2750 6127 3364 6620 5251 5557 1666 5272 4428 8380 7214 6356 7995 6996 4415 4405 1421 5016 5127 6776 3713 2476 2959 1486 5778 3532 4667 2744 2597
6687 2733 6148 3522 6804 5158 5735 1643 5553 4390 8426 7121 6410 7968 6922 4342 4720 1431 4837 5131 6551 3851 2290 3019 1390 5950 3312 4460 2500 2868
6529 2693 6034 3508 6652 5299 5553 1605 5397 4444 8361 7046 6499 7699 6860 4612 4746 1638 4971 5302 6455 3678 2263 2755 1394 5998 3271 4394 2543 2602
6529 2677 5829 3527 6849 5437 5656 1664 5590 4405 8729 7094 6258 7904 7114 4582 4725 1329 4897 5152 6674 3611 2273 3033 1202 6065 3265 4651 2614 2724
6691 2498 5883 3402 6824 5157 5519 1831 5481 4597 8341 7065 6440 7932 6961 4272 4764 1350 5059 5139 6455 3658 2523 2932 1426 6098 3498 4588 2819 2870
6379 2571 5996 3223 6886 5217 5835 1569 5575 4413 8384 7248 6540 7752 6860 4474 4459 1445 5145 5035 6618 3590 2498 2700 1202 6119 3376 4583 2810 2803
26 3 19 11 43326 0.9572406160012731
11 26 13 13 37240 0.9614885844742934
9 28 27 27 41807 0.9339983451344509
2 1 4 24 53144 0.9451260205828578
2 17 13 24 28243 0.9985277507149395
11 6 25 11 48292 0.9659086047101235
20 29 18 5 70692 0.9995054148411141
8 25 16 9 45548 0.9924572846383627
1 8 13 4 38825 0.9765123250610052
14 15 0 6 39362 0.9976504528008758
22 17 15 11 28584 1.0957337945453014
29 10 22 26 67749 1.0814364911396035
18 2 10 27 66724 1.075219599037559
5 6 2 23 44176 0.9908339583680943
10 9 17 6 21215 0.9194705645128811
7 13 13 21 40099 0.9138056779590312
26 11 22 0 38935 1.081054421148706
6 27 3 15 43530 0.939859449644975
16 27 26 14 48296 1.0724050221747774
29 0 12 14 76831 0.9502253487584421
22 24 21 4 63938 0.906542475551824
18 28 24 24 25430 1.0689641103691818
25 29 16 26 32233 1.0307824684531721
28 1 5 7 57064 1.0311618309923198
9 15 10 0 32155 1.0991311921385922
9 8 5 27 52086 1.08898364043511
1 17 25 16 40758 0.9937103379333967
1 6 9 20 52230 0.9916543212497375
1 3 29 29 98996 0.9488936313434866
21 11 12 12 58284 0.9455986017463858
9 2 27 12 58259 1.0506723377418006
3 23 16 25 25666 0.9042759413582818
24 1 4 16 67644 0.9182552897280889
6 7 16 12 29701 1.037328479558363
22 26 8 1 70092 0.9576736091997303
12 12 26 10 51169 1.0182589420018202
4 9 9 24 51746 1.0637780135213835
6 15 17 20 37728 0.9283030446620051
22 25 13 13 41282 0.9744557519080926
15 1 0 2 40902 1.034672592974503
11 1 8 25 50874 0.9176313891412069
4 0 19 2 48307 1.0116568203047316
29 3 1 17 74386 1.0709109870745235
2 24 3 11 36349 1.0944945308253795
13 6 25 29 64888 1.0863544673076015
23 18 10 20 25456 0.9508474569958646
7 16 24 1 64200 1.0442187531721947
15 7 26 5 25215 1.061908041295206
28 22 21 7 51323 0.9836288552017596
6 21 22 22 43142 0.9483712854873869
18 26 13 5 51522 1.0395297603548244
7 21 18 15 39861 0.9794134399307519
15 8 21 16 38363 1.0530933117883534
9 6 3 10 34934 0.9111103221514708
5 1 1 24 59406 1.0578689929177079
26 6 22 21 46855 0.9815453631195815
11 5 23 13 42758 0.975169630179638
12 28 6 10 63491 0.9930403757101286
28 11 9 8 53985 1.0030680277216357
28 0 3 9 76214 1.0958325021542734
5 11 15 10 43214 1.0303837205502595
28 20 14 6 52143 0.9781783797736782
25 16 28 29 46507 0.9263900218277846
18 18 8 9 41816 0.9195605649645872
4 21 17 25 37181 0.9369792523559012
29 28 6 0 96255 0.9918913127082891
0 29 28 29 64523 1.0049990017897596
29 22 20 10 66233 1.0427193412773428
3 3 4 16 41023 0.937578863994231
25 18 4 16 41070 1.032751478497425
18 19 24 11 42445 1.0129885607444704
23 25 23 6 46693 0.92231176863027
5 26 24 29 47016 0.984076125724682
26 10 8 18 51240 1.0096427185385515
23 11 6 16 43877 1.047878322915768
15 25 22 16 33713 1.0533222899889603
3 15 15 29 47922 0.9663216898907153
7 28 13 8 53102 1.0520712514425739
17 15 11 5 38306 0.9940108933504127
2 16 17 24 34974 1.0212243232837133
23 29 9 12 58035 1.064324790384518
27 3 23 29 72534 1.0873514945377174
15 29 22 25 25625 1.028506638829239
24 2 7 14 73927 1.033308884784081
2 4 29 28 90404 1.0163145019857045
0 9 27 3 61473 0.9843830216681015
16 1 26 11 44967 1.0885157477417409
10 13 11 1 24379 1.0995555003541948
22 3 0 9 56952 1.00241855507417
14 12 24 15 30608 0.9965147754332552
29 11 0 16 72456 0.9314846684367883
9 0 25 13 72877 0.9052129177897673
18 29 15 6 53717 1.012676819793847
14 7 16 26 35990 1.00259433034469
27 19 13 28 40805 1.0934436884074348
29 23 15 2 68332 1.0344409437610316
7 10 23 1 57460 0.9968291460701432
23 25 29 8 60976 1.0251590104954265
24 23 25 3 59099 0.93979133869309
9 25 12 13 43397 1.089522893808911
13 21 20 5 50127 0.9883735508463058
25 10 29 28 69210 0.9736462445290391
29 6 20 9 35702 0.9331951659448403
29 4 16 12 53367 1.017364388281528
8 2 0 28 70249 1.030772894077056
26 25 22 15 33701 0.9734597884210904
21 18 9 14 35455 0.9138246351786804
25 22 6 18 45502 1.0059974739328692
18 10 22 28 73981 0.999444177101291
17 28 26 19 43559 1.093133209630355
22 23 29 7 52438 0.9371084731114832
15 1 11 26 51326 1.014905177337459
9 13 26 19 44724 1.0928843176326233
24 13 8 10 59554 1.073613106595404
20 7 25 2 29189 1.0044310859997911
22 17 22 5 36236 1.0857635278678281
8 21 15 28 25961 1.0520536547395798
5 5 22 6 39883 1.0391441735370721
14 23 0 17 29654 0.9056069436390829
7 22 29 26 46942 1.058927043313633
24 22 17 13 42214 1.0835752146190667
9 6 8 15 31433 1.0323770128330203
19 7 17 19 37939 1.0326799161157734
3 29 7 15 47091 1.021356887091454
10 11 25 23 49013 1.0698387779504768
17 16 18 26 35873 1.0900410446680422
10 15 4 19 21048 1.0084460471840775
16 13 27 23 42733 0.9993838593946816
2 29 15 22 32855 0.9911312197281216
17 24 19 15 31975 1.0697382551731427
9 12 29 4 66013 0.9384324415799632
13 10 5 6 29463 1.0896482592257637
6 20 25 29 60151 0.9269598516501195
10 7 0 16 35242 0.9308208192703682
27 11 27 23 34753 0.9493109018644716
8 25 15 17 24513 1.0957328724787656
4 25 25 8 71708 1.0469290375818763
28 19 12 7 49463 1.044607328084601
19 25 6 1 67866 0.9524284787986722
29 15 14 14 38325 1.0006691223366229
26 27 22 7 57882 1.0662859316445696
6 12 11 2 47730 1.0822967872190061
23 2 14 11 34097 1.0768541557111482
8 7 27 15 51371 0.988740944012188
21 15 14 23 33818 1.0415577250561148
2 6 13 14 41387 1.0423541136259864
3 28 20 27 52426 1.0458178320277485
15 7 23 12 26645 0.9588495027512576
2 11 16 10 39805 1.0585904197085962
16 13 16 25 29161 1.0556093307911052
10 3 17 28 56361 1.0649824943579265
18 17 8 9 34269 0.9939105029280103
1 11 22 22 64350 1.023027529671002
11 23 17 2 57129 1.0579005785251352
10 24 9 1 44586 0.9390849175570821
20 6 14 24 45746 1.0149603337060582
22 0 15 18 58058 0.9447233993217747
28 6 21 16 45252 1.008894247398403
8 16 21 10 58774 0.9174338286855876
5 14 11 8 39198 1.0249381406546394
10 12 18 0 43303 1.0877510094610554
24 23 6 9 67835 0.9273405359314423
17 10 27 25 61057 0.9865239831859164
25 25 12 19 40939 1.0236609523975513
7 29 8 15 39557 1.0032851073734466
4 6 11 0 32464 1.0411395061812343
9 8 14 28 44928 0.9109312085550388
0 27 8 25 20242 0.9475940890118467
21 19 13 26 41380 0.9184678522318691
5 19 4 4 50189 1.015101491999283
29 4 15 13 61795 0.9424325814390517
18 11 28 22 62286 0.9008926882928404
3 27 4 7 52577 0.9156873529048176
12 24 11 1 47269 0.9075204134467743
7 21 3 29 34900 0.9915445733782248
12 17 3 3 47236 1.0947938819188747
18 16 4 9 55626 1.070690736237965
12 19 29 11 63690 1.0315264522924186
27 11 19 2 45944 1.0975648948386252
10 24 27 17 35406 1.0605822308221589
10 8 18 16 34921 0.9199794871558274
13 25 3 20 33948 0.9097558434666108
5 17 0 3 37584 1.0550459574816353
25 29 28 13 59196 0.9003695201359909
7 29 28 3 86982 1.098868805512582
9 24 27 26 30376 0.9364616804165051
7 15 26 22 51289 0.9949882267493815
13 29 14 13 28848 1.0787333414209184
25 18 1 25 58845 0.9449180537689651
15 2 18 23 51545 0.953665330478548
3 0 26 20 86457 0.9983804817419699
2 16 12 27 41267 0.9870775575136255
10 23 25 13 53783 1.037115046514498
12 15 17 26 35462 1.0565707410158875
2 29 1 4 62066 0.9869338647069097
9 12 4 4 39169 0.9547361712023529
2 25 20 12 66581 0.9469101616656836
23 8 26 0 28557 1.0436463871828072
4 27 0 8 51388 1.043597472759
8 11 6 1 39145 0.9106808020547006
23 26 28 10 56124 0.9089038153235396
1 27 28 26 54514 0.9191125384634025
11 18 25 18 30176 1.014864031814539
22 12 23 26 40242 0.9323052429072266
16 2 1 11 52183 1.0426272006245767
24 4 10 23 61654 1.0543870248661351
28 1 3 3 74373 0.9305647434099137
14 2 18 18 37264 1.0746519078423133
24 10 4 12 69802 1.0466613949012318
0 7 16 18 45667 1.015452247592564
27 16 11 7 43132 1.0029529440460985
17 19 22 28 40068 0.9570835375209313
6 28 24 10 73754 1.00091458831632
22 0 23 20 53493 1.011390875197961
26 19 5 12 53999 1.032438339590633
18 3 27 19 61080 1.0669572732093364
6 5 25 6 49970 1.03719285769158
6 17 1 25 29822 0.9482397579094815
16 26 11 17 23259 0.9096922544663405
17 5 20 22 52814 0.9718383892744581
13 11 4 20 44355 0.9689410940391802
13 15 23 15 25730 1.0044340510492191
19 1 1 3 51983 0.9490056801023599
14 12 29 27 55742 0.9375765080431018
26 8 9 19 53584 1.0986348156556645
21 27 27 13 50752 0.9502831569398031
29 23 0 10 72534 1.0253640023018955
22 26 9 1 67614 1.0513491837976159
20 9 2 20 63014 0.9423946665427622
25 2 8 19 70665 1.07282250159821
12 11 15 0 37785 1.0926735395553648
21 2 23 20 55521 1.09134996219094
29 19 8 20 52595 1.052742594096539
10 11 18 0 41396 1.003260215836137
10 7 23 17 35916 0.9837735277058536
10 17 18 7 28324 0.9100583452068641
16 15 8 7 32030 0.9522950729862414
10 22 3 0 63214 0.9705128057869244
9 28 28 27 46395 0.9260876092902456
27 12 1 28 72558 0.9188459359142471
29 19 4 8 72532 0.9449448463855259
19 10 15 24 52314 0.9834872463884847
5 0 15 12 48354 0.9315622903277863
11 22 13 11 33233 1.0689232683858092
5 1 25 21 76978 1.098992295994803
21 10 25 1 42473 0.9257074888677129
7 11 13 22 46263 1.09039914688896
14 10 3 26 46938 0.9235049351758632
20 6 26 15 43434 1.0224878455565503
4 8 12 11 36528 1.041592330224209
14 6 1 1 38120 0.9320713782615523
15 8 2 15 41648 0.9208577007194481
16 2 21 22 57749 0.9996093684008583
8 12 28 11 68089 0.9792303679659883
20 26 8 18 42823 0.9476625251498318
3 21 29 6 78686 0.9772701497788258
1 22 19 7 55887 1.0702787536711593
25 4 19 16 56223 0.9519597699405498
22 7 2 20 53832 0.9014215056927268
3 27 9 4 65551 0.9411406159398259
5 21 3 29 28467 0.9571635567962572
8 3 10 11 21153 0.9428225070727417
25 2 29 29 91395 0.9001533939405756
18 29 10 4 58921 0.9894770339624858
2 25 5 14 32985 1.0665274704996532
13 4 18 25 53003 1.008880502068922
3 11 21 20 67550 0.9199508522236969
17 3 6 21 60735 1.0106815772311943
29 7 0 11 57905 0.9741402960998221
24 0 10 4 48948 1.0057584869483893
5 26 10 7 44856 0.9454308396913883
26 1 17 18 64886 0.9304475203396293
15 6 2 19 44805 1.0720490158600535
27 1 9 6 53416 0.9260193307465936
16 17 6 22 27007 1.0405773732414332
19 10 7 18 53719 1.0274559769564515
11 20 17 9 41301 1.028615980386418
8 5 6 15 43482 1.0029525233156207
10 28 15 19 25785 0.9333422641517176
16 5 18 13 35777 1.0331342632061709
4 10 0 24 48839 1.0997006853066669
21 9 6 7 40182 1.0486391162507833
22 3 3 24 71528 1.045681598238998
13 25 14 9 30298 0.9218529414960982
14 11 1 2 44068 0.9040214897837892
7 20 14 25 27640 0.93854274249289
18 18 12 6 38252 1.0028217703164082
3 23 6 12 44984 1.0908333030278679
2 1 25 15 76902 0.9681961434805811
3 25 28 13 71876 1.0478297805227177
15 3 2 8 32745 1.0025699708824147
1 10 24 5 60979 0.9022802683729757
6 21 0 11 38478 1.0283126643093041
29 22 2 10 70297 0.9489396225087443
21 27 21 16 43295 1.0031184212863482
26 3 25 25 69385 0.9808439316954602
26 2 11 11 55856 1.0672225481935016
22 24 29 21 22468 0.996869064107208
10 23 26 6 56098 1.0215062790699618
9 4 19 16 46930 1.005673818440136
3 24 17 16 35768 1.094754164485907
3 19 18 23 43294 1.0393441745317533
26 27 8 14 56700 0.9526639482568453
23 25 5 5 65704 0.9824094026460619
7 11 25 11 71112 1.0726441454230327
18 22 29 7 58810 0.9943340690830503
13 28 12 1 52281 1.0758151254997133
5 17 14 0 40302 0.9687561639291188
4 5 24 28 79917 1.0891852422671733
29 15 7 9 66905 0.9599752277679527
1 12 1 1 32809 0.9009216193924318
22 15 13 6 41758 0.9958851959154986
28 21 8 5 67840 1.054120853335124
10 18 1 5 43561 1.0177911937782285
0 19 21 23 46165 0.9627515430508853
21 7 4 15 51117 0.9049019877421098
4 12 17 3 55197 0.9865460294288368
27 19 18 11 51227 1.0825203770280416
1 24 1 0 59171 0.9621796408483857
3 28 11 5 61931 1.0958292162263636
25 1 18 6 36487 0.9694348695426923
2 4 24 7 44244 1.068912887720467
7 16 23 13 37389 0.9201865190377224
19 12 8 24 49970 0.9779148459293481
9 6 2 9 24219 0.9914541201178524
14 6 6 23 45624 1.0866425818115086
24 8 17 13 42797 0.963824167150992
5 21 10 15 25260 1.094575485406334
15 24 7 19 30207 1.0416161536454234
6 11 7 22 51471 1.0895122956263625
10 27 13 10 42807 1.0443122670580998
27 12 2 8 59043 1.0291222473069186
5 1 19 28 78144 1.045426306211442
16 0 17 14 42031 1.0646613468788857
19 2 21 26 77941 0.9927856662563513
23 18 26 3 45112 1.0702688653346246
4 10 22 23 70735 0.9853629987134435
18 24 11 13 35300 1.0437176660912082
17 9 23 24 51044 0.9299395913600805
21 26 19 17 33907 1.0635227131494944
12 20 0 0 69577 1.0215508346478044
25 7 16 8 17981 0.9865555248519646
26 28 15 28 29310 1.038978086284244
6 25 17 3 60772 0.9216379310538565
16 20 3 16 32647 1.0923305885724244
15 21 25 14 44029 0.9165243974250485
20 28 6 28 37472 1.0710279427691278
13 12 4 29 56973 1.0174919389723591
3 5 10 21 48939 1.0467217854873185
10 2 20 18 48213 1.05642757131061
22 28 8 6 67426 1.073768501327343
3 15 27 6 67086 1.0859654888086576
11 4 9 20 42525 1.0006715485700015
22 1 11 21 63451 1.077294875128249
15 0 1 28 73160 0.9880502035150249
24 9 14 28 54861 1.041952107419625
1 19 12 27 41512 0.9966649775890184
9 1 24 13 58810 0.9591712188024996
28 12 5 17 51802 0.9805429508654117
14 6 0 9 29977 1.067341160570164
11 16 19 19 23606 1.04390037869579
24 1 6 26 82224 0.9747315835152384
29 18 23 4 47772 1.0724939007643166
5 21 2 7 40859 0.9616591379887298
3 21 10 0 56139 1.0598823822591186
13 10 10 21 32634 0.9124974108742486
2 28 21 22 44896 1.0652735353605585
22 16 24 25 29986 0.9065772966022219
3 29 0 21 22752 0.9398010763537055
25 28 19 14 51925 0.9884459021614973
18 3 4 18 54827 0.9232008839823184
15 15 13 24 20619 1.072750145194929
20 20 26 15 37538 1.0844454166141473
9 28 18 11 59139 0.9804279666320191
29 23 11 27 40944 0.9088235162582474
6 13 20 0 77864 0.9461472403537788
28 29 18 9 78390 1.0132251660698302
28 29 4 21 61362 1.0280857470902705
9 4 20 15 56022 0.96356741133069
1 16 21 26 57578 1.0107610431696181
13 18 13 1 34455 0.938123828121906
23 4 19 16 42799 0.9768767650284436
8 8 23 26 59505 1.0893731439255883
3 29 25 6 83770 0.9287834723987948
22 27 8 25 34837 0.9336501587586671
29 22 8 26 43170 1.0539610431919195
0 27 11 14 43868 1.0592612237519394
22 8 18 2 38653 1.0477178883812865
10 16 17 9 33674 1.0847812045680494
12 28 22 24 22480 0.9626133260907325
12 16 19 20 28912 0.9413900379381074
26 4 14 14 41283 1.0543238428058839
29 20 16 29 50240 0.9849206341300646
10 23 20 19 37025 1.0595157668698918
13 4 5 20 51165 1.0581828921443062
16 11 0 18 39272 1.0727214455152339
19 24 23 12 34428 0.9208403784978816
4 12 20 18 51395 1.013537059933357
24 7 6 13 61751 0.9212567246368556
8 10 27 16 53465 1.0759583262496062
17 28 13 1 54762 0.9733728941144918
2 26 21 5 75454 1.0334556895745932
26 0 29 28 88741 0.9062942850581007
29 6 11 16 56313 1.0810535167463247
29 29 3 0 108724 0.9880336800903665
16 8 12 27 47938 0.9924836549966012
22 7 18 18 41949 1.0731509796663463
13 18 17 0 45562 0.9435630313220322
21 7 2 3 41365 1.0873541416975852
20 25 25 3 70352 1.0852296558545553
22 26 8 7 57722 1.0686106069497476
13 7 26 5 28445 1.0702509406095688
17 22 25 18 33835 1.0257207601893263
4 10 1 21 44354 1.0722031156291696
5 10 10 1 30942 0.9284577728253335
18 11 29 13 72418 0.9106058480975773
0 1 25 14 84287 1.0515249600315038
25 8 5 17 54562 0.9642885592098251
4 8 2 25 47556 1.057867691924217
11 2 24 29 76231 1.003871312156294
19 15 2 26 48023 1.0990439570875896
20 11 25 21 53622 1.0622459096192594
27 23 7 3 73294 0.9662241934202398
6 23 24 22 35639 0.9929767596745352
14 23 20 13 43326 1.07128096453324
13 13 29 3 57607 1.0801615945697485
28 1 5 25 85365 0.9668994370844485
29 24 7 2 78313 0.9147390615286924
17 1 28 9 46881 0.9800363745476883
27 13 25 28 48170 1.0138993614155078
16 22 23 5 49635 0.9233161125860637
17 8 8 4 32314 0.9215828190445113
29 26 0 27 55317 0.9982476461320708
15 21 17 29 24606 1.0458239665994629
26 20 17 9 49082 0.9956003482405138
22 16 27 9 34381 1.0569703762041962
18 18 9 21 28828 0.9921109369387315
11 13 24 1 58108 1.0059321119781879
4 15 11 11 36296 1.0473746524416534
13 20 3 21 39101 0.9378985079414998
3 17 8 0 47765 1.071653078033185
15 27 9 7 45963 1.076825312070492
22 29 13 25 33478 0.9526763753450547
7 12 20 6 51859 0.9729101185651929
13 6 9 20 39269 1.090940351562697
29 15 11 22 49041 0.9578341238795787
14 22 25 18 31195 0.970029284955805
6 0 3 8 35758 0.9697760853341394
28 14 18 13 53024 0.9059057951139261
17 17 21 10 43254 0.9029440298884651
20 25 14 11 37542 0.9894452241089589
3 7 14 4 23645 0.9145178942800629
20 6 3 6 43996 0.9975892043455767
5 20 22 1 70524 1.0529796362250183
16 27 29 21 38167 1.0233241667492674
28 26 17 4 72654 1.010941050521531
8 28 2 17 36967 0.9628221748970281
14 22 2 26 23657 0.9667511927167021
28 4 0 20 79622 0.9886660688537314
9 26 0 22 24105 1.0418483178376816
4 15 13 28 43160 1.0463084846741202
2 10 9 17 25771 0.9158417815507883
19 19 13 3 42439 0.952173595426273
0 0 20 17 64581 0.9662718506758297
6 5 3 26 62278 1.0040186786073981
27 4 11 11 49931 0.9719470171350101
8 16 6 4 47731 1.0123910947862558
4 18 3 6 37159 0.988960871949189
19 28 1 5 77760 0.9803224788278517
11 11 29 15 57089 0.9525724763406025
0 10 26 22 66346 0.9462267810451098
17 2 20 9 38043 0.933030961814861
25 5 0 26 81286 0.9326600161513009
17 20 14 0 44516 1.0518156641945484
7 15 15 26 37769 1.052690314073904
18 16 12 25 32785 0.9811324659008553
10 8 3 15 37231 0.9043223846112051
8 14 24 18 38435 0.993590034879099
22 7 2 3 42978 1.032048894537376
1 10 23 24 65110 1.0695846970709562
14 8 2 15 36215 1.0388575916768807
12 11 17 20 40917 1.065451285432549
14 18 13 27 19140 0.9173130193794459
25 11 22 26 54206 0.9696623601678602
17 12 2 21 47388 0.932199399909498
21 2 25 9 37218 1.0878626121019823
1 15 26 7 62252 1.0597691544199423
28 3 28 21 58841 0.9759799523272287
3 20 12 8 52212 0.9559745513417064
22 12 21 3 35802 1.0091281010362192
27 26 1 5 81976 0.9607226885356346
3 13 13 10 52348 1.0492192376095582
6 6 24 21 61768 0.9281818617009394
19 27 12 3 62640 0.9287495099001012
0 5 19 20 66219 0.9721641309953791
29 2 20 24 77317 1.039550042216524
9 21 6 13 37514 1.0616809610553586
12 24 1 4 60976 0.9614596154692643
21 20 9 18 41923 1.070144046751391
16 15 1 9 46286 0.9575504926964905
25 2 21 22 65831 0.9542347115270491
5 21 18 17 32055 0.9002867801127792
28 17 8 16 31487 0.9625970911256987
6 17 4 7 31208 1.0394139042689694
10 27 15 3 48976 0.9242193591376129
18 1 8 14 53456 0.9032834202729245
10 25 28 26 34125 0.9356824174085208
28 24 6 6 66717 0.9214292590711338
20 1 21 18 57616 1.0104869573044235
28 19 26 10 34840 1.0958975194184586
1 6 11 16 43121 1.0268492857099014
27 29 12 22 40546 0.96819798655346
11 5 23 2 39845 1.0053156761977604
14 15 0 17 23198 1.0408430633099848
24 11 3 21 64831 0.9995654522496233
2 10 17 3 43730 1.0664923983759025
9 18 13 12 26919 1.0432846645702751
18 16 3 27 52272 1.0360159249743734
7 0 11 6 28038 0.9669117683034237
25 22 14 23 23618 1.0971407413220333
9 2 3 27 68655 1.0722459981114583
15 3 10 25 45152 0.9561967114521943
0 11 7 6 25663 0.9655672692427122
15 3 12 11 30631 1.0308903869975115
10 18 26 24 32849 1.0610176303335521
27 24 18 28 29416 0.9528916512369928
13 4 27 7 33371 0.9815686708604421
15 1 6 24 51221 0.9685274788742075
10 5 23 7 25638 1.0906526007253392
10 17 2 11 25026 0.9440961579881408
19 8 13 23 42631 1.0014338876724285
4 6 17 27 64765 0.9579290821749606
6 27 24 1 87275 0.927280405622309
29 3 7 19 75855 0.9385749675178007
14 25 18 10 50313 1.0759877991812477
11 8 25 11 48478 1.0688798502011991
13 2 1 4 45659 0.9699716308931599
15 12 21 17 24631 0.9791056597768901
8 1 21 12 63117 0.9175969420762834
24 6 7 18 54222 0.9048921117433817
27 20 11 18 34815 1.089552858506282
10 2 2 18 41624 0.9044192046802288
28 21 8 19 48699 1.0058385348366758
3 21 22 25 41058 1.0248655672488478
27 20 6 28 52287 1.0214352378694382
10 3 17 7 19090 0.9131282440378586
26 24 29 6 60297 1.0781133051305973
4 19 14 19 26026 1.0945856093623978
6 13 8 26 48784 0.9957901708727946
21 18 1 21 47501 0.9520913827416075
21 6 0 16 58499 0.9310050132051219
1 25 7 15 41594 0.9829065993419523
9 15 27 20 40567 1.0474474569829424
29 27 28 9 65338 1.0019828760882472
9 13 5 24 35081 1.0357598317420016
16 10 8 4 31416 1.0883976743514447
8 26 24 2 76773 0.9548063334433536
12 9 4 17 33012 1.059603075513619
11 18 6 1 44591 0.9223697986050752
29 9 10 26 71347 0.9914125418154877
28 13 7 5 69356 1.0267746894867464
7 3 17 7 29432 0.9162047028629586
4 1 22 2 51230 0.9294473702005343
9 15 17 17 17035 0.9876415792022408
29 18 15 27 49130 0.947657994289691
12 19 0 29 43679 1.01309053391226
1 19 11 24 27976 1.0470715275124953
1 24 1 9 37580 1.014218874363816
4 0 7 29 78955 1.026568356066561
9 4 3 14 48504 0.9483687612141789
29 9 3 21 80634 0.9750916010468811
19 8 7 26 59391 0.9081264544022911
28 0 27 23 70550 1.0742285513954717
22 20 24 28 27694 0.982752843664745
13 10 22 14 43736 0.9349009839116511
20 6 0 9 45859 0.9791235011247444
1 1 19 10 59150 1.0193247423105918
22 3 25 13 44536 0.9769872841466568
19 20 3 19 47682 0.9914774296127499
19 16 13 27 32363 0.9373378391712034
15 29 7 1 64291 0.9578071085364265
11 16 22 1 54905 0.9438914857497241
22 1 22 22 56803 0.9081509292660194
12 11 21 19 48871 1.0088681262389179
23 16 2 14 38602 1.0634358239963522
7 26 10 19 21920 1.0686228473608708
22 28 15 4 64864 1.004005058905784
8 9 19 29 62010 1.0121008879209599
13 19 15 11 25769 0.9921612886425458
27 27 8 28 44408 0.9396638427136489
9 27 22 8 61194 1.0570936377818398
22 24 23 13 28086 0.9949354945565386
6 8 18 28 63904 1.0884624093847746
5 2 21 8 53621 1.031289150827066
24 26 23 9 45152 1.0739209502294025
19 6 26 25 61005 1.0451376676874191
27 25 9 8 59668 1.0561087980485104
28 28 18 10 80786 1.031530027146793
10 15 0 1 45533 1.0563758605440292
20 20 28 28 45451 1.0707181571585507
14 12 7 4 35701 1.0700106946556063
1 23 22 10 71102 1.0503350067007455
22 0 8 5 52140 0.9127743526192341
19 3 18 18 52817 1.063847020167375
19 19 26 27 42839 0.9627124099757854
3 6 9 25 58570 1.0714458333850492
10 4 0 10 29375 0.901771757517341
22 11 17 25 55826 0.9905960948873902
7 17 8 28 29737 1.0189569622412433
7 23 27 7 63008 0.9238221295368739
4 8 7 20 52265 0.9731171531368126
4 19 4 8 41333 0.9273878415564184
5 20 29 20 63682 1.014396878510182
3 22 22 23 37200 1.0335635844577213
6 6 25 4 55118 0.9642228368969417
4 24 13 26 19782 1.0313656141984289
3 29 28 22 55784 0.9632300572354697
7 10 22 15 58205 1.0368203032877674
8 20 15 29 31001 0.977295553123911
9 5 22 21 58405 0.950514041606556
21 0 16 26 72160 1.078010264523625
9 24 19 8 48223 1.0280920106754292
1 8 13 27 62874 0.9495579980584209
29 5 3 18 77489 0.9017431215181229
2 13 10 5 30957 1.0344984154352868
27 4 15 29 69245 0.9257351935978715
25 24 20 8 57337 0.9799448153157367
7 23 16 25 19341 0.9404474737669878
23 4 11 9 34874 0.9831886938627481
28 25 3 24 38898 0.9335509314135177
18 25 5 20 39724 0.9145231717216522
14 17 10 10 18378 0.9092126730050005
27 4 22 23 57559 1.009166899553122
8 27 3 13 50311 1.0663952956213083
12 6 27 14 50609 0.9946177098239256
29 24 11 5 60946 0.9366538001730018
13 7 25 28 57872 0.9343957902033445
15 5 25 23 57544 0.9802444600231174
24 6 5 9 46132 0.9098749982605755
18 22 28 15 39711 1.0340952610853549
2 28 10 23 21600 0.9329163922167056
26 29 21 22 30226 1.0002442221000125
21 2 28 5 37955 0.9541269101337625
12 3 7 15 42356 1.0985679621882276
19 29 24 19 40821 0.9782994357454113
11 15 9 3 30073 0.9397336021327827
12 0 17 7 25587 0.9204910254769417
22 1 5 6 49762 1.0881862904200612
25 13 5 6 65500 0.9413319184731599
19 28 12 8 56564 0.941109523013379
13 20 12 5 42062 1.0172483265298764
13 29 2 0 74654 1.0946540018402697
18 6 17 25 53514 1.0786378576779847
2 20 26 8 63669 0.9119320512107211
13 15 6 27 45588 0.9018915600107961
26 7 2 21 62792 1.0577846223963416
3 15 12 24 35852 0.9345897896725673
12 21 15 11 31547 0.9864104660302616
9 4 3 19 52253 1.0900952205237135
2 7 16 25 54096 0.9847448632248306
21 15 13 23 36635 0.9681466525224403
15 9 27 23 50402 0.9268856256279306
3 25 12 28 29548 1.0608747972081674
18 25 29 11 68713 0.9302397607230761
21 3 11 9 42520 0.9956442433436281
5 29 26 26 51047 1.0613480220373832
10 16 20 6 40848 1.0159370403653762
7 24 29 16 49195 0.9427235364968591
0 29 19 13 66307 0.9425922980939291
27 3 10 11 46700 0.9154989857182033
19 17 11 3 39961 0.9058860582419436
4 20 4 6 46031 1.060695299350577
1 7 23 1 52399 0.9895682397763254
12 2 23 15 52959 0.9962872214598216
26 22 14 11 41937 0.9897446195250835
22 27 21 9 57859 1.0125208313390932
19 3 4 2 50817 1.094251335241062
23 13 12 8 39510 0.9944368463271411
3 5 3 19 41232 1.0060508070069523
20 22 26 8 52316 0.9454426517408977
21 7 22 16 30730 1.094109785370658
22 4 19 16 49333 1.0870033386614584
20 29 20 3 79137 0.9420344604448744
6 8 13 16 38358 0.9039276260510334
17 11 13 26 42971 0.9568485748091371
8 1 17 7 27730 0.9124139726560505
22 8 11 19 45051 0.9933801142906924
2 15 17 10 49767 0.902666660061587
24 19 13 19 31075 0.9605951735130769
22 16 15 6 38851 1.012225484739776
14 17 28 29 46915 1.017766007717247
7 17 25 20 42671 0.9782328988078877
9 5 6 24 45738 0.9558085153220446
21 10 8 9 51655 1.043484272849452
20 27 24 3 76082 1.0966944233293299
26 26 3 0 94131 1.0646222541585768
5 10 18 8 41116 0.9733163421212765
6 26 0 6 54474 0.909315048942612
6 7 13 3 23727 0.9503295543111698
0 28 23 0 87645 1.012058970780665
8 27 5 1 67776 0.9470570042838917
1 19 25 0 85830 1.0466065558473328
29 21 10 23 40419 0.9542781875864175
15 29 15 1 50949 1.036397293674801
25 22 15 22 24171 0.9112070165099542
13 14 21 4 50921 1.0160162518859341
26 27 7 27 49262 0.9101697531857712
24 10 10 25 57360 1.0611507596843213
0 2 5 27 63682 0.906172848049037
4 1 10 11 33483 1.0706194600947427
23 12 9 10 48403 0.9667896447823169
17 10 20 26 60092 1.07527374525469
23 15 8 6 48177 0.9984263107363521
21 9 12 29 66701 0.9082681245833014
14 2 0 5 36543 0.9178206721190042
12 1 24 20 58431 1.068515364522755
26 17 22 4 43399 0.9175435237954753
4 1 29 18 77846 1.045842207102922
0 0 27 5 67379 1.0486395197544192
15 4 21 22 53253 0.9201013664592801
29 20 24 2 71433 1.029345614767121
17 2 24 12 49864 1.0915688775118366
11 17 2 12 24043 1.0997295148735233
2 14 22 1 66776 1.0509076568872004
10 29 18 23 25722 0.9656087194321151
29 3 16 5 41346 1.0025233314365927
27 19 13 22 35127 0.9904966945270721
10 5 26 21 57701 0.9499283147972702
5 26 17 1 64685 1.0321371939485946
14 22 14 4 29611 0.9072876302398999
28 5 29 14 44627 0.9443475868375372
1 25 18 21 42150 0.9068095416043772
22 28 1 4 87462 1.0861747001721784
29 9 16 29 75604 1.0971805090749014
10 12 20 10 45519 0.9417045672148278
11 14 13 24 27274 1.0731301705928513
19 2 0 14 66361 1.0763005825823784
20 13 12 5 58975 0.9295167075903163
12 3 22 26 60694 1.0310954825619651
3 6 15 27 64023 0.9876249039355853
22 1 21 26 70480 1.0099799811631778
22 10 9 1 45965 1.0980881251732204
3 17 9 12 25914 1.0002854524587792
9 10 13 29 49097 0.9148144424822613
18 13 13 2 47944 0.9272293475583461
16 13 13 4 29758 1.0117806273718535
23 1 15 26 64922 0.9163624904057228
24 29 19 16 42603 0.994697096639169
7 24 5 9 51547 0.9511387918109113
11 6 27 15 49535 0.9068054764145125
20 12 11 24 52330 0.9403194382806347
21 12 27 16 33886 1.0227656631889315
26 5 24 18 43899 1.0074448452155869
20 10 13 5 38564 1.004932148034286
7 11 23 25 62272 1.0609955607600385
0 15 16 11 41591 1.0216500504561554
7 23 13 6 46840 0.9245116230278314
24 27 13 9 54491 0.9022339480983446
8 27 2 15 37947 0.9974186731767419
21 29 3 1 90539 0.9770599012197719
22 24 15 7 40682 0.9190660523346008
6 24 13 6 44945 1.0149956635426007
6 6 13 15 36682 0.9015420745487912
0 8 24 27 75193 0.9508757847400633
19 23 1 8 65288 0.9702940943033599
26 24 29 15 35762 1.0969413294655106
26 25 16 10 51896 0.9532565146765648
13 4 16 18 32983 0.9272629322440301
19 2 6 5 51634 1.0417970963284702
29 21 12 18 45339 1.0788733112543702
9 2 27 21 68797 1.0578792511640631
8 20 20 21 42340 1.0774511969504998
22 28 28 19 37459 0.9300758210093533
0 5 28 17 65152 1.0642787770599393
23 15 16 28 40692 1.0971632728200702
1 0 18 20 82033 0.988017653262574
1 10 26 21 71808 1.0052564447127634
25 11 5 26 72785 1.0336648164779907
10 25 22 23 21977 1.020064142718533
19 29 25 11 69653 0.9522684996454605
29 5 8 12 65926 0.9176598813028995
9 0 0 3 34892 0.9721694274848941
12 6 24 27 61813 1.0550644448404172
21 12 0 12 68270 0.915794986546454
23 1 17 25 69396 0.9999827887805408
25 9 3 21 71425 1.0091207221151755
10 16 9 25 21993 0.9982920611802711
8 28 25 4 82168 0.9126350570897065
14 4 11 20 35636 0.970536421349348
0 2 20 8 52885 1.0416887664556675
5 19 26 23 50248 1.067731670452543
21 27 3 1 91629 1.071688193717633
22 23 5 7 58718 1.0545148289938038
17 17 8 25 27071 1.0249487037699518
13 2 1 11 50105 1.011725276922398
10 21 18 13 40554 0.981876542910271
3 24 27 11 62505 1.0129761916933515
18 13 16 0 48646 0.9724025655038812
23 15 9 25 42295 0.9745037559194955
26 12 27 24 37352 1.075275760274322
7 0 6 26 71083 1.0108811294862377
9 17 2 26 29197 0.9070301276531215
15 0 20 25 61065 0.9916127566572952
17 13 16 28 43307 0.9367403256893598
11 1 25 28 73911 0.9776875229418522
27 19 6 26 53105 1.0868495327305345
9 21 20 14 43826 0.9585725094561991
29 21 11 21 47693 0.9174546357663494
1 28 2 9 45115 1.0482355663750758
2 15 10 6 33518 1.0190941549474424
20 3 21 24 64640 0.9559221375647365
22 19 8 22 38364 0.9385724568024527
9 1 28 0 55156 1.0172061785134474
0 24 24 18 50016 0.9527647704437163
24 23 24 2 60898 1.0743338881724462
28 7 3 9 53519 1.0117022549750254
16 24 2 3 60480 0.9066688674275176
27 4 22 20 53624 1.025902604380163
27 12 12 25 52717 0.9754809786808099
19 18 29 8 52181 0.9026079895519036
12 29 21 5 68294 1.0572131792744233
5 7 25 8 41209 0.9399308809262632
10 23 3 18 28542 1.0188397988597677
0 12 28 27 73118 1.028695061326814
5 20 22 7 53214 0.9139440176986672
0 13 3 25 33827 1.0115329468150402
16 7 14 23 29792 0.9509825848828175
25 28 25 17 35024 0.9107798630044486
20 27 16 1 68710 0.9077472032694879
1 9 27 22 71906 0.9187986087028052
1 29 14 12 49909 0.9349119221022647
18 27 14 21 24457 0.9610115325875386
19 29 17 21 32342 0.9188112169652184
17 3 22 27 68206 1.0835842560572158
10 15 11 28 26097 1.006787902349183
7 5 20 13 67462 0.9424578076796375
0 4 1 15 27913 0.9077773923949961
9 14 10 1 30823 1.0550661779260693
18 8 28 27 73821 1.0991825359484364
14 14 25 14 38668 0.9842513267440804
24 0 9 6 53519 0.9729297094424888
23 23 0 3 76172 1.061365973474978
11 12 3 23 43696 1.0049417973627484
19 24 20 1 60881 1.0503004923444759
25 17 8 27 45354 0.920031669158475
27 28 14 23 30991 0.9827344894312153
3 4 13 1 41750 1.0374954076843648
17 23 6 8 53928 0.9151263613929559
6 22 22 4 66380 1.0685677987923647
17 7 12 24 35771 1.093801228195118
27 20 26 2 55561 1.093550970992313
20 23 11 4 58434 1.0149390715797402
23 7 4 25 61320 1.0020624644791523
26 21 23 29 26992 0.9857982494044545
9 6 13 23 43694 1.0895839960000941
6 9 19 1 47150 1.0634839051902314
18 1 10 22 50867 1.0298402459469451
25 14 3 19 60277 1.0066940900299777
29 14 8 11 68632 1.0663219417363825
16 5 10 13 25477 0.97849034453416
11 28 23 16 41064 1.07439928691287
15 1 24 25 60717 1.0694222023365259
15 20 25 17 27021 1.015513453926821
1 9 15 1 41834 1.0050649293310818
4 3 19 4 55936 1.0928312692742463
16 8 10 23 38338 1.082384658317909
20 3 26 9 31313 1.0558405719168011
21 13 13 7 47443 0.9086353119620213
7 24 18 9 52540 0.9840134404448042
9 26 22 24 23132 1.0309502745739816
23 17 29 0 60895 0.9813286252377827
6 4 7 26 66574 0.9256792859988874
14 12 10 2 24026 1.086799971792798
11 12 1 3 41198 0.9601734018209857
10 2 11 18 32466 0.9634067737925488
11 3 27 9 44101 0.9304489596256718
6 14 7 3 53468 1.089222779950201
5 2 21 19 74560 0.9239199011295159
29 9 1 9 66315 1.016529969213831
20 11 23 28 63368 0.9187350636870659
2 29 10 7 53029 1.0976557451274667
3 8 21 23 71230 0.9774884741316656
16 0 22 28 70700 1.0760894810281982
27 3 14 3 39519 0.9648603418641584
29 29 8 21 55211 0.939767149514382
16 12 19 26 42916 0.9183970194033483
13 27 3 0 79900 0.9362994805951522
21 27 23 10 50782 0.9704803474953883
12 27 22 24 24796 0.9805931176461136
26 5 25 21 53726 0.9481270686480656
10 16 15 24 19828 0.9636846985781069
2 21 13 25 25096 1.0610297999277498
1 10 27 7 57705 1.0098925767233577
20 7 8 11 34406 1.0270414943999904
26 29 5 29 56150 1.0475769029543722
2 10 29 17 53646 0.9233254101825936
13 26 18 9 49549 0.9305653658073421
16 0 1 13 58759 1.01192024865847
29 11 14 15 53986 1.0027797101498417
1 2 24 8 60721 1.0463208373311745
11 16 24 2 57894 0.9755250789386963
23 14 16 18 19802 1.0775851333372586
25 1 5 25 79377 1.0154349539515153
29 0 17 24 83616 0.9018399445027687
19 13 13 8 43006 1.0270487837194462
17 23 15 11 35498 0.9771765348008693
12 6 3 11 38551 0.9482183584856969
1 8 16 26 61405 1.076586201815071
9 0 15 21 53332 0.9085281697514808
27 14 9 22 44228 0.9718894651853845
26 25 23 14 31844 0.9772754679090695
22 12 3 13 64838 0.9568979347945861
25 15 1 28 65959 1.012645647456234
26 10 9 13 55271 1.0284963625851322
5 6 23 27 67225 1.0402441609215858
6 11 10 28 55621 0.9195954926597295
0 28 0 9 40265 1.091954593211791
6 9 11 20 45077 0.9573784006165234
24 11 3 23 67125 0.9633070139938089
13 28 7 9 54186 0.9695606876954604
19 5 23 24 58065 0.9940196076077988
29 13 19 28 70930 1.0948889741475503
26 27 5 1 85416 0.9448848121899278
15 5 17 17 28998 0.9095424961101133
7 19 13 24 27632 0.933554065562219
26 7 18 4 32413 1.061228025851055
11 2 13 15 37616 0.9672763771143702
9 17 29 28 53104 1.0670765345337192
25 15 7 15 45988 1.0876780937039034
11 13 28 4 62509 0.9995633979762911
20 17 0 3 57998 1.0876152977077163
24 14 13 11 44621 1.0277769590501233
13 10 1 11 46887 0.9843911265480203
19 28 16 3 60887 1.07265763103587
21 25 8 6 59612 0.9736241738877148
28 9 5 14 69280 0.9763834147111444
24 20 2 11 56793 1.028454691709117
5 19 26 29 63416 0.973754765526999
14 4 5 13 41790 1.0979473273451281
8 12 19 6 41148 1.0783941835269555
23 1 18 20 66598 1.0149376700839936
11 4 19 1 30061 1.0723471545757857
0 5 25 6 54376 1.0926992637633808
5 17 9 9 26518 0.9368190845414988
4 1 13 2 27411 1.0742161936880288
9 24 27 4 65364 0.9049583056144902
29 8 5 15 67821 0.9877143283690122
28 9 21 2 40114 1.098184623727094
0 27 2 10 39655 1.0624808307950078
12 14 29 0 76831 1.0617326294671479
14 20 6 16 21191 1.0628795973441973
8 10 15 2 34756 1.017675725295271
10 18 12 6 28599 1.0407796049138762
26 25 20 15 42800 1.0540303297627955
2 20 16 20 33791 0.9574173924724132
22 11 27 23 45282 0.9523754634438464
15 8 10 25 39143 1.0288622844563378
6 5 27 27 78934 1.0969776504556348
27 22 6 20 52743 0.9632187384502284
9 5 21 24 53326 1.0264080865054521
24 12 14 23 41361 1.0890171945373646
11 7 2 18 33873 1.0364922970387647
12 4 24 4 47209 1.0411913631165108
23 24 15 27 21809 1.0218755434133822
10 24 13 0 50139 0.9946858071829878
20 2 2 28 86271 1.0609256892585008
4 29 11 26 24605 0.9324945758884734
26 7 1 16 60371 1.059256084452783
9 11 0 20 39299 0.9346098789731683
18 19 23 5 49979 1.0774078183835507
18 6 12 28 53968 0.9374176998678916
12 20 17 27 32606 1.072450784552061
23 3 29 27 74788 1.0291257961747806
29 6 12 28 71988 0.9175607237500111
3 8 28 14 75149 1.0776852645429258
18 24 10 3 48024 0.9922358610934188
18 15 13 24 29096 1.0806924959782511
29 18 18 24 38815 0.9134307853535469
27 17 11 14 33028 0.9945450920188393
27 18 16 8 41100 0.9422641339980091
19 3 6 2 46788 0.972161256735914
6 24 28 18 47245 0.9491109196520393
4 11 27 20 67347 0.9454767370056091
17 10 26 16 43742 0.9490716765962873
18 25 8 22 27089 0.9072637048067742
0 28 17 24 31234 0.940332212828386
14 1 5 28 63856 0.9802747488525508
1 8 13 21 52436 1.0606813805663697
13 15 9 26 31565 1.029804570893747
0 24 14 4 51172 0.9822788822463557
6 25 4 7 51030 0.9846894870428624
25 8 6 11 60219 0.9411673755056824
21 21 18 10 61534 0.993846275854684
12 13 27 14 50122 0.9547171307502162
2 16 29 7 60876 0.9623212488526701
9 24 11 7 34085 1.0023270050018573
22 16 22 2 44591 1.0755361113329962
20 9 7 29 73137 0.9625905824741559
27 8 10 12 40118 1.0847092988804394
24 6 22 15 32528 1.0397346834456744
