7498 6843 7196 6586 7178 6453 7539 7646 7413 6832 7815 6824 7204 6656 7418 6406 6896 7680 7685 6781 7063 7518 6693 6992 7320 6615 6479 7742 6522
3877 2597 2904 2526 2495 3748 3816 2709 2893 2914 2857 3470 3453 2832 2512 2968 2776 3477 3655 3117 3486 2666 2440 3246 3015 3289 3517 2859 3420
6586 5276 6422 5390 5678 6031 5862 6392 6132 5860 5963 6106 5336 5747 5968 5840 5709 5990 6428 5991 5224 6105 5916 5512 5908 6077 5226 6029 6508
7841 7497 7464 8543 8606 7641 8076 8685 7429 8711 8479 8060 8720 8552 7657 8138 7586 8343 8251 8320 8496 7743 8683 7759 8847 8693 8911 8585 8514
5095 6222 5112 5736 5883 5621 5452 6166 5206 6204 5647 5805 5654 6061 6177 6371 5940 6163 5742 5406 5307 5971 6064 6388 5327 5276 5861 6122 6383
7166 7532 7243 7793 7097 6491 6511 6542 7386 7059 6820 7252 7481 6850 6383 7669 7336 6861 6950 7061 7094 7651 6625 6320 6370 7688 7223 6866 6495
6143 6362 6381 5516 5661 6427 5788 5861 6557 5297 6429 5203 5427 5466 5875 5659 5652 6223 6044 6128 6093 6521 5583 5842 5889 5171 6274 6016 6389
6285 6136 6844 6877 6879 6625 5893 6456 6433 6117 6653 6618 5762 5591 6206 5954 6485 5795 6917 6401 5549 6871 6096 6632 6717 6469 5783 6259 6473
6053 6541 6348 6280 6531 6623 6089 6282 5464 6178 6824 6102 5762 6094 5726 6621 5953 6872 5555 5479 6590 5575 6622 6762 6024 6740 6605 6495 6434
5044 5496 5263 5102 6402 5100 5337 6046 6205 5445 6186 5682 6137 5611 5463 5297 6044 5076 6147 6483 5152 6402 4991 6194 5965 5706 6158 5641 5426
3204 4009 3516 2873 3071 4073 2584 2658 2904 3586 3312 3268 3249 3522 2879 3942 4043 3562 2813 3025 3261 2751 3292 3520 2888 2655 3540 3274 4016
8687 8447 7406 7560 7639 8457 8424 8559 8377 7563 7891 7697 8614 8535 7846 8746 7654 7936 7390 8216 8474 7516 7985 7805 8195 7589 7383 7965 8101
1836 2749 2357 2283 2319 2840 2715 2241 2609 2378 2761 2650 2359 2662 1955 3143 2210 3094 2237 1913 2683 2199 3219 1996 1983 2566 2256 2036 2168
2433 1477 1188 1379 2295 1865 2449 1088 2126 2501 2216 1810 1686 1617 1356 1720 2238 1900 2349 1397 2143 1555 1996 1914 2152 2159 2202 1315 1149
1375 1259 2124 1053 2512 1959 1340 1082 1815 1066 2030 1146 1722 2174 1515 2480 1093 2122 1627 1941 2478 1688 1887 1699 2361 1903 1281 1577 1672
7651 7472 7561 6948 6615 7768 7259 7815 6885 7363 7459 6330 6748 6520 6339 6844 6357 7238 7140 6341 7243 6344 7815 6886 7602 6861 7356 6866 7273
3128 3197 3578 3770 3834 4057 4241 3283 3489 2906 3977 3972 4065 3828 3903 2987 4142 4029 3292 3368 3416 3844 4005 3307 3406 4266 4311 3044 3197
2253 1938 1782 2369 1604 2337 2212 3022 2018 2669 2272 1676 2479 2467 2458 2438 2516 1726 2252 1999 2353 1858 2615 2521 2392 2769 2754 2424 2195
1795 1591 1553 2832 1739 1663 2099 2949 2054 1887 2061 2894 1787 2468 1828 1831 1737 2410 2848 2552 1692 1532 1850 2294 2412 2889 2644 2335 2625
8061 7633 8734 7717 8084 7601 8104 8762 8215 7509 7303 8592 7411 7422 8644 7344 8437 7479 7372 7793 8316 7993 8128 8554 8218 8003 8574 7810 8083
2948 4089 3985 3478 2941 3198 2957 3457 3828 3461 4372 3378 3714 3755 2996 3388 3326 3358 3220 3986 3299 4286 4366 3034 4195 3669 2902 3479 3908
4941 4807 5933 4806 4823 5937 4785 5753 4991 4787 6228 6025 6037 4943 4879 4734 4824 5400 5530 5951 5823 5140 5486 5007 5713 6043 4872 5429 5826
4368 4375 4095 4518 3874 3755 4365 3894 3749 4686 4502 4560 4096 4182 4058 3759 3706 3697 4442 3398 4577 4049 4121 3337 3949 3692 3811 3603 3794
6167 5797 5941 6776 6711 6964 5503 6265 6831 6630 6129 6219 6922 5832 5607 6511 5840 6016 6095 6970 6783 5569 5989 5696 6281 5797 6965 6690 6636
3723 4465 4510 3297 4141 3539 4328 3896 4051 4675 4396 4141 4743 4733 3523 4291 4352 4542 4707 4151 3545 4451 4558 3529 4746 3548 3606 4261 3898
1762 1642 1322 1627 1973 2069 1169 2202 1618 1830 1534 2508 2497 1495 2267 1623 1763 2168 1865 1176 2400 2074 1913 2198 1813 1723 1454 1993 1676
2475 2357 2217 1273 2058 1708 1898 1484 1133 1774 1594 2259 1669 1733 1951 1806 1977 1653 1526 1654 1173 1449 2245 1293 1807 1888 2384 1927 1938
4754 5034 4566 4765 4601 4433 4946 4286 5310 5460 4564 4281 4610 4870 4408 4908 4979 5042 4395 4597 5730 5332 4556 5378 4718 5561 4791 5502 4714
3570 3834 4104 3925 4569 3625 4362 4428 3959 4618 3988 4932 4936 4243 3958 3873 3642 4500 4372 3835 4324 4366 4179 4841 3688 3908 4962 4066 4905
7170 7383 7923 7816 7201 8205 7770 7112 8232 8407 7538 8224 8260 7343 7233 8033 7221 8446 7749 8376 8346 7334 7153 7202 7431 8289 7806 8602 7390
8103 4920 1954 6374 5305 2121 6803 5589 2673 4415 6887 3876 3951 7486 3461 5003 6293 7873 4281 6841 3608 3763 3574 5996 1381 2618 3062 6378 6705 5783
7766 4189 2695 5436 5593 2646 6206 5708 4023 3104 6377 4228 3846 6895 4056 4146 5946 7654 4337 6981 3697 3322 2453 5693 2564 2583 3239 5610 6798 5777
7777 4901 2444 5519 4658 2437 6438 5471 3801 3320 7092 4583 4824 6416 3558 5250 5353 8160 3313 7186 3373 3739 2665 6229 1625 1698 4354 5976 7407 6782
8256 4678 2192 6243 4593 3198 6787 6333 3527 3674 6891 3495 3835 6438 3601 4456 5186 7681 3298 7213 2497 3034 2540 6183 2764 2664 3545 5967 7811 6699
7956 4804 2798 4929 4750 2982 6599 5661 4011 3635 6142 3919 3795 6540 4252 5157 6307 7480 3760 7477 3188 4235 3061 6002 2096 3155 3543 5455 7464 6856
8470 4982 2103 5809 4707 3104 5884 5479 3326 4423 6297 4672 3677 7302 4180 4916 5586 7623 3182 8061 2417 3024 2672 5935 1983 3162 4314 5902 7692 6001
7744 4715 1919 5506 5669 3354 6853 5496 2900 4121 6772 4251 3596 6012 3643 4320 5977 7549 3115 7019 3602 2913 2436 6389 2251 1850 3405 5650 6694 5895
8486 4526 2189 6233 5779 2313 6372 6144 3401 3237 6011 3868 4223 6552 4542 4645 6209 8278 3724 7748 3715 3915 3588 4991 2129 2669 3131 5219 7939 6355
7821 5147 2326 5821 4680 2108 7194 6242 2873 2975 7083 4629 4751 6036 4330 5440 5322 7293 3228 7896 3847 3996 2990 5763 1810 2511 3545 6342 7407 6143
8143 4098 3140 5347 5414 2964 6084 5244 4067 3400 6165 4871 4666 6253 3735 4428 5149 7234 3547 7532 2337 3453 2767 6139 1890 2503 4223 6585 7549 6249
7412 4543 3207 5394 5731 2852 7061 5704 2606 3639 6306 4480 4078 7138 3488 4559 6129 7121 4005 7922 2391 3799 2492 4992 2509 2667 3604 5822 6978 6439
7658 5195 2950 5256 5214 2835 6501 5632 3634 3925 5850 3969 4541 7192 4549 5442 5868 7971 4289 6654 2568 3491 2836 5398 1908 1908 3583 6444 7587 5909
8327 4116 3212 5985 4798 3396 6000 5244 3404 3894 6609 4283 4141 6031 3451 4590 6097 6973 3608 8128 2775 3336 2661 6376 1361 1964 3921 5836 7565 6367
7320 3993 2179 5375 5334 3024 7195 6182 2621 3004 6147 4332 4082 6207 4620 5006 5972 8372 3113 6793 3233 3610 3362 5642 2213 2064 3105 6608 6644 6809
7480 4828 1949 5241 5292 2699 7149 5067 3540 3735 6327 4156 4367 6153 4647 5020 5985 7885 4161 7639 3291 4290 2764 6254 1832 2415 3160 5580 7469 5797
8136 4649 2027 5365 4725 3023 7022 5923 3051 3548 7001 3816 4868 6381 4605 5313 6164 7800 3031 7621 2738 4023 3600 5483 1425 2943 3933 6114 7300 6740
7583 4511 2052 5717 5078 2548 6870 6233 2613 3327 6878 3850 4478 6413 3957 4633 6528 7643 3070 6854 2676 4212 2930 5111 2715 2739 3684 5170 6996 6256
7502 4557 2995 5922 5592 2452 6608 5624 2841 4424 6859 4039 4597 6132 4468 4221 6562 7883 3680 8052 2681 3424 2586 5106 2562 2546 3024 5420 7822 7017
7229 4884 2250 6162 4413 3395 6887 5806 4044 3824 6507 3591 3581 6171 4451 4340 5525 7149 3672 6967 3316 3790 3073 5368 1585 1900 4030 6424 7397 6597
7223 4984 2586 6050 4843 2032 6531 5577 3818 4426 6613 4509 4585 6564 4617 4456 5920 7199 4209 7606 3190 3307 3263 6362 1972 3118 3567 5323 7734 6902
7706 4944 2834 5155 5286 3457 6944 5795 3568 3580 6915 4687 4688 6672 4330 4380 6078 8103 3634 7815 3256 3370 3409 4911 1684 3046 3432 6479 6826 6423
7195 4548 2157 5520 5293 2635 7082 6090 3398 4345 5741 4436 3860 6057 4037 4450 5555 7016 4371 7245 2413 3003 2985 5314 2537 1808 3372 6118 7827 6929
7685 3907 2738 6151 5787 3351 6510 5510 2810 4323 6781 3737 3921 6627 4050 5502 5235 7445 4323 7394 3201 3617 2632 6150 1515 2677 3808 6259 7047 5657
8498 4066 2364 6311 4723 2331 6232 5390 3094 3111 5797 3829 3817 7339 4183 4920 5761 7156 3547 7333 2468 4219 2692 4947 2716 1761 3713 6434 7017 6150
7049 4969 2901 5813 5542 3167 5885 5637 2859 4008 5674 4631 4979 7479 4228 4421 6469 7250 3020 7726 3240 3178 3199 6246 1570 2311 3744 6249 7292 6091
7310 4132 2524 5298 4619 2575 6477 5439 2879 4047 6245 4726 3677 7215 4637 4456 6272 7756 3454 7738 3038 3664 3363 6255 1605 3038 3964 6336 7453 6808
7345 4940 2019 5191 5505 3282 6262 5120 3262 3290 6667 4853 3741 7106 4288 4109 5629 7492 4006 7839 2458 3320 3149 6039 1710 1969 3904 5879 7312 6916
8189 5199 2998 4990 4957 3506 6605 6311 3976 3467 6348 3795 3612 7360 3455 4734 5454 7136 3319 7014 3336 3051 3063 5702 2428 2365 3512 6681 7339 7020
8028 4655 1910 6093 5790 2220 6196 6275 2648 3377 5790 3642 4827 7172 3332 4108 5077 8253 3677 7263 2891 4349 3616 5552 1262 2977 4123 5327 7867 6078
20 23 12 14 39357 1.0147522914087
5 2 5 12 56761 0.9054471566209595
29 21 5 26 68575 0.9822172088325855
3 17 26 17 89343 0.9551521789282786
17 14 3 12 62435 1.0086107464054332
12 1 10 17 50165 1.0016009132778991
13 29 22 4 70169 1.086659451820627
6 25 15 1 64305 0.9604474189698244
23 4 6 18 82075 1.0648664255980946
21 2 6 20 71962 1.0788020349845382
4 6 25 0 68827 0.9449369827959218
2 3 13 0 38812 0.9190926316827921
9 3 10 23 63671 0.9286267550398531
12 14 13 24 22019 1.0715421386973978
18 29 24 8 60272 0.9997846887657449
0 5 12 17 63437 0.9657421808907785
25 23 22 7 41388 0.991027572992244
27 23 11 0 86625 0.9427113423552032
15 21 12 28 21979 0.9212149880563805
26 29 10 17 60617 0.9688170931413107
1 21 15 13 61863 1.0669299818468052
25 1 5 4 65559 1.0126797896050823
0 27 15 17 64275 0.94341735902767
9 2 24 13 69115 0.9028003714420592
25 10 2 16 107037 0.933565860118569
4 2 28 4 68446 0.9487725566289511
8 17 29 13 94945 1.0078740122031276
6 23 27 22 52318 1.0417001939066446
11 16 6 27 52955 1.0916962060647954
0 23 9 3 89563 0.9109184980396844
26 26 15 3 69083 0.9099913058322354
28 11 12 8 57689 1.030793075431457
10 11 26 23 63637 1.0705274173583157
21 11 19 21 38624 0.9593424765329384
17 17 27 2 59042 0.969576424900401
1 26 13 18 42548 1.0062072214495719
19 22 22 11 43875 1.0758622005929102
25 9 16 14 45588 1.0263585073307997
13 6 25 10 44867 0.9204295123522802
29 10 10 6 73233 0.9900530854704042
23 12 15 29 68589 0.9545231643795459
4 11 25 2 84952 0.9248515108458287
20 17 22 27 41222 0.9174085428637171
12 5 27 9 49598 1.059555668312163
3 8 27 6 82131 0.9132443679150696
12 27 17 14 39087 1.0853537790177856
2 1 21 25 93462 0.9588690191734266
11 12 21 25 51740 0.9779309963520887
29 27 22 20 38445 0.9554932732974367
13 4 4 5 28203 1.096695907623127
6 0 22 10 77488 0.9582479565055095
3 15 25 7 98083 1.065219946632846
12 18 20 29 46632 1.0541505307876105
2 19 7 9 60172 0.9984234321518988
26 27 20 18 37061 1.039396824887119
11 10 2 22 63373 1.020447102876688
4 10 24 28 105239 0.9669489203722926
6 16 5 25 56439 1.0894252847488792
27 24 23 13 36013 1.0029467722877758
15 23 28 28 47849 0.9132670446528522
26 28 15 15 53759 1.0031899925795882
29 11 13 10 62554 0.9173757841056278
16 17 10 4 47943 1.0751588431154038
21 27 6 23 49814 0.9969717620332321
28 12 7 20 77696 0.9118963431127726
1 28 9 11 78854 0.9811201426358965
6 21 15 0 69420 1.021443877080951
7 26 27 27 59362 0.9292679069777037
16 21 23 7 58883 1.0073810861060426
4 0 7 12 71277 1.0367337251827122
12 15 24 29 60878 1.0890451032757953
5 4 11 20 63684 0.9634482688496888
14 28 8 6 63788 1.0363156850937367
19 1 12 11 39067 0.9135943438308158
27 21 6 19 69209 0.9302284184169618
4 3 28 6 75898 1.0316427548942813
21 9 10 13 51197 0.9232818373377674
20 5 17 22 44305 0.9870143881873401
7 18 14 14 32724 1.0464287387115323
28 14 29 28 51414 0.9423489825045269
3 12 8 7 46617 0.9216216877244241
22 24 29 11 42084 1.0404411922827534
12 26 26 13 50301 0.9057882189785703
4 1 0 17 66299 0.9276043340725776
15 1 26 1 35604 1.0210603890052896
8 19 17 21 33688 1.002509846426877
24 26 22 13 43370 0.9455083594631586
15 16 21 12 36942 1.0676098876290807
2 23 14 25 32054 0.9453593210025293
21 4 23 17 53288 1.0492387339325593
7 12 24 27 82337 0.9072121979989666
24 3 7 2 47665 1.0971859959768155
21 29 29 18 52338 1.0543789400921626
10 6 7 13 37714 0.9953169204994996
21 14 12 24 46080 1.010149208631275
19 6 6 10 57852 1.0937677883369519
20 22 0 13 86577 0.9140776146519647
28 24 0 21 67074 0.9286044824597931
21 0 22 21 66028 1.0827991344110395
27 8 3 1 78414 1.0103719172085852
15 8 27 3 46681 1.0766316845321549
19 17 7 10 68182 1.0413458442043755
17 26 25 29 28782 1.0220167607179778
15 21 25 7 58426 0.9661313747763954
3 23 26 24 54391 1.0863718053142521
9 23 24 13 66596 0.9374582224806618
23 18 29 5 41668 1.0043120360292226
16 10 9 21 45450 0.9385736427887363
5 24 12 7 52010 1.088612638905636
10 27 24 20 50073 0.9183870119357238
4 10 1 21 49699 1.0457726728819297
13 26 3 22 36264 0.990176974318421
20 15 24 24 39551 1.077380095620847
27 21 17 22 30221 0.9432680717930717
9 2 24 27 85094 0.9392589124851102
22 10 12 18 56559 1.0753022527668417
26 18 21 11 33607 0.9623708070195055
2 26 10 17 50149 0.9095664174132825
0 2 15 0 45422 0.9801244452068008
27 0 3 5 77331 1.0003799853167108
16 20 1 14 64174 0.9395642725907052
12 11 26 26 57590 1.0471243119950602
1 8 29 22 109761 1.000262178756899
13 11 14 25 27897 0.9064504393517478
8 28 21 20 59319 1.0217079364158481
11 22 0 0 88127 0.9616273460807293
0 0 0 18 67208 0.9849028733494263
21 6 7 21 76247 0.9078681681361037
11 12 2 6 54954 0.9589080937302691
5 9 8 28 89454 0.9803893854478305
16 13 5 24 49664 0.9536155764705876
15 16 10 11 32086 0.951537000582573
6 23 20 5 70926 1.088545515072356
23 17 1 9 101866 0.912218435273982
26 13 12 18 57966 0.9986406522676318
28 13 21 26 45944 1.0913997579130892
0 3 8 29 114909 0.9611440411663725
10 18 6 25 31083 1.069296223068829
26 12 7 9 70056 1.0011343162464177
24 23 13 11 49966 1.021121125648164
19 17 25 5 52775 1.087967687298398
8 23 0 1 94828 0.9134770974176917
28 17 2 21 83660 0.9531553733118121
23 16 10 18 57481 0.9915379799697824
29 8 22 22 45123 0.93649381485394
20 8 18 0 24083 0.9682975424672051
2 5 2 24 64245 1.0679213852959901
12 18 11 6 37278 1.0992494150350876
20 17 5 23 56915 0.9511515779687101
2 27 16 10 76663 0.9678003955915172
19 23 5 20 48713 0.9617302358928619
10 26 10 1 64740 0.9056147689374906
22 18 5 5 77322 1.0511105977008977
22 9 22 27 56818 0.929146285414561
18 23 22 2 54093 0.9587200058728238
4 2 15 8 39633 1.0372836367524678
2 28 15 17 67908 1.0336844899495732
5 22 26 21 57270 0.9554579290346353
17 1 29 1 38793 1.0857906215907906
26 5 7 20 79643 1.0631007000868267
11 18 20 12 45179 0.9680673382593622
22 16 27 4 47292 1.036537385083573
0 1 2 27 89246 1.0677030762748516
23 14 6 19 76523 1.0584923919487943
21 11 6 1 67219 0.9675154280117769
22 22 7 4 78823 1.0886601669700458
4 11 8 28 93040 0.9410736131179103
12 25 1 4 75954 0.9700633496442904
15 0 28 27 87396 0.9216332091036045
21 28 20 19 40042 0.919037976392649
25 0 1 22 99387 0.9122793811048927
29 11 12 21 69379 0.9484442520583661
8 27 21 0 92154 1.0701866986596442
27 6 10 13 71909 0.9943851881458534
25 23 18 26 21078 0.9853434739927297
24 10 25 23 30957 0.9410196435217358
2 18 3 28 49832 1.097199288696237
27 5 6 20 86527 0.9959898327809311
28 10 11 3 64952 0.9727198861012877
20 29 1 27 66810 0.905063697150191
24 9 10 4 56387 0.9780779690027136
9 24 11 3 56848 1.068537186819335
2 21 19 8 77987 0.9499892519921476
25 12 7 26 69238 0.9632707490483229
8 22 21 15 56467 1.0597663262562043
9 6 11 20 49229 1.0304125839053246
24 15 8 15 75723 1.0404791698162121
2 21 19 26 56606 0.9469152127303818
28 13 13 4 63123 1.036439014345632
25 14 20 8 27211 0.9858542061771435
4 0 12 11 54452 1.051852811261098
29 27 1 8 116733 1.0095725129276978
2 17 23 10 103374 1.0911016071276392
2 1 17 21 77794 1.0541955445012374
24 16 9 6 78542 0.9205707729209628
12 17 28 23 52537 1.0407628697901092
23 23 18 8 48714 0.9018787999947311
25 0 8 6 58076 0.9856195243672483
20 11 26 5 34271 1.0855600798046516
4 19 22 3 89225 0.9172594511728094
27 3 7 6 66096 1.0510165367780981
11 8 6 25 55014 0.9089478699337057
11 7 5 13 49826 1.070432090615394
14 28 11 11 40910 1.0615391887156111
8 12 12 23 45710 1.08495134438014
2 8 21 4 68928 1.0188793701274517
27 13 21 9 33687 1.0133481584526862
28 26 12 15 57782 0.9454454454157992
21 0 1 3 62699 1.002835495527967
29 17 4 1 108409 0.9431263324331404
2 28 19 18 71555 0.9238777078462407
22 26 20 3 67701 1.0646860932544615
1 8 13 3 48136 1.0290073612066701
27 0 25 29 59598 0.9002555782200005
19 9 5 1 57581 1.0406592977545857
19 14 0 10 86049 0.9421944429792873
19 19 9 26 42431 1.05608944228501
3 7 3 22 62082 0.9149940840564085
10 20 8 5 50207 1.0825877532877182
17 7 5 20 59842 1.0566220874775218
24 9 5 6 73650 1.05663802986841
26 23 6 11 81256 1.0260187800831688
29 13 14 8 64736 1.0467420176055011
0 7 19 7 70656 0.9228591337066021
29 7 11 14 76955 1.0959856345109464
3 4 20 16 82997 0.9309668559975537
29 21 23 8 41454 1.013356782134516
20 2 20 18 46509 0.9960228854387958
4 0 3 27 106353 1.066475840993185
22 11 16 1 43392 1.0106603211555862
15 28 21 7 72233 0.961291407607866
4 12 12 0 63065 0.9150061457542297
6 26 8 15 57669 0.9898433964108485
13 24 27 23 33019 1.0674719253328646
24 8 7 3 66121 1.0377174337887707
3 7 0 22 60538 1.026432635894506
16 4 17 29 60926 0.9855302636259298
9 19 12 8 42874 1.0619436749977187
10 0 20 8 47569 0.9312496099801812
2 6 23 8 74662 0.9048933616311461
23 23 0 8 98873 0.9669994231975468
26 1 7 5 55243 1.0826985188715887
23 1 25 9 22657 0.9358588224246003
2 18 16 20 50001 0.9797066576659236
1 14 4 4 42856 0.9488049678049777
2 3 4 15 55513 1.0169313511586355
10 29 23 27 56365 1.0373314880977453
15 16 26 5 57979 1.035990879499571
7 0 26 24 93895 0.9870356643515463
14 14 4 5 43266 0.9805739748063154
26 3 21 14 39280 1.0582840344900777
27 21 24 6 37357 1.0136503871933744
2 17 16 26 66969 1.021232515707228
4 11 4 24 59357 1.09370457015311
9 5 1 12 44549 0.9517769161903046
15 19 7 8 49035 0.904365039127962
16 0 3 11 71895 0.9439432680374232
12 14 26 15 61470 1.0174640758970845
1 13 23 13 99831 0.9686480817846541
20 1 16 11 35410 1.0417319396310276
26 20 29 0 51816 1.0736793366096786
5 4 19 27 88778 0.9518555987642145
22 26 15 29 36437 1.031135584975086
5 25 8 13 62830 1.0718279031927591
0 15 14 10 65461 0.9280839805512353
23 28 15 20 45343 1.0783627512620375
21 23 0 6 97433 0.9134615782117931
5 15 15 4 63743 1.0564413171989415
4 16 21 3 94264 0.9464415077830796
24 11 21 29 60969 0.9166234737497115
19 4 2 13 82857 0.9264986197031891
29 18 17 13 55973 1.0314317139159574
21 23 7 21 47009 0.9871893229465116
1 13 26 0 101299 1.0500184533095758
26 19 25 10 20034 0.9661101300023269
4 26 17 8 68440 0.9246050918307714
14 25 4 28 41712 1.055972681901728
9 14 18 24 44538 1.0012566209011378
22 6 16 13 42004 1.0045954561113801
12 24 3 25 24567 1.036869076364712
12 2 8 12 43189 1.0214555478872054
5 2 17 5 35008 1.0515971266533497
11 10 19 16 48760 0.9785634096608432
22 18 8 16 62919 0.987713122213053
0 20 21 18 71399 0.9516213127631132
23 14 7 21 71519 1.0260700044064608
4 1 2 9 37748 1.0352273629638407
15 28 23 0 86443 0.9261730518979142
9 9 18 5 33672 1.0195562880683533
21 13 10 6 57000 0.9964524882465464
25 18 2 2 87177 1.051741529624372
27 10 12 11 61615 1.0249477387612664
5 28 20 4 95193 1.0741165884100614
1 18 12 11 57871 0.9464124702378938
23 15 7 20 66608 1.0093656667591064
8 15 3 5 61926 1.0101603240058956
25 12 14 5 44020 1.033784295981647
17 8 4 22 62369 1.037932344360651
4 14 21 11 73349 1.0890205042626255
27 9 20 19 44488 1.051648180751544
26 15 1 27 75418 0.9703972272492746
0 13 8 24 55872 0.9620406404765555
22 6 15 10 39585 1.0262199779783314
23 21 0 11 101941 1.0926963460914478
22 2 13 3 22217 1.0567847953015777
2 21 23 13 92926 1.077221338765985
1 28 17 29 58289 1.0482723573569874
4 17 22 8 85770 0.9323572770383152
22 29 24 13 51870 0.9746608658902111
27 12 19 14 36855 1.0494891268431594
13 18 7 24 22961 1.0538581558534201
2 14 10 26 59054 0.929818560818665
20 5 25 0 23267 0.9644148534041395
3 25 18 0 79103 0.96194949960197
5 14 21 15 69219 0.953441395900414
25 20 7 15 74113 0.9201716935426043
15 0 7 13 62485 1.0744137871968322
11 23 26 6 64957 1.0364637787176854
22 22 28 16 32401 0.9698654710580963
21 24 10 17 40730 0.9250910119755598
9 5 1 3 27163 1.0484052358574347
22 11 7 7 64332 0.9241459051956787
22 27 19 11 50544 0.9512308519077347
6 18 7 8 58222 1.0806725170460874
21 12 9 23 62292 1.0552650161167927
9 7 15 23 53205 1.096239817360809
6 23 12 1 66081 0.9010842542493529
14 0 10 11 34523 1.0634969083314136
15 26 20 16 42673 1.0996612087068636
28 13 26 27 34792 1.0633755008583523
9 21 15 11 37657 1.074265592242912
9 17 26 20 60936 0.9967122656976256
6 27 25 23 55421 1.07435275809476
20 12 2 26 77445 0.9834162505654441
26 4 1 18 103468 0.9575387464514972
8 26 0 15 60370 1.0761054699170833
8 27 2 23 37729 1.0372501480491272
19 21 16 0 55134 0.9211611214902993
26 15 23 23 26363 1.0835983430586682
9 5 1 12 44549 1.0959217655973506
1 11 4 0 45510 1.0097463344178783
25 4 13 18 57720 0.92587500109716
4 12 12 5 51521 0.9036891041234949
13 4 1 7 44048 1.0637225596664939
29 11 7 10 86204 1.0848765456191134
16 22 4 22 35229 0.9226895640520764
21 3 9 3 42577 0.9116667391745586
12 5 27 8 48437 1.0292227736935655
20 10 19 27 54564 0.9050516111538951
24 12 7 18 75969 1.0575211183891515
17 1 5 22 68140 0.9926058802696792
6 13 21 20 68247 1.0438941202588832
21 19 4 24 51765 1.019264616052909
12 9 20 28 59544 1.0925086496704441
12 10 10 19 31941 0.9146465011245415
19 26 4 20 54490 1.0041230665370973
22 25 24 10 41717 0.9333793392024655
21 1 16 26 70444 1.0156558847838741
18 13 22 28 45875 1.0146026542420608
26 19 16 8 50999 1.0603915636325423
20 18 22 7 46436 1.0101257750445682
3 18 13 27 51547 0.9629843202168938
5 22 14 1 61433 1.029070303832373
23 10 15 24 59233 1.0796076049607057
14 7 15 25 34341 0.9433409385348578
0 24 8 1 88435 0.9044572385155171
23 23 4 7 91015 1.0378292744389623
26 26 4 15 89836 1.0530930561576755
2 26 5 16 57058 1.0561089599715285
7 22 19 20 38967 1.0234342744054696
25 11 0 27 91008 0.9630040102141317
20 18 3 12 76756 0.9800616625493452
24 21 10 20 43742 0.9222744655335512
7 29 21 12 88418 1.015604015261537
18 9 17 22 30113 0.9667167274272594
17 10 15 21 32398 0.9184685518947098
1 12 28 7 106480 1.0507990504182037
28 20 21 28 39486 0.9922745615714281
9 16 19 8 52989 1.0045762382029744
28 5 10 14 69764 1.0397634612358124
14 22 4 5 58210 1.0803001687838054
2 22 15 18 45368 1.0432660329321113
22 20 18 28 29823 1.0703042187612295
0 17 11 3 81265 0.9092350186225489
27 4 26 28 47548 1.0861825171428134
21 14 2 6 83573 0.99018106646776
14 26 5 1 73574 0.9035330594999004
16 28 14 14 36814 0.9733074043907782
22 3 0 22 97412 0.9381332706479523
1 3 5 22 69089 0.9023495338837464
28 23 27 14 27868 0.909489963962905
14 3 13 12 18085 0.9928873130234898
13 11 4 10 44170 0.9312189398965371
2 18 19 14 68381 0.9350649562113437
1 0 29 3 84055 1.0639970260898806
23 24 0 10 94772 0.9029478245682308
25 22 20 4 50140 1.0580559543872303
17 15 27 7 51954 0.9309252859861232
12 27 11 1 59742 0.9530817156764398
27 9 9 20 71698 0.9343176599805527
25 11 8 29 84069 0.9275853717666442
0 5 8 20 71807 0.9065926602988402
18 26 4 2 78375 1.0599910680485216
21 17 16 11 38940 0.9887357390893724
11 0 1 25 83780 0.91394503399139
16 29 20 3 73634 1.0561546499972907
1 11 19 20 82602 1.00461400760701
5 9 8 20 61541 1.0298775126220936
1 28 24 0 110476 1.0028799884413946
15 7 9 22 44567 0.9014544227857183
29 6 6 10 88854 0.9142506761321073
6 10 23 19 86140 1.034369154939304
3 19 11 14 50019 0.9962286948122429
7 26 11 8 59035 1.0802401738335865
27 10 0 7 98695 1.093932036530952
10 23 25 25 35437 0.9792469124765926
5 12 10 2 52758 0.9108090544932392
16 14 0 17 74331 1.0956690545928849
14 22 11 1 47934 1.0049267873966492
25 27 4 29 76222 0.9034602939003388
26 0 16 13 58040 0.9788403738020068
7 24 17 27 27707 0.9508185607713493
29 24 1 27 66042 0.9059130706171175
16 24 28 19 36250 1.0820968255336412
9 5 19 3 35826 0.9497665399508022
11 20 18 28 33942 1.0634836927437006
7 27 9 1 85520 1.0482762493629436
6 3 18 12 57345 0.9392983161864316
16 26 20 15 38949 1.0287312519439316
9 29 26 1 93468 1.0318611548346244
8 4 9 23 68449 1.08012382067676
21 29 19 18 44251 0.9206364264144353
27 14 1 7 97982 1.078376550310445
1 4 7 25 79657 1.055970906343533
26 29 11 23 44630 1.088063587247003
13 5 11 27 50536 1.0595544030669763
17 3 15 28 59698 1.0981701862361493
17 17 0 4 78545 1.0785865205216683
11 6 26 10 57423 1.0301908880857447
6 25 13 6 51513 0.9558015582072643
19 6 6 12 63788 0.9649359385806399
0 2 26 23 98872 0.9795606222157214
18 2 2 14 75864 1.0784843566282127
21 21 16 26 27550 0.9353860731264191
9 25 1 22 28873 0.9947242240898034
12 2 28 12 58944 0.9720450006960403
10 2 19 28 76276 0.9016124117424982
9 16 20 20 47451 1.0205524856906543
8 28 3 13 87122 1.0070604686637659
13 14 0 15 54900 0.9286039079959285
28 23 1 27 69621 0.9782122992036699
7 9 24 27 82595 1.029562878106298
25 28 22 8 46675 0.9423441199293259
11 19 14 5 37156 1.05962251344883
2 24 23 3 90621 1.0708169368565317
15 16 3 25 48661 0.9066580080267055
13 11 23 17 55607 0.905893233421163
7 4 8 28 90715 1.0277125069091795
14 27 6 6 67682 1.039713837764862
20 16 10 12 52372 1.0096631883267637
9 11 18 26 57296 1.0216409167909166
19 14 13 2 40727 0.9784160288917362
7 23 9 12 53154 1.0867725536276143
27 1 5 11 90610 1.0671451577930324
9 0 18 3 35275 1.0757111147918652
29 7 1 17 116795 0.9185519247379567
19 9 7 5 41796 1.0562459939393931
0 10 26 20 106823 1.0937748382896761
21 10 23 19 48719 0.9777403560188674
15 27 25 18 44864 1.0375627691471188
12 25 23 4 70323 0.9260843400049784
22 19 17 1 58141 0.9030218921646412
1 13 14 9 59045 1.0093188442641288
24 16 13 24 46352 1.0559123554604017
26 13 5 23 66552 0.934369898440622
8 4 28 14 80370 0.9865567687440482
1 13 22 27 88042 1.0337218363146397
20 20 28 14 35926 1.0783779966184035
3 16 19 10 86864 0.9876808947710606
4 18 17 22 50277 1.0421692257567616
1 13 21 6 88616 1.0141255660802617
29 24 19 23 26423 1.015505077583457
27 4 19 7 36811 0.9169072853697575
12 2 27 26 75261 1.0826347730833301
11 28 5 6 83132 0.9421125629886444
14 25 19 15 33981 1.0291025719437437
25 27 6 16 75985 0.9056481347713147
9 20 24 27 51745 0.967274148246954
24 20 8 2 77045 1.0064497899357365
26 3 9 25 71663 1.0429810584944095
0 7 13 1 53681 0.9820033367692307
0 28 3 14 57342 1.0356831821517867
0 15 23 4 104625 1.0464430112041394
4 13 14 5 57642 1.0515549905023018
11 26 24 12 62237 1.002167464398944
15 17 6 16 50511 1.003221164055295
14 18 26 2 56610 0.9592682149624235
0 9 19 26 95216 1.05782528583562
17 10 9 18 44908 0.9052767627483124
11 8 18 4 26501 1.0506831533911924
15 28 2 15 73313 0.9275698139082673
8 20 17 13 41712 1.0078862288918113
25 20 14 17 38160 0.9146977949325878
16 5 23 22 56654 1.072799090689084
2 27 13 9 67327 1.0063818183786133
20 11 4 23 70895 0.9727679130305105
4 15 17 2 71887 0.994362306284532
11 22 27 17 53726 0.900504161797159
15 22 17 2 43759 1.042201594136965
28 6 12 25 71667 1.0037847001063995
28 28 7 1 106687 1.0620651650803448
12 23 13 0 46668 1.0843537845561582
29 5 20 23 55648 1.0695544841810434
27 12 21 7 31294 0.9886168548555674
11 0 2 6 52576 1.0796006235441884
5 16 27 15 96031 1.0486205120757661
25 23 11 1 75831 1.0286468154825459
9 24 13 1 49933 0.9742107749404448
2 1 17 12 63844 0.9072336986414392
3 16 19 21 71518 0.9907177960233513
24 14 14 28 52910 1.0575615221819916
4 23 24 0 97231 1.031727100847501
7 16 22 6 78653 0.9009198795596904
22 10 8 13 70753 0.9797731277425843
28 19 2 14 101009 0.9484627174818886
3 26 16 27 46581 0.9518278698147159
7 18 24 13 77663 1.068792329736172
18 26 6 26 36839 0.9459343847902547
21 21 5 12 74416 1.0297224881249762
17 28 29 7 71972 1.0753231136085102
0 1 0 14 47595 0.9640727037624145
2 9 1 28 61653 1.0225314084380968
1 27 24 14 82712 1.0867350696095137
17 29 10 7 61912 1.0692221711096332
29 17 9 18 78488 1.0783026678835836
28 12 24 29 43837 0.9449702828882599
1 22 26 27 62586 0.9381323672413419
8 5 27 17 79322 1.0891764125926047
11 21 8 2 56964 0.9194501676421839
27 11 15 11 50704 1.0905459115163438
25 1 9 7 56520 0.9382336997674138
28 16 0 19 96670 0.9659323177116785
5 22 22 18 60774 0.9895196290456418
2 2 28 8 77337 1.0809070613097136
29 26 1 5 107967 1.0842149147765254
22 9 3 21 88539 1.0500599197832352
29 2 6 14 87554 1.0123333237458092
6 3 20 9 58753 1.0345237781622347
18 24 5 12 66291 1.063816565063949
0 29 11 18 63662 0.9369957878090018
15 4 20 22 53862 1.033163981705422
16 20 8 25 28927 0.9006434525251249
25 1 19 18 54411 1.0257782361603707
12 0 29 9 60315 0.9493101522698201
8 28 0 3 111066 0.9118704843221791
25 11 7 5 61004 1.0348536737265577
3 10 19 23 89382 0.9626592491066456
7 12 29 20 87791 1.024323359772962
8 15 17 29 62390 1.0957056723966794
15 24 1 4 74404 1.0847603688891694
3 20 27 10 92567 0.9293929673977026
11 21 25 23 38785 1.0675722492595852
19 20 1 28 59001 1.005857544848663
11 18 21 23 39817 1.0571648913789977
1 17 26 19 80722 0.9857244311289193
13 18 29 16 65159 1.0245265898967493
19 26 17 8 45897 0.9923276414432521
4 19 17 16 52677 1.0161845254824335
28 8 6 11 85347 0.907733964779489
15 23 6 27 39063 0.9618837421930921
4 23 14 17 39980 0.922903785143642
0 19 13 15 55969 0.9273055126803222
8 22 4 4 77553 1.0597071093396
19 15 10 24 39611 1.059828987607418
6 20 29 2 91573 1.0576958906687888
28 5 15 27 73610 1.0098983911243256
12 20 29 18 55698 1.0766502896257313
23 15 13 6 56310 1.0996594282147916
7 27 16 12 61130 0.9164248143577937
12 23 6 13 52406 1.04893340561201
22 25 12 15 44276 1.0246526154834437
15 19 16 7 36303 0.9393165514381652
5 27 10 10 73885 1.0495628741658274
26 1 3 6 75522 1.0946100390211497
28 22 26 4 36711 1.051468581102655
25 28 14 7 58661 0.9182674544343767
4 5 19 18 68090 0.9757656247293041
22 28 24 3 65240 1.074170442270834
28 12 3 27 93781 0.9519537421986524
16 14 25 24 40974 0.9636622045126028
26 0 9 10 68045 1.0895958247687125
26 18 3 11 100133 0.9654658607160681
11 28 13 16 33281 0.9452053116509944
5 13 21 15 76069 0.9925257835202018
10 16 24 27 62851 1.080489008501006
29 22 14 15 54099 0.9893604964732945
6 2 23 24 77502 0.9190279893148063
27 20 8 10 83897 1.0660484552798584
20 26 22 5 62093 1.067077053652317
16 11 11 16 30920 1.0292109566459837
23 18 1 2 94738 1.083223441714568
26 22 20 10 48468 1.058335684802122
19 5 14 25 49342 0.9529092042724353
3 27 4 8 80858 0.9235949446149783
3 27 18 3 90738 1.0818957963495353
29 0 13 23 85821 0.985897230191598
21 0 1 11 86608 1.0769912298336735
1 7 8 15 54686 1.0570331141461913
18 8 5 14 57405 0.9216661368657934
7 26 25 27 50789 1.0163593188031237
6 8 22 25 74250 0.9076624311970015
16 16 2 8 64959 0.9485667634107112
1 13 8 6 52517 0.9796330537165255
8 29 11 13 65669 1.091867384955055
6 19 6 0 91991 0.920363060528107
19 4 15 15 37743 0.9910970589895234
1 27 29 29 90600 1.039832469983766
1 23 12 11 56100 1.0657625088176128
10 7 24 16 72400 0.9603469067793333
11 14 6 19 37572 1.06821584764182
26 12 7 28 79575 1.0615160294892179
13 8 28 17 69607 0.9995825631615077
16 18 17 29 29202 1.0065809958810192
21 14 12 19 44104 1.0372017565597613
22 25 12 6 59725 0.9127931527025813
27 21 18 6 54918 1.0049816439486616
1 18 0 9 31674 1.0155684189333802
14 4 6 9 35795 1.0788533539901963
3 5 12 0 37254 1.0276738167073267
2 3 10 0 32746 1.058831849700699
5 10 18 4 57226 0.9522998296507095
11 25 4 4 72969 0.9478915980636636
27 17 9 0 87527 1.0110018052169711
16 2 2 12 70312 1.013530816946571
4 24 22 13 70875 1.0794569741926139
5 11 2 25 61921 1.0881729141411824
20 5 24 23 54956 0.9716513790423722
19 6 15 24 52362 0.9880649330041346
16 21 3 24 36501 1.0203063027273356
19 26 22 12 50874 1.077009736785239
19 29 13 14 48781 1.0094762855546204
17 7 0 27 83657 1.0078502893728327
11 22 25 17 47527 1.0777935293294636
26 29 11 9 71153 1.0395723556247696
28 22 21 1 57117 0.9136070468271835
3 8 29 15 99949 0.9980859489670871
22 4 14 15 41964 1.0569016355812852
15 29 14 16 29126 0.9722006201615
14 21 8 11 43718 0.9648009925740328
8 16 23 4 78505 1.0363985055579925
12 18 24 28 52860 0.9910414614226792
15 29 27 24 40019 0.9606664618155691
27 29 9 5 88513 1.0949203610820992
1 11 27 12 101845 1.0301063536032113
12 23 27 23 36376 0.9361588041079894
4 7 28 17 105995 1.044398961286903
8 5 20 23 65168 1.0592723880345942
2 6 27 10 88927 0.9647827575598372
13 19 2 26 42708 0.9285560767153339
6 10 28 11 85863 1.0862237417478704
23 24 22 15 36309 1.0433762323105067
23 6 18 22 58076 0.9688094100071962
26 6 20 29 59250 0.9468258749198997
21 26 11 2 69923 1.0039095295499898
2 9 25 29 100687 0.9289627579664628
21 1 0 2 56808 1.0544804790877724
13 5 14 24 35888 0.9614993699198263
23 17 9 22 59427 1.0684782931945118
19 20 27 28 41186 1.091937133746417
12 4 8 19 53430 0.9263914042328829
18 12 11 3 41600 1.0829543112099336
18 13 10 22 41830 1.0511922318531575
22 5 3 16 93968 0.9495600552634896
22 1 1 1 59176 0.9991587980681952
11 22 27 16 53937 1.0916131418288626
26 21 21 8 36942 0.9769832789381343
21 3 15 11 41171 1.027416190057402
13 22 5 13 53426 0.9205249736832534
29 2 18 27 67583 0.980592428116071
0 13 26 11 110254 1.0757866500159226
4 20 20 10 74136 1.0568105877726854
14 16 19 8 30037 1.038997420886423
2 1 23 26 102249 1.0014379574589174
10 3 23 6 50557 0.9253301409831535
0 10 13 25 76884 0.9399338944035547
0 21 5 7 66077 0.9926220493321558
29 28 26 12 47073 0.9899565339155385
9 12 12 0 43023 1.035070894408641
13 26 29 16 59372 1.0821226268525175
2 11 27 14 108742 0.9580959101891418
21 25 28 9 44488 1.0742320567186936
4 9 2 0 44561 0.9286997286751733
13 29 23 23 34713 0.9178926709346811
20 15 26 5 43275 0.9839605788888734
22 9 10 2 50723 1.0260015150684174
8 17 15 21 37220 1.023473485413521
5 12 25 4 81256 0.9933557910136613
27 5 15 13 55260 1.0192119024551816
4 5 24 18 87785 1.0083835325560604
16 14 26 25 44386 0.961468362142825
11 29 2 2 87547 1.0109454155619135
26 12 10 29 67464 1.0957016547419198
29 3 13 28 85343 0.9753721780619473
20 19 14 1 53535 0.9253888675880954
0 4 20 1 62037 1.0028228359177267
26 8 12 28 63022 1.00557803596439
21 9 9 16 61949 0.9275742184195869
21 29 2 20 78840 1.063414865159085
3 11 11 6 51810 1.0647569508788115
20 12 17 22 31437 0.9470733575417402
1 1 20 9 67201 1.0299830321580887
3 19 17 29 65984 0.9234863603753302
5 26 27 4 92410 1.0393571686262213
1 7 9 11 45018 0.9049815148142146
22 7 8 20 68649 0.9404053906003794
28 24 16 29 40674 1.0804904666086481
1 26 18 4 78732 1.0455368302401045
24 0 29 25 58928 1.0178931746702244
5 12 10 25 63463 1.0666179049087956
3 9 12 22 64072 0.9842089141536456
10 20 29 23 53875 0.962953990538622
23 15 29 8 35796 1.0791895267508342
7 29 29 22 79285 0.9398000251495213
16 14 24 1 52608 0.9457638656185292
15 29 11 12 46999 0.9990984490873376
12 4 27 1 45974 0.9956270440380302
27 11 9 7 68036 0.942999827743349
2 1 6 18 73026 0.9679439532875707
5 13 5 29 92023 1.0496888647160516
13 13 16 26 33327 1.0172170003225842
11 2 8 12 44469 0.924762988447007
24 11 3 27 95272 1.0239922720610293
29 2 6 27 99282 1.0484031054792304
4 10 15 26 76549 1.063478634701113
17 5 5 27 77507 1.0773971772120141
19 15 11 4 49698 1.092445180510709
18 22 16 10 33743 0.9552591614404018
5 25 2 14 47514 0.9172272615867518
2 15 15 7 68888 1.0267565194329857
17 10 5 19 63860 1.0510468149404604
22 24 5 13 75861 1.0996471914562027
7 1 3 8 46309 0.9983293227479015
15 7 25 6 41525 0.9272123183446491
13 25 7 19 33794 0.9206026809471202
29 24 15 0 77785 1.0376147967508187
13 17 5 28 54280 1.0425088624528278
25 18 23 9 24804 0.9350289686905995
11 0 25 13 64468 0.9577955220869532
7 28 18 11 71985 1.0357582407000816
25 25 6 5 79636 1.0078149175319924
3 17 7 2 74838 0.9310223401316591
13 23 9 7 46156 0.9023603468230109
2 11 13 7 54244 1.0632434883956707
5 1 11 28 87155 1.0164627554294139
2 3 29 20 105935 0.9508774907088753
20 4 29 6 37066 1.055902510491801
26 18 1 23 63407 0.9421308872539612
20 7 8 6 46106 0.9750622089210608
12 27 19 10 55204 0.9996019937929568
28 0 5 22 101972 1.0523218546892978
2 25 8 20 39925 1.0093679310459358
7 8 21 23 69871 1.0453972368177185
17 9 14 20 29526 1.0763409396516819
19 3 29 5 38993 0.985353746624309
10 18 20 3 59127 1.0310608083841233
21 8 4 25 77435 1.0839516587082483
1 8 24 2 75455 0.9031185903816847
6 4 2 13 51617 1.0339399114489307
17 18 8 29 55579 0.9263379392216247
3 20 3 7 57882 1.019753188717392
10 25 26 22 37388 0.9875528783849277
15 5 2 20 63754 1.0237723836259163
12 1 13 15 29169 0.9228605269871534
24 25 10 4 72741 1.0588333130831744
22 19 9 8 64022 0.9722497012819111
26 10 18 8 29377 1.0568345798642647
11 1 28 17 80878 1.0098560254608446
20 14 24 23 43877 0.947682785360372
18 21 28 7 58209 1.0962034766397584
9 5 29 19 90126 1.0650457577647536
23 22 17 5 54106 1.0858764241224008
17 10 24 3 38878 0.9140245984290657
20 3 1 5 59074 1.0800984222212888
0 21 11 7 77481 0.9419918317008555
22 5 0 25 87841 0.9395738165885557
29 25 19 8 58433 0.9239788905843466
26 28 9 3 87986 0.9509791547189895
29 14 26 23 26509 0.946798980030711
0 12 1 24 40579 1.0336222588037174
11 10 15 29 53021 0.9197397914074674
26 9 19 29 60442 0.922117656157649
18 21 1 23 44559 1.0572375841739683
11 2 27 19 73731 0.9187594376965058
9 11 25 26 69146 0.9885269139958295
13 7 1 17 67141 1.06506692805084
15 5 29 22 69235 0.912642865943629
13 3 23 0 36666 0.9544267371444104
15 3 14 29 50464 0.9766151255146663
18 15 29 28 60874 0.9983956908608014
2 15 17 20 68484 1.098517976322818
26 29 28 5 48711 0.9043006513801409
6 1 18 2 36507 0.9030016108306307
10 28 5 6 82731 1.0911693145000243
13 10 8 28 57339 0.9547351941195181
1 20 18 20 51026 1.0177971079147035
4 12 8 19 54168 0.9928731719543133
2 15 19 24 69199 1.0367415643102493
17 27 5 13 73436 1.065610990919708
22 2 4 1 51095 0.9148150837396166
1 8 6 21 57764 1.0690638104470556
12 16 1 8 58686 0.948362308495091
24 21 26 12 21984 1.069490433913491
19 16 16 23 27817 0.9337119017139004
7 25 18 11 54072 1.034040026232499
19 3 12 13 42475 0.986645933070925
4 11 25 5 83656 0.9032902612975007
11 5 21 0 39713 0.9832055727421376
23 29 27 16 41104 1.020986014866997
14 3 11 16 35805 1.0075267602085223
2 17 26 4 105439 1.037033850406785
29 7 6 25 87270 1.0064192439373347
18 11 15 1 30818 1.0903916852770827
28 8 15 17 68679 1.0670839306018491
10 21 26 22 44119 0.9432692730536688
7 25 15 4 58483 0.9718032348416221
22 22 21 11 46992 0.9020768877210499
19 0 11 8 39119 1.00176315264254
20 29 16 11 55298 0.9193275574514262
17 11 3 11 58591 1.0163449095091233
3 14 4 26 53193 0.9237779619486776
21 21 6 28 61803 0.9917972393285911
9 5 1 3 27163 1.0437931028768324
12 9 27 19 68377 1.095257318783454
6 3 6 19 85156 0.9327639756706716
23 29 28 21 33863 0.9545502932612049
0 2 17 27 87748 0.9203464052967797
20 28 9 16 62125 1.0471130168132785
8 7 17 17 54638 1.0364654562777618
10 17 7 27 44449 0.9126342697552927
22 27 9 28 53639 1.0184031061333823
16 9 27 10 44230 0.9152367464515978
5 5 20 7 48254 0.9982453853297422
3 9 1 0 33989 1.0947076940648863
0 7 26 23 105986 1.0807136279504863
8 5 12 24 51442 0.9948167669750746
23 20 8 6 75676 1.0072677847399691
19 1 13 8 27941 1.0144775121677063
22 9 3 19 91015 1.0521907620006452
18 7 8 21 57402 0.9013763138343122
8 14 27 7 78114 1.098763978241138
25 16 2 0 95108 1.096873241367606
11 27 24 25 40247 0.9222460976432564
3 25 4 14 48854 0.9787896666591661
13 2 17 11 28412 0.9244105928310558
25 8 27 22 29379 0.9321017885250579
1 14 18 21 71223 0.9920335585815456
19 18 9 20 33612 0.9548836177679225
20 26 16 2 61794 1.0670649085989847
12 20 2 14 54430 0.989980132239141
26 26 12 23 32983 1.0270782277043482
13 9 5 25 49012 0.9216732419514798
10 6 13 23 43496 0.9097523960140051
8 19 14 2 53431 1.056387346145555
5 24 17 15 44304 0.9268538250145688
9 11 1 0 61728 1.0489260677389163
27 14 21 27 43118 0.994622517328599
23 23 5 20 56996 0.9045321945467063
21 2 1 10 74003 0.9713833832307576
20 27 8 15 66383 1.0174550461506833
23 28 27 7 56390 0.9710411254679423
8 19 12 5 51111 1.0770531391141265
15 7 12 23 39691 0.999630450088599
3 8 12 25 67617 0.964980380817785
29 25 23 20 24024 1.0689283147560704
10 20 14 26 21461 0.9499679939539353
13 6 28 27 73370 1.0447277849671224
26 17 4 3 86471 1.0829737551095222
5 2 14 20 54026 1.0883475464872032
0 23 17 23 43969 0.9882066876458883
8 9 22 29 82666 0.997216305202487
22 13 19 22 41120 1.0121049374583306
10 27 0 9 78479 0.9386592749216521
26 0 4 20 95083 1.0356760528517832
10 22 15 28 28345 0.9097294699948384
9 20 19 1 59603 1.0294140473248392
27 6 10 4 56558 1.0021483704010505
7 1 11 25 69200 0.9442233197636595
22 4 25 27 53872 0.9364836678145514
17 28 28 5 66852 0.93505318290321
27 19 7 8 85900 0.9678734471598953
8 0 23 25 91099 1.0257590263901064
15 3 23 23 65193 1.0090466701507161
2 16 10 6 66987 1.0883921488902286
0 1 10 1 33332 1.0423949150023761
16 4 22 20 54077 0.9356345283186521
21 20 0 27 68612 1.038918812527458
22 18 15 29 50508 0.9645997712474463
13 11 0 13 62615 0.9682637878925929
17 21 26 19 30810 0.9561621286865619
26 7 28 24 32511 0.9915813919330987
22 5 5 4 55288 1.0500619668562148
17 26 4 0 87026 1.065493368428713
18 14 19 26 29905 0.9259375352579989
12 19 7 2 52303 0.9918148273870573
8 4 27 8 65727 0.943895983609254
26 29 2 18 83712 0.9443444503107082
7 7 0 14 49924 1.074241044494579
26 10 12 28 60115 0.9585606591804365
15 0 20 22 61861 1.0766697773545881
28 4 13 2 44602 1.0495821605856939
15 27 16 14 38907 0.9828885517656445
17 27 28 20 37615 1.095800943471389
11 13 5 26 58810 0.9683763488874109
18 29 19 15 35991 0.9292170426600187
1 28 13 18 48924 0.9944997273502355
8 3 22 8 59136 1.0139796110090329
0 16 21 15 92161 1.0452335806771385
29 25 16 20 37027 0.9094313877939707
12 4 21 23 60385 0.9059243448543329
2 1 14 20 66736 1.0136564924692977
23 21 15 29 45888 1.0773065488366311
9 25 16 16 39318 1.0601948393509861
20 24 15 12 38884 0.9319915575160551
12 1 27 7 50848 0.9422609877615805
15 12 2 11 56865 0.949453208985044
7 11 14 1 46516 1.0295510425477352
16 22 25 18 32865 0.9419869167848071
28 4 8 13 87481 0.9746942399639433
15 23 1 12 71684 0.9664445623982821
1 26 27 14 78140 0.9092150029065165
9 11 5 19 53082 1.072893178326883
27 9 4 1 76108 0.9462513137491314
11 5 14 24 42119 0.9310510491349115
22 1 2 25 91617 0.982725165921502
18 14 27 22 42445 1.028286016244503
13 3 23 0 36666 0.9949749594376578
6 12 27 26 85397 0.9926855335509381
27 5 21 1 25746 1.0761948848456935
15 5 28 19 65302 0.9024370808151942
4 14 28 3 98180 1.08303575068041
3 14 20 25 76480 0.9261249710883622
10 27 10 1 68280 0.9231785956014008
0 1 14 25 81785 1.0587008658574475
10 4 7 20 58105 0.9031061571023411
26 23 16 27 32124 0.9086508921861742
4 16 9 5 69350 1.0710251500066736
27 20 5 3 93095 0.9110768663796752
5 26 5 11 75102 0.9843828688687262
3 20 20 11 72261 0.9900079453148027
0 21 19 10 84043 1.0530770755837975
0 10 21 23 95727 0.9634728334288853
5 21 23 5 82233 0.9323665036727997
20 11 11 19 51825 1.0676955825374859
20 25 1 27 52852 1.0832585595425346
9 12 25 16 74066 0.9761364938631283
12 18 8 27 37833 0.9640658278755252
23 22 10 6 68210 0.9706345571244065
29 6 7 21 100533 1.030274314480877
5 28 22 7 102489 0.913430104547526
17 20 21 12 32846 0.9969957203032153
6 7 2 18 59038 0.9730750867498283
26 27 22 3 57653 0.9586632880890044
17 1 9 3 27917 0.9768023284952114
6 14 18 20 53019 1.0829924803614306
28 21 1 21 70531 1.0241222821282292
26 11 18 27 45517 1.090159963282808
0 26 19 19 61890 0.9036724552682159
19 19 8 16 55786 1.0929950279534921
15 16 7 4 50685 0.9105066685375779
6 19 19 14 59489 0.9205784098823262
6 18 25 25 60933 0.925944812958994
1 0 15 5 48216 1.0210357220534425
17 12 2 16 76235 1.0859994424506485
10 19 19 8 50812 0.9840196437811243
5 21 14 18 35097 0.9248822251937808
8 12 7 23 57905 1.0332109358666486
8 28 13 15 48654 1.0954892703773669
15 23 12 5 43839 1.0009692102292354
15 29 24 13 65112 0.9096456829112903
22 8 9 4 51846 0.9331106789249459
11 0 7 9 45754 0.990422920276288
8 0 11 28 86006 0.9850135980500039
19 13 20 25 36643 0.9608657860782459
17 23 25 18 30288 1.0604862805825996
8 27 5 6 90290 0.9131653277999424
22 26 20 3 67701 0.9071086745757277
25 18 8 4 79543 0.9024830209090676
23 7 0 1 80255 1.091161934924668
14 19 26 24 33411 0.9851852820543169
8 13 28 5 82912 0.9837359071420498
10 29 29 23 59937 1.0834456101462082
0 7 9 1 45240 0.9015347917705279
12 0 8 21 59053 1.0024870659042022
24 26 2 7 103293 0.9221870844538615
20 25 25 20 22001 0.9506453854711444
29 28 23 13 61247 0.9681173410051973
23 23 18 0 64935 0.9614426765696574
24 0 24 28 65690 1.0850286248782444
29 23 19 25 30741 1.0712217893606082
13 21 27 28 46714 0.9172830695155395
