6653 5993 7498 6352 5316 7306 7271 6883 5625 5656 5653 6828 5927 5799 7098 6702 6410 8120 6978 7202 6714 6388 7014 7665 6566 6725 8862 7705 7605
6154 7497 5779 7035 5631 7565 5642 7168 6070 6312 6429 5946 6354 6580 6357 5945 7958 6098 7914 6181 7879 6563 5896 5623 7846 6404 6326 6010 6188
4899 3926 6288 4767 4586 5079 5776 4293 5050 5509 4133 5604 4183 4617 2904 3101 4428 4953 2987 3185 4118 2675 4998 2944 3109 4108 2828 3875 3974
6544 4873 5200 5925 6093 4507 6508 6389 5291 4764 6047 4389 4010 4964 5333 5959 5476 6441 6279 6628 7083 6522 6884 4890 6905 5643 6039 6568 5224
4995 3759 4393 4750 3484 3165 4875 4076 3470 2358 1634 2591 1915 2024 2586 3130 2965 3373 1637 1759 2417 1981 2030 3312 1611 3287 1586 3348 2953
7221 7871 7513 7855 7891 6992 7243 8727 6302 7716 7117 6469 7846 6626 7516 6259 8454 8236 8611 7504 7802 6594 6811 2583 1555 1973 1484 3670 2522
3858 3205 2984 3877 2912 2989 3843 3754 2556 3010 3053 3784 2156 2022 3871 2880 5579 3577 5037 4338 3908 3835 5392 3735 4497 3857 4865 4162 5550
6346 7429 5899 7869 7368 6001 7687 6914 7943 7915 7160 6209 5862 7912 7795 5785 3583 4646 3088 2469 3974 4385 3458 4863 2544 3430 2680 4860 4435
1493 1925 2478 3486 2044 2054 2664 1220 3198 2153 1458 2802 1437 1698 2985 3114 1707 2279 2609 3656 2010 2277 3148 3698 2120 2311 2453 6774 7879
2574 2855 4367 3336 3261 2861 2631 2446 4138 4757 4697 4851 3410 4791 2384 3169 2697 4699 2740 2840 4806 4103 3930 3753 4196 3801 2729 4841 3543
5101 6677 6858 6943 5569 6213 5176 6074 7244 5813 6293 4972 5006 5260 5191 7153 5813 7235 6548 6261 7160 6318 6154 6087 5230 4020 2363 3584 3900
3713 3661 4767 4232 4088 5431 4673 3416 5216 4415 3189 6865 5281 5558 5229 6122 6836 4824 7250 5664 5207 6194 5981 4924 7216 7120 6808 6988 6937
6310 5020 4492 5053 4453 4629 4097 5090 4400 4087 5377 5452 4879 5176 5268 4238 5786 5407 5719 5381 5663 5247 5624 3875 4711 4302 5568 5155 3766
7864 6555 7794 6702 6260 7375 6936 7855 6181 7250 7125 8638 7444 7481 8555 8679 7403 8373 7366 7843 7874 6808 8055 7398 6431 7551 6690 8659 7536
6600 8295 6685 7238 7365 6732 5970 7192 6051 3421 4603 2540 3498 4382 4000 4480 3829 3882 2711 4581 4556 4222 4825 3565 2348 3387 2414 3836 3185
8015 5643 5821 5449 4647 5790 6179 4682 4890 4292 5776 4332 4447 4904 5313 5961 4546 6436 5679 6179 5250 4744 5095 6098 5174 4420 5994 4718 4553
5654 6774 5958 5246 5480 5397 6183 6212 5660 6461 5149 4868 6205 5665 6412 5152 4922 6861 5727 6692 5085 5043 4568 6911 4648 5989 5426 4948 4857
5057 5559 4912 4802 4850 5200 3684 3970 4722 5145 4844 5060 5461 5466 4532 5238 4185 5928 5204 5127 3850 5292 6359 4322 5058 4690 5140 5625 4972
2838 3424 2686 3921 4011 3505 2663 1992 4181 3577 3145 2521 2088 2867 3258 4789 4980 3708 5593 5632 3882 4025 3522 4904 3310 4692 4548 4311 5107
2292 2435 2748 1403 3582 1444 3484 2614 1492 2270 1716 1347 1340 3649 3688 1763 2851 2676 2175 1935 3646 2381 2227 2202 3418 1378 2847 1472 2941
8040 7792 3482 2936 4460 3525 3130 4008 4105 5066 3741 4943 5169 4689 3109 4780 3347 4122 3915 5008 3911 3434 4252 3890 3482 3666 2823 3277 4212
5777 6560 5034 5707 4859 5481 7124 7184 4958 5414 7239 5759 5088 5752 5667 5983 5963 5016 5630 6971 5298 5933 6477 6527 4875 6197 5446 5747 6695
3539 4020 2529 3057 1930 2878 3980 1842 2639 3091 2571 4199 2088 2020 2082 2315 4035 1661 3575 2318 2480 3377 3460 3347 3600 4083 3961 2214 2900
6923 8044 8504 8749 8372 7738 6864 1557 1481 1308 2259 1788 1867 3401 1868 1782 2097 1814 2932 2687 1997 2324 1549 3099 1742 2622 2445 2473 2145
8974 6638 6490 8451 8640 5555 3190 5336 3615 4610 5271 4650 5113 3548 4267 4353 3328 5502 3745 5459 4000 4111 4705 5292 4834 4097 4504 3439 5466
3147 4611 2547 4430 4610 3360 4657 3375 3679 4855 3985 4786 2802 3824 3864 4867 4407 4884 3793 4651 4017 3613 5565 4562 6104 4713 5069 5262 5729
2674 5107 3859 2899 3411 5213 4291 2962 5187 3523 5052 5230 4951 3077 4606 3784 2993 2886 2281 2677 2495 2932 4149 4552 3260 2359 2507 4613 2108
5754 6287 5709 5398 6408 4040 4602 5764 5442 6091 6174 4236 5417 2228 3758 2209 2621 3112 4011 3186 3120 2337 2906 1742 1880 2728 3791 3508 4006
3703 3714 3558 2467 3882 3560 2237 2754 2975 2896 4109 4341 2219 3313 2261 2386 3961 2856 3490 2682 3664 4133 2663 6410 5840 6125 7002 7947 6935
4208 2741 3505 1565 1639 2687 2900 2565 1742 3446 3078 3046 3243 3814 3404 2569 1986 1771 1505 1784 1538 2311 1649 2018 1985 2308 1987 2506 3632
4856 6412 6079 4728 8512 4003 3309 3531 3000 3669 2635 8707 4439 6818 3741 3658 5783 6028 3618 5728 4681 4446 4973 7367 6412 6522 6350 5037 4881 6661
4475 6222 4933 5044 7545 3396 3680 3591 3651 3564 2338 7487 4195 7472 3962 2801 6421 7243 4599 6540 3936 4228 6979 7597 5702 6015 6480 5732 6120 5480
4112 6138 3300 6721 8715 3309 3687 4377 4892 1585 3452 7360 5106 5654 3719 1796 6523 7463 4955 5127 3389 3623 5952 7943 5471 5199 6665 4979 5615 6298
6549 6547 3692 6620 6776 4339 4730 5701 3212 2421 3561 7552 4001 7705 3702 1938 6740 7635 4259 5277 3138 2444 5531 7651 5753 5840 4863 4627 5683 6909
5818 5955 3760 4716 7760 2274 3791 4537 4494 3056 3354 6746 3022 6695 5478 2176 7911 6468 5510 4585 5012 2334 5909 5714 4373 7332 5008 4644 5025 6030
5214 4610 4222 6916 7697 3182 5019 4869 4241 1199 2444 6453 3009 7553 7308 2040 6044 5811 4227 6496 3229 3144 6462 7112 5285 5764 6238 3815 6102 6551
6518 4416 2931 5120 7501 1863 4089 4458 3424 3178 4752 8053 4428 6509 4960 2711 6792 7934 3078 5327 4327 3283 4600 5939 5575 7558 5021 5305 6568 5707
5171 5329 3107 5917 7368 1925 3373 5343 4590 1120 4069 8221 5039 7429 6047 2651 6965 6525 5196 5952 3093 2728 6371 6270 4867 6860 5988 4451 5848 6865
5577 5624 3613 4773 8596 4236 4225 4402 4934 2803 3046 7765 4604 6952 4743 6206 6169 7842 3905 4492 3899 2650 4746 7948 5030 6082 5533 5969 5753 5580
5261 5212 4095 5851 8008 3005 2756 4453 4111 3257 4391 8593 4564 3955 5600 6310 7907 6681 3411 6235 4454 3423 5753 6753 3845 7078 7078 3822 4941 4841
6550 6459 3879 5640 7683 2401 4973 5009 4561 1130 3582 6966 4963 3481 4813 8171 6555 7821 3849 5518 5256 2291 6202 6134 4327 6864 6067 4585 5190 5708
5983 5693 3923 5262 8743 5506 2817 3913 2852 3227 2286 8460 4056 3014 5048 8167 6829 7625 3725 5643 3290 3921 6169 6761 3185 4669 7075 4333 4231 6727
4803 5109 2904 5704 6482 6094 3905 3360 5126 2203 4707 7315 2935 3134 6697 5925 5869 7457 5108 5644 3255 3361 5692 5739 3918 5213 6437 5006 6107 5606
4104 6435 4518 7004 7643 5842 3775 2802 4183 2057 4687 6610 4643 4180 5377 7736 6671 8079 3774 8098 3976 3298 6018 7823 5474 4942 6619 4215 6168 6991
4293 5073 5360 6323 6315 5337 2947 3286 3529 3056 4491 7649 5252 2527 5264 6388 7676 6482 5441 7775 3782 3748 6574 6884 5297 4734 5980 4783 5655 5601
5192 5202 3244 5090 7522 5987 3123 3151 2817 2960 4407 7088 2929 4458 7075 8308 7713 6108 5588 7890 3359 3256 6277 8014 4844 6701 6911 6190 5349 6816
4545 5233 4865 7104 7711 5496 4839 4648 4279 2269 4023 8629 5241 2796 6530 7244 6320 7051 3817 6346 7434 2394 5439 7667 5208 6869 5829 5280 4331 6274
6106 5390 4569 7005 6983 5020 3338 4473 4709 5130 4238 2675 5271 3623 6068 8300 6526 6416 4127 6417 6713 2906 3272 5701 3614 6341 6310 4633 4476 4915
5226 5697 2852 6344 5621 3883 5165 4098 4340 5122 2793 4655 5160 3764 5983 6325 5770 6427 4334 8270 5985 3319 3125 7295 3985 6796 3551 4333 6113 6943
5301 1726 4083 6226 6252 4556 5571 2755 4644 4285 3568 4789 3311 3341 5342 7875 5851 7844 3742 6509 6833 3866 3850 6671 4750 5361 5177 5302 6303 6153
5443 1406 4009 7191 5803 4154 4446 3259 4652 5493 3207 4191 3544 2037 5404 7382 7151 8146 4256 6272 6266 8009 2443 8198 4569 5334 4594 6134 6525 4925
5191 2435 4712 5516 7323 4334 4315 3339 4012 4331 3102 5096 3696 3925 4828 8278 5503 7872 3074 7006 6221 6658 3194 6131 3275 5948 3481 3903 5555 6655
6913 3531 3482 6994 6969 5861 3451 3591 3143 3929 2395 3059 5163 3405 5879 7662 6121 6172 5103 7652 8249 6747 2318 8098 3175 5742 5087 5145 6443 4811
6454 1506 3807 7101 6643 4751 3748 2784 5041 3983 2720 4302 2741 4250 5597 6733 6281 7433 5425 7466 6093 6176 4133 6288 4978 6465 5339 6254 6421 4767
7031 1755 3951 4882 6697 4077 4865 4702 2970 3437 4085 4491 3849 3296 7110 7866 6800 8005 3614 6825 6268 8389 2492 5684 5483 5027 5202 2953 6256 6734
7252 1120 5247 5518 5014 5728 3927 2772 4875 4030 2722 4624 4036 4526 7195 8075 5517 8193 4009 6648 8139 8527 1995 7242 5133 5774 5016 3143 4467 4812
6483 3515 3420 2253 5732 5547 4373 4655 2883 4990 4321 4093 4841 3419 6954 6674 5848 6413 3582 7181 7422 7725 2651 8137 4002 4642 4925 2517 4972 6083
7263 3398 4171 2524 5441 5382 5661 4918 3479 5097 3412 4923 6865 4334 6896 6146 5090 5142 4681 8182 6315 8662 2805 7015 3606 6463 5545 2443 6590 5806
7697 2692 4765 1791 6587 5449 3160 3320 4951 3923 3882 5054 6922 2922 6770 6614 4644 3183 3968 7297 8317 8026 3708 5226 5678 6386 3524 3200 7091 5241
18 21 9 17 43683 1.004185498985952
19 1 19 29 67124 1.0366860664849273
10 3 27 9 83155 0.9694771896245057
22 6 16 23 64725 0.9233461324562744
1 12 9 25 61911 1.082408847960211
22 0 24 23 64360 1.0712341730784014
13 8 17 20 63457 0.9024301707406653
27 5 12 19 96325 1.0301891301097292
20 28 21 18 37982 1.0236419075384253
10 29 28 13 113681 1.0451121504324181
1 8 10 18 48209 0.9395896075868302
26 15 3 6 97032 0.9292583984870469
9 17 28 29 98826 1.0711712099729551
12 23 21 7 72329 1.0929444096835048
1 5 1 15 46273 0.986271347828726
7 0 29 16 109735 0.9023752229812928
7 26 2 4 78064 1.0823901469016308
14 13 20 7 30702 0.9178275769401286
2 8 12 10 31500 0.9463244672328465
0 17 15 6 77446 0.9340799851139721
9 18 26 25 77070 1.05002140041419
5 17 7 5 43226 0.9077937562840499
9 16 2 13 30116 0.9250749462693508
26 25 9 29 93126 0.9910347318776737
3 3 14 7 51182 0.9604128157386917
3 17 16 16 73877 1.0191107389991776
16 2 12 14 65384 0.9979502241727026
17 10 13 18 47909 0.9105009814169271
28 9 20 11 32601 0.9273130074354013
16 3 18 15 50592 1.0544428532378771
14 6 17 29 84514 0.9731799024179744
23 22 11 29 72200 0.9439800919673945
16 15 23 4 58149 1.0504341987340466
2 26 23 6 114795 0.9889326819441401
17 21 14 7 58663 0.9524850486151681
14 20 2 20 43933 0.9646397815386303
7 10 22 6 56875 1.0491989999476916
12 6 26 7 51890 1.0313986304895786
22 24 15 7 66742 1.0893733605858633
29 15 28 25 25502 1.0123410122776564
26 11 3 19 99356 0.9749655999825128
28 16 7 0 105091 0.9121940754367696
29 4 29 27 54975 0.9703747657843734
27 23 23 5 59941 0.9604025996174035
25 18 18 12 38561 0.9432806647023678
12 11 6 19 49473 0.9461391808399963
22 13 1 9 64291 0.9710906270224404
14 9 7 16 35646 0.9494322406404638
11 4 0 0 59754 1.0826997863923797
29 29 22 24 36632 1.0165494383440759
17 13 20 0 40855 1.0176892132414532
15 12 12 23 56925 1.0011630547190495
21 14 5 28 95914 1.0348539881061907
29 16 9 21 74782 0.9222950040237293
16 24 7 25 43331 0.9501521421586833
20 28 16 7 68229 1.045642592447115
17 0 22 24 78633 0.9521704461189335
1 25 28 29 123688 1.0950897826899813
16 4 14 23 82639 1.040604318400288
8 14 6 4 25384 1.0443356194312345
6 3 15 25 86259 0.9134196776413613
18 23 14 16 39410 1.0682603425619508
2 5 13 13 54039 0.9281739536674
29 6 8 24 112322 1.0163905249102447
5 16 25 4 95267 1.0896712373277724
0 16 21 26 97792 0.9475817940584682
2 11 24 26 108883 0.9980374651104672
25 18 1 4 106629 1.06842270545557
16 13 12 7 34797 0.913009347854241
0 18 4 4 56611 0.9044140852045052
22 15 3 17 82923 1.0457807575774423
22 25 14 1 93259 0.9563936369444912
2 4 29 21 123184 0.9058839116061751
18 13 12 27 71752 1.0933513104430794
9 22 28 25 74468 1.070017689816396
8 16 1 10 32793 1.0507873585955239
7 8 7 25 52230 1.0128875819708574
22 24 21 8 44583 1.0118503290390468
29 22 6 13 93167 0.9398529387282987
23 23 12 25 53234 1.0351581809952424
14 26 10 8 76251 1.0950148048631447
11 29 29 2 135336 1.0067845344036381
6 21 19 28 56503 1.0988678491993031
10 15 18 0 73982 1.081500403981705
17 15 10 5 60796 0.9546095022325144
22 13 0 29 120400 0.9638468814285983
11 15 28 26 97965 1.0290957320074305
21 26 18 8 56265 1.0335537514904714
28 7 4 6 90697 0.9318491148022059
11 28 15 8 84943 0.9896481843887436
2 13 16 9 49119 0.9719322664252444
28 16 9 18 86802 0.9457688574174556
8 5 23 3 70386 0.9331242261946824
15 14 22 10 33825 1.0730974631869572
9 5 21 8 53275 0.9423548459964411
13 29 1 1 123742 0.9366511555551665
15 8 12 23 71959 0.9362000415744274
11 23 5 3 75076 1.0277584945837632
5 6 11 11 34264 0.9785921291692218
10 25 27 5 115440 1.025839198100501
4 19 14 21 34609 0.9739600531471638
18 14 4 11 54835 0.9942724516270968
19 6 23 26 56439 1.0273314731869931
24 8 23 29 50721 0.9175447344219809
7 16 23 6 75073 0.9271729776175378
8 0 11 15 50495 0.9025545148425406
25 2 5 16 95580 1.029774152404145
5 8 24 15 74670 0.9839398946579258
20 29 19 8 55567 1.0441536063969097
27 16 19 3 56619 1.049157027851
11 28 6 3 82033 0.9361580969626155
26 7 19 23 55452 0.9792940237839403
24 21 2 13 93205 1.0796586404122148
15 2 7 9 46556 1.0186834240032694
0 8 0 28 82385 0.938498120576718
2 20 17 5 81590 0.9886777560141979
16 24 19 15 34663 1.0440231925861252
16 3 4 2 51514 0.9713584685550414
18 10 24 23 48643 1.0171627400452674
4 11 14 9 27222 1.0681759721444208
18 29 0 4 125800 0.956798027674124
25 26 7 14 92713 0.9129551738326279
25 17 19 25 43515 1.0061068688682657
3 8 17 0 78654 1.0767066637025766
24 22 13 16 60172 1.0247987649409653
28 22 25 9 49620 0.92172206336638
19 24 19 6 43456 1.098148714520873
3 29 16 26 74660 1.0063261248973439
10 19 19 0 87221 0.9070074772353279
28 15 13 29 97052 0.9447811741859975
18 3 8 2 43656 0.95482375880691
17 19 11 24 42965 1.053716684191664
27 22 18 14 50086 0.9059303000986516
5 8 13 23 67898 1.0962656869454446
7 10 11 24 52149 0.9070403070278229
15 11 23 6 44397 1.020000866601543
18 4 25 16 55943 1.0284374552366589
1 13 29 3 116175 1.0669238850317648
7 17 12 9 34296 1.0799789028925615
7 23 18 17 60634 0.9450905270239692
22 20 15 2 66279 0.9295749932538911
23 19 17 2 57017 1.0180089754849784
18 26 21 9 53991 1.030209573405931
24 8 21 17 35032 0.918972002951187
14 22 27 25 51830 0.9844559315403331
25 12 18 25 52888 1.087492113015074
25 8 1 4 92589 1.097572329016643
26 20 18 10 48872 1.0201909541474774
11 2 24 10 64743 0.9231440960431735
25 7 27 29 70480 0.9954750110953803
15 17 0 11 79203 0.9700450891444331
14 15 18 21 36343 1.0095360918903202
23 15 6 4 72678 0.9663712177679056
0 6 26 2 100666 0.9329751196063417
18 0 14 28 95157 1.04053747231404
25 27 14 2 98158 0.9554459494639695
29 22 13 9 77639 1.014480926309647
4 3 22 19 90470 1.0743742287808935
8 27 18 1 98390 1.0058380963342752
9 27 18 19 60624 0.9121808535062286
19 7 11 27 83100 0.9319072540197801
15 20 5 3 79760 0.9365562018184417
3 25 23 14 92322 0.9985809945066384
9 1 21 0 54408 1.0069115223292506
22 20 13 17 52233 1.0902843774723703
20 9 14 22 53186 1.0230177407222139
25 14 3 7 84567 0.9431965555441377
7 28 16 20 55959 1.0342884575305569
3 19 28 25 93957 1.088117218145998
15 22 16 8 60495 0.9592012349123495
18 29 29 4 95949 1.0746048644497066
19 29 27 15 58819 0.9982856336874538
7 8 27 0 82840 0.9219373716675884
27 4 12 0 66657 1.0340127631657012
13 24 10 4 79282 1.0182775223984755
23 14 26 4 36834 0.9451508171819685
2 10 11 0 54029 0.9133046124761705
14 7 2 26 86588 1.0679504189453213
3 5 4 23 52325 0.9611997766102971
24 28 3 5 115545 0.9473032909375516
13 11 2 4 56337 0.9060527253601843
29 4 18 6 47355 1.0371741779789572
16 15 1 16 70519 1.0127078773733063
10 11 2 2 53554 0.9483184670951764
29 27 23 17 39485 1.0595386636989577
1 5 1 25 80827 1.028130080980235
2 11 27 28 122358 0.9540540059404392
0 2 18 15 94231 1.0520662908390799
2 16 24 19 95015 1.0756206520470617
4 0 15 15 80916 1.0903508454763444
16 23 20 4 65262 1.070316996370692
24 10 16 4 44654 1.083282257734982
3 22 2 4 63721 1.085443375771784
24 5 12 12 60794 1.0109643928778103
9 26 15 12 70835 1.0970177479867338
5 7 11 23 63924 1.087899870126487
13 28 24 13 82487 0.9646473402986937
25 19 14 19 55025 0.9939017408825956
24 26 11 1 106851 0.925851222052267
0 11 20 18 85784 0.936199660185647
24 26 26 1 75247 0.9538283763612149
23 12 14 15 40125 1.0113719942737671
10 25 25 18 80295 0.9255575684417278
28 4 24 19 59902 0.9617041257440637
3 17 1 4 58742 0.9734318853154377
19 20 11 22 36043 0.966005175416364
13 16 2 8 62736 0.9522768537950702
14 24 18 17 43731 0.9635238026740526
21 14 5 21 73202 0.9489747171138676
3 1 29 0 96134 1.0102522409601227
29 4 6 15 97713 1.0284281904838557
17 22 24 0 76614 0.9546807566533532
4 16 22 0 86313 0.9141110947551214
5 11 15 8 39437 1.0621958463129373
24 19 2 25 94509 1.049657588438142
4 5 11 10 29985 1.0343203432211006
0 4 0 17 72362 1.0871245456321807
29 14 13 1 91768 1.077056399768022
7 10 1 29 73323 0.9022191834609572
5 9 16 20 61987 1.0310579318595658
9 10 23 17 62675 1.090848450682839
13 26 1 20 65329 0.9751309467702605
28 28 17 11 78043 1.010866325475041
17 21 9 17 40777 0.9738653464644009
28 27 0 21 101744 1.0143643995666711
0 11 16 15 76351 0.9246382625314965
19 24 16 17 33705 0.9758929293753659
25 17 13 1 92152 0.9867050736484219
9 1 22 2 55086 1.0428188611810556
0 15 5 0 62748 1.0390965187699734
11 15 22 4 67203 1.0195891308763272
29 12 3 28 124789 1.0901590466396829
22 29 4 1 127799 0.9055665653205154
12 20 20 18 38908 1.0795270154243763
7 8 23 15 64630 1.00688315942275
4 10 16 11 42492 1.0708344515284356
21 15 11 28 85294 0.9937150716392616
26 17 7 6 88560 1.0852159877950545
0 17 16 27 93531 0.9711569752549534
4 7 24 13 71922 0.9467016892417736
26 11 20 15 34237 0.9925423234568235
1 8 22 14 71448 0.9346993438271585
4 21 27 15 90771 0.9850165021339075
28 12 14 10 57934 0.9013845896008037
26 23 5 9 90741 1.0911098106085704
5 25 4 2 69853 1.0573837485435202
13 22 19 9 54785 1.0559954736138342
0 13 24 29 114688 0.9221156191903729
10 12 0 22 60841 0.9790883410961385
16 20 15 5 70337 0.9009612686656823
15 4 10 22 83216 1.0141606776962857
10 2 18 13 63318 0.9249952710940313
29 16 19 7 55449 0.9144765996347891
14 25 17 13 57162 0.9452397395425505
16 23 21 8 58074 1.0254199393763719
5 4 17 23 91434 1.0847131824694873
25 1 21 26 77356 0.9746032916444096
25 10 19 21 45863 1.0837664395040034
9 2 18 18 78063 1.0607961462615993
19 3 9 20 76351 1.0481247467949064
20 26 1 29 99581 0.9776145100807784
27 15 16 10 49642 1.0283999978312268
28 5 0 5 108376 1.097817913036059
28 19 27 9 36929 0.9823072268439927
3 12 12 16 50678 0.9090821357581166
17 12 3 3 71245 1.0230566196132584
24 18 0 3 113055 1.0674929715782802
0 0 19 18 109319 1.0390491324450473
1 18 28 29 117506 0.9026814455573133
1 8 28 25 117997 1.0407009626966564
27 5 13 11 70745 0.9907452560016055
2 19 9 9 43667 0.9544702305920675
28 23 16 26 53459 1.0406866464528297
3 19 26 18 88700 1.0690297125929695
13 0 5 29 106733 0.9238272948672908
17 15 6 16 57420 0.9673469079615804
14 4 7 12 54314 0.9302846109491999
16 4 6 25 97858 1.0255378844410616
8 20 2 24 30183 0.9891495490257627
17 0 7 27 111785 1.0814710666265392
9 0 26 17 103771 1.0034673607423774
20 11 27 28 64729 1.0337058599967612
4 2 27 0 82913 0.9697458872173684
4 0 21 19 106553 1.0040437679079781
1 6 18 7 65400 1.0841376821306665
12 12 20 25 65669 0.9153986287093707
21 11 25 28 58638 1.0815414701180166
16 12 12 4 45674 1.070438764296822
0 19 13 5 83450 1.067159225156139
21 28 14 15 68415 0.9147503757253199
21 15 11 21 56506 0.9910473928597608
5 7 5 27 57180 1.092559050878266
20 10 3 3 71264 1.0658997999320614
28 28 7 19 90741 0.9994374528693085
18 1 2 7 76377 0.9763379341092996
12 25 22 20 55224 0.9132350813438599
21 3 7 17 84529 1.0287712655606278
25 14 11 7 63194 1.0005628749455706
26 18 1 19 97916 1.0894680757738862
28 6 14 2 60456 0.9842100951245034
1 1 15 25 114365 1.0614857111207225
6 0 29 4 89936 0.9242506091061192
3 28 29 3 141163 0.9817946871557194
8 6 24 9 59107 0.9852265351970465
28 21 20 19 38517 1.0427670387441854
12 0 25 7 71248 0.9223905162862127
1 20 21 28 87689 1.074693221237114
24 1 15 22 75481 1.0532722243118857
20 29 10 16 81994 0.9482442965662006
14 9 3 7 36301 0.9991104177436105
1 9 19 7 53443 1.0580691666282596
10 10 0 6 44034 1.0504557983799212
27 9 19 1 46867 0.9175256160791724
12 11 25 16 66505 1.0428850323235397
6 16 23 0 89210 0.9234005398308077
18 29 6 3 106770 0.9722178108272395
28 1 11 27 118588 0.9396365680134542
3 3 3 28 81667 0.9332537400958357
24 7 20 17 38336 0.991508440628377
26 21 11 5 91440 0.959093829652546
28 24 18 29 54758 0.9053510299466354
5 12 23 16 75181 1.0760801338531139
25 7 29 24 55565 1.0150232624777753
29 12 10 22 90707 1.0113373321542347
9 29 15 8 80731 1.0038919288716797
10 12 22 26 83224 1.0722020627395905
27 0 28 25 76721 0.9216215760297354
23 2 12 24 97399 0.9414942840226802
0 3 10 22 85394 0.9767956833797421
20 17 28 20 44038 1.0501155395975847
15 27 21 18 50643 1.030482964433322
20 0 24 13 48213 0.9321156533854751
2 16 27 13 91179 0.9038144103592812
7 2 11 26 80391 0.952514642309199
3 29 24 27 104970 0.9910920659095344
10 27 16 23 43340 1.0352795323803197
2 7 15 1 68545 0.9933757096490891
20 7 9 24 79620 1.025280169828931
0 23 7 8 66332 1.0127139704793677
24 2 16 4 42801 1.0434900176145678
3 6 28 5 101224 0.9184966050404316
0 1 19 9 87445 1.0335023877380007
18 19 0 26 88830 0.9454012343099802
12 2 7 19 60571 1.0740403650005936
1 1 20 25 124109 0.9760838176746623
6 1 27 25 116176 0.9894782184150315
29 8 20 14 45791 0.994377512452904
28 4 16 21 81533 0.9585743487587463
18 6 21 16 38383 1.0825900041849077
1 23 10 27 54512 1.0429162561160223
24 27 16 23 45920 0.9835472638657502
25 18 28 5 50944 1.0221269347253639
15 16 11 22 43532 0.903979479122591
17 3 15 25 86059 1.0628602055236704
14 9 3 27 70053 0.9388418482318575
9 22 28 29 87844 0.9351245056071813
14 28 0 4 110192 1.0889843934655794
27 20 18 28 48190 1.0754025776923386
10 7 5 16 39467 1.090038151793569
7 18 21 1 80377 1.0315123583491166
0 27 4 14 52049 0.9598239810848801
10 17 5 6 48692 1.032383686324207
9 20 1 7 54611 0.9488444078479085
2 23 12 18 47703 0.9780324949022241
0 10 24 14 82268 1.0996582548921063
27 28 5 15 99356 1.04560228352877
10 16 16 27 73086 0.9599418908366986
13 24 5 19 48823 1.0280893210343887
1 4 10 8 40902 0.9539140904023117
5 25 28 29 111131 1.023659894949022
21 20 7 12 75144 0.971562061841174
24 17 28 29 52528 1.051355426537926
18 29 2 29 92354 0.914176727558295
18 10 6 11 42030 1.0589007873115321
25 6 22 15 28606 1.0242317777815593
29 3 2 19 122247 1.0295837218129216
7 12 21 7 54786 1.0026276770643285
1 24 3 7 63846 1.036765909260526
13 22 25 14 69928 0.9302603947430562
8 15 7 29 45128 0.9429376614555803
19 10 21 0 30381 1.0219403538731575
18 0 1 25 120063 0.9488440965633876
15 0 29 2 49186 0.9524022630459589
18 12 15 24 52696 0.969986959028738
22 29 11 22 66330 0.9852608439972572
0 11 7 1 52948 1.032377304432562
17 5 12 12 44003 0.9596005407073
26 15 18 11 39805 0.9810082021037217
15 1 15 17 79978 1.0909278410163612
14 12 27 26 74803 1.0857210365972714
1 25 20 25 86906 1.0795442365714027
25 22 14 24 45807 0.962481386097643
24 28 4 10 103737 1.0605337002723536
28 5 5 29 135734 1.0264623698954864
15 23 16 11 60779 0.925999236225877
5 15 21 15 70766 0.9394715178597827
17 22 14 6 62568 0.9392425362949649
11 18 24 23 62101 0.9834104943978772
22 16 6 12 68133 0.9916992393453916
10 29 26 26 86183 1.076520103193899
19 6 0 15 72658 0.9758248494809969
2 20 20 25 70042 1.0104878206846724
0 14 22 23 89189 0.9169427457171282
14 11 11 28 77827 1.0781836217519578
11 7 8 14 25370 1.0572509780843284
11 10 23 7 46220 1.0372575180099601
4 3 1 25 78017 1.0582324213704002
20 11 8 21 64426 1.0467090951517066
21 17 6 14 76426 1.0651986058990703
21 11 7 1 69556 1.0133251101496286
19 21 29 21 34281 0.9283140449646597
15 8 16 26 73989 1.0189779380793118
12 13 1 25 72752 1.0224686821623243
18 14 20 6 23295 1.0362677663739832
13 13 23 16 41107 1.0095783977202577
5 15 15 23 55308 0.9721470037091683
7 28 25 4 122098 1.0570130534267326
22 10 2 5 70367 0.9900270687847167
14 22 27 8 77461 1.0898319315828946
26 10 5 26 108427 0.9838995497802675
15 13 13 21 38246 1.000280348701733
24 12 2 5 79550 0.9574344563733453
12 24 28 12 91520 0.938838832075109
24 9 29 29 65976 0.9174811171378242
17 17 7 2 78192 1.0154023130873497
9 7 11 17 44442 0.9348913062031883
13 13 20 18 39717 0.9825566327668106
3 5 29 10 90595 1.0252323766423652
2 9 23 27 96491 1.03506458020664
17 1 28 23 85009 0.9702170675121841
22 11 7 14 62505 0.9732999855428813
10 15 16 19 53413 1.0538595229164107
4 22 13 27 52013 1.0696604102706921
2 19 26 14 103205 0.993045156119853
5 2 14 11 49620 0.9259398029844079
22 5 1 12 81969 1.0616720141287486
3 26 29 26 103070 1.0148373861601048
22 27 14 16 64001 1.0540475732545551
5 20 16 12 63316 1.0739896554206245
0 15 15 24 71999 1.0467038737444676
4 22 28 9 105813 1.0109922970529779
29 29 0 12 131647 0.9902187638242526
23 11 23 21 22233 0.9365327671527293
10 7 0 19 66345 1.003210803179322
13 18 28 9 78346 0.9743033415117434
21 28 5 0 124975 1.0800113746556812
29 13 0 18 116033 0.9364387763868423
27 6 13 3 73978 0.9740335853196223
12 2 2 19 73518 0.9378023929165433
8 1 3 7 32918 1.025941649888062
24 23 0 8 104572 1.003607919969448
16 28 8 3 97119 1.0171139962819424
20 24 19 11 36630 0.9607838667180332
25 23 17 19 41578 0.9943169206756375
17 0 6 23 106565 1.0466089508621081
29 17 3 8 101223 1.0944203289267969
14 2 5 29 99918 1.03300564849945
16 21 7 29 55701 0.9505170063818158
9 25 22 19 67942 1.0158602089069013
27 14 20 8 38208 1.073684300272752
24 18 3 14 90737 1.0239418929731396
3 18 27 8 100680 1.0859814375948407
14 29 4 15 71679 0.9268593257097314
0 20 20 1 103811 1.047035883988069
15 24 21 20 38504 0.9276319750327248
27 5 15 23 88080 1.0631358161871396
5 29 10 19 49373 0.9121986820759379
11 4 10 16 50617 1.0807199652423398
9 15 11 4 39541 0.9645492134614594
15 26 20 9 67396 0.9861315827756673
6 25 11 0 87483 1.0737398707766639
9 25 0 14 56619 0.9075776093913457
18 29 6 7 97665 1.0814072541188287
10 21 20 18 39992 0.9839723213905585
0 8 11 1 56652 0.921494235383716
0 2 7 24 90581 1.0535534609206878
21 26 20 5 63949 0.9329523540911098
6 29 4 11 53848 0.9286231980410897
23 16 10 24 69937 1.0773988706958113
11 2 21 17 82119 1.0603353353630662
17 10 28 29 82682 1.0406731016877062
11 13 22 5 54486 0.9225694646239028
14 27 13 12 61323 1.085078213843728
28 13 18 9 43306 0.9567274347139476
16 25 8 11 69636 1.0586341201857215
25 25 22 3 64317 0.9710877369583454
0 15 8 3 46520 1.0585793104815455
23 21 10 18 60437 1.0237314017804984
4 17 21 16 81360 0.9487140039679343
11 27 9 13 57233 0.9185594060182016
0 5 22 29 126788 1.0956304750899215
18 14 20 2 34154 1.0234480782764295
3 29 12 8 78776 0.9656326249041628
25 25 5 16 95573 0.9590030327700456
6 16 1 1 65557 1.045565521750842
12 20 15 3 83851 0.9867190633593229
25 2 16 27 93927 1.0796531351384169
18 21 22 14 32240 1.0200532588356868
6 19 21 19 65828 1.0406029360176166
25 16 6 0 101434 0.9617345782417515
10 27 0 27 48381 1.0341043115896773
3 10 6 25 48607 1.0071801676157992
20 29 18 13 51166 0.9711732758130955
3 28 4 19 27014 1.0292729776111529
10 19 16 9 53206 1.0831865114627177
7 7 15 22 65105 0.9320322370345199
6 8 29 17 92842 1.0188394860073804
21 22 22 7 40102 0.9615340443601523
18 19 7 6 73874 1.0796166518305568
18 13 1 2 82027 0.9275339975747072
25 8 8 26 97979 1.0405106184191608
13 14 16 23 50031 0.9976139856339525
10 5 11 21 52649 0.9432218221903896
12 8 7 13 30096 0.9266719594373224
17 21 0 11 81684 1.0677634608517315
19 9 27 1 36196 1.0976086803445648
24 15 13 25 68838 1.0757792355655407
19 24 11 19 43174 1.014547014974586
13 6 9 15 42433 0.9658552293391581
14 18 29 27 69388 0.9228222643242757
27 15 12 11 67881 1.0618346923767632
29 11 14 28 95922 0.9355417741894709
9 6 0 22 68943 0.9787072799886682
23 27 13 16 67496 0.9088151934263922
13 17 1 6 78522 1.081772127922687
13 11 15 24 62978 0.9025645528952918
0 2 26 25 141739 1.0294823831136637
12 28 23 9 89831 1.083966794375841
7 23 26 7 98800 0.9228053260274435
17 18 5 2 85170 0.9880091391451888
26 19 21 6 48274 1.07186072914882
0 10 27 19 106073 1.027186589516263
15 5 11 23 86717 1.0225437681367153
8 2 2 13 45570 1.054671995811787
3 23 25 13 99610 1.0845439804350963
27 20 17 14 60196 0.9240294935525261
18 28 7 16 75494 0.9405013768362537
21 12 5 8 55475 0.9688683545467406
2 14 24 8 81060 1.0308236137105946
1 25 29 4 142568 1.0847112112570456
5 20 28 12 103616 0.9187236378292964
13 25 18 19 41720 1.087603325372493
11 3 1 28 97448 0.9758187601650592
25 29 9 15 94630 1.0693229660216077
2 7 8 14 31450 0.9123896731112968
10 19 24 9 82711 1.0042663943272545
29 21 24 6 57226 0.9741969248315925
8 8 18 15 48746 1.0224961244149464
22 18 7 15 67902 1.0192999407242556
6 4 6 27 69221 1.0213545697287776
5 11 15 13 47250 0.9545052349687744
6 19 0 4 70346 0.9868841840743314
1 21 29 19 93954 1.072772344993439
8 22 1 10 47331 1.0503582650399979
12 24 11 5 72196 0.9313861083057972
29 8 5 17 104720 1.0908995269036577
18 12 20 20 31422 0.977372456608384
14 2 29 23 96927 0.9671747611453471
5 15 16 21 48725 1.0996139431416736
27 12 9 11 72899 1.0402698017877592
6 20 1 11 46684 1.0347376780173265
14 29 11 3 101732 1.076581794532612
29 15 3 16 106715 0.9090493358243041
16 26 23 7 67882 1.0522293001213314
8 23 18 28 61273 1.0681857857223904
0 26 26 13 129053 1.0253655893993223
28 15 6 9 81270 1.098498249167005
4 13 29 11 88005 1.037099379948163
6 1 5 18 58036 0.9285684685473328
11 0 28 2 66150 0.9753108770780498
14 0 13 11 68370 1.0036546483862643
22 17 15 27 55378 0.9646216877999605
13 2 28 25 106274 0.9315537028722095
5 27 12 23 40717 1.043667680351381
25 21 14 12 64514 0.9696011240255998
15 11 14 26 62074 1.0349225220860143
18 7 3 12 53402 0.9381248806833613
7 27 22 11 92253 1.0776276362864936
18 27 29 17 54903 0.9989696711640588
6 7 13 20 55981 1.0735465225496703
23 27 25 3 65858 1.077487839072113
8 17 14 25 44458 1.0898385021896422
20 21 0 16 80281 1.0056696690816955
9 13 26 17 74172 0.9169120760154424
2 14 28 25 104606 1.0616438382131448
18 18 1 1 105645 1.0619171150646811
13 28 6 24 46069 0.9961264827824423
7 22 13 18 34695 0.9290923454392426
5 27 12 23 40717 0.9395477891528891
7 14 2 26 52077 1.0705165905569043
15 2 10 14 65327 1.0418130302366755
9 22 26 1 97757 1.0300262516763998
5 3 25 25 116986 1.0126505048534669
27 7 19 28 71424 0.9191023644924601
25 20 11 22 60838 0.9109323738941039
17 18 10 2 82642 1.0567416569214776
15 26 1 27 69877 0.9110252701518033
28 25 1 16 110448 0.925835911846595
8 28 22 28 75189 0.9194948438305952
0 21 29 4 131501 0.9464524450089487
22 13 1 7 73661 1.0525161573404465
29 9 4 22 109736 0.998914683824159
17 19 28 19 53943 1.058028361321381
16 2 28 15 73366 0.9153536364589842
27 12 2 6 93926 1.0660077054456316
27 16 18 22 43250 0.9334050390360051
29 8 19 13 42496 1.007670001963745
26 4 27 24 67221 0.9317467372445584
20 0 3 28 119789 0.99342072177379
9 6 21 24 83789 0.96791250670269
8 0 24 16 85467 0.9867203651719303
21 21 5 8 84218 0.9840689662662823
18 18 22 29 46023 1.0216486507499654
28 22 11 7 86802 1.0689201018662409
8 8 26 2 74200 0.9988273091026707
21 27 19 1 73998 1.090042763904447
25 29 19 6 75003 1.0798514652411393
3 5 26 3 90293 0.9421371528796375
1 27 23 19 96395 1.031485404987996
27 5 9 6 75140 1.060963684321365
21 4 2 12 79986 0.9612798011523763
19 15 13 22 40775 0.904530743189247
21 26 5 28 83008 0.964927509349587
26 24 0 15 101220 1.075604629099768
22 1 16 19 64074 1.0255933336428844
3 7 18 15 67172 0.947312034517573
6 13 29 7 89716 0.9465063794173071
18 0 26 9 49044 0.9537335467606528
8 12 23 12 57194 1.0775444376474117
28 11 10 28 116044 1.028987054127714
5 12 21 10 58391 0.9173229485079978
23 4 4 18 93559 1.0640607197510406
15 11 4 23 68754 1.044147937877099
17 27 15 13 60443 1.0947408330101178
16 6 26 11 46644 0.9500912472796557
21 26 4 11 90013 1.0070969971070103
9 29 17 26 51341 1.0413706116096388
18 6 10 9 30868 1.024165407967552
3 10 13 27 78826 0.9230926911705234
24 5 2 5 85909 0.9126702486970647
5 17 11 23 43665 1.0846644688125522
20 13 3 15 61424 1.0594446247078713
26 10 10 20 84239 1.0108834306668328
6 25 14 11 73270 0.9203457866414643
10 25 0 15 58374 0.9968130255987402
27 13 22 20 36902 0.9730969332553734
29 21 14 11 76911 0.9031518368033286
8 10 27 11 67559 1.088432731518781
12 5 15 15 49282 0.9656258840283243
9 25 0 21 43555 1.0330331807630313
12 20 28 16 74919 0.9590454178993497
26 8 0 15 94263 1.0339193661660226
13 21 4 26 39356 1.00644445432897
21 0 26 11 48959 0.9265219181897094
7 24 16 10 68330 0.9361924075893522
0 17 22 16 95170 1.0423077462206014
1 0 10 4 52907 1.0802040908012307
23 2 1 25 127279 1.001768346661086
7 23 13 27 40169 1.0147337379669197
16 13 20 26 49349 0.9446914412835159
29 6 14 9 60815 0.902403862132015
12 13 23 20 53771 1.0371183079353625
24 14 16 6 45777 0.9552632582135524
4 17 23 24 74076 1.0235155266280822
7 27 27 23 83388 1.046333458541729
9 3 7 11 31271 0.948615163284009
27 25 1 22 93762 1.03930428466482
21 14 2 29 106798 0.9420497637173214
27 15 6 15 86114 1.086279541267516
14 27 18 12 64619 1.0596174635505111
15 3 20 25 81771 1.0659010460741805
25 2 1 14 99844 1.0259123946037128
18 11 11 29 90978 0.9013740204979864
19 3 4 5 59590 0.9205478226385927
14 7 4 7 41996 1.0059079942560152
22 23 10 14 72863 1.0637037977331913
12 15 19 19 49795 0.9566522528686978
29 8 18 2 45656 0.9088219682394623
19 15 17 29 45770 0.9168924365628309
0 4 23 6 91307 1.0010718741761915
13 15 5 13 51979 1.0944127654156115
6 4 16 13 51560 0.9531981852187476
5 22 20 5 90387 1.0284859127449997
26 10 21 2 36387 0.9744393435880786
9 12 19 1 63433 0.9202409736045919
25 0 27 21 75244 1.0146295815167679
13 12 18 5 40963 1.0830218088687418
3 22 27 3 121568 0.9123169471832793
2 5 14 0 58751 1.0558211133336646
20 12 19 28 42959 1.0986189754120277
1 9 20 13 58329 0.9040086538136434
26 27 3 14 103801 0.9266860165811842
7 3 18 1 52789 1.0310933568638823
11 22 16 9 63159 1.076984583915159
17 25 27 26 49418 1.0594592985412226
23 16 8 2 75768 1.0920894779290107
9 9 21 6 44848 1.000767250508866
11 17 3 28 57900 1.052406686934246
21 21 29 7 63960 1.0195816318008082
19 26 29 6 77420 1.0134801754385598
11 6 24 21 79300 0.9967771193214878
6 3 0 9 35425 0.9989943062681887
15 25 23 22 39059 0.9697955778141351
19 2 23 11 32047 0.954236959629809
22 2 11 20 87589 1.0868560900291357
29 2 15 6 53902 0.9933652649997602
17 21 24 6 55603 0.9188178648830009
14 23 11 0 92004 0.9881367637686012
14 13 22 25 60741 1.017370742505825
24 22 16 18 38353 0.9631566358713173
23 21 4 28 79721 1.024786902229538
8 23 14 6 62866 1.0645275868819324
6 29 23 29 97704 1.008973949947812
24 6 5 0 90269 0.9123930773833594
0 9 13 5 50170 1.006461864011796
3 7 19 26 94478 1.0727851937211668
18 26 1 26 90493 1.0612646932583407
15 6 7 4 36745 1.0210377036962761
14 13 10 7 33999 1.007144067691222
24 7 2 10 70972 0.9417680292989238
10 25 28 19 85871 1.0837392587284242
16 26 27 20 53448 1.0876233504597854
12 18 22 20 49154 0.9214450433155759
14 3 16 12 55289 0.9866725364436905
13 14 24 2 68722 1.0375634701583656
1 24 14 18 64667 1.024344191547541
27 18 17 13 47687 0.9037645792609209
16 3 2 10 69650 0.9204219849810302
28 29 0 16 128239 1.0070467107857863
6 11 18 1 64836 0.9647969247281087
20 18 0 0 113061 1.0890877584581007
11 18 18 10 54338 0.9330823159108663
24 7 4 1 86543 1.0004285283161836
8 10 1 22 50960 1.0281894524090822
23 16 17 28 49789 1.0888639255180752
25 26 21 19 37052 0.9715734523172243
2 22 22 7 92357 0.9898745356571477
2 29 14 9 82881 0.914504051658805
26 21 7 3 103619 0.9813963006534608
6 1 24 24 108003 0.9141469795597389
15 9 10 26 71806 0.9708499900648344
18 6 10 22 74355 0.9793042223238543
2 9 27 24 100953 0.9827644517252027
24 2 4 8 80359 0.9080194655012305
26 26 10 29 86183 0.96929313665023
13 0 17 16 77998 0.9669018900327612
10 20 21 18 51408 0.9500930352119004
23 0 16 21 72896 1.0027957831501868
9 0 21 8 69668 0.9992860488427309
9 27 4 2 80403 0.989430451790212
23 29 24 5 58766 0.9483323946910533
21 11 23 1 37164 0.9741257016841827
6 0 28 25 126497 1.0341187495909079
17 24 7 19 51887 0.9493229566813142
4 12 2 28 49094 1.0590159209223708
18 13 11 19 53834 1.0820259292352368
9 12 28 6 81431 0.9752181488329089
24 2 2 12 92579 0.9008650518802778
8 19 15 7 49547 1.0151128889526975
5 3 11 24 76862 0.970817380263401
27 9 13 29 105907 1.0686030037388585
24 12 13 23 71447 0.9290810956390934
26 13 21 7 29078 0.9774641718366077
17 12 22 25 54696 1.0339914406343356
9 6 20 26 84443 1.0261377173971706
11 1 26 28 120920 1.066834731518941
1 13 22 27 105519 1.038488795745396
8 13 19 7 45170 0.9391953452137423
13 7 6 26 75566 0.9681792497685481
24 27 4 24 85276 0.9869518412100173
15 1 20 21 70862 1.0405624752400084
28 7 0 9 89887 1.0799833892480168
29 19 5 8 100359 1.0758594359378042
19 2 1 18 92457 1.060956817098032
12 8 27 28 94284 1.0672283977804917
19 0 28 29 98481 1.0630696313927774
4 14 16 17 59508 0.9433262804658005
3 14 18 2 73828 0.9747735770209441
12 2 17 17 76546 0.9699891173379387
8 10 29 29 108377 1.0706553533190903
17 22 16 0 74366 1.0314772826999714
16 17 18 7 46074 0.9129539514212827
26 10 13 19 74752 0.9828693504816549
29 19 28 0 53601 1.0431646707779267
4 26 5 12 37049 0.980560173805703
3 9 8 17 28328 0.9017853423876298
3 11 18 28 96473 0.9855069636783114
5 14 29 19 102463 1.0485912339093195
10 12 12 2 48235 1.002536514268741
26 23 2 18 88038 1.0685530963045549
5 2 28 17 109941 1.0644110359461347
8 15 21 7 55867 1.0540172095427955
22 1 28 8 36555 1.0121041427039732
1 28 17 29 89889 0.9779182852588552
25 5 8 10 66616 1.0627400660206383
8 13 24 1 70870 1.069791421454963
12 12 26 1 67598 1.0747877866430413
3 4 26 22 109735 0.9482676441989526
11 12 28 26 91982 0.9644051820732805
26 5 7 25 114267 1.099740759227848
24 13 0 5 89250 0.9990263458230828
3 12 22 13 67305 1.0100500258177993
20 15 17 2 42000 1.0750908635795517
25 2 25 23 69138 0.9698521594546178
29 1 8 17 92854 0.9713546525903516
22 25 10 28 67124 1.0243408341056253
21 5 14 2 37333 0.9452421610322097
25 13 3 2 93490 0.95148401519349
2 22 19 26 66404 1.0736513586595204
7 4 24 8 72993 1.0656431661086432
15 2 18 26 76510 1.0039365317501212
12 19 29 20 68610 0.9059276450747097
6 8 13 2 40374 0.92466322713863
8 13 0 26 66121 1.0755025012111823
1 0 8 21 78879 1.0193726513146404
5 2 12 15 61939 0.9649011998033761
6 24 17 6 82219 0.9732548420924221
20 27 29 7 79310 0.9677328032937443
18 9 28 6 44240 1.0415753862607184
2 20 6 13 29500 0.93499966458789
17 5 4 0 70911 1.0686917462260037
10 10 20 12 40374 0.9018585423029054
1 24 21 21 80317 0.9853948386403439
29 19 3 11 109361 1.0881251369292708
28 11 9 22 96447 1.012333620343713
17 6 24 21 57894 0.9817381210305013
12 26 5 18 52488 0.9046965788684054
5 18 29 3 113517 0.9358836975677945
4 21 27 29 92074 1.0355004401127155
23 3 5 12 82666 0.9529195806090616
21 9 6 26 95463 1.0337193089649603
7 9 9 25 46353 1.018834974421997
7 28 3 22 34238 1.0292211389181731
8 11 11 23 44836 1.0537544380278339
1 23 14 21 51770 0.997346298172369
7 10 12 29 72233 0.9140589146229767
0 23 27 10 125232 0.9991737634512908
1 24 5 16 42448 0.9791906240591095
27 13 3 20 100346 0.9641503405735559
10 25 22 17 70259 1.0865470234255106
16 9 27 16 54566 1.0731407388653253
18 29 26 14 68507 0.9959678994035589
29 19 12 28 85124 0.9588673696588367
13 3 18 29 103711 0.9955916069956166
28 2 24 18 61054 1.029195682941498
19 11 2 15 61573 0.9202711915303134
26 15 1 16 101088 0.9445252023869171
20 3 10 27 103824 1.0166596020382028
20 15 17 22 31699 0.9791737371792938
10 21 17 9 56943 1.0923548864907908
4 4 4 16 35308 0.9352191869579712
11 28 19 5 93081 0.9055125412108836
25 6 21 0 34562 0.9634710167205911
28 18 3 12 102983 1.0048587625771814
0 6 10 17 63666 1.047411191847183
19 20 21 3 52846 0.9953642660279398
18 1 23 6 29129 1.000294611137563
10 14 2 5 45919 1.0737115189861544
3 24 21 2 108091 1.0735396838368616
13 21 5 5 59660 1.0416738556039395
6 27 9 3 73110 1.0944266379780843
10 6 2 4 30513 0.9201616822349655
28 22 21 12 44167 0.91460506477
5 11 24 25 99872 1.0429185921047548
14 7 24 28 83950 1.0752695499997271
25 29 0 16 118177 1.065543110768311
27 4 11 10 75125 1.0434366342813834
23 22 2 0 118971 1.0933257901722555
15 29 25 22 56796 0.9990066667381473
19 4 6 27 99501 1.0087627564683233
7 4 2 24 71701 0.908093451096569
20 10 5 11 54844 1.029337642018047
7 2 26 17 98356 1.0824190046278528
4 3 9 21 57172 1.0473735101976178
8 11 21 16 63699 1.0155893113222478
19 19 5 14 70441 0.9325532986156615
22 29 23 2 73332 1.0603327341184847
22 3 19 29 73226 0.9969725174104727
22 10 18 27 55449 1.0671496171503767
0 14 11 12 44170 1.0653568468446661
2 29 21 3 128854 0.9513941210754888
3 12 14 5 55357 1.04331336801474
18 9 1 22 80755 0.9595538264732435
4 5 28 2 87615 0.9243147544135725
8 2 11 18 47942 1.0177707112974939
7 22 27 7 99997 0.9755496165548326
20 6 26 14 38544 0.9990263754365405
11 2 19 11 52988 0.939636951592673
7 11 7 24 46508 0.9304536084023066
19 22 10 0 94363 0.9896833393055571
14 22 0 21 49396 1.0664246961538546
7 25 21 3 105092 1.0202628991907225
19 28 15 3 82654 1.065807481142933
20 17 18 7 32795 0.9980064585338353
5 26 8 14 43068 0.9960930359475734
6 9 8 29 62866 1.059431864077756
7 16 16 4 67449 1.043085968743062
25 1 11 6 53880 0.9699580648773669
26 17 17 19 45774 0.9406553955153419
17 15 27 28 71683 1.0949612419606825
7 20 11 14 34599 0.9209121785225751
20 1 0 22 111778 0.9940932666824198
20 13 5 9 47703 0.9050861530025173
16 9 3 1 59937 0.9742386594131229
1 8 25 0 89182 0.9110611867779107
9 20 20 9 66617 0.9489535577823331
6 8 9 17 29395 0.9447142598125339
22 25 12 13 68055 0.9217210146512206
25 6 0 24 126843 1.012280128680411
16 25 3 14 76580 0.9858772958708582
12 12 25 10 51724 0.9215425725069668
5 25 26 29 104021 0.9506101950638378
8 8 28 1 76006 0.9141130185921325
29 10 0 25 137148 1.0956350952082625
23 23 4 23 65802 0.9297776782359041
29 19 10 0 118567 0.9758938333349229
7 0 9 27 75457 0.9304633783714181
18 3 23 19 53192 1.0268395834037358
14 0 28 14 88069 1.0243492251005626
26 7 14 6 44210 1.0371068857561794
15 28 23 4 94466 1.0796143692492388
7 29 2 8 72568 1.0765771912263857
23 26 27 0 79065 0.9146821792203361
5 21 27 14 92195 1.0339139717122625
12 23 1 25 59027 0.9969005077882612
28 3 21 10 40692 1.0219603390876522
16 10 25 21 59305 1.080724344669888
17 0 18 19 63214 0.9948646425124934
23 5 4 11 71937 0.9091962303589712
17 0 8 3 49495 0.9219355675485593
18 27 12 17 60546 0.9909037025846257
25 0 10 13 72358 1.0299309671688386
20 7 24 1 28455 0.9555494215339908
4 16 26 21 83945 0.9803050624454275
4 14 21 16 79163 1.0607262242009687
8 17 22 27 73940 0.9983079650136187
16 0 10 17 89702 0.9309759034184487
9 22 2 7 56563 0.916445416111341
15 1 27 15 78331 0.944052217838037
25 14 1 15 86758 0.9603504149684822
13 4 28 4 72028 1.021110225627305
15 2 23 24 76782 1.0282955702616903
25 5 5 21 101325 0.9736264582912655
1 11 2 26 62451 1.0273396327607613
0 18 3 2 69446 1.0514661282946072
5 4 26 16 98645 1.058753841714121
16 7 27 26 77689 0.940712027396534
13 6 20 3 35842 1.05121957522038
13 23 0 5 90230 0.9755419901473507
20 11 1 18 83443 1.0400815857995116
4 24 18 11 79079 0.9334366000295712
1 4 14 11 57756 1.0028029628194361
29 23 23 18 29373 1.057953786364429
27 20 18 9 58270 0.9070427653077053
23 7 2 20 91316 0.9821914965310555
11 24 20 0 96064 1.0701069052570837
4 9 27 25 98827 0.9092693113987385
11 4 28 27 111728 0.9978881962913929
1 21 27 20 87265 0.9734510491512576
1 19 29 27 106642 0.9364685512315514
4 1 23 21 104589 1.0212807933317523
23 8 0 14 83722 0.9351781646707198
15 25 29 24 60510 1.0478618371203572
12 6 16 19 69238 0.9016127200712344
21 20 13 25 49568 1.012547873392651
14 27 7 23 43658 1.0924471333669799
17 20 5 21 41347 1.0107392391971655
15 12 12 2 52290 1.0214703451713212
24 9 17 25 60998 1.0167844643346622
17 16 3 22 71637 1.090601613448132
11 10 25 21 78669 0.9218604278545564
9 25 5 18 35290 1.0886741497041454
7 28 20 14 83961 1.0423642754557783
19 29 16 14 56093 0.9099906517240287
10 2 6 19 57796 0.9104520913750428
10 2 8 26 66314 1.0898024726765763
16 23 0 25 79378 1.0942523088884633
5 22 15 7 70962 0.9822104136183374
1 22 7 10 52302 0.9796470439805839
7 21 17 14 62749 0.9833709222669901
7 25 21 21 62976 1.0140901355688203
12 11 6 4 35104 1.0273329915057419
27 1 25 23 75653 1.087093119815216
13 28 22 5 95761 1.0971055297027577
14 21 19 15 30669 1.058210026149286
15 29 22 16 65271 1.011270182205977
23 13 12 17 57658 0.9671480269105311
25 27 25 3 75065 0.9060226063920058
9 23 26 20 68183 1.0471411386397809
16 5 18 24 63284 0.93972564080151
10 20 25 27 70504 0.9735574928878126
1 27 4 4 76604 1.0572507665085795
9 1 26 17 101197 1.0825903037059317
7 9 5 20 37667 0.9461551725156909
5 28 15 15 81238 1.0511411014451324
13 25 20 15 58446 0.9801101577264955
15 18 5 29 70622 1.0420356397649495
3 0 13 15 86733 0.9307984254015478
4 13 24 8 71615 1.035344446341948
1 18 19 8 77182 1.0752485148594175
