5561 3649 4165 5515 4593 4495 3564 5094 4095 5166 5212 4913 4729 4138 5257 5733 5591 3494 3515 4853 5938 5736 5314 4675 3553 5477 3920 5352 3962
5895 3864 5344 5200 5444 5420 5731 4349 3616 3550 3460 4967 3601 5551 5898 4034 4866 5847 5036 5571 5987 4791 4474 3778 5161 3804 4608 5361 3409
5616 8046 7657 8066 7256 7428 6896 6718 5731 6977 5635 6978 6557 7757 7434 7666 7229 6134 6727 7610 7976 6647 6468 5439 6870 7188 6033 6516 5441
6024 6688 5261 5827 6036 6912 6757 7512 6700 7746 6390 7728 7338 7797 6601 7195 5830 6590 5527 6718 7435 6787 5512 7168 5809 7265 6337 5403 6830
7530 7392 7615 6385 6897 6045 8389 7618 6999 7404 7717 7102 7402 6108 7465 7061 7356 8227 7626 7884 7100 8547 6147 7645 6319 7830 8145 8646 8443
6964 6021 6166 6738 6927 5454 7382 5357 6947 7037 7400 6761 5800 6889 6417 5130 5726 6798 7031 6059 7124 6801 7533 5007 7060 7485 6905 5280 5028
6562 4726 5894 5074 6127 7073 6488 6356 4570 4570 6657 6218 6758 5846 5035 5600 5214 6168 6834 5162 4604 4597 6712 6499 5238 5964 4468 5749 5743
4802 3131 4245 4374 2733 3551 4515 2248 4315 3824 4660 3346 2522 4275 2784 2571 3163 3816 3878 2476 4325 4074 4053 3864 3195 3563 4346 2651 2568
5247 7706 5531 7361 5451 5118 5861 7213 6495 7382 7111 7272 5186 5307 5378 7543 7529 5112 6353 7557 5185 6386 6026 6938 6448 7423 6786 5141 7095
3687 2321 4506 3474 2915 3614 3036 3825 3385 2106 4596 2080 4379 4336 2923 2997 3073 4114 2558 2338 4151 2124 2109 4177 3132 3362 3912 4430 2910
4811 6127 6218 6191 6152 6943 5125 4860 4974 4865 6112 5454 5596 4547 6139 6952 5578 5211 6240 7030 5077 5118 4646 5781 4860 6234 4410 5202 6765
1642 3711 3328 3348 4020 2846 3985 3566 2642 1707 1568 1522 1887 2227 1624 2014 3712 3119 3098 3138 3348 2608 1794 3650 2093 3584 3524 4066 2093
3017 1920 2524 3136 3916 2232 2440 2565 1533 2871 2429 2031 3835 1535 1644 3604 2709 2444 2012 1932 2150 2720 2551 1661 3852 3370 1605 2987 1532
5021 4437 4270 5156 4744 4081 4655 4037 4454 2784 3190 4150 5296 5010 5161 5217 4996 2951 2821 5009 3999 4825 4340 5139 4175 5104 5042 4148 4786
2060 2529 4476 2593 2880 4038 3317 1994 4110 3175 3334 2128 2859 4290 2093 2002 2100 4498 3896 1958 3248 3960 2125 2610 4555 2393 1885 2731 3157
2968 2537 3049 3000 2179 1999 3767 2039 2834 2732 2353 3942 2316 2888 1988 4042 3133 2512 1880 3098 4059 1937 2181 2229 2121 4142 3612 2530 3243
5821 5655 5536 4527 3866 4625 5139 5976 4956 5372 5490 3948 5916 5783 3423 4901 4615 5351 3306 3507 5783 4620 5077 3773 5489 4019 4976 5830 5714
2485 3704 4452 4519 3678 3203 3397 3845 2694 4084 4034 2658 4606 2680 4307 3068 3922 4273 2508 4205 4284 3146 2884 3872 4323 4637 2683 2942 3371
5928 5896 6383 6306 7479 6714 7700 7679 6576 8144 8370 7306 8466 7061 6557 8107 7859 8146 8157 6373 7309 6162 6232 8408 6792 6728 8430 5892 7101
4415 3158 3036 3068 3413 4798 3346 2523 2935 4373 3987 5066 4349 5010 3740 4328 4836 3732 2576 3937 3462 3370 4149 4484 2501 2503 2454 4624 2599
6033 4713 5610 4731 5075 5528 5198 4032 3776 5776 5299 4553 4203 4305 4801 5887 5739 4641 5491 4288 3868 5614 4716 5486 5713 3516 5298 4145 4640
3607 4507 5149 3424 3954 4369 5242 5392 5520 5635 3929 5552 5005 3761 5734 4581 3600 5504 5186 3465 4391 4691 3942 3587 4581 4567 5067 5801 5788
4891 6044 6521 6151 6476 6417 6428 5401 6139 4929 5573 6389 5053 5676 6477 6202 4538 5134 6819 6201 5884 4325 5223 6214 6771 6626 4391 5443 5813
5693 5028 6339 5914 6414 6444 7461 6180 4970 5891 7391 6145 6478 5724 6973 5476 6997 7151 6877 5447 6234 5214 7431 7521 4934 6290 7096 7381 6505
5160 6440 6995 6595 6740 4892 6954 6914 4948 4734 5955 6662 5230 4424 6682 5850 5957 5122 5969 4922 5828 6555 5019 5105 6569 5083 7056 6037 6525
4413 6182 4826 4683 4594 5522 5521 5168 6585 4006 4381 3941 6580 4083 4800 6187 6076 4277 6546 4826 4713 4114 6095 6260 5110 4029 4381 4897 6497
7225 6491 5916 7448 5322 5471 5444 6123 5718 7534 6786 7313 5591 5235 6114 5303 5157 7513 6653 5238 5531 6311 5940 4914 5426 7172 6675 5735 7520
5013 4599 5986 3491 5306 5243 4861 3590 5716 3907 3482 3871 4077 3556 4052 4850 4363 3812 3478 5879 4268 4325 5224 4266 4187 3345 3444 3610 4309
2643 3577 2380 4391 3031 4338 4179 3802 4058 2759 2208 2000 3569 3464 3552 4294 3555 4197 4581 4315 2589 4657 2082 3729 2664 4113 2718 3646 2405
3605 4612 3788 2534 4980 2569 3907 4926 4260 5041 3313 3819 4994 4535 2525 3287 2855 2783 3109 3195 4602 3103 3088 3243 4912 3766 5055 5144 3140
7014 4759 3052 7908 6519 5885 3703 5935 4257 2233 4450 5609 5442 3842 3296 7439 4467 4650 7585 6431 5934 5584 3285 3623 2204 7524 1896 8280 6966 3063
8319 5364 5093 6176 4692 6056 3530 3852 6271 3484 2721 4286 6092 2235 3579 7905 5513 2519 7639 6670 4752 7786 3919 3743 4658 7947 3008 5755 7322 4171
8651 5392 2853 6717 6248 6864 4948 3764 6190 2604 3390 4176 6205 3273 3185 7698 4105 2815 7376 6050 6354 7030 3369 2965 2855 6459 3034 6471 6275 3849
8337 4394 4261 5737 5018 5988 3073 5354 6298 1446 3109 5744 6082 4196 3398 7608 5963 4912 7287 7508 5943 6825 4571 1761 4344 5765 2305 5682 6705 3730
6112 5242 4893 6067 5657 5227 3578 5402 3916 2568 2308 5085 5428 2962 4455 6747 4216 4521 8171 7998 6644 6690 3827 2517 4085 5861 2056 8227 5700 3041
6216 4924 3421 7243 6500 6264 3806 4248 5664 2982 2757 3678 6200 4003 4956 7201 4974 3992 6558 8599 5775 6380 3693 3260 4002 7982 2137 8057 6965 3544
6607 4207 4512 7961 4905 5530 2922 5195 5938 2376 3179 5398 6297 2206 4218 7498 6022 3297 7604 7615 6607 6716 5315 3529 2297 8238 1536 6983 5787 2372
8486 4785 4497 5982 7002 7549 3152 5055 5489 2856 3719 4254 5884 4212 5124 7708 5984 3356 8827 7849 5512 6015 3478 2903 4289 7506 3605 6334 7344 3295
8363 5219 2991 7502 6618 5936 4791 5382 5119 1976 2237 4680 5686 3755 3346 6139 5906 4582 6750 6503 4979 6119 3546 3322 4346 6832 2298 6854 6882 2409
8341 6069 4170 7796 6644 6573 4254 6014 5154 1711 2796 4442 6590 2547 4159 6292 5713 4246 8747 8520 4535 7691 4623 1925 2304 6260 1701 8069 7425 2884
8082 4014 4509 7331 6303 7825 5056 5257 3976 2257 3792 5688 5411 2398 3108 7071 4173 4545 8585 8659 4756 7618 5525 1968 2485 7952 1632 6296 6594 2668
8586 4555 4027 6738 5646 5223 3317 3890 5790 1665 2017 5162 4686 4347 3013 6914 4689 5093 8202 6670 5660 6770 4814 2671 2081 5631 3107 7889 5349 2209
8160 5494 4690 7937 5090 5278 4970 4840 5648 3986 2124 5709 6492 4080 5169 7790 5032 3589 8663 7282 6798 6696 5938 3527 3262 5562 1598 8070 6624 3594
6772 3939 4495 7134 6077 6662 3445 5654 4135 3012 2913 4511 4581 4125 4515 5826 4487 4325 8211 6180 6050 7752 4811 2768 2459 7850 2485 6182 7556 3351
6237 6168 2865 5881 4995 6833 4889 5067 4531 2757 4425 4645 6495 3849 3547 6048 4205 4822 7553 5989 6286 6761 5705 3765 2945 6514 3313 7962 6860 4243
8694 5153 5010 6875 6208 7483 4476 4670 4158 2740 2848 5494 3962 2690 4398 8243 5522 4263 7664 7096 5702 7630 3455 3648 2139 7163 2292 7492 7127 3410
6819 5189 4044 6560 4939 5797 3878 5287 5814 2566 3766 4265 5680 2235 4329 8150 4111 3329 8326 8637 5483 6376 3654 2761 3768 8062 2188 7402 7530 2724
6736 4569 4295 7485 6828 5846 4731 5974 4333 1724 3123 5197 5110 3623 2976 6730 4588 2791 6692 7799 6263 5339 3721 2684 2095 7997 3932 6764 7019 2482
8621 4304 4080 6006 4650 7673 3441 3733 5797 3664 4328 3629 6372 2224 3548 6661 4181 4130 8341 7079 6680 7246 3407 3425 2087 7173 2517 5839 7723 4780
6321 6300 3163 6935 5462 6557 3023 6266 4968 1449 3839 3586 5848 3331 3335 7286 6259 2956 7138 6544 7106 7996 5626 2290 3587 6076 3746 5617 5348 4772
8309 3716 4252 8126 6773 5227 3750 3862 4687 4004 4570 3563 6601 3490 3665 8254 4400 5121 7204 6268 6053 6496 3678 4268 3694 7239 4198 8165 6970 2566
7688 4826 4702 7402 6914 7346 2799 6250 4173 3347 2962 5871 5555 4643 4264 8375 4726 3014 8936 7088 6403 7232 5520 3940 3365 6723 2071 6800 7870 4457
7189 5503 4795 7066 4948 6946 3274 3896 6175 1571 4483 5871 6448 3117 4982 7328 4133 2543 7094 6296 5403 5576 3564 2816 2325 8136 3942 6528 7531 3738
7011 3959 2790 5499 4528 7539 3216 5355 5013 3707 4351 5479 4780 3172 4896 6396 5132 2756 6309 6841 5742 6126 3522 3184 4312 7676 4016 6679 7888 4292
7797 5511 3404 5537 4473 5177 2482 4431 5906 2929 3674 4908 4167 3030 4798 8008 4982 2734 6306 7150 4934 7778 5045 4276 3901 5833 1550 7886 5704 4017
8197 6334 4550 7701 7054 5777 2479 5364 4156 3508 4044 4210 6427 2234 4275 7761 6419 4950 7831 6562 5781 7826 4783 3011 2736 5616 1679 5774 6898 4191
8151 3953 2725 7591 5846 6190 3622 3937 4403 3984 3430 5705 5761 2279 4728 8144 4706 4555 7866 6066 5386 6634 5600 3259 2301 7698 1759 7137 6121 2265
8720 5906 3047 7127 6242 6391 4936 5699 4510 1425 4473 4455 5679 2250 5072 6327 4859 4975 7142 6509 6879 7273 3284 2668 2658 6164 1905 5830 5958 3749
7635 5522 5066 6902 6372 7407 2986 4364 4075 1677 4470 5780 4862 3991 3021 6866 5620 4327 6620 6361 4619 7433 5109 2647 3562 7159 1772 6082 7695 3658
14 7 25 16 66829 0.9264636564427274
4 10 15 17 51470 1.0272832652624273
15 3 3 13 59768 1.0371416960382909
5 7 23 29 109126 1.0168229953709897
12 13 26 11 58127 0.9875830161385335
7 0 16 12 66157 1.0472245810976077
5 14 28 11 85176 1.0031916170764998
28 0 17 21 105575 0.9405212396852527
2 3 13 15 80107 1.064382792534686
6 8 23 15 74025 0.953002292187435
27 8 9 3 76546 1.019978163986672
11 19 14 0 55902 0.9398889682528672
16 16 23 28 69024 1.038733370542146
25 9 6 14 66336 0.9278180394594755
15 8 25 10 34541 0.9367482450325759
23 13 11 23 62377 1.0758929257597072
6 12 10 3 50410 1.0030365539673731
0 12 15 2 71966 0.9009075697197698
17 19 21 6 57105 1.049514630386732
24 5 17 9 35146 0.9716688451552231
23 22 17 2 97426 1.0705217873118196
25 24 6 14 86232 0.9180043350959656
17 14 9 25 51855 1.099963691970827
21 25 29 28 33460 1.0998007456246008
0 20 6 10 62736 0.9309204583775585
20 12 14 29 65602 1.09842630709922
25 10 5 27 103213 1.045083739632082
18 7 2 10 56012 1.0648195649212866
18 7 28 29 102212 1.0599452130296105
20 3 15 18 63618 1.0986245605849354
23 18 9 20 69373 1.0302351147890758
23 5 28 17 59236 1.0807368230228687
24 16 8 0 107876 0.9690759247884975
29 2 20 13 63392 0.9545813408602022
12 24 27 19 68938 1.0496004847460325
16 6 26 3 51314 0.927435227922382
15 4 9 18 52877 1.0414516958509172
13 22 20 18 45236 1.0713262280790963
2 15 27 23 115841 0.9277405440035529
2 1 12 29 110768 0.9126417035600469
0 10 26 1 111039 0.9234124362249672
25 5 5 24 108198 0.9427095079133012
24 1 12 20 94545 1.0468437799786314
23 3 24 20 100545 0.9360963484868312
15 27 24 21 51927 1.0985677710057054
12 17 24 2 81979 1.0089199804122946
8 28 13 4 79220 0.9022452457393934
22 25 22 15 54656 0.9347875105439354
25 26 16 19 51885 0.9847803082298678
19 14 12 11 32049 1.0107985648633133
0 7 21 22 102450 0.9610718565615701
15 5 24 20 80208 1.0108257136256809
11 4 22 5 56002 1.0261075408241505
27 17 14 1 88493 1.0316354954709017
21 10 29 26 82147 1.007779471858573
22 13 22 28 74138 1.0497086757675749
27 21 20 13 56223 1.0323435069495575
23 15 11 23 68149 0.9814036865046729
27 25 18 27 34599 1.0044208438785769
11 16 7 24 34799 0.9407560188910453
9 0 1 21 105255 0.9089200519418266
15 15 13 26 37132 0.939466832859008
15 8 4 12 49347 0.936943226033602
11 10 3 16 48694 0.9285198580188496
10 21 28 8 87112 1.0767767326104947
25 25 27 13 56070 0.9815822312702057
15 11 26 24 70214 1.0508653635750556
16 23 9 2 76121 0.9299553185460968
8 28 4 21 48963 0.9022334933327468
15 11 0 19 78229 0.9942316513663834
20 21 8 6 86767 0.9867380051440091
12 26 16 14 44746 0.9842546295191235
14 29 29 14 88581 0.9488630467453264
1 16 10 19 50052 1.0884923619112077
21 3 13 18 69267 0.961827213859658
5 28 15 14 65978 1.0782719569407397
27 9 14 3 55599 1.073469539001326
8 19 17 7 60965 1.0976239501134817
11 18 25 21 69911 0.9525394079630816
11 14 19 24 45195 1.000955542439546
27 28 13 8 96393 1.0519782036519372
26 3 3 14 108022 1.0608252427709268
2 23 20 7 88454 1.06856557326133
24 13 16 24 60611 0.9800175381252507
15 22 14 9 39637 0.9838682962965571
20 4 2 5 89781 1.069564318427269
15 2 25 26 94773 0.9718468696965592
29 8 0 25 124336 0.9655629833868262
27 0 15 29 130719 0.9777639863766491
12 23 14 6 48937 0.9689320403786992
8 1 1 22 101996 0.9828718241294677
5 11 5 27 71559 1.0497848997405694
13 29 19 9 71568 0.9276545948049756
6 28 13 7 73813 1.0883995436019884
5 3 1 9 47944 0.9215734623400134
0 1 20 22 124937 0.9587425486251326
17 6 25 14 55322 1.0661930972722513
14 0 25 8 60607 0.9477661703219669
20 23 22 6 77581 1.016162566606853
3 2 6 21 91424 0.9952421232486842
20 13 4 21 85245 0.9301935188974148
13 6 23 23 80516 1.0868358580499775
6 29 16 11 75171 0.933893180393502
22 18 15 13 42048 0.9924379319648611
29 6 3 10 86191 1.0915817844627176
19 3 16 26 80622 0.9472278938427879
2 24 29 0 147418 0.946354330605953
23 11 6 5 74726 0.9025010566404662
12 16 6 12 32219 1.0803048259634425
15 0 20 21 82546 0.9244993736982705
28 3 1 26 135421 0.9652899402746198
11 20 21 29 52856 1.0766593233453927
4 21 21 14 90505 1.0502931849838943
11 23 26 25 52433 1.0879793712778414
23 24 23 7 89230 0.9860795744827795
0 20 17 26 70471 0.9190017789985546
27 4 11 15 76214 1.092874442773305
5 7 23 26 97873 0.9201868159227349
9 29 11 21 28314 1.0107056275459179
7 14 7 29 51327 0.9036397922467687
27 0 14 6 72538 1.0004155356088755
22 10 25 1 56217 1.098686485710914
25 19 18 22 44015 0.9867111457316413
14 7 1 21 84858 1.0814707112830912
16 1 21 26 90884 1.0800252481934518
21 3 17 18 66344 1.0162536969689544
8 26 2 9 69100 0.9437426813619871
21 20 14 17 41567 0.9201763772284844
21 13 26 24 65081 0.9591760475971016
26 29 12 16 78527 1.0584519556410554
19 0 23 8 46033 1.0090303928453799
21 15 14 18 40091 0.96728189066399
7 19 23 13 73728 0.9378201487064644
7 24 26 12 90386 0.9110983140461234
22 15 5 23 81649 0.900191054801689
0 28 23 16 103075 1.0087179150199328
7 19 29 6 102458 0.960149992593042
11 22 29 12 83365 1.0805316199685389
4 28 25 17 98751 1.0245045780564592
13 1 5 8 48530 1.0857257630106112
11 17 23 12 55783 0.9243470739845485
1 12 25 3 100498 1.007668444246984
21 16 3 14 79434 1.027093152791212
14 13 8 23 41392 0.9461666161194004
5 22 15 13 59058 0.9471365781672832
27 17 14 2 85964 0.9041128558935264
7 20 20 19 67450 0.9501299172392339
6 2 2 23 94292 0.9412957923187646
2 18 3 7 60161 1.01198820106787
17 21 19 11 44509 1.0574993461431144
2 29 20 23 66228 1.0062403850702644
5 9 18 15 52227 0.9165241490116562
17 29 8 26 29610 1.0868665495247851
13 9 9 2 34374 0.9347311887152079
27 24 5 8 101432 0.9090178132826056
17 4 29 9 49806 0.9513473118997872
1 29 27 26 81083 1.080774700618077
11 19 24 3 87252 1.098478172971362
26 29 13 6 107984 0.9619780872959324
9 3 19 11 54691 1.049421301156577
22 8 10 4 57558 1.0013906946174733
15 7 17 22 48862 1.0085341923943716
9 14 12 0 40913 0.969767129929121
15 21 26 24 40356 1.0651062290324378
16 1 6 8 53723 1.046631454400975
26 4 3 11 92507 1.0565474929560381
0 4 18 5 84045 1.0624104684590412
21 24 0 15 96715 1.0750506823172523
16 0 5 16 83587 1.032602839992176
19 24 4 1 106391 0.9693262536251279
20 20 24 2 95650 1.0475862206349158
7 16 13 3 53823 0.9572469173343123
10 26 2 19 60407 1.0283227308094918
28 5 27 23 66867 0.948522120129102
14 16 1 8 53343 1.0539182723128206
5 29 20 6 98930 1.0712789087365082
16 1 26 7 58002 1.008039143119961
6 16 23 13 69069 1.0037046368198659
5 29 22 9 95903 0.9619408487069652
16 28 3 3 115099 1.0402408000196317
0 29 22 13 104450 0.9031345923392914
23 24 7 10 77914 0.9270739516617005
4 22 2 1 111820 0.9786526038142012
18 17 1 24 70452 1.044175276123998
22 6 0 9 66983 1.0326558597284987
25 5 11 1 69344 0.9801687997468587
9 10 13 21 39996 1.0613312062246367
9 0 0 21 106652 1.0064016305042387
29 0 5 29 149885 1.0381849441236228
10 9 1 11 29013 0.9756153152418373
16 11 15 0 34951 1.0798818467224716
25 19 2 23 89614 1.0802024743558911
4 25 23 5 113275 0.9064031631435728
10 3 26 29 123437 0.9019787908689548
15 13 0 22 72676 0.9607540790839698
7 4 13 17 49632 1.026333708202995
8 9 23 11 51711 0.917095990930996
26 17 14 7 70101 1.0866654763246024
29 16 1 12 102404 0.9157569534930584
5 2 7 22 79628 0.9387340756792258
14 17 2 10 53147 0.9146754118225017
5 10 19 6 48884 0.9825247143542006
7 27 3 15 67337 1.038847336621204
26 25 10 4 106814 0.9981660694613932
22 9 28 19 51303 0.9850508252234985
0 25 12 15 60221 1.0331437002984964
19 23 0 17 81180 0.9765686130731667
3 23 0 15 49327 1.016334432267113
1 24 18 14 77510 0.9999811168911091
5 0 29 9 103722 0.9584940594176105
9 28 7 6 74246 1.0828501744116863
18 28 12 7 71968 0.9969863928499141
21 23 29 9 72653 1.0016835618059614
22 8 17 20 59818 1.076512218570884
9 25 13 19 28298 0.9412608720210343
11 4 3 23 71610 1.064710429555649
3 1 9 18 83315 1.0156099529263514
3 20 5 6 80090 1.0027134666480106
10 21 6 29 40200 1.0830393433339807
3 21 27 14 110132 0.9742144909507255
7 13 24 19 80839 1.052243218222863
9 2 23 5 70799 0.942794333920701
20 12 22 24 59483 0.9080073634416297
13 27 28 24 53412 1.0378926296895474
12 16 17 1 57380 1.0203223163333235
18 29 25 16 70371 0.9379447273575887
25 19 0 23 96980 0.9769625526943089
29 15 20 8 47797 0.9222721350217699
27 7 3 13 88449 1.0370969267376602
1 29 10 3 107121 0.9713877699113311
8 8 15 21 56377 0.9278116837700808
2 22 4 3 107140 0.9324591160235713
11 16 14 28 38789 0.9482680237050167
29 4 21 28 108437 1.0184229537406095
16 25 24 14 70524 0.9660453005510038
8 9 20 20 69838 0.9492951013912118
12 7 11 24 42307 1.0835931108008858
5 13 20 1 78481 0.9047630428445869
10 8 5 16 45901 1.0288684514768323
12 1 25 18 89568 0.966467682881033
22 22 14 15 51471 1.001879348630999
7 28 26 11 106078 0.9557330348685911
4 21 29 9 115952 0.9041505826220851
9 8 11 21 36317 1.0754625362188328
4 0 16 7 75942 0.9780377286036429
17 25 6 22 41569 0.9103474492525825
0 26 28 15 112282 1.0738906248781148
23 7 13 14 54508 0.9551697849673679
12 3 18 26 74980 1.0780348251489562
19 11 1 3 84494 1.0550104775130307
1 12 5 29 83994 0.9448216104052827
13 13 5 26 49709 1.0315500914621927
20 15 9 21 65619 0.927294762463103
8 26 17 22 33574 0.9234598176604742
26 4 23 29 115618 0.9857376538089356
2 16 11 19 49603 1.0921604548697585
17 18 7 26 51322 1.0388396969932252
7 22 23 23 51589 0.9910187821358107
3 15 29 2 121120 1.0206547355250855
16 24 21 19 35307 0.9375002411471228
13 13 3 16 50895 1.0962009811775826
9 0 19 16 77859 0.9023964913387243
15 2 12 22 58589 1.0622343469257245
5 28 28 10 114961 1.0928443800871708
26 16 19 19 35539 1.0789525144383159
11 19 8 27 32632 1.0726574033581762
17 7 17 19 42679 0.9460146365559544
7 1 14 4 39579 1.0718959201844864
7 25 10 2 78787 1.0492642747798233
16 2 0 24 102105 0.9050944493256279
5 14 14 5 53260 1.0973697658402088
5 7 13 4 44247 0.9342802527454787
9 28 10 19 38255 0.976147542475131
14 20 0 9 63873 1.049966183383314
4 0 12 25 99018 1.0532050586358606
5 9 15 6 34218 1.0801089087240379
23 25 17 2 97205 1.0668706254485
23 25 0 20 88318 0.9999268657854896
15 0 24 23 92449 1.0707372067917076
2 11 16 24 77371 1.0953958402529178
26 15 10 0 98862 1.0055883931881695
15 6 0 9 46553 0.9435810719714331
19 20 3 5 97168 0.9174133793162546
18 11 4 9 45757 0.9552581163235887
3 25 23 19 91461 0.9154205453274488
5 14 17 2 71512 0.9764172671322838
8 7 7 25 67103 0.9415810481388626
16 5 23 26 88081 1.03295277418629
20 16 17 28 51483 1.0727041964085662
26 26 8 7 96872 1.0140336687403582
26 9 1 23 103455 1.0380078753304423
11 10 26 9 43903 0.9711385824636151
5 0 3 19 101191 1.025670860803477
17 13 28 18 52455 1.0983704728315566
23 5 7 0 86220 1.014423804196679
14 22 17 1 73158 1.0508240681376682
21 15 12 3 62763 1.076727496668421
8 14 18 22 58463 1.037697936021835
12 27 25 1 115862 1.005707481887064
20 9 11 22 54702 0.9677090601583075
9 28 9 4 75111 1.0959940266014054
27 16 4 7 99665 1.0144631087455014
28 13 20 3 63084 0.9850755098427048
14 21 0 2 98642 1.0242721666132335
4 25 27 4 129179 1.0900602220274969
3 6 10 17 54063 1.0646361872224561
25 11 15 17 53914 1.0162765161693281
16 2 24 26 98233 0.9030709553914683
21 9 6 13 48936 1.0005585964354171
26 7 21 21 82151 0.9908670531671416
12 25 24 24 39890 1.0495021546282497
25 29 13 13 85940 0.9687370381866014
24 16 12 29 74539 1.0836594730552842
28 18 8 1 113899 0.9003091159671643
4 21 21 4 112251 0.9964873338715785
18 0 7 14 75704 0.9771691787052403
13 11 22 3 57163 1.0622613403960501
13 5 17 29 78270 0.9496440836374356
27 12 11 18 67216 0.9814518310478728
20 9 26 24 80985 0.9192235067972546
26 3 7 5 93215 0.9818157248105059
18 0 25 4 46005 1.0263467577143397
6 15 19 7 59822 0.935960413287338
15 27 22 6 80235 1.0936393310081192
18 2 24 7 41411 1.0886012496027158
18 2 3 0 73515 0.996146922281451
21 24 2 19 82667 1.0266226267329537
12 12 20 26 56302 0.9821842855911105
20 4 8 23 84692 0.9326842882461681
5 26 16 8 71593 1.0277093734909415
25 29 12 17 72748 0.964406949976841
22 11 27 22 63857 0.9011544346907195
25 21 2 2 140961 0.9264550480334505
11 24 20 5 74064 0.9212148494632341
22 13 1 12 74025 0.985358974211019
13 11 11 23 37547 1.081354234293946
5 7 11 2 44453 1.0590968372030027
7 1 16 13 61533 0.9631575789393516
5 9 13 0 46604 1.0203818584205575
29 21 7 11 102340 1.0583237341369467
6 18 17 14 57670 0.9607526273139095
27 24 15 12 68573 1.035306471762306
6 27 6 5 86552 0.9121756070486491
7 17 22 29 78788 1.0385370669549974
29 13 15 21 65909 0.9569516487862562
27 22 7 15 92476 0.9979135133407792
0 17 26 25 108364 0.9452672773962036
17 11 3 25 80496 1.007629795328812
18 18 11 22 44650 1.033247265598558
17 11 19 1 39783 1.0201261635454737
14 22 5 6 68494 1.0120416664732421
0 25 14 14 68017 0.9343668520818653
15 6 6 20 68793 1.058547328898623
15 2 2 1 59534 1.0643248118165487
20 0 11 9 59127 1.0637653544516317
14 16 18 23 31682 0.9000795658311512
15 27 14 6 63343 0.973120250139925
2 6 13 5 46407 0.975925023337242
7 10 16 16 46031 0.9869627598855075
15 23 1 17 64012 1.0020423353502161
29 14 13 22 79804 1.086671924648441
1 7 14 0 65649 0.933002434368075
9 25 19 20 44147 0.9963236938307232
17 10 11 0 45410 1.0243244969041423
6 15 29 28 107385 0.9681074999328538
19 0 16 25 90304 0.9954579011488927
18 25 12 16 41639 1.0674476472416266
4 23 4 1 102558 0.91166037970087
6 6 26 13 77520 1.066299247765459
17 2 7 10 51371 1.029345867208191
16 23 23 8 68744 1.0484219381846918
15 8 4 10 34528 1.0441724888925497
8 24 27 20 74275 1.0311762873351435
25 24 17 7 84408 1.0134608825017128
29 20 2 21 105114 1.0537677965800007
20 7 0 19 97042 0.9953886205264502
17 6 15 23 54303 1.0903060175576376
22 0 10 14 78128 0.9704723608938199
10 3 17 7 45917 0.98995123621227
20 15 3 3 95228 0.9459765496119602
3 9 0 28 95005 1.050287289871613
24 8 15 16 49981 0.9930673198980842
22 1 10 13 70300 0.9911463643115064
15 3 11 17 43066 1.097943905800678
5 15 18 4 78959 1.0103964178653102
23 0 13 2 52403 1.0311120707410524
3 19 8 3 83702 1.0717535646925498
29 28 22 16 71681 0.9249779232167383
27 14 6 4 91622 1.0964861235322851
15 27 6 24 32406 0.949267964380294
24 0 24 17 92684 0.999871138745845
19 21 13 5 70577 1.007138046368738
12 8 22 19 70478 0.9534914864261396
29 20 24 26 30839 0.9461238929774771
6 17 13 25 44291 0.9085617749193775
11 27 6 9 57393 0.9903031589496339
4 20 29 11 119221 0.9778872947017484
8 25 17 22 37019 0.9265654122953365
7 17 27 12 80826 1.090530303370924
5 5 15 1 57927 1.068363832260495
18 5 12 17 52755 0.9049552693122317
4 25 0 11 83610 0.9875444789493604
23 5 23 22 98789 1.0269140644319787
4 19 14 2 89248 1.0385375784044624
11 17 4 23 36529 0.9931156147597617
5 25 18 13 72714 0.9844941221848178
22 20 10 18 70733 0.9038025895664615
22 8 15 11 29864 1.0343550065652218
0 1 26 17 132491 0.9226770791937262
8 13 29 0 99847 1.0367765722170441
7 5 17 25 77676 1.0350054873604142
5 4 22 19 107365 1.0528392270707752
0 11 28 2 111088 1.09197420578581
3 0 16 7 78830 0.9967634634928761
12 7 21 15 51039 0.9987747517798357
5 16 4 0 85993 1.0571831575193253
12 1 3 23 76482 0.9229532791187501
6 6 28 4 90246 0.9945745094536742
17 0 4 23 97887 0.9846154203431444
29 0 0 23 149345 1.0306128447591147
28 21 16 21 53718 1.051718717758499
19 4 15 22 64589 1.0110922339941368
11 2 21 29 99275 1.0925988557822581
4 19 15 29 75027 0.9797692402129397
9 22 26 27 61970 1.0720267227114488
14 7 26 14 59228 1.0959727751430637
16 10 27 14 49763 1.0564876242867678
14 13 29 23 75851 1.0215350144870983
7 21 6 1 74959 1.0522119335167437
26 28 12 16 75550 0.9460559182327188
11 5 18 2 40122 1.006391642851823
4 29 9 10 75332 0.942869404660907
26 13 6 8 70466 0.9113713466197629
0 3 27 3 118290 0.9969722566391671
29 29 8 26 64356 1.0095422067899458
4 9 6 18 44536 0.992767567641802
21 10 26 0 70018 1.0543269238239816
16 6 10 14 36122 0.9918449313167033
24 15 16 11 46235 1.0299126266530936
14 16 24 20 53838 1.0241582774263147
16 15 9 6 45854 0.9548736518335347
25 0 1 29 155896 0.9535628238452916
19 23 5 1 103311 1.0961031957182856
6 9 22 23 77942 1.054693453235529
16 26 5 20 54559 0.9282009314325221
21 13 27 25 68585 0.9385152734437711
1 17 20 11 85596 1.0343460279069934
21 5 8 3 70649 0.9317335572782268
9 28 24 18 82020 1.032309139451196
5 4 18 23 90410 0.9696960349266492
16 28 26 1 128611 0.9633075007594906
18 29 19 7 79663 1.094224425320281
8 24 25 23 55055 1.015041719904522
29 26 5 7 110554 0.9514776448357719
15 22 27 4 91572 0.9564167806815714
18 11 8 22 63958 0.9314995447431952
1 9 11 12 29057 1.0608023668219526
6 10 20 20 77910 0.9891106274440462
14 28 26 23 51957 1.0634553675904674
3 23 15 1 86942 0.9537642054130931
23 12 27 4 53366 1.069963451688474
29 20 4 26 85209 0.9980374792881482
10 9 13 29 54548 0.9829159266370808
27 29 24 21 44512 1.0495441744188612
22 5 2 17 98400 1.089037571322768
20 0 22 15 75707 0.9110378841826292
6 1 15 0 45087 1.0242747186410592
29 28 13 16 81235 1.0526219980202565
15 13 7 29 62573 1.0700083609127922
5 5 28 12 87065 0.9301565709963617
13 26 22 7 82817 1.0031270744679797
27 21 20 28 50005 1.0062966695067161
13 12 21 26 63680 1.0964444223051404
16 18 23 22 45242 0.9542658800929584
3 26 8 11 64193 1.0564512565798077
1 7 16 26 84486 1.0079333518566633
2 5 25 16 113189 1.0971107192070513
28 23 17 24 36790 0.9320834555817815
16 27 27 15 82169 1.0364327999981269
24 25 27 16 51122 1.0771450977450185
24 13 8 8 61895 1.0808146670845311
18 10 7 11 38420 1.095899254978007
19 25 6 17 58110 1.0594382913983291
27 18 13 4 91934 0.9624302591026235
14 20 28 6 82982 1.0375495223287456
23 18 29 26 57563 0.9580053228214234
29 25 28 4 73131 1.0455336685329242
25 15 6 5 90328 0.9293445947484897
10 3 10 17 48544 1.0011326305929455
2 4 24 20 131610 0.9167515625694537
7 19 16 15 54158 1.0815087576879239
4 22 7 7 65112 1.0095525514725945
16 2 5 7 60103 0.9888367424000739
23 20 19 7 72358 1.0080023904160758
2 8 10 19 57644 1.069086189882463
26 24 15 15 59080 1.0130206480168442
2 23 28 17 100665 1.0883713113436981
15 19 14 28 27696 0.923725057613757
27 24 13 23 44633 0.9594642508989386
26 26 6 22 67634 0.9438222777085834
1 19 28 19 117320 1.0454063437342973
11 13 2 6 44889 1.0461270403720833
18 0 28 7 61465 0.9783357660512086
28 28 6 8 106086 0.9206677044836484
13 23 4 0 97032 1.030577839256289
29 3 8 26 118794 0.9404860230045787
27 26 20 17 56631 1.0778663679242264
14 4 15 24 59103 0.9948349767486162
14 17 27 7 68472 0.9669416052035824
26 12 7 26 92388 1.0820157755099575
24 21 28 15 46904 1.071272649543782
23 14 29 3 54078 1.0639081470253786
0 6 28 8 91342 0.9012170807175952
6 21 12 13 48910 0.9538718855349718
0 4 12 15 61902 0.9947007740334289
2 6 29 29 134608 0.9907217775124144
15 27 28 14 81604 0.9324013387172875
23 17 13 14 43679 1.0387293380009759
4 5 16 8 54641 0.9145150497803413
15 16 28 16 54805 1.024259646044975
28 22 13 7 96618 1.0767419284326565
8 7 26 10 63731 1.0643345241016655
27 23 5 0 137319 0.9655034773107459
1 19 22 9 95809 0.9609885318406579
0 14 8 1 72915 0.9039344569491804
16 26 5 12 70498 1.0515310755709233
4 3 27 7 105370 1.0582527896914293
13 12 26 3 74655 0.9275918896963532
12 25 29 6 99174 1.014085561444761
4 21 17 5 96102 1.0980181276122598
0 23 3 8 81777 0.925907989290003
10 26 14 16 34874 0.9860849354022857
25 10 14 19 64074 0.9032665230000043
23 8 7 3 67991 1.0659062804676567
3 12 24 8 78641 1.0850470235957868
8 1 11 15 46798 1.0425636074194755
2 5 10 13 54715 0.9996286476144833
1 11 15 24 75287 1.0443048291384616
1 18 20 11 91443 1.0205674637592619
23 26 14 24 31995 0.9125841326048171
28 27 3 26 66286 0.9493002585281691
29 18 20 2 80677 0.9408118664050754
0 7 27 9 82295 1.0838678631425762
23 6 0 23 108213 0.9525144519885274
5 2 21 25 108682 0.9769472041301793
22 18 12 10 59255 0.9272099686565974
5 15 28 13 86248 1.0960105486207121
25 4 18 20 89460 1.0239290842095343
4 6 3 15 59741 0.9255974612764764
16 15 28 18 57567 0.935073070074759
22 22 3 10 94179 1.0397181286268142
21 16 14 29 61435 0.9500118922786707
10 18 22 5 72491 0.9901298143600101
26 15 1 6 104025 0.9699685560217495
28 13 13 28 89516 1.0176208050228657
17 7 5 22 78232 1.0689786485836308
29 4 4 4 113483 1.061745142371463
18 14 15 25 40883 1.0160379216062088
20 25 27 18 55787 0.9656924756083892
3 13 18 1 80144 0.9913066690457688
23 22 11 11 72278 0.9442847025536834
12 5 11 21 39399 1.0331945905103197
8 20 29 17 91498 0.9931876653223869
21 4 16 21 76963 0.9971267496580556
7 14 1 23 48915 0.9311704996512544
17 11 5 5 55894 1.0356696652996138
6 5 21 28 106881 0.9356629023128294
20 12 14 4 45006 0.973665581783956
11 1 26 5 71772 1.0364250088778302
0 15 18 14 72006 0.9616843176715171
15 20 7 10 50716 0.915742545711258
18 7 17 29 78848 1.0657859128088571
2 17 28 11 104105 0.968117940463064
22 15 12 14 45459 0.9831697103642059
11 29 3 19 66647 0.9312324741111364
8 23 11 3 60988 1.0706839106528405
28 21 25 11 47831 1.0091125043270586
22 23 27 2 96262 0.94171357827794
16 17 5 9 50810 0.966582165154481
23 29 9 27 53887 0.9909041333138089
13 28 12 9 54138 1.0603386139263193
2 16 11 3 74913 1.0473590726830957
26 12 5 25 103546 0.9678556144540968
2 17 6 29 64718 0.9347526386752338
22 6 27 17 60272 0.9196879419519265
1 12 14 8 49010 1.0837641993092069
4 14 26 17 91659 1.0087316832340905
17 0 19 16 64631 0.9152964183026178
24 18 28 24 43414 1.0628857272918883
24 10 15 11 34591 0.9300866189169487
2 26 0 16 52637 0.9219782120841128
12 20 3 28 45850 0.9519170988232653
21 19 2 11 96736 1.0350288395525886
25 8 15 4 47104 1.0842655634161735
14 10 13 29 55234 1.0600848930254994
21 8 5 23 81866 1.0789528985915007
4 28 6 13 69801 1.033599866445988
17 28 13 0 90751 1.0587987299360333
17 0 13 21 77188 1.0327924597778777
9 10 24 14 58761 1.0931885475241525
12 19 28 9 69538 1.0427175644295876
5 10 16 10 32807 0.9366194296177482
6 7 26 8 68905 0.9503105735841653
8 15 15 0 60048 1.0331577761988
29 4 19 3 47852 1.0603296362464565
10 25 4 15 60965 1.036099664476435
4 10 21 14 61141 1.0461807109388288
10 29 13 16 41434 1.0376333689239297
27 6 28 23 63414 1.076620686798118
1 21 3 5 87454 1.0675340057356268
24 3 3 28 134489 1.0086725804341823
9 4 18 6 45545 1.031572122632018
13 4 23 21 98609 0.9703800605624249
18 4 2 17 91864 0.9201401343417855
20 28 3 0 134029 0.9147367543765913
7 1 21 26 104966 1.0110150443740733
0 19 26 9 108300 0.9275614638654638
1 9 13 21 59375 0.9077825450386839
22 8 26 25 85199 1.0406808742775098
5 24 6 5 80089 0.9619608774646975
8 26 28 22 64517 1.0890043520600203
11 13 16 24 39472 1.0884727464642094
0 18 10 15 50500 0.9216500995611258
12 28 29 1 125619 1.0753492294215883
14 9 17 21 48272 0.9639111131312139
25 28 13 22 56385 0.9009000850940183
22 8 26 22 77887 1.0134212541628365
15 16 29 11 58585 0.9033169008541121
4 25 7 14 51707 0.9153693130195291
3 21 10 27 46002 1.0214713128042245
13 8 28 23 91514 1.0564375238240389
22 10 28 19 55875 1.054360584608103
27 9 24 22 65877 0.9883931446675925
11 11 1 27 67338 0.9319339046586829
21 28 0 0 145146 0.9446386812684789
6 19 26 15 98914 0.9388218391984856
20 5 27 10 45224 1.007336983680749
23 27 13 8 87312 0.9461414082965574
16 26 8 14 53963 1.0138084339476892
1 4 8 18 75633 1.0130813512545052
18 25 6 22 46133 0.9091495911043156
5 11 0 17 49788 1.066140031420729
23 12 1 9 76172 0.9918441604230439
19 10 3 2 78355 1.0322788576010307
17 1 14 29 90264 1.0953393176855728
1 15 24 7 97541 1.0620110610911695
2 23 18 3 102630 1.0199263156872767
25 12 0 7 87131 1.0947802869060717
7 14 28 21 99443 0.9249648846827955
0 7 14 9 44345 0.96319803206468
0 6 17 4 72789 0.9611048040936752
18 6 11 25 68081 1.0096644269582793
17 29 11 0 90685 0.9886593288120632
14 10 7 22 51739 1.0591503870683663
13 24 25 7 86148 0.9084254707089536
17 16 9 12 40705 0.9113573178536472
29 18 29 6 43241 0.9123223989045877
11 20 20 16 47992 1.0029552886899349
17 5 4 25 92932 1.090894378731911
20 15 14 28 61183 1.001909853955987
15 21 21 12 46198 0.931900225780744
15 0 6 22 87066 0.9827307850891055
27 17 13 15 57892 0.9170069939122866
0 17 10 1 89595 0.946335103199461
2 21 28 27 92388 1.0766130655395167
6 10 23 14 65322 0.9933441535290906
5 11 0 18 53282 1.042319329028419
18 7 23 26 88159 0.9146926469558397
28 22 7 20 78468 0.9425101380325323
5 15 2 27 68490 0.9051546093297117
2 25 22 15 98156 0.907670781967917
22 12 13 22 62290 0.902176766856386
0 3 20 3 90696 0.9474707778505489
1 3 8 13 63784 0.9017592098125412
19 11 29 27 88565 0.9623990158830208
2 3 26 21 151053 0.9835840232336983
29 17 19 4 68627 1.0751645341930873
28 28 28 10 61933 0.9529179192611585
6 14 7 0 56318 1.0650311226335916
13 20 28 19 75021 0.9673258699536734
1 29 20 9 100525 0.9945941212806786
15 26 8 1 86232 0.997462303411889
20 28 20 1 109614 0.9759414330488115
16 24 22 1 93660 1.0452353415648463
5 20 24 26 79381 1.0976926425260207
25 17 19 13 35544 1.0991630416572191
28 7 2 21 125544 0.9971056222890261
12 8 0 28 79899 0.9503698458214982
1 18 1 1 80742 0.9767839261920858
22 4 7 22 98887 0.9209362416899425
20 3 2 17 100625 0.9460155260154262
16 28 23 18 70942 1.0446852936035658
7 4 16 25 77807 0.9191518478461133
23 13 6 23 76024 0.9003299608092262
28 15 7 24 96340 0.9929090799328034
11 7 20 22 69482 1.0531521432886222
5 22 22 0 121509 0.9412268074345297
27 28 22 16 67914 1.061507433434453
25 24 21 7 90629 0.9731921312792406
19 0 16 25 90304 0.9670427664465213
5 4 18 16 78066 1.0483057552404629
14 14 1 20 73734 0.9078280253337437
0 5 17 28 103815 1.047304691453467
29 6 9 9 66776 1.0542769924953705
25 13 13 27 78605 0.9626589953033662
7 5 15 17 55818 1.0459570604370745
2 8 18 16 67006 1.0297166077668891
4 4 21 20 112112 1.0619465109613853
1 25 25 23 78636 1.033435671682391
18 7 13 28 79763 1.0139348650345743
9 6 17 17 54047 0.977468174476011
21 20 7 0 111700 0.9700276674762539
11 25 3 8 63981 0.9728363238260364
12 10 7 22 46702 0.9939099921882113
0 25 7 22 31363 1.0987306951223157
23 26 12 12 66513 1.0036589301868768
8 23 7 8 53696 1.0128349923867352
18 8 17 20 47372 0.9358388480333699
22 11 10 12 50989 1.0266567911184523
11 19 26 15 72909 1.047168353970623
26 9 11 17 58457 0.9031806913937581
22 20 17 14 46853 1.030418638197667
18 6 19 16 43098 0.9998149027682965
0 1 28 25 147312 0.986516448393913
3 28 12 21 43700 0.9028054376697027
19 23 20 4 79345 1.0695371204717643
16 11 7 22 60276 1.051967583049091
16 25 27 26 35617 0.9452619298987576
1 18 23 8 97314 1.0937048629745214
22 4 2 18 110555 0.9954400637120591
5 2 11 25 81823 1.0781849720023144
12 27 1 22 45241 1.0370175321199433
14 27 15 10 50019 1.0477840719445537
6 23 6 10 52651 1.0114155150391044
23 24 5 18 77999 1.0420668034230438
15 21 9 13 42427 0.9257253572208719
2 3 19 24 112855 1.0427376785044586
25 22 14 10 78306 1.0643788391032258
14 13 10 7 28547 0.915280507075035
19 2 4 27 108615 1.0809777097347697
18 28 9 27 34872 0.9354473273522196
16 3 0 28 108865 1.0864211271486284
22 17 0 0 125069 1.005912029099389
25 19 11 12 72280 1.0235752642944465
8 2 23 1 67097 0.9836813387271637
12 17 27 27 65634 0.9496998838854396
25 15 1 27 108140 0.9123256306393634
16 4 6 11 52312 1.0379420191456448
2 15 19 0 101265 0.9473984759197728
22 8 13 16 51139 1.0706975762947637
24 9 13 24 71466 0.9229063660822977
15 14 2 8 50326 1.0131186733945161
26 18 10 27 86107 0.9562360952735075
15 13 3 24 65377 0.9391417951024225
28 4 18 3 49241 1.0115571965982784
13 21 9 13 33376 0.910940765936011
1 14 4 4 59318 1.014074606365169
22 17 19 8 47817 1.025986375970052
19 24 29 28 41841 1.0202705096089266
23 26 12 19 48730 0.929513310652654
13 2 10 27 72964 1.0176425795986208
28 7 10 5 74759 0.9379979259660282
17 0 3 26 103072 0.9241495519041286
10 0 18 9 50431 0.9794810344637902
6 18 13 12 47468 0.9755539976520924
14 2 8 27 83834 1.0903683242972164
1 5 13 27 92589 0.9794337787885253
27 9 10 6 59859 1.0347896762680067
17 9 26 23 80553 1.0098726299125793
4 5 20 6 69774 0.9680934852923394
27 18 27 2 62645 0.937421484216923
20 6 4 4 76671 0.9044628990060738
25 6 16 13 50353 0.9461590608066012
4 23 21 15 78593 1.0968336133160985
4 23 14 9 61020 0.9629024438781425
13 8 24 2 61693 1.0368524607748568
3 25 5 6 91617 0.9882046293335748
28 26 6 16 90693 1.0691867711034204
10 13 29 14 63602 1.082789321047319
16 12 22 19 52093 1.0991717149144766
19 1 1 9 72651 1.045972683320843
17 2 2 24 101863 1.0342943906301054
20 1 14 23 84515 1.045423748606833
12 11 29 4 72043 0.9652038568322241
9 17 1 21 50659 0.9573190713740997
29 10 9 19 85953 1.0943206611857657
26 2 18 12 70070 0.9945850605425195
1 4 28 25 134469 1.0478028572357225
2 22 29 15 113696 1.0127764119032816
22 0 10 18 92126 1.0208434778591808
4 12 23 26 95868 0.9847332977953717
22 1 10 15 78824 0.9177376315510538
10 8 3 22 66681 0.9826568975221974
14 4 22 14 54549 0.973435518556798
17 2 11 12 43705 1.09624192517999
14 13 2 25 68417 0.9258287561874747
6 5 21 12 71642 1.0345067064375586
20 11 2 5 79693 0.9280405849166037
6 25 15 29 35942 1.0632756079913384
24 20 12 28 66131 1.084394415434373
16 12 2 8 49950 0.9967055076843215
24 12 9 21 78905 0.9009479152779801
13 1 1 24 92462 1.0667011318097837
9 26 0 0 113250 1.0476155508543572
9 19 1 11 54846 1.0385488259483933
20 28 7 20 61732 0.9372226409852142
13 12 0 28 76576 1.0439076578181465
8 24 0 10 76010 0.946925045258208
18 21 25 7 84116 0.9238769510469492
22 28 25 10 92201 0.9589848414523656
15 10 24 23 65345 0.9924418030355104
22 6 4 4 83220 1.004481712266213
15 26 29 28 47766 0.9852890276535022
25 28 21 10 92933 0.9055358846057107
27 26 22 3 109942 0.9905662989451871
24 15 2 21 107821 0.93810314307383
29 4 24 24 85466 0.9226179364882479
25 1 8 2 74464 0.9618811456059562
24 18 14 17 40847 0.9316387230624815
25 11 18 1 55975 0.9951698561048762
1 2 4 23 109637 0.988303520833048
26 15 5 23 94352 1.0701760722739546
9 26 20 28 36981 1.0715890009510802
0 16 29 26 115343 1.0709885514905033
7 22 29 25 71521 0.947266961903919
25 18 29 1 75975 1.062884363595889
11 21 29 3 101422 1.049445563342419
11 4 0 2 50928 0.9965870452625794
8 9 13 1 33369 0.9296832303473461
23 8 6 25 91905 1.0961005313076129
29 28 16 14 83387 0.9072729892376316
28 29 10 20 74232 0.9670619387350169
0 6 7 25 87272 1.0961327299229746
16 8 3 9 36584 0.939159522313875
12 14 29 19 72951 0.9715384923609215
15 18 26 14 53587 0.9185005762975063
17 11 3 4 70039 1.0759854884198612
12 20 25 27 56745 1.057306603013313
2 11 20 13 66249 1.062959438611698
21 16 28 19 37905 0.9376613454331507
26 5 15 6 43020 0.9484281123523499
25 7 28 24 71583 1.0706452970597014
26 3 13 19 92832 0.9704460588976285
5 28 3 9 85619 0.9637716168146504
15 10 29 10 46068 0.9265555138383281
28 14 2 21 115519 0.980061459790412
22 4 13 0 54557 0.967424257120061
25 13 16 26 70057 0.960735941175674
6 27 9 3 82150 1.0067761866501173
22 12 0 15 88714 0.9148754839708056
25 12 15 22 63459 0.9620954889327498
24 12 1 12 85544 1.0924476283472864
14 15 24 6 55431 0.9101573171798257
16 21 0 9 77857 0.971096546495861
26 7 26 25 76604 1.0180135273532032
16 10 12 28 57381 0.9155123422001369
28 26 3 5 124145 0.9364939629938644
2 23 25 20 84788 0.9155492257923694
22 17 10 6 71903 0.9483477142599172
25 7 27 18 53451 1.0368475185343207
15 17 16 27 31427 0.9489902981633657
16 13 24 28 78796 1.01555468359081
20 13 12 9 34181 1.0439336921017959
7 29 7 15 48543 0.9479708395737851
4 4 11 18 62506 0.9556639857418858
9 2 19 21 89184 0.965601854022608
20 8 4 18 79332 1.0173612949618336
16 0 1 5 84889 1.0750582408487286
9 12 6 2 44107 1.084111857139924
23 16 3 5 101403 1.068927509525892
2 15 15 5 70518 1.0900610353273958
24 16 20 28 65277 1.0562715351860787
2 26 21 3 110014 0.9390086417899467
6 17 29 14 88781 0.9164378429607977
25 22 15 8 80906 1.042636107702387
22 2 2 7 90575 0.9008344925483124
29 8 19 15 51699 0.9084674601776604
27 17 29 3 54460 1.0517850569978315
14 7 28 3 66073 0.9750603654634026
0 27 21 24 62845 1.0586191661920512
11 27 3 21 46335 1.0009701735546
5 7 8 22 65198 1.0839829516656807
4 21 17 27 60231 0.9639835180445153
7 24 15 20 34577 1.0777735303035874
0 8 8 24 76370 0.9783752893442166
12 29 13 20 29226 1.0778047186885884
19 7 7 24 74487 1.0471849892290517
17 27 16 17 35585 1.0797992261900777
16 9 5 8 35265 0.9209360366045745
5 1 5 17 72677 0.976979107196008
24 11 13 9 41230 0.9289266532459244
3 21 11 11 63575 0.9676328726731374
26 2 7 0 85262 1.097975330865623
1 15 7 20 41126 1.012583701306682
0 9 18 2 70129 1.0602677586104956
3 23 26 19 92842 1.0617098186624836
1 14 8 7 48207 0.9318450394886566
18 3 28 24 103564 1.0789187763381463
11 13 19 9 28365 0.9456007317323778
1 19 26 24 95723 1.0255516545506074
22 23 27 17 43532 0.9568536558936922
10 0 2 20 107708 0.9433771932630081
28 25 23 6 81606 1.0271398274039742
16 12 18 21 42737 1.0592464570706104
26 6 4 0 105054 0.9629988602334525
25 27 24 10 80914 1.0134011539401613
5 5 8 25 83460 1.092063332475248
7 26 5 11 60981 1.03418945043276
10 24 20 8 64419 0.908371376932705
7 25 3 15 59428 0.9080842745537726
2 5 2 28 120587 0.9957844443630116
26 22 17 5 97802 1.0290929897587668
14 0 5 24 87071 1.090392844747341
27 4 20 13 60401 0.9823096023417308
17 10 25 6 36820 1.0284060850095038
12 25 29 15 83884 1.0422449567660623
4 21 21 8 98263 1.0148643459548325
18 20 7 6 76960 0.9509657344048977
1 23 4 5 94971 1.020476522283933
12 2 0 23 84893 1.0335588001047853
10 26 27 13 81472 1.0846538823864142
7 22 24 20 72175 0.9770804993189801
15 27 20 15 56866 0.9534960268459158
20 26 2 15 95385 0.9390669194316884
20 29 24 19 62585 0.9422010242455555
21 5 10 27 88374 1.0979663583836021
1 21 5 0 116849 1.032229940974087
27 6 17 11 46955 0.9301742498649661
9 17 20 26 53124 0.9908667124228475
1 20 7 13 51303 1.0277946659158976
16 28 5 22 54082 1.0613826348763566
0 25 22 10 106002 0.9698575214806746
10 20 10 4 53734 0.9992925603231936
24 9 10 18 61776 0.9913957080619004
15 5 26 5 45019 1.0044549356029024
19 21 26 1 106411 1.029126180466637
6 10 1 27 78428 0.9100765616160144
21 7 13 11 35556 0.9908355515975278
28 15 1 9 89850 0.9998371118268186
16 17 23 6 59726 0.9609078770519998
19 21 28 19 50874 1.0844796193316149
19 8 29 23 74427 1.0302081357835804
16 22 14 7 49196 0.9590040899870242
0 15 9 0 79870 0.9381489410255421
4 10 4 0 63026 0.9533026711097639
1 12 18 16 71357 1.094686904027097
21 28 1 18 100655 1.066704333726856
26 24 3 19 94644 1.089927832962694
27 23 19 13 66184 0.9388506909941993
11 4 29 21 102471 0.9675018855925595
7 2 25 15 96150 1.064070844325985
1 0 0 15 73678 0.9050215184732203
11 4 2 7 48019 1.0232431837372185
0 0 29 6 128859 0.9791839903549369
3 20 13 11 73152 0.9789850060330735
17 22 20 0 90176 1.0048926723654308
29 7 24 22 75315 1.0495824567980196
5 9 21 1 70983 1.0673382384460457
26 3 1 19 135077 1.085631312917443
0 10 9 18 56368 0.9001815606916116
0 29 5 15 80595 1.0982063881333903
7 21 1 3 86860 0.9252918375170361
14 19 25 4 80525 1.021613325137566
5 4 12 8 40765 0.9183649065845456
16 7 2 26 81539 0.9638399707155423
22 16 0 27 93590 1.0227277075807641
10 26 1 28 31649 1.0898416125175003
24 12 17 15 35817 1.0074073915984152
10 10 16 6 29602 0.9302714231576796
29 27 4 1 143088 0.9879155677176927
15 19 29 5 81743 0.9089687739231246
15 12 10 29 56553 1.0130004441169678
12 21 1 5 71795 1.035157268917977
18 2 26 11 56803 1.0769731133408218
6 5 0 23 91324 0.9987639331946893
1 3 13 27 103233 0.9863568369104264
9 12 19 18 53502 0.9089641671905131
22 14 20 26 58628 1.0091267982269214
22 22 13 10 69088 0.9522821712960723
3 26 6 12 62890 1.0351828272704542
7 14 20 10 51547 0.956380779010612
5 29 5 18 59071 1.053105236974013
14 27 23 29 39060 0.9779438555704186
14 8 3 21 79190 0.9827539020188142
15 4 14 15 32689 0.9265400061397521
11 14 2 4 61364 0.9547222395791193
13 27 26 7 100846 0.9154997715908649
21 16 3 19 89587 0.9901508727042635
12 20 6 2 65562 0.9220862782008544
1 8 16 20 73457 1.010205753084392
1 13 19 3 80235 0.9131231491643346
18 0 21 27 110240 0.975686202436866
22 22 14 13 57854 1.0990703958117292
14 21 18 29 33861 1.0371190478703103
2 21 11 20 44463 1.0887250621044768
2 20 11 19 54243 0.9043941643042973
12 26 24 3 104943 1.0505933361010773
1 11 11 22 62842 1.0357179364782505
4 16 17 21 71623 1.0237718207208624
2 12 2 24 69283 0.9870270007067622
