2655 2668 2181 2140 2491 3029 2918 2813 3327 2886 3450 3495 3290 2364 2414 2269 3777 3859 2364 3637 3851 3457 2920 4884 3951 4479 4239 4849 5118
5148 5932 5250 6183 6125 5349 4783 4867 5692 5094 4992 5808 5212 5486 6204 4521 4615 5653 6122 6078 6006 6234 3692 2492 2635 3251 3217 3545 4029
4816 6218 5848 5484 4563 2363 2807 2470 3038 2650 3304 3047 2987 2755 2217 3193 3326 2559 3128 1998 2599 3503 2262 2483 2429 3551 2804 2322 3000
7230 8567 7510 8238 7411 7958 7358 7790 8370 8470 7922 7915 6846 7539 7114 7825 3994 4481 3918 2896 4149 2849 3933 4005 3083 3907 4020 2835 3298
6304 5411 5138 5990 4842 5776 5297 5998 5724 5674 5424 5084 5451 4642 5192 5968 4530 5406 6162 5340 6066 4643 4536 5483 5179 6007 5255 3207 3492
6765 6613 6980 6425 6882 7324 6811 7254 6597 7642 6212 6893 6963 6312 6254 7274 7666 6792 6754 6509 7287 2498 2292 1895 2482 3017 2949 2291 3061
4656 4963 6084 5140 6033 4543 5456 4935 6068 4509 6156 4320 6084 4789 6014 8841 7545 8104 8628 8450 7871 8562 7872 8438 8500 8537 7726 7879 7376
3478 3415 3332 2672 2428 3904 4128 3879 3730 3659 2766 3956 3468 3332 3075 3089 3701 2812 2835 3519 3300 3259 3903 3583 3580 3693 2341 3451 2492
5860 5840 4131 5245 5156 4326 5346 4321 4137 4988 4809 4866 5714 5952 4501 4519 7271 7197 7896 8144 8212 7583 7582 8315 7017 7014 7677 7505 7954
6742 5776 6226 6243 7073 5700 7092 5983 6939 6877 6906 6312 5786 7128 6526 5874 5448 6618 6379 6796 6726 7978 7940 7662 6940 7117 8418 7766 7709
5193 4646 4239 4917 5014 4690 5003 2675 4056 3065 2556 2324 2948 3748 2811 3359 2508 3326 3456 3126 3471 2804 3855 3544 3786 3418 2400 3742 3887
6413 5418 6221 6250 6025 6587 5252 5167 6492 5315 4931 6290 5685 4947 4900 5643 5849 6242 4941 5460 5525 6315 6468 6453 6157 5860 6156 3988 3549
2511 3102 2695 1608 2987 2940 2158 3156 2452 3066 2277 1498 3189 1757 2813 1901 2881 6136 6543 6326 7576 6274 7603 6722 7753 7459 6954 6496 7533
2491 2032 2836 2318 2541 2170 2162 2672 2345 3067 2058 3307 3220 2681 1626 2153 2288 2234 2507 7842 8285 7244 7933 6930 8353 7645 7698 7581 7071
4557 3977 3761 4098 3787 4375 3743 3135 4407 4418 4234 4416 3243 4105 2864 2893 4565 5554 4402 4682 5536 4435 5443 4691 4365 5414 5797 4337 5180
7609 7393 7000 7314 7008 6703 6567 7426 6843 5944 7457 7034 7269 7587 5994 6434 5411 6612 6774 6372 5769 5725 5450 6174 5697 5901 6697 5469 5418
5138 5833 4435 4999 5083 5182 5787 4423 5019 5036 4049 4446 4441 4438 7171 5993 7343 5950 7644 7144 7553 5818 5864 5911 7344 6160 6918 7331 5822
5960 5492 6709 5902 5927 6622 7128 6096 6703 6392 5755 7305 5890 5465 6613 6920 7199 5628 7276 1975 1732 1440 1482 1579 1568 2732 2614 2150 2816
6150 5364 5293 6246 5203 6093 6256 5239 6106 5595 5311 5878 6125 5179 5482 6561 6128 5320 5835 7994 8056 7628 7974 7234 6850 8009 7615 6832 7892
2939 2993 3492 2713 3518 3063 2417 2744 3683 2591 2283 4677 4695 3562 3508 3497 4440 5018 4767 4308 3833 3971 5091 3471 3958 4264 4542 3459 5013
4558 3900 4518 2128 2397 2969 2410 1789 3255 2426 3439 2671 1858 2931 2776 3155 3258 1706 2871 1824 2986 2069 3244 2808 2436 2137 1937 3272 3213
4739 4521 5925 6067 4794 4698 4715 4876 4893 4351 5278 5124 2976 2611 3533 3089 2739 1885 2189 2142 3365 3467 3618 2769 2353 3117 3365 3440 2252
4870 6071 6009 4860 6632 4912 5600 5072 4875 4890 5301 5235 6178 5310 6644 6066 6160 5208 5809 6414 5694 4817 3548 3634 4773 3292 3167 3165 4424
4241 3946 4161 5256 4943 4510 4316 5685 5482 4794 4211 5335 5332 5060 5659 4275 5192 4989 4990 5033 4793 4546 4570 4218 4636 4305 3978 4121 4879
2742 3828 5613 7052 5973 6559 6377 7244 7093 5496 5596 5483 6363 7178 6568 6001 7037 6700 6646 6300 7227 6280 7113 6948 6958 6598 6782 7154 5951
4571 5050 5998 5631 5465 5328 4708 4487 4452 6034 4556 4560 4680 5111 4787 4097 3974 4825 4945 4604 4820 3805 4126 3607 4217 4226 3217 4075 3780
2668 2167 2799 2745 2115 3162 1772 2941 1848 2637 1905 1750 2527 2788 1562 1541 1985 2891 2229 2805 3179 1426 3134 2614 1640 1539 2146 2315 3474
5253 3752 3929 4318 5152 5861 6275 6344 6543 6107 5152 6566 6040 5783 6062 5459 5939 6611 5798 6336 5443 5859 6535 5186 6669 5740 6790 6102 5291
5172 5186 5372 4559 4019 4115 3867 4465 5240 4974 5505 4873 4698 5065 5310 4211 4989 4182 4810 5269 5036 5258 4497 5317 4888 5506 4636 4857 5629
5605 5889 7316 8041 8537 8074 7364 7439 7756 7823 7908 7490 7093 7836 7722 6816 7802 7155 8034 7530 8489 8491 8494 8504 7582 7642 8178 8147 7858
8432 6565 5685 6836 2852 5810 6391 7041 3920 5170 6655 6427 7823 3487 6489 6100 3387 4779 5178 6416 1225 7590 6291 3411 3470 6152 1952 3932 5145 6084
7682 5634 5234 7942 3840 6385 5941 6514 4223 7371 7294 6802 8229 4683 5578 6286 2275 3881 5233 8005 2534 7517 6398 2047 3166 5425 4619 4853 4660 5735
8325 5750 5081 6645 2878 4860 5994 7593 4938 7557 7443 7387 8716 3589 4863 7839 3058 4171 7465 7577 2065 7265 5154 3094 3945 5815 4309 4519 5594 6011
7767 5222 5563 6743 3542 6535 6689 7862 3395 8071 7817 7793 8764 4975 5354 6537 2823 4381 7343 7491 4320 7895 6004 2058 3082 4511 3683 3736 5994 5158
6643 6899 5632 7018 2645 3348 6016 7174 3217 7684 7425 7305 8494 3926 5947 7649 1834 4275 8227 6334 4420 7473 4724 2382 3119 5242 4028 4954 5020 5436
7249 6636 5807 8205 3553 3703 5571 8045 3113 7407 7991 7863 7935 5393 5903 6411 2776 4195 7883 6493 4517 6945 4832 3423 3032 5536 4204 4508 4800 5413
7743 6480 5153 7862 3919 3196 6845 6800 1563 8045 8110 7294 7933 6573 5290 7416 3232 3626 7921 8041 5747 7541 6343 3269 3466 6156 5150 3745 5713 5851
7518 5306 5715 7787 2296 3452 5413 8108 1953 8160 6686 6976 8236 5764 5390 6682 2238 4904 7216 7084 4825 7223 5333 2271 2869 6003 4823 4611 6159 6047
7548 6526 5057 7203 3844 3682 5778 6785 1939 6741 7410 7400 8116 6611 6540 5069 1999 3826 7232 7389 5556 7786 5570 3570 3233 2311 4335 3225 6088 5748
8468 5379 5776 7356 2733 3443 5866 6792 1708 6675 8291 6905 7537 6304 5118 4732 3303 4689 7156 6973 5539 7981 5446 2736 3989 2511 3596 4655 4537 4989
7160 5532 6199 7371 2503 4182 5956 7067 3278 7094 7417 5649 7619 5838 5958 4530 1967 3720 6855 7150 4525 7059 4915 2793 2369 3371 3727 3871 5243 6741
7631 5384 6347 7736 3399 3551 5692 6006 3261 6585 7161 4626 7740 5572 5590 5479 3416 4106 7859 6876 5929 7195 6089 2946 3787 2598 4523 3823 4910 7638
7571 5206 6045 7543 3081 3411 5835 6970 2072 7489 7958 4843 7538 5909 5874 5865 3165 2500 7617 6300 4625 7045 5845 3203 3441 2371 5369 4106 5673 7146
7936 5574 5124 7784 2912 3663 5323 5759 2606 6853 7392 4213 7988 5344 5581 4096 2696 3145 8165 7142 5854 7452 6298 3143 2588 3402 3600 3667 6294 7170
8351 6304 4919 7311 2608 3797 6850 6901 2778 7694 7430 4855 7798 5949 5583 5853 2518 3393 8285 7554 5400 8548 5693 3545 2447 2315 5137 4938 5661 6568
6625 6001 5635 8211 2994 2529 6587 7293 2356 7667 7233 4799 8634 5355 5928 4836 3067 2869 6948 7374 5229 8116 5042 3534 2943 2820 5275 3219 5871 6768
7433 5370 5889 6925 3211 2427 7028 7000 2442 6953 7474 4626 8194 6239 5762 5789 2978 3654 8286 7857 4130 8045 5924 2273 2663 3296 4835 3649 4651 6186
8264 6786 5828 7612 2705 2886 6522 7034 1699 7241 8014 5706 7690 5607 5414 5092 2348 3611 7538 7581 4138 8113 6504 2575 3458 1989 3863 4039 5334 7723
7203 5613 5079 7071 4037 3219 5961 7415 1657 8062 7831 5854 7745 6164 5711 5521 3341 2958 8471 7546 4463 7522 6170 3915 2714 2041 5197 4518 5743 7379
7443 6492 5485 4419 3643 2765 6142 6047 2737 7498 7897 5280 6969 5004 6133 4624 2159 3649 7504 3908 5799 7241 6532 3486 3029 2418 5019 5191 4709 7715
8184 6761 5583 5359 2571 3121 6394 6522 2313 7617 6320 5036 7721 5176 5255 5736 3195 2619 7521 2828 4455 8086 6407 3381 4001 2192 3966 4795 5457 7804
8004 5394 5405 5422 2214 3359 6233 6951 2239 7654 6759 4486 7271 5660 6047 4414 3297 2670 7449 3107 4312 8685 5982 2719 2611 1662 4984 5059 4999 6622
6740 5617 5276 5773 3616 2379 6666 5904 1779 6606 8031 5249 8443 6432 5368 4304 3499 4046 7457 2755 5544 8747 5839 3980 3122 1705 3571 3974 6319 7237
7070 5242 5483 5945 3350 2780 6603 7421 2719 7050 7328 5507 7058 5417 6419 5508 2471 2628 6993 4259 5261 7632 5182 2545 4024 2293 4707 5028 5506 7340
6732 6399 5809 4783 2650 3332 5546 5887 2586 6494 6632 4966 7673 6032 6595 4588 2074 2911 7064 2752 5251 7216 5617 2168 4107 2608 4414 4241 4642 6108
7886 5658 5393 5544 3919 3756 6738 6451 3378 7561 8031 5672 6985 6480 6635 5617 2696 3967 8363 3989 4821 7532 5637 2412 2805 1568 3744 4347 5914 6073
4727 6196 7884 5609 2500 3174 6941 6244 2666 7988 7640 5144 7977 5928 5294 4727 2339 2394 7430 2753 4702 7390 6732 3643 3783 2707 4658 5261 6732 7356
5807 6882 7390 4547 2713 3515 6957 5804 2291 7210 6787 4206 7749 5338 5826 4960 8619 4064 7157 3902 4807 7864 6751 3133 2905 1834 4638 4153 6671 6977
4761 5951 6653 4793 3433 3671 5429 6951 1946 8086 8063 5417 7659 6297 5866 4887 8594 2426 8293 3392 5794 7882 5238 2248 3802 1719 3604 4490 7229 7207
16 10 22 15 45778 0.9626755568552873
9 3 11 12 43152 0.9693697613546765
2 20 11 17 38502 1.0061768870532315
10 3 28 19 85052 0.9085027167958954
15 13 18 20 49280 1.0330128664041722
27 1 23 13 52493 0.9250937014515105
3 26 3 14 42420 0.9371034912513159
15 7 3 7 45931 0.9528401554070713
26 11 13 10 43091 1.0315198337592404
18 26 0 5 111274 0.9319359196965419
8 7 19 12 43351 0.9188378336926424
0 15 29 7 101233 0.9720650760619841
23 10 17 19 58407 1.0804448014639123
10 21 23 9 70383 0.9891209232233504
28 21 3 10 113231 0.9872507000060777
2 15 17 18 53909 0.931141302902798
24 15 8 11 75613 1.0320549226571678
23 7 0 1 84612 1.04158744789305
22 14 6 4 75078 0.998156849597066
16 2 28 28 104026 0.9992184858036347
17 21 0 29 73745 1.024395638645467
15 21 27 29 55435 0.9640557425319075
5 6 20 22 85236 1.0776192226632957
4 2 0 27 88933 1.0280326443880297
4 8 14 0 48966 1.0010577225189468
25 21 11 11 70304 0.9981164532619703
9 29 16 23 44029 0.9702907805604698
28 6 16 12 55388 0.91759386405652
4 18 19 3 79719 1.0284397018455673
9 21 20 12 62243 0.976824171684258
24 28 14 26 43762 1.0522334647028144
11 14 23 10 54783 1.0446960709674404
1 1 20 18 106636 1.0009760808494812
7 7 29 3 73934 1.0426142665115399
3 20 25 26 76358 1.0185226286010725
15 12 26 23 72195 1.0736307390120405
17 12 25 9 46247 1.0071409180327489
1 28 9 9 85311 0.9009618047782681
15 16 7 0 65969 1.0006860741761248
1 8 4 25 60811 0.9948179023030781
29 27 16 9 84618 0.921208083066531
22 16 14 27 51905 0.9041104218922178
16 9 6 12 48739 0.9211554517943955
19 16 4 4 74923 0.993960528261848
29 26 9 28 66397 0.983453832815459
22 10 19 1 36723 1.0657420235131805
17 14 16 4 53666 0.9435232007514733
9 20 16 6 62313 1.065460102368186
29 12 16 11 65925 1.0428787123471974
16 14 6 20 54666 0.9526716261666086
1 7 24 6 78367 1.0192275404577886
8 24 25 29 61234 1.0376173893550817
7 14 19 22 62605 1.027994188473699
18 23 21 16 27165 1.0313319095131441
16 9 20 18 41029 0.9470492293455098
2 8 25 0 89656 1.0277358296912977
21 24 15 4 72774 1.0344189425654864
4 0 2 19 73670 0.9685773067765604
25 13 28 27 47373 1.0455802456982064
25 28 8 16 78137 1.062510834797845
28 22 13 24 46212 0.9660738763498382
20 19 28 8 45193 1.0349962010845015
21 23 27 16 33812 1.093756605079687
14 4 9 20 56820 0.9383019987545308
1 3 9 16 63377 1.0686208065982195
13 20 5 26 47872 0.929016249953383
13 6 25 10 43231 0.9866426162361881
16 23 23 3 75940 1.0807389629585262
1 14 16 2 81289 1.05743687790431
3 27 24 22 84094 0.9547727679396764
23 13 27 0 53692 0.9702904094020135
23 25 3 25 59686 1.0843317988787151
19 16 1 2 94907 0.9341356090918427
29 17 23 5 45170 0.9471563606972329
27 22 4 11 107853 0.9350115547116375
27 0 7 26 116724 0.990987044414795
24 16 0 21 80001 1.0471995971810182
23 12 13 1 59159 0.9801917265538023
16 27 3 16 73705 1.0668410341478378
22 23 12 22 39377 0.9645788052148885
27 0 24 25 67733 0.998165060831565
2 13 25 13 85614 0.982976660172264
19 16 6 10 60832 0.934666621351679
6 16 14 9 44134 0.9928083112108637
14 17 1 21 54723 0.9418272391312197
0 22 6 8 59932 0.9178414696324918
0 17 5 27 39860 0.9323000746887458
13 2 25 6 49280 1.0195216190751115
9 2 19 14 68489 0.9074477744128413
0 11 26 24 105282 1.0955906772044848
2 13 13 3 57326 0.9736618669021933
28 11 19 4 43962 1.0095777718939787
29 18 21 23 42449 0.9824791768213027
29 9 26 29 62594 1.0693500771917548
1 12 28 6 95283 0.9393479008209724
0 21 15 12 71277 0.9163320858726032
26 4 22 22 58850 1.0316997386869273
13 24 25 16 53301 0.9414223572538932
11 4 9 24 69055 1.096037357693604
1 7 15 8 44805 1.0588592606767708
0 9 9 7 37571 0.9946724452598834
9 15 16 5 50858 0.9553625537975289
18 7 2 3 65244 0.9858568493589919
24 8 18 23 56920 0.9900175124587441
14 6 27 18 63109 1.0818672219219623
0 17 10 19 39992 0.9888032740399301
4 8 7 17 38669 0.9232873607470383
18 1 25 13 60180 0.9892170263280874
24 18 10 17 52084 1.072916289996541
25 26 26 3 56479 0.9452221764745564
26 3 13 18 69003 0.9341053107638888
2 23 16 26 52841 0.9896569813622101
3 14 25 18 82148 0.9011670912199551
20 6 7 2 50656 0.9427325817135264
8 27 19 18 59348 1.0606808781648474
21 7 1 12 74169 1.0366758910506146
5 8 17 25 76890 1.0047470030486443
26 6 11 15 60605 1.029989045827243
26 10 10 0 71914 0.9879043001310664
17 11 10 6 42252 0.9324420404698555
18 4 9 16 53686 1.0899610447408026
13 2 1 10 58118 0.9216782288055898
25 21 29 28 39782 0.9497492781170948
10 26 1 10 77394 0.9217077604050666
25 19 21 1 68981 0.9231334132854883
16 11 2 14 61924 1.0223288907152073
7 5 28 12 78024 1.001414229984765
23 16 1 28 95471 0.9078550716356164
23 19 7 3 84672 1.0021979121499993
4 23 5 14 45770 0.9271706084485684
8 8 21 7 35722 0.9710990399550474
15 0 4 17 81533 0.9388699013500694
10 29 0 23 48709 1.070891214265625
0 27 0 10 58700 1.0300185786941953
26 24 29 3 61376 0.9621640798613786
3 17 20 25 72967 0.9995262068018772
10 16 28 9 67894 1.0990004526426922
21 15 14 29 61214 0.9382145799026338
6 4 20 3 46013 0.9429903695171474
23 26 20 2 71788 0.9386259458744348
25 22 8 6 89924 1.0433186035364557
15 19 22 2 80420 0.9991261496703534
5 24 22 28 58321 0.907342496212588
2 12 27 3 90573 1.0170393122595787
11 26 2 14 61734 0.9701324525565851
29 13 13 15 61946 1.0070599821502153
25 19 1 28 97227 0.9418158108443259
1 13 23 3 89643 0.9126249341248149
25 26 9 21 60358 1.033097719736906
7 9 28 26 97738 0.9979327882723665
29 8 29 20 48143 1.090192042796027
28 0 18 23 88663 0.9919212783235163
6 3 29 27 123799 1.0702684484493739
22 7 3 8 51398 1.060478555088925
3 12 17 26 88094 0.9720414686499234
18 11 2 23 86221 1.0831609148959067
12 14 25 20 54414 1.0520304383951
0 13 14 0 80495 1.0207138959972646
14 12 26 0 66527 0.9301591139410278
26 5 29 21 56380 1.0162371876291934
13 7 12 29 83820 0.9777289199669583
13 0 18 15 59847 1.0756441630961247
8 7 0 0 48425 0.9877974535766977
17 25 3 20 55224 1.0828437644756246
23 23 2 12 88108 1.0717706148400727
4 17 21 17 53444 0.938008412972078
10 8 27 9 49109 0.9001730423741804
25 15 15 29 69995 1.0924403525473971
3 9 8 19 57865 1.053462963034295
26 29 11 23 49741 0.9194562135691147
29 10 19 16 52234 0.9485849232626011
0 27 2 18 30106 0.9824282892535463
9 12 21 15 54342 0.9061784255489164
23 10 16 7 29565 0.9066726244724075
18 7 26 10 29132 1.036075297136128
0 24 9 8 70693 1.06715989223345
1 15 3 28 44792 1.0062588819137412
9 1 21 10 64158 0.9031590437561138
20 23 8 22 45301 1.0398340065117768
4 26 7 7 72397 1.0253984134233438
24 2 7 4 63267 1.0318699273673957
15 9 20 18 45209 0.9819379555761243
8 16 11 0 58426 0.9740568470965222
28 13 3 8 78721 1.0261064465446885
13 8 5 29 79664 1.0420995624816285
11 28 27 2 110410 0.9663376255556643
18 26 26 5 70243 0.9431647734173502
11 26 9 17 39202 1.09891027064162
21 25 17 7 60094 0.9509749151211854
28 11 20 2 46965 0.9735072489716257
9 0 27 29 129648 0.988681236495446
3 0 26 6 102511 0.9518732382481043
29 11 27 23 46227 0.957863827139365
20 14 10 19 42876 0.9902169121281585
7 6 27 19 79923 1.0340894705775934
17 24 4 25 44551 1.0074533661161233
14 2 4 26 95214 1.069161894382261
0 11 13 27 86291 1.0171105842155104
13 15 4 25 57881 1.0170267918935194
22 29 1 9 117546 0.9196951700181384
4 19 13 7 60560 1.041979960138485
14 15 18 8 34281 0.9457625696023174
22 16 10 28 64486 0.9298696381404803
16 8 23 2 35918 0.9020031025070684
5 12 15 26 85799 1.0043934295295571
22 9 20 27 59214 1.0863313678963447
28 21 15 11 80084 1.081945371680246
0 1 15 5 58075 0.9012265811631636
21 14 2 22 75848 1.0016589282721238
26 13 17 27 51616 0.953052850052359
0 7 4 24 60855 1.0221254988325743
22 6 6 21 89155 0.946556242982366
28 8 12 13 50800 0.9285371137038343
0 23 20 0 113448 0.9335598942284574
28 19 5 14 83544 1.026044637085271
10 19 24 17 52166 1.0534118050870807
23 7 4 2 76937 1.0822629788319473
18 23 25 19 33225 1.0574187683690914
10 29 19 21 52319 1.013121930110243
8 3 24 28 115807 1.0076259942235806
7 1 18 27 104691 0.9839945221743548
5 18 20 7 70326 0.9516765994016514
26 15 7 18 60481 0.9237283677177093
18 1 9 19 82762 1.0192593389257276
25 14 9 14 62363 1.0150105798571611
12 25 18 29 32239 0.9031910807840955
28 19 25 9 36031 0.939608907218192
24 29 7 18 85845 1.0354678163058013
1 6 2 27 65051 0.9530586623871415
7 4 20 15 63032 1.0173858111287701
28 18 13 6 65306 0.9967252748804857
18 7 5 6 48856 1.0508738262546198
12 21 28 11 82929 0.9632518879729601
27 3 6 11 79757 1.0159139058400224
9 7 15 2 41044 0.9009169594209753
8 15 21 6 63097 1.0119028580893756
14 5 3 23 79076 0.9287452819226137
9 13 15 5 44328 1.0994289003002597
10 12 15 0 55825 0.9695557418520662
3 19 1 6 49860 1.0158458395448728
11 15 19 23 51096 1.0403217980247839
0 7 17 7 57671 0.9602885234161679
16 20 6 9 71298 0.9214017527051852
28 1 21 7 47464 0.9453202496686999
17 2 7 25 97822 0.9332125048057714
4 18 24 22 88340 1.084058123073918
29 28 9 29 82270 0.9020726690821196
11 25 27 1 97636 0.9430718139396899
2 14 11 26 61734 1.093882212296704
2 3 24 9 80542 0.9763573253316981
24 0 15 17 81128 0.9266339752699012
21 14 15 25 44194 0.9083506563159772
19 29 12 14 67144 1.0385713971806139
27 21 24 11 40861 0.9684019622533896
18 13 25 17 37022 1.0274581757171428
5 22 26 22 68009 1.065484437329698
5 3 16 2 49701 0.9493950995557194
16 14 1 22 73286 1.0769058303262569
25 3 12 1 52628 1.0604062884324201
17 7 28 22 71759 1.088897256157983
14 11 25 23 66683 0.9936277213819481
25 16 19 11 33207 1.0410746064479333
25 16 9 17 49388 1.0564810226507262
29 21 21 13 55217 0.9203979172167117
7 12 22 1 75887 0.9546461559537207
26 10 23 0 41998 1.051066367029254
21 5 16 21 66636 0.956317598269034
5 24 13 0 85086 1.076442873445515
23 9 29 16 49394 1.0486427894098362
27 22 0 25 91724 1.0045013946822654
20 12 19 27 43187 0.9395665527360892
1 23 15 8 74477 1.0517781676792979
12 3 12 18 40819 0.9781569282260562
4 27 15 27 46103 0.9414065013415748
29 24 20 10 64190 1.0136153992033088
27 10 0 19 101525 1.0134988937511764
5 12 4 22 53696 1.0828853805473158
19 17 0 14 61544 1.0119612315419868
16 16 13 25 44690 1.0785746916027472
1 24 13 22 44217 1.0487592263716163
3 21 6 1 81424 1.082530959667955
22 1 27 12 55006 1.005273813979433
29 18 16 5 68061 1.082241733824777
2 4 19 29 121696 0.9231949998319371
6 10 4 20 55347 1.0033419134365105
29 23 11 22 60013 1.0741822929323532
16 28 12 16 53269 1.0623758779388162
3 17 0 24 28229 0.9049445948003472
20 13 18 3 36641 0.9957335564034193
29 3 4 17 102164 1.017032453884616
6 19 23 24 71826 1.0678211219380087
8 14 21 8 57554 1.0306115360250916
22 21 17 15 36867 0.9026030943499375
5 6 8 28 90736 0.9243784385145977
29 1 13 8 67560 1.0663282817820599
11 18 6 24 39193 0.9980184542057996
18 9 4 27 97253 0.9067913676224391
4 3 18 15 84133 1.0982010302004148
27 7 16 28 78094 0.9534405955983078
12 21 9 28 41043 0.9287639323540193
10 24 27 10 81898 0.950251465887227
19 18 4 14 61496 0.9956107721877536
24 12 1 26 115018 0.9320109174186634
13 25 27 27 39255 0.9325373342361274
21 7 17 18 48496 1.0014868827315326
2 11 20 13 69353 0.9587797677023899
28 20 24 0 68087 1.0637439955504828
28 18 8 12 83500 1.0572023331728817
10 6 21 5 40241 0.9315576578036568
29 20 24 4 57799 0.9138189287867817
14 17 2 16 35172 1.0861247998571635
22 17 20 4 40623 1.0355137265441416
1 26 19 27 70429 0.9357042744876055
0 0 15 4 56249 1.0189657158184122
15 19 17 11 52979 1.047889119097714
19 29 4 15 89163 0.9029185404797232
26 21 12 17 54216 1.0014523233858625
2 3 12 6 42723 0.9890841470520736
15 15 23 27 57371 1.037112107147817
26 15 18 28 53270 0.9886916913922184
13 28 2 16 73439 0.9927515832957119
22 15 14 8 43052 0.9876406093807865
10 8 22 24 74116 1.0223834346118361
29 21 10 16 76834 1.026338509075073
14 13 29 10 71883 0.9190923488842976
20 24 3 0 126061 0.9742931953266197
26 25 22 16 32643 1.0885790840638578
11 28 1 0 121340 1.0424564786757904
23 15 9 9 67220 1.0994175942451483
9 11 25 11 68146 1.0556824677724392
7 0 26 1 78894 1.0464483038043193
23 19 7 25 61503 1.0446569955343477
17 25 0 12 82761 1.0452848116121325
13 17 20 0 63689 1.0800233065531895
21 18 4 25 71246 0.951797963736861
24 2 25 29 80744 1.0901938285648025
0 21 20 22 69295 1.0913769253469923
9 5 21 4 40841 0.9616213079887025
25 25 25 1 63388 1.0622572061346074
19 12 8 21 71688 1.0129606996961522
28 0 2 27 140505 0.9699611759693266
7 12 2 6 35614 0.9663775640838815
18 4 4 6 50737 1.0364698422612555
18 4 12 27 93771 0.9101218837060846
18 11 12 1 47980 1.0116554869747327
12 17 3 14 39800 0.9344825267652288
23 19 4 22 72413 0.9723662797494954
29 19 18 8 53118 0.9307412995869141
26 13 14 27 63422 1.0850982742206068
16 6 1 11 64181 0.9162454828965171
20 5 3 12 74635 0.9540837962606298
27 28 4 22 77979 1.0579341791146029
15 29 24 10 89882 0.9182674616938323
18 0 1 11 90851 0.9478236263436247
21 4 27 17 46676 1.0232387307935615
12 17 27 23 61327 1.0794958481793808
21 20 20 4 44169 0.9342284271599584
26 17 17 12 49604 0.9597400867261069
7 6 17 5 38041 0.9566023889690735
1 15 5 4 47552 0.9593233614455717
9 15 28 18 65603 1.0780243953763418
6 9 22 1 69407 0.921012905576057
2 23 3 14 29648 1.0874310403091216
2 16 8 12 34697 1.0400550508338164
0 27 3 1 94685 0.9307673293670853
5 25 17 4 89616 0.9009522393451154
0 6 22 26 113445 0.942632910307363
29 2 25 13 48934 0.9410924989678189
7 26 25 11 90910 0.9205600065607512
2 4 3 28 73390 1.081414999791965
1 19 29 2 127765 0.9332198080755411
29 2 11 7 73576 0.9634349575670755
20 3 21 20 46297 1.0438704594543429
3 22 14 16 51736 1.0495037031163112
3 28 3 8 66125 0.966827606719527
13 2 23 12 57127 0.937145318059668
7 14 11 0 61838 1.0821181266235644
19 11 9 22 69572 1.038232045352192
29 25 24 15 38934 0.9506119304575841
14 6 17 29 78282 1.0880542478696384
3 28 17 10 104891 1.0029906976572847
0 22 13 11 64725 1.0142059426303736
25 13 15 7 50478 0.9006996786374439
25 26 29 3 68299 1.0061476495221717
10 0 6 24 97009 0.9542463211631845
1 20 24 0 116804 1.0082182465608673
24 11 18 3 49317 1.0188291141453327
22 6 3 12 82691 0.9656822021127052
6 16 15 28 71931 1.021297799296097
26 11 8 22 84762 0.9040039252757217
23 26 18 3 78569 1.0212322546030217
20 7 28 10 31974 1.059524449913631
16 1 10 20 72150 0.93305153532862
10 18 29 14 70810 0.9670044712335957
1 3 27 27 131359 0.9438516683083625
10 5 23 26 89911 1.0885831873084881
22 3 20 18 46685 0.9672402893192076
27 11 24 29 58870 1.0443914544592852
28 13 22 6 43067 1.060512979958963
16 21 15 2 82234 0.9086951215974378
12 10 2 27 70723 0.9225690088977296
13 25 10 16 38216 1.0157347712889742
1 28 23 3 123730 0.9307217267159908
23 23 13 16 47145 1.0616848521069069
6 4 0 19 63674 1.0680360187435551
16 7 26 16 44530 0.9370567185023587
25 25 14 15 52966 1.0909005890320933
21 9 6 22 83198 0.9854879697921417
27 28 22 12 66575 1.0645051440338962
29 23 1 10 117620 0.9448716678644389
28 11 14 8 44423 0.9362676955171965
22 1 24 20 75429 0.9767143814246307
18 2 7 16 69462 0.9759896600561921
9 21 4 28 46105 1.0322200852767232
24 7 19 2 35707 0.9272054805945132
20 23 2 28 67805 1.074204794954896
0 22 24 0 125337 1.0958822704535078
27 8 3 25 107282 1.0941992806926815
5 15 28 16 76667 1.0097227570592133
19 8 0 16 66871 1.0882151112167124
3 29 29 2 148832 0.9283362131732621
3 25 10 1 102638 1.0730990982707014
9 4 18 27 89132 1.0633211819354274
15 29 17 12 77868 0.933494679148006
7 23 24 29 69029 0.9101127021248595
11 25 24 20 56131 0.9652374613209668
16 5 15 29 93727 1.0917034969360935
20 24 3 8 85051 0.9623621639113193
12 26 8 9 74195 1.0269473640756006
25 28 7 6 103882 1.0948655822854423
5 21 21 1 106956 0.9882585528992371
10 24 15 7 65140 0.9003090904556028
15 29 17 15 59900 1.0828910034694654
29 20 6 26 85613 0.9613421666621035
10 25 26 17 58567 0.9057237016304563
10 20 28 19 71063 0.9074756894525363
15 7 2 20 71324 0.9295438266032489
20 14 12 23 49563 1.0031362175829892
10 7 27 4 55065 1.021162725716883
8 27 13 3 81845 0.9960991813740169
22 24 9 16 57677 1.0665243681831724
18 23 8 1 98235 0.9253009790740971
24 3 6 24 108969 1.0384010044403509
7 6 17 8 32400 1.0256798942588248
24 17 19 28 43668 0.9515538497919447
18 25 26 1 72649 1.0046092736314318
2 3 9 11 56095 0.9923728405119013
2 5 26 17 87909 1.0148937958553348
27 4 1 9 84131 1.0559010154386974
14 29 2 9 100134 0.9309365408897583
25 24 11 11 74414 0.9469105251570473
21 26 0 29 85508 0.9212886335404146
11 28 22 0 121057 1.0357444570390513
7 5 19 0 50888 1.0863669257214346
8 12 24 5 66140 0.9848032806387649
23 7 8 7 44870 1.043186672694525
6 17 23 27 76705 0.9283069440318974
2 18 17 4 74826 0.9828593276480395
0 1 6 12 61600 1.0418247944180001
27 20 3 2 116668 1.039435392884429
20 9 1 3 72193 0.9418745647978709
22 6 28 13 43067 0.9894842747504042
12 25 5 11 75462 0.9990622510874763
11 3 23 17 73349 0.9895767459735679
19 28 1 10 107854 0.9347002002319844
24 20 23 1 69812 1.0859127557473107
11 8 25 14 56712 0.9838236877633546
21 3 0 26 112750 0.9308132979830859
9 8 9 24 56654 1.0952661626605427
0 16 12 16 32308 0.9971950539121707
3 17 12 27 62448 1.0082266089007033
29 18 1 16 86449 0.9650065526683639
24 11 28 24 47757 1.0688446481402152
18 0 12 7 48533 1.0391052023004248
29 19 7 7 83089 1.092981143492935
21 8 29 1 48972 1.0087238656129869
1 19 25 27 88714 0.9773540383716232
25 29 5 26 76100 1.0809814484069225
1 0 15 28 138946 0.9672037564872756
20 5 24 23 60262 0.9953115282892685
10 24 24 2 101639 0.9457711007208892
13 27 25 17 61791 0.9365385134040478
4 12 24 9 76428 0.943854723958923
5 19 25 16 73613 0.9588451080079752
17 0 11 7 52167 0.9734699930685388
8 22 21 8 74703 0.9354244608513065
11 25 29 29 66070 0.9138407933594409
15 14 11 6 40920 0.9748583295811332
5 6 18 6 55112 1.0251257076086193
0 4 29 28 144267 0.9024212087293414
29 4 1 22 121107 0.9580118093595442
25 29 23 6 72692 1.0650381311665855
21 3 2 9 66802 0.9104341112241905
4 3 29 13 103027 1.0432940935138355
11 0 15 19 72355 1.0426312990613515
8 23 20 9 74790 1.0899580645969837
23 6 7 8 46818 0.9167401859033205
9 27 3 20 41214 1.0119085592294175
22 12 4 11 79078 0.9669923360039762
8 6 28 29 115260 1.062862558083478
15 15 20 10 37157 0.977130842527755
9 9 27 18 76095 0.9439214233391179
21 10 13 7 30504 0.970074524405019
21 11 17 0 54921 1.0801064139926508
27 16 2 15 71682 1.0812166981175115
20 28 9 10 84240 1.0367372938782622
12 17 19 1 58384 1.013698686122107
15 1 22 10 58746 1.0520853796817646
11 28 16 22 43289 0.9057075329330643
14 29 12 4 96255 1.0544695214072002
20 11 17 26 45773 0.9975449163247928
1 20 8 5 68325 0.9893356017936266
21 7 7 15 60501 0.9979199156634497
0 4 12 8 47260 0.9857305368426073
20 22 28 16 41450 0.9130309941623188
8 21 27 29 81361 1.025700481228352
10 13 17 22 51794 0.9793989374027684
11 28 23 28 57147 1.0881490320774374
17 18 22 11 41709 1.0197921622297108
11 28 17 16 62615 0.9738224647809187
4 6 21 22 91110 1.0721603734365317
26 29 5 19 86389 1.096359621458067
18 18 9 26 50379 0.9261951503154633
1 26 23 15 92984 1.0579277751766787
18 1 0 19 103424 0.9757661186377641
9 9 17 22 69362 1.0790455607310907
13 5 24 22 80620 1.0792114088080824
11 7 6 14 40246 1.0489691959464391
27 18 20 2 58773 1.0746220157908883
23 16 13 28 66035 1.0858593577499955
6 15 16 28 76697 0.9402884406967777
23 24 3 17 79695 0.9098311635720147
14 6 12 22 63287 0.9792071037228014
7 5 27 21 94024 1.0293411401320087
11 19 28 2 95618 1.0053529303336834
3 2 11 28 114663 1.0751483485054674
19 14 9 3 62533 1.0196680156835316
25 7 7 9 50339 0.9590792435654094
0 25 22 19 82234 1.0871276601699542
16 19 4 5 81632 1.011715913436865
16 0 23 5 45257 1.022606132630627
23 8 3 9 56475 0.9987687189685671
1 2 13 6 54377 1.0765601593359533
1 7 4 17 42586 1.0315785483263364
25 11 11 26 78881 0.9657123248319331
2 28 15 16 67989 0.9702213315228359
25 22 18 11 60578 1.0826144732318561
19 22 28 10 62112 1.0531845405287859
5 15 21 8 65818 1.006694097174353
7 19 12 14 26985 0.9327293656691772
15 1 12 22 82412 0.9804943282429692
19 0 7 14 72539 0.9692815832938632
2 9 14 17 55325 1.0862841181956957
22 17 15 9 48792 1.0706911193970439
18 26 11 7 75098 0.9319872488640224
29 12 7 7 77651 1.0649188884860203
3 6 11 8 34755 1.0569061843603094
10 22 25 13 74877 1.0389143312867937
1 22 7 29 37223 0.9720241752709065
21 10 8 3 58182 0.9621269579156471
23 9 25 26 57909 1.084813966499807
12 28 19 7 89063 1.071517891828413
7 2 25 23 101313 0.918574563184259
4 8 4 20 48920 0.967102849697889
1 11 29 6 96238 0.9466694267014018
27 5 22 10 31276 1.086567317213329
5 19 20 19 66912 0.9133299016468049
16 28 8 25 37142 0.9730486948413142
18 15 0 24 77363 1.0936376855424517
0 24 18 4 99030 1.0394336550408751
18 11 23 25 53286 0.9850464943833339
16 3 8 21 80396 0.9787909645190573
24 9 4 25 106006 1.0214213454602206
13 7 9 13 32536 1.056473036335233
15 16 4 28 68977 0.9107252512306192
17 18 23 1 72636 0.9216399991979545
8 29 29 27 80422 1.0947456290605302
0 22 20 16 70996 0.9721213518725584
3 7 22 29 113179 0.9840520969395612
16 9 22 13 38039 1.0938362962638646
2 8 7 29 74050 1.0747111574545303
23 0 13 12 62622 1.022334188600833
16 10 1 17 67453 0.9133523308751842
0 9 7 20 52420 0.9684085692000007
22 29 9 16 72062 0.9846378814732765
10 19 29 28 81501 1.0173899657698486
8 9 17 25 74398 1.0058423895815096
18 15 27 4 57005 0.9156736096171941
13 11 11 23 46723 0.9251300798060843
4 9 5 22 64982 1.080991900676143
10 24 23 7 80789 0.9914309819737624
4 28 17 10 100847 0.9043816768841565
25 6 25 27 57944 0.9140292603494357
5 29 18 8 91545 0.9184118074668898
8 14 18 26 67422 0.9252244657985133
19 5 18 17 42001 0.9166596806202568
27 23 0 13 100151 1.0435913152941303
4 2 22 4 65996 0.995470515175602
10 7 22 0 63721 0.9688706906886325
20 24 13 6 64386 0.9696137296497362
20 15 20 3 31049 1.0043634343631727
15 7 7 12 40964 1.0242653750189947
5 12 26 6 79917 0.9687725979813896
28 11 16 19 66379 0.978951083115213
12 5 0 3 43131 1.0219075386206526
5 10 19 10 52938 1.0654024516761154
2 13 17 24 73359 0.945086380237025
10 5 1 8 38417 1.098726102321176
19 10 23 4 26977 0.9957092058124049
18 18 26 0 68249 1.0998149791736112
11 11 24 11 57093 0.996748386802947
10 21 2 16 37150 0.9924893814878525
16 19 2 0 110269 0.9673278661625041
1 17 26 20 82950 1.0027453298375155
14 14 5 13 46003 0.9648870738211393
24 11 21 20 41530 1.0427790877397711
15 24 22 15 44428 1.0742673662075757
9 4 13 21 64874 1.0439728098466876
24 14 14 13 51304 1.0739346802091028
8 9 23 26 88247 0.921471579058114
11 27 16 8 73713 0.9609972221857556
0 2 16 21 110662 0.9870232403964899
6 9 2 0 55300 0.973576743481132
21 25 29 12 61253 0.9263364982005998
25 29 21 7 71585 0.9445840830126249
19 15 13 2 53236 1.0719452715576654
23 6 29 13 46914 0.9461045806710644
9 21 11 5 60009 0.9652051740552834
18 18 14 12 35464 1.021641644142092
6 12 13 22 63977 0.9662420350428772
20 24 6 23 44063 0.9417889853684629
19 24 13 16 42633 1.0680343291338672
21 1 3 16 87203 1.0347508267861654
6 24 3 6 66298 0.9836971556201348
23 17 16 27 44428 1.0453969435426225
20 8 4 20 77774 0.9961734787160175
8 7 29 14 78309 1.098183042461891
9 28 13 14 56300 0.9339840445358644
12 22 24 7 86372 1.0890945929628901
28 19 19 27 42746 0.9823682459478161
23 18 17 27 40841 1.0096824027226348
23 24 11 18 62710 1.0908040835170367
11 19 16 26 50482 0.9506003106666333
19 11 4 0 82456 1.0813155156111243
17 27 25 14 55463 1.0854634677974193
26 19 9 2 88412 0.9896482180674089
0 7 12 21 82894 0.9930750792936258
25 27 18 0 94055 0.9202416796739874
18 14 14 21 47693 1.0803273732738576
11 6 10 26 68636 1.0334474623770589
18 27 6 26 49226 0.9742326207063134
1 29 16 20 74240 0.9457126909689968
25 17 10 11 60977 0.9269063257306336
14 20 18 2 74824 0.9891262825730169
6 20 8 9 49974 0.9356212773389738
13 13 4 24 57583 1.0363932857533023
29 1 9 21 117836 1.0915259521677794
7 19 5 9 47696 1.0686979781784496
2 18 29 22 100118 1.0693195632318029
5 1 4 17 74888 1.076258257048231
21 29 14 5 84870 0.9751078460159509
21 27 28 6 68068 0.97235828137145
21 17 4 24 68526 1.079279345521297
10 25 24 26 41071 0.9941928953847488
6 19 13 11 46313 1.0126344202303401
5 18 22 7 78161 1.0793283404336869
11 7 10 27 68458 0.9914068112075933
29 10 29 27 72335 0.9078160436630769
9 26 13 18 46942 1.035999244254139
28 13 29 27 56649 1.0779169156220192
14 21 0 24 52775 1.031526322512298
16 18 29 8 62678 1.0128107138588862
19 28 17 3 83620 0.9823313627734385
9 25 23 15 65211 1.0236027811375377
1 27 25 14 105355 1.019230255297638
18 24 0 18 67401 0.9295306296730254
26 11 1 7 77100 1.0614239382192434
10 29 25 0 118487 1.009231346847766
9 3 20 26 91629 1.0034390062763585
19 24 8 11 80604 0.9657669571537101
11 3 24 14 77515 0.9138200531161083
26 25 4 11 104604 1.0439332721813255
12 17 28 25 61258 1.0345797923612552
11 8 19 16 42327 0.9494238025784503
25 11 2 12 85429 1.007929372278335
18 5 23 22 65848 0.9277790647744796
24 22 7 7 91706 0.9293075591216003
19 16 4 24 68071 1.0197376394539144
10 8 9 18 37857 1.0201838567107182
14 11 0 25 78195 0.9588635247882802
6 25 21 10 89954 0.9566567374214114
12 13 21 19 38694 0.9695198648660146
16 0 29 24 105891 0.9911613714225105
24 19 8 26 66286 0.9049031186916715
19 24 1 28 68911 1.0750941702465402
17 19 24 11 59703 0.9971907745097157
11 8 27 9 45831 0.9323334768877225
22 10 6 5 59910 1.0916744608251918
22 3 21 19 51672 0.9735306887119888
3 2 25 4 81175 0.9864008311003222
18 20 2 9 84258 1.088075223269478
19 21 11 16 44979 0.9451054754571349
0 28 19 8 102049 0.9752328905887961
21 29 16 22 31367 1.0959607559984261
28 7 20 26 62048 1.065593944880814
8 5 28 7 65895 0.9955770415061214
6 10 24 2 75492 0.9853180201454322
7 2 3 10 47451 0.9927184001231868
13 16 10 27 44242 1.0661252920813222
3 21 29 25 75811 0.9680054511974766
10 0 10 23 81637 1.0359131989155483
19 9 5 19 75051 1.031790029198779
11 29 6 21 47836 1.0099912969481966
5 16 14 17 27457 0.9154355784425446
28 24 20 13 52420 0.9676761577340306
10 12 20 16 40521 0.983897963517561
23 26 10 21 47555 0.9312590313882783
21 26 6 15 74211 1.0393641758784684
22 14 13 9 46103 1.0938377406053568
5 0 5 26 105545 0.9655026284297368
16 16 22 6 48561 1.0599461463076758
8 22 14 18 46224 1.0807608762648928
27 4 24 26 60648 0.9085630584983342
14 17 25 2 75693 0.9639708250304361
1 18 4 10 43806 0.9957294963947849
18 13 5 24 78833 0.9388167936826768
20 22 14 14 36882 1.0969959059024195
27 7 7 14 75421 1.0738288797855384
13 29 11 5 97348 1.0157407972613228
2 15 29 18 87367 0.9061121573231222
5 19 22 3 93315 1.073447455102032
28 24 2 13 100641 0.9177080421834076
6 23 28 3 111597 0.9424473588796309
18 13 11 28 81276 0.9422630433034892
24 4 29 29 85812 0.9892129985461321
11 11 27 12 61899 0.9686938027523231
21 19 3 26 74524 0.9056566182208478
6 5 14 23 80205 1.0578338333145731
3 17 19 21 69145 1.0784988916254452
16 2 26 9 49457 1.0058941907797168
0 11 25 16 82948 1.073269427672214
14 9 26 12 41230 1.060202717958144
10 18 8 8 34348 0.9677866425430097
26 4 21 26 61404 1.0593314919436072
9 19 13 28 51819 1.0946758929255487
27 15 9 7 67335 1.043384648479803
4 21 15 9 79792 0.9177183019045989
9 2 3 27 103821 1.005581639165648
2 10 15 24 77528 1.042626377831601
12 26 24 1 108358 0.9952735050568678
19 5 29 9 39606 0.9173705535513446
25 29 23 1 87280 1.011783529864689
25 15 9 13 62510 0.9507479981743194
26 7 6 29 108704 0.9998602897193977
27 14 13 4 59583 1.049333806043118
23 23 27 1 65229 1.0276257742320396
18 9 3 0 84496 0.9632055934989076
25 25 18 28 28258 1.0239735712686908
21 26 21 10 50255 0.9633813370238051
9 13 5 28 64526 1.0323615675714763
12 8 8 22 54043 0.9002084689016969
10 7 7 16 35082 0.9688115510855362
18 27 25 9 69985 1.0344183600775223
1 2 12 15 72893 0.9377392225229901
12 18 24 17 43878 0.9578354495298823
26 24 15 5 72829 1.0934182348109573
2 15 12 6 53677 0.9662547670423458
22 27 2 15 85626 0.9913855864586549
25 1 5 4 78518 1.0609915905997065
19 8 26 11 24141 1.0001221181658104
20 8 28 20 50601 0.9772569641087867
3 10 12 25 80094 1.0363053712512038
29 27 5 6 119075 0.9304211469157816
4 12 23 12 86438 0.9607861995136742
20 15 28 9 44567 1.0552753731029092
1 18 28 0 120981 1.0124815220759784
27 13 13 22 75773 1.0788348584667193
14 4 26 19 67255 1.0999253822683963
27 20 0 7 103852 1.0384817925132117
5 27 11 22 34382 0.9556194883243464
12 27 9 4 87600 0.9828669961891147
1 21 16 6 85172 1.0248653263068972
22 4 5 1 67286 1.0391953816244568
16 27 28 25 32012 0.909692173296149
9 18 2 24 47973 0.9747228444563147
27 5 1 19 107027 0.9573893464851607
25 8 21 27 58157 1.0470999059233705
0 0 26 8 90265 0.9666329356573955
4 23 18 21 50123 1.0082736916630923
11 25 27 1 97636 1.0225238639400085
27 5 0 20 104779 0.9382089478290205
25 15 2 21 81161 1.0443742162491463
21 14 16 21 42264 1.023942206599302
17 16 9 0 74784 1.0660295020200228
11 11 12 22 50534 1.06442588556238
8 27 16 21 47985 1.0935689422082857
26 8 12 16 52314 0.9967210827313318
21 17 20 27 26343 0.9000718454710218
25 2 27 23 58777 1.070745471047176
1 25 11 20 44632 0.9685041772926912
15 15 3 0 94762 1.0928449369628623
7 26 22 0 120568 0.9649825875730917
5 22 6 6 69630 0.9008257983221464
26 6 28 14 29288 1.0171505866527095
21 25 4 18 76492 1.0362391082550682
23 17 27 10 31204 0.9679859201286587
17 29 26 4 77239 1.0970077906812281
4 27 20 9 98796 0.9240938420928823
26 2 18 0 46847 1.012835149494429
15 11 4 7 44640 1.0049414791269469
26 25 0 20 77986 1.027691720979162
9 8 25 12 56733 0.9885155388417106
26 20 22 13 37684 1.0784098583093031
26 29 1 16 95897 1.0987418172198082
13 18 7 26 52031 0.9624678509312347
8 16 1 8 43375 0.9140616507233323
12 23 0 25 40502 0.9105990568195026
11 5 26 19 68829 1.0949883784313665
21 11 0 1 86752 1.0047776243347981
18 2 20 20 56662 0.9203050832750489
28 14 5 4 90737 0.934165781894981
15 18 28 2 84440 0.9918991760960214
17 17 0 19 60750 0.912132119834954
26 16 5 15 65709 0.9153423609310319
11 12 11 1 41063 1.013246104953681
26 25 15 8 64366 0.9812815222823691
18 25 29 1 91219 0.9010770036141841
9 24 9 6 68490 1.0836255967474748
8 27 10 16 43574 0.9463567057025076
7 17 3 8 42064 1.036823551088329
20 26 2 22 58234 0.9691974821505609
27 15 13 4 60578 0.9102570156351317
23 17 14 4 63682 1.0026207903887776
24 6 9 12 67095 0.9648174893367009
7 13 27 20 76535 1.0804079439594656
4 9 20 1 64214 1.0224167201789442
9 3 0 17 73753 0.9280304818564046
15 7 27 6 44985 1.0400845917205304
26 16 14 14 39400 1.0330763287615503
21 4 15 9 29870 1.0875119106141966
15 22 0 4 103666 1.0940184144367495
15 4 23 18 66248 0.9132530720632804
19 25 7 9 79974 1.033388961504935
17 2 3 2 68501 1.053564390675341
12 20 4 6 72166 1.0418642680921557
26 22 7 9 80303 1.0707561789889046
20 5 19 18 41296 1.0323217218690057
26 1 8 29 118995 0.9662030470001771
0 2 10 27 99726 1.053458121491768
4 21 23 16 78803 1.026157787777098
2 12 11 2 62295 1.0292909233819967
12 2 29 10 70700 0.9139146667802437
19 0 19 11 32436 0.9926100328850143
18 21 12 16 43166 0.9637070870839505
0 27 14 20 66918 1.0846237877073384
8 21 16 11 66181 1.051714439866554
5 7 5 26 76298 0.9563564837783313
5 14 21 1 88905 0.9044646453507565
9 21 22 27 55985 1.0459868004625874
18 19 2 19 68812 0.9044390061893809
14 16 17 25 37132 1.0485433431932543
5 17 25 20 74145 0.9818355940725889
28 25 1 14 99677 0.9185008456528543
23 18 6 27 76272 0.9793828618452338
8 2 20 21 85912 1.0575264007347658
6 1 19 3 54935 1.0660703132027198
5 8 18 1 58978 0.9153290341868457
13 22 25 26 44709 0.9692188708857722
18 1 3 11 86810 1.0630543720939343
19 1 10 27 96580 0.9665393646187207
13 25 26 24 31949 1.0676814934430592
18 20 29 13 59218 1.0093964584679598
3 27 16 18 77674 0.9053633450483075
20 16 11 15 29652 1.0124098988123795
3 19 17 19 61602 1.0228660542648074
26 11 19 20 41469 1.07528139966998
29 19 13 26 60766 1.0588703699946653
8 19 25 25 69110 0.9699579965805191
9 20 22 29 64603 1.023908389103013
18 7 12 13 31674 1.035215800526073
26 12 8 22 83012 1.0554897385800532
22 8 2 12 63303 1.0082563593707565
12 17 8 7 36341 1.0322385259867544
21 17 10 19 42822 1.0858751446885617
4 6 24 2 81718 1.0947322459582745
19 6 25 13 40059 0.90809740665725
14 17 9 24 41042 1.0911058750083422
11 12 26 2 65928 1.0407038053727031
5 13 0 22 42733 1.0732422351496143
2 5 3 20 43907 1.0863610256046328
12 12 13 27 62537 0.9402615718892343
1 6 18 29 117693 1.0381095438718786
17 15 6 3 75096 0.9258252078256387
3 13 19 8 62590 1.0529651423343969
0 21 14 20 62137 0.934027865908738
29 9 0 26 125371 1.0927884243203967
8 18 19 8 58166 1.0878190941427954
0 22 25 27 80116 1.0902283676077686
29 16 8 27 88951 0.9294154974276164
13 26 19 10 68049 1.0319989598401111
15 0 27 9 74414 0.9252513734371001
3 20 17 14 66834 0.9031967766279848
12 22 24 25 40748 0.9839848966877178
11 18 2 29 62959 1.052858719095828
17 17 20 10 29998 0.9104704339846148
7 17 13 29 66866 1.0897444730559702
29 24 5 20 82536 0.9259738523518556
20 8 6 8 32049 1.0092885319086864
9 4 23 23 88085 1.0111198716784617
27 24 7 1 108713 0.958056034958291
0 18 17 19 68993 1.0830772962975865
2 23 23 29 76677 0.9928719535148864
18 6 25 23 65492 0.9486487514312619
6 1 8 11 46125 0.920155051331548
12 9 26 26 75542 0.9595233598212701
13 23 16 5 74860 1.050204964400511
3 3 4 23 71037 1.0259793062165516
4 12 25 13 92446 0.9861338061852483
5 10 20 22 85696 0.91057148259116
24 15 11 3 77440 1.0744801860724031
22 8 29 26 62574 0.931384713680609
5 11 10 29 82940 1.063690583308585
1 17 25 26 88451 1.0714912248479087
16 21 25 4 80146 1.0033663213616353
29 11 16 0 79737 1.0292083703925843
11 10 2 28 79390 1.0242292618290927
1 18 18 16 54536 0.9193337451809636
22 15 0 20 74386 1.070672799124707
1 4 24 15 101950 0.9013670996651388
4 12 20 21 76935 1.06033321817842
26 21 24 6 46644 0.9573715481297009
1 1 23 28 142837 0.9200723737819995
11 1 23 17 76794 1.0116167857936145
10 15 29 0 96086 0.9186143579378
14 6 23 11 41365 0.9044334899885669
20 1 14 11 46839 1.094276032441642
23 29 0 11 114456 1.0019499850990603
2 16 27 23 87442 0.9742530827051136
29 24 6 18 88504 1.0031718946195
0 20 25 20 91116 0.9091049169740711
1 23 4 8 52946 0.9866802592844165
14 11 0 11 59926 0.9436306144197443
7 12 15 5 42786 0.9397444360417155
2 1 27 11 103013 0.9591749612658456
18 25 27 0 80044 0.9527790305901098
10 26 29 21 70734 1.0519402252851495
8 0 11 8 43632 0.9985911629977333
0 9 27 2 93933 0.975721254596899
28 26 22 11 63512 1.0076680288366244
27 26 24 15 38871 0.9935180445889157
28 2 16 8 48683 1.053788521516424
3 13 27 13 89723 0.9462426077800072
23 3 17 21 71524 0.9290869537641101
23 21 15 0 98341 0.9386346426683305
14 23 7 6 73105 1.0968621162079866
23 10 25 24 53592 0.9122003212275382
3 21 25 19 83728 0.9114911314950378
13 27 12 13 59348 1.0832423859613747
22 12 24 29 71235 1.0661506928484803
16 17 2 25 65721 1.0058365940411813
23 12 13 11 49898 1.0874485759010715
0 18 14 29 78730 0.918855294504853
7 14 11 25 46951 0.9586699805557877
20 18 29 14 41190 1.0365093160442727
13 23 25 0 100509 0.9455638310726457
20 6 22 26 57058 0.9054720299269856
4 19 16 6 75838 0.9195065970567197
29 1 20 3 46729 0.9107344209060348
18 25 1 25 56331 1.0053486748243048
23 15 11 2 73238 0.9230409803768929
24 10 3 25 113062 1.0832177369718936
7 7 22 5 48013 1.0520829211715197
3 6 25 9 72451 1.0875958158670647
7 19 11 0 70012 1.0717686440956522
26 24 18 11 61395 0.990799378552955
8 5 2 16 54780 0.9113328550899272
27 2 5 9 77510 0.9368571202393134
26 18 7 20 70170 0.951320399476447
2 14 26 9 81355 0.9188246859606609
5 4 15 5 35329 0.9792514053346346
7 19 27 18 72765 0.9251346353440529
22 28 9 24 45721 1.023677023976823
19 5 3 2 65726 1.027899588976207
18 11 5 13 71705 0.9899665913131042
19 7 2 26 91791 0.9811760537763728
26 3 16 22 78291 1.002217777287748
22 27 6 3 108761 1.0228902125410595
7 2 21 23 93530 1.068972137533141
1 14 29 26 108787 0.9833166793359697
16 6 15 25 77022 0.9521672878904637
14 8 23 21 61819 1.0698791933767213
19 26 19 14 39048 1.0273068315840508
14 27 17 1 104118 0.9732508426193798
18 5 9 15 56171 0.9957296452935905
13 13 26 2 60820 0.9943166669193775
12 4 20 21 64057 1.0155253839705796
0 25 21 22 73175 0.9026618788952219
3 27 18 21 66579 1.0397621727772015
20 7 28 3 35868 1.0386715566711298
27 5 20 8 26063 0.9399948890001104
