3567 3488 3485 3673 3423 3542 3773 3447 3450 3737 3603 3449 3518 3762 3666 3682 3684 3481 3667 3652 3613 3725 3492 3822 3697 3644 3740 3425 5284
6512 6261 6273 6523 6264 6560 6589 6379 6272 6389 6220 6611 6590 6521 6602 6235 6419 6342 6458 6592 6207 4946 5237 5206 5014 5155 4895 5004 5256
7446 7523 7797 5759 6095 5933 5903 5753 5721 6057 6084 5909 5965 6051 5971 5922 6075 5940 5726 6018 6041 5848 6058 5960 6039 6084 6000 5974 5817
6979 6900 6902 6923 6858 7014 6838 6910 6752 6976 6811 7053 6842 6673 4875 4818 4988 4839 4905 5154 5029 5148 4820 4911 5193 5034 4842 5166 5097
1623 1371 1301 1641 1378 1646 1583 1483 1386 1461 1290 1560 1402 1527 1645 5447 5339 5183 5246 5469 5386 5477 5297 5472 5202 5113 5359 5386 5436
7080 7081 6952 6951 6997 6999 7054 6828 6884 7006 6974 7045 6810 7022 5199 5271 5329 5530 5573 5493 5344 5385 5518 5560 5314 5591 5224 5324 5425
2766 2917 3118 4513 4422 4320 4528 4453 4330 4202 4539 4295 4433 4396 4516 4236 4590 4188 4526 4324 4424 4457 4276 4372 4273 4313 4302 4264 4400
7999 8190 8067 8205 7968 8114 7894 8220 7847 7908 8240 7934 7881 8070 7936 8218 7855 8212 8114 8154 7973 7950 8203 8166 4917 5139 4943 5055 5149
8452 8358 8567 8233 8348 8378 8508 8315 8548 8384 8393 8282 8561 8220 8372 8195 8356 8563 8352 8442 8335 8283 8404 8463 5394 5446 5387 5362 5380
4089 4676 4571 4632 4521 4549 4413 4685 4315 4564 4643 4556 4441 4623 4435 4409 4514 4354 4408 4326 4669 4328 4378 4469 4510 4620 4470 4636 4337
2660 6719 6875 6969 6872 7090 6734 6941 6949 7103 6780 6726 6709 6883 6843 6990 7030 6741 6771 6749 6823 6785 6964 6901 7044 6948 6934 7093 6830
6922 6928 6796 7016 6749 6739 7031 6993 6764 5742 5650 5384 5477 5528 5636 5687 5617 5602 5438 5360 5431 5492 5450 5666 5619 5368 5451 5508 5431
2343 2202 2099 2344 2380 2171 1998 2381 2265 2091 2178 2075 2051 2177 2023 2178 2170 2254 1980 2147 2271 2236 2265 2224 2037 2162 1964 2330 2327
3290 3224 3419 3175 3438 3284 3154 3403 3371 3169 3486 3181 3465 3176 3303 3176 3116 3178 3126 3236 3185 3395 3377 3105 3434 3250 3390 3101 4484
8893 8772 8884 8821 8614 8582 8864 8907 8583 8718 8809 3769 3843 3938 3667 3601 3793 3833 3712 3894 3758 3775 3757 3726 3635 3640 3974 3978 3983
6883 7097 7015 6840 6850 7076 7046 7621 7666 7961 7874 7768 7959 7878 7742 7938 7604 7735 7788 7923 7706 7596 7947 7628 7711 7659 7854 7608 7810
7164 7416 7528 7501 7279 7466 7427 7515 7534 7363 7391 7265 7252 7400 7312 7167 4338 4196 4208 4069 4306 4293 4333 4056 4299 4123 4111 4114 3953
2761 2772 2766 2623 2575 2577 2738 2707 2693 2495 2375 2581 2704 2471 2425 2727 2487 2481 2722 2673 2643 2645 2766 2499 2442 2643 2512 2477 2522
3330 3480 6899 6995 7181 6951 6939 6837 7023 7132 6975 7026 6810 7136 7133 6958 7012 7039 6842 6799 7164 6925 6931 7191 7174 7068 7102 6951 6906
8753 8875 8860 8707 8828 8753 8471 8703 8694 8785 8558 8584 6288 6294 6295 6497 6321 6610 6440 6648 6379 6315 6318 6613 6368 6266 6557 6265 6325
4659 4646 4680 4834 4583 4537 4831 4680 3117 3310 3296 3066 3261 3013 3268 3112 3286 3109 3086 3284 3104 3174 3193 3265 3039 3295 2994 3256 3218
4977 5106 5354 5092 5198 5193 5100 5226 4986 5074 5040 5272 5278 5232 4986 5289 5183 5336 5269 5183 5174 5139 5337 5104 5327 1846 1831 1727 1777
7440 7626 7785 7622 7685 7776 7450 2708 2619 2398 2354 2357 2421 2410 2398 2660 2383 2690 2701 2708 2641 2489 2515 2706 2490 2594 2350 2733 2442
7109 7121 7062 7147 7066 7013 7337 6959 6998 7062 6979 7026 7141 7049 6985 7230 7032 7118 6974 7186 7103 7051 7216 7274 7012 5482 5569 5404 5435
8374 8687 8729 8565 8655 8647 8557 8403 8622 8694 8673 8621 8709 8630 8548 8570 8539 8579 8614 8507 8567 8536 8704 5609 5652 5688 5589 5567 5627
7499 7820 7831 7502 7590 7767 7489 7600 7839 7692 7491 7743 7538 7549 7790 7545 8596 8718 8850 8578 8641 8809 8623 8923 8807 8958 8637 8926 8844
8216 8505 8392 8438 8486 8267 8241 8246 8256 8546 8365 8313 8241 8380 8250 8379 8210 8259 8267 8505 8399 8192 8381 8357 8385 8423 8431 8278 8279
3651 3965 3776 3622 3373 3348 3303 3521 3307 3438 3534 3544 3428 3565 3554 3333 3348 3273 3581 3329 3380 3618 3451 3423 3263 3616 3539 3328 3352
3012 3053 2879 2805 2772 2922 2912 3033 2965 3115 2957 3077 3040 3006 3155 2839 2917 2890 2792 2816 2960 4540 4793 4896 4847 4807 4836 4653 4904
2243 2129 2092 2179 2253 2323 2176 2328 2179 2270 1987 2182 6904 7161 7167 6932 6832 6835 7104 7152 7120 6971 6975 6982 7113 6927 6983 6852 7100
3705 7533 5840 7837 6246 4255 1411 4905 1976 6073 8530 2595 3270 5910 6641 4337 5426 3944 7287 5506 3984 4352 2438 1926 2447 3134 8484 4729 5582 2049
3971 7895 5838 7857 6006 4056 1228 4970 2244 6039 8594 1790 3301 6099 6538 4083 5154 3985 7594 5554 4057 4505 2651 1594 6929 3173 8781 4889 5517 1947
3846 7749 5880 8144 6167 4296 1191 5059 1998 5907 8636 1846 3329 5952 6746 3969 5315 3637 7330 5301 4228 4306 2333 1869 7003 3114 8713 4871 5744 1906
3844 7574 4660 7860 6342 3903 1411 5762 2040 6141 8735 1957 3214 6091 6668 4220 5362 3386 7338 5443 4257 4669 2490 1867 6718 2964 8548 4728 5564 1775
3943 7679 4647 8141 6039 4165 1477 5978 2151 6064 8806 1943 3194 6212 6694 4061 5356 3524 7318 5405 4180 4503 2412 1844 7011 2954 8505 4639 5626 1944
4556 7800 4280 7998 6304 4040 1569 5917 1956 3033 8664 1980 3047 5998 6758 3081 5241 3657 7545 5469 4121 4557 2678 1732 6744 2949 8644 4750 5713 1792
4319 7606 4580 7841 6273 4299 3971 5908 1928 3249 8618 1998 3240 6218 6563 2929 5227 3529 7368 5480 3878 4461 2691 1302 6814 2833 8508 4895 5572 1704
4316 7496 4593 8030 5960 4304 4190 5990 2141 3095 8800 1744 3273 5866 6528 2984 5163 3440 7500 5316 4169 4626 2354 1365 6655 2990 8818 4617 5794 1689
4267 7887 4612 7770 6090 4093 4275 5778 1915 3227 8819 1818 3165 5979 6677 2942 5297 3340 7300 5679 3953 4319 2650 1388 6752 3001 8837 4615 5428 1880
4311 7666 4407 7881 5986 4073 4154 5922 1970 2965 8817 2077 3265 5968 6607 2854 5278 3556 7510 3512 4149 4555 2421 1509 6729 3027 8477 4703 5746 1866
4528 7883 4557 7995 6082 4085 4004 6011 1919 2865 8724 1923 3248 6139 6802 2864 5183 3350 7483 3417 3930 4423 2494 1488 6803 2965 8550 4705 5708 2072
4427 7722 4309 7772 6048 3915 4191 5898 2241 2896 8745 1717 3032 6189 6610 2841 5399 3548 7612 3478 3940 4419 2287 1326 6697 3049 8823 4702 5575 1801
4591 7642 4450 7955 6038 1821 4042 5993 1888 3227 8592 1894 3283 6005 6738 2756 5340 3427 7600 3570 3995 6172 2592 1428 6755 3161 8571 4883 5594 1918
4514 7541 4521 7997 6178 1910 4134 6083 2247 3076 8587 1962 3292 6225 8825 3015 5156 3476 7364 3578 3874 6062 2287 1451 6748 3079 8814 4574 5500 1923
4437 7703 4462 8066 6291 1655 4099 5748 2155 3244 8723 2050 3260 5998 8936 2905 5245 3390 7312 3595 4243 6102 2447 1452 6867 3122 8745 4855 5731 4060
4477 7503 4441 8023 6119 1887 4044 5878 2095 3013 8617 1821 3202 5919 8797 2842 5400 3322 7311 3680 4140 5995 2446 1500 6782 3103 8563 4731 5469 3846
4372 7634 4574 6923 6268 1605 4271 5842 1876 2874 8602 1826 3055 6057 8670 2752 5339 3528 7561 3665 4018 6054 2461 1498 6645 3100 8619 4822 5631 4039
4583 7712 4609 6736 6013 1698 4018 6014 2213 2900 8728 1900 3012 3222 8689 2793 5115 3563 7371 3370 3953 5836 6953 1510 6719 3160 8617 4684 5507 4162
4552 7531 4300 7051 6238 1686 4231 6129 2051 3092 8580 1920 3167 2982 8838 3152 5228 3607 7308 3518 3955 5949 6868 1236 6825 3075 8470 4695 5624 4028
4306 7782 4422 6980 6132 1625 3993 5857 2161 3056 8587 1993 3269 2896 8931 2876 5499 3552 2689 3753 4045 6233 6844 1605 6896 3044 8708 4973 5790 4050
4597 7683 4301 6718 6009 1746 4069 5772 1944 3157 8797 1817 4353 3065 8952 2840 5139 3326 2528 3741 8210 6146 6825 1236 6628 3066 8808 7182 5534 4048
4416 7822 4484 6743 6089 1731 4002 5949 2214 3073 8861 1791 4256 2882 8835 2875 5515 3288 2450 3364 8260 6122 6809 1496 6748 2998 8455 7310 7444 4103
4256 7624 4535 6730 6269 1911 4027 5797 2218 3237 8564 1907 4140 2976 8925 2762 5214 3649 2652 3468 8187 6038 6809 1470 6897 3121 8510 6934 7608 3849
4338 7816 4551 6874 6142 1675 4232 5934 2028 3036 8520 1723 3968 3110 8694 3116 5303 3406 2450 3366 8207 5993 7049 1503 6619 3136 8646 7204 7331 4188
4333 7792 4365 6999 5015 1739 3951 5765 1945 2967 8720 1717 4342 3271 8908 2793 5448 3651 2752 3683 8211 6222 6956 1500 6748 4188 3244 6944 7620 3881
4246 7692 4596 6844 5194 1861 4188 5761 3999 3017 8563 1975 4029 3138 8964 2952 5307 3535 2708 3527 8223 5882 7133 1516 6753 4046 3412 7008 7557 3826
4448 7829 4674 6827 4846 1634 4099 5746 3836 2899 8707 1851 4339 3093 8846 3131 5511 3404 2428 3359 8247 6109 6836 1509 6772 4064 3213 7059 7488 3944
4571 7641 4516 7049 5069 1828 4056 5995 3947 3091 4147 1900 4238 3155 8620 2929 5503 3648 2730 3538 8086 6035 6934 1424 6732 3998 3129 7196 7363 4216
4609 8152 4642 6671 5144 1915 4112 5815 4045 3179 4102 1755 4237 3139 8801 2869 5466 3431 2706 3521 8013 6165 6811 1227 6651 3916 3354 7279 7362 4070
28 10 15 25 62630 1.0034014433487244
10 14 2 11 33513 0.9115872312546524
15 20 6 9 51185 1.0854367334481725
25 18 15 15 35717 0.9382714589588594
23 23 7 10 59228 0.9408872320987224
1 8 16 15 45463 0.9144587458650043
1 7 9 12 30837 0.9958955018438946
25 6 3 15 67718 1.0284055150267273
25 2 28 24 82523 1.060940351169251
4 16 16 0 65236 1.0591204242972079
27 15 0 29 84692 1.0140685077447689
18 18 28 5 59966 0.9774067857216946
14 19 16 2 58556 1.0947503171585147
15 28 6 20 48134 1.0066115496590342
29 9 17 6 32632 0.9045779348665809
27 14 12 11 38684 1.0134411168840283
4 7 24 28 88871 1.0653821371211376
17 3 24 0 39347 0.9831425355361443
24 29 9 12 71061 0.9684267952227796
27 16 5 21 66607 0.9890247188655326
11 13 13 23 29318 1.0461866201396313
13 20 26 27 51339 0.9580218429141294
14 3 24 0 58942 1.0332894389631222
20 1 7 2 61931 0.905684551211935
5 28 12 15 48774 1.066602644642764
2 25 26 25 59699 1.0430119817765307
21 9 12 11 25129 1.0693143520781874
15 16 5 8 43547 0.9529033265767688
11 5 26 23 63227 1.0057632590058867
2 0 8 18 61487 1.0361406618368856
25 11 27 24 46641 1.0852112762058859
27 5 16 5 18911 1.061317826206132
20 1 9 22 76478 0.9153749391026564
20 25 12 18 28883 1.044757408612577
20 26 8 26 43028 0.9808891561275395
19 17 4 2 60487 0.9064392081086398
2 6 21 27 75559 0.905809155432773
7 9 28 27 85321 0.9527134415567773
5 25 15 5 64269 0.9388377849918648
3 25 12 5 62836 0.9788318360982743
9 21 15 14 42815 0.9684515003271633
8 22 13 12 34622 0.9718666296282062
4 25 27 13 78223 1.0849635810187463
14 28 9 15 46928 1.0684580107882742
9 25 11 15 33644 1.004058625724716
6 7 18 3 43929 1.004513047383324
3 6 7 18 42272 1.0427533271401876
10 20 29 5 69936 1.00285723730635
6 4 29 18 87868 0.9455307236661337
4 12 8 28 68630 1.0185176572912826
19 6 29 5 24570 0.965372092534454
8 4 10 14 55483 1.0145264113677246
16 10 29 23 57774 1.0426956342182676
19 17 27 26 42493 1.009810772572154
5 4 16 3 55899 0.962081196657811
22 19 7 14 61661 1.080441135850757
11 10 2 19 54338 0.9320995555144418
8 21 11 2 63258 0.9534297057971578
27 7 6 15 67687 0.9081879321096401
27 29 24 12 64143 1.0251475860215862
27 20 0 16 76883 1.0791143130547376
10 5 20 15 49058 0.9906037817232394
28 7 6 0 71382 0.9943345706984738
0 29 2 16 59246 1.029685846746465
23 23 19 8 45533 1.0758831832464715
2 13 6 27 74638 0.9876618390314161
4 20 26 22 56896 1.0727078536372783
13 13 10 1 44032 0.9309082936653075
12 4 4 2 34183 0.9199137180791542
3 19 13 0 72771 1.0008052070764821
29 22 5 10 77594 0.9234197057683515
9 4 16 20 64985 0.9048942017320972
7 29 13 10 53559 1.0205346890102345
5 22 4 3 57961 1.0564039085279273
25 22 9 10 63695 1.0976344218552085
19 22 8 20 38044 0.9325643268256205
27 4 3 20 91523 1.021677823927867
9 7 13 21 43584 0.9484815471415984
15 9 24 4 37329 0.9791183649862476
2 17 18 14 63511 1.099091010213629
0 3 24 21 94656 0.9410749795115205
27 0 10 25 93757 0.9566503706221916
7 3 13 25 79794 0.9913033454278384
15 20 29 7 62442 0.9886234879146577
23 10 8 29 74334 0.9504350892154734
7 26 18 7 75775 0.9953922691233624
29 23 4 13 68550 0.9843179782898346
12 17 28 27 53330 1.0352447272488177
23 20 0 7 80690 0.995128326548935
2 18 2 2 53446 1.0456502838186137
9 16 25 4 64657 1.029476882430645
20 15 4 3 55042 0.9031364232667801
5 8 9 0 35578 0.9681067577914906
1 5 25 16 77569 1.0964544336683837
8 14 1 1 61897 0.9473054064481856
14 16 19 6 43538 1.0318095726725385
25 28 24 8 77422 1.07970058143191
0 3 3 18 48081 0.9488213990231795
27 13 2 29 87068 1.0312428520785974
17 7 1 16 57967 0.9248676243299501
18 28 17 3 70188 0.9964854316987417
2 28 3 4 94886 0.961179620939578
0 26 29 28 82565 0.9131336079260852
13 14 23 8 36491 1.006442328552511
0 7 20 8 44612 1.0651239944801572
12 28 23 17 44522 0.9489797005769237
9 24 10 3 68194 0.9516530143953776
16 23 6 20 27366 1.0110940576075156
16 26 8 19 43314 0.9858526892852235
15 7 2 20 73555 0.968400118154387
0 16 16 6 66600 0.9792131954466669
17 21 23 10 44221 0.9952001833251533
13 27 17 17 35010 0.9232966210910379
18 3 9 7 38177 0.9945606764655185
27 3 25 14 48198 0.9831149948220856
18 29 15 8 62116 0.9407368752295383
25 2 27 13 47464 1.088837851548556
5 8 17 20 53428 0.9000303674695393
27 10 4 18 68984 1.0057251900888144
28 2 7 1 73959 1.0790653038750997
14 12 3 27 64128 0.9482086381889743
7 7 16 19 56271 0.9097287018155673
19 22 0 8 69815 1.031979537126941
3 24 25 8 77079 1.0242728792682554
23 13 1 23 60267 0.9155686158389423
19 10 10 4 48791 0.9499310037063391
18 4 13 26 67049 1.0354313518286966
15 20 20 29 39630 0.992292536575639
28 6 11 20 67013 1.0831738095608785
11 27 28 11 68947 1.059899958769545
0 11 14 21 54070 0.9915620324646464
1 10 5 24 66866 1.0784621210171037
15 23 2 13 59426 1.0593342188693302
12 4 8 25 57594 1.0192679276033794
0 18 28 6 91272 0.9057567138966478
16 26 18 5 60772 0.981684514344782
1 24 19 26 47261 1.072907159024702
9 10 13 2 32832 1.0961449261478684
0 25 28 19 65172 0.974677470726641
18 23 9 25 22141 1.029710019554992
26 23 12 7 55143 1.0202410771942867
28 25 13 27 44345 0.9043897739824608
23 2 12 11 53380 1.0470575809547678
1 11 15 20 51960 1.0388070438910966
26 29 8 15 74473 0.9014445666539396
6 17 20 9 55409 1.029450067287327
19 18 26 2 70055 0.9239282295717136
3 10 26 21 84883 1.060439475181641
14 1 18 12 49032 1.0472244864769076
24 6 2 5 63969 0.9233296597711055
14 10 4 9 30616 1.0990983282971682
17 20 9 22 24084 0.9717644385049298
14 8 25 19 53647 1.048275422033208
10 17 26 22 48833 1.047183646581655
13 14 18 8 27257 1.0372855720665322
7 0 4 17 45901 0.9743104977775544
0 12 24 19 72665 0.9748003157349382
26 15 9 23 51145 1.0104379639756265
13 0 27 8 51081 0.974893425220728
4 11 23 10 43060 1.010887384841018
16 12 28 4 43127 1.003201717330379
6 18 19 28 61418 1.0434078523547519
13 27 3 7 65679 0.923815467745228
12 7 9 22 39679 1.0472737565712191
7 12 19 9 37126 1.0596920324889552
22 3 26 22 85355 1.0074354223433153
13 3 22 19 58696 1.0172461547005491
13 23 29 12 58367 0.9723661707269133
20 29 18 19 37515 1.0153164416306326
19 27 3 20 55622 1.0979522003300677
23 16 18 25 38496 1.0879723362838696
22 19 2 18 69372 1.0420066968155965
29 4 10 7 48258 1.0151411927268947
29 11 7 6 61222 1.057498682577986
29 13 25 27 62835 0.9046594757861767
24 29 9 27 58926 1.0771764111442534
15 3 0 26 88360 0.909541551103637
22 5 6 26 77611 0.9182447801004725
11 6 4 15 35062 0.9116765510082193
2 27 20 17 69302 1.0266722633736802
13 14 6 20 40807 1.0599148423368843
1 18 3 29 54950 1.0816650166585848
16 9 13 22 42983 1.0912710009011686
12 23 13 10 31207 1.0962708450451584
4 24 25 2 101949 1.0631970080481354
12 8 9 24 41153 0.985476629729345
3 4 17 8 38914 1.028780139688204
24 23 0 19 51077 1.0387896702763393
20 3 16 17 48934 0.9282963828769749
28 7 28 26 65445 1.015586036107746
11 22 2 14 56239 0.9113095256545163
11 1 15 28 82257 0.9847946473037277
27 26 16 15 48779 0.9909644278659162
0 26 13 18 45988 0.9209061710635343
14 4 24 18 61188 0.9607967550808666
9 28 24 14 72745 1.016548660362769
22 3 19 21 76931 1.0798813267312743
15 21 2 6 61789 0.9283517310708287
26 12 17 0 54138 0.9741268239080746
20 0 20 14 56513 1.0232465409903344
12 18 25 13 48037 1.0325984580013388
2 5 25 12 63002 1.0686345892337448
12 28 21 8 61708 1.0207701377702343
5 17 16 10 50762 0.9526697088658702
24 21 28 4 68178 1.0363378448895555
3 12 12 5 31682 0.931063535421153
14 2 2 17 66499 1.0770594113887468
9 17 18 13 37190 1.092708980839529
25 1 2 23 108033 1.0480072994942624
17 6 25 22 64512 0.9456048431614428
25 2 4 14 77009 0.9067655665576796
1 23 5 12 55152 1.0487004972325311
22 6 13 18 55782 0.9964372452171347
8 17 19 3 67415 0.9264063426610555
29 11 0 0 78531 0.9713227497752137
6 16 13 2 54333 0.9248234203868829
28 26 10 18 57926 1.0353254448392375
29 5 23 14 40894 0.9513378633530659
9 16 12 24 30345 1.0465191050937734
3 16 14 19 47700 0.9876233250076072
11 23 23 24 24482 0.9371364364469246
18 28 26 19 49560 0.9508821752391874
25 26 5 5 88838 0.960586145499132
21 26 10 29 39813 0.9225004932962869
24 14 0 26 79998 1.010690885481563
21 6 12 7 24995 1.0269494337183884
16 2 5 28 91600 1.0018933245403543
15 26 16 14 50011 0.9617745007361269
7 25 28 25 51887 0.9284839973182102
8 0 11 20 64980 0.9085276183991324
14 10 16 24 48379 1.0889334779374078
12 5 0 27 73024 0.9592382012996516
18 16 11 22 35286 0.9204156359414329
4 10 4 25 60942 0.9074747484490691
12 23 16 7 48261 1.0136289566712673
2 7 9 4 33057 1.0281781454649097
23 26 2 20 61074 1.060315272289535
21 21 11 26 36070 1.0346788425173081
14 29 25 0 109061 0.9898581612806623
13 6 4 15 34913 0.9490282853990577
11 1 28 9 56591 0.9596079779008655
0 7 17 18 58471 1.0470870633805134
4 12 5 0 21666 0.9696108838886591
5 9 23 28 83771 0.9182504440836997
7 26 24 23 41817 1.0151075239866238
10 17 5 2 52426 1.0633102629967723
5 15 11 23 39322 1.0488553705553088
14 2 16 14 53452 0.9164254226263593
15 25 8 6 65226 1.0130649596169126
28 4 14 20 70792 0.9567037832075882
19 2 9 27 87054 0.9982757629827343
7 16 5 7 34337 0.916399180818902
18 28 17 7 59675 1.0127275439870178
18 13 27 24 47266 0.9297069534418487
2 22 9 7 64150 1.0718972555986634
26 20 21 2 83317 1.0650063971858001
23 29 12 23 33576 0.9515815703882268
22 4 25 23 67836 0.9682043645748132
12 29 7 14 52966 0.976441732898466
18 15 17 26 31521 1.0231997534978352
1 18 7 26 52885 0.9097432936914028
4 19 18 16 63118 1.0043549896758828
6 7 26 11 49397 0.9190941125468038
26 10 10 12 43016 1.0722312015772362
29 15 0 26 83123 0.9521625764736175
17 4 24 28 84380 0.9766708222293773
16 27 7 18 60000 1.0947115244014989
16 21 4 9 55578 1.0038607294966089
0 13 23 20 80003 0.9747898034469682
8 9 3 17 38352 0.960978863897296
10 6 24 9 42310 1.0085518943197138
26 10 11 14 47574 1.056313089253906
7 23 24 24 30070 1.0873162023155023
3 0 28 7 72487 0.9154938000230537
6 8 9 20 49722 0.9285295532287056
24 1 18 16 78264 0.9307368060462672
8 8 29 5 44522 1.0624736159766632
23 11 22 21 27276 0.9354173688770773
26 10 18 7 38265 0.9998860916571047
15 24 29 18 47238 0.9703378947771275
22 16 19 9 25516 0.9653790743571038
6 23 23 11 55070 1.0567710840016313
24 1 3 2 89997 1.0716440673426366
7 23 11 16 27798 1.043941667610012
2 10 24 9 55086 1.033171409679861
15 6 25 25 75372 0.9013705362504408
19 26 1 17 69555 0.9791644169485163
13 16 22 15 29226 0.9866259056170588
5 17 9 23 33907 1.068367668984452
1 4 22 7 59493 0.9748829131474134
14 29 6 10 58528 1.0897147460275423
10 9 16 3 35575 1.0343214235177363
25 17 7 9 63626 0.9301635806935302
3 12 29 24 77344 1.0959485527616475
0 24 16 4 76495 1.075310873093717
24 26 15 13 62240 1.0190692291342482
16 18 5 4 61951 1.0330814272240052
27 27 0 18 73110 0.971141168095827
1 15 26 3 85320 1.0893452971348578
25 24 11 3 79215 0.9644371739574964
21 14 28 23 37570 0.9487307408288821
7 3 10 16 63163 0.9063462790378689
28 7 18 18 55437 0.9107727423829067
15 7 22 15 38162 1.0038321288948693
19 29 16 20 35357 1.0700569943213094
12 6 27 7 35006 1.0699797317368458
28 11 12 24 58082 1.049518652964516
26 15 19 3 63183 1.0151351723345872
25 5 12 6 24860 0.9272132680649646
29 24 13 5 72275 1.019518014582512
11 20 25 2 81691 1.027689531829536
25 6 13 12 48003 0.9313081549927027
11 22 29 26 43247 1.0075123402773285
19 20 3 2 73761 0.9650690048308042
5 4 0 28 86173 0.919414797131632
11 26 2 23 28368 0.9497762679997597
2 29 0 19 42090 0.9536534766289142
3 2 10 17 52439 0.9480352965272912
27 27 9 9 74573 1.0024371460253492
11 16 27 18 56511 1.0423124957355545
22 24 29 1 67823 0.9244370675223855
10 3 26 28 105969 1.0788214970267662
3 22 20 20 39792 1.036398434399248
5 5 16 17 54503 1.0061755669080865
7 23 13 28 23387 1.0089095831009307
29 16 3 9 74722 0.9142545971212892
3 23 28 12 72756 1.0762424398592771
28 7 8 25 84231 1.0150113494381954
8 17 22 7 55521 1.0976329875134907
0 13 27 7 72302 0.970163655828697
14 15 29 22 53850 0.921359181294192
25 24 6 18 58193 1.0697708980188891
1 23 1 3 81802 0.9502419043034649
11 6 4 24 58357 1.0060946119257737
18 22 7 24 31012 0.9385321475622447
28 13 20 24 47627 1.0262222074974867
26 19 29 6 43289 0.9199440192606257
22 12 27 29 56035 1.0427634378507582
20 18 27 23 25530 1.0720650861060461
18 0 5 20 87237 1.034921253204172
25 5 13 20 58823 0.9038421221743496
17 26 11 17 31614 1.0048074210592708
25 0 25 20 86487 1.024528287905801
21 25 29 3 69090 1.0603996709876808
16 29 6 28 27159 1.0838206385379658
0 0 1 15 49935 1.0478355051730088
29 9 18 1 46108 1.0537922928249988
4 2 4 19 40518 1.050640455564814
28 17 0 25 70854 1.066788864524852
4 22 23 11 63943 1.0542729564169138
3 10 2 23 59953 0.9429312285946477
5 0 24 23 78518 1.081541015552186
23 24 25 3 84839 0.9536695200864242
8 22 11 4 54926 0.9956244421773999
13 27 2 0 78150 0.9902131869451456
1 3 6 22 74401 0.9391254482364364
7 22 22 12 56133 0.9075574249222237
15 16 11 24 36086 1.0937651236529293
23 28 18 4 83062 0.9178409603649142
16 14 20 26 45158 0.9037078164211064
17 7 27 28 73345 1.0467817567203912
6 11 0 1 33978 1.0479886581838271
13 9 22 8 22327 0.9504045815981149
10 13 15 7 35509 0.9588258468257884
19 13 8 20 52071 1.0503702192511346
0 17 22 4 81906 1.00860053911167
29 11 27 1 31742 0.9224418421550317
20 7 28 2 31949 0.9390873800142109
29 5 6 2 63808 1.0121774231149399
18 7 10 11 29156 1.0725633561632666
10 8 1 3 38304 0.9320958515037895
14 29 28 26 52226 0.9553207581642567
8 23 10 8 42232 0.9659738290490663
15 2 10 17 52912 0.9259329184027911
22 4 29 8 27075 1.054241595719658
5 2 28 16 78180 0.9744871551129038
7 16 25 4 74392 0.9361587096135752
9 15 29 14 63349 0.9186389719270697
7 1 14 20 74743 0.9063809764482335
18 20 1 1 86313 0.9945519924448345
20 9 4 15 43306 0.9606021867344683
5 29 26 19 64657 0.9710128003651378
0 28 1 8 74485 1.0895897212371877
6 22 17 2 68385 1.0916030299693344
3 9 7 16 31631 0.9758975670262086
7 4 29 19 97748 1.018937022235385
3 6 17 26 64554 0.9734764671742345
6 2 11 26 75801 0.9199409465241843
1 21 17 13 60836 1.0162673723248785
27 23 10 19 37724 0.9304196275587069
8 19 18 24 41035 0.9928338164893138
11 28 16 10 57237 1.0954425258632312
24 16 15 27 55376 1.0680368479242877
10 27 3 15 64071 0.9481715742438676
1 25 26 2 108044 1.0593881109083578
26 7 13 21 71016 0.9674849532823229
20 22 3 17 58589 1.0125290937739326
12 8 6 13 26539 1.090742635414518
24 8 2 23 72092 0.9068391795813306
20 15 17 2 41970 0.9474898820961228
14 23 6 5 58475 1.0703227967631015
17 28 24 6 75817 0.9046866657807789
18 13 20 29 52680 1.0880173742350645
2 17 5 2 41613 0.9615331986126349
5 25 11 10 53166 0.9617236969114585
28 7 8 3 62842 1.006472910213529
4 1 29 27 101245 0.9104263105341721
27 29 27 9 68897 0.9950355141486764
22 8 6 29 76212 1.077662774535305
0 27 24 24 57107 1.0320222648968962
19 17 19 7 42818 0.9975683095152921
6 20 4 3 47008 0.9893658692318147
16 1 4 27 99259 0.9156196846779491
26 11 20 20 35989 0.9245737422387578
3 24 17 25 31002 0.9405040524546873
9 21 27 10 66404 1.0386649820430383
9 5 15 9 30202 1.0367725583217169
21 14 17 7 30707 1.0117915153141863
8 2 7 12 42310 0.9027652092249628
24 11 12 27 56802 0.9944259913485791
18 1 13 7 29548 0.9722386015857272
5 16 2 1 45329 0.9903494404055491
0 15 15 12 48668 1.0048725619739411
6 24 20 17 43380 0.922369851039602
29 18 22 27 39669 0.9393148871920065
6 14 14 7 42309 0.9845363962857566
11 2 29 11 54322 1.0090247823582714
8 6 7 19 54706 0.9440472619434807
11 9 27 8 40031 1.0172052940712697
24 29 28 8 73835 0.9279493759492503
25 23 24 13 36154 1.040040271319119
22 4 4 10 50667 0.9133937878246101
14 13 17 20 29194 0.962447742839472
14 14 4 14 35095 1.0915865207141422
7 9 15 3 42393 1.0918172850163432
1 13 28 24 87251 0.9579468256948106
16 21 5 27 44845 0.9843520384899165
18 19 2 10 58608 0.9124387905422766
24 14 0 23 68835 1.014314285904857
11 1 28 14 69001 0.9248996978151006
12 0 0 13 53431 0.9826224169904405
0 11 16 6 48523 1.0684974740594724
16 17 3 16 49933 0.9274393650288115
6 28 0 19 46838 0.9510610454163826
19 21 2 16 76136 0.9617182697119168
27 26 28 2 75940 0.9164989762490697
22 3 7 14 76497 1.070258524572263
26 23 9 11 51945 1.0921564490292266
29 0 10 1 63231 0.9055742627821899
28 19 13 10 55355 1.0140824032984455
11 1 11 12 34938 1.0812436725260246
19 28 5 11 70117 1.016283887049858
4 26 8 7 76462 0.9133537563352562
10 18 27 11 54460 1.0119193121430607
17 28 13 6 60684 1.0972776161233588
0 29 12 19 44388 1.0677292287251956
4 29 15 19 47454 0.969477566522536
11 2 3 10 45485 0.9487397439223906
24 15 2 20 73940 1.0896622371156575
8 12 19 24 53150 0.9813535287644547
21 23 24 11 35499 1.0938908230929392
29 4 19 16 52256 0.9405690281651378
1 2 15 18 75449 0.949401840391679
29 12 24 4 33077 1.0959481573891952
23 5 18 16 44005 0.9811532042507273
28 9 18 10 31641 0.9237886374524912
21 5 0 15 65124 1.0736003963445753
24 27 4 15 79199 1.0452589411974995
22 19 18 11 27541 0.9963102714941017
26 4 20 23 70948 1.0172021668346565
11 28 16 6 68630 0.9167016804692691
3 16 3 4 31741 1.0880620298670505
23 11 28 26 53209 0.9986655795453256
13 27 7 1 86916 1.032025358534101
7 19 26 23 50722 1.0200209326527698
26 3 21 15 55907 0.9551091913622494
1 24 22 12 64918 0.9282084739356492
0 3 9 7 33721 0.9439257958316305
13 10 4 22 48458 0.92453897266347
25 29 27 3 94225 1.0963121311023554
11 29 1 27 28835 1.0946604825169783
10 19 21 13 46808 0.9530744811048996
10 6 29 1 48946 0.9706507503696696
4 9 27 1 65077 0.9909950896338691
5 10 2 20 48203 1.0079734179538367
23 28 17 9 63759 1.0240322702845353
18 4 25 8 33384 0.9589953630614407
3 17 9 1 60717 1.097182186942314
17 9 27 19 48181 0.9578719090460186
14 21 26 21 39741 1.0531678977634107
13 7 5 22 52962 1.0199904255350203
14 16 2 0 56751 1.0181752151076626
25 3 6 2 71662 0.9394319115328359
25 26 26 14 55621 0.9155314931483561
18 10 19 19 36361 0.9822629982177826
26 19 0 15 87015 0.9122875865736338
25 3 26 24 87463 0.9941266510445678
26 13 27 1 45252 1.087976768387157
26 4 9 28 95067 1.0009892738354575
23 28 3 19 68865 1.0380925153866734
5 3 14 21 65891 0.9929009078829807
3 24 1 13 52634 0.9187673930396133
13 17 18 26 39078 1.0416898781952477
0 29 25 19 70751 1.0461941868157314
8 4 3 13 40277 1.0132627263889808
8 21 1 15 54789 1.056239794094462
25 5 22 19 50650 1.0592096459844103
12 0 22 14 50614 1.0706899989979695
14 27 22 4 81804 0.9733209350773486
5 19 15 22 40232 0.9065952599585949
21 0 9 19 80812 1.0879210122628684
26 11 8 25 68410 1.0069857823853183
0 6 10 15 37429 0.9912224416291998
11 21 23 0 87914 0.9797675688953571
19 9 2 2 54739 1.0555173990984905
5 14 14 9 36955 0.9672920916690242
8 29 27 27 56414 1.0551648672897718
18 22 17 2 59061 0.9322499432732347
3 9 14 6 36303 1.0733582644580058
2 16 16 6 60580 0.9440556420387897
10 29 5 22 32249 1.0697760418255555
3 20 17 11 59811 1.0069636772914432
26 17 21 1 74724 1.008123310677839
17 9 25 26 63663 0.9131135479258662
9 28 8 3 91027 1.0374701988863102
16 8 25 2 46632 1.0691786004249684
22 29 17 20 30452 0.9487730475286995
12 17 25 5 48447 0.9189403398781711
0 11 15 7 42457 1.0996097756562335
0 3 1 26 87847 1.0956084881900787
27 24 6 4 85351 1.0130976084835817
21 8 8 8 26675 0.9346553381727598
0 28 11 0 92244 1.021315564715686
14 3 1 0 62889 0.9220945852259342
28 23 12 19 32253 0.9327208333925596
28 22 9 11 59671 1.065783464631758
26 2 8 24 94714 1.065791614779617
16 28 11 3 76940 0.9589031955966594
28 23 0 29 58803 1.003641953210993
27 24 2 15 75579 0.9270954211806126
23 10 16 2 44061 1.0689654737491705
0 3 10 22 66625 1.0859164166461728
9 14 22 26 52697 0.9563335137563189
23 20 2 8 73023 0.990964059108725
16 15 7 12 33752 0.9712434170687652
19 12 5 25 62224 1.024125652123443
19 18 16 28 41085 0.9096161847008428
4 18 29 17 86385 0.9319348337614459
0 9 23 23 72437 0.9914775713093765
11 17 2 23 32391 1.0297381816699749
2 23 6 12 55678 1.0616423058765467
23 1 20 25 95021 0.9452283382337212
20 13 29 0 46922 0.9270774168039023
8 9 16 17 42511 1.0733718607217946
26 29 12 23 45471 0.9813504564584162
17 12 28 23 44749 0.9156282037726713
15 16 26 16 48004 1.0219465042918117
11 18 24 21 49282 0.996804849075092
23 17 28 7 41421 1.035740057059457
16 22 4 12 50094 1.0191134068716363
25 18 27 10 32715 1.030710362364776
16 23 28 11 50027 0.9889040138403302
3 8 15 15 38379 1.0873639979825511
3 14 21 15 57171 0.9436305662381101
3 22 22 16 51180 0.9273685381961452
15 16 17 24 31655 0.9299272243788876
6 26 26 25 53996 0.9513309350580921
10 7 23 29 77038 1.024634143869293
20 3 0 13 65367 1.0196375712858115
8 7 17 14 40203 1.0942454736965148
10 4 18 18 62394 1.0660149870665374
28 13 18 14 37704 0.9876822741768199
23 3 0 16 86661 1.00119410082722
7 19 18 5 61970 1.0971440878244842
10 11 9 29 48250 1.0607431996762535
16 29 3 4 82387 0.9031714411194517
25 21 12 26 42740 0.9733658362555748
20 7 13 29 68689 0.9232632164501378
1 12 24 0 91735 0.9931034732043392
5 26 15 16 54657 1.006014397426239
28 12 3 7 59706 0.9562544292587588
2 22 25 26 55771 1.0777331676377946
17 21 7 21 34312 0.9421156684336202
9 0 14 5 28365 0.9774274513733598
1 0 17 9 52862 1.0720747566764417
17 5 15 24 57536 1.0497561456892992
19 9 2 26 79365 0.9218530600057947
2 2 22 7 59345 1.003110416816496
14 29 21 4 76627 1.0799806467355602
11 17 29 2 65757 0.9064470169986234
12 13 25 19 53637 1.0244056520707905
20 14 25 23 34243 1.0280857782693869
5 7 29 18 80475 0.9671305602090149
3 4 12 26 64019 0.9132202765631244
7 22 25 5 71541 1.0067690091386146
4 21 0 1 68259 0.9465089708364758
11 5 16 22 50333 1.006799636712055
25 3 1 27 114246 1.0368957726521268
18 12 25 4 42579 0.9377155957497004
14 20 19 27 35215 1.0199056166617422
11 26 11 13 40568 1.0905690074055923
9 2 22 5 37460 1.0862227734494827
21 29 29 3 76271 0.9467721964278452
0 12 14 3 54976 1.0373654005904527
1 22 29 5 91359 0.9643920797035029
23 0 7 20 101365 1.0433493763077202
8 29 6 17 54579 1.020298024435748
17 23 11 17 24030 0.9415498197684411
13 3 23 8 34493 1.0911720274998933
10 26 23 3 89622 0.9117575139301779
0 7 13 28 73180 1.0807472538625407
25 18 20 23 23640 0.9743650255348689
22 23 17 16 25500 1.078530474942266
6 20 23 16 59288 0.9282930317369046
16 7 5 18 62232 0.9383655697820565
6 5 28 21 88263 0.9489995367465841
29 28 16 13 76960 1.060250833032371
2 26 2 7 83285 1.0925247740845991
17 28 22 17 35400 0.9082815975864779
23 26 2 29 59684 0.9364904908229923
9 29 25 17 59645 0.9638644147635077
2 17 23 12 64468 1.0940099960613157
14 11 0 16 45321 1.0148726119134892
13 20 16 4 50686 1.0647852572902365
6 16 26 5 67610 1.0089092800142432
14 17 22 13 34798 0.9340939527910574
4 15 14 22 44671 0.9528339884237462
11 15 27 5 50435 1.0906321662795653
29 18 6 12 69249 0.9605060869638777
7 22 1 29 42255 0.960406079020895
15 28 26 17 60741 0.9056564768543377
17 16 27 23 32998 1.0142572946168706
22 7 15 1 45389 0.9743774292897572
6 12 18 8 34580 1.0484650788678918
1 22 19 26 47292 0.9534861418766272
26 8 19 18 42547 0.9259510689537934
27 29 16 21 44622 1.0328295377107988
19 4 15 13 44594 0.9666979018068336
25 0 4 10 78883 1.0203013257582463
27 20 21 29 33322 0.9334419722896697
26 29 14 19 57776 1.0408945154554057
16 24 11 6 50818 1.0789997990911162
15 14 10 5 45426 1.072711935880717
4 8 20 14 44043 1.0791540423947512
28 2 0 24 98411 0.9278914282020277
7 11 26 2 63992 0.9134784623389671
18 14 11 23 39725 0.9913264899434291
11 23 14 11 31009 1.073015150193696
1 26 11 11 60203 1.056296345847226
12 8 9 20 37608 1.0577895826513672
11 3 25 19 75091 0.9375652056455668
21 16 3 27 71855 1.021746688964635
11 5 19 15 42678 0.9277722175114581
3 8 20 29 77951 1.0821709151257781
18 11 28 3 41104 1.021059409342161
3 7 3 26 76575 1.0958395446539642
29 13 5 4 70769 0.9152520896912554
23 27 2 21 58308 1.082884333643628
4 14 24 27 80844 1.095975393912796
20 10 22 0 52364 0.930638911611794
15 17 15 7 41400 1.0381069486462355
26 14 13 5 57716 1.0810387737519198
23 21 28 12 45557 0.9377019358638925
8 6 27 28 90943 0.9770104612878575
1 29 19 29 44352 0.9472369420543924
0 1 27 2 85644 0.937874217724777
24 10 1 5 64070 0.9999166336833589
9 22 29 5 73775 1.0330405785369758
7 0 24 2 78064 1.0941648384417657
7 19 17 6 60550 1.0262803649748573
22 4 20 13 41260 0.9555881164283776
23 4 28 11 32736 1.0027352671972674
14 14 2 28 64229 0.9553886876405951
11 29 12 3 58480 0.9128546066197161
6 1 2 14 42916 0.9874623546380357
6 14 16 0 64232 1.0466785706582216
18 16 0 21 57288 0.9107466282627399
1 2 7 19 65843 1.0285129370870103
7 9 8 26 66893 1.080292381625257
12 7 24 1 57703 1.0893494471774336
21 6 5 24 75407 0.9186922898917161
23 15 12 27 46348 1.091502862323178
6 22 19 29 43268 0.9145904824885768
1 26 22 25 52267 0.9914151115985669
5 17 21 29 65804 1.0532132743482685
26 16 16 4 63437 0.9828204104410453
0 21 4 0 60525 1.0609669574439553
0 2 1 18 60691 1.0488169603858486
20 1 1 20 102881 0.9102506183686425
25 7 11 26 78625 0.9567395634696522
24 2 15 9 52571 0.9722665814717864
12 28 5 24 26387 1.0818337013938426
17 4 19 28 73189 0.9489213320301004
5 20 3 3 56726 0.9057564681078845
12 17 24 24 36147 0.9165720290652182
15 0 5 13 60992 0.9109688693714743
19 28 1 17 75817 1.0360759916164235
24 10 20 24 48673 1.0203239280469614
28 6 13 16 58276 1.0256971690115715
15 25 10 17 33413 0.9614275254979366
16 25 5 26 38870 0.9047421377584329
10 11 28 24 57697 0.9662697664343436
13 28 24 14 64477 1.0435776406872186
12 28 29 0 90451 1.0940180514042022
7 20 0 3 62100 1.0107072165426587
13 2 8 21 63399 1.0815824934880314
21 12 14 19 42758 1.0403658591912008
16 25 15 4 65293 1.019404484901035
12 2 14 26 59614 1.01436759713112
9 28 11 12 49904 0.975510285282643
4 28 29 14 93145 0.9495478134958162
27 29 18 16 58634 0.9288538639592967
22 7 13 2 38402 0.9799684473876356
18 16 27 22 41564 1.0561461943867982
18 14 5 4 56662 0.9856748601036093
24 20 27 4 68358 1.04533462204585
13 6 26 22 69564 1.0375025701109724
8 27 15 5 71304 1.0792996775493215
15 7 11 0 35303 0.9493501240162837
16 26 23 29 34701 0.9423029038159778
20 28 24 3 95065 0.9911532786466198
8 14 2 5 43299 0.9654502863010462
11 24 26 23 27393 0.9151617334472285
25 7 15 10 40915 1.0229827031329386
20 28 13 23 26101 0.9954966937096932
2 16 14 24 60033 0.9151572199900442
6 17 29 8 71675 1.0334935424642477
21 4 8 7 43741 1.0421945652053735
4 26 17 22 37836 0.9538695569479568
21 29 18 2 80385 0.9519784236859683
19 9 25 0 59599 0.9092300186459441
20 29 14 14 56728 1.0873895050848255
27 18 19 7 52375 1.0194010809215042
15 28 26 4 94741 0.9615930416077403
21 4 6 15 59655 1.0749171446250807
3 1 23 26 91352 1.0620519696310828
5 22 7 13 48553 1.0914623289002556
13 16 0 14 48375 0.9667070203761345
15 22 12 8 37422 0.943190309519238
23 0 13 12 66632 0.9211894616593728
18 9 11 3 34900 1.0237304054520673
24 7 10 4 52664 1.0798554689255206
16 13 26 10 36450 0.9933705783202968
17 15 26 8 37163 1.0826680072554407
1 27 29 29 88271 1.0216874383966021
24 14 27 29 63232 0.9016264315135287
8 23 25 25 35764 0.9745616933698175
10 0 3 22 77875 0.9461179192066624
28 3 26 27 83659 1.0717048585639501
10 15 3 1 47099 1.0023960474480844
28 28 2 27 83502 1.0402715786968375
21 10 13 15 33305 1.0433505425169698
1 29 0 4 93856 1.05395850084199
20 20 9 29 39934 0.9644080230622663
18 7 8 27 78350 0.9037764171772688
7 15 9 6 38890 1.0970995805710007
18 10 26 2 53498 0.9277913033290099
6 18 22 25 49993 1.016390791880105
24 23 3 22 36026 0.906853047411407
14 4 10 17 44093 1.039651566255015
10 15 14 29 40091 1.063151386343127
21 11 25 18 26964 1.0749040057668555
3 7 3 21 51469 0.908031045632627
24 20 22 10 37715 1.078627111397455
8 17 29 4 71732 1.003817337345618
28 0 6 15 81357 1.001742431337644
5 5 23 26 82252 0.9842570169223499
29 0 17 12 48989 0.976490410394736
0 7 12 8 27926 0.920448600105296
17 8 29 1 37724 0.9148874231719969
21 23 4 5 62792 0.9334539988338112
26 16 16 27 58990 1.0920182196010328
11 23 1 21 26141 0.9775005710777556
25 13 10 16 54130 1.0912138849201738
7 6 6 21 53784 1.013323484078915
13 13 0 2 50307 0.9799353554883959
22 14 29 17 29268 0.9548076109765256
8 2 15 7 44216 0.9816401277553564
2 23 4 13 48962 0.9670577556373333
18 12 1 10 42159 0.9554817891974621
25 11 8 19 57315 0.974972627585832
11 13 8 21 41105 0.9782314845345141
19 29 19 8 66437 0.9519131143895546
4 27 18 10 77355 0.9906351676256783
4 2 29 0 72626 0.9434444255848065
1 2 2 27 104453 0.9349267602176425
6 1 0 12 36650 1.0841174375138851
24 8 0 11 53636 0.9455032978605158
21 13 23 23 29947 1.0193533858243358
21 3 4 0 60720 1.0370867941807886
14 8 18 21 45439 1.0540588013582937
18 29 17 4 68742 1.0413653342632614
21 20 7 10 65060 1.0772889152607599
19 9 5 6 39710 1.0370441928038756
1 15 7 24 53633 1.0674110098892386
17 24 11 13 37718 0.9639604251721944
3 18 20 1 84537 1.0081682148395816
29 28 9 13 87310 0.9005078226037617
7 27 16 0 95033 1.0945612096713766
2 26 4 2 82526 1.0583959950794184
27 9 2 21 87752 0.9741922395948288
21 7 24 15 30275 0.9087169100430399
7 28 8 17 54448 0.9479381603677597
19 3 6 13 60952 0.9692660836234004
14 5 22 3 28935 0.9051131034396291
13 14 11 26 36238 1.09650618018665
28 26 14 12 65668 1.0014335335867175
28 18 8 1 96714 1.0752125197707603
27 8 25 27 77247 0.9806341698652392
7 22 14 7 53676 1.0011172636873626
1 23 12 0 67563 1.0495809625229588
22 22 8 8 57333 0.9833659758679265
15 10 9 4 42684 1.04830370967005
8 22 29 2 82949 0.9116283076351118
15 28 26 12 75251 0.9891658537783894
1 28 23 1 125004 0.9400553806198957
16 14 2 3 68771 1.025963040920267
8 28 28 15 75924 1.0358653623854308
16 18 2 17 52778 1.0942863224505508
8 23 18 22 21481 0.985780540092813
12 0 17 27 67704 0.9638706188706088
21 28 0 25 53183 0.9228320382350901
19 22 0 15 64599 0.9691962101548179
29 11 17 25 55225 1.0951379215711141
12 23 14 3 55342 0.9387024223000152
16 7 28 25 72702 1.0716668663802826
18 14 7 6 54616 0.9544204410524642
11 1 28 0 59280 0.959729119917298
24 6 0 5 64217 0.9339496816758177
0 20 28 21 62707 0.9191759168719197
10 5 0 6 29345 0.9320106401846098
17 16 10 25 36021 0.9151667237375797
14 1 22 9 49078 1.0786786130920036
10 12 23 25 52761 1.0946791804631624
12 10 2 2 40149 1.0352568850189898
8 19 1 27 56611 0.991851347881549
7 10 14 23 46225 1.073881609868867
23 27 15 7 74637 1.0697394278731436
27 19 15 15 44434 1.016249268907262
11 29 13 10 46052 1.0293414192245112
23 24 0 3 87265 1.0446973072086803
13 5 3 1 42569 1.0870750596253569
15 11 24 5 31304 1.0957714793978819
15 7 2 28 83562 0.9460864120012726
14 18 6 3 62114 1.0299932497910078
11 10 18 24 49224 0.9413617058668292
3 17 3 29 60138 0.9476000089787822
5 0 12 15 43632 1.0426988859278827
29 20 8 2 102228 1.0153855178412363
8 26 15 21 38262 0.9247710032522555
23 26 10 20 42853 0.9631346814271298
1 15 13 28 68854 1.0697392141396835
0 8 25 18 71742 1.0640718839233323
20 7 10 4 37765 0.9986132873879101
2 25 10 10 63286 1.0278090935146549
11 3 15 20 56747 0.9056552096139046
14 28 12 12 44620 0.9247814129393374
19 18 26 22 35091 1.064307951663731
16 18 1 21 53396 1.082400545572914
3 11 1 21 46757 0.9293674103706245
25 6 15 23 69105 1.0002888738292406
22 13 3 10 47720 1.0605320204185056
4 21 18 26 45226 1.065677648630575
13 4 29 18 70192 0.9053552347393369
25 5 13 15 46855 1.056797923808891
0 29 9 7 78645 0.9239265915788109
21 28 24 0 103165 1.017975774960373
15 23 20 1 73660 0.9068993153071891
5 26 15 28 42332 1.0104250884628825
24 9 13 17 46100 0.9405808211874466
23 24 24 10 51420 1.0223111471118072
6 28 20 20 49607 0.955460169814495
10 2 18 13 46833 1.0339631858847247
9 14 16 3 53420 1.097412642817572
4 12 24 18 58155 1.0115957437000547
17 8 13 23 44050 1.096641590237427
0 0 4 9 28778 1.0151358249772797
0 18 26 27 80169 0.9819311327589182
18 7 19 27 67084 1.0317604728227259
8 12 19 18 52166 1.075032567425269
12 13 25 17 48435 1.0098807046111902
9 8 14 18 36074 1.0871636967619596
4 23 25 4 81144 0.9066023708555063
23 2 6 9 63290 0.999728199448877
10 27 19 18 48004 1.0088352382011265
26 1 6 20 104907 0.9940946553749307
29 27 21 18 46770 1.0926491166093082
29 4 11 23 72417 1.0724576941796307
16 16 28 9 44813 1.0855100064237517
0 0 23 4 76504 1.0300981339008548
21 0 14 11 52817 0.9157242113094715
9 26 29 8 81971 0.9269821546505246
0 29 17 14 66367 1.0209125383971647
22 0 2 1 93326 0.9752223550442036
5 0 10 11 31666 0.9914031811179921
3 24 5 2 72782 1.0204533851808395
10 29 20 3 79132 0.9952539480478245
3 28 23 9 87438 0.9982998083413134
7 22 10 5 56852 1.0972907977585358
3 14 23 10 54217 1.0077525684282713
14 21 2 15 55101 0.9064019797398325
23 5 12 18 47287 1.0907186598161944
24 28 29 6 81953 1.0739079752652265
4 20 23 12 73489 1.080557070494434
24 9 1 25 83314 0.9755413504192756
0 11 15 21 60172 0.950967306238064
5 21 2 29 45680 1.0856625079633822
10 28 14 10 60492 1.029061475795766
20 17 11 18 37015 0.9568453170015845
21 14 12 0 54442 1.052452042109595
12 28 24 1 103162 1.0579505806747462
8 23 22 23 20123 1.0918501899801976
7 16 2 8 30914 0.9062264902278515
22 18 10 21 40809 1.0839443254494063
0 14 4 4 29144 0.9947463440471735
15 1 22 12 51439 1.0709043623235683
16 21 28 1 77823 1.0490974027541657
16 11 6 25 50577 1.0410345297187371
2 26 13 14 56683 0.9532507379014189
3 27 21 19 61930 0.9850600732535408
7 13 18 11 36045 0.9530284020971921
23 16 6 1 76647 0.9812065050693137
19 12 2 19 68718 1.0204342204219654
26 25 0 24 55692 1.0061197823468473
1 10 22 15 55573 1.0543003667228266
15 10 9 28 62727 0.9759706905998288
22 22 25 3 73580 1.0780580455731326
4 19 22 28 60868 1.0874426229817107
17 14 28 3 48052 0.9005603312421002
9 11 14 25 41784 1.0390681917484272
28 23 0 15 71540 1.0005822441711745
3 3 7 15 35933 1.0070752918653934
2 7 21 1 68945 0.9438123249079491
9 13 18 26 57616 1.043705280265102
6 3 17 21 74171 1.0313620408214927
20 8 18 24 54014 1.0224936905986364
22 28 1 19 66483 1.0213328891422608
15 15 5 17 37444 0.9334116370068605
4 20 27 26 60326 0.942323961080675
22 13 18 28 50758 0.9970630502510621
22 17 10 3 67178 1.0459493846626167
16 10 2 28 78235 1.0935943300847109
15 6 24 26 76872 1.0146476285481665
25 29 7 25 60938 0.992170130004367
26 1 9 12 72106 0.9304183896843027
29 2 20 8 36612 0.9225236669303805
7 11 27 16 54850 1.0908674312481916
2 18 27 0 101216 1.0849415566608602
3 28 11 0 89370 0.905851541409281
12 3 27 27 79386 0.9549283696836453
24 1 17 16 73149 1.0158403188016936
23 18 13 12 40232 1.045493699470568
16 17 3 8 47666 0.9927512241872831
8 5 8 25 71380 0.9098954054649329
24 28 4 27 75324 1.0172914022032917
29 29 18 3 102232 0.9755480567952285
27 14 15 4 55058 1.0424865498499227
11 26 5 18 49400 0.9136613984120127
5 5 21 20 75755 0.9954891078167377
28 5 4 14 59409 1.072230022848181
11 14 13 24 30511 0.9662002422004733
29 11 7 13 56394 1.0793531188769996
14 23 21 29 25352 1.0462116601914568
18 29 2 0 91466 1.0538493627280676
29 20 26 11 38140 1.0917643908714338
13 13 13 29 41698 1.0795291485453251
9 4 29 29 106222 0.9696530644906969
9 25 23 23 29184 0.9314468004751776
20 21 25 28 44531 0.9158193100664817
10 21 26 6 76069 1.097738066622404
3 14 16 9 43186 1.040454579108829
5 9 15 7 33388 1.0072548353863298
11 2 21 7 37058 0.9236942071902321
5 20 26 5 84829 1.0708690680664474
23 25 7 23 29805 1.0860568471129295
7 11 27 27 70857 1.0651944959331696
13 16 6 1 54471 1.073224931916287
19 5 11 10 29715 0.9359338225628404
7 5 15 17 56521 0.9731842967225701
4 27 9 22 33155 1.0072095005007093
7 10 4 28 76574 1.092363932185415
6 27 5 11 64722 0.9940227410691642
5 6 9 25 63009 0.9210496911797383
3 6 22 2 63009 0.9075918197981653
27 9 2 21 87752 0.9083050608550646
10 14 18 25 45479 1.0632000410529907
15 13 6 25 53898 1.0348660617051761
19 17 12 3 49926 1.0296650385443498
28 8 29 18 32667 0.9628344195277608
26 1 16 22 86476 0.9105730342323309
3 29 11 10 62761 0.9310300367112256
26 9 6 25 78817 0.9078857973132699
9 8 8 22 46078 1.021000920143476
8 2 21 25 84669 1.0200514110591359
18 3 25 22 79023 1.09093517759073
27 10 12 22 55243 1.0223802133274082
18 21 21 9 47326 1.0261183591039602
5 1 15 5 46239 0.9768040654672681
27 8 6 23 72615 0.9033063423390937
12 29 11 17 29745 1.0572495047453903
