7091 7022 6834 6689 7099 6761 7062 6909 7243 7090 6989 7147 6951 3642 3955 3927 3882 3849 3694 4132 3553 3798 3998 3654 3949 4095 3924 3649 3672
4938 4877 4790 4933 4794 4946 5380 5380 5305 5304 4788 5361 4873 5009 5407 5031 5069 4890 2140 2213 1907 2083 1774 2054 2312 1822 1994 2360 2146
6757 6970 7313 6792 7063 7206 7100 6817 6909 7074 7046 6861 7227 6990 6825 6941 6724 7291 7355 7307 7226 6704 2559 2595 2111 2338 2749 2280 2161
3882 4432 3927 3909 3860 4366 4467 4007 4393 4488 4310 4501 4374 4227 4065 4266 4130 4396 4001 3843 4252 4323 4421 4178 4295 4002 4363 4025 4478
3289 3446 3742 3425 3393 3307 3586 3318 3425 3574 3478 3484 3283 3459 3433 3580 3659 3574 3713 3314 3268 3141 2888 2909 3217 3193 2957 2867 2655
5754 5875 5744 6030 5992 5484 5731 5564 6094 5818 3217 2910 2834 2867 2894 2925 2865 3302 3281 3212 3353 2786 2952 2762 2786 3193 3156 3354 2871
7378 7480 7397 7372 7660 7474 7330 7339 4583 4814 4802 4280 4388 4387 4336 4577 4482 4327 4230 4517 4263 4564 4778 4312 4541 4272 4505 4816 4590
8599 8003 8272 8402 8445 8248 8572 1589 1604 1383 1969 1642 1442 1361 1883 1486 1385 1556 1826 1408 1974 1962 1390 1912 1433 1424 1933 1837 1701
6129 6277 6380 6234 6173 5987 6092 5902 6003 6385 6125 5913 6436 6229 5893 6104 6250 6002 6210 6086 6440 6129 6163 6060 6145 4271 4333 4040 3902
6811 6978 6899 6683 7017 6848 6652 6651 7147 6866 7043 6879 7008 6623 6900 7152 7175 6732 7114 7052 6847 2527 2312 2708 2560 2679 2764 2521 2401
7447 7279 7442 7648 7475 7738 7798 7253 7546 3029 2511 2525 2743 2990 2930 2565 2609 2753 2788 3099 2603 2654 3011 2659 2661 2731 2782 2547 2828
4028 3929 4274 3905 3834 4175 4055 4200 4265 4058 3948 4197 3677 3755 3981 4094 4105 4068 4250 4261 4112 3845 3986 5407 5407 5637 5524 5416 5316
7262 7256 7575 7428 7521 7632 7311 7294 7279 7544 7079 3912 3737 3689 3715 3921 3896 4031 3553 4114 3969 3764 3606 4036 4037 3896 3602 3740 3816
3662 3933 3548 3857 3901 3769 3869 3484 3461 3818 3855 3854 3857 3936 3731 3283 3284 3887 3382 3638 3730 3479 3376 3920 3450 3654 3568 3600 4065
5954 6173 5680 6080 6126 6185 5924 6268 5667 6056 6238 5781 6259 5801 6274 5777 5870 6193 5986 5963 6054 6052 5969 5657 6069 5838 5778 5911 5619
6917 6935 7429 7185 7105 7107 7396 6944 6855 7177 6832 4513 4497 4528 4649 4227 4493 4219 4188 4151 4154 4685 4431 4467 4456 4201 4239 4601 4137
4806 5294 5175 4919 5242 5254 4775 5128 4948 5401 5383 5317 4822 5177 5395 1901 1968 1797 1861 1822 1643 2222 1857 1785 2148 2001 1647 2182 2063
6427 5751 6403 6017 6364 5910 6336 6390 5901 5913 6205 6090 6007 6049 5776 6155 6170 5982 6114 5790 6355 6279 6307 5773 6344 6013 6147 6065 5765
4668 4845 4544 4456 4833 4536 4691 4715 4782 4260 4231 4436 4850 4667 4221 4800 4197 4776 4313 6777 6909 7211 7129 6931 7193 6965 6715 7320 7310
4449 4337 4434 3977 4407 4396 3969 3935 3892 4106 4087 4453 3974 4005 4376 7627 7582 7232 7338 7156 7166 7239 7673 7418 7134 7441 7727 7192 7654
7978 7768 8028 7926 3069 3306 2681 3149 2723 2926 3177 2804 3296 2944 3070 2684 3237 3132 2796 3164 3044 3057 3286 2870 2788 2782 2982 2749 2873
4191 4311 4228 4393 3950 4506 4021 4180 4146 3983 4428 4340 4035 4165 4272 4004 5622 5774 5270 5245 5677 5425 5626 5650 5835 5535 5204 5609 5651
7422 7796 7599 7467 7369 7583 7740 7796 7629 7959 7721 7599 7325 7407 7537 7702 7370 3994 4399 4559 4304 4060 4542 4265 4433 4118 4409 4343 4005
6866 6852 6269 4051 4066 4159 4036 3631 4187 3693 3993 3883 4016 3834 3963 3972 3666 3826 4218 3920 3881 3705 3837 4111 3710 4046 3828 3908 4154
5442 5707 5505 5249 5367 5167 5736 5288 5598 5213 5250 5655 5166 5684 5488 5166 5590 5168 5388 5216 5608 5670 5250 5440 5666 5830 5691 5656 5485
2660 2420 2454 2345 2688 2324 2380 2599 2738 2870 2633 2375 2564 2685 2953 2594 2572 2324 2579 2638 2132 2343 2067 2659 2319 2496 2351 2161 2452
3306 3342 2959 3345 2811 5575 5887 5668 5639 5840 5593 5884 6149 6133 5754 5514 5849 5546 5746 5743 5852 5761 6150 5612 5728 5542 5509 5710 6055
7868 7392 7814 7705 7471 7802 7938 7467 7381 7918 7561 7471 7712 7753 7901 7641 7834 7848 7940 7805 7415 7736 7401 7552 7933 7832 7854 5722 5882
2300 2472 2397 2755 2291 2620 7553 7514 7442 7655 7758 7543 7900 7708 7612 7388 7799 7446 7624 7622 7415 7727 7529 7852 7814 7868 7766 7791 7787
4146 3893 4493 4108 4492 4468 4309 4076 3982 4346 4344 4129 3978 4497 4007 4154 4352 4017 3892 4080 4162 4453 4133 4095 4220 4320 4089 2770 3063
7678 2549 1298 2756 4486 6004 2017 3040 2427 1847 3760 5559 4605 3338 6047 5259 1559 4120 6328 2292 8137 7390 7544 3708 6167 6024 1700 2167 3920 7449
7552 2781 1317 2903 4598 5407 1947 3427 2630 2073 3888 5755 4227 2819 6309 5542 1199 4285 6414 2671 8158 7246 7620 3196 6341 5783 1307 2032 4035 7356
7293 2358 1503 2414 4803 5479 2092 3651 2140 2359 4021 5386 4618 2978 5931 5671 1793 4401 6669 2676 8378 7498 4773 3604 5995 5615 1471 2221 4068 7488
7151 5953 6799 2760 4400 5676 2247 3227 2086 2344 3630 5500 4616 3139 6122 5374 4902 4047 6574 2766 7917 7077 4918 3432 6235 5859 1614 2077 3771 7209
7548 5496 6691 2623 4437 5912 2211 3171 2598 1882 4120 5286 4500 2905 6274 5444 4813 4316 6230 2756 7825 7239 4502 3506 8288 5746 1687 1726 3996 7367
7155 5595 6693 2754 4345 5980 2032 3506 2033 1885 3928 5588 4711 2948 6022 5128 4901 4352 6200 2943 7870 7232 5007 3325 8260 5797 1405 1813 3934 7135
7188 5687 6902 2413 4657 5066 2221 3114 2401 1962 3765 5654 4768 2871 6123 5675 4700 4122 6760 2872 8411 7248 4936 3708 8105 5999 1557 2171 4134 2912
7409 5698 7133 2723 4179 5404 1931 3156 2553 2140 3771 5428 4755 2754 6093 5749 4992 4326 6369 2831 8152 7585 4826 3258 8054 5470 1431 2216 4314 3190
7122 5945 7125 2675 4605 5530 1864 3644 2106 1914 3896 5142 4590 2974 5978 5667 4398 4573 6816 2338 7815 7301 4958 3571 7865 5988 1303 2274 4237 3436
7128 5652 6636 2465 4689 5319 2154 3370 2484 2235 3903 5634 4840 2696 5832 5200 4646 4193 6713 2810 8247 7443 4630 3526 8394 5981 1260 1927 4117 3129
7059 5772 6698 2760 4806 5197 2231 3554 2645 1980 3934 5604 4675 2918 6273 5243 4348 4151 6407 2886 8118 7213 4776 3504 8468 6037 1634 2272 4151 3064
6935 6072 6665 2473 4641 5403 2373 3252 2012 2180 3871 5389 4830 3005 6268 5240 4872 4188 1567 2896 8219 7259 4758 3223 8456 5730 1606 1972 4357 3386
6525 5694 7139 2281 4204 5522 1953 3044 2291 1808 3753 5122 4502 3107 6179 5338 4576 4154 1713 2525 8116 7342 4515 3543 8348 5651 1119 1776 3993 2885
6820 5968 6573 2318 4443 5545 6747 3593 2121 1767 3858 5184 4632 2913 6096 5437 4912 4155 1906 2834 7849 7568 4583 3680 8210 5802 1338 2094 3000 3490
7082 5633 6750 2428 3989 5314 6783 3320 2123 2234 4076 5674 4416 2829 6307 5409 4927 4149 1961 2532 8359 7121 4659 3681 8320 5927 1352 1673 3268 3358
6578 6128 6707 2736 4521 5477 7267 3301 2229 2278 3821 5330 4963 3279 5810 5679 4608 4209 1517 2849 8125 7301 4655 3519 8065 6047 1494 2164 3377 3083
6898 5901 7042 2262 4537 5114 6720 3653 5103 2291 3531 5658 4938 3251 6143 5500 4918 4036 1930 2895 8243 7438 4877 3614 7948 5785 1118 2150 3338 3198
7039 5840 6562 2554 4140 5371 7177 3455 5299 1752 3549 6698 4842 3533 6102 5197 4956 4431 1486 2903 8231 7265 4695 3154 8242 5665 1349 2253 3393 3033
6936 6015 6707 2634 4378 5157 7081 3753 4921 2115 4075 6805 4975 3249 5929 5149 4378 7141 1615 2759 8321 7600 4914 3186 8513 6151 1306 4981 3151 3319
6955 5567 6930 2577 4533 5516 6946 3377 4971 1917 3808 6931 4454 3685 5787 5609 4638 7560 1911 2428 7876 7427 4606 3147 8029 6239 1647 5340 3183 2948
6521 5963 6814 4856 4125 5464 6708 3597 5232 2344 3887 6479 4639 3381 6209 5311 4940 7245 1947 2555 8473 7446 4976 3185 8482 5974 1156 5138 2920 3083
6761 5585 7131 4928 4305 5161 6640 3401 5379 6047 3726 6536 4976 3505 5786 5650 4782 7059 1635 2512 8186 7670 4564 1882 8161 6201 1203 4934 2969 3255
6790 5572 6686 5194 4298 5418 6778 3497 4880 6370 4090 6553 4656 3230 5853 5188 4493 7486 2018 2863 8470 7464 4476 1782 8083 5705 1193 5372 3018 3006
7074 5860 6911 5003 4356 5427 6721 3413 5074 6078 3897 6900 4811 3683 5961 2632 4714 6976 1823 6106 8259 7686 4952 1816 7897 6044 1273 5074 2923 3053
6574 6072 6603 5249 4066 5028 6763 3337 4848 6151 4086 6722 4494 3450 6059 2361 4613 7144 1420 5513 8176 5981 4744 1964 7957 5745 1229 5448 2906 3364
6605 5602 6790 5076 4512 5371 7014 3558 5117 5855 3855 6430 5008 3251 5953 2554 4828 7048 1923 5878 8111 5547 4534 1756 7954 6119 1743 4868 3283 3131
6564 5534 6711 5355 4295 4980 6754 3803 5206 5806 4068 6728 4728 3148 8519 2090 4438 7369 1883 6002 5659 5560 4952 1946 8475 5900 6171 4808 3110 3146
6775 6011 6714 5301 4182 5323 7014 3493 4908 6260 4046 7001 4844 3410 8309 2439 4915 7082 1584 6044 5479 5424 4560 2208 8008 6221 6358 5240 2821 3437
6733 5663 6614 5018 4621 5045 6785 3214 5163 5792 7422 6684 4986 3421 8196 2363 4772 7348 1452 5834 5787 5624 4655 2327 8337 6219 6327 5111 3016 3362
25 16 1 1 100442 1.0103296854167496
12 4 27 2 65546 1.053769291929622
0 11 11 15 52531 1.0032682235438166
12 16 18 21 35053 1.0333935548874003
23 23 14 14 51439 0.965693717302065
17 20 28 20 45976 1.0110422263445418
4 13 13 5 41945 1.0428283108297136
0 2 26 9 93932 0.9572886681997763
13 12 0 21 57469 1.0398683248073446
17 23 19 6 60449 1.017225669561117
6 2 11 14 59972 0.9449517781541579
23 9 10 12 43148 0.9059656065791218
4 4 22 2 60316 0.9125925429865752
0 23 26 28 50743 0.9135095587580724
8 3 17 29 79898 1.0849814459164295
11 20 25 7 61867 0.9332880473787084
27 17 10 3 91935 1.0385453396525566
29 24 21 17 36761 0.9952710939143911
5 29 27 25 49338 0.9137985279060705
13 14 7 27 44323 0.9262292274447795
24 18 0 25 57077 1.0239113233225077
22 18 19 5 48227 0.9787935663831164
17 28 11 14 47418 0.9850735644174938
6 24 10 13 32675 0.9086840363843421
21 18 29 13 32336 1.0512314327335082
24 7 4 17 71732 0.9457749053506086
25 2 5 1 77356 1.0055031975841517
18 6 1 3 57367 0.9062089195339986
8 9 24 19 61605 1.023091795972722
18 14 0 20 67471 0.9596418598064406
22 14 25 0 49870 1.0378598206114784
19 27 5 14 53254 0.9907370657654346
8 22 29 22 54840 0.9265328281045301
8 29 19 5 76983 0.9612426466029531
18 21 6 15 54597 0.9569509255546844
14 12 6 14 33201 0.9043114790942974
13 16 1 26 46110 0.9140616632261128
11 20 19 26 35148 1.0610025791437496
6 27 26 12 68048 0.9750333103315039
12 27 22 3 86830 1.0882579647004824
26 24 22 0 85743 0.9243126294197413
4 7 25 19 70030 0.9905104883372826
13 12 19 2 52974 0.9476628854343065
18 16 2 24 52448 0.9317600341929906
17 23 4 8 58157 1.0372899324565947
4 10 28 5 79409 1.0067070358824997
26 2 13 10 59061 1.0743691518599312
11 19 2 18 32233 1.0598488817612237
15 6 10 28 70247 1.0289513141186886
26 1 5 13 82196 1.0925331816085888
5 15 13 4 48702 1.0402437085981182
20 4 13 24 73345 1.0512026946592317
16 9 21 22 52382 1.0676200642092375
10 10 28 2 72001 1.099782074475939
24 6 15 4 49497 0.9191369177140505
18 18 28 4 61657 1.0113720017969763
28 17 10 3 93117 1.0045035551798958
24 1 11 8 65918 1.0849570541640043
0 8 24 29 79694 0.9919670148486268
16 11 3 12 50201 1.0648307269588109
24 8 20 29 65047 1.0701842969487372
18 20 25 13 36587 1.0565352557117516
24 0 3 23 110211 0.9305230658602183
26 4 28 12 39699 0.9272961969541637
21 23 12 20 38684 0.9866612662507867
20 4 26 27 77493 0.9055556383470633
16 29 3 17 49666 0.9801465563038448
1 19 21 19 52756 1.0790998088886974
5 20 14 15 43313 0.9815172431836164
7 17 0 29 35408 0.9000321801040272
9 21 14 28 28573 0.9440886190060946
4 12 22 3 71250 0.991746358058823
0 11 13 29 74039 0.9442639620218826
22 13 10 15 44575 1.076232055037432
16 16 14 26 21950 1.0505880634327047
7 19 8 3 46768 1.0499829687858715
11 21 25 28 43915 1.0228080025883721
10 14 29 13 65238 1.0916953298818048
16 13 27 22 51201 1.0751538114153714
9 13 12 25 37858 0.9882654077216773
5 4 7 17 39228 1.0947373418490858
4 4 5 18 46567 1.0406367141700255
20 27 23 2 82881 0.9808416383877689
13 5 16 26 66758 0.978397461159283
13 11 24 3 58737 0.9006303492499858
7 1 12 26 83860 0.9849208422532483
26 22 6 2 103961 0.9894695844381529
28 29 11 25 40698 0.9031778885103703
23 2 22 28 86292 0.9381120759946888
5 7 22 22 73255 0.9199303244860525
7 1 13 27 88547 1.0918497566162433
5 7 16 24 53935 0.9109141743272425
9 6 27 29 78993 0.9218417439595578
6 22 1 14 42446 0.954529045726251
22 23 1 11 80358 0.9819436637261519
19 28 15 22 26157 0.9092774880786402
6 3 6 14 44736 1.0878653270039969
12 29 29 17 58027 0.9761791707356516
25 15 4 8 70337 0.965099660026014
14 1 22 29 108327 0.9452295856791307
15 3 24 22 84173 1.0543652557448915
0 10 20 27 69817 0.9263113167907854
0 22 24 2 113880 1.0220905889809548
2 20 16 9 55789 1.070397310553789
9 17 5 25 29939 1.0409771855359193
18 2 23 25 87903 0.947877529472726
13 25 24 3 82438 1.095040212378768
19 2 17 18 60154 1.0593696315028178
1 13 22 29 71559 0.9039072891712456
27 25 7 29 42667 0.9836145116222053
17 7 11 20 59273 1.0120697934386247
9 21 13 14 37746 0.9146239520962478
24 21 1 10 86636 1.0845949247408488
23 22 12 7 72937 0.9102008209020575
28 22 15 14 55517 1.0556425248286743
7 29 21 19 45026 0.9944590495853081
3 2 22 15 88141 0.9613657073379144
2 23 24 25 43390 0.9349622173995211
2 5 26 4 87470 1.0856497553933693
20 2 5 1 57700 1.0228424029037055
15 19 4 15 44152 1.0710891619511704
0 5 0 22 76968 1.0024748693687928
3 25 11 17 39439 1.0968356898564877
8 19 10 10 28082 0.9129062301068337
21 23 15 18 26991 0.9503851546245045
17 6 28 9 57424 0.9891766220921558
18 21 13 1 88740 1.0334716313800718
29 2 6 17 98548 0.9442572697975682
11 9 24 27 64178 0.987203458639617
5 15 2 23 34415 1.0654016329218157
20 16 3 8 58234 1.0537540538433707
15 4 5 26 69516 1.0737540051421044
17 29 29 22 40408 1.0571825317779373
27 25 23 7 64413 0.9501777792447762
17 27 4 10 53073 1.0369343682898224
27 1 28 29 90565 1.0760181638925392
11 2 19 6 36740 0.9361898310289705
29 22 19 9 61459 1.0905818740646125
17 28 26 9 67299 1.0119547660616246
14 5 28 8 68043 0.9051345328240726
2 5 20 12 62603 0.9332724527691244
15 3 26 16 73836 1.0879643593054478
26 1 20 18 57963 0.9289481606023873
10 27 12 3 67289 0.942841970895576
15 25 17 5 81197 0.9580871810202078
8 1 13 17 77229 1.0523129308868504
25 13 11 26 50744 0.9524316207810275
9 14 2 28 44473 0.9197567476260745
14 21 28 25 54037 1.0536361455096452
26 3 5 14 79663 1.0792989515525078
19 17 29 22 41415 1.0990899804841756
7 23 10 15 25428 1.0607720904617768
5 6 29 1 95993 0.901272867332123
9 24 7 6 43969 1.0425609516980834
28 7 8 12 70331 0.936443062917309
10 21 28 8 78826 0.9034872396022299
18 16 11 10 47427 0.9847294756667688
23 0 12 12 80110 1.0437800161509494
23 14 17 3 54779 1.007496955181615
16 6 20 28 78502 0.9168518511008191
12 14 21 25 50110 0.9422546772257394
10 20 19 21 42272 1.0882093038177467
10 20 22 19 33704 0.942772858028051
14 2 10 21 69452 0.9900174083053837
27 5 0 28 104057 1.0463522125784936
18 16 29 10 59233 0.9047117616423692
14 5 22 11 51773 1.0866158639394756
0 7 0 17 52795 1.0461630469084644
22 3 6 4 52455 0.9381709385639848
24 11 9 12 56517 1.0400956477653884
4 12 13 7 35444 0.9346995752650965
28 21 9 4 106991 0.9531744242226938
5 29 24 22 50438 1.0810681070134263
23 0 23 16 61301 1.0020102043083752
27 20 13 18 40156 0.9196066941233563
26 26 13 28 24395 1.0493398259138034
18 8 7 25 53373 0.9408376704741022
22 6 8 4 60742 1.0864855474618653
11 20 27 15 45094 1.054061762111094
0 4 14 21 83122 0.9591801453747251
19 18 2 10 61325 0.9588403602837718
8 24 27 1 106883 1.0037670278902977
19 27 8 1 94496 1.0026249983013347
10 13 24 22 58198 1.011600816551202
17 16 27 3 73543 1.0581904178052326
15 10 13 24 59146 1.0017533453791088
15 18 3 11 52497 1.093299754322315
28 29 27 20 44464 0.9926042393575858
7 27 24 8 76333 0.9493267531606654
4 19 12 21 30415 1.0810261610351726
29 19 17 23 39538 0.9008970037907615
3 17 12 1 74267 1.0281416021590373
6 8 13 11 23935 0.9658149946000649
13 18 12 7 43494 1.042578669474743
6 24 12 4 62027 0.9876040573158698
21 29 5 25 35799 0.9021690070041901
7 26 24 3 87137 0.9144118866906606
23 21 10 5 83755 0.9942402035759352
10 25 21 18 35502 0.9125201914717727
12 15 17 5 56100 0.9474921826555737
20 20 18 29 32698 1.0647575694165199
20 16 17 23 26330 0.9175362443386739
9 26 16 29 15695 1.0620697677920232
0 4 9 11 49974 0.9132736289850022
7 29 18 28 28568 1.0903517670728284
19 4 3 23 81931 0.9023379484317599
17 25 19 3 76773 1.0324306070738443
1 29 24 24 49819 1.0822368970181062
15 23 25 16 33605 0.9785321023103277
17 0 1 8 72582 1.0063820015870495
27 7 11 22 77185 1.0251632877959433
29 10 26 3 39904 0.9877926287187069
24 25 9 2 96457 1.065172036328927
7 13 11 7 22028 0.9750839654289
18 28 3 19 45937 0.92588334859143
26 18 4 15 63987 0.9891327372347402
8 18 13 0 66162 0.9389465366623291
18 29 9 28 26875 0.9392155831969166
16 20 1 21 43279 1.0136462424413148
24 0 9 7 78762 1.0846169112819237
29 22 22 16 38657 1.018367534937529
24 10 0 17 83566 0.9439206200232976
11 18 29 6 71733 0.9226030534473716
8 16 2 4 46974 1.0839945693276545
24 20 10 18 40040 0.953100093590561
27 14 5 18 68695 0.9525482843358164
11 0 5 24 75297 0.9134177662310311
27 18 12 20 34355 0.9268480674980641
2 22 19 13 70907 1.06009171478173
15 24 19 5 68978 0.904152558618992
29 28 26 9 65400 1.097195105256303
8 5 8 20 43278 1.069911077704655
0 27 22 13 69973 0.963789263752096
23 0 11 26 97442 1.069063446064102
23 12 5 28 72966 1.072563486810989
26 12 20 20 35503 1.0952577503847585
20 2 27 27 98255 1.0318086978035113
10 21 27 2 90677 0.9810409708116018
14 24 4 23 35566 0.9848621733432271
10 7 19 19 62354 0.9345109790887953
27 16 1 0 114646 0.9283533471726954
8 9 28 6 65995 1.0336581766861277
9 27 25 27 26392 1.0652971578691255
9 15 20 1 79247 1.0447438916028227
22 7 2 20 76734 0.9017044480997356
19 10 10 1 57572 0.9542176602425527
27 23 4 7 74577 0.9124679892633286
0 19 10 9 41198 1.0784580259645917
21 16 14 28 44064 0.9033532818118515
10 27 25 23 30273 1.0023687380719062
8 3 1 16 63152 1.0739750479771661
23 1 24 19 62258 0.9218391670057765
26 3 7 29 92435 1.086891645477549
0 7 22 8 62392 0.9399989881515509
8 26 24 4 82178 0.9052816618585273
21 0 7 24 87366 1.0115899113904077
21 3 11 26 79906 1.038818332494391
18 21 23 27 35837 0.9926979537665335
6 23 15 25 23721 1.000826348364175
9 21 26 4 85541 0.9007953930074462
0 19 18 26 40502 0.9357143899937932
20 16 17 3 49527 1.0875399961537608
29 0 9 19 100340 0.9266661966860352
9 3 20 22 85964 1.0269412443403052
19 1 0 24 104262 0.9850959849594036
25 8 11 5 56666 0.914022511804923
23 5 9 16 68823 1.0138818066414483
4 17 22 7 64822 1.0342139386067104
18 23 8 15 48744 1.0425906014312978
5 15 16 14 43232 1.041649900888912
23 27 3 2 85125 1.0041234227126665
28 6 19 17 65300 1.0367530308046335
3 26 8 11 35775 0.931073236564637
2 24 8 0 89240 0.9086599953527498
3 11 16 25 56276 0.9669618162276952
11 6 4 13 33850 1.029498234313238
21 26 14 4 81678 1.0588695052185269
29 17 22 26 33787 1.0460779453595048
25 24 15 14 46197 1.0723603244382074
23 18 3 7 66983 0.9577486418885335
14 1 2 2 44806 1.0903333914880238
9 24 11 12 40787 0.9347880868415209
20 25 9 17 44523 1.0086546607639457
0 2 10 19 60382 0.9528909669247911
3 1 6 11 44956 0.9541237431290138
2 11 9 5 43410 0.9112688298320433
25 21 5 26 38857 1.052691573992519
21 24 1 26 39524 0.9081245566242869
3 3 25 6 74722 0.9489174774462664
6 0 11 27 87329 1.0120121753414717
1 8 5 24 47954 1.013320019389208
24 22 14 11 64422 1.0007558714348703
1 28 25 4 92938 1.072393526968495
28 21 11 16 56502 0.9258594636440766
14 9 24 16 50501 1.0966197194405367
22 21 2 1 102522 1.0671845188706768
24 15 16 10 44785 1.0468343506083242
26 25 0 13 73294 0.9881657068439125
28 20 7 17 63547 1.06513330477848
12 5 0 7 38928 1.0397504435030975
14 25 12 14 46683 1.0828109402435244
3 10 11 28 53471 0.9405759817599829
21 1 6 28 93936 0.9917572411039113
6 29 23 17 52627 1.0024983502305336
10 8 22 20 64455 1.004211257476137
6 19 4 1 51658 1.0839145771601189
16 7 26 17 61733 0.9006963584465916
4 11 10 5 36978 1.0615407261009293
0 11 12 8 41560 1.0942367669492836
27 17 19 26 38588 1.031659655305273
29 0 19 17 83931 1.0365478152595589
2 10 7 17 29133 0.9481421542317013
16 6 8 29 68168 0.9548688775856321
25 11 21 28 52005 1.0779601197666224
11 7 2 4 33975 0.9397216968676725
0 25 23 23 48082 0.9835471627337494
3 15 10 27 46153 1.043357084095769
22 27 27 16 41499 1.0911536940258373
7 29 12 14 44507 1.0954851267195609
14 7 27 10 53692 1.0862505097676503
27 23 7 8 64227 1.0209205712708567
9 13 10 24 33357 0.964650041307605
12 4 14 19 62409 1.0869222008783381
12 13 14 25 50372 1.0809853316653313
13 4 2 16 62961 0.9076820603904014
16 2 3 4 42493 1.0373313898602168
1 20 12 9 45279 0.9843076987085718
28 9 1 10 86170 0.980241948981952
27 14 0 26 74020 0.9292974593738033
15 1 4 9 59354 0.907449445278875
26 8 29 15 33381 1.007528872360497
23 19 11 26 39008 1.0123767112508413
22 24 19 9 53866 1.0715141806718942
1 22 12 15 51417 0.9630354473756908
9 29 13 10 53931 1.0487959391817154
4 7 26 2 79454 1.0431425029848682
1 3 15 25 76422 1.0226296256774887
18 4 5 3 37298 1.0971740999519104
24 3 9 11 68206 1.0259178177120962
20 6 11 7 33429 1.0784491542973238
19 27 3 14 60658 1.084922578916611
24 27 15 22 28382 1.088483167718514
13 29 28 11 83765 0.9580062263848411
29 9 6 21 92431 0.9489740176661574
25 21 0 18 65087 0.9309061434639424
16 10 16 20 35443 1.0709531022917884
9 23 29 1 109053 0.9022134327207881
6 26 25 16 49697 1.0645825927619847
24 1 22 22 71453 1.01188820054844
26 5 4 6 74611 1.029906797202082
25 5 25 24 48029 0.9588473005649945
11 20 20 24 41412 1.0129369154331054
19 12 24 21 44899 1.0459442034840873
22 4 25 14 38576 0.9410145760635653
26 14 17 16 40266 1.026314367010554
27 10 21 24 53476 0.9103111424966405
28 17 14 29 55876 1.0001834722176215
25 16 3 5 82546 1.0831042797183272
16 27 26 4 73165 0.990267206676634
6 4 13 13 52661 1.01822251420786
20 29 16 20 25680 0.9893860777842376
17 29 26 16 49521 1.0981806142420507
17 1 11 28 97351 1.0390856460327709
14 22 10 10 48151 0.9386662409479392
4 4 18 9 44819 0.9902424680691504
14 29 17 16 36355 1.0708536498600219
0 18 19 11 71490 1.0014135446566939
27 22 13 19 43729 0.9092267068087138
0 18 2 26 21458 0.9279764624153524
29 25 24 5 66950 0.9136108644769192
8 3 28 16 98285 1.0985600671990272
21 20 8 18 44696 0.9518577610268277
18 19 20 7 40981 0.9066145377432957
7 19 11 29 26718 1.0582916964870182
26 9 0 29 93192 0.9620139147353286
3 2 26 3 77669 1.0423759870029463
25 4 21 13 37039 0.9877125892341653
27 20 13 21 50906 0.9086463787005146
3 2 9 20 60506 0.9707929857096994
2 26 14 15 52364 1.0741517509308347
4 14 26 17 68713 0.9229029776938704
26 27 1 8 74158 0.9856166582836844
4 17 17 16 48320 0.9717636701732434
23 12 15 6 50867 1.035066115184088
16 16 16 5 53501 1.0363857990081509
11 26 12 1 77943 0.9546451205529809
0 9 2 23 54594 1.0307714298891302
2 11 14 20 60704 1.056067040782186
10 28 1 14 52992 1.0581383423756097
22 18 14 3 66904 0.9978960354739036
20 10 16 26 46625 1.0659126819279776
3 11 23 0 93209 0.9178550323932141
22 23 9 21 41516 1.013592679413886
10 22 27 0 98931 1.0267192307074158
10 15 21 29 54503 0.9264760714562971
8 22 22 20 53108 0.9273673513951064
17 5 1 1 59676 0.9030873200519457
5 4 25 20 87391 1.073585857482072
9 12 9 29 42207 0.9655127658608323
28 19 12 4 86169 1.0723292018561297
9 8 8 19 25027 1.040091119563071
7 25 4 4 48252 0.9064796565334523
19 2 11 24 94542 1.075041004100444
24 26 3 0 90884 1.0288614640328924
21 10 15 29 59487 0.9805344721868223
10 9 29 26 78335 0.9531582657016838
22 28 20 0 104865 1.0082922588802452
10 13 17 1 61015 0.9196611087354629
14 26 17 3 81023 0.900985181637746
2 9 0 19 45341 1.0905273405343265
11 22 21 26 30660 0.9235949496052209
12 21 25 12 50210 1.0345198264736677
13 24 23 2 94602 0.926906346362475
6 29 24 16 61007 0.9465635465701027
6 11 19 10 37806 1.0492171877251157
11 4 29 6 76278 0.9707928551490514
27 17 8 0 115861 0.9733016650734538
8 8 2 17 37946 0.9984703274788551
21 12 1 13 64253 0.9049317574711052
5 6 9 17 36994 1.0689533748369682
0 3 24 11 86399 1.0158392944457815
1 9 15 25 55185 1.0075365121811657
22 19 0 23 61004 1.0662897894548342
12 22 6 3 72583 1.0309410008946864
24 1 28 18 54980 1.0566537427329992
17 5 17 25 80935 1.0200771445410255
9 4 29 16 95688 0.9395095283058242
20 29 2 13 62402 0.9104268101995615
16 10 7 1 64989 0.9898120226049374
22 27 8 18 44423 0.9042222610880983
26 5 3 23 96441 0.91085430793057
4 18 12 8 41621 1.0427242102575738
13 14 4 13 30114 1.0671843534999483
0 26 25 27 37103 0.9617576360920843
25 13 11 25 56381 0.9093978389046747
18 1 28 10 67010 1.0480858254578989
11 27 15 1 90109 0.9878282350129255
19 4 7 15 54973 1.005560255754776
20 12 7 25 54605 1.0098491596124675
10 9 28 11 62175 1.076522145407188
1 5 27 5 90823 0.9689168845421561
5 7 17 29 58876 0.965377391774587
18 21 3 8 69324 1.090363876010333
28 13 10 6 70986 0.9614236351296935
1 1 25 22 101037 0.9435759262440743
13 11 15 22 43419 1.0180459447779457
29 24 15 25 36975 0.9673034007868357
7 23 3 10 35228 1.0541063903468118
0 18 28 0 118636 0.9175178542665168
27 6 20 3 45054 1.0199554458281639
16 13 17 23 29257 0.9007811113759044
25 27 10 25 25099 0.9054665049687737
8 24 12 8 45389 0.9574890091510256
15 17 4 22 44775 0.9982323593872989
23 3 6 5 65309 0.900991594987227
15 26 20 13 38842 0.9806962793558015
25 8 3 11 69198 1.0186309551559827
8 13 22 20 53011 0.9910905625725123
26 18 26 3 45643 0.927645540894377
4 27 16 8 57210 1.0825321825350944
21 7 10 13 40599 0.935043685282224
15 21 26 25 35890 1.0797858195703056
2 6 27 26 79240 0.9648109711491399
9 14 23 24 60975 0.964371107820285
16 19 24 9 47367 1.0068009503340059
25 8 19 24 59261 1.006480233956848
0 8 28 19 86430 0.9605253930577771
26 5 3 13 78102 0.9206812673603775
20 10 28 6 44450 1.0993163205434753
14 18 13 9 35411 1.0496642560229446
20 21 25 10 38547 1.0951622261929332
22 13 19 1 51298 0.9186764285614557
16 9 10 15 28975 0.9065943897551302
5 22 23 10 71853 0.9965706884103616
9 2 29 10 93093 1.0047821427256804
13 19 28 22 48289 1.0649109245501553
13 28 6 1 86901 1.026454068819279
26 21 2 3 99232 0.9195879903731342
13 15 0 1 74155 1.0517170198469454
18 19 16 10 39419 1.081634438418758
13 1 3 20 73137 0.9234271625585918
27 23 10 5 86820 0.9241297286193649
11 23 22 9 69654 1.0844911768958632
15 29 24 16 49062 0.9658116552335103
18 6 16 28 71073 1.062803015582366
27 26 12 23 36660 1.0463423256703999
0 4 26 2 91437 1.0194523333369883
23 6 4 26 79099 1.0725216906397987
10 12 15 22 42923 0.9122903949493854
19 26 23 19 30568 0.9740549372950567
0 20 3 6 56828 0.9546244202887166
10 17 5 8 31681 1.022810982049049
1 27 12 6 59534 1.0962958522737523
20 21 22 12 36463 1.0460618324083435
11 18 15 7 49947 1.0149654846628013
0 1 16 19 83032 0.9486939072824521
13 12 15 0 58913 1.012480281539732
15 11 0 1 72865 1.0892851852816574
24 17 6 16 52779 1.0527644260565856
29 5 12 21 86270 1.063942357475083
12 27 24 3 83505 1.0030754898842074
12 23 24 8 70769 1.058279156352139
26 4 9 19 75206 0.9380019247875385
6 10 21 29 59462 0.9111654608940324
21 11 25 23 47130 0.9606229493950295
0 4 15 21 81942 1.0143825353277647
12 2 0 28 84939 1.0392666435396054
20 1 1 19 96225 1.0579222000441235
2 13 25 0 88276 0.9756913427657674
4 29 19 17 53267 0.9063181043539491
10 1 22 7 58225 1.051053520923419
11 16 25 5 66233 1.010483702026708
0 24 14 19 49408 0.9643970404603903
3 27 0 13 45594 0.9866893765589205
8 26 14 15 43199 1.0808647896472927
16 20 0 26 34934 0.9270067659528407
2 13 29 4 96007 0.9797316963761006
19 25 7 21 31872 0.9621558784521214
28 28 1 23 52966 1.0996947737854763
26 18 18 29 42081 0.9044107652720339
23 29 6 19 47774 0.9686697596839801
0 14 10 14 36054 0.9415016590114131
10 2 19 3 29888 0.9960140986287429
4 3 17 3 32911 1.0169603484468215
27 4 4 7 77881 0.9228049068225501
9 27 22 15 54862 1.0664563479857352
17 15 22 5 55706 0.9331858650340472
24 20 8 20 52003 1.0087194353558149
2 26 18 22 37634 0.949377617902868
24 25 8 2 93263 1.0633343879152801
7 12 11 24 36939 0.9471992578668412
20 2 13 21 81228 1.064388575011673
26 29 7 19 45609 0.952918593345123
26 29 11 13 65575 0.9132363099841202
24 5 11 9 48331 1.084285730522281
10 28 2 15 52768 1.0124913911630529
2 7 8 26 47247 1.0837685565452169
17 25 0 3 83602 0.9764855808548767
4 28 5 18 31072 1.0653127956203228
11 12 26 29 69252 1.0786260845759912
12 15 2 19 42543 1.025233082935021
15 12 1 20 56087 0.9832819014064482
8 1 29 22 114783 1.0215054543396171
28 4 20 10 46424 0.9609915183555094
0 2 26 10 89062 0.927330946641872
1 22 24 15 70098 1.0401933068652724
12 25 14 0 91072 0.952440828028811
17 19 29 11 53132 0.928245395600996
14 12 24 5 60502 1.0837536021958063
16 28 18 10 55707 1.0447956914624568
23 9 29 22 55805 0.9783874218786776
12 28 13 1 84036 0.9451911835308004
24 15 21 5 45953 0.9234537498948209
24 24 20 13 43073 1.034789406678878
26 8 0 10 78886 0.9161620129862795
4 11 23 8 56141 0.9766408765092238
24 22 10 7 79095 0.9178206664833647
21 5 26 14 46592 0.9089324467368888
6 19 25 29 45350 1.0208399650600384
13 20 19 3 70054 0.9343956141833745
15 28 4 25 27585 0.9143004153589761
5 20 17 3 69247 0.9064417115686602
29 6 25 17 44960 0.9708614217848683
13 7 24 7 38360 0.9081010174812472
28 21 1 18 77772 1.0284713521342534
11 21 10 0 84406 1.0307830951616626
1 14 27 15 83864 1.01071513398717
8 12 19 25 50948 1.0306751824546763
19 9 11 18 44793 0.9591533209575057
13 24 22 16 46093 0.9890579330245557
13 4 2 2 35214 1.0326961246504136
20 12 25 25 43943 1.0025007220360458
13 22 26 16 45122 0.9402449182997313
8 25 18 23 28079 1.072437643229675
28 12 14 15 62811 0.924503786128087
18 18 0 7 67040 0.9018527794616327
18 21 18 8 57609 0.9447854340211002
6 1 25 24 100206 1.0715899843018168
7 2 21 17 91686 0.9063017003766977
13 29 9 9 51076 0.9284352970513569
23 6 0 27 87652 1.0419734153664717
12 5 21 1 44184 0.963576960218632
14 22 23 9 63544 1.0483453729011156
11 8 21 3 45548 0.9168946620984201
19 25 29 11 67832 0.9696733810059409
18 15 26 22 40368 0.9036477558159992
20 13 3 27 59568 0.973493344601129
4 5 29 6 86220 0.9781137252625712
21 13 0 5 72799 1.0212422830297334
28 25 13 0 116539 0.9186422068122718
24 16 8 27 54928 0.9597456721638266
29 25 10 12 74816 1.0034810403688008
1 18 18 9 57336 1.0459210598865538
12 15 20 29 48308 0.9850214841788315
17 29 28 23 33948 1.0994847107869559
22 2 18 18 65601 0.9702631500660812
4 0 13 11 56072 1.0172162914702743
0 16 12 5 63301 1.0307380267748008
21 21 7 8 64531 0.9157341620677921
25 22 26 1 58812 1.0774989835670943
11 5 12 29 68693 1.0015881625571175
16 2 1 8 56914 1.0293793357786774
22 15 0 27 68034 0.98660791687241
15 24 21 28 24222 0.9532818476885732
21 29 13 2 95171 0.9688242968873364
28 10 18 20 56128 1.0098470074377004
24 20 11 12 57313 1.0112722207526614
18 21 15 11 48556 0.9227690358275698
24 0 28 22 76490 0.9991933289780752
2 10 29 15 87729 1.0975203844436554
3 5 24 26 72371 1.063557289529109
23 11 3 5 66900 0.9014464170839294
28 27 25 3 75144 1.0504825616362092
29 2 8 22 107978 1.0367663370139755
9 21 4 27 23126 0.9660790420739769
27 29 25 3 71118 1.079933332825769
25 8 5 0 90259 0.9755586088290491
11 12 29 23 68125 0.9159463889641908
3 16 16 28 51733 0.9661042203747773
3 14 5 25 43245 1.0168859900332832
23 11 26 0 43702 1.0859269899634008
22 6 5 0 79771 0.9946978712642895
13 9 5 15 30273 1.0300706695766382
4 27 18 8 62403 0.9676658522274018
28 14 13 0 94182 0.9568204535796733
4 17 18 20 52934 0.9509436143118686
28 4 22 29 84908 1.033499414121934
13 19 0 26 38530 1.051175821799425
5 8 14 7 25602 1.0832745118957263
29 8 0 1 107987 1.0311449898992564
2 13 21 23 65423 1.0334781889731561
14 8 20 3 38510 1.0959268244637999
14 15 24 10 56460 1.0460448875869628
9 10 11 27 42768 0.945032534798196
14 2 12 12 46368 1.0925422345786422
27 7 15 9 40831 0.965406863846209
1 9 5 0 45255 0.9990311811498501
5 13 22 2 73671 1.0890173905398817
13 16 3 23 46271 0.9512689991148537
8 20 18 3 71691 1.0097161740020844
2 0 20 16 93411 1.038127804671051
1 17 5 6 49794 1.044240323176276
5 15 6 6 31653 0.9677337802104873
4 24 28 20 68335 0.9865729810568817
19 27 25 6 64896 0.9931724819727668
1 14 15 29 65181 1.063642552600278
14 21 24 17 38792 1.0699232222502244
2 15 28 28 81182 0.966594627419957
7 8 29 19 67835 1.054576174676067
22 2 24 14 56914 0.996425366418433
18 27 25 8 61263 1.0997721245169496
6 6 19 9 37978 0.9759886947360996
28 26 25 16 38401 0.9700427136890173
1 21 5 7 46550 1.0434343020119266
8 25 16 17 32513 1.0573999320009346
0 15 21 18 65010 1.019532920776147
19 13 18 3 41960 0.9921187594511771
5 24 14 4 67591 1.0483617115240842
17 14 26 0 73063 0.9187667690798844
2 7 28 16 92954 1.0859968519583136
24 20 20 14 30150 1.0979376279831348
19 13 28 19 40609 0.9614606625263453
26 26 2 20 54905 0.9588871638423704
13 21 8 0 89208 0.9520429994724164
0 17 22 20 69662 0.9585860422277329
16 7 17 22 59662 0.9522452323238543
28 13 4 20 74386 1.0755606921553735
23 1 1 5 83032 1.0610029263090972
14 3 4 26 68946 1.0435663055820408
10 20 23 16 38933 0.9013437935036713
11 28 9 20 30373 1.026917190248978
22 24 29 5 73338 1.0526451669312253
24 20 14 29 45999 1.09701906378039
21 27 3 8 62475 1.0147359448442366
5 25 12 15 46188 0.9565369968620636
9 8 22 6 47377 1.0210086751154586
7 8 1 16 35078 0.9913405836400898
16 4 22 27 90035 0.9655755558939252
0 0 16 13 82600 1.0352253953623458
7 15 6 27 21860 0.9894574879426306
4 5 29 28 87036 0.9328230223540556
20 6 19 27 67932 1.0499279199162914
20 19 1 29 52541 0.9550599951937321
3 11 10 18 41002 0.9516964219490422
15 10 5 14 38557 0.9635244813108065
5 1 16 14 76437 0.9092323429401153
17 18 2 22 47143 1.0939787295503844
15 22 13 5 65675 1.0683318116377085
21 5 11 18 60199 1.0735898052231585
20 29 3 21 52658 0.9712152615047176
0 12 28 28 85875 0.9587929579121093
8 4 21 20 81851 0.9624772252258355
0 1 12 5 48488 0.901748976330275
27 21 5 16 72388 0.9034618204448004
14 0 5 8 55336 1.01014109973092
9 17 26 22 51087 1.067524612146459
23 28 1 21 48331 0.9324266651717557
28 23 4 24 48454 1.0035767703537741
4 2 9 29 67263 0.9916751738239993
0 24 10 14 51199 1.0050091048810832
14 10 16 1 47968 0.9398141634970586
24 9 7 26 72965 1.0888291638448178
19 13 2 8 54176 0.9001695673524304
12 17 15 25 30513 1.0409194132899298
16 13 28 28 56777 1.0944024801193903
24 9 20 25 57767 1.0402831966301507
5 9 18 16 55948 0.9906792988391305
4 19 15 7 50596 0.9199761918526651
4 0 16 26 76115 1.003671260040354
8 27 20 4 73124 1.075602776124316
16 17 13 5 53429 1.074693688439413
28 11 17 10 50845 0.9197165520808742
2 25 26 29 44178 0.9278936433564032
1 17 23 10 78828 0.9594789134641357
18 19 27 22 35860 1.050188328253377
17 15 29 22 50380 1.048834564684738
2 15 8 8 36419 1.052654260123793
10 3 28 4 64286 1.0638037591704892
18 26 21 6 65508 0.9293041002040316
26 27 19 4 82026 1.0628231889945867
16 4 21 9 34860 1.0831102289323833
17 5 5 20 67399 1.0817745607139297
10 14 26 7 60795 1.068948240348625
8 9 21 14 44220 0.9353063382768126
25 16 10 11 53926 0.9844966508001589
19 0 14 22 87732 0.9674976487268656
28 6 6 2 86870 1.0488629612672824
25 10 24 23 34423 1.0173867640222083
4 21 17 22 45202 1.023653480691354
27 1 8 0 90189 1.030662300691446
21 20 3 15 69191 1.0006723859714153
24 14 22 2 56914 0.9174274870037451
13 5 28 9 70687 1.0741966598939667
23 19 4 25 52478 1.0807566000379825
29 6 10 17 79952 1.0312178228171396
1 20 26 6 93952 1.0481583640156933
6 16 10 2 56672 1.0637010325605074
4 7 14 10 31887 0.9169249107430858
1 12 1 25 44762 1.060484132692749
24 10 22 29 60406 0.9656231096146598
18 19 24 15 26533 0.979319139126267
2 10 15 0 76170 0.923963184388193
13 12 17 28 49868 0.964368426871216
17 10 26 24 63746 0.9377540099274342
28 22 13 10 74594 1.0674354207333154
18 22 28 21 44376 0.9294882653206161
26 7 21 21 55553 1.0710892545936606
25 25 22 5 66007 0.974947290744236
7 20 21 1 75937 0.9931983670691815
16 11 25 29 60154 1.049942644987183
22 27 9 19 41397 1.0742970252933324
13 28 1 3 76699 0.9183427889094865
18 26 1 27 26039 0.9769214878105745
0 17 17 18 52228 1.0851603320109227
12 17 21 28 40538 0.9895098136378944
27 26 23 0 86973 1.0282951998310002
24 12 1 15 87212 0.9399068765315968
28 29 6 19 55064 1.0058515796230463
12 21 4 18 34128 1.095468319118729
22 24 4 1 89156 1.0016023264935894
22 24 0 21 55343 1.0649538995849102
0 28 13 5 71072 0.9876431873769406
7 20 1 6 39167 0.9606508576277607
13 27 21 22 29700 1.0901275683047613
27 11 15 29 70907 0.9163210102687981
0 2 12 26 71140 1.0428450965860836
21 7 21 24 60921 1.0777058927511471
13 4 20 9 32838 0.9555131089694734
8 15 23 11 60176 1.0040410465440854
11 20 25 7 61867 1.081815162479283
6 11 6 0 59017 1.0657295190674074
10 19 16 23 24066 1.0464810233065265
3 6 21 8 50888 0.9727878662576606
28 10 16 29 69268 0.9264654980811141
0 24 19 19 53357 1.0273273941011574
8 24 28 11 90044 0.9626635067429842
14 11 9 21 51705 0.9353111689224474
23 3 14 21 83816 0.9828972028644729
26 21 2 0 114292 1.0559558974944923
5 10 28 3 81940 1.0457004258945042
29 16 5 22 69941 0.9287211257909406
6 6 28 16 88211 0.92847640501986
11 15 23 10 55927 0.9843906447327074
27 9 7 2 90390 0.959497021635115
5 16 25 5 75199 0.9856174303649574
26 5 3 0 89274 1.0294014034400312
6 25 27 16 63235 1.0624716181053764
25 28 18 1 95319 1.0401315726034612
12 2 1 10 58461 0.9483157202695865
7 12 21 28 49050 1.0994485574534214
11 22 4 12 42615 1.0109421531840916
15 0 26 26 109830 1.0566907727302342
20 24 23 3 74030 1.0847446167396038
24 19 18 0 80210 1.0798017682651866
26 9 27 21 47881 1.0723191134356096
11 1 29 29 110059 0.9820699699540849
5 5 11 27 57512 0.9223162453186501
8 20 11 10 37177 0.9471380273822978
19 20 14 29 41524 0.9435880009907128
10 5 24 17 78727 0.9942403813524409
25 3 19 22 64154 0.9340030906211172
14 0 15 21 90169 1.0769215235002974
15 15 12 22 33842 0.9353590199634951
8 6 17 14 54652 0.9338713019367679
7 15 8 28 25840 0.9173871890630713
25 14 7 20 51415 0.9531798053296286
5 29 3 13 45005 1.0649216347909802
26 27 28 5 75737 0.9506049647189388
26 16 10 20 44408 1.0242473656407294
27 4 1 20 100757 1.0952667868430357
27 6 0 22 110385 0.9826170632293194
28 26 15 18 42602 0.9916849632906725
10 5 4 20 52015 0.9109886210775892
11 13 29 7 71233 1.0136991135101003
15 7 3 22 65237 0.9506048301593603
23 26 26 12 42435 0.9153183786082217
28 22 7 7 75553 0.9416507718061793
10 1 2 22 87380 1.0913083686862066
19 7 21 16 35090 1.0415742705487756
11 21 3 2 67523 0.9196168753802112
4 9 23 7 48707 1.0915920774150893
14 26 5 18 30290 0.9300301634573866
2 15 25 20 77379 1.0435878605133582
29 2 23 22 80021 1.0783465126449723
0 25 8 22 25821 1.0457762342745824
19 23 23 5 69387 0.907407532628919
27 22 4 29 55716 0.9674211401795627
4 14 17 15 53734 0.92427129264698
25 22 18 26 18548 0.9900555443526204
10 16 25 20 40494 0.9373083551544568
10 7 18 9 25840 0.9871838439808706
15 26 11 18 25497 1.0506974900790058
29 24 28 12 54363 0.9198377366403748
16 25 1 27 25573 1.0779033647916922
4 20 8 6 40259 1.089830989587186
9 20 24 5 80086 1.0888981812010035
23 5 8 11 59953 0.982065474274005
21 12 2 20 74524 1.0787614825426506
28 29 17 1 112804 1.0860787959860487
5 10 19 12 46416 1.0369704139439777
28 11 16 3 70195 0.9812947250625385
2 16 25 8 84602 0.9334830358204753
21 14 1 25 64013 0.9432327623745073
29 15 8 16 61257 1.0373941155087092
6 29 21 27 32700 0.9447350846569689
27 19 3 29 70731 0.9887118937951149
3 16 19 3 79752 0.9719094151218395
17 3 2 27 82206 0.9095597711356042
9 11 11 28 48128 0.911657263049887
28 15 25 4 35892 1.0093543286492168
13 18 6 15 30323 1.006958207215317
22 18 14 16 23824 1.0873694724744338
21 11 14 21 53024 0.9278805918783102
1 20 22 23 52457 1.0452748190896048
12 27 6 9 40234 1.0736022585573823
7 8 1 13 25700 0.9671457540779019
0 13 9 2 66634 1.0461889513178102
11 23 0 28 32400 1.0646229643120049
8 4 18 24 81199 1.0240340700404387
3 9 22 28 64577 1.0049825829488477
29 25 12 7 88767 0.9234654744068815
5 23 22 14 68606 1.026651271654149
8 15 15 6 48917 1.0022442320160307
26 3 15 7 49597 1.0022340051204075
23 28 9 0 110879 1.0455569627423436
1 3 1 20 68572 1.0677885093746617
22 22 5 6 78986 1.0321416672433663
10 0 2 19 79840 0.9944871756557586
9 7 27 22 80017 0.9720601632321452
8 23 0 3 62423 1.0518148069379514
28 5 11 29 99756 0.9586668451456769
5 7 22 19 64330 1.0809732032380417
19 6 19 28 73189 0.9290651395638256
15 21 16 1 88196 1.0608628970702647
8 11 0 2 45250 1.0078321516277735
10 6 22 2 51808 1.016458579729631
11 25 16 19 26024 0.9250083906084919
1 4 17 21 82903 0.9319515868849814
3 1 14 28 82741 0.956117142080455
3 20 24 10 75764 1.0092498835049413
4 7 25 5 66386 0.9672606163494464
22 2 12 2 43580 0.927420944114158
13 23 4 25 27219 1.040544454279598
21 16 27 3 59825 0.9518754885909856
27 27 5 18 56637 1.025954920775972
10 21 19 2 80560 1.0552550916431387
22 12 11 20 51576 0.9908452878556143
22 2 8 7 61918 1.0885383103030475
9 21 16 29 28481 1.0532944032463236
19 23 26 15 35579 0.9622010631452657
4 8 14 4 37987 0.977959806899305
16 23 1 5 72679 1.0952406718141054
17 5 4 29 83003 1.0321709372644692
29 15 5 7 80960 1.0365486881527017
28 5 20 15 59420 0.926980693428931
17 26 25 5 63200 0.9188122700438855
12 29 27 12 72596 0.9548668403135356
18 0 6 25 92909 1.0185104414354629
1 19 10 20 27762 0.9023127119814364
0 0 17 0 75516 0.974988011737016
13 13 3 3 52315 0.9315458403303803
25 17 3 7 72550 0.9893172851730133
15 8 14 19 47426 0.9613919788827506
0 16 25 1 99372 0.9513414124524646
14 16 18 0 79942 1.0552228952963014
3 14 29 2 104401 1.0868800378646415
5 21 10 15 31074 1.0882589029006895
0 9 26 5 74155 0.9487913312674048
21 26 28 16 43208 0.989921624954673
7 19 11 28 24977 1.012652771676049
24 14 15 22 43327 1.0434680357234893
9 16 0 0 70245 1.0637151351835488
27 1 5 12 89948 1.0339122904097218
6 25 22 18 44229 1.0373415620626174
7 9 15 17 42414 1.0778907512668487
6 13 4 28 34344 1.0676017425247415
22 28 0 15 69859 1.0995431599913872
19 1 25 23 80081 1.0441840989959283
28 12 13 11 63741 1.0243450916711836
15 28 2 7 65559 0.9074806691312156
25 18 24 4 40365 1.0947860289226794
19 18 0 11 71760 1.0374104009632548
3 17 20 17 53587 1.0365569278198745
7 2 1 9 43292 0.9284150678961316
1 13 26 29 72766 1.0345637399726104
4 3 0 28 69952 0.9937944441870865
18 17 24 4 57510 0.9170036930691453
20 0 8 2 54141 0.9488661330915564
2 1 12 26 73812 0.9379160757550228
3 19 1 29 26012 1.0417636760311426
24 25 20 14 43448 0.9247228649554028
26 22 7 5 85535 0.9202964633705507
0 10 23 18 73696 0.9856269423885188
3 7 21 6 54830 0.9929805775999507
19 12 8 26 56113 0.9733321455216041
17 20 18 0 83931 0.9612189435109224
0 15 28 25 84208 0.984827530601235
28 1 14 3 61022 1.0947513866366643
29 27 29 12 62449 1.088946326230507
8 29 2 12 50516 1.0566962389387824
14 24 24 19 42015 1.0708675542054982
22 26 1 25 31179 1.0472960327997995
5 5 24 4 72283 1.0687183266625846
20 29 16 13 45601 1.0113500922318708
8 27 3 15 43526 0.996104617672408
7 18 17 12 43404 0.9770161956938543
2 28 19 8 68785 1.039294439184156
26 6 6 21 85685 1.0055069587782004
3 6 1 22 56607 1.0603174973687481
11 22 11 2 71263 0.92444126502066
7 0 25 4 82632 0.9805870284878486
1 8 29 19 81723 1.077800534465525
11 13 15 3 46781 0.9016802245992731
12 13 1 26 44388 0.9062224859706055
23 24 14 20 41550 1.0451430715376786
27 11 2 19 84802 1.0228384993290667
22 0 16 15 79430 1.0266774598043618
1 11 19 8 51183 1.0038835349633584
15 16 3 10 55597 0.9151740966224425
21 5 2 26 79104 1.0177773967847428
13 19 23 9 55448 0.902115588525073
1 15 20 10 64049 1.0170640241518845
18 21 24 8 61524 0.9361975107830619
18 0 4 28 98807 0.968646707201307
9 15 25 5 70071 0.9857053447229532
10 14 0 16 40011 1.0643965411904053
23 5 20 14 39709 0.995418145844922
0 2 21 20 93720 0.9428592986007835
9 21 3 10 46149 1.0475813361407549
0 14 19 15 69529 1.01108285499535
16 7 5 26 57694 1.057001893954042
1 15 17 20 65073 0.9157056728022585
8 16 4 24 29941 0.9980852709640887
16 7 18 28 73136 1.0786840595894092
20 0 24 8 51720 0.9063031389119178
21 21 1 9 75432 0.9771236430547481
23 14 8 5 67883 1.0288366991132227
15 6 17 15 56678 1.0817742060518456
1 26 26 0 104711 1.0126194028765012
2 14 10 17 41038 1.0551019334704428
26 16 8 9 66983 1.0840463631178252
8 16 23 26 42771 0.9314039849421698
20 15 25 4 46434 1.0418768992375502
5 21 18 29 42101 1.0135047257026877
13 2 28 26 103810 1.0325937486227394
13 26 24 13 51469 0.9841162985230688
18 27 5 21 36028 0.927165165595062
23 18 29 28 39218 0.9012460486241866
22 7 14 14 50700 1.0559327362764421
20 25 8 19 35073 1.0811892341225604
6 5 14 13 47914 0.9677763154705924
9 28 8 10 37843 0.9082358588681759
5 5 22 8 59280 0.9849982483010468
11 8 13 16 34098 1.05071446961777
10 15 1 13 32004 0.9304319017118718
17 1 15 11 60736 0.9091852471453007
28 4 22 29 84908 1.047776374246378
2 3 28 12 99164 0.9823223187664036
12 2 24 1 57777 1.0650472564496585
8 6 17 18 54083 1.0702066511573793
