4524 4670 3653 4030 3676 2788 4788 4481 3389 3531 2702 3539 3376 2640 2618 3606 4372 2652 3565 3640 4616 2975 3988 3000 3799 4566 4312 4516 4678
7207 6197 7152 6164 5204 7332 7172 7217 5922 6314 5893 7253 6869 6805 5818 5482 6741 6172 6367 6589 6063 6290 5542 5925 6576 5282 5546 5280 7300
4411 3188 2570 4095 3390 2937 3657 4597 2557 2699 2627 3734 2942 4274 2963 4289 3795 4748 3324 4463 4702 4145 3448 4448 4602 3658 3242 2878 2899
5483 5185 4899 6347 5836 5716 5862 5089 5016 4993 5449 5213 4736 4758 6094 4848 5803 6493 4615 5144 5147 5786 5636 6372 6744 5677 5041 6413 4611
7018 6941 7788 8696 6936 8744 8357 8419 8166 8510 6819 8073 8398 7684 8443 7454 7757 7970 7654 7623 8761 7698 8070 8668 8940 7349 8561 8529 8481
5199 4835 5373 5792 6115 6694 6127 5334 5182 7045 6691 6170 5878 6760 6333 7061 6604 6475 4943 5245 5171 6655 6636 6444 6959 5754 6793 5986 6850
7721 7008 6778 8069 7038 7434 8515 6514 7982 6597 7488 7250 8262 8104 6441 7371 6966 6440 8145 7197 8544 6605 7712 6821 7025 6893 7484 7747 6555
7273 6727 7622 6641 7842 7885 6117 6617 7236 7020 6162 7085 6900 6696 6559 7582 7199 8195 7708 6385 7369 6372 7453 7155 7712 7280 6470 6320 6326
3760 2683 3774 2328 3939 3255 2586 2874 2888 3198 3630 2625 4203 3707 2577 2211 3803 3787 2820 3614 3543 2391 3972 3509 3008 3268 2502 2204 2831
5894 6215 5632 6346 5786 5116 5515 5908 5634 6242 6406 6280 5444 6517 6136 6473 4974 6641 5943 6659 5884 5916 6337 5143 6565 6687 5603 6085 6744
6781 7045 5638 5885 6204 6828 5561 5421 7479 6733 5834 7296 7357 7413 5722 7070 6816 7483 6778 5784 7234 7189 7205 7423 7453 6848 7391 7674 6467
4534 5179 3773 3356 4309 3786 4753 4070 3481 5473 3290 5381 5365 3630 4875 4215 5270 4896 4561 3609 4972 5339 4411 4083 5285 5042 3612 4675 3539
3530 2254 3289 3298 2278 2689 3295 3627 4172 3790 2162 2725 2635 2849 2224 4143 2323 3586 4234 2528 2945 4299 2696 4303 3081 3903 3861 4297 2099
4499 4089 4351 4054 4656 4408 3801 5254 5396 4967 3984 4154 5583 4348 4185 4808 3437 4026 5604 3840 4007 5513 5238 3515 3563 5259 5114 4491 3955
1983 3753 2230 2377 2367 3245 2348 2459 2518 3300 2130 3001 2330 1995 2925 2800 2263 2530 1748 2536 2895 2996 2858 1970 3309 3133 3224 1829 1770
6970 6993 6153 5565 6934 7112 5743 6619 6037 5558 6965 6850 6462 5624 5561 6195 6278 5352 6906 6723 6491 6166 6882 5796 6349 6373 5558 6125 5363
6227 6513 6970 5514 6368 6168 5391 6980 6964 7548 6503 6054 6070 5907 5365 5965 6387 5618 5713 7524 7288 6112 7516 6586 5626 6798 7502 6990 7131
5976 4623 6036 5444 5408 5012 4623 6109 5342 5913 6654 6376 5125 5238 5418 6336 4811 4897 5992 5999 5930 6733 5465 6112 6753 4592 6230 6780 5520
2841 1469 3318 1743 2139 3206 3288 2964 2658 2492 3364 1946 2213 1973 2058 2962 3039 2400 3080 3144 3040 2552 1661 1718 1675 1443 1575 2335 3184
6319 6456 5668 7283 6498 6161 7125 7238 7263 5262 5409 5448 5441 6299 5399 5424 6381 5633 5782 6156 6669 6014 7420 6680 5378 6849 6883 7095 6581
6867 6459 7590 7614 6396 6920 6316 6596 8183 7103 6559 7090 7611 8188 6501 6373 7669 7619 7236 6813 8148 6629 8237 7841 7197 6424 7829 6971 8205
1864 3540 2848 2801 3548 2468 3739 2383 2188 3838 2365 1753 3415 3375 3762 2926 2917 1844 3176 2726 3340 3211 2444 3227 3091 2730 2850 3938 1770
6248 5890 6245 7379 7531 7730 7151 7505 6773 7384 6192 6777 7969 7805 5931 6754 5918 6424 7651 6878 6863 7413 6251 6475 7590 6643 6593 7283 5968
7042 6755 6683 6350 7185 5710 5788 6314 6983 7005 6665 5481 5767 6308 5464 7168 6268 5557 5560 7077 7191 6348 7653 6394 7641 7671 5694 6388 6260
5526 3536 5219 5501 4533 3616 4526 5189 3617 4208 5529 4659 3881 5506 4953 5006 5484 4250 3678 5353 5008 3819 5109 3554 4136 4894 4168 5608 5127
5144 5807 5890 5718 6417 5660 4666 5012 6885 5669 6536 4775 5354 5060 5946 4867 5698 5628 6099 6011 4709 6504 4985 5751 6068 4787 5664 6320 5844
3366 3759 3082 3504 3578 4027 3116 2253 3017 3959 3203 3721 4320 3513 3367 2405 3232 2800 2620 2638 3789 3108 2795 3520 4319 4152 3576 4214 3201
1738 2568 2882 2787 2979 2037 2602 2604 3156 1684 2385 2374 2543 2009 1776 3154 2470 2780 2404 3167 2977 1566 2330 2451 1680 1743 3205 3354 1517
4009 4227 5654 4891 5343 3762 4018 5702 5619 5576 5552 4020 3850 5311 5299 4059 4335 5784 5250 5009 5196 4380 5876 5842 3988 4800 5429 4351 4490
6204 5054 6099 6211 5142 5030 5646 4200 5675 4722 5499 5830 5205 4380 6365 4673 5458 4586 6220 6373 4702 4991 5872 4498 4178 6283 5433 4920 4398
6241 6640 5544 7006 4603 4407 4680 6821 6891 2714 5584 5254 2556 5476 1570 5490 4652 4992 2431 6930 7077 7713 6081 4995 2803 4654 3167 3088 7524 4932
5723 6159 5141 5848 4668 3977 4648 7370 8216 2894 5804 6333 3252 4826 2729 3868 3944 4791 3707 7363 7563 7608 7153 6088 2264 3377 3745 2206 8541 4471
6016 6777 7078 6276 4126 3954 4650 5456 6566 2070 5899 6153 3717 4574 2074 4941 4870 5789 3250 8187 7534 5838 5667 5136 4036 4778 2053 2789 7838 4122
6123 7883 5716 6994 5629 3901 4400 7324 8388 3302 5434 7062 2092 5835 2116 4004 3879 3639 3119 8347 7719 6757 6498 5788 2248 4019 3617 2011 8714 3919
6113 6585 5537 7096 5211 5287 4591 7153 6521 3002 5235 6529 2307 5240 2599 4288 3567 5206 2724 8709 7512 6479 6526 5774 4264 4452 2893 2983 6729 4900
6352 7711 6955 7295 4031 3964 4716 5886 7356 3135 5480 7047 4087 5481 2641 5165 4253 5431 2395 7080 7523 6207 7118 5936 3652 3575 3013 2702 8901 4112
5244 6159 5355 6163 3826 5481 4360 7606 8021 1877 5725 7099 4016 4661 1420 3488 4752 4945 3023 6874 7858 7081 5804 5941 3898 3617 4051 1769 6795 3770
5358 6929 6458 6947 4041 4840 4246 7516 7084 2267 4698 7231 3362 6256 1721 3376 4708 5666 2165 8227 6830 6191 5369 5372 2464 4065 4161 1622 8419 4124
6504 6942 5257 5960 5399 4992 3398 5689 6682 1510 5624 6491 3355 4800 1756 5555 4939 5033 3489 8342 8106 6756 6414 4131 2621 3112 3690 3021 8080 3190
6047 7087 6878 6489 4566 4625 3100 7093 6530 1255 5504 5301 3370 4487 1488 5345 4733 4668 3924 6932 6998 6269 7009 5934 3589 3690 2259 2527 7035 4462
6512 8382 6137 6325 5206 3866 2775 5481 7764 3307 4403 5790 2197 5031 3166 4538 4460 3956 2701 8665 7519 6652 5303 4643 3172 5082 2992 2459 8464 4620
4989 7879 5498 5869 4426 4030 4762 7107 8138 1860 5847 6126 2190 5384 3381 5355 4248 5171 2536 7995 7549 5701 6586 5886 3744 3525 2379 3076 7365 2890
5502 7072 5536 6059 5175 4955 4344 5845 6573 1197 5269 5331 2043 4447 1987 3857 4829 4423 2857 6803 6589 7613 5889 4930 4192 3383 2301 3588 8120 3197
5907 6217 5089 6549 5346 5443 4671 7575 7050 1685 5243 7168 2787 4564 2204 4507 3512 5169 3684 7147 7408 7588 6028 5869 2800 4483 3250 3331 8485 4206
6539 7926 7091 5799 4302 3753 4130 6713 7485 2630 4921 6964 3371 4376 1794 3483 3754 3756 2557 6746 7496 6181 5468 5354 3799 4862 2459 2169 6881 2929
6703 7533 5595 5899 4422 4043 4917 6998 6513 2402 3973 6998 2106 5109 2828 3489 3161 5697 2983 7003 7609 6045 5144 6077 2795 2975 2571 2083 8474 3237
5219 6139 6019 6636 3692 4067 4335 7222 7432 3283 4545 6322 2195 5276 2072 3517 3793 5171 3182 8128 6564 6663 5446 4259 2772 3150 2692 2244 7524 4407
5241 7930 5308 6931 5709 3481 4261 5802 7270 2566 5908 7197 2183 4910 2392 5524 4796 4600 2916 7321 7743 5953 6919 4686 2576 5091 3278 1632 8585 3394
5204 7177 6752 7869 5674 4127 3068 7096 7337 1182 5523 6515 2491 5687 2216 4669 3580 4572 2357 8159 7961 7762 5528 5951 2459 3528 3297 2062 7563 4754
5439 7646 6900 6607 5765 3715 3966 6239 7470 3204 4427 5452 3798 6330 3089 3831 3884 5752 2990 8903 7842 7393 6135 5155 3186 3794 2922 3128 6921 3389
6351 6418 6784 7902 4478 5619 4087 6722 8440 2171 4572 7312 2601 4906 3157 5320 4627 4067 4067 6962 7905 7248 5055 4268 3798 4564 2070 2708 8607 4107
5965 6145 6606 6575 4150 5398 3946 7080 8184 1528 4830 5742 2304 4408 1645 3860 4598 4932 3580 8038 7085 6664 5724 5728 3511 3211 2704 1626 7576 3713
6287 7616 6033 6884 4257 5442 4325 6012 8199 2095 5109 5345 3129 5760 2851 3401 4346 3905 2459 7919 7043 5730 5098 6052 4381 4127 3994 1856 8140 4036
6349 8115 6215 6277 3639 5485 3548 7421 6749 2503 5647 6370 2431 4880 1387 5552 3864 4826 2817 7295 7940 7566 6355 5257 2857 3412 4145 2762 7765 4158
6656 6538 6169 6457 5706 5022 3706 5608 7073 1293 3759 6567 2084 5762 3427 4904 3575 5625 2149 8348 7453 6895 6647 5137 3897 4782 4224 2754 7504 4575
5084 7453 6970 7615 4473 5166 2851 6933 8026 2948 4660 7270 3685 5938 2208 3721 3546 3725 3565 7382 7064 6928 5025 5354 2976 2981 2808 1711 8244 4596
6296 7293 5631 7284 4863 4229 3216 6650 7514 2609 5389 7207 3555 4497 1665 5506 5048 4403 3595 6964 8428 6023 4979 5102 2626 4627 3691 2399 7043 3333
5420 6354 5947 7154 5224 4200 4651 6618 7528 2644 3972 5238 3543 5353 1723 4137 3968 4536 2158 7527 8271 7200 7151 4354 2985 3099 3228 1622 8770 4088
5336 7479 5794 7497 5467 5019 3706 7153 7869 1686 5555 7086 2823 6233 2014 3850 4414 5411 3155 8365 8640 5563 6198 5622 2345 4143 2656 1588 7769 3437
11 22 24 4 91062 1.0601872677057846
0 3 24 18 105798 1.073735755408408
1 16 25 11 74634 0.9824485020480966
22 3 21 28 80630 1.0087958688219536
16 13 11 6 37024 0.9634495292449595
1 22 4 0 98241 1.035212751041481
22 23 17 9 55052 1.0047527640699558
13 13 11 24 42809 1.0942541374012238
18 28 6 29 41394 0.9779311052980774
2 2 16 14 67648 1.0730310958389586
5 14 19 27 61259 1.005791508877519
22 1 11 6 63891 0.9392927234120644
21 9 3 13 56868 0.9353307574503563
15 17 29 0 86460 0.9797217283247657
3 11 15 3 55952 0.9692089562790741
21 22 29 25 34841 1.0875108954441914
6 17 28 29 92310 0.99432333624322
21 7 29 0 51078 1.0817177677972012
10 17 13 8 38571 1.0360227504280322
22 3 0 28 122410 1.074443608481667
14 1 27 19 75290 0.9957196390144059
11 29 19 10 67386 1.055956701962839
0 15 25 19 79533 1.0611239948978783
29 14 12 15 40883 0.9982270921733625
5 11 10 1 59371 0.9064292513202472
20 16 3 5 78495 1.0335746568966782
3 1 20 11 88421 1.0322679846161016
13 2 29 13 71061 1.0639563024129788
20 8 1 6 65376 1.074457357809468
1 29 10 4 107999 0.9206281730435274
27 14 8 23 73431 0.9924139560271465
2 29 21 24 59919 1.0125833682947758
5 27 0 4 94294 1.0299370606829807
10 8 17 14 34978 1.0366991956810163
11 5 1 8 45876 1.0621032478801216
19 21 2 7 82948 1.0157162225302636
6 8 22 9 41906 1.0036216637022335
2 20 19 0 100039 1.0811911630025888
27 28 13 11 75059 1.0539187048716379
7 21 16 19 46612 0.9953270598794235
19 13 29 16 39040 1.0369981653956886
2 12 4 4 35953 0.965924145362137
20 19 21 0 61712 1.0764320428992986
15 18 17 9 34094 0.9807747845491736
20 10 22 28 62633 1.0568367224755173
26 27 11 6 87842 1.0297228850071876
16 17 18 28 33939 1.0630007152018577
2 12 12 24 62859 0.9817805727794476
16 23 28 16 59219 1.0798054611501673
23 9 7 1 63131 0.9779541579180582
13 2 12 16 45947 0.9169427747339138
18 11 3 8 46150 0.9863895706014714
5 8 13 13 36152 1.0369871792511
16 26 23 22 35024 1.0160383377323856
0 7 10 17 58820 0.9121097056935367
11 3 25 15 72285 1.010318549581956
1 29 20 11 98166 0.9997618070464397
13 14 20 0 57547 0.9535695312018017
23 23 2 24 76351 0.9721415352576444
9 0 23 22 110395 1.0164925419339914
16 0 13 28 92287 0.9567143068348767
3 17 20 6 78242 1.044242670660559
9 9 19 3 44052 0.9176659290530381
14 26 2 8 73743 0.9646853372322581
10 25 17 10 66769 0.9299158135966124
18 5 16 14 28568 1.0898859825357328
21 29 7 14 68742 0.9467459525417636
20 1 19 16 56196 1.0380397168986508
8 11 21 7 39651 1.0950203992977137
14 22 8 18 29366 1.0629890307450822
21 11 13 1 50363 1.0019329532398213
8 26 25 16 76742 0.9842704820373531
21 15 17 23 35264 1.0495694095509542
4 18 1 7 52964 1.039631487538467
18 15 0 12 48012 0.9980071151339048
13 21 29 20 71890 1.0937435733584866
26 5 25 24 56300 1.0696576195535665
28 15 21 26 50022 0.9838913253468031
0 13 16 27 72931 0.9170406731139685
3 28 29 23 81092 0.9574601122744218
5 15 1 3 56479 1.0979814711848954
7 12 2 21 51719 1.0337536932982831
1 29 15 24 53738 1.0003108351871004
20 19 18 28 34806 1.005525828061985
27 22 5 23 82990 0.9432309908389459
23 15 1 7 81255 0.9701495094651836
20 5 26 17 51037 1.0286291479651575
5 16 4 25 58788 0.9141095654859795
19 4 22 29 79583 1.0786047999180683
29 16 0 5 102242 1.032368355358288
4 18 24 5 87372 1.0721623086393322
20 10 28 1 49355 0.9529553919318822
28 4 6 6 76784 1.0595175160056254
16 27 13 0 81382 0.961515324501574
12 0 7 20 78026 0.924408784787904
3 14 17 2 70177 0.9202255775525287
6 10 24 23 92797 1.070900632813635
14 27 27 13 62129 0.9928113298837156
22 13 11 26 63947 0.9802061929602394
12 29 13 16 43976 0.9509513504863372
25 21 10 19 67432 1.042833756555917
0 15 25 6 82705 0.9203049577788927
1 26 12 5 99603 0.9346985352691936
2 1 3 17 60103 0.911506583296476
12 7 1 13 48212 1.0984182677390901
20 17 6 12 55114 1.0359166439277971
29 29 28 16 43137 0.9694853282981174
1 26 10 28 34085 0.9888559266859678
2 5 0 21 59392 1.0542121045375579
11 12 19 1 52592 0.9640600894556909
19 11 7 20 60835 0.998313852224038
4 8 15 12 41063 0.9108058441598847
3 11 13 19 55732 0.9086716624023182
25 11 27 19 29151 1.0978323712562528
7 22 27 10 84139 0.9447119752655502
3 1 19 16 90677 1.0652664187731076
9 28 28 3 114381 1.0289449907571622
10 2 13 24 77712 0.9616066739892463
20 18 9 5 65057 0.933833453908608
8 11 13 25 54776 0.9802728136835177
24 23 2 6 108520 1.089687254282197
15 21 14 8 39152 0.969553529139439
4 0 13 14 75234 0.9700452449086693
27 8 11 1 69233 1.0875334296840509
19 3 26 28 89023 1.0310780383784452
5 7 22 11 57992 1.051230848470854
29 27 26 10 49613 1.0124557393300522
5 10 19 20 71624 0.9713675940473148
14 10 29 10 42766 0.9720324575699072
6 21 23 4 99973 1.0740540308144513
10 18 23 23 59507 0.9772055884105988
19 12 11 28 59822 1.055009451599668
21 26 28 7 71034 1.0672631422394805
24 0 15 11 71311 0.926032215171103
7 20 19 11 60835 0.9989684285750406
21 24 2 21 74106 0.9163188003762225
12 14 6 27 54187 1.0472600288357505
19 21 12 13 43611 1.0050622048181068
4 2 20 8 78406 0.9445815591563482
11 25 2 0 107143 0.9056189460434921
1 1 24 21 124227 0.9163533747771553
25 10 15 0 60345 0.9557877954796608
13 8 27 23 71114 0.9718522269819152
16 18 0 4 80011 1.0267559458966014
14 14 8 1 47897 0.9298494021751691
8 5 17 14 41867 0.9513184893479908
22 26 5 5 98309 0.9731020576479221
4 15 24 12 60411 1.0423664038745284
28 23 20 8 61303 0.9144052494398205
13 22 27 22 57270 1.0308318752163355
28 21 11 23 69999 0.9726620824174607
18 5 14 27 62579 1.042454417388247
2 28 25 26 65418 0.9773706490291862
29 15 13 1 77894 0.9041446766503826
11 17 11 3 51865 1.0444770166032984
9 22 21 2 92748 0.9993377568482296
25 26 22 12 54433 0.9106195081216779
8 17 16 27 51899 1.0716658096726426
16 2 23 24 85620 0.9171339234478854
1 3 21 8 73174 0.9753037938186285
27 17 14 2 66353 1.0575432391797686
1 13 21 27 82984 1.0881148499194346
10 10 16 5 32984 1.0383289972195735
5 14 15 27 57120 0.9864575933941123
17 0 10 6 50968 1.0933013297508958
23 4 4 23 116087 1.0545823209251275
24 3 26 20 60924 0.9730942849580432
26 12 1 17 78186 0.9145549141591103
15 21 28 11 66724 0.9465999795628031
24 7 25 29 71154 1.0484147905886827
6 3 28 27 116528 1.0370799165598135
18 25 3 4 96902 1.008321203514214
10 14 27 4 64723 0.953076470734755
23 20 14 26 49911 0.9798428884853883
11 10 25 12 44257 1.0613725780815781
2 3 6 19 72937 1.0841209982176978
2 28 27 22 75299 0.957015040382403
0 4 19 8 70523 0.9909122458732407
12 16 3 26 62419 1.0411686496190966
11 2 19 17 64971 0.9317768900643887
12 13 1 24 67345 0.9942339423913775
2 9 8 23 57565 0.9321021296698979
25 29 15 4 98488 1.0904109445324268
21 1 27 14 47486 0.9944957072215073
25 27 9 3 103729 0.9554316789674937
19 7 16 15 34535 1.0813111649504756
3 10 4 26 73731 1.01127366775144
10 20 7 10 51216 1.0826366758340802
7 14 27 7 62070 1.0337999577823274
21 5 11 14 45981 1.0087281650938285
26 15 14 2 62733 1.0112055027760294
25 26 9 20 78554 1.0199427467968478
13 26 27 17 59911 0.9525302999556214
6 21 25 17 80125 0.9151235234731886
8 14 17 6 47445 1.0020601542185104
14 24 7 20 40363 0.950140241348762
13 20 21 17 34588 0.9003779663958354
25 21 0 5 117060 1.0379836915856608
15 19 23 14 39404 0.9743848055334874
14 18 0 6 68007 1.0322217293500964
19 18 9 19 35640 0.9699565860716407
3 11 17 1 74435 1.0623004765017494
25 20 13 20 55859 1.0979897539885406
20 28 1 1 123967 1.0337580944257212
15 13 3 8 44550 1.020527719147571
28 12 9 18 64454 1.023653942157919
18 0 6 24 96701 1.0101805731127356
2 12 10 21 55167 1.0740981519219277
29 17 12 28 71772 0.9695202438947127
16 18 14 26 26985 1.0231746957976
19 4 12 19 61704 1.0159731641622676
1 6 14 1 63223 1.0812975069512623
15 18 24 28 48719 1.0554569451247247
23 22 17 1 83851 1.0997822539965714
18 1 21 9 27342 1.0658841967827588
22 28 5 19 80050 1.078938284890738
3 24 21 26 58962 1.063791878119289
3 8 7 25 75233 0.9219861315976716
9 2 5 16 62765 0.9681462355618504
2 9 8 20 47659 0.9254902686064789
19 26 15 3 75024 0.9197737976750718
14 19 20 13 34845 1.032374386205474
25 17 15 10 56172 1.0769559041677401
29 18 13 21 59297 1.0436850649085476
26 11 4 6 72042 0.9663761747437122
29 21 4 3 124042 1.030483971751183
14 18 27 3 67290 0.9996720341706599
9 26 20 0 99210 0.9429430796072867
18 28 11 5 75219 0.9995727800619996
27 21 26 1 58160 1.0020348321384518
23 16 20 0 62108 1.041550383663612
3 4 14 3 55233 1.0252205689344938
11 22 7 11 58739 0.9134845423020288
22 14 17 3 45024 1.04713695415336
7 1 12 13 50500 1.0247138397066426
17 12 11 19 35561 0.9471958162864965
9 0 14 28 95177 0.9615230607246528
17 3 4 8 60058 0.9361223911064371
0 26 19 2 118015 1.0645856397889983
11 14 1 13 28081 1.0834663099587103
14 24 21 8 55340 1.0670166543513806
18 14 8 6 41004 1.057796540792511
27 6 18 2 43119 0.9544832852850746
11 23 29 25 64650 1.0280154222554376
4 15 14 29 69171 0.9769040437595038
28 26 18 22 35511 1.0283300860229063
7 21 26 8 83543 0.979414503970363
11 27 24 12 69410 0.979810622553505
22 3 21 26 73842 0.9223808983237606
3 8 23 17 78159 0.9535279002788504
0 11 9 28 76536 0.985301261048151
25 20 12 23 67410 0.983775689262484
15 5 10 15 43387 1.0977345037867308
12 12 1 0 69387 1.0768493093038594
29 14 24 6 32284 1.0418798634764799
29 7 23 22 68500 1.0575249768170112
27 24 0 28 77450 0.9315000779015388
20 10 26 2 41354 0.9223470455931282
13 0 8 17 64516 0.9137185763298251
11 13 23 12 36563 0.9537592300279444
19 4 10 19 69485 0.9331153063449329
17 1 24 24 86549 1.0814829134120907
6 25 22 24 54893 1.092145829385627
8 5 6 18 46532 1.0224780720590174
20 26 26 21 34936 0.9296185559423
5 20 5 3 80744 0.9941922957204535
16 19 26 20 41053 1.0265895124361046
24 10 13 28 75176 1.0408632755009144
26 0 25 13 48686 0.9454666081104558
23 0 20 14 55534 1.0956073980155145
25 1 16 28 103914 1.0949186876535417
14 13 27 0 62873 0.9594952008053395
1 1 8 4 42876 1.0628038010378669
25 9 7 21 77578 1.078308007385215
28 10 6 21 93623 1.0767618538388712
13 15 0 15 35360 0.9903578255574083
25 20 17 15 46454 1.0089904102243061
29 0 15 27 101936 1.0715970614410915
17 23 28 6 73156 1.069490305508405
1 23 28 3 131805 0.9126558841337544
23 18 4 2 102710 1.0316603170461842
0 23 8 11 59437 1.052596970462032
16 15 4 21 63177 0.9149189987501144
13 9 12 21 37341 0.9983524078069359
7 11 16 18 46181 0.9302817652077092
26 15 1 29 102563 0.9918199777000645
1 24 23 5 117714 1.093345504520145
27 22 28 0 60062 0.9687901458184117
13 19 25 27 53933 0.9950670337270198
26 4 3 14 78468 0.9653197656697852
24 9 3 7 58066 1.0943756187913944
16 29 15 15 45510 0.9968847340243694
22 25 10 3 96291 0.9803321540290577
4 20 11 10 61737 1.026699856207128
2 11 7 6 33573 0.9838754414483024
10 2 15 25 83083 0.935221005325713
26 25 9 29 57437 1.0412935155130643
2 23 20 29 69618 0.9204675463773949
0 19 25 26 97328 1.0386395172963732
7 26 28 14 84172 0.9432830314126581
6 11 18 26 72753 0.9028227106645073
23 10 20 3 35657 0.9659508229203364
20 29 1 8 101134 1.0962896810254479
0 25 23 4 120047 0.9981130350988081
21 13 12 26 57160 1.0319741553274366
0 9 11 23 76084 1.0647675310910198
1 19 14 8 67696 0.9587024164874163
20 26 17 1 75694 1.0689206677211998
1 21 11 18 46887 1.0573063575079125
20 12 0 19 67226 1.0884004419502582
19 5 7 18 65842 0.9859724244768252
1 1 6 15 65297 1.0530681680962868
26 28 6 12 89899 0.9204074055026973
19 15 12 8 35623 1.0746242299525188
12 25 13 15 36849 0.9742061772010611
8 2 16 24 77329 1.0240702479385893
10 24 14 13 41424 0.9770265421356528
3 15 15 24 59893 1.0554195329560994
4 9 3 0 42790 0.9922433080288157
12 10 23 12 33895 0.9955886299315243
17 1 27 28 94300 0.9573385125260522
1 23 23 8 106116 0.9804712005432871
3 25 18 12 81647 1.0558706494719168
23 8 14 18 48755 1.0617282029592021
10 25 13 2 79263 0.9035283684646559
9 21 6 1 83889 0.9756757701165444
15 29 9 17 53540 0.9353327072850435
2 10 29 14 74312 0.9108809918006026
25 26 16 14 56592 0.9865602448848982
14 25 8 13 46519 0.9659201374172182
29 23 27 0 66948 1.0394375266591913
29 19 14 21 57929 1.0310476365907768
20 5 4 22 103515 0.9194297877515013
23 28 13 25 36736 0.9849738317665677
19 12 22 4 32831 0.9212117968954474
15 6 5 13 49065 0.97312417164247
12 4 18 17 48844 0.9377710012002637
6 14 1 20 40575 1.0321485416339746
3 1 26 6 96426 0.9892153499356006
23 5 28 28 75324 0.9588494762342676
6 24 24 15 80385 0.9596070356452515
19 11 6 15 44634 1.0385862523581528
10 12 29 7 60565 1.04711875858558
21 2 23 19 57769 0.9123967582969884
16 13 18 0 41876 0.9742335926039924
6 28 25 2 126074 1.0031855054172605
19 29 24 11 66219 0.9330229582805263
8 2 0 23 87909 1.0189956809643084
17 13 2 0 79097 1.0101241332771775
12 5 12 26 66935 1.0798411551813367
2 4 26 1 97746 1.0266277136059212
21 1 29 11 51042 1.0703640294780405
15 9 16 23 50368 1.0692393598768164
25 0 1 17 115175 0.9946246325553401
24 10 17 13 31816 1.0047905835329047
17 25 20 3 74882 0.9877260017829349
11 12 29 25 76073 1.0016864182437717
7 29 19 14 67852 0.9920941632911353
11 17 6 9 40098 0.9862462177452913
8 14 25 7 60929 1.081433068985636
12 5 4 18 60420 1.010268538718364
12 11 22 15 37004 1.023945764718242
29 14 20 16 28235 1.0058937513648736
26 20 6 19 73404 0.9218114257505051
19 3 4 0 93467 1.017979524886222
15 22 8 3 67601 0.9347384757142002
28 26 11 20 72808 0.9789564366702567
23 25 4 27 55138 1.0130932160865471
25 11 3 24 99050 1.0674967496935435
25 1 7 2 100510 1.018747250594701
16 18 22 4 53578 1.0332217941467652
23 24 12 15 58490 1.0606646755433793
29 0 12 13 78717 1.0676113087718018
14 29 5 12 70518 0.9937527073516841
15 24 28 4 83920 0.996959558506734
2 4 16 1 80348 1.00246485685529
25 29 5 29 72231 1.0021700323789426
17 27 14 5 64391 1.0396402411358614
3 3 12 11 57046 1.084996795700521
4 24 21 17 72295 1.0556872457481008
29 9 13 11 45380 0.9052220474389127
11 28 24 17 65206 1.002085849066608
27 23 21 15 38296 1.0112025390949664
12 15 24 28 65598 1.0547327525683923
7 11 14 3 40186 1.0136710647110605
17 2 26 1 58856 1.0521658268816765
23 19 1 12 77579 1.0809665521596237
28 17 23 24 34567 1.0776554118735175
10 18 28 26 70743 1.0509909649028777
6 16 27 8 71993 0.9782929744488602
21 28 27 13 50758 0.9924559351281343
2 18 8 8 48617 0.9898019887646429
2 7 17 25 86194 1.0462670253117827
19 28 29 21 51777 1.052044406361024
18 15 14 8 26418 1.0556329001674487
19 22 14 7 54622 0.9786855360325822
22 11 18 25 47900 0.9648329232752346
25 27 12 2 94615 0.9142561430084529
23 21 25 8 62135 0.9830308453183876
26 1 10 9 62190 1.0980961872686115
29 9 20 28 69815 0.9481066382423862
27 13 17 29 62914 1.0451479948109381
2 2 17 14 69720 1.0467208455185033
24 13 12 27 65245 0.9065854458540177
15 27 25 4 85682 0.9559958118138785
4 21 29 22 111292 1.008565131584563
23 0 23 18 69865 1.0134564667965105
2 4 28 6 87032 0.9229086989474152
26 22 29 7 50473 0.9790833517944679
0 27 11 15 71460 1.0402434566433083
3 12 6 5 43631 1.0909686748113359
26 28 27 11 45242 0.9054763810202465
5 22 8 29 36907 1.0860764652865211
9 27 0 6 89342 1.0110513668520031
10 1 13 26 91649 1.0071088546811227
9 16 27 16 59370 0.9312495593497105
15 21 28 26 56724 0.9192371284100842
15 15 14 4 32101 1.048148225609543
15 10 10 24 53806 1.034222004816036
19 19 16 5 50250 0.9813382194820898
20 5 6 22 90933 0.9740783836414524
11 18 21 24 45353 0.9234549106720935
0 29 25 7 122702 0.9333253146252974
2 11 28 6 75220 1.0095836310214588
18 5 15 14 31396 0.9259734877135297
28 26 4 7 108897 1.0770593778810926
24 20 12 16 51389 0.9612038400371836
7 5 17 28 87858 1.0657468633158687
24 0 6 15 95034 1.0250225430996671
15 29 29 19 68718 1.051029421130586
0 15 2 26 45741 1.0416558114295706
29 19 27 1 54323 0.9329453097874039
5 22 0 5 81727 0.9044734583104344
4 2 27 29 132939 1.0947195144079334
9 17 25 21 71219 0.9815574021763649
20 3 27 23 71624 1.0330241699768754
26 1 25 20 65223 0.9735819478659737
15 15 7 5 46421 0.9216356623243966
2 7 24 7 65991 1.037326997345
3 3 19 22 103621 1.0831501471453584
23 1 8 2 87172 0.962209464292412
19 19 15 5 54293 1.0920008606462877
2 13 5 25 62106 1.0183371496645535
21 29 2 0 123664 0.9873234369071635
4 24 8 10 60670 0.9596485529211469
19 24 2 23 59529 1.0912234409565167
15 15 26 26 63002 0.979015190421152
2 16 24 13 62742 1.0601528682194528
2 26 2 3 86094 1.0630532647844884
23 24 2 11 89578 1.0602329074777388
20 2 23 23 79631 1.0560187693756018
15 15 5 27 57987 1.0506684321858035
21 27 4 28 51633 1.0806305824792097
26 0 17 5 56426 0.951166796787811
29 13 18 27 60109 0.9299141723426942
11 20 13 1 66651 1.092929837934928
25 29 19 22 42660 1.0232978292550259
27 20 23 27 25578 1.0243078719073588
3 8 20 19 74297 1.0568676322278694
25 28 0 15 96119 0.9924256415325323
10 26 20 10 70140 0.9106086075720309
3 24 12 27 36387 0.9101677962984344
22 17 12 14 36276 1.0136355233898582
3 21 10 16 45594 1.0683099540295715
21 20 29 0 75638 1.0959445744321197
0 1 16 13 83528 0.9268941244261879
24 3 26 21 64713 1.0926696302341101
21 7 11 4 45378 0.9283152096239162
10 25 8 13 45744 1.0056958401416565
0 4 21 10 72473 0.9581602083868328
27 27 6 15 83862 0.9767704867781101
0 5 14 2 65065 1.0561273381680596
25 19 14 11 53389 0.9074735958232102
6 1 16 13 68207 1.0749962765439158
5 29 17 0 114373 0.9930233100086099
9 25 20 24 39630 1.0819097169605834
19 13 13 3 48049 0.9140477200396919
10 0 19 11 65549 0.962017170013426
0 1 17 4 88903 1.0386540427989148
14 10 11 2 33798 1.007494174977625
16 3 2 18 82116 0.9175949020568896
24 26 23 4 79556 0.9897145609346238
13 21 27 27 53053 0.9581357720384066
17 15 3 22 71391 0.9768406476657588
24 22 9 0 113834 1.0594236751012058
28 25 4 25 76253 1.0769036872947495
17 4 0 13 70064 0.9400217225915553
13 1 5 12 58454 0.9464754298024888
1 29 12 12 80404 0.9400066894102204
4 22 14 0 98519 0.9382374704151454
7 4 27 26 100304 0.9975956270973367
6 22 28 29 83118 1.0891577923174738
21 12 5 3 69440 0.9750502484797884
14 24 5 8 61552 1.0155714593088034
4 19 22 1 101612 0.9425143507542486
4 0 11 7 56832 0.9237910604992984
20 25 19 5 62882 0.9275886547016287
26 27 16 11 63572 1.0494280046358173
24 20 14 25 52933 0.9249115030583579
15 28 3 11 82667 1.089459428872155
22 5 27 29 76721 0.9821655845323694
18 21 2 7 75186 1.019576876236197
9 23 25 18 69700 0.9324121922933147
21 5 17 17 41982 1.0706117594257227
26 5 18 0 48240 1.0439950861601317
0 29 28 23 88933 0.9464851266680653
22 6 10 7 47468 1.0609922626695685
10 0 28 26 115950 0.9194972422354729
5 13 16 14 31146 1.015593227209397
12 6 6 12 35857 0.9914909668453128
25 12 17 8 32369 1.0378237117100204
29 9 23 16 33747 0.9595021344292132
12 18 28 2 82068 1.016437942590477
5 23 26 15 92382 1.0127565937425742
17 6 19 25 56016 1.0306860349173494
21 17 24 3 56224 1.0129813338163554
1 4 22 4 84187 1.0954711643357524
21 5 7 19 74642 1.0613354958577281
20 3 11 15 63318 0.9510849665877285
16 1 14 11 42173 1.0166606499740238
26 20 7 15 66063 0.9717410075376919
1 22 27 7 111344 0.9530481969019918
4 6 12 14 48354 0.9366028973559528
2 5 21 29 106010 0.9252740037154102
19 18 7 12 45531 1.0065238343371983
2 5 16 8 52211 1.0365450147842012
10 3 25 19 91869 0.9280320984244664
17 21 9 27 39686 0.970939411572272
14 20 28 18 45659 1.0595538311117805
10 26 7 0 95260 1.0753232876518244
19 19 25 6 58747 0.9432704306656113
3 1 29 0 124758 0.9591990089033786
16 13 27 2 56830 1.0361185550299417
5 19 0 25 45757 1.0246388213086852
3 5 14 8 46687 1.0338555252944321
28 14 7 6 66540 0.9965185896226584
29 10 19 12 36383 0.9726434885102426
7 7 27 23 88125 1.0950190227715197
19 21 27 14 48515 0.9970560863413698
10 4 24 8 55756 1.0692274082030155
14 22 10 3 66499 0.9746904896187565
25 26 29 20 33734 0.9062741936534077
27 13 19 26 54662 0.9056917594279875
7 12 2 6 36090 1.055971771865391
15 24 9 11 52512 0.9922878888197816
21 19 6 28 66352 1.0262767476222052
2 13 11 8 37208 1.0257237768685856
11 27 15 16 41534 0.9310084967813077
1 25 23 16 93290 1.0484245689412193
3 8 24 29 106479 1.0553172866949094
1 14 19 24 66481 1.0384218830214271
12 23 21 7 65371 1.0751221393686288
20 23 29 7 68997 1.0381861910076196
7 25 18 26 35204 1.0843708875429245
1 27 18 2 103863 0.919186835496812
14 28 9 13 55759 0.9312511667551041
2 4 22 27 105318 1.0115723351939927
29 23 17 6 76299 0.9294953268432311
17 9 9 11 30267 0.9958828556142173
20 27 13 22 32681 1.0705222052591017
20 2 9 25 101606 1.0228277612312882
27 22 21 9 44265 0.9161114931182457
4 1 20 20 112536 1.0027518450959672
5 9 27 1 70122 0.9220211152436952
16 17 13 26 35853 1.095842512460124
8 17 17 10 45468 0.9584957618299044
27 15 3 19 76908 0.9622578669124648
29 26 15 6 87246 0.9103099968180732
23 19 1 25 91184 1.011236107733792
25 17 5 11 79697 1.091795328123997
18 29 0 25 59697 1.0343823405227894
3 13 7 7 43331 0.9836598589305987
3 1 15 20 95289 0.9653238835712694
8 12 4 26 60531 1.0056231806861569
11 19 14 29 41906 0.9794191882137725
29 5 15 16 67909 0.9195386489636169
16 20 2 21 67133 1.0387612652912828
3 28 25 1 136678 1.0400941340087204
21 17 26 3 54213 0.9390696363394834
19 23 27 11 55878 1.0927504352706174
22 0 4 27 115442 0.9558999619117796
13 25 27 10 71926 0.921994357473446
21 16 9 14 36462 1.0043461822558732
7 2 26 9 66721 0.9745765535160009
28 11 3 28 107737 1.0758749388334388
22 26 17 11 52510 1.052853214915646
29 24 13 19 67365 0.9213761108094668
19 25 9 9 62003 1.005215356172112
28 7 19 13 45150 1.0420706170157965
14 5 25 3 55823 0.9905208942351138
17 29 21 8 59993 1.0996260962460402
20 16 21 5 36839 0.9860397712518738
13 13 1 27 73213 1.0081051598331947
0 12 21 12 59030 0.9360100041630309
0 18 12 4 70131 0.9570654415949497
27 11 15 17 49401 0.9230719078001929
4 11 8 20 47612 0.9817686428216343
7 3 4 25 93124 0.9360304269226262
29 22 20 5 74011 0.9246953332970924
10 7 0 13 49562 1.0160123925745144
29 29 17 10 79153 1.0856058236406776
26 29 24 12 53783 0.9028585439825692
3 25 3 10 69181 1.0307354797119408
21 19 3 21 71751 1.0018836415211292
27 17 0 24 101884 0.9302746226776694
21 0 2 11 74610 1.046696074457811
16 17 28 24 57175 0.9469309790141979
9 19 25 15 64375 1.055110389414865
18 18 5 2 81720 1.0861357225101855
8 24 13 9 57376 0.9318971671787645
8 19 29 2 100575 0.9365363875838443
11 11 4 22 69287 1.032687912733766
20 2 26 9 37126 1.0133957969057459
25 20 21 7 53881 0.9026838540563834
16 27 3 4 99926 1.0865545949513238
29 20 4 7 105257 0.9194853709622908
18 25 2 22 62193 0.9426512156443791
26 9 20 21 53052 1.0283675854013736
17 12 21 18 26242 0.9907089715952575
15 11 2 0 70263 0.9889064328819785
19 23 2 4 95334 0.93724717151635
23 14 18 1 45731 1.0631216090461164
17 23 10 27 31679 1.0066219859752623
12 13 21 2 51607 1.0055407069416653
3 1 11 11 64256 0.9212579435572507
4 26 5 10 82448 1.0258844847065625
27 2 5 10 74599 0.9774388779270087
2 24 22 5 110008 0.9943651230827015
19 20 6 5 79224 1.004623179523577
15 7 1 25 98626 0.9125800064756852
2 22 14 26 51605 1.0647593387504675
6 15 16 11 39279 1.060995347375889
2 27 20 3 112815 0.9108133588770617
1 13 13 17 44575 1.0335497350832514
26 6 2 7 69812 0.9293573161966937
18 0 13 20 66910 0.9151757635795068
24 11 18 26 54371 1.076603545299476
0 26 19 0 120777 0.9990267867628002
20 0 17 23 74879 1.0876501460633856
12 19 24 18 40683 0.9458509985722471
18 14 16 0 46074 1.0621546059424185
27 4 21 25 70220 0.9316481933123921
26 28 10 7 92784 1.0658600611790967
13 10 0 14 42301 0.993703672552007
5 1 17 15 79122 0.9042483504903005
21 12 7 8 45711 0.9454989291454139
16 10 24 2 56594 0.9340702299162719
9 27 19 3 89311 0.9955893543983177
27 26 7 11 89352 1.093868954445244
13 24 21 5 66730 0.9325161795698254
9 27 12 2 86777 0.9365668856365722
3 28 3 0 114723 1.0746748825875208
4 12 0 3 43629 0.9100165732643001
18 6 14 24 55505 1.0557401572039995
22 28 5 13 82764 0.936303593008745
17 21 23 25 31756 1.052513841215392
11 23 1 5 89998 0.904537122523735
6 27 20 22 49256 0.9084220125978995
12 14 25 1 75978 1.0215978700430923
15 28 0 22 63729 1.0512430449165153
18 4 10 8 40664 1.0028668493871968
11 9 10 22 54192 0.9698674151064122
20 21 0 17 80714 0.996198961749729
24 27 6 20 76744 1.0013876034607674
10 23 26 24 58469 1.0579015601857331
7 17 20 25 64474 1.0671551928225158
0 15 7 6 49445 1.0204367339017426
16 18 23 2 67716 1.0020923980395098
22 1 28 8 50899 0.9897598260953111
10 15 23 3 73022 0.9814467806673655
24 16 22 0 61932 1.0516263517234063
14 17 3 25 60387 0.992153406712299
27 16 9 27 70888 0.994839304233855
5 15 8 1 53805 1.0277669959952507
11 6 3 16 56423 0.9354133663382513
13 5 20 14 43160 0.924134102207396
24 1 20 27 94710 0.9271172257804962
18 17 3 28 65918 1.008735111571905
3 25 22 9 97534 0.9848749559709467
17 2 25 22 85450 0.9129118334060727
20 4 1 14 75717 1.0083352496446554
7 16 14 29 59757 1.055123304007761
19 14 28 6 43437 1.0402407606126236
22 25 13 16 50883 1.0160240403793557
4 12 12 19 46878 0.9450485441864779
13 7 17 21 59853 0.9837473815408497
21 7 27 19 41126 0.9663502613414886
17 8 17 26 51946 0.986806311624395
7 17 16 5 59361 1.0835880066307493
3 13 10 18 35046 1.0258872372651173
3 7 8 27 82027 0.9590894915630592
2 15 21 15 50826 0.9447504332017103
9 17 4 2 75129 1.0185954574526295
18 2 2 19 86062 0.9602435130567147
26 1 11 3 80866 0.9045115215740943
21 23 6 15 67279 1.0256860700384545
3 3 13 8 57687 1.059809145895155
14 12 21 21 42526 0.9882074602002304
26 4 23 21 69989 0.9335484645595794
11 17 14 24 28976 0.9899151603436425
10 25 23 12 71469 0.9304580073541564
27 4 27 25 51128 0.9496537906717788
12 2 4 22 95101 0.9477962866263954
28 17 6 14 59790 0.9064054337344131
28 7 14 3 58106 0.9671583580926489
24 29 3 21 93696 1.0781695629845
20 28 9 26 36694 1.0289609812298768
19 11 6 4 56957 1.0313405012516859
17 22 28 14 52562 0.9235211195277444
21 10 10 5 45837 1.084554116087386
6 0 29 9 84247 1.0985063388453227
10 6 18 15 43721 1.0321602494901077
13 13 3 23 68258 0.9509413990613678
26 26 16 3 91887 0.9967919713261421
11 22 2 9 69820 1.0048255018119283
0 29 14 18 69182 0.996686801123732
22 28 1 14 85522 1.0133066456215705
0 0 7 18 83200 1.0490519765677089
29 24 1 9 101175 1.0761619759342507
8 22 18 18 43197 0.9193983504362622
23 24 5 17 77417 0.9927093016846668
29 8 23 14 29687 1.0390362813242298
5 22 24 26 75903 1.069155837738431
28 15 18 20 44241 0.922169492295193
14 25 25 7 75777 1.0515810291879173
10 13 2 22 55657 1.0908010205435745
26 16 5 4 85848 0.9100502384952275
20 18 17 4 47758 0.906159372873858
1 17 4 1 73765 1.0247362706763878
23 12 12 4 49770 0.9215473448327575
4 17 27 16 79468 1.0511467911941954
18 7 7 16 50174 1.0556906684203504
11 3 10 27 85445 0.9699942915385334
27 22 10 18 61109 0.9719953028824965
29 24 11 5 92509 0.9447394493821373
21 5 9 8 43154 0.9473961974104272
12 24 6 8 67500 0.926821028400276
18 12 27 8 30491 0.9685818727733652
20 12 5 23 79510 0.9295494510096688
29 20 3 4 117226 0.9702835578091465
3 14 26 18 65349 0.9156479456692823
27 18 11 23 68346 0.9918492505393778
5 1 10 16 75263 0.9164871339704483
22 22 16 18 33689 1.0599305280624989
15 4 23 25 84607 0.9023680085605508
5 12 3 0 54594 0.935683569878441
15 3 20 8 44563 1.0371477352775833
5 2 20 24 102560 1.088645755099531
10 2 5 24 93383 0.9439185012409175
9 23 22 2 101043 1.092436934362983
26 13 11 3 69733 1.0224331316512738
5 21 18 5 82492 1.0182704226376036
16 26 9 20 49698 0.9981517843771305
23 16 25 2 61065 0.9526105208670154
17 15 13 23 36984 1.0445252966436582
9 29 25 1 124150 1.090632862486964
1 1 13 3 71702 1.069916155766708
27 1 7 13 82558 0.9995598252219046
17 9 9 13 33075 1.007614277057109
17 2 7 22 89795 0.9338394317711246
16 4 7 16 57895 0.939966037184508
27 14 11 9 46151 0.9603273459072028
9 10 0 5 44459 1.064961788491334
25 9 0 14 65902 1.0782956167556843
19 27 21 10 49603 0.929023555829293
0 16 8 12 31004 0.9023626549782129
10 29 29 9 92838 1.0424533983679733
19 16 4 5 72431 1.0926810361082162
12 3 1 6 53911 1.0861386158647246
21 25 6 10 81585 0.9300763103091929
2 3 24 23 118942 0.9019329128367678
0 9 26 24 101185 1.0723774023756132
5 15 29 5 86322 0.957489080271039
10 29 11 5 87150 1.097953057387459
16 24 20 15 37444 1.0963696893689212
23 29 17 25 29464 1.0595492858542377
24 28 14 18 51276 0.9491362096284293
17 14 2 15 36210 0.9605223164375065
2 28 8 21 35404 0.9972522216560639
15 14 4 9 35645 1.0136785845281535
14 4 5 5 44563 1.098272186756314
27 14 7 10 60119 0.9107836849785239
13 7 4 8 38226 1.002952506765731
16 2 28 24 89231 0.9495807020302119
18 28 13 16 42166 1.0008656288932933
25 8 18 12 28663 0.9326070485107848
12 0 11 24 79618 1.0033331365801832
3 24 12 14 58544 0.922700914083817
29 29 24 24 28523 0.9950050307571348
29 22 15 18 60123 0.909218226956569
29 0 4 17 118523 1.0648353992680888
19 23 1 23 68480 1.0912661572184976
11 10 4 2 55687 1.074198752313939
0 25 14 19 62801 0.9117600320539724
9 24 16 17 43658 0.9992786741864055
28 11 27 1 30922 0.9129027070541609
24 0 5 15 97708 1.0325723594379537
10 25 28 26 56561 1.040579835607642
15 6 5 26 84270 1.0202641975644922
14 3 20 10 37066 0.9046841346133351
1 5 24 9 67756 0.9742260415575212
6 28 26 28 60089 0.9990125136326559
17 14 24 4 47309 1.0503733966346618
5 21 29 23 100930 0.9104283545530858
2 8 17 6 49731 1.020198495066755
23 29 14 21 45814 1.0449421833811297
25 19 10 0 101634 0.9366450845067051
21 28 5 28 50045 0.9136964802619717
21 14 10 10 41840 0.9498964983364724
16 11 10 23 59554 1.0917180849886512
25 18 16 3 72036 1.0208744947499928
20 18 12 9 40530 0.9483142646244226
11 11 24 21 68580 0.9932860864910326
20 13 19 29 54113 1.0478804696101132
21 25 26 7 63047 1.0186025815274804
9 21 13 12 46429 0.927141217677013
1 26 18 9 89328 1.0733660389484512
23 21 20 29 39762 1.0510600859808195
3 14 17 4 62588 0.9157873919405594
16 4 13 21 59702 0.9011872001743929
5 29 4 7 100357 1.005787230966351
3 9 24 19 78646 0.9161998129717804
8 15 25 19 62622 1.084316630243432
6 13 25 12 57337 1.0494267641830333
10 27 25 8 83778 0.9562550352949388
2 18 19 5 79665 0.9707321768687405
26 17 20 3 59669 0.9537927908491497
14 5 10 19 51808 0.9717597766140026
16 13 7 17 38768 0.9186121734223638
29 16 27 2 43354 0.9492076588252951
21 25 3 3 114006 1.0704136816771774
9 21 17 11 61466 0.9477484384593289
26 5 19 0 48646 0.9418358082538218
12 7 26 29 88892 1.026179888996587
4 11 18 5 59421 1.0921194703125527
18 22 7 17 52098 1.0995801743747502
4 17 28 22 93950 0.9552311380153152
7 27 12 3 85938 1.0888156301652192
9 1 27 27 115195 1.0551421386495055
7 4 12 9 27515 0.9685683828163046
11 2 10 22 79948 1.0501006964074502
29 18 4 2 111858 0.9042338822027739
6 14 17 5 52312 1.0931970364622343
8 24 28 6 99259 1.0711569404568682
18 4 14 29 68317 1.0542688866807999
0 9 5 26 72710 0.9583892472700408
7 27 5 3 93222 1.0476676772906313
4 23 28 20 101578 1.0459789672452782
14 15 7 3 51312 0.9612209504693398
19 13 29 2 63560 1.044056222812556
6 6 26 12 66456 1.0019548734672963
22 17 13 4 63124 0.9661656459327577
17 9 7 0 52574 1.0685717479759027
4 23 24 14 89154 1.0855941114673433
27 4 3 23 120099 0.9936351300299118
21 3 8 16 63528 1.0356958669519427
24 5 0 9 72587 1.086339764014065
13 18 19 4 55205 1.0988298381550268
10 8 6 18 45173 0.933820608915224
25 23 6 28 70844 1.0924035369870866
9 5 16 17 57606 1.017430258641248
8 14 28 4 73191 1.0566845209179159
2 7 26 20 92505 1.095589012883649
25 6 0 14 80087 1.0335735090318248
1 19 7 28 58645 0.9424182528794001
19 6 13 10 29511 1.0545641514074684
11 25 5 2 100585 0.904313440605472
23 14 13 28 59255 1.0317200473809598
26 0 29 25 74641 1.041930548733672
24 10 28 26 53779 0.9448243195648321
15 16 28 23 61566 0.9319471810485752
4 4 15 23 85126 0.9459849771173438
26 11 11 24 75773 0.9359704454892995
9 3 25 11 71706 0.9752148392798308
26 24 22 10 56622 1.00920594407192
27 25 8 23 63962 1.0775379360801325
25 2 19 26 90528 0.9576510708159204
22 21 0 22 89666 0.9182769523504052
18 12 29 13 33948 0.9672555571518735
17 27 11 12 52410 0.9922443352077884
12 29 6 2 103216 0.950800693017957
6 14 15 23 46028 0.9997629765404785
12 23 27 9 73776 0.9163575685184179
8 21 15 13 42708 0.9573959857795522
12 14 8 7 27855 1.0587019153553283
7 6 26 22 89189 0.9543299683086464
14 12 13 0 37618 1.0385780024280247
5 6 23 24 97315 0.9287497888891504
3 29 15 6 97658 1.0004812249961852
28 10 8 13 60540 0.9693274511802384
17 9 7 24 69174 1.0129890054916393
12 26 0 2 109150 1.0310152552484475
26 10 5 16 74440 0.9610414469377297
16 8 27 25 70096 0.9790826123372856
27 10 23 25 51433 0.9469222975569627
15 15 4 0 81132 1.0267966932994468
18 4 8 19 64509 0.959476792719434
15 13 7 15 26306 0.9422102846574302
9 13 29 11 66160 1.0516909608326057
2 16 20 8 67448 0.9114769246369198
1 0 17 2 99097 0.9653535219592947
4 0 19 28 123314 1.0448889872781648
22 25 12 18 49119 0.9503463308649066
7 10 7 20 44505 0.9791740847817718
8 17 1 11 38445 1.0603209515957284
9 3 21 23 91256 0.965029051630253
2 9 13 29 82215 1.0812012304325236
22 22 23 12 41849 0.9278959324197374
29 27 26 12 43020 0.9925027371411382
2 5 3 28 91053 1.0411252029295714
2 18 23 3 99062 1.0341600476472186
15 28 9 2 93952 1.0653915236311668
9 6 0 17 56575 1.070008625464476
20 2 19 22 72759 1.0459168178055915
2 27 7 4 91827 0.9495933787858659
23 14 11 3 61525 1.0267582178170063
28 18 1 5 97939 1.085063813710045
19 9 10 14 32994 1.0258361536806226
15 16 6 7 51689 0.9073234724883975
22 22 13 21 48192 1.0157772007146155
9 28 18 7 77151 0.9355401273509787
21 28 21 11 50725 1.0938307677822665
28 15 24 26 41582 0.9054850705385682
17 1 28 26 90969 0.9221098601037452
15 10 23 23 70013 0.902617491195412
29 28 21 22 35580 0.9161612555566043
23 0 23 14 56873 0.9655463294621843
20 19 9 9 54188 1.022959051629828
22 4 26 12 39726 0.9576846725061159
20 17 15 6 51680 0.914126991580226
5 3 15 4 52110 0.913062204059095
29 1 22 22 89252 1.0140052303757021
29 5 23 20 65250 1.0324884619591168
10 16 27 2 78920 1.060815910768293
6 18 25 26 77686 0.925192527609892
7 15 25 19 65998 1.0075617982287535
15 29 27 4 89902 1.0761289319667775
18 22 16 3 63433 0.9391230713530284
14 19 5 3 69068 1.0766933783143346
17 26 14 16 33960 1.0985732415587939
20 21 28 25 41157 0.9803609855890476
13 3 6 15 58042 1.0243860674414405
1 10 12 7 39887 1.0714819000961067
8 28 20 24 38672 1.0082666015751298
10 26 14 0 78921 1.0775749988480428
23 28 16 7 78749 1.092496523438837
23 3 21 20 61180 0.9444267404302444
9 11 6 2 46776 1.0906997267576992
18 22 18 11 28407 1.0625700217589764
6 24 26 23 69007 1.02649236458329
27 0 9 4 85522 1.051461280387856
6 15 21 24 67606 0.9325111199781732
12 13 2 12 32427 1.052058612739093
9 0 5 16 70455 0.9586288883186459
0 14 25 20 82926 0.9811431159630775
10 12 1 3 58912 1.0054409213093218
4 19 25 26 90459 1.0665686624808137
27 9 22 15 28464 1.012879118345583
16 11 2 10 47830 1.0756669909508016
6 26 15 19 51526 1.0541786426816704
24 19 1 22 93240 0.9370506846095812
5 22 17 5 91146 0.9784987746208287
23 8 6 26 94006 0.9181415171612858
13 5 21 29 81808 0.9096863731345377
23 2 14 9 50052 1.008611039888499
2 28 5 13 68254 1.05080292422829
1 2 8 13 58253 0.9486004660621163
27 19 27 9 23579 1.0488470995564556
3 22 14 13 62473 1.0716341024692686
25 12 16 18 39581 1.0932855199419251
6 10 17 14 41005 1.0038954760148844
4 5 26 25 114780 0.9662024835770704
9 1 13 23 84259 1.0126551164699897
6 26 0 10 72192 1.0805240171675874
22 7 3 28 104173 0.9640430803998894
1 25 17 19 74412 0.9554471793248662
2 5 14 2 57759 1.0395235085666525
0 26 26 13 103452 0.9793876197955753
26 12 5 24 91448 0.9261672231692202
3 13 28 5 84443 0.9057232230498246
28 21 6 10 88892 1.079585227216187
24 25 13 4 89063 1.0208298582829742
8 3 4 17 65058 0.9936373207070796
24 13 13 2 59772 1.0075452513271528
1 7 26 21 103664 1.056245158772137
28 27 25 18 30305 0.9772369888053865
26 9 27 27 45307 0.9696727429973567
27 5 2 1 94271 0.9890333423091568
17 15 8 28 61104 0.9956499674686194
25 21 0 25 98440 0.9935378262558594
18 24 1 17 72239 0.9017167232227361
23 19 11 7 65607 1.0926734457273344
17 21 26 10 58547 0.9534589611465282
26 16 18 22 41832 0.9464614539546401
5 22 11 28 44554 0.951282067216151
19 28 18 4 65747 1.0118880299529573
7 16 29 28 92047 1.0686716078831777
23 3 12 3 62618 0.9860266537408031
9 10 23 15 55810 0.9963967722573916
29 18 12 2 82432 0.9701534665419499
