4822 5591 5009 5190 5644 4843 4990 4595 4984 5135 5321 4627 5584 5473 4791 5098 5536 5153 4848 5002 5562 5396 5191 5039 4920 5255 4687 4660 4961
6106 6015 5574 6087 5363 5372 5498 5346 5692 5683 5928 5060 5102 5870 5881 5026 5130 5660 5564 5998 5562 6095 5744 5786 5107 5052 5222 5679 5351
5248 5302 4566 5446 5015 5042 5090 5138 4752 5256 4968 5127 4663 4947 5156 5170 5249 5009 5275 5263 4761 4789 4509 5307 5447 5411 4735 4451 5487
3401 2970 3586 3226 3329 2864 3725 2917 3738 3535 3690 3560 3282 3458 3580 3143 3766 3286 3056 3490 3333 3418 3700 3318 3067 3558 3275 3154 3268
2154 2638 2406 2357 2201 3062 2961 2827 2959 2645 2366 2798 2562 2668 2790 2064 2138 2925 3026 2834 2382 2797 2252 2172 2990 2876 2260 2437 2985
1833 2447 2326 2333 2359 2362 2178 2888 2193 1840 2148 1980 2127 2329 1898 1840 2719 2308 2816 1975 1906 2329 2639 2102 2024 2789 2527 2359 1985
8474 7560 7948 8276 8495 8046 8088 7686 7854 7717 7616 7779 7906 7520 7864 8023 8335 8077 8043 8246 7791 8081 7613 7592 8189 8420 7985 7537 7499
6248 6256 5509 5537 5940 5624 5964 6375 5551 6138 6393 5822 5850 5802 6189 5971 5564 5695 6163 6386 6051 5889 6339 5981 5886 5806 6416 6043 5554
2585 3025 2477 3006 3073 2568 3206 3103 2610 2241 2522 2952 3145 2545 3131 2804 2751 2580 2681 3083 3161 2173 2622 2811 2887 2611 2802 2571 2363
7848 8490 8577 8026 8102 7964 7894 8582 8405 8862 8621 8856 8595 8204 8868 8862 7857 7926 8667 7937 7862 8649 8689 8801 7962 8104 8032 8536 8311
1768 2731 2133 2247 2459 1980 1893 2638 2186 2719 2604 2506 1691 2281 1960 2436 2291 2602 1976 1985 2240 2238 2264 2590 1680 1976 2025 1905 2517
2786 2843 2844 2128 2287 2721 2912 2420 3067 3097 2507 2207 3183 2949 2292 2910 2441 2734 2680 2447 2453 2665 2238 2641 2157 2138 3216 2796 2912
3731 4248 3384 3715 3674 3912 3486 3876 4093 4200 3482 4030 4084 3363 4395 3617 4026 4201 4285 3792 3924 3482 3609 3913 4117 3898 4433 3520 3700
4430 4766 4328 4644 4175 4184 4577 4488 4642 4838 3789 4490 4092 4704 4328 4615 3853 3871 3952 4364 4413 3803 4073 4096 4287 4230 4764 4316 4798
2660 3442 2739 3302 3270 2940 2612 3255 2572 3421 2880 3230 3462 2959 2985 2563 3395 3446 2974 3252 3089 3356 3096 2871 3030 3243 2648 3263 3134
4298 4154 5159 4983 4740 4569 5183 4403 4861 4312 4615 4500 5155 4464 4518 5143 4142 4668 4819 4439 5007 4363 5149 5128 4298 4657 4950 4856 4892
8059 7982 7237 7633 8071 7195 8211 7942 7921 7726 7948 7907 7984 8008 8172 7477 8131 7243 8000 7295 7698 7963 7233 7764 7865 7509 7698 7768 7144
5423 4698 5287 5681 5290 5548 4775 5093 5634 5240 4901 4763 4739 4864 4742 5485 4909 4953 4708 5042 4815 4794 5499 5655 5743 4670 5481 5303 5270
6931 6709 7496 6987 7168 6513 6434 6781 7249 6487 7023 6624 6434 7154 7475 7471 6720 7125 7037 7350 7195 7136 7411 6488 6485 6888 7072 6575 7381
7943 8678 8370 8083 7699 8558 8466 7793 7733 8549 8552 8674 8431 8085 7831 8544 7744 7978 8536 8576 7999 8698 8051 7836 8165 8409 7878 7653 7886
1599 2456 1928 2403 1735 2464 2183 2170 1872 2385 2084 1736 1654 2027 2338 1923 2269 2212 1777 2441 2466 2224 2523 1803 2080 2069 2477 2005 2364
4412 3621 3955 4401 3900 3793 3995 3526 3476 3710 4059 3609 3760 4407 3375 4455 3958 4257 3846 4251 4399 3535 4029 3819 3986 3588 4458 3492 4437
3591 3960 3306 4009 3259 3357 3999 3632 3458 3874 2992 3252 3286 3088 3537 3143 3674 3355 3206 3176 3916 3971 3199 3308 3139 2983 3927 3273 3021
3188 3268 2924 3441 3353 2803 3469 2661 2483 3219 2425 3078 3161 3299 3188 2896 2589 3173 3285 2948 2868 2900 3232 3035 3292 3316 3458 3197 2991
6586 7047 7327 7182 7483 6623 6697 6744 6853 7397 6907 7248 6936 6785 6483 6606 7404 6650 6962 7068 6834 6847 7314 7479 7427 7078 7357 7514 6839
1869 1880 2352 2214 2711 2080 2454 2036 2011 2201 1623 2581 1826 1669 1861 1927 2390 2142 2266 2427 2488 1850 2305 1875 2443 2105 1673 2282 2307
2870 3093 2819 3037 3208 3053 3203 3440 3890 3316 2850 3879 3087 3037 3726 3500 3086 3839 3074 3522 3151 3327 3746 3830 3683 2832 2953 3401 3386
5491 5300 5545 5797 5786 5839 6093 6163 5567 5596 5706 5400 5723 6070 5632 5916 6138 5561 5301 5906 5764 6129 5289 5524 6105 6299 5648 6010 5893
7460 7928 8154 7398 7315 7754 7513 7873 8202 7243 7818 8010 7666 7396 7730 7325 7469 7131 7977 7366 7763 7431 7915 7205 7945 7178 7144 7881 7298
7371 7309 7324 7741 8229 8328 8288 8117 7905 7852 8002 7482 7842 8044 8003 7625 7951 7789 7301 7260 7578 7741 7318 7614 7541 7923 7474 7816 8123
8399 2443 2969 5518 2850 2665 4207 5305 8302 5795 2843 4775 5703 2986 5767 5964 6013 7641 6330 1501 6932 6266 6667 7247 3577 4862 1723 5694 4439 3527
7880 2732 2793 5646 2583 2627 4808 5037 8341 5066 2219 5456 5109 2780 4988 6030 6179 7374 6034 1444 6725 5940 6734 7178 4568 5241 2112 5977 4941 3777
7900 2414 3221 6248 2939 2216 4108 4875 7591 5630 2835 4742 5157 2812 5668 6767 5691 7978 5532 1604 6925 6582 7054 6738 4361 5253 1773 5509 4622 3765
8052 2353 2831 5737 2964 2109 4639 4424 7892 5718 2496 5038 5384 3028 5242 5980 5939 7395 6274 1448 7075 5728 6480 6285 4448 5421 1724 5434 4852 3390
8097 2201 2813 5531 3174 1980 4804 4984 8006 5621 2651 5311 5924 2428 5192 6824 5548 7528 6373 1883 7636 6340 6253 6432 3955 4945 1597 5935 4365 3710
8538 2377 3558 5556 2231 2290 4251 4976 7629 4971 2887 5173 5205 2415 5261 6436 5819 7828 6032 1839 7193 6606 6118 7247 3915 5325 2053 5366 4508 3498
7914 2422 3364 5719 2568 2042 3917 4705 7679 5068 2969 5383 5882 3022 6010 6169 5686 7051 6205 1495 6739 5813 7053 6550 3912 4986 1538 5392 4714 3943
8652 3124 2716 5898 2706 2109 4896 5335 8309 5200 1951 5094 5654 2425 5021 6812 5918 7569 5772 2410 7154 6292 6694 6818 3571 4819 1836 6104 4593 3164
8191 3013 2949 5691 2940 2239 4787 4443 8484 5678 2003 4671 5538 3293 5284 6825 6140 7849 5411 2206 7675 5973 6482 6859 3746 4993 1407 5816 3953 4189
8761 2929 2755 5597 2229 1774 4692 4244 7404 5425 2555 5252 5682 2584 5546 6761 6275 7053 6308 1870 7342 6597 6730 6405 3930 4684 1728 5704 3901 3858
8750 2748 3289 5947 2172 2222 4192 4913 7577 5631 2262 5195 5582 3275 5181 6499 5872 8066 6102 1388 7553 5754 6087 6655 3881 4666 1277 5350 4413 3486
8409 2899 2920 6051 2242 2595 4351 4343 7866 5413 2648 5243 5100 2886 5278 6306 6424 7392 6382 1644 7429 6557 6020 6533 4178 5401 1549 5457 3982 3405
8804 2246 2597 6197 2470 2535 4739 4473 8350 5444 2228 5063 5124 3197 4952 6250 6564 7111 6187 1488 6670 6520 6074 6983 3786 4425 2236 5157 4911 4120
8014 2957 2854 5993 2749 2681 4204 4982 8167 4818 2872 4870 5145 3464 5652 6233 5904 7531 6370 2344 7644 6313 6420 6762 3868 5151 1777 5788 4890 4193
7919 2751 3632 6285 2362 2106 4236 4542 7849 5208 2262 5119 5831 2897 5378 6303 6000 7106 5441 2125 6720 6037 6967 6644 3524 4658 1262 5192 4442 3488
7968 2510 3599 5306 2622 2178 3979 4612 7886 4880 2743 4748 5560 3186 5502 6570 6323 7965 6227 1603 6946 6434 6365 6666 3834 5046 1614 5265 4631 3356
8479 3119 2806 5444 2324 1838 4614 4841 7610 5458 2547 5223 5138 2940 6021 6569 6611 7893 5478 2102 6927 5722 6286 6784 4311 5374 1320 5999 4316 3720
8789 2900 3228 6130 2777 2764 4258 5264 7977 5767 2654 5638 5878 2474 5098 6299 6612 7709 5726 1416 7306 5943 6589 6614 3793 5474 1848 5337 4935 3326
8687 2534 3124 5589 3009 2327 4796 5162 7529 5444 1961 5568 5878 2530 5930 5881 6272 7343 6318 1460 7315 5959 6171 6974 3478 4723 1180 5719 4817 4129
7827 2271 3124 5431 2504 2372 3855 4818 8412 5514 2832 5022 5172 3233 5505 6480 6205 7844 6371 2252 7262 5609 6529 6958 4247 5331 1525 6115 4509 3466
8311 2194 3046 6084 2819 2540 4851 4834 7432 5306 2072 5169 5059 3376 5060 5920 6437 7903 5710 2193 7357 5952 6030 6477 4368 4861 1922 5039 4764 3743
7761 2211 3439 6132 2986 2069 4806 4870 7377 5371 2185 5589 6052 2730 5118 6543 5846 7492 6349 1568 6679 6525 6236 6994 3636 4921 2146 5502 4624 3324
8656 2171 3285 5301 2263 2513 4940 4399 7488 4920 1938 5102 5207 3443 6013 6088 6239 7646 6153 2006 6808 5957 6593 6930 3863 5450 1185 5143 4591 4086
8388 2815 3479 6218 3048 2338 3935 4698 8038 5611 2465 4949 5595 2713 5085 6504 6045 7130 5966 1923 7601 5876 7071 7055 3921 4927 1900 5533 4148 3424
8820 2997 3441 5866 3217 2010 4799 4680 8297 5380 2261 4682 6036 3265 5581 6103 6062 7890 6326 1398 7177 6067 7072 6502 4160 5470 2179 5297 4701 3109
8460 2306 3208 5359 2160 2684 4078 4321 8254 4916 2327 5704 5751 2619 5998 6468 6149 7219 6479 2207 7102 6592 6903 6272 3573 4848 1394 6024 4316 3958
8055 2767 3026 5507 2226 2800 3885 5273 8219 5637 2923 4975 5591 2825 5621 6330 5714 7191 5533 1768 6864 6310 6783 7063 3482 4472 1137 5552 4421 3222
8652 2330 2975 6247 2691 1929 4880 4464 7469 5430 2121 4759 5353 3128 5795 6051 6115 7263 5955 2082 6715 5608 6033 6845 4554 4920 1512 5489 4850 3326
8284 3152 2995 6243 2331 1927 3896 5043 8122 5721 2810 5409 5227 3121 5192 6597 5590 8037 6006 2250 7608 5763 6679 7024 4065 4869 1987 6063 4388 4084
22 2 0 20 82169 0.9695342601749887
1 21 25 19 54669 0.9890727102167418
12 3 8 15 40236 0.9977357553375348
14 24 23 9 54056 0.9939454158760578
14 16 23 20 29488 1.0969330813455274
9 21 23 15 46354 0.960340913684117
6 21 20 7 62576 0.9415832966829494
21 27 21 7 51267 1.0055312173418878
12 1 26 1 35982 0.9272538706830445
9 15 12 25 37456 0.9342421756258577
18 27 15 18 39035 1.0929425601957286
22 0 23 21 57195 1.0622540764826602
13 4 8 24 58910 0.9326065535909138
9 2 14 24 63885 1.0754202015302126
14 5 15 16 38879 0.9441934528816586
19 25 24 18 33520 0.964735442308656
23 3 7 25 84097 0.9488666647848905
22 25 27 10 47275 1.0514948565719149
24 13 29 29 51865 1.0360482314523278
17 11 10 23 51537 0.9443223500121615
17 20 12 10 42899 1.0489879896328624
21 17 25 7 39103 0.9839186952907548
6 22 5 2 50972 1.029553973251403
19 26 4 27 26482 1.0591387201379776
19 19 23 8 32169 0.9345598265042576
15 25 23 22 30272 1.0473639013949407
0 12 13 23 64521 0.9246298423698267
16 11 3 9 42682 0.9600902171681283
12 13 5 25 42502 0.936665447926332
19 25 27 2 70534 1.0894452443427567
29 18 5 14 63919 1.0394852960748306
26 23 11 19 40864 0.9610254144017508
6 7 18 18 63029 0.9223519685640486
8 27 1 12 54053 0.900464947506379
3 22 19 17 53047 1.0794198682525649
6 13 19 17 54525 1.0901192570842937
12 6 27 24 78895 1.041121656081917
24 9 22 27 50550 1.044943076207952
23 22 24 0 59844 0.938050963505589
23 3 11 21 63672 1.0614118283354714
13 4 3 16 53028 0.9817993487026295
12 8 2 10 33550 1.0966176786697692
25 25 1 29 55798 1.0582758648802835
6 25 9 9 54191 1.0891330267306287
17 24 0 6 92083 1.0502904842770941
7 10 18 9 33212 0.9809406213771621
23 8 10 25 60736 1.0872404417247798
4 0 3 16 47089 1.0638223125833008
20 28 5 24 33445 0.9328734850745778
18 13 15 1 44167 1.0088472349202382
4 3 4 20 42881 0.959853484922159
18 26 4 9 62670 0.9592237890411738
26 25 7 21 51677 0.9033135430621716
7 25 24 7 79035 0.9331702530415414
3 26 0 1 72235 1.0912646251799196
19 19 0 26 48034 0.9170355318783473
6 5 22 25 77539 0.9309751672287585
16 1 12 27 79676 1.070898266133384
23 15 11 15 44909 1.050033460172628
12 9 15 26 52531 0.9096167845194497
18 20 25 6 47137 0.9837160519179542
19 18 4 1 77134 1.0803444291118156
17 16 21 7 40063 0.9001999440927492
23 18 1 26 56014 1.0780955302861273
7 16 24 3 81572 1.043463211499641
6 10 18 10 29694 0.9926009147470767
25 17 1 1 89025 1.0133652083381157
19 17 27 3 56472 0.9907968572713974
2 3 3 18 53543 1.066929342636725
15 1 5 17 60127 0.9450512564514528
3 3 16 23 84784 0.9468479462757826
8 6 23 11 49347 1.008231191977896
27 1 29 12 50239 1.092966276464918
4 1 1 21 61147 1.0782603025247697
14 3 26 21 67219 0.9743593469103403
12 28 25 15 54134 1.0371589199459454
24 4 18 25 65536 0.9878699372830079
3 12 24 0 82429 1.01943274703964
11 21 19 1 61221 1.0654545270332172
29 26 22 20 30026 1.0409120504807798
24 28 14 23 33949 0.9570538985936441
12 22 5 27 27560 0.9284381490091642
3 13 28 20 69519 1.0388467580771064
5 15 28 12 74906 1.0352520551756579
1 24 10 12 52754 1.0688689208308675
16 4 28 1 37192 0.9041351205327925
3 6 28 16 92485 1.0343889825779868
6 16 28 11 81347 1.0385907173283246
6 14 22 21 55337 0.9538069575205926
15 1 26 25 78239 1.0885006914754103
11 24 23 21 39634 1.0186630239112726
0 21 21 14 61665 1.054540647953028
17 16 3 16 50523 1.0056434793785671
8 6 7 28 64139 0.9635913506570362
28 4 4 26 89296 0.9209615711403144
27 14 5 20 60910 1.0488703334058038
15 22 7 20 35670 0.9282843376049853
8 5 24 28 82393 1.0416208040043833
9 5 5 11 22289 0.9293319290466083
3 21 19 25 51416 1.0190113062992188
12 23 6 29 31641 0.9316600847367565
19 14 23 27 40341 0.9280438472711712
14 10 23 4 35876 0.909996874329416
17 28 18 10 53756 1.0557902920901001
27 12 13 0 68636 0.96344283835934
6 0 18 16 88241 1.023873850781843
25 22 16 10 43867 1.0292821350070382
8 18 3 10 33075 0.9691978675361114
2 4 9 8 33886 0.9393670568901382
22 14 3 5 63903 0.9989446393554047
0 24 16 2 97940 0.9554022227712279
21 28 16 19 32082 0.9170802604810806
21 27 10 9 60007 0.9675269142805547
6 23 5 14 27677 0.9251855748277517
21 17 23 3 46252 1.0700352871916876
27 27 11 10 70681 1.0316985412370645
0 4 14 24 79491 0.9291075896172001
22 0 22 19 49373 0.9597572802944137
3 6 18 10 49039 1.0136047322711477
27 17 10 8 66999 1.0711630978774282
5 4 28 7 66493 1.00113175846368
4 6 28 4 60372 1.070289281774521
23 24 13 0 81838 0.9430998834239145
0 14 28 3 99951 1.0286794468332552
20 5 29 28 74995 0.9369981145184549
8 1 1 23 78792 0.9032924473522504
0 8 17 9 58330 1.0510144701624113
11 0 1 15 66073 1.0121725943329931
8 15 24 26 52606 0.9570379478070016
6 18 15 17 34500 1.0276162949737397
29 15 23 19 37492 0.9185274001248129
1 9 22 11 60507 0.9173951981948344
18 6 9 25 70784 1.0661272796295211
26 26 1 16 73373 0.9951526369644714
16 0 21 20 62943 0.9534556759398991
0 23 16 8 88529 1.0710644235996196
28 7 14 7 49199 0.9045928067301091
28 4 20 21 52850 0.9442116021165005
25 22 19 14 31877 1.0444612108582476
1 3 23 28 102202 0.999027641859169
23 2 9 3 47176 0.958523337012854
2 3 5 29 69791 1.0429987648310488
18 24 3 23 47067 0.9995361298953209
22 6 19 23 52899 0.9178461811046691
24 16 16 28 56118 0.9574588574339
28 3 16 27 84518 1.0597034516602806
17 0 26 1 27822 0.920414851508429
14 10 14 22 37591 0.9598617770161859
26 6 2 19 72730 1.0775025603500903
14 23 4 0 74839 1.054890304601971
7 20 17 5 60790 1.0438006288460735
10 25 6 10 42822 1.0100886194863792
24 19 8 23 40627 0.9079919472329664
15 15 26 9 45383 0.9584889811698911
14 22 21 9 44457 0.9016486983883265
9 27 3 14 49877 0.9607104518326384
17 5 5 25 70713 0.9747591342962906
12 21 3 0 69530 0.9120113230335504
21 17 9 27 49219 1.0780725055146985
15 2 14 29 84104 1.0957313895659526
13 4 3 18 57191 1.0261610804504362
8 10 22 1 52519 1.0254089662047554
3 0 26 7 71733 1.055414152497404
17 21 5 17 37495 1.00104721127791
7 15 15 6 51272 1.054228284320286
1 11 20 16 65265 1.0130011529649932
3 9 10 26 53173 0.9303342117647684
8 10 25 1 60219 1.0165556940564004
29 9 17 13 42665 1.0907615446281675
13 5 6 29 72066 1.0579263222100344
0 6 18 19 71996 0.9115570333409808
16 19 4 18 25321 1.0981914986098347
20 8 28 22 56388 0.9793342301447842
26 29 23 0 72937 0.9685097571746857
10 4 25 26 74115 1.0385313616487495
18 29 16 15 61799 1.0842173285881243
13 3 8 18 51770 1.0779762098916812
9 3 29 22 99862 1.0522853781985628
0 1 28 15 105384 0.9767766558824389
0 18 11 17 29350 1.0246209667784472
8 11 29 13 60733 1.0256088556818974
12 17 28 21 53162 1.093206997641043
24 0 27 23 70212 0.9770287372216713
13 21 9 7 45431 0.9142210394313625
25 4 29 22 62664 0.9631027473871957
8 22 29 27 52490 1.0867595594260582
6 16 28 11 81347 0.9528884231586834
16 7 6 17 63646 1.0497119268212793
27 2 8 29 93731 0.9293646703757199
21 13 10 19 33744 1.0911797801083636
20 7 0 21 70533 1.0394059898733528
3 5 4 15 29691 0.995952424233882
6 17 14 9 48665 1.0730207398322738
3 17 23 5 73531 0.9019198844282713
1 13 1 29 60933 0.99027375841384
10 23 29 15 69808 0.9374695564424392
6 6 23 0 57298 0.9742474349173389
28 25 4 1 103675 0.9531017396572987
22 15 18 26 35450 1.0813144096942222
20 2 4 8 50968 1.0815762688963702
23 13 15 29 58983 1.0726026640979334
2 1 28 29 113989 0.921053772334424
6 1 27 7 70052 1.0306681018513946
18 4 7 20 66690 0.9610933748542805
11 0 14 20 56983 0.9253529692657463
16 13 7 18 43798 0.9764595635972997
27 29 7 8 91232 1.01783552477531
13 29 9 2 73788 1.0159667760840703
14 24 1 24 39039 1.0550299019602152
3 17 5 26 25437 0.9033190247324936
10 28 28 23 52000 1.0792744441109197
15 1 26 15 59263 0.988378994027969
25 1 16 13 47511 1.086652126610122
22 28 19 8 57563 0.9939785657448452
1 18 12 2 65927 0.9764845099934972
24 13 5 26 64364 1.016626382796736
7 16 2 27 44941 1.0187970454067874
14 14 1 17 49650 0.9956289773078646
9 6 19 26 63511 0.9884765636649837
8 11 26 12 52066 0.954686159363126
25 25 5 17 55242 0.9060318262006893
6 22 27 27 57333 0.9817223650321818
11 1 23 28 86550 1.0015282215941972
11 14 1 2 52684 0.9066679032299366
15 20 0 22 47088 0.9438252106367762
13 27 4 26 19985 1.0106789839695984
7 19 12 13 26193 1.027210201630845
14 4 1 9 49769 0.9817268959082562
24 10 11 15 44545 1.0923557820796572
24 8 1 21 83536 1.022327906547957
9 25 16 17 43516 1.0281248761454485
4 9 9 3 32000 1.088311390746062
8 23 21 0 77159 0.9844072326393583
27 0 14 13 64158 1.0987311505682174
9 10 27 6 55150 0.9686999980286181
14 8 26 19 50307 1.0154326887213778
12 12 11 23 32779 1.078885854834428
1 8 20 26 81655 0.9182681157588465
2 9 20 3 61173 0.9145139833430058
9 3 10 21 46291 1.0153781382055391
17 9 13 20 47394 1.0072306367923531
3 12 5 20 24623 1.018649343138066
17 18 28 14 46924 1.0365592250352096
10 23 0 10 51756 0.9187011301139273
1 10 25 5 67204 1.0164026444899137
5 21 26 6 71676 1.0706838285633478
15 19 24 9 41878 0.915273272839171
2 28 14 17 51099 1.0013328590016726
5 10 29 29 90263 0.9821796444662696
5 4 1 17 51588 1.0665780662775166
6 4 17 14 57245 1.03941073947263
21 7 16 20 43806 0.930879656940731
12 24 5 5 59456 0.9018369298144954
6 29 3 14 46201 0.9884643157113759
11 17 1 26 37543 0.9043442275200703
29 3 1 7 85204 1.0904700131380258
19 13 8 16 41206 1.014719766325209
29 17 23 28 49624 0.9116483938408784
9 19 19 18 25976 1.0584593547416028
16 9 27 10 33891 0.9559006599073082
28 14 16 0 71398 0.9325908810643883
8 28 3 17 36237 1.0523431726163177
23 0 11 16 68155 1.0997333499579387
6 15 15 7 53083 1.0250229849960264
17 16 20 7 35229 1.0619622519788452
0 1 16 9 63478 0.9434643299462966
29 22 15 14 71347 1.0125946205510759
18 3 11 13 48934 0.907880995198833
2 11 6 2 34987 0.9036199529820119
3 23 19 28 46405 0.9696988626913532
28 8 25 18 38835 1.0940353048344729
1 25 17 10 73702 1.0742328711706803
1 3 20 16 75662 0.9349340049871495
0 25 9 14 54530 0.9231217498235891
27 27 13 27 32801 0.9204040633771848
20 12 4 6 54008 1.0453753262467254
0 13 4 6 30724 1.0693485405603653
26 1 16 20 64143 0.9988356638407871
20 4 12 0 31806 0.9500944845669326
3 25 4 6 54681 1.0277772118338397
24 8 13 21 60034 1.0250069111097653
3 5 28 20 85868 0.9397186771374407
24 1 4 2 55030 1.0895218110650957
22 3 6 23 84381 1.0722226945951159
29 26 12 7 80899 1.0855963872831114
23 17 5 6 69131 0.9298369390209797
14 12 22 17 40270 0.9728545983359402
2 14 21 18 59417 1.0725504004786126
12 11 18 5 32268 1.0481296959243718
23 29 22 4 67139 1.0902720359475342
21 21 11 11 48673 1.0541560796038478
18 12 24 19 32433 0.9913835291873575
24 6 19 19 42234 1.0319732354188131
20 0 20 18 37438 0.9243048000550075
29 13 9 19 52728 1.0587290341837354
11 29 6 16 47921 1.0950528937586705
4 14 24 18 57120 1.0090924062844986
29 8 26 27 64063 1.0872505753647703
12 16 5 12 33402 0.9402265927781536
21 28 4 12 68060 1.037953468462678
16 21 11 4 61141 0.965047618313196
1 16 17 3 80636 0.96193414017217
9 5 25 21 65362 1.086572391962966
25 27 13 25 25761 0.9307817558563665
18 26 22 17 28633 1.056976602704875
11 13 2 2 46942 1.08556723359265
14 17 26 20 32195 0.9812084530182574
22 1 3 8 60594 0.9024299464937445
17 8 22 22 51165 1.0097298940033552
13 12 17 28 62795 0.9530099419323187
9 4 28 12 70079 1.0628640550683799
4 8 14 29 68630 0.9152160607206868
18 0 4 29 98387 0.9362738266797251
17 5 13 16 44905 1.0281546947588318
21 17 19 8 34603 0.9308209751968662
0 17 4 25 31425 0.9038554362283581
25 14 11 6 52863 1.072561335358591
6 17 12 8 48437 0.9728642825548439
16 11 12 26 58645 0.996399932415047
0 11 29 17 98282 1.0479592587024669
26 17 28 8 43538 1.0632002555205347
5 25 2 9 46378 1.0645357478370592
22 14 20 6 23278 1.0996397452554956
21 12 0 8 69416 0.9335543350592775
25 10 12 9 35220 1.0703905481918394
27 0 29 16 65558 1.055202402245885
18 5 5 17 55875 0.9910749349471243
19 8 8 25 67629 1.0578181329677263
23 10 1 15 72623 1.0749424768570042
4 26 13 0 78788 0.9124657064861911
12 11 17 20 42987 1.0009205765557987
5 18 0 9 35528 1.091358491507521
21 13 19 2 29114 0.9688349250507982
5 18 21 4 64106 1.065559978503913
25 29 11 28 35917 0.9675813863874967
23 11 13 26 52772 1.0577933158979569
21 28 1 6 95090 1.0537928207243055
0 23 23 15 74383 0.9605830224278531
12 12 23 14 40853 0.9740609486725452
20 16 14 5 36421 1.0007316133332131
11 15 24 12 50353 1.0502308857841958
15 2 28 12 63942 1.0031012907950816
17 16 4 19 38967 0.9032490848474708
27 0 28 15 58296 1.0098334656875814
2 22 11 9 55274 0.9123208685801959
3 11 8 29 55135 1.0560899718795036
25 4 26 21 40658 0.9883056376843073
3 3 16 6 41512 0.9591565425267499
4 24 11 1 68221 0.9648473749586607
24 5 8 17 65713 0.9780959388889817
28 15 2 24 87433 0.9424465787552283
2 5 22 27 85840 0.9190099404457102
8 9 25 15 52289 1.0280122214057152
11 24 1 13 48610 0.9185193947158317
2 9 19 28 82308 1.0061890927596153
13 17 3 3 64160 1.0976376107466184
5 13 27 16 68560 0.9320865886530805
10 26 23 2 76124 0.9004172837629666
10 9 2 23 56896 1.0346058966058957
28 25 21 28 26581 1.0721140921766583
15 11 0 15 59805 1.0492710158299623
1 27 26 17 70392 0.949917016606745
22 23 1 1 96372 1.0416806630526878
0 6 12 2 39295 1.0046706086493309
28 17 12 14 65022 1.0496660630058487
23 6 5 13 61656 0.940324856224541
22 6 10 5 31584 0.9357796410688332
26 27 3 8 86178 0.9512264065923312
13 21 18 7 56506 1.0133015499931286
2 9 21 11 56743 1.0357643526767844
29 16 10 12 71772 1.0114512069056765
8 20 18 21 35653 0.9773592473380525
26 20 5 29 60521 0.9362762325316036
22 17 1 28 68185 1.0641210747653136
14 3 29 27 87336 1.0365422819510968
15 19 22 9 34984 0.9613254138233102
3 3 23 28 93819 0.9903210115920023
28 29 14 28 40760 1.060726794506465
23 4 9 21 67541 1.0165795864917306
19 17 26 5 46262 1.0994111832749243
21 16 8 28 52397 0.9856495051605954
0 12 7 25 56814 0.9451465212196726
19 14 29 5 44049 1.0583257314877126
26 7 9 23 70896 0.9975995853616506
13 6 8 20 50224 0.9638523632637774
7 9 0 28 66084 1.069710516654687
8 13 25 1 68339 1.0849711379626716
28 16 3 16 74204 0.9679170735539396
28 9 12 11 49116 0.964892636630758
23 11 5 13 52249 1.0268242291276715
8 7 11 29 57765 1.0215881886461982
2 4 24 13 72802 1.0063660431204406
26 28 7 15 69345 0.9032981672791925
26 8 0 21 82992 0.9710274126266921
11 12 12 2 29110 0.9928457980582678
19 22 5 29 46025 0.9873741645587334
26 22 11 28 45140 1.046539833409475
8 28 26 29 43648 1.025577693774581
20 10 9 19 37712 0.9971000102321461
23 9 15 20 40706 0.9960826019159472
19 26 8 15 43928 0.9873867099884643
13 14 2 16 49129 0.9758919721667983
28 5 17 26 65727 1.0369934365049323
7 27 10 6 56143 1.0331538777749252
9 11 1 8 36576 0.9009543104279952
26 10 17 14 31823 1.0158561900014211
1 14 19 24 74070 0.9477713163264203
18 16 8 25 54595 0.9708017732423635
21 20 27 15 32669 1.0953384630427614
1 0 15 1 43272 1.0382050093488335
1 5 17 13 59407 1.073430586384553
7 4 14 18 51393 1.0529563092835788
27 17 3 26 67002 0.9297569058089332
22 12 27 27 48634 1.0670844658538385
23 12 28 27 48074 1.0741444916924423
12 26 16 10 53161 1.090799974293812
6 1 15 23 79122 0.941240575561607
28 24 28 0 75641 0.9494062338236473
10 19 27 17 41747 1.0771815907747628
3 5 25 18 74711 1.0632649835298915
29 11 18 17 58322 0.972576933755161
29 0 21 8 47327 1.0311622725373355
25 24 5 11 65692 1.0491832697957102
9 24 1 22 43566 1.0728855505172505
2 21 9 14 39934 0.9605621314746146
18 18 21 2 48955 0.9457431643001405
10 1 15 18 55141 0.9066897084449387
6 0 5 26 67226 1.0742766185664705
24 3 19 16 48503 0.9117927433039797
28 19 29 6 49783 1.0154446913845279
24 25 4 7 84657 1.099040165517956
7 0 3 25 73973 0.910422126721092
26 19 5 18 41753 1.0840961459586884
27 6 15 19 52871 1.0623479662614
0 28 19 1 97919 0.9325420288714383
29 25 8 27 44810 0.9308374122856091
24 12 22 4 30986 0.9193409765364526
17 23 21 17 35574 1.0026041001459263
9 2 23 10 50259 1.0128142315874307
26 23 24 4 50337 0.93106689782764
27 14 9 9 61381 1.012117612215929
15 27 25 21 32347 1.074977926062332
28 9 12 9 49834 1.06004189126738
4 17 18 19 31764 0.9678781835558045
11 28 6 16 45277 0.9096333878077264
0 25 14 5 79515 0.9505371476649345
14 5 7 13 36552 0.9684638711749614
3 22 12 23 39189 0.9478845162053571
8 23 3 1 62344 1.0825961281046816
16 12 15 1 47241 1.004902055895219
18 11 9 16 46992 1.0971098577961387
18 27 6 25 34884 0.94837256711753
28 3 27 22 65243 0.9220081871532927
1 7 7 3 32497 1.0210875932030792
5 0 13 16 62974 0.9269753692106808
23 16 12 23 44411 0.9637594964779227
28 13 29 1 45096 0.9236980475507495
10 7 3 11 28745 0.9167708109504537
1 19 13 7 56208 1.051325606762269
0 8 7 26 62683 0.9762658464253361
5 11 13 6 35599 1.0675656333958319
28 26 0 6 101355 0.9543304746900907
20 3 25 26 57813 0.9639804750810879
26 0 15 1 30898 1.0217400032028525
17 25 1 19 46410 1.0704801134308886
5 17 23 10 56981 1.081730778018201
3 20 21 28 55981 0.9754380216163938
27 9 2 2 79672 1.067285847321107
26 13 8 19 45860 0.9434134872692301
13 3 20 8 31065 0.9316622062432959
14 24 26 22 39839 0.9306878989758383
28 21 17 8 66227 0.9397091709167826
22 17 9 24 43391 0.9682745467577122
23 27 3 11 74833 1.0867563857204783
25 7 0 10 67587 0.9240243924985169
4 4 16 4 30465 1.0730497543553807
21 18 17 25 30868 1.0868903723758088
12 0 7 20 63583 0.9547093109107451
7 26 10 3 56413 0.9860695356219439
28 22 13 12 70947 1.0362387181156032
16 22 16 12 54233 0.9714814131952978
5 16 28 12 73066 0.9447255677790332
0 9 9 17 51376 0.9947911358300223
13 19 6 29 37471 0.971123245328172
5 14 16 19 31993 1.0463639943762388
5 1 8 24 60685 1.0403885527758832
11 18 27 7 62329 1.0590401150623672
9 10 19 2 46779 0.9404553959237729
6 22 25 12 63139 1.0902582257761
16 11 2 19 56500 1.0098145332224335
15 16 5 7 53375 0.9869976983155829
1 21 19 18 51865 0.9660373809448758
29 9 2 19 77983 1.09033314802793
22 9 8 22 56466 0.9140336612335794
29 16 15 1 78906 0.9146270835504181
8 3 2 24 67275 0.9955882811197322
26 25 4 6 87540 1.0695985019866199
22 21 3 3 80492 0.9229393604536381
0 25 9 3 79785 0.9038172206207902
23 20 6 10 56362 1.030404665909478
2 8 8 17 43338 1.082418879119489
12 20 14 5 48620 1.071966628259195
25 26 3 18 55633 1.09097451403714
22 15 8 22 47454 1.0752562518589768
6 18 21 0 78068 1.0998806865552793
22 24 4 4 82910 0.9426896067448747
24 14 12 24 58311 0.9822783302205766
1 4 21 7 56220 0.916970907700931
0 2 19 24 95730 1.0155898151847351
2 9 25 4 71216 1.0814297907204495
17 25 3 11 66239 0.903513266769092
17 8 5 4 44384 0.9877448770072652
2 27 6 11 48783 1.0564396115665873
29 28 24 6 68599 0.9988101693388445
4 28 4 1 65266 1.0546611013677314
10 27 22 14 53895 0.9755491060020979
10 12 15 19 24226 1.0722843423704551
17 7 9 29 78878 1.068192681021936
13 19 25 11 39052 0.9719898351219223
25 20 20 0 50730 1.0196279692509864
10 1 16 29 79034 1.0361402113622402
16 19 6 1 63413 1.0725467383495644
8 19 2 27 31337 0.9324545943720084
27 24 11 20 45969 1.059806475198644
21 2 11 27 71339 0.9888280076689073
12 1 3 10 42279 0.9382904134887414
20 12 26 17 31873 0.9989186335164536
21 15 2 9 66371 1.0636395749611087
28 23 16 13 62061 1.0469293207713306
19 29 26 24 27553 0.9154484681617211
17 1 24 5 25687 1.009724619510859
17 28 7 13 58640 0.991313529153734
24 2 26 14 33186 1.045503297528851
18 3 21 24 59154 1.0645462427764802
2 6 25 23 88487 1.0954150181487898
28 11 17 9 38519 0.981962194544848
28 4 6 27 93631 1.0188545850798887
23 13 3 1 73940 1.065840596817894
27 29 23 21 33296 1.017898778256236
20 17 3 3 69548 0.9819942508242169
24 21 29 8 55205 1.0304205266690263
15 25 24 19 35440 1.0908474120518916
24 22 4 24 56745 0.9317972870045695
26 15 15 6 53455 0.9433056686454929
0 6 0 28 82106 1.0895792388522432
11 11 9 24 37458 1.0381201418266102
27 16 25 5 34132 1.035957341495913
19 20 24 13 34311 1.0213061902244216
4 1 26 25 96680 0.9579760959652663
7 17 18 26 44762 0.996707814818643
4 4 21 24 79274 1.041705133454225
4 9 7 28 55333 0.9101984230797462
25 29 9 9 74646 0.939308902935937
17 0 2 7 60230 1.0537783771619909
3 25 21 22 45534 0.9717993182964922
11 15 24 6 57847 1.012127934609492
26 15 8 11 58422 0.9638084817304384
20 10 29 21 50253 1.076787096673248
24 11 5 16 63265 1.0361665759074044
19 17 2 11 70425 1.0680558391952562
28 20 28 10 39079 0.9514395700636219
27 14 12 17 54569 0.936799671710097
1 8 9 27 71550 0.9205799133020047
24 21 9 29 51870 0.9760696963545896
4 17 19 13 51255 1.0634336165982545
14 18 28 27 49700 0.9883342320461627
16 6 27 2 41477 1.0633635922401175
3 27 24 2 94761 0.9018547462301475
14 4 24 5 26315 0.9081929096355605
12 1 9 29 72258 1.0796621099554238
25 8 12 26 59953 1.001313057570253
10 15 28 1 74106 1.0118417785585285
26 20 9 16 45783 0.9309327157449772
17 28 9 21 39164 0.9719278570078853
26 2 2 8 76718 0.9547796794652619
15 8 4 29 74606 0.9268260963340528
12 22 23 13 48083 1.0202554141359563
2 17 21 26 57055 1.043893033610419
21 5 10 6 28138 0.9169092160149738
18 28 16 19 36644 1.024701439882937
6 13 10 27 41868 0.969826000898852
15 16 0 20 45320 1.0552483918885778
23 26 27 16 37492 1.0200949997336508
19 26 12 0 79747 0.9338136290786415
15 29 23 8 66805 0.9639100903599559
23 22 11 16 38772 1.0392053417518168
14 28 17 12 55788 0.9129760481890022
29 6 3 24 99224 0.9088322845627402
9 12 8 28 44400 1.0929371450550338
17 16 25 0 61531 0.9488509583292823
11 9 17 13 29440 0.9130784583007727
1 21 17 13 61968 1.017682942559448
23 12 2 20 63096 1.0089675041190669
21 15 4 18 46652 0.949072671915495
15 24 28 2 84787 0.9746453938839515
15 3 2 13 55753 0.9426223644449214
23 7 11 2 42049 1.0395074860151607
1 0 9 6 38983 0.9222791575078024
2 13 16 16 55659 1.0033783893424295
10 10 22 1 47961 0.920742621931489
24 0 15 29 90481 0.9698758564683773
23 3 21 14 36879 0.9596038161741156
16 14 0 23 71958 0.9482831872640026
12 16 21 7 52031 1.0221065192529948
1 29 18 19 57856 0.930843182386419
24 22 24 4 48832 0.952535770354751
6 0 27 3 72699 1.094058302624937
14 7 6 25 67725 0.9835970616038708
29 5 4 11 71360 1.0635575535478279
22 19 28 25 32041 1.0681956126970147
19 29 24 11 56350 0.9265302517914249
24 25 18 4 64288 0.9808668525269326
9 12 21 5 48366 1.0589041530207506
26 26 28 5 53367 0.907787953449383
2 4 26 8 67921 1.069763035851009
12 6 14 23 57983 1.0739624186582617
2 0 5 10 33058 0.9993762049117945
0 22 22 25 60535 1.0252129029897334
18 16 19 27 42933 1.0988099199479344
5 10 14 28 57241 0.9627982399644157
29 23 6 20 77370 0.9740419194445511
6 15 18 9 55986 0.9494640151631608
11 1 13 18 52553 1.0146117002399737
15 11 24 14 40595 0.9675461461604554
16 20 25 24 34558 1.0736492785837124
1 21 26 25 70612 0.905870488344204
8 11 5 22 34079 1.0291089655946413
11 7 8 15 29200 0.9668898101255301
16 24 29 5 74781 0.9476728444675789
13 4 6 1 25483 0.993322643513162
15 1 7 4 28587 1.0796336205329051
8 0 24 16 81037 0.9306567093340695
0 24 12 2 85258 0.9657638143550231
5 22 15 18 29838 0.9072492174627274
5 22 21 23 46040 0.9905775062639658
0 28 26 7 95974 1.0402146546712308
22 0 29 25 79244 0.9918926727850066
19 6 12 1 36129 0.9685489043387128
8 20 17 27 35916 0.9851098494337414
3 19 12 23 30875 0.9576040081465143
27 9 5 12 63269 0.9443978366930216
2 6 26 3 64511 0.9679058615120346
14 2 8 23 64730 1.0228857024137843
24 12 25 22 26882 1.0436302259117753
2 13 15 12 42881 0.9883319699266931
23 18 9 8 59530 0.9045197850169354
17 0 8 20 73145 0.9352453558138543
29 10 22 4 30927 0.9829633210887694
1 17 5 0 60527 1.0706139624860276
25 23 18 3 61487 1.0062567830166054
0 9 1 27 66536 1.002448330379128
24 22 16 9 57294 0.9686084427404903
10 5 8 19 35839 1.093919703403834
28 1 4 4 66283 0.9973913629992189
11 28 12 1 69242 0.9795124297904657
28 27 26 14 43264 1.0786633276223982
0 25 5 13 43858 1.0465966851242672
21 17 23 28 37810 0.9749993058394653
17 17 14 9 42016 1.0845300090036931
25 6 27 24 44987 0.9843037519731603
6 6 13 26 62903 0.9241673678470707
7 21 8 2 59931 1.0495436013488235
16 12 16 22 54233 0.9638275599176946
2 8 29 3 86093 1.0696921123680998
7 24 11 0 68364 0.9203655228403761
24 1 17 6 30924 0.9647139083919116
20 7 21 26 41975 0.9906766427262492
9 13 11 29 41036 0.9446532433864683
29 5 21 25 64898 0.9750580094157534
8 5 14 14 37970 1.0989302959447826
16 10 8 15 33369 0.9817220337244247
19 29 6 5 80800 0.9686976070694906
7 14 13 7 39906 1.0471439195838532
8 18 28 0 86754 0.9131998047408074
25 16 3 28 65392 0.9875874576634794
28 19 16 0 71644 1.043369533716467
10 25 1 5 63375 1.049248647768055
6 6 19 21 71673 1.0776641648482124
12 18 17 28 43210 1.0034375923634427
14 0 10 24 66160 0.933129854168058
15 5 21 26 58101 0.9329020556786485
6 1 3 8 25437 1.0620984850673971
17 29 18 16 52108 1.0255892240907478
12 1 29 26 89515 0.969694813372307
2 19 22 4 69211 1.0340691475923411
16 11 8 4 40137 1.0688088950736203
25 2 25 19 36344 1.0283870453982829
13 19 12 0 55231 1.0251897303485793
2 10 13 8 36965 1.0500430747959515
10 19 20 22 24953 0.9662654924107097
24 26 16 28 26806 0.9575812078285257
26 3 19 14 42617 0.9400589543264047
8 8 20 10 34418 1.060784923599638
3 21 4 6 43000 0.9995269942181292
18 17 14 1 64899 1.0071408059952773
6 13 22 17 53014 0.9059202959689634
28 23 8 24 56703 1.0401203208158234
21 17 14 10 36933 1.0759074516378162
28 12 8 4 72699 0.9868143738543147
7 19 26 26 47773 0.9469280254051061
19 2 6 19 64087 0.9632914723171365
20 4 12 10 32908 0.9769889161154268
16 0 5 15 66137 1.0258522683938402
29 3 13 8 59937 1.0315384590409875
18 28 17 19 34542 0.977799549697233
7 22 4 9 44842 0.9797495640178058
26 18 1 3 92391 1.0316581145859036
6 2 27 22 96286 1.0141326262739683
28 9 12 8 53927 0.9943367629439763
1 12 3 26 49145 0.9521699297390296
22 18 19 28 31564 0.9955068505144554
29 12 0 25 94818 1.046009379813772
27 24 22 17 29888 0.90548831787382
29 13 12 17 56312 1.0481428079023918
16 27 19 15 43838 1.019463409614982
7 15 20 27 54742 1.0484450803185508
0 23 20 0 95888 0.9029114475872625
24 14 12 13 41854 0.9436788047325139
10 18 5 8 34769 0.9779161901650367
17 5 18 19 40269 0.9540182682872745
13 1 12 23 66950 1.0597034918256378
14 1 28 14 68600 0.9834694365286837
7 23 27 16 66763 0.9851528107681128
27 11 22 19 32142 0.9145420082821466
23 19 17 4 44886 1.0367721017609768
5 17 27 1 85151 1.0557496854487207
22 24 14 4 65410 1.0339659142904307
8 16 8 27 30162 1.057054388668905
8 24 22 24 34411 1.0885983677373516
2 14 7 26 45091 0.9085930257830606
5 25 11 10 45404 1.0226090357367326
4 23 17 29 44645 0.918011360097794
29 4 5 6 60023 1.0881101539817444
21 29 6 27 40671 1.0168330083786017
13 29 29 12 78471 1.0189174245588557
1 16 26 8 87281 1.037821381867028
21 21 11 20 29724 0.9207019100171828
22 3 17 25 65472 1.0593679771044173
2 21 2 11 43299 0.9114721910140912
17 11 8 9 29262 1.077732389004964
17 23 0 21 61108 0.9249135025671493
3 15 16 0 74404 1.0445164767194677
7 0 28 26 100583 1.042468996184305
7 11 22 3 58757 1.0801148403093495
8 6 29 20 78542 0.990287206140662
15 16 6 19 30599 0.916739253464743
19 28 4 7 80152 1.0652030893069488
16 1 6 12 56929 1.0344186791225662
8 13 19 24 52949 0.9060057769159087
26 26 8 10 66192 1.079952997697023
19 22 2 2 87924 0.9401933686720548
19 4 3 18 67362 1.087872296725193
16 28 26 11 66187 0.9453382448991233
14 17 27 20 36347 0.9487049532460571
7 21 21 11 55539 1.0240172091781505
20 19 5 0 70566 0.9578211294432202
26 16 24 2 39136 1.0586455878854821
28 28 24 8 63306 0.9042732969787893
7 28 26 7 82237 1.0217745462779462
16 16 29 23 69630 1.08078452183534
28 19 11 10 55482 1.067530056383111
15 11 29 19 52767 0.9708547150099662
5 29 22 29 44934 1.0369844805739843
21 12 25 6 25219 0.962311803218052
24 22 9 25 47380 0.9380505301293872
26 19 10 25 42114 1.0262333350145951
16 27 24 11 59609 0.905281774974576
1 17 29 5 92740 1.0105232939790965
5 18 14 19 19500 0.9411055171627505
9 4 18 0 38401 0.943269089116546
7 18 24 16 51210 0.902252679682226
7 21 8 9 39888 1.0868621042394575
23 1 3 11 69468 0.902395089766665
27 22 15 7 72411 0.9371262121278796
9 5 15 28 65702 1.080407778060641
25 5 2 28 92191 1.0972129049763593
22 24 16 3 68537 0.9461674482253521
17 19 4 22 32410 0.9584979696100017
6 29 1 2 75548 1.0480728675631352
28 15 13 19 49964 1.0125972971639479
6 29 10 4 67173 0.9126821107814244
24 13 11 1 60144 0.9701515571259361
8 12 10 20 24553 0.9590733983056692
23 1 23 29 72324 1.0332492176250931
19 4 29 2 33607 1.0687319995867652
4 1 21 6 51987 0.9809476130094105
13 12 28 16 63778 0.9008655130709892
29 10 22 29 59444 0.9334295072596339
13 12 0 0 63633 1.0383411261277942
5 20 29 18 54313 0.9198824591188581
6 7 28 25 92529 0.9548941933629589
0 1 29 17 113277 1.0944305687317042
28 3 29 17 69650 1.0309616784128959
27 11 8 1 71055 0.9465059432723752
12 7 27 27 83048 0.9661392795841772
3 13 0 27 48746 1.0845852171537678
21 0 18 9 34775 0.9401916552743783
5 19 23 5 63858 1.003745786668625
4 22 28 29 62137 0.9585554129703034
11 26 8 16 28338 1.0331709101882158
8 9 29 28 88359 0.9104814858052104
17 7 11 3 28671 1.0319276268433495
22 13 13 19 31954 0.9580483610362024
25 29 1 23 62895 1.0974824601306847
11 21 29 14 62414 0.9546951329181583
8 22 22 16 44311 1.0642860692347738
11 3 21 21 65748 1.0376524414670985
20 15 19 24 23885 1.0293239080564573
2 2 12 28 81727 1.076299993261244
19 8 29 6 44367 1.0881405126220496
2 8 15 9 46939 0.9700374816811114
9 2 1 24 77269 0.9270834897335795
1 3 20 29 97140 1.006764818078388
11 13 12 4 26643 0.9324469201813903
29 0 9 24 98307 0.9767930841446677
13 16 4 17 33850 0.9176863986324834
7 29 3 16 43515 0.9947748650107435
20 9 15 20 33677 0.9937194316881152
26 29 18 15 55343 1.0558869166531415
2 5 29 22 105547 0.9645018317647035
24 6 13 5 30126 1.030920931519264
23 1 6 4 49037 0.9484298908016224
28 11 7 5 66646 1.0274974519222133
4 21 20 8 57018 1.000974512151645
17 22 3 16 50604 1.0226748385285693
15 16 26 5 58349 1.0304144347408022
15 15 25 6 48442 1.0235948239975585
10 27 20 0 72434 1.0164630170374611
19 26 22 5 50834 1.0992643201673347
15 22 0 23 58751 1.0101010670386255
20 24 5 10 59264 0.980476282677117
24 13 18 25 48199 1.0146584551500484
8 24 9 3 59992 1.0260740703632611
19 1 25 23 58045 0.9315512993923251
23 6 4 9 57786 0.9879883703964603
16 26 2 15 57390 0.9218301032498575
4 12 25 15 64355 0.9973277376263986
21 18 4 2 74251 1.0261306603042724
28 23 11 19 54772 0.9761172172476366
3 5 21 12 58114 1.094867508957424
24 15 29 22 45714 0.9835730483085612
19 25 14 11 54767 1.0798180322745174
23 20 12 2 66156 0.9225121973297343
5 16 22 4 65395 0.941134949190679
24 0 9 11 67389 0.9675608253157665
21 17 28 0 67657 0.9381967964481196
3 24 17 17 50943 1.072032063400583
23 13 11 3 51744 1.0025114122571226
13 24 9 10 44698 0.9449025538396512
9 5 11 18 36592 1.050282917286751
15 2 19 8 37176 1.0894762620627167
11 24 8 16 25920 1.054400538370044
12 4 18 13 44358 0.9462785675628955
22 27 8 8 68312 0.9861233695858324
16 18 21 5 46864 1.0220316818714712
24 1 14 22 67662 0.9000213279464789
12 23 7 0 74371 0.9794533931374448
15 0 11 8 33306 1.0359291181337895
23 1 8 6 45297 1.0959740143988796
12 27 17 11 63086 0.9894589711052914
9 9 26 20 61130 1.0830697541443859
25 11 8 24 61498 0.9016179337321255
15 9 1 9 44833 0.9322746674338779
25 3 20 19 43080 0.9278282828268031
5 8 0 16 39684 1.0828195536220617
4 21 19 13 50520 0.9355611463276735
3 1 27 8 79768 1.0418012660781524
11 7 0 28 73004 0.9015306128502162
15 8 26 10 35158 1.0595204189994751
12 20 28 23 56920 0.9631945763923137
24 14 12 21 47761 0.9741905806674301
5 21 9 2 53453 0.9887765511576978
29 5 9 3 54509 0.9507050464565048
15 24 29 16 68859 0.9231450680112959
16 25 1 12 71610 0.9403153059266748
11 18 5 2 52290 0.9825684653109988
23 7 8 7 46799 0.9643373800489191
4 12 20 26 58814 0.9266251554239183
11 4 7 23 58205 0.9953971480974079
24 0 29 9 47555 0.9227235791874852
29 11 28 0 52985 0.9703349737649416
25 23 21 4 50967 0.9176331249367339
14 9 5 16 38118 0.9382001754522731
17 4 17 21 54104 1.0136532107104972
3 9 19 1 62021 1.0900575809893494
27 11 18 28 65317 0.9679243174162996
10 10 2 23 54177 1.0489717206057518
13 24 24 27 33134 1.007545490980881
3 1 20 4 49565 1.0403785065700573
2 1 17 23 90639 1.083097229391727
25 0 19 5 24868 0.9834529909326122
20 8 20 24 33734 0.9642564108164575
4 25 22 4 80863 1.0005782023594343
6 4 16 1 33665 0.985336889963219
10 11 15 21 36178 1.039518817874694
26 17 24 26 26792 1.0049852405733997
20 25 11 9 56971 0.9143449796412625
19 17 11 10 44622 1.0054430788161894
15 14 0 14 53429 0.9510413782641547
7 10 25 8 46651 0.9997006980514318
17 7 4 19 65303 1.0220406143590792
4 16 7 5 31998 1.0194467006327392
20 7 28 28 66047 1.028795304340924
21 3 21 28 62901 0.9165641898486895
8 7 22 25 70471 1.028841736153156
13 2 9 9 29120 1.0988489242890047
28 20 10 20 42318 0.9763627632498669
23 22 14 2 66473 1.0669759317048721
8 5 14 14 37970 0.9060953708011648
17 2 24 8 39635 1.0587293084530272
0 3 18 5 50080 0.9643760812612855
23 13 15 20 35367 0.9362854488319914
3 29 22 13 71077 1.0464603442670761
1 12 5 21 33941 1.067455190356132
7 7 11 24 52026 0.9170541260856132
0 7 11 9 45226 0.9373586338076358
17 16 24 27 49548 0.9695916531320279
24 16 25 2 35608 1.0612223592357228
19 23 21 5 48246 1.0322039736533357
14 11 19 1 39746 1.038671152621038
8 21 11 9 36026 0.9167479755812246
25 29 12 11 72444 0.9674205623918252
3 12 11 19 33856 0.9367091009754699
16 2 7 7 40205 1.007761871120003
20 28 10 10 55390 0.9605282660819332
12 8 20 25 59949 1.0575479925791764
19 29 1 26 41668 1.058025306128102
3 13 0 6 37570 1.0959116301723268
12 12 28 13 52104 1.0768951705019065
23 1 19 16 44139 0.9440458652072723
11 6 9 29 59253 1.0050322551832882
5 7 23 22 69211 1.0900227759455918
12 22 24 25 41795 1.018935664228998
17 1 13 17 63769 0.921021462860025
3 0 3 15 47546 0.9010231643883754
22 29 7 0 101121 1.057871834448285
20 28 9 8 67699 0.9009552618052881
27 3 26 16 41312 1.0010482000857348
29 10 2 27 87139 0.9583011990375749
27 21 7 6 83061 1.0151268578693027
3 25 10 3 66883 1.013767553230293
14 8 20 25 52549 0.9615536173698134
6 15 28 28 82384 1.066095561068125
11 7 19 14 44337 0.9136346697274423
22 25 21 2 60806 1.0207690523674944
24 25 1 10 83776 0.9733059438807893
19 24 23 17 27929 1.022263454727488
15 17 21 9 42122 1.010242451189983
26 14 6 11 64710 0.9210005932267017
25 19 23 9 26230 1.0728188596427428
27 27 4 0 102787 1.0109891998853662
11 0 26 21 81346 1.034011867204003
22 27 17 19 28729 1.045425801384071
3 13 17 19 41880 0.9611346903277014
3 5 14 15 51485 1.0462264527489293
7 28 25 12 67464 0.9811030150773503
11 17 27 9 60067 0.9937680292555071
20 28 18 7 54515 1.0497260653308707
28 8 11 21 71523 1.0197116914311064
24 18 18 6 49933 1.0286456667782775
16 27 5 2 80383 0.9700341826673566
17 3 2 17 79706 0.957811238786759
17 7 7 8 47677 0.9295719175627386
26 13 22 19 20201 0.9919887639045976
21 18 7 10 50717 0.9766438072202636
22 17 6 0 89024 0.9132704122504518
9 29 19 9 67418 1.0607623068764573
23 18 2 7 77071 0.9848539382223273
26 6 14 5 30792 1.076206314351258
14 23 3 21 39631 0.9397365188936557
17 3 25 19 53888 1.0895601532949015
21 0 29 13 52268 1.009191337558834
9 11 2 21 47499 1.0958479099412355
6 9 18 19 50906 1.0911017988299219
18 1 3 24 88831 1.0520068645809966
9 23 12 1 62112 1.0823682603296532
13 17 23 13 43220 1.038097184868427
7 8 24 7 61815 0.9762783129841754
8 10 26 12 49544 0.9064479687424799
15 14 25 26 55954 0.9373698102166241
10 26 7 3 62065 1.091384869317475
7 23 10 5 53696 0.9977157720798506
29 2 0 3 85730 0.9510983458319726
3 21 24 23 62456 0.9312500098251687
16 13 4 20 45806 0.9817126698662901
18 6 25 23 53439 0.9917279913083757
11 6 17 18 51377 1.0764379176358176
20 6 23 15 29956 1.0533726883267704
18 7 20 15 26246 1.025597053307677
12 13 11 0 37888 0.9127535734393798
14 29 0 15 68725 0.9578352001659842
26 5 24 24 46856 0.925458215605187
24 11 18 26 48743 0.9583840238580147
5 6 28 2 64390 0.926109307020237
13 6 0 0 48336 1.0459548455596541
6 2 13 10 37177 1.0174504997587017
1 23 5 5 61404 1.045316762739438
23 25 17 17 38831 0.9927649957808293
9 2 17 18 58759 1.0820088764091536
2 8 25 28 91356 0.9445206650066278
