7651 7509 6709 7169 7757 6370 7837 6133 6608 7674 7405 7713 7839 6102 7607 6798 7203 6783 6680 6539 7097 7847 6530 6881 8677 7491 7499 7198 8004
3503 7311 7005 6402 6613 6660 6099 7064 7362 7145 6279 6259 6299 5920 6901 6473 6375 6926 7274 5967 6146 5839 7399 6691 6907 6128 7297 7364 7020
7806 7222 7965 7195 7741 7835 7468 7819 6960 6450 7633 6361 6511 7691 8022 7863 7074 7232 8045 7199 6509 7803 6961 7494 6396 7702 8086 4136 3822
7172 8409 7132 8232 7643 8394 8010 8385 8398 8403 6943 8222 6855 8315 8023 8299 8186 7659 7804 7110 8019 7140 7200 7889 6945 7780 8492 7261 6803
4983 4381 3289 4736 4277 4461 4596 4044 4418 3741 4403 2817 2963 3299 3457 3456 2730 3494 3564 3456 3221 3707 3121 3596 2437 2971 2449 3154 2377
4698 3876 3773 4702 4331 3691 4169 3877 3793 4933 4121 3746 4992 4174 5147 3898 4030 3889 4014 3771 4630 4047 4378 4131 4620 5178 4202 6507 6424
7186 8207 8261 7240 7535 7366 8245 8499 7877 8626 7389 7243 8212 8796 7862 7809 8819 8427 8564 7903 8280 7483 7304 8145 1823 2126 1696 1805 2835
7005 7543 7297 6227 6575 7541 6135 7664 6641 7617 6082 6412 7071 7587 7121 7218 7969 7537 6851 6458 7541 7984 6671 7840 7430 6833 7110 7730 6413
4369 4130 3312 2875 3067 3721 3499 4043 3639 2629 2707 4263 4186 4034 3235 2870 2838 4304 2749 3443 2616 3975 2811 3323 4184 4818 5464 4993 4404
2867 2142 3095 1881 2300 2230 2461 2515 1769 2683 3160 1738 2203 1734 3207 3275 2776 3021 1930 1886 3062 1897 1664 3279 3140 1588 3178 7570 6420
5287 5360 4570 5071 5832 5450 4602 5067 6155 5312 5182 5555 5875 5492 4887 4852 5553 4664 5278 5857 4798 4546 5583 4656 5279 3106 3216 3291 2674
5762 6327 5640 6795 6248 7167 7262 6407 5671 6886 6572 6152 6841 5787 6740 5811 6937 6574 7014 5550 5843 5563 5667 5866 7126 6065 5811 5843 3576
5875 4441 4830 5347 5514 5122 5542 4903 5474 4513 5391 4223 6463 5939 5627 6405 5753 6416 5355 6406 5987 5325 6935 6621 6425 5347 6910 6272 5278
4125 4346 4557 3503 4614 4518 3975 3775 3740 2964 3168 4023 3819 4019 3464 3080 3589 3134 3231 3894 4138 3894 3171 4547 5769 4884 4494 5769 5404
3223 2436 3864 3698 2429 2299 3748 2804 2324 3809 3484 4233 2992 3628 3333 2490 3538 2702 3547 4057 3285 3291 2526 2918 2543 3501 3703 3941 3998
4272 3619 3393 3096 3653 3895 2988 4355 3603 4699 3960 3955 3410 3305 4354 3276 3630 3319 3320 3937 4146 4672 4001 3608 3178 3132 3806 4274 2883
7338 7345 5872 6718 7060 5631 6975 5955 5591 7183 5830 7053 6371 6952 6356 7218 6049 6420 6527 7102 6605 6070 6323 7072 7021 5893 6335 6278 6793
2908 2529 2316 2438 2565 7662 8230 7128 7606 7952 7522 8100 6759 6991 7458 6717 7837 8063 8166 7395 7749 8035 6573 7275 7971 6959 7080 7919 8120
6465 5659 6142 6629 6782 6009 5903 5476 5563 5436 2627 2888 2736 2517 2395 3481 3280 3755 2088 3197 3564 2153 3250 2950 3264 2778 3056 3006 3739
3145 2289 2855 3230 2845 2504 3682 7558 7403 7031 6768 7803 7300 7173 8125 7109 7759 7053 7152 7331 8065 8482 8087 8171 8080 7174 7334 6875 7908
3147 2708 3023 2159 2722 2449 2180 1671 3262 2105 2354 2826 3150 1963 2971 2540 2744 2607 2942 2533 3125 2358 2099 2788 1713 2657 3420 2105 3370
7138 5550 6553 6612 6526 5902 5811 6706 7089 6444 6870 6951 5978 5443 6270 7167 5498 6936 5747 6384 5980 6355 6932 7090 6394 5992 5629 5588 8679
7944 6618 7465 6815 7292 7939 7968 7398 8077 6584 7954 6971 6701 7501 7033 6689 6748 6943 7432 6960 7533 6386 7533 6151 6542 6354 6409 6215 7213
7459 6152 5871 6790 6379 6893 7024 6755 7629 7221 7040 7657 7800 6644 7556 6821 7274 7403 7085 8144 8184 7443 7489 6748 6588 7637 7097 7708 6596
5646 6075 6254 7013 7342 6075 7184 6487 6679 7305 6893 6423 7078 6267 6044 5946 7291 5805 7176 7386 5674 4249 4508 4567 3758 3914 3897 4195 3915
7906 7250 7834 7021 7002 7342 7547 6659 7508 8333 8044 6943 7473 7383 7299 7979 7827 6951 7298 7973 7456 6815 7535 8018 6830 7360 7070 8391 7753
6432 6667 7679 7760 7655 6421 8047 6816 6906 7264 7433 7801 6481 6924 7476 7843 6633 7566 7361 7126 6708 7106 7599 7680 7410 8654 7334 8417 7749
5119 4769 5900 6024 5359 5112 6449 5914 6025 6174 5421 7096 5990 5822 5615 5479 5733 6445 5572 5661 6709 5707 7144 5969 5767 6178 6274 6803 5733
5854 6237 6583 6080 6015 6519 6297 6684 6103 6645 6137 6470 5362 5435 6373 5306 3724 2741 2622 4199 3889 2649 2640 3987 2801 4334 2721 2729 4064
4943 5196 5101 5696 4862 5422 4773 4941 6270 5397 5546 6036 5037 6063 4857 4879 6248 6747 7052 6005 5941 6008 6424 7225 6929 6733 6697 6141 7372
6371 5409 1653 2771 3195 3277 7194 7824 3602 5683 2552 1885 7647 3049 1391 2648 2379 5025 4493 3203 3068 6276 7043 6803 3173 2881 2496 5922 3561 2024
5925 4324 2697 4258 2860 3825 7191 7882 3107 4247 1202 1998 7596 4151 1911 3724 1738 5062 5753 3318 3040 7023 7881 6727 3107 4111 3952 6701 3985 2045
6068 4928 1249 4192 2971 2532 7857 5070 2925 5687 1953 3184 7320 2565 2954 3323 1573 5650 4811 2791 2241 6055 6884 6946 3768 3205 4170 5853 3585 1708
5086 4830 2503 3154 2773 3069 7711 4335 2530 4425 1761 2463 7514 3696 1580 3549 1426 5604 5439 3844 2388 6715 7834 5667 4026 3298 3666 6528 4249 2089
5365 5308 1820 3367 3366 2954 8420 5701 3436 5181 2719 1986 6280 3159 2863 3041 1437 6009 5998 3559 2949 5983 7602 6590 3310 4003 3385 5751 3270 1673
5537 5035 1954 6170 3743 3139 8613 5287 2451 4711 1092 2556 6348 6896 1355 2428 2718 6082 4742 3693 2328 7437 7612 5828 4018 3338 4737 6054 4648 2485
4725 4671 1824 7487 3322 3025 7245 4232 2759 5262 2090 2162 7561 5686 3056 2190 2263 4547 5077 3703 2686 7455 6375 6098 3510 3570 3610 5893 4537 2081
5013 4414 1428 6620 4235 2379 7916 5787 2253 5200 1251 2026 7225 5822 1982 3316 1492 5339 5904 2388 2512 6310 6380 6385 3980 2483 3097 6381 3754 2392
4720 5313 1182 6426 3353 3687 8713 4270 2103 5402 1981 2380 7753 6804 2778 2907 1630 5719 4684 3705 3362 6444 7419 7110 3574 3556 3432 6166 3737 1766
5417 5188 2012 7360 2998 2748 8588 4110 3594 2747 2457 2924 7619 5715 2393 3855 2183 4699 5846 3878 3149 6018 7517 6107 3406 3428 4081 7295 4257 1458
4711 4501 1565 7285 2959 1935 4151 5545 2594 3330 6219 2290 7073 5824 2155 2683 1830 4462 4845 3579 2521 6092 7811 6951 6118 3437 4446 6880 4456 2174
5088 5621 2151 7134 4222 1105 4697 5243 3285 2883 5434 2003 6985 5742 2855 3476 1730 4478 5242 2220 5471 6045 7585 6598 5703 2771 3276 6540 4502 1414
5389 5646 1652 6526 3287 1320 5072 4215 3285 3310 5947 2706 6462 6014 2390 2513 2783 5898 5469 3227 5878 6316 6211 6779 6686 2579 4540 6416 5182 1622
4326 6236 2924 6160 3144 2410 3757 4590 2684 2739 5553 2471 6804 6486 2086 2568 2296 5979 5423 2344 7141 7235 6761 7240 5990 3046 3200 7301 4849 2788
4946 4775 2236 7437 2901 2553 4560 4548 2092 2387 4600 2843 7679 6445 2186 2866 2718 5094 6037 2493 7001 6979 7412 6544 5994 3248 4814 6431 4204 2385
5407 5423 2462 7658 4247 2007 5270 5494 2567 2648 5319 3357 6845 5823 1885 3475 2209 4702 5263 2292 7010 6338 7343 6301 6683 2636 3119 6640 4542 3064
4789 5614 2717 7143 4153 1325 5349 4436 1969 2337 5581 2108 6916 6376 2743 3631 1558 5595 5265 2592 6655 6562 7743 6961 6033 4009 3950 7008 4697 1806
5623 4593 2574 7290 2901 1165 5250 4357 3319 2368 5145 2344 7108 6728 7541 2193 2024 4706 4577 3519 6092 6525 7358 6999 6366 3753 4341 6254 4618 3063
5607 4635 2188 7262 3581 2061 4513 5790 2512 2477 5967 2646 7570 5510 6347 2775 2643 5452 4657 3149 6789 6391 7560 6919 6020 3148 4593 5850 4622 2997
5693 5135 1699 6253 3335 2244 4579 5029 2347 2518 4672 3149 6057 5336 7862 3561 2495 8114 5678 3292 6800 6083 6979 6723 6923 2606 3586 7217 4630 2786
4300 4996 2260 5934 2516 1067 4233 4358 3019 3064 5342 3201 6313 5822 7239 3447 2416 8155 5604 2794 6046 7105 7134 6565 6895 2302 4306 7332 4478 2838
4219 5285 2524 6461 3113 1083 4835 5159 3064 2900 5619 2479 7368 5857 6879 3662 2812 7975 5538 5844 7117 3448 7363 6436 7059 2652 4300 6423 5267 1758
4959 6003 1750 6154 3471 1090 4610 4438 2069 3014 5840 1924 7654 6416 6322 2706 2562 7678 5268 7093 5729 4552 7398 6376 5824 1516 3758 7123 4466 2407
4153 6143 1235 7217 3682 1993 4954 5796 2615 2287 5453 1917 7925 6645 7446 3262 1656 7857 4462 6780 5576 3740 7015 6969 7213 1421 3709 5706 4422 1647
4599 5397 3196 6762 3863 2721 5435 5161 3614 1596 6243 2186 6912 6907 6215 3719 6815 8122 5797 6775 6448 4344 8278 7383 6004 1920 3941 5728 4776 2641
5632 5529 4402 7480 2536 1634 3858 4685 4345 1647 6238 2121 6879 5422 7117 3928 6500 8075 5181 7079 6292 4058 7474 4485 6273 2671 4591 5931 5563 1969
4633 6257 3781 6598 2690 1353 4031 5747 5400 1868 5071 4551 7523 5609 7154 3791 6341 7057 6028 7369 5864 3519 7528 5126 5977 1460 4157 4080 5499 2677
4846 5487 3767 7145 2863 2531 4175 4392 5008 3322 4922 5252 8208 5505 6937 3166 5753 6962 4402 7245 5984 4910 7127 5277 5683 1285 4505 4158 5047 3018
4943 5997 3622 6404 3077 1104 4945 4611 4271 1874 4824 5324 6688 6565 6210 5181 7362 7190 7339 5859 7031 4142 7916 4956 6437 1766 3464 3787 4641 6079
23 15 1 20 67277 1.00759705171186
23 21 14 14 48526 0.9144020156954255
4 9 9 25 50792 1.0335697438991318
16 7 28 20 81006 0.9697652159724929
23 6 27 24 80222 1.078087761164758
8 20 16 25 37549 0.9721350590342301
21 14 8 28 74858 1.0929901571136342
4 21 13 0 76107 1.0125915760577877
15 17 5 19 37206 0.9170591106969748
28 11 1 9 76772 0.9881158254087767
1 15 10 14 27773 0.9860804254552153
25 23 19 17 51878 1.080991788709535
1 14 10 16 25081 1.0237758371143666
6 3 11 18 63434 0.9931111799570705
25 21 16 9 64749 0.9796667595983022
29 12 5 23 106466 1.0729640182777838
10 22 0 4 80324 1.074126002482824
28 7 15 11 50548 0.9789790551238609
28 2 22 10 52929 1.0970494923403007
26 22 19 15 54405 1.029319660989198
4 22 22 6 87649 0.9698996138774159
26 7 15 28 96412 0.9811321479314989
13 14 2 9 37871 0.9999582747390064
29 3 23 9 43674 1.0824280979001104
12 17 16 24 43361 0.968316059449793
10 13 21 15 40259 1.0921179090702233
25 29 4 15 83217 0.9122662418826003
1 5 12 7 41062 1.0178925904792036
12 9 7 23 55722 1.0865243421138961
26 10 7 1 69209 1.0186827831975536
0 24 17 11 83362 0.971608028719229
18 0 26 25 83506 0.9915578714515926
16 10 1 18 64159 1.0952370361918007
25 26 16 19 42914 1.0824065809013579
23 1 27 9 46528 0.9797011201293195
20 16 5 7 57681 1.025227545799112
4 26 9 3 72993 1.051167743935352
14 4 0 4 43207 1.0335602508657575
0 19 21 16 59369 1.0184688667041026
12 21 29 4 87035 1.0266922525185211
4 25 7 17 41334 1.0548730008165998
27 8 18 28 77813 0.9260880888288194
15 8 19 19 45308 1.0953601658194032
5 16 14 28 57164 0.9765369334877353
0 21 19 2 95077 1.0860649921197392
11 0 9 13 41172 0.9019673577219692
16 20 2 13 58509 0.984217951983213
16 18 28 11 58270 0.9460862064661285
27 25 4 12 84035 0.9660500438913576
29 25 23 5 70613 0.9461725031386768
10 5 9 27 57144 1.0864806714893702
0 26 12 19 58737 0.9496659397537115
12 28 13 0 93891 1.0874000619878819
21 28 11 3 92273 1.0559750317991554
23 14 2 0 97439 0.9954833540964365
1 13 28 27 98478 0.9331788955719218
15 1 9 19 58137 0.9970128077227853
23 14 18 9 37735 0.9765123500554408
12 21 22 24 55725 1.0226429436620634
0 29 10 19 48893 0.9273736029587137
3 26 21 2 103515 0.926306398568998
22 22 18 28 35691 1.0860530664177033
1 4 11 21 76166 0.9484013652682663
27 29 20 20 39572 0.9685005292382188
24 23 9 0 99754 0.998323315811259
3 13 22 7 67698 0.9181255226529972
24 21 29 29 44345 1.0384079195071152
27 20 7 0 120031 1.019960415086758
18 25 9 18 45765 0.9728221744977769
4 20 25 0 102625 0.9287460384259981
2 2 23 3 48545 0.994642992727319
27 13 14 19 61701 0.9689814732797691
14 22 21 4 66776 0.9522785655209794
14 0 23 23 91119 1.047141065843553
22 7 18 16 37497 0.9871570994052195
22 2 10 24 83457 0.9788860311914617
12 27 15 1 93366 1.0927707384605665
1 2 1 16 63185 0.979865454998283
18 8 1 0 61063 1.0253264806492761
14 24 25 15 58622 1.0512457880876687
7 15 22 13 51438 1.0367282391958839
16 9 9 6 26789 0.9105722544925329
28 28 6 19 82008 1.0484491337911275
24 16 16 13 36081 1.0131087599512858
2 27 6 1 103523 0.9142461174526048
6 16 11 5 37043 0.9634326687361215
10 16 7 26 32955 0.9474472924748707
14 21 29 29 65832 0.9672556696455057
19 10 26 22 68780 0.9774800023898054
1 13 28 24 94224 1.0001946164192423
29 2 12 20 93117 0.93592442062567
0 16 14 26 58073 1.0147161756112064
25 15 27 2 68779 1.0560694521646135
23 13 24 24 60127 1.0931050137130771
10 18 11 28 39336 0.9076698917773726
14 27 0 28 42957 1.0305130166811287
8 6 3 19 52586 0.900479179842892
22 13 13 29 72503 0.9460289999631103
17 13 22 24 54664 1.0115489666999025
24 25 9 18 57022 1.0908919375334252
2 20 27 15 78712 0.9145102597399365
8 20 19 3 64654 0.9033716072470661
20 28 1 27 57780 1.0274367844042294
26 21 17 2 81458 0.9203573498707015
25 21 6 2 97194 0.9394729864238378
4 6 0 20 61175 0.9063196930060573
20 27 8 6 82869 1.0558115085354771
16 17 5 23 54911 0.9951701543884905
3 14 27 13 79595 1.0937305175911756
11 17 18 1 67769 0.9723113345946623
14 29 17 11 66759 0.9044073331394702
0 1 29 16 114640 0.9656100521191259
11 25 18 2 81791 0.9274017436173451
5 14 13 1 48666 1.041273118079483
11 25 22 26 39059 1.0019776794631834
12 7 13 21 54253 0.958868762655904
6 21 26 12 86001 0.9854142000543534
8 6 3 15 40435 0.9743312912716162
14 26 22 13 64708 0.9844447455793484
5 15 28 27 81661 1.0433471715138787
21 16 2 26 76558 0.9824613310831518
10 15 26 17 56532 1.0596547859463477
28 25 4 16 72145 1.0871853991564195
28 24 15 19 47488 1.0722332784477182
28 23 1 9 105850 1.0187027924704695
18 27 27 1 93789 0.9585504962769145
9 19 14 4 46649 1.0601132408747638
20 2 29 26 81309 0.9459949730139019
5 4 26 28 118050 1.0225653830767396
20 18 4 23 61299 0.933959687724188
23 4 0 9 66425 1.0037498920503174
27 7 16 14 56994 1.073939938309204
24 29 0 10 99444 0.9978635087687222
22 18 28 3 69207 1.080106411731106
28 4 19 12 42067 0.9854441292764826
17 25 17 7 68279 1.0099160884594218
28 24 17 11 62436 1.0846996794073878
28 17 5 27 94797 0.9178409157504877
26 17 17 16 36556 0.9361811801606235
25 29 16 28 28736 0.9209062452517599
27 25 13 22 48090 1.078651588085662
2 16 27 15 63838 0.9880693294393703
22 15 26 26 52895 1.02642163651328
21 6 6 5 36646 1.09363655577245
1 5 23 17 88018 1.0877392648091875
27 19 17 6 84484 0.9650723158156511
4 16 11 13 26357 0.9372357952929231
11 25 25 14 76860 0.9915774766090968
6 1 19 29 105508 1.0321639063286503
16 4 6 9 41293 1.0524157814853128
3 4 6 23 83781 0.9234915158384087
28 8 10 26 96503 0.9669761211630461
20 17 26 28 50401 0.9166138734675143
11 19 20 0 72455 0.9266461687835437
10 13 15 27 59394 0.9824482760313399
19 3 23 9 26859 1.0825711430830907
26 27 3 25 78622 1.084905986497061
8 12 24 9 51208 1.0812121600831535
5 0 0 18 79855 0.9607158454486744
7 1 1 11 48826 0.9423633925937105
4 3 13 20 68122 1.0902191149762583
0 15 4 22 34030 1.0077476916096
15 3 14 13 34119 1.074011101145694
12 0 17 23 95991 1.055340127446492
24 15 15 0 63867 1.02781408947897
26 19 8 16 66980 1.072877459175519
13 8 7 25 60646 1.0138128850030625
11 0 10 9 34135 1.029804591048435
7 17 27 22 84700 0.9023382449922218
2 28 23 18 89088 1.0276132479390447
1 21 24 16 70514 1.0279316236954221
8 18 22 3 71786 0.9901388349924907
0 5 14 4 39834 1.026150811147103
11 28 15 21 41339 1.058829524969983
28 2 26 13 72950 0.9606722622532029
6 29 7 3 82841 0.9552694532917562
7 29 5 21 28940 0.9232279171575255
2 10 20 27 81565 1.0231978129183021
3 23 23 7 99047 1.0206662676440912
14 9 7 23 59713 1.0893865225213801
4 22 23 24 73196 0.9090884197841521
4 0 7 20 67310 1.0838137369515215
19 3 6 7 43684 0.9108382211199376
2 12 8 23 53630 1.072319448587656
27 19 15 5 81393 1.0589550133636814
6 20 4 3 63921 1.0302877538647859
19 24 27 7 74343 1.0841710502206863
5 16 20 13 40046 0.9798842233083597
8 19 1 3 67345 1.0515123726821871
24 1 21 27 84720 0.9390257563091471
19 23 8 27 52524 0.9437124385891184
22 2 8 2 30146 1.065598722446626
11 13 27 29 82986 1.0343188718242347
17 2 14 15 45858 0.984150158031205
6 29 12 12 64315 0.984988479435166
27 1 14 22 93359 0.99975936852887
15 20 25 4 67562 1.0914787695654222
5 7 28 1 78019 1.0148497947330275
6 20 24 25 64154 0.9769059538322478
7 10 3 29 65460 1.0353045435550308
21 18 5 28 73988 0.9756044487385134
12 11 29 8 53925 0.9779631718033988
14 13 25 4 52004 0.9221926012731172
13 14 21 3 53382 1.0240108504962107
21 13 22 22 44102 0.9902354546060941
12 10 22 24 74780 0.9073801980353706
27 27 3 15 90317 0.9259342912616375
12 17 2 0 72735 1.0972951396779616
1 3 8 8 38247 0.9438906338267431
27 21 14 25 51614 1.0868257093328202
29 2 19 19 69291 1.0033367213353401
23 19 25 0 83488 1.0127566399332601
26 10 18 20 52169 0.9789283689387795
7 10 27 22 93388 1.0877109022742808
5 12 28 23 92687 1.0226738770453727
26 21 17 5 74139 1.0041431781945254
12 18 17 23 40985 1.0099652924999203
18 29 1 7 104002 0.9631821443971924
14 28 2 11 77975 1.0471839249101087
25 16 3 24 81185 0.9920535965361599
12 21 29 5 82173 0.9596687157454166
26 22 19 26 41414 1.046194271604684
8 21 9 2 49842 1.0784958632462485
8 2 14 18 52495 0.9492385911476671
12 5 25 14 62612 1.0057567824377711
5 25 21 16 62487 1.0719313223927125
25 17 1 8 89674 1.0503460416768686
0 13 25 29 100612 1.0767755571238744
20 6 7 3 38470 0.9036628317435879
19 1 0 2 41080 0.9482432646478567
14 11 28 8 46707 0.941822027397575
27 23 20 1 86670 0.9265913948277508
6 29 24 26 52453 1.0716608305935937
4 4 22 22 98611 0.9879687757717476
2 17 12 3 63237 0.9988718773657136
7 9 1 23 73195 1.069478275160897
13 11 25 0 63394 0.9149379750258726
25 26 0 20 88023 0.9401807770380858
0 20 19 20 62590 1.0855204544157022
4 0 12 17 63319 0.9780423134767113
14 21 22 2 70935 1.0385095450509563
11 27 26 16 84874 1.0671012982835877
24 23 21 8 63315 1.0435035612777077
10 4 25 14 71484 1.0882252917391082
16 14 1 16 34993 1.0423390323200425
7 9 29 13 81785 1.0834458108861136
27 5 0 23 113784 1.0914897694368408
23 3 18 11 36225 1.0407778171939515
2 8 15 9 37622 1.0826112712130285
14 17 26 21 56491 1.0581500710520733
18 19 29 26 44082 0.9207225697360806
3 20 27 3 95344 0.911049151041896
26 15 13 1 73129 0.9339187920938203
1 16 27 26 81775 0.989441615635552
6 25 8 1 71827 0.9706063896439784
27 6 15 8 35067 1.075925282068563
15 5 8 16 40676 1.0527822593680132
8 14 21 21 53260 0.9700680343882928
11 20 5 14 29411 1.0366765382788168
1 7 27 5 67648 1.008848125764846
16 28 27 21 56123 0.9832452362916844
17 7 21 29 73162 1.0127444991379502
6 27 20 14 66058 1.0221980690975747
1 4 23 6 59071 0.9744648808793555
3 26 21 13 83268 0.9331780063654052
21 4 18 13 30678 0.947649543339368
4 16 23 29 75473 0.9952827910674131
3 23 19 20 67569 0.9718294413554105
5 13 26 0 88174 1.0471545884076892
20 8 1 19 74921 0.9332646191781244
13 1 21 28 90514 0.9247332761566976
13 15 10 27 43146 0.908470614926727
16 14 0 29 73458 1.083861828269234
4 16 24 12 63403 0.9194448810355002
26 4 8 13 62911 1.0005108821243789
22 4 17 13 40519 1.034859751177247
19 20 7 16 41562 1.0673441509938684
4 2 7 21 64360 0.9566813658555053
24 16 19 9 29873 1.0707087666748298
25 28 11 10 91141 0.98354811203525
10 4 17 21 74013 1.0159606484484685
26 17 24 5 62098 0.9185571196858872
18 26 21 2 69076 1.090785891024821
7 20 18 21 40665 1.020922782050412
17 8 20 22 45658 1.006771424036581
19 4 13 19 58338 0.9296347605859185
20 29 12 2 86712 0.9748767954993239
27 8 6 9 68009 1.034390698341627
27 24 4 3 109735 0.9864654528589405
6 25 22 23 61772 1.0610507959664242
19 4 1 13 61845 0.9633228941196057
9 8 16 19 45163 0.913390271526418
28 25 5 12 85899 1.0340508542159852
7 5 29 26 100344 0.9993447079467268
25 28 15 25 40825 0.9054482564713165
13 27 2 8 82258 1.0391623613583627
17 27 5 14 72573 1.0455072151085658
10 24 8 4 55549 1.039903936899857
8 27 8 6 62553 1.0000327526462838
21 6 10 8 34738 0.9083994253085804
26 27 3 28 70999 1.0226895073096303
17 4 3 4 40202 1.009382734405987
26 22 11 9 89880 1.0030876025327349
2 4 13 10 49414 1.0754742465815785
9 17 29 25 67147 1.030078506146722
7 11 21 19 52119 0.9845076789375151
15 17 6 26 51035 1.0410631393331404
12 24 22 12 76413 0.9791846696481217
26 23 8 20 78637 1.0013746584658392
25 3 19 9 34057 0.9492297071145868
26 28 22 9 77018 1.0644252619237806
4 8 13 24 70679 1.061274575445537
4 9 25 22 96561 0.9612789631010011
23 3 3 21 96977 0.9414373873453282
9 10 12 1 29103 1.0020684730802667
1 28 18 1 113299 1.0503168457647054
5 17 10 25 38216 0.9895999406746936
26 29 5 11 93471 0.9535252594242674
13 13 15 21 32291 0.9529098199990069
25 22 19 11 60554 0.9358458249454723
1 17 22 3 83666 0.9564519277607976
29 9 9 27 91371 1.0727650712957117
17 4 16 25 71931 0.9221987958878611
6 4 25 22 105509 1.0616602498527663
28 10 12 12 54569 0.9674726594362946
25 25 7 14 66906 1.022422412717399
27 6 4 24 100330 0.9676696637107531
24 7 4 27 107180 1.0632586904351071
4 20 11 29 41062 1.0236707539915333
0 8 8 13 38631 1.043805283129999
14 0 29 15 83656 0.9254510120390529
29 1 28 20 98970 1.07367215399501
23 18 4 14 62683 0.9187980799324219
20 22 2 10 68888 1.021798970797801
16 25 28 28 38527 0.9586690882123715
27 23 5 9 99666 0.902955747362762
20 10 28 18 52716 1.0907343241840097
8 22 14 9 50517 0.995235328190279
28 23 17 16 52086 0.9734999940756559
10 24 7 9 47994 1.0953248248859146
28 17 18 29 58090 1.0432348116589527
22 2 27 7 35190 0.9388916747157333
29 3 21 21 73661 1.0105241353265801
25 20 10 10 83887 1.0957355241185065
13 7 18 13 32210 0.9705782946829911
23 28 27 13 72925 0.9168219883160974
28 6 21 10 37000 0.9821144145534338
3 17 8 29 51782 0.9195933620789641
12 26 4 19 43726 0.9367680296495207
13 4 3 16 49663 1.0436345850753113
1 17 18 10 56627 1.0484786560799135
16 6 4 2 35193 0.9192527311870988
19 4 5 13 52405 1.092417217433515
8 5 16 9 29415 0.9021665319519124
21 16 28 0 71673 0.9874860769505134
13 10 11 21 46374 0.9464104421844531
17 18 10 29 55938 0.932187910196434
21 10 23 29 62610 1.089232198185148
11 2 20 29 88863 1.0395634499174287
15 14 28 0 80081 1.0048843383274362
4 20 0 7 60095 1.0253494091771242
22 27 9 23 58752 1.022345251670226
12 23 25 23 61670 1.0968346234751396
20 2 2 4 46157 1.0050776521850842
14 7 16 28 76506 0.9588864540735096
12 6 6 25 70149 0.9115030512896846
11 7 21 19 61716 0.9142402009480779
29 26 12 0 108501 0.9865088118088157
16 16 27 3 58515 0.902802107247106
27 5 4 8 52022 0.9519674518056881
13 25 24 25 30337 0.9876578004115383
1 3 22 26 111454 1.0764703146084618
13 25 26 2 95842 0.9768223514419636
22 1 10 0 44217 0.932719388592829
4 29 1 12 65854 1.0923091867450647
17 10 0 26 96502 1.004786277552413
4 27 17 10 84667 1.00678803208642
0 11 1 28 75241 1.0005796137348966
21 25 17 1 68000 1.0516584204995931
11 11 23 23 74772 1.0070591041479229
24 9 13 22 66878 1.0593145037953628
13 16 21 23 40916 1.0603750024231957
27 4 25 19 79408 0.98805876769565
24 26 15 22 38744 0.9416983527414478
2 19 14 2 70518 1.0697648192467217
24 10 19 2 37735 1.0695711136374713
5 6 12 14 38302 1.0772272322097307
11 27 7 8 62545 1.0223656356916342
23 7 26 28 89223 1.0291927145467765
5 14 15 6 45399 0.9664949432571454
20 28 0 24 66786 1.0484470699448611
15 8 25 18 62199 1.059747059566837
24 19 14 1 79829 1.0316900099981254
17 6 9 26 74283 0.957693000472672
5 18 1 29 43609 1.0219773472740648
19 27 22 3 78840 1.0313257258049713
13 15 8 28 49738 1.0145960788430954
8 19 26 12 70980 0.9834136603868822
26 4 23 12 46525 0.9345641520901141
22 17 13 24 57398 0.9394947926690502
8 16 25 26 64754 1.0912190104956854
25 14 3 22 88425 0.9009625900611413
12 23 1 6 90172 0.9090080161870674
1 16 27 14 71191 0.9818694076694642
24 18 3 28 92557 0.919625422411178
9 24 19 10 61457 1.0363376092775574
10 28 1 8 75948 0.9343336222199359
22 14 5 8 67595 0.9445905322236793
17 9 12 19 46699 1.0829272460945927
15 23 1 18 67436 0.991257124094596
22 18 10 17 44332 1.0033081188522641
21 22 29 5 65490 1.095517387622564
19 11 10 0 55745 1.065952021937778
0 11 19 4 55183 0.9905159867013387
18 27 7 19 55762 0.9103676526505148
17 22 29 15 65710 1.0985277735257761
22 29 27 23 37762 0.9506749650748069
18 8 1 26 96847 1.0957850504383833
15 4 11 26 74593 1.0636774041829842
0 2 1 19 79842 1.0322793005216013
6 1 24 0 56311 1.0749668373927954
4 25 29 29 71939 1.0924352688874013
12 28 18 5 87332 0.9952390693517078
24 7 23 22 74924 1.0062483005645788
24 6 14 24 78290 1.0580361524697306
7 5 6 16 38426 1.0308389282945498
2 13 6 29 60908 0.9134157159679427
7 28 27 2 116786 1.060720468615927
21 6 23 21 58311 1.0971487798947026
2 12 13 8 41739 1.0901544839904134
27 25 1 8 102437 0.9878219694359653
28 29 12 19 66599 1.0516711291167904
15 13 24 15 36371 0.9010376381137308
6 4 29 13 87233 1.0214778571906202
5 11 27 18 85298 1.0845773904471177
7 3 11 28 81410 0.9620184828581553
21 24 3 5 94688 1.0855634349627097
26 1 15 21 86690 0.9325157361022954
21 14 4 28 82527 0.9319271124621957
10 25 19 2 80542 1.0281987466190854
8 13 27 19 81358 0.9866140226736883
3 3 9 29 87865 1.0519211159344
10 11 9 0 30027 1.0551665788611295
23 15 29 10 50586 1.0001760818905805
14 19 12 29 38173 1.023602874969412
10 21 0 25 46443 0.9666238098393124
24 18 10 29 74076 0.9189871910119638
8 0 27 14 89138 0.9791978801405541
10 25 24 25 39124 1.0717197810213819
1 7 14 6 47651 0.9470728466507721
17 13 21 0 50227 0.943019554056108
7 18 21 26 66522 0.9753004197900284
29 6 21 4 25236 0.907003072884203
26 17 18 22 52569 0.9109121104551224
8 24 3 12 53318 0.9327674745238634
7 23 7 12 50671 1.0368094444747058
2 10 13 27 72358 0.9364578643271957
17 6 21 28 74933 0.9900277159625669
26 1 8 25 103997 0.9433410490735058
11 23 29 19 82039 1.0306921854866395
26 21 21 26 37065 0.9428925936702365
17 1 9 11 40069 1.0830894761358139
20 16 28 10 42172 1.0427976043912066
0 4 9 6 33490 0.9286863794994717
12 21 3 8 61826 0.9371881506560014
23 16 25 3 57238 1.0251564689600858
10 5 26 3 43128 0.9778727115153599
3 2 28 24 107268 0.9405263761901823
14 9 6 26 65333 1.0156596436649212
29 1 7 28 125165 0.9834544722138697
10 15 24 11 49257 0.9320087314450496
2 12 3 27 64258 1.0045381099261226
22 2 11 17 67552 0.9880491661648739
27 22 22 5 80045 0.9548464132992702
11 3 1 10 40759 1.0824121579581183
16 22 18 3 81046 1.0121300777817535
21 9 9 9 32808 1.048548606430821
26 22 15 29 60439 0.9914883669698451
23 21 3 7 94459 1.0469553284521833
23 27 5 27 63797 1.0967191308247701
25 16 19 0 58769 0.9331223160704688
2 27 18 21 66122 1.0897560846359777
17 29 25 22 49400 0.9950527804506839
1 21 25 0 116440 0.9060034121604149
16 10 23 19 53461 0.956803984187933
18 29 25 7 82455 0.9448152655017726
8 4 17 5 21056 0.9378551481648514
26 11 11 10 44027 0.9680599996535848
28 27 23 19 50867 0.9711856080669248
6 1 17 16 64199 0.9980545087131746
15 9 7 14 31616 0.9211287440049506
17 23 2 12 80141 1.0105036115342592
15 3 28 10 51456 1.072125697933745
10 23 11 7 54282 0.9850122734897764
9 23 20 11 54155 0.9181408332745292
14 19 0 11 53406 0.9260438208728565
21 23 13 26 37167 1.0475536638654135
24 21 11 25 52769 0.997240190244894
26 3 9 20 82464 1.017802444269922
26 20 17 1 90695 1.0392439452805622
26 7 4 10 65720 1.0764026502226702
20 6 7 22 75437 1.0594223063122377
23 26 29 8 82767 1.0008502530556516
21 20 13 8 54524 0.9874893191076968
4 12 29 20 102356 1.0562563378352063
1 14 13 9 40209 1.0770462727677754
12 19 14 28 35336 0.9158034982340805
19 12 2 3 69896 1.0515212015615667
24 28 12 16 61532 1.0175320992350452
29 29 27 4 101834 0.9570580399466928
18 23 11 3 82160 1.0758448102834497
26 19 8 13 77119 0.9232497321154723
8 5 6 26 65044 0.9635728123776641
20 6 10 8 30505 1.0713009121682877
4 7 11 3 38784 1.0046967375060247
29 1 6 4 69514 1.0697453860149553
10 17 17 10 44490 1.085026991625147
15 13 7 0 59390 1.0227565031114598
20 9 29 11 32515 0.9328985121390144
13 6 24 1 39159 0.9001765718273932
10 13 11 26 46701 0.9589051161374939
4 16 13 18 24789 1.037933162757197
0 0 17 16 83028 0.9377785366141178
13 8 26 3 47893 1.0555265283339934
18 29 23 18 51298 0.9754549687625933
25 0 12 26 112490 1.0521419001723142
4 10 26 11 54908 0.9583131948825908
14 17 1 23 64197 0.9412521765399665
18 22 10 19 31180 0.9483506603086241
12 15 11 0 55936 1.0603390212598796
21 10 8 26 73290 1.0933560407991543
9 5 3 10 22552 1.0068223378069934
9 5 26 6 36882 0.9324651237061976
18 10 26 26 65028 0.9439330501476472
1 18 24 15 67439 1.0652277726397954
25 0 9 11 67684 0.9133840702489209
20 16 27 1 59292 0.9828678320387507
0 14 0 4 58654 0.9247932639180959
3 7 6 14 34238 1.0671584683890667
16 7 23 28 82575 1.0630025690189573
18 10 3 23 74475 1.0209187012021954
15 19 2 9 57662 0.9801599631815904
22 10 29 3 47244 0.9429267028349525
3 15 12 2 52537 1.065543435679454
2 13 14 17 40373 1.0752600615605372
27 10 19 5 34356 1.0693193564053136
2 24 14 11 68774 0.9847910475821977
9 23 22 1 83390 1.0719046771267169
1 16 2 29 48811 0.9757138799417314
7 1 6 24 74556 0.9403722981884094
0 4 7 23 86997 0.9330312120817598
14 9 12 24 62430 1.0377649049916333
16 9 25 24 67159 0.9126853563448265
28 10 15 2 53873 1.0169876266791213
20 18 28 27 39840 0.9194193825707652
10 2 18 25 83095 0.9940197404237539
23 24 6 19 70055 1.0426419492849255
16 1 15 15 56381 0.9422954697020625
20 28 2 18 81574 0.9452685663627851
21 14 10 10 46277 1.0387518930817867
3 15 12 25 48836 1.0938911676620098
20 22 16 28 30509 1.0677920390908897
4 13 9 4 32259 1.0212460069745126
21 25 14 4 66466 1.0969850415002922
0 12 9 5 41422 1.0350621967500584
24 6 20 20 49605 0.9659652627110624
24 6 17 19 56559 1.0942109875814512
26 4 10 18 76734 0.9560889727103044
23 24 28 15 49903 1.095850099649731
9 27 0 14 51710 0.9569949981200471
10 9 24 27 83517 1.0930596240792998
8 15 16 1 55364 0.9277584950659742
0 23 5 12 63818 0.9345908712090784
0 11 23 16 65056 1.014063497276406
19 22 13 9 58671 0.9639925719940383
16 7 3 5 42701 0.9530423834868309
3 8 12 16 40828 0.9470557522142371
23 14 20 7 37673 0.9723028054615325
28 7 17 23 83818 1.0892468196186034
8 2 14 11 35670 0.9710676838390065
8 20 5 10 34652 0.9007281614303477
21 25 9 3 77736 1.000403460051403
26 19 16 0 91367 0.9888232317994206
14 28 16 9 68556 1.0236558975258208
18 3 8 22 74039 0.9745055537677026
15 2 20 18 50790 0.9273342697393091
0 21 21 13 78383 1.0547226422431326
21 7 4 25 90535 1.029927350164984
28 14 24 23 54442 1.0895556148053278
8 26 20 11 65594 1.0336455733913699
15 20 8 14 34774 0.9908045892517517
13 23 3 9 66139 1.0133592790683903
13 2 22 4 27611 0.9650320321479606
14 26 27 23 48579 0.9389985540166319
7 25 18 16 48025 1.0649948153303712
0 1 26 26 122685 0.9021928130033551
25 6 10 24 86065 0.9872175295918179
5 13 9 29 57265 0.9035771382729013
2 4 20 12 62925 0.9202131254090196
16 18 2 19 50007 0.9530241640485111
26 27 25 5 85695 0.9859256302491365
9 1 21 5 31358 1.0322179905633428
7 24 14 4 65991 1.058752429197946
20 15 5 26 66128 1.0790786435651116
3 10 23 14 70537 0.9278442047991854
17 2 19 28 75981 1.0792821423739622
25 4 11 27 101224 0.9969835283535418
6 26 10 16 36565 0.9828623084378864
8 26 24 21 64654 0.9930918739632333
5 2 20 14 56497 0.9962990931742425
18 7 0 25 101059 1.0303125590378501
4 7 27 26 104097 0.9375250518438136
20 28 12 10 71466 0.9499405869176132
20 23 12 28 41842 0.9786317535114525
9 0 9 24 58775 0.9499131322139294
3 23 18 0 99257 0.9441687645023431
26 13 15 19 58637 1.0169993520011866
12 5 12 19 50167 1.0013598030938933
2 26 6 4 89858 0.9141040587456134
5 17 1 29 47498 1.0463118486452418
27 25 2 11 90234 1.0113132857847338
15 15 13 0 55496 1.090892547027103
8 26 25 12 84244 0.9240061114739296
8 1 10 29 77068 0.9831553974659786
8 10 9 27 44665 0.9542405305431971
20 21 7 12 61395 1.0387693226195047
27 12 15 17 53484 0.9448428224108635
1 16 13 15 25883 1.0374009672618385
20 20 11 23 50284 1.0928339101618665
12 19 17 13 34986 0.9235282128496026
4 1 26 1 58803 1.065333589729955
29 24 18 14 57845 1.0142769677313237
3 3 17 14 61113 0.9421654680209811
28 7 5 29 117339 1.0060687781347308
23 19 7 22 66535 0.9849284876138256
14 27 2 14 66107 1.097703035334764
21 5 3 4 44174 1.004437299129762
23 4 15 11 37244 1.0769277325787279
9 26 1 3 80156 1.0438531151301578
2 3 15 24 95774 1.0512833226069567
25 23 19 4 79068 0.9828830706126775
27 10 23 3 48521 1.0438705969047581
7 18 8 4 47304 1.013743020122094
23 29 28 14 65835 1.015415257509941
4 9 12 5 30320 0.9714453187455954
16 10 17 24 54902 0.97935657885528
29 18 0 11 105925 1.0057343411387847
13 8 1 26 85577 1.0598506212200873
8 7 26 22 98688 0.953965726580646
19 1 8 22 76314 1.0078112766913454
24 2 22 12 42345 1.0256301899396156
24 4 23 28 85348 1.0583123520382156
28 19 11 23 76180 0.9410184217746045
27 9 5 7 61332 0.901462833925118
18 10 10 19 46310 0.9039934166273335
27 3 11 16 70251 1.0729433538028572
3 25 20 3 94893 0.995518548946721
25 12 2 7 80898 0.9111191600540246
28 19 8 18 77183 1.0715468552312966
2 22 4 4 78117 0.9765361030520445
18 25 14 14 41833 0.9359047811484627
25 21 5 1 103024 0.9891046056111912
8 19 3 29 40190 1.0292087068779043
25 21 5 22 82883 1.0054687519454053
7 23 13 12 51670 1.084250284162673
10 26 24 14 74229 0.9618498497946232
12 1 14 20 67996 1.0533490221639963
25 11 13 27 78406 0.9358112226917111
25 5 20 26 60991 0.9577480556582664
4 4 28 29 119789 1.043878338069097
27 3 11 21 91298 1.0006380597109736
3 20 28 9 87248 1.058812465750767
16 4 27 13 57674 0.9121265574095879
27 22 15 2 95863 1.0128101170199977
14 2 14 25 73542 1.095078757265621
23 7 29 12 43335 1.096376172836806
0 27 14 26 53858 0.9053467528130934
7 14 8 23 30823 0.9670995477763678
11 24 28 14 89877 0.9923913469950616
6 13 19 18 52592 0.9757732217720341
27 24 13 29 50150 1.0856219201909962
26 20 24 1 97125 1.0466518411160624
24 18 23 5 53253 1.054253608285047
15 21 23 19 38658 0.999310989168174
11 0 4 10 43204 1.022809654445183
29 26 18 10 67716 0.9452602061002207
28 8 29 29 97010 1.0377726219245607
20 18 28 14 41720 1.0140787528317012
5 16 28 18 73892 0.944806529631012
10 10 27 12 56574 1.0365911943643829
10 6 1 3 37136 1.0799641068202985
4 22 16 18 48975 1.0177911699090685
14 26 27 11 77384 0.9809212920065233
14 1 19 20 67737 1.045508956086777
28 8 25 22 84308 0.946378748910119
10 20 5 11 34043 1.0782797702870475
8 1 19 16 61537 0.9012943052062655
4 27 23 19 83384 1.082576214703081
22 27 1 23 84958 1.0403975251797244
19 22 25 2 69628 1.0238370819285458
19 2 9 18 60256 0.9893872769268672
18 20 24 4 57504 1.0770128807276371
25 18 3 24 93263 1.048369410510983
13 27 8 8 66120 1.003363090998011
19 1 27 29 89761 0.9391059807241215
15 10 5 29 74557 0.9784350945946235
25 7 29 25 82113 0.9246819919271616
13 18 8 4 47877 0.9752494275415127
17 23 25 16 49685 1.0218978362511812
22 16 0 14 53986 0.9273116113717299
8 1 14 26 80980 0.9302255280658603
22 9 4 8 50479 1.0600839831518036
14 1 21 20 66983 1.03132514226515
12 4 28 15 72827 1.0635926209388955
0 20 13 27 59209 1.064154825299971
0 17 14 22 55101 0.9680928215241429
28 6 11 26 100609 1.0687893418395817
2 15 9 8 35650 1.0923493203027732
26 4 24 15 55251 1.0757050227816087
24 21 17 7 68659 1.0232321216151847
6 13 19 12 55518 1.073120624968715
12 14 1 24 61215 0.9858299686823229
0 4 19 0 55947 1.0006566370918228
5 16 10 25 34186 1.0033270615817897
23 15 0 15 60222 0.903496073140401
24 1 3 6 69268 1.0900593244381156
9 16 29 9 63950 0.9396753873210385
4 22 2 13 36645 1.0463157795251963
18 25 28 15 55539 0.9091060390956649
5 3 17 25 92221 0.9078026930399832
5 5 16 21 76728 1.076785389580657
17 7 29 11 50469 1.0915223788427881
21 16 13 20 32088 1.0635131432190514
22 6 24 29 77201 1.0164115089050332
28 21 11 29 60781 1.0587347034838497
22 3 22 26 76809 0.9441489056002748
8 3 24 27 95483 0.9323378649157138
29 1 0 6 90561 0.9538053816119485
5 9 12 29 67703 1.0199426062550057
18 11 28 4 38979 1.0551698825993152
0 1 6 24 88649 0.959716214097668
14 18 14 4 43813 1.0530853336288184
27 24 3 28 73841 1.0688088582824502
16 22 28 17 71074 1.0515741710954
19 18 5 16 39126 0.9752908886197043
4 5 0 28 94935 0.9755270221208873
26 17 8 26 81538 0.9399416245299189
0 10 17 3 48665 1.0297435304934524
10 1 23 1 40214 1.0311865759993344
23 2 21 25 67120 0.9981506116576204
7 3 13 17 54238 0.9195603988955928
9 17 21 17 35159 0.9648429061843777
14 20 0 13 55057 0.9008254036074509
2 14 17 4 55029 1.0606900365068257
12 19 22 27 55196 0.9366007249880237
20 19 9 12 43181 0.9357438961655583
7 10 3 4 33649 0.9605744064871756
17 11 7 5 41586 0.908306266992929
0 17 11 27 62279 0.9173055085975486
21 18 28 26 42718 0.9987113241432877
8 13 26 13 67696 1.0670803763096446
4 20 9 29 37430 1.0758489971505685
18 7 26 16 54267 1.085081267979015
11 8 19 14 43869 0.9032917926004473
23 0 14 11 57060 1.0677328754149833
26 12 7 5 62589 1.0416570187949665
29 19 27 11 47941 1.0955971201776968
1 10 13 13 34920 1.027934301158761
1 8 24 17 82323 0.9878221875139801
11 15 0 28 69759 0.9053249156651745
21 23 8 10 66686 1.0150174994917733
1 12 18 10 50687 1.0244970175644637
6 6 21 4 42568 1.0039712739655606
2 2 12 25 78502 0.9620926037578834
14 6 19 22 64413 0.9104965221895803
18 24 12 6 73762 0.9504728664616217
19 23 25 5 60556 0.9331842925310303
9 22 11 13 31389 0.9331965415111307
26 22 5 27 89213 0.9841947538359482
20 8 10 16 43457 1.0952556427804585
1 25 25 2 116197 0.9519932036515024
22 3 15 24 84199 1.0232428360786232
19 10 21 26 50348 1.0071968834677794
18 12 3 17 48334 0.9700624590577208
28 15 16 27 72943 0.9093471314692673
15 4 0 26 97944 1.067519701686517
4 27 8 10 61278 0.9466777455460459
2 14 12 0 60381 0.9952097209127027
2 29 12 8 77915 0.9184277993958381
20 26 3 17 67909 0.9633523871791512
29 27 25 6 91745 0.9214065788650786
13 10 27 26 78475 0.9049400732033932
23 13 0 11 72542 0.9866453332798476
19 6 28 0 46534 0.9233137637874957
2 21 26 11 85669 1.0551333010069817
17 24 10 18 49024 0.9670755376392469
11 9 8 28 62209 0.9178069446570792
27 10 26 19 60542 1.086005162741652
20 16 15 24 41562 1.0937716617538273
23 6 0 1 62101 0.9844471886456619
17 26 22 1 82559 0.9012147156283971
14 29 6 17 58332 1.0245803334208434
29 14 9 11 74932 0.9833424473331809
21 1 7 14 61734 1.0706941153236187
25 27 7 5 98749 0.9087394070661413
17 6 26 7 37188 0.9481119555637394
20 8 8 22 65206 1.0145223656192028
20 12 2 11 48424 0.9303399083323071
1 17 20 23 63529 1.0890796732510288
29 26 17 17 54631 0.9589518738631068
29 19 2 19 100233 0.9608593328346792
27 29 16 16 59118 1.090087728196945
21 11 1 16 55397 0.9251353919315712
28 3 26 26 95960 1.0065323303350873
20 10 20 25 38713 0.956282852122742
11 19 3 8 50269 1.0938693102544397
26 13 17 26 73221 0.988785296795428
9 7 18 2 29987 1.0351520499282665
3 28 18 14 75257 1.0595053281395534
17 23 26 14 63939 1.0575708350061714
28 14 12 3 80481 0.9031139583452817
8 14 0 8 41015 0.9560467325289852
20 21 2 15 58288 1.0076902431816324
22 26 20 12 44796 0.9151683738550757
28 18 6 8 92673 0.9376926528513877
21 4 10 20 65848 0.9012756418120065
15 26 24 28 37244 0.9185554813656068
2 25 15 8 80736 1.0405655631754196
3 20 29 19 99442 0.9241288908093889
5 28 4 3 88279 0.9013119824110452
11 23 11 3 71321 0.9395967252544518
7 18 29 12 87586 0.9905337995838381
19 17 0 12 66293 1.0660408949601485
9 10 29 29 97849 0.9583592961106995
24 7 26 28 91570 1.0480692724143297
3 26 20 20 70259 1.0383175925641506
28 18 18 25 43768 1.0248341987839276
1 22 25 23 102011 0.9318769598858473
6 8 26 26 94599 1.029724772356845
3 26 14 25 38776 1.0851571154107824
29 0 13 27 121094 1.006731753059641
20 24 12 5 63752 0.9986537069958022
9 8 23 18 65999 1.0640767048319086
24 12 15 21 58675 1.0262865951629503
7 22 25 10 83616 1.0937928778343577
14 6 6 21 65245 0.9161133754892078
29 0 1 26 141847 1.060315685811479
8 17 26 18 62457 0.9220294730081425
6 15 5 3 49449 1.0130559835779889
27 14 26 29 62882 1.0653651220122022
3 19 22 20 69075 1.057028692860516
6 10 14 20 45251 1.0498924613066376
22 27 9 18 66803 1.0132639053920258
19 24 11 26 37178 1.0370476888107725
16 14 12 1 52400 0.9468127610774224
15 11 23 7 36232 1.0524165187330805
16 10 7 0 54881 0.9735418145973632
21 19 13 7 52514 1.085268065390744
2 3 3 22 86020 1.0960543624520107
7 12 26 25 82835 0.9536608782420902
27 12 6 9 71370 0.9585256273259719
8 20 6 5 49041 0.9783771743372048
10 15 22 3 63594 1.0501721575723897
2 16 28 4 79550 1.0877223724145235
11 2 3 22 75374 1.0353473241533449
29 19 28 4 86387 1.0183345842407616
17 7 0 12 63227 1.0721126992035992
0 2 2 28 103056 1.047263583194877
5 1 22 24 100289 0.9603768945683264
8 3 25 2 39639 0.9611036823277782
16 10 24 18 51979 0.9474126600230408
1 6 19 28 114470 0.9515479636686223
23 14 25 4 57258 1.0950716824161828
17 19 21 28 37236 1.0330885463946118
2 29 15 17 65326 1.0578018581071755
23 20 1 27 96937 0.9401918694896366
4 5 24 8 53124 1.0685027484078855
1 11 26 11 61424 0.9200104554524856
4 17 21 12 53676 0.9968762779707582
10 8 27 29 97214 1.0602455151421044
13 10 27 18 74994 0.9305378133709193
1 19 24 19 82097 0.9851886603370534
16 2 3 9 51235 0.9608566737363236
23 5 23 24 66678 0.9789369165275765
10 27 12 9 58500 1.0703735845387903
19 10 25 18 48815 1.048038356718198
19 7 12 15 47998 0.9014713412763821
18 7 11 12 37479 0.9161091046329014
29 13 5 11 77993 1.0816309384772478
18 21 11 16 31202 0.9602833628123453
2 11 29 25 93285 0.9525151219396959
29 3 21 22 76048 0.9940756603394145
23 12 29 3 54416 1.0404264039659452
8 18 18 27 56123 1.0315617945742759
17 22 5 4 88262 0.9350299694805144
9 7 21 9 37092 1.0586615073074623
23 23 13 12 67179 0.9634752588364015
17 14 20 2 43402 1.021249215262285
8 13 15 2 44611 1.0673470627682087
24 7 8 22 82460 0.9412936343940792
1 25 14 20 57388 0.9143556105626631
24 8 18 21 52960 1.074417345478793
17 10 23 15 34292 0.9796212000764555
19 6 3 4 43367 1.0789976230022882
1 26 5 20 33790 0.9612581045034978
10 24 28 23 58527 0.9002927598705844
3 3 29 12 90913 0.9566755995050371
20 0 7 5 40698 1.0069376173402491
8 10 22 15 51362 1.0394919806288656
8 1 7 22 65509 1.010357024728905
10 5 7 22 55669 1.0475876636292099
22 3 21 13 40985 0.958370872622899
14 21 3 7 68885 1.0056547310225386
28 23 15 9 75181 0.942290051469372
23 18 13 10 57207 1.0055911358809584
25 14 26 23 56357 0.9592802818098516
2 22 7 10 57466 0.9118363435973107
20 12 26 24 53425 1.0340661356654337
11 27 27 14 94558 1.0561160612095233
11 20 23 5 66371 0.9402902876876064
16 12 3 21 65111 0.9635821853105759
17 11 2 4 60725 0.9723686614288332
26 12 13 5 49415 0.9883779267855732
8 16 12 8 30872 1.0737688223062816
14 3 23 28 90255 1.02392251158413
23 23 3 4 108363 1.0465774240888754
18 14 2 3 72124 1.043364781218881
12 7 28 22 93206 0.9089846785881392
21 9 15 23 58927 0.9552843220559655
18 13 19 1 37332 0.9416431851350776
2 26 12 21 55820 1.049672437121943
20 8 1 1 56417 1.0409866812578352
11 14 16 29 61968 1.060319610080567
15 18 23 7 53956 0.9576090568304306
1 23 21 3 108500 1.0798933266143795
26 0 22 18 80334 0.9749216198783446
13 26 20 0 89985 0.9478515630887079
24 5 0 25 105442 1.0645922265455818
8 21 18 2 67862 0.9217977813665251
6 7 6 25 67647 1.0456958622268195
28 24 21 8 65127 0.9887538308669055
13 19 10 10 36254 0.9039293806835237
17 21 8 23 52419 0.9273534381963567
29 27 3 15 89992 1.0301196205628105
3 8 21 17 67468 0.935459233348557
8 15 24 10 56943 0.904334806195925
13 27 5 5 83453 0.9523889637940595
14 20 25 10 60692 1.0354017727831066
18 6 27 19 79234 1.0623047607910474
13 24 24 11 68393 1.0868231015311327
23 17 21 7 42264 1.0359082090004814
29 12 2 12 86950 0.962426998505898
1 28 11 10 80423 0.9271746595806105
26 29 21 5 76259 1.0020636965424543
25 6 8 25 89355 1.032515696180453
26 8 0 18 94434 1.0650558050584409
25 25 17 17 41417 0.9652894766152641
19 16 0 9 61512 1.0547079395405872
13 14 5 27 57202 1.008563088660762
4 23 6 9 55036 1.014795209923617
3 7 14 16 51756 1.0993146546680441
10 29 19 21 48903 0.9627156020998435
11 2 1 1 25545 0.9495080150077977
10 4 17 24 82207 0.9939023278952546
20 0 24 13 50802 1.0477126334568156
18 7 27 14 55343 1.070972038881898
27 28 22 22 45330 0.9428662017620959
14 4 1 19 68203 1.0822876208543843
22 19 15 7 55146 1.0571224123419674
15 25 27 7 85285 1.0535846922316807
9 28 13 15 46597 1.036685403164454
25 24 20 9 57459 1.0423068537435227
26 27 26 16 56639 1.0617103571436888
17 10 4 4 55478 1.0908625907129845
6 11 15 22 54582 0.9458385118878321
3 6 2 17 54978 0.9424191196641065
16 7 24 22 74318 1.0867384223317222
27 28 7 28 57151 1.049392624912545
4 8 10 29 70060 0.9821105413634625
15 8 28 5 32486 0.9890683845814389
20 28 26 14 61606 1.0756816203067436
28 13 15 19 63002 0.9029975119258082
11 17 15 1 61360 1.023213279153994
26 12 13 9 43562 0.9973697330725021
2 0 9 25 83894 1.071221400332798
10 26 22 1 95478 0.9616920441429989
29 27 27 1 108270 0.9031447257567189
28 27 5 4 110096 1.0656303238955542
26 0 16 19 84213 1.0841301890432027
27 19 6 21 95045 0.9919610095654694
24 24 26 2 85300 0.954987808407897
24 27 18 11 57766 0.9652253703153363
8 16 29 6 69476 0.9216269870458002
17 8 18 19 40085 0.9094781268158479
13 18 4 24 45503 0.9872299911042816
26 10 7 2 62093 0.9079772284249246
28 29 20 11 65434 1.0562695188238282
1 2 7 11 40305 0.9232903191183289
4 14 29 5 67976 1.0305726336740106
1 27 25 10 118592 0.9356584313548767
