6111 5537 5874 5245 6465 4806 6274 6248 6388 6523 6779 5814 6460 4711 4925 5142 5082 5924 4458 6338 6585 6615 4497 4451 5297 5815 5880 6370 6563
3754 4939 3230 3673 3785 3603 4388 2745 4693 2821 4684 4086 4262 3926 3192 3758 3246 3084 4168 3073 3925 3398 4827 4126 3521 3872 3849 3595 3947
2222 2846 2191 2178 3329 2697 3069 2198 3144 2602 2725 3274 1761 3381 4087 4015 3125 3508 3556 1710 3292 2862 4215 4112 3465 2950 2126 4028 2293
5635 6151 6312 4515 6134 5127 5782 4862 5555 6672 4722 5489 4557 4911 5093 5085 5711 5446 5268 5056 6059 4996 5594 4660 5039 6827 6581 7156 4632
3595 3652 3207 1637 2641 3331 3099 2503 2275 2914 3670 1738 3103 1214 1330 2068 1995 2009 2924 3801 2013 2652 3557 1307 2118 3158 1840 2518 2571
6100 6218 6969 5976 7938 7470 6523 6072 7891 6646 6113 6582 7185 7209 7717 7891 6921 7242 5599 6425 7755 7477 7731 5860 6045 6510 6066 6708 5701
3383 3247 3002 4676 2833 3628 3197 2413 2211 4504 3514 4865 3431 3627 2460 4807 3845 2650 3365 3602 4785 4714 4446 3051 4763 4224 4298 4122 4350
1401 3809 1254 2727 3742 2979 3362 2533 1666 3575 3189 3611 3087 1772 1593 2296 1893 1720 2569 3203 2305 1483 3910 1863 2819 2664 2657 2040 3008
7253 7354 6653 6261 5891 7698 6853 5521 5940 7032 7795 5547 7393 7395 6500 6279 7335 6430 6130 5356 5502 5425 7523 6541 5623 5261 7468 6623 6994
5913 5339 6214 5609 5826 7823 6186 7526 6489 5387 7206 6659 6066 5629 7475 7308 7955 5968 5380 7930 5585 5386 7754 7584 5284 7606 6243 7323 7947
6449 7737 6832 8228 7622 6406 7471 7742 5980 6284 7399 6969 6318 7739 5985 5880 5593 6887 6934 7528 6210 5630 7857 7934 7020 6987 7170 7400 5992
3015 4923 2988 3956 2962 4545 3848 4412 4768 4887 2477 4159 3039 5062 2366 3736 3072 2436 4665 3935 2859 3665 3187 4040 4374 4529 4281 4195 2593
6033 6280 5672 6610 6554 5274 5271 6051 6064 6070 7680 5921 7202 7192 5091 5289 6940 7428 5876 6606 6561 7101 5833 6822 6378 6475 7042 4983 6274
6668 5939 5516 4922 6057 6745 5128 6480 7063 6200 7004 6699 6711 6719 4890 7063 5107 6261 6981 5639 4698 4574 7042 5953 6359 5885 6413 6146 5275
6355 5458 7488 5402 6478 6276 6660 7542 5538 6215 7749 7077 6016 7407 6582 6488 5323 6711 5450 7432 5374 5270 5529 5683 6458 5956 7072 7442 5895
4625 6518 4861 6194 5127 5583 5635 4145 4660 6187 6383 6256 4674 4067 4595 5957 3998 4536 4113 5763 5649 5023 4150 4279 4168 4348 4063 5257 3917
7181 6174 6472 5386 6215 5175 7473 5612 5062 7709 6333 7616 6282 7550 5687 6617 7150 5810 6147 5641 6328 6163 6659 5304 6022 7652 5633 5856 7036
6181 7191 6556 7999 7634 5775 6256 7642 7036 8057 5853 5844 6082 7439 6922 7008 7006 6937 6583 7580 6609 6993 6901 6887 8041 6258 5717 5849 8248
6989 6029 7175 6640 7196 8148 6889 8415 6037 7812 8103 6540 7434 7761 6629 8080 6577 6858 7701 6824 8081 7666 6771 8700 7961 7696 7874 7045 6378
4471 3527 2093 4369 4548 4593 4001 2030 1899 4284 2945 2873 4532 3380 2663 2535 3303 2892 2954 3982 3546 4591 3978 2121 4118 2303 3400 4486 3169
4736 4267 5138 4042 5626 5394 3035 3353 3985 3657 3737 5345 3402 3125 5374 4241 3920 4244 3136 3482 4832 4179 4224 4420 4103 4823 4827 4564 3877
3613 3156 4333 3033 3726 2022 3408 2632 3846 1958 3332 1944 3429 3559 2885 1758 2777 1879 2771 2123 2601 2616 2036 2060 2702 2849 3466 2258 3406
7940 6138 6600 5969 7410 6031 5834 5651 6857 6916 6318 6539 7415 8060 6727 8060 8177 6276 5663 8260 8153 6265 6964 7022 7816 7995 7927 7760 7285
6695 5143 7561 5517 6146 7592 5570 6230 5763 7354 6259 5467 5942 7129 6744 7236 7298 6475 5739 5261 6122 7560 6192 6388 5145 7770 5813 7807 5180
6791 6077 6501 6031 5544 6033 6069 7432 6632 6058 5493 5222 5139 5210 5687 7599 7831 7797 7139 6219 7542 7373 5337 5864 5393 7664 7138 6748 7359
6777 7953 5958 6037 7936 8257 6474 8449 6270 7713 8497 6110 7058 6558 7590 6886 7331 6821 6048 8485 6796 8080 8093 7219 7127 6772 7552 6672 8176
4261 3216 4470 2318 4822 2652 2221 3724 3995 3845 3934 4085 3015 3925 3931 3688 3103 3076 2617 3525 4039 2537 4122 2736 2878 2564 4246 4592 4615
5573 6558 4954 6505 6486 6321 6819 6985 5650 6214 5616 6567 5186 5005 4652 5220 6408 5046 4817 5058 5964 5473 4802 5270 5352 5963 6343 5534 5425
4699 3303 4899 4902 4641 5974 4384 3305 4941 4713 5699 5615 3896 4946 5398 5876 5805 5016 5149 5950 4741 4093 4977 3934 5623 5732 5327 3801 5187
4033 3522 2072 2103 3816 2360 2189 2382 2043 2489 2587 2298 3993 2699 2120 3356 2161 2280 3701 2746 2497 4289 3407 3789 2859 2503 2146 3870 4186
6061 1429 4639 8614 4279 6576 2185 5484 6353 5819 3468 5726 5394 6869 1621 8010 6303 5699 7704 2548 3922 2548 6455 6466 5187 5311 6568 4973 3248 6419
5416 3590 4222 7933 3960 6110 3811 5476 6882 4134 3437 5701 4722 6181 1791 8675 6042 3243 6157 2295 4310 2493 6102 4317 3901 5246 5366 4560 3012 5418
5265 3068 3401 6886 3412 4814 2869 6358 7956 5824 3246 5703 4360 7362 2903 6910 8555 4972 6365 3821 2486 4560 6157 6600 4893 5980 6206 4741 1796 6890
7374 1763 3661 7355 4155 6221 3981 7366 8631 5735 4390 7877 5242 5648 3020 6703 6086 4020 5531 1525 3465 4983 5704 5001 3319 7204 7106 4105 2509 6879
6496 1858 3552 6173 3579 6506 1429 5414 8321 6113 4058 7250 5514 6048 3533 6057 7473 4144 7152 2830 3094 2807 5896 4120 4078 6453 7448 4293 3103 4369
6008 1487 4828 8544 5817 5277 2017 5769 6459 3875 5241 5861 4914 6378 3268 8472 8465 5113 5774 3200 3907 2674 5465 5684 5530 6982 7251 4592 3176 5793
5857 2247 4231 7205 5842 6947 3760 5476 8736 4095 2961 6231 3965 7670 3700 8212 7333 3707 7623 1218 3405 3058 5532 5254 4447 5906 5734 5845 2673 5783
4872 1695 4631 7776 3797 4853 3325 6701 8650 4368 4633 6590 3526 5373 3227 8522 6797 4175 6723 3440 4234 4753 6524 5418 4464 5359 6241 6188 2100 5559
5662 2182 2797 7353 5702 4564 3218 5307 7023 3688 3931 7044 4152 6829 4031 7829 7686 5564 5696 1211 2524 5124 4817 5418 4206 5864 5518 4484 3649 4428
6347 3221 3430 6268 5188 5362 2374 5948 6519 4678 3089 7708 4562 6776 3480 8678 6383 5443 7761 3273 3081 3698 5686 5841 5311 5282 6646 4127 1946 4615
6198 3730 2693 7386 4031 6760 3977 5112 6581 4357 2644 6842 4243 6632 2657 6568 8286 4621 7026 3004 3716 4797 4621 6312 4306 5361 5572 6566 4102 6277
6829 2801 4794 8299 5213 5946 3148 7330 7183 5113 3938 7242 5416 5128 2851 7440 8548 5189 8164 3241 2610 4037 6073 5836 5212 6890 6154 4647 4086 5425
5155 2375 2907 5972 5898 5495 3561 5349 6359 4060 2844 7819 3549 7485 2702 8299 7352 3346 7655 2212 3210 3837 6252 4219 3316 5562 6552 4726 1524 6166
6368 2412 2948 7250 3851 5868 3881 5381 6075 5204 5068 8142 5400 6393 4145 7344 6701 4326 5820 1813 4039 2663 5466 6477 4645 5193 6747 5449 3869 6792
5668 1875 3979 7371 4505 6548 2592 6992 6963 5385 5043 5924 3233 7181 3173 7242 7291 3470 5957 3814 3145 3635 6435 4882 5026 7376 5426 5453 2078 4348
6081 1839 3986 7231 5478 5498 2479 7384 6598 6017 4123 7508 4002 7802 2359 6523 7077 4822 6627 3722 5024 4212 5485 5869 3154 7363 6905 6486 2158 4422
7278 2972 4069 7897 3944 6422 3436 7335 7486 4980 3642 7704 5449 6786 4301 6308 7533 4398 6010 1478 4387 4707 5159 6039 4979 6228 7505 6570 3951 6349
5505 3750 2735 7868 3246 6889 3930 6733 6997 4817 5125 6567 5488 5115 2948 8459 7398 4857 5807 1312 4547 2780 6245 4507 3783 6214 7552 5686 3118 6949
6105 2758 4071 6783 3956 5451 3600 5089 7408 6038 3078 7693 3712 6710 3872 8050 7782 4481 5986 3314 4765 3812 5307 5178 4748 6081 6213 5926 1736 6023
5847 3028 3106 6858 5194 5916 3253 7174 6081 5446 3114 7215 3324 5355 4268 8221 8471 4986 6529 2287 4841 2668 6809 5387 3092 5057 7676 5797 2752 6082
5264 3582 3385 6319 5738 6669 1924 5478 6523 4947 2849 6691 5761 6304 2540 7763 6753 5010 7107 3869 4312 3763 7121 6114 5179 6670 7732 5266 2950 5141
5922 3115 4606 6537 4834 5009 3803 7108 7043 5654 4036 6354 4768 7607 3111 7784 7520 3350 5748 3524 2981 2930 6694 4384 3799 5626 5663 4817 1614 5461
5431 1955 3939 8627 4694 4614 3609 5808 7110 4272 3795 6830 3447 7078 1625 6186 7713 4353 5987 2501 3862 5028 5114 5829 5507 6433 5831 4266 3362 6711
5045 2475 4704 7554 4054 6974 2715 6152 6568 5059 4902 7963 5609 5221 3262 7604 6682 4539 6978 1723 3170 2991 5363 5803 3732 5994 7490 4087 1434 5631
6793 3142 3271 8481 5794 5761 1442 5129 6895 5941 4506 8350 5029 5574 3706 7928 7949 3453 7817 2819 3407 2616 6156 4445 3192 5835 6060 5445 2107 6782
6417 3699 3715 6406 3753 6328 2738 6962 6832 5997 5279 7201 3307 6920 1815 7490 7091 4294 7187 3732 2482 4458 6192 5834 3452 6199 7601 5115 2366 7032
7446 3636 4157 6140 4362 5635 3395 5272 6652 5086 5257 5982 4213 7529 3009 8577 6885 4954 6846 2308 4195 3232 4477 6119 3537 6690 6467 4503 1693 5958
7396 1858 4069 8452 3579 5025 3844 5944 7923 3948 2900 8127 4746 5225 2622 6382 7146 4566 6496 2726 3780 5130 4613 5105 4551 5432 6568 4588 2780 5826
5358 3354 3569 8265 3399 5071 3177 5245 8269 5577 3700 6027 5431 5620 2145 8667 7879 3441 5766 2091 3012 3869 5280 6349 4272 6895 7755 5308 2198 5853
16 3 29 25 108039 1.0884233169920157
28 12 5 29 112546 0.9961242066617013
18 8 7 3 60673 1.016951308920948
0 7 8 20 60979 0.9661754273151095
18 22 14 11 64304 1.0133950585692304
9 6 22 14 65374 0.9582781637054217
24 6 10 15 76036 0.9395026080580642
6 12 10 26 55547 1.0179445062809402
27 29 8 27 62543 1.0972635217429174
19 5 8 10 58799 1.0672565105119858
12 4 16 17 75699 0.9600215507557597
23 27 7 9 92831 0.9099058474485563
0 25 16 5 105802 1.0712543143824136
29 5 9 16 98265 0.9050417651522714
24 17 28 5 54356 1.0417515698792625
14 25 6 5 88499 1.0296604334833066
6 25 14 22 50160 0.9495823894626536
16 14 27 16 44329 0.985203157049752
29 2 28 13 33666 1.0155099283065356
2 23 16 25 72041 1.0639884668770248
19 4 27 19 67103 1.056337792170561
15 0 26 17 87173 0.9208857254745167
21 28 14 15 62623 0.9082382816753233
1 24 11 18 48033 0.9780541157575616
29 5 0 28 135172 0.9471787535857746
12 20 6 3 65236 0.9938033913225351
15 3 28 12 79668 1.0747523474267178
20 9 4 6 60103 0.9805492768555831
11 1 28 22 111998 0.9087822858118588
19 6 17 23 66073 0.9837028326453198
28 14 18 11 41793 1.0713820855345157
16 1 21 28 91249 1.0755556025476074
7 2 8 25 64510 0.9176891908532103
16 13 6 0 79111 1.00230004570873
17 2 21 17 57939 0.9212016898934936
19 11 4 15 62362 0.9626993512059469
15 11 0 25 92606 1.0523166814484677
5 20 21 19 46717 0.9033994345230293
23 11 2 29 107540 0.9672413177634591
5 18 24 8 95916 0.9539915541606628
27 24 3 18 86686 1.0635564498401795
0 27 0 9 75774 0.9348841853377543
6 0 29 3 72674 0.9909691396770346
5 7 8 17 39474 1.0679161624946614
22 18 27 23 35818 1.059159320257695
8 15 15 5 64181 0.9712293857369598
6 13 14 11 45321 0.9413183914456751
25 6 4 10 74264 1.0618764728171326
11 18 13 26 43123 1.0703621131330863
2 0 9 29 95550 0.9592468263274853
0 4 16 26 119150 1.0335078286457096
11 9 21 2 57946 0.9320673608135233
21 15 3 6 82878 0.9364505074888784
19 11 2 24 85751 1.07587744662736
27 19 9 14 66081 0.9472361249664847
25 27 21 16 45327 0.9544245740907809
24 22 12 23 62397 1.0877795447538223
1 4 23 7 81722 0.9574549560482168
18 1 15 8 45113 0.9402942728087251
29 6 7 2 79132 0.957053020816294
20 5 29 11 43731 0.9557661065067385
11 17 1 4 69406 0.9488776669716698
4 22 24 14 73772 0.9600467360135707
10 29 3 20 45140 1.0257630988709003
15 22 27 29 60931 1.034684257340536
13 0 16 29 124686 0.9628330335609074
4 1 22 1 46927 1.0635317634204329
22 14 22 1 46604 1.0382604408276248
11 9 14 18 48370 1.027359711808907
29 13 0 12 101555 1.0474468537286785
0 26 23 1 133345 0.9027545338501164
20 17 13 7 64477 0.996835417492647
24 5 3 13 93014 1.025878201740451
22 28 28 22 39497 0.9835212500331403
4 6 26 24 107198 1.0039222821412903
22 28 0 1 124723 1.0452907666376587
1 22 0 1 69598 0.9836235347132378
24 4 1 11 97218 0.9211676635369606
23 25 29 21 37147 1.0667484877654902
16 16 3 10 65545 0.9879885304257117
29 25 7 14 89072 0.973422393682267
18 3 14 19 73668 0.955111168875802
19 13 28 0 68590 1.0100520324096665
12 22 18 8 78284 1.0200791945978127
20 0 4 4 53462 0.9754592581217137
26 2 9 7 72910 1.0147729383693969
8 21 25 29 78901 0.960762798273058
11 18 25 5 87731 0.9806146694504808
17 22 24 28 43607 0.918798440994182
26 15 22 8 42561 1.0796608120865885
6 6 19 15 68964 1.0125609512088072
6 28 14 1 91410 0.998434373726375
3 29 10 5 83476 0.9570991717135753
28 5 8 21 106884 0.9652396658248728
12 4 23 10 60159 1.0862286825703893
28 29 20 23 39992 0.9426005880851498
6 24 7 14 27282 1.0615467820329585
16 21 5 24 53989 1.0398947035695167
29 14 6 0 101633 0.9478492979209849
29 20 13 14 63846 0.9225415604884458
11 10 12 28 70163 0.905947348667912
28 23 14 24 61665 0.9521830350167557
18 7 17 16 47410 0.9785466165158329
1 6 9 23 70488 1.0046206842815806
15 27 25 20 55930 0.9754249503430059
0 4 14 15 80791 1.0358119176090208
12 21 27 20 54775 1.0830929704163488
26 16 11 15 56663 1.0622812242244877
19 18 23 11 38871 0.9628673978765278
22 6 2 13 81330 1.004202659370151
5 27 26 20 87155 0.918014505600429
10 3 24 28 115952 1.06619032275479
19 5 19 26 69523 1.059433914798634
20 16 21 3 44285 0.9059490378677232
4 15 11 11 37332 0.9404894333411917
24 20 8 22 62969 0.9357803429516985
8 8 25 17 91759 1.0717646918689767
9 23 9 5 66999 1.0878834466377494
15 0 1 8 59524 1.0651121679390623
22 15 22 3 49264 0.9980930535889199
14 14 23 13 35326 1.0451166222748132
28 12 6 19 79270 0.9875369613781877
10 11 27 18 83863 0.9661075602350402
25 1 18 24 87590 1.066646367158863
14 4 25 14 69649 1.039140162320545
8 20 13 14 34672 0.9943480553197566
12 8 11 20 51011 0.9443088661877039
26 25 28 4 70835 0.9306051236512785
21 13 0 10 84583 0.9825294952770833
20 23 20 12 36627 1.0864986705530169
6 17 12 11 42168 0.9333241363082461
4 3 3 13 32559 1.026554207512623
8 0 15 6 46860 1.080134756336075
13 7 26 28 99995 1.074289227397241
12 10 4 21 53027 1.0120177400233767
26 29 7 2 119767 1.0098164615584784
7 1 12 19 61546 1.0018288920875857
23 19 5 9 77085 0.9641582926640998
5 20 26 12 79246 1.0849671143894308
28 1 5 11 96083 1.0195873244342355
13 16 10 5 60541 1.0042590081086828
1 16 13 3 78820 1.0950219712702205
6 6 2 27 63580 1.0783227405353615
0 29 18 10 110329 1.0015989279561877
22 6 19 29 71563 0.9808446790835244
2 10 18 16 78148 1.0675361798714393
18 5 6 5 51457 1.0796222045961323
21 0 29 9 47330 0.9260104680223616
28 0 14 28 117421 0.969245607428971
18 10 23 21 46039 1.0465612466739724
13 18 14 0 89939 0.9775926381589407
23 3 15 22 88660 0.9002799928833494
18 22 1 0 113993 0.9626058165144104
17 15 25 21 50909 1.042169747003588
23 21 13 2 90253 1.0709026330447577
24 13 10 29 85081 1.0487644427329128
4 13 29 17 84183 1.021907650549743
26 11 26 1 35197 1.069263765526306
9 15 15 29 75019 1.0048299889321908
27 15 14 23 73971 1.009424938484561
21 23 15 3 81080 0.9751071671086822
17 3 16 16 73711 0.9594877614689978
10 11 26 5 75997 0.931261036670943
11 1 20 29 109378 1.0149694602483945
1 3 13 9 61540 0.9490582091965534
23 26 12 19 52302 1.0133641212684554
6 21 22 6 86537 1.0071050420145797
18 4 9 24 101435 0.958909562559999
19 15 28 7 54502 0.9966664627800191
8 20 16 2 83118 1.0447622613285177
27 1 19 29 102052 1.039323071949629
29 25 20 2 93688 1.0799706456947153
8 26 11 8 70170 1.061558519877075
22 7 14 29 87227 1.0991216895096434
6 11 0 29 69142 0.9009845072652441
22 5 5 21 92439 0.9885394996299823
26 4 15 12 63641 1.052573708923252
17 16 6 17 54116 1.074877022737639
16 10 5 3 67437 1.0543480085096069
23 9 16 16 54381 1.0272801778669527
24 14 4 14 65053 0.9704345747150719
1 3 22 26 119239 0.9047764846935336
3 14 22 8 85186 1.099810458685116
13 12 23 14 42398 0.9452730225730696
17 21 24 24 32773 0.9402083291432431
2 28 25 27 68465 0.9378301668089806
28 4 20 14 54090 1.043510954294301
7 7 28 27 109362 0.9506748162697347
29 8 0 14 103794 0.9275429380625226
2 23 20 28 67007 0.9928856273514803
16 6 15 20 66846 1.0411847292388174
2 14 11 27 62433 0.9214031661587955
29 19 23 3 70042 1.0288195094660382
6 2 17 4 49600 0.9128152597414406
1 22 29 1 128595 0.9128013192416204
24 16 9 11 78008 0.9061628369019067
29 19 8 25 80356 1.0748793424540397
1 24 1 2 74908 0.9626767495259887
24 1 5 13 91175 1.0902291112227531
14 28 22 17 49454 0.9926540520997791
8 16 22 16 65916 1.0253772758546593
27 19 4 7 89588 1.0143979987226523
25 4 7 14 92617 1.0628590412446046
3 18 14 19 32235 0.9464345557906689
11 11 15 4 44284 1.0679572667733748
12 4 16 13 65153 1.072998621919448
5 29 29 23 84290 0.9640944248809893
8 10 9 19 31014 1.007655725744587
22 10 26 16 37438 0.9649686650775064
17 14 26 25 59694 1.0435051756663278
8 9 10 28 60312 1.0438189529052653
1 22 24 1 112906 1.0294615391808979
0 8 20 2 79204 0.9660116407013599
0 28 10 13 69325 1.0305186823557007
0 20 29 27 103614 0.9593509683655117
27 16 1 8 111470 0.9823378444457523
0 11 12 21 64932 1.0794513491499829
2 12 4 29 46926 1.0940402062902028
24 5 13 3 58770 0.9995247608005051
21 10 7 8 58362 0.9625231557809013
19 2 19 26 80533 0.9875345434204775
28 14 18 8 50950 1.0876593322847343
29 18 3 3 115847 0.9450225413942944
13 0 10 16 78258 0.9704063332194852
2 8 26 18 95290 1.0373007690913303
1 2 18 23 112666 1.0321913294375618
17 19 12 10 51230 1.0862384946252452
9 9 21 12 55220 1.0761347226185378
18 24 29 8 73929 0.9050573703536101
7 26 9 18 28278 1.0837077475447854
20 6 6 26 99359 1.044353776478078
3 14 10 9 41314 0.9483714484097863
27 21 21 7 57865 0.9858397434370444
8 1 6 12 38107 1.0481031918810293
7 13 25 13 66588 0.9990808626546548
1 4 12 9 53807 0.9851534786370045
26 17 18 28 50141 1.0582854700534658
29 0 12 3 63810 1.0643708189388459
27 16 10 11 78661 1.0056788274186392
27 5 26 24 70405 0.9258097916062453
11 24 3 13 53050 1.05507461295453
8 19 25 0 104462 1.0664200594686168
9 20 27 9 87273 0.9042704504669282
25 1 28 12 45835 1.0807451121120457
25 7 8 24 109439 0.9920035202821174
21 2 2 13 83813 1.0159278145518376
11 27 25 23 66150 0.9693392972667231
12 21 19 15 41311 1.082413679159129
26 20 11 18 49551 1.095320172834658
22 11 7 9 66382 0.9167516008012754
6 24 24 2 116430 0.9689410907601117
19 6 12 19 57956 1.0808254146112084
21 13 4 8 75528 1.0680997326037824
1 26 27 29 81733 0.9598874366887832
28 8 23 3 40256 0.9467104455088939
11 5 0 26 94640 1.0720111340712013
3 12 10 1 48599 0.9491024509164552
4 2 1 17 48960 0.9399808265005651
7 14 14 5 52555 0.902196782469028
23 23 12 25 56573 0.9237538498943221
20 26 3 4 110287 1.0204974023889568
7 26 5 12 42056 1.0971860545050707
24 29 29 15 58107 0.9810517636950388
18 26 11 7 96837 1.0616263852961736
28 26 14 2 121818 1.0295854941111495
19 2 14 16 71270 1.0010265400660734
9 13 4 3 46495 0.9542825430520849
28 5 1 2 92683 1.0931838322342313
12 22 4 25 46283 0.9832559873611011
1 26 20 4 124427 0.9196503120415681
8 5 4 17 40947 0.9616841130495278
15 9 22 17 51134 1.0112204006401218
14 11 24 21 67082 1.0475035531544097
20 18 18 29 43532 0.9542742547501095
13 18 24 7 80428 1.0346408791137265
15 29 9 4 99301 1.0846525149590278
0 2 17 22 111409 0.9515517571992144
19 5 13 23 82290 1.020206443839538
12 22 16 1 96135 1.0464704668478888
18 7 7 0 58722 0.9108357471148966
20 5 10 3 54123 1.0104089769555058
20 23 3 28 67593 0.948641861236314
9 24 27 4 116686 1.0601633945979718
9 12 28 3 99784 1.0690097857905116
6 9 29 29 111636 0.9806183674266676
21 25 29 5 70543 1.0795001675397826
12 3 24 21 98945 1.0496733705595864
26 3 14 2 47334 0.9125666666250337
8 12 15 17 46563 0.9608276033711878
14 16 14 4 73465 1.0921552652431017
23 0 19 14 58951 0.9926852130530863
14 12 12 1 61091 1.0512066472570194
22 1 27 6 32144 0.9937821052725329
19 10 9 20 59715 0.9981698698796501
8 13 16 29 71853 0.9487527662615535
28 29 17 20 57819 1.0264891365683835
15 28 12 14 65748 1.0415556224315543
29 16 13 24 75608 0.9815908245178334
5 1 5 15 44229 0.9934455680736045
12 16 6 3 64318 0.9173762964610851
27 25 4 0 134150 0.9424209189108352
5 4 17 12 75156 1.0526996611074986
6 22 20 0 99274 1.0432967202993537
6 1 28 2 63650 1.0457167731812387
18 2 8 2 34338 1.09540398114877
22 29 5 16 88835 1.0473653032065533
22 21 11 8 75383 0.9010801945696644
26 7 24 21 57576 1.0764047194300301
5 26 28 18 93704 0.981695489923996
25 8 8 9 82786 1.0284690495525084
16 5 28 9 54599 1.0391737676204111
25 24 1 1 126635 0.9963626805097889
7 20 19 8 69297 1.048046246081681
14 27 0 29 54798 0.907375476088283
9 28 13 21 42193 1.0744218875345257
24 28 15 7 89556 1.066263552144735
24 15 25 24 48034 1.0864148303070653
4 24 23 8 100549 0.9344070317320716
9 24 22 6 94346 0.9458776214509228
25 16 4 22 81380 0.9417074962666101
2 23 10 17 44144 0.9104602689187583
25 22 5 14 81398 1.0085165628074726
18 20 5 4 82985 1.0052671824106745
11 23 0 20 46458 1.012383907651274
10 5 29 1 72215 0.969983334141826
26 25 27 5 73283 1.0210735639403277
8 0 25 17 107271 0.984253296783541
19 25 2 17 73828 0.9746750157382219
2 0 27 4 79617 1.0334872828113209
23 7 9 5 58960 0.9721040415141705
15 17 19 10 40789 0.9539953858478228
27 6 15 26 98767 1.062082219302206
11 22 26 24 66173 1.0163585417955008
18 20 10 22 38107 1.0217534954396934
14 10 0 28 88654 0.9563084858229283
1 13 29 6 108431 1.0094452134461473
3 26 18 3 117535 0.9836505228996992
8 9 3 28 62394 1.0731576574255872
11 12 23 29 84305 1.0140888308025477
18 13 27 0 74220 1.0474495117131932
7 5 27 24 108490 1.0809937170706831
3 6 16 14 62607 1.0523179117019805
29 27 4 25 77911 0.9566231972597381
7 25 14 13 56154 1.084516530289998
8 18 20 22 48899 1.0774515397826367
13 10 22 20 61462 1.0781292276554908
7 12 17 19 42138 1.076859460340355
27 23 19 26 43181 0.9646360767405637
28 16 15 23 71142 0.9462044615734412
25 16 2 12 94300 1.0781036699213329
22 8 20 28 62842 0.9579050473418822
25 5 19 23 75728 0.9252688542115756
7 11 1 3 42040 0.9741027496840947
15 9 1 27 100207 0.9990535103569017
7 4 28 20 102860 1.015034358885874
23 6 11 4 46723 1.0736427844571645
3 19 2 3 47421 1.0261031582227162
2 28 3 12 47154 1.0079536890261358
13 8 25 23 98955 1.060063781725391
9 11 24 25 96769 1.0986569189678006
29 4 12 3 67470 0.9014562410749335
26 10 12 22 83320 1.0202649085001745
22 11 15 28 66732 1.0149382171513075
9 25 3 7 69075 0.9575165846661411
29 2 28 13 33666 0.9519409991653223
8 3 7 18 47076 1.02281211779962
15 18 22 25 39859 0.9602930576740429
6 18 27 13 76176 0.9254229142974227
20 17 6 21 50067 0.938610234301427
18 8 4 20 84551 1.017250950200004
15 17 6 13 46227 1.092323774225014
8 28 2 22 36253 0.9147176295007452
6 8 15 28 77704 0.979532146999871
8 28 13 4 89422 0.9045972911647125
12 10 29 18 78344 0.9715073706340365
17 1 7 11 53938 1.0431575860876539
21 5 25 23 68037 0.9482114700936648
1 17 15 19 44149 0.9366864791012275
28 9 2 12 109047 0.9954748096190901
20 28 4 7 95004 0.9160901980110497
7 18 5 7 37019 0.9097700653122973
24 13 27 28 60078 0.9650362953911695
0 19 17 1 86193 1.0365666208892286
17 28 0 22 73325 0.9477228548062022
21 12 2 16 78068 1.0759073670547097
15 27 19 14 61616 0.9471596580410279
24 7 21 20 53961 1.0613027548432892
27 28 12 7 105392 0.9549014243848819
15 7 8 25 85519 0.9430141067944311
13 6 20 21 69760 0.9518261591685497
6 27 5 10 53440 0.9550381749861268
2 9 16 20 68611 0.9131228733049204
16 16 6 7 64677 0.9384324292718986
21 23 29 20 33546 0.966394539844551
27 21 5 19 67503 0.923149999979399
6 4 13 22 73042 0.9206065498950178
14 4 23 26 98496 0.9989881448964278
22 20 2 27 79634 0.9283976417772145
3 3 17 22 99945 1.0446360437501907
1 15 22 10 84261 0.9342587254961765
27 5 7 19 96762 0.925415707338747
21 19 12 28 46847 1.0859873316733462
8 26 17 29 48649 1.038631553579151
24 5 12 21 88121 1.03893628444086
9 18 1 21 30120 1.0497150362322345
25 26 9 26 70577 1.015226261177105
16 27 9 10 84606 0.9561631926438264
19 24 23 7 65393 0.9696591431729571
1 1 11 14 64714 0.9095209255273148
22 5 0 0 79030 0.9309500906882305
20 10 25 18 43798 1.0994501312918952
29 6 0 1 90765 1.0512952171753913
0 23 0 0 85971 0.9203642662819448
23 24 9 13 75845 1.0472813214721466
18 9 1 18 89290 1.076408435004844
9 26 25 25 76320 1.0092358423770231
29 0 26 8 34267 0.9675754055010516
15 16 24 24 53103 1.0918630953294508
0 28 0 4 85486 0.9733879468084984
4 23 1 16 28676 1.0385809710858958
26 9 12 29 97514 0.9178815840188138
5 12 13 28 64160 1.0769710200896376
10 1 3 26 83712 0.9800081318818092
2 21 5 0 63616 1.078341633169786
23 28 15 25 35309 0.9675591067215338
26 12 1 27 111619 1.0086319701464186
2 28 16 22 68361 0.9159603286173845
19 22 2 13 70831 0.9771751233945704
3 21 0 14 30458 1.0260677077777085
19 10 13 28 75602 0.9562494274477884
12 17 0 13 52305 0.9401441142083188
17 10 7 17 56396 0.9214785164042902
26 3 21 12 41219 0.9143951711478657
29 5 16 24 89622 0.9290035465868236
27 20 7 11 78196 1.0321701114195065
17 29 6 11 84415 0.9135765775769414
23 2 8 19 92387 0.9700078443036081
21 26 2 4 105943 0.9646330342171838
10 1 5 17 57211 0.9462267014363085
20 4 14 9 47543 0.9256592454153012
21 20 5 26 71345 0.9641348493940073
18 15 8 5 73130 0.9834253600958272
3 18 10 26 50693 0.9496623924131405
12 15 22 5 66538 1.085092902834834
14 16 5 8 63957 0.994713379807326
24 6 9 21 88656 1.0002318739313483
7 24 0 13 44384 1.0195538903977108
28 7 17 1 55318 1.010842279227514
5 24 29 16 90297 1.0328104162049088
25 22 18 25 45893 1.0296028563939006
3 23 19 23 72203 0.9951958958425564
22 13 13 6 53251 0.938008568791225
11 1 17 9 57993 0.9360859399128386
0 9 1 19 42457 0.9318973315727264
11 15 5 23 46676 0.9631274442186665
3 29 28 15 111961 1.0872834994053402
15 15 2 0 80812 1.046892294707597
27 16 16 8 69225 1.020029745459278
24 9 13 21 73223 1.0704033075465564
1 3 14 11 72747 1.0095943657266087
2 26 0 1 81311 0.9754005036910709
14 3 7 23 84532 1.0529733241558066
23 12 10 25 81756 1.0101934819772067
12 2 23 13 75577 0.9178854164772997
8 22 29 20 75003 0.9715290745121836
25 27 16 1 106438 0.9746437364195147
12 11 19 14 40324 0.9449682068039701
24 8 17 17 60486 0.9537050906942108
11 2 28 10 82221 1.0239727784458128
8 11 18 29 85906 1.030721880927986
24 18 15 14 47245 0.9954844401032422
29 17 5 15 87696 1.0123361215623545
24 5 17 9 40122 0.9244641170664317
1 22 13 14 52506 0.9408991450355225
20 22 3 17 62410 0.9239804567100257
29 7 20 24 68471 1.0768195902074282
2 7 14 28 86802 1.0061282218861671
1 16 11 1 65387 1.0909519341952039
6 12 20 11 64710 1.0552606495629537
28 27 16 22 61037 0.9911890364299498
24 21 5 8 91528 0.947487185832477
13 18 24 20 40726 1.056417836562214
8 14 14 29 63413 0.9348274671643761
8 27 2 14 50589 0.9894121898823314
12 24 23 7 95044 0.9331694474632323
15 6 24 7 34818 0.9020209180255232
13 24 29 2 110438 1.0901721127239477
23 8 28 13 47479 0.9636236983282136
10 20 7 3 55356 1.0107490471132532
18 9 12 0 57112 0.9378195538581597
0 0 27 1 77795 0.9631027367251388
19 20 0 16 67506 0.908766238749913
1 0 20 6 71760 0.9862376062028824
4 22 19 16 56697 0.9483040780211468
24 4 17 10 44924 0.9152471494129819
15 20 11 27 39939 0.9136423701712352
16 29 16 2 110912 0.9015308085843251
16 19 26 10 52808 1.0187976381910622
15 23 23 2 93676 1.0015512865752656
26 28 10 3 120425 0.9681286358908826
8 6 4 14 31047 0.9304828476277733
22 1 0 9 83363 0.9362910812365028
21 4 5 20 88643 1.0337775026373017
16 7 7 22 75885 1.0799725437159464
12 3 24 24 107746 0.9417755109815257
9 13 21 14 44925 0.9460985937223916
18 19 27 6 63350 0.9846931025243891
19 28 9 15 82065 1.0471569907799707
26 8 5 29 120872 0.9085043643721776
15 27 25 18 61248 0.9244898588949225
29 7 6 5 78998 0.9886069261335848
6 21 1 28 29948 1.0364559688766954
3 12 14 12 50483 1.0073852624550306
9 28 26 11 93595 1.0972360210864638
28 19 8 3 106968 0.9232429775140374
18 21 28 29 48773 1.0522387156905992
28 9 6 4 88200 1.0120288487119216
11 23 21 29 53047 1.0266148418769343
21 19 8 5 78688 1.0368578929766772
26 29 24 3 99748 1.092226803591871
18 10 16 18 43406 1.0312214156868436
24 12 27 0 56827 1.0481002634450975
0 15 12 3 74206 1.0437128903222348
22 29 7 22 64839 1.0283405103926249
0 20 15 29 69442 0.9999412628718605
3 23 27 4 124583 0.9738679163453776
18 5 17 21 64455 1.0072756041557136
1 23 7 7 57818 1.0630949381511403
15 17 7 27 51561 0.9608767780891073
29 13 0 28 114831 1.0524600190368156
6 11 19 10 53633 0.9097083491703563
19 24 8 5 90750 1.068111940324367
24 0 12 15 90113 0.9972006561827751
11 26 27 29 54699 1.0485062606252185
24 2 19 15 59942 1.0965069471628677
3 5 14 18 70842 0.9995665724205406
22 27 29 21 46563 1.06881440727926
29 16 11 15 62296 1.0579976912711757
11 2 25 5 66081 0.9701332148388842
20 24 6 11 76904 1.06266526106646
0 6 22 20 94030 1.0187555167895677
13 22 4 19 37203 1.073721584059904
13 0 7 11 51508 1.092898164077084
6 2 20 1 40132 1.0600280120194723
28 7 2 16 112375 0.9288435166144767
6 28 6 2 73416 0.9223211789303867
18 3 22 12 46802 1.092104484018734
11 26 29 0 125602 1.0743080454762401
11 17 10 27 44537 1.0854700673433029
3 1 25 0 63039 1.0612628300925162
21 26 12 2 97465 0.9324215330348524
13 3 7 7 39796 0.9502682809838969
20 29 9 15 85755 1.077716419853132
16 14 22 18 32976 1.0653707091556415
25 15 9 5 89380 1.075141161749115
20 23 13 13 60463 1.0934331717101569
1 25 3 13 45901 0.9856093878004499
4 4 14 22 77376 0.964068762382316
1 0 24 11 102327 0.9632258848400264
0 5 23 22 112765 1.0019588623837639
10 7 26 21 98805 0.9028149833419112
14 3 10 13 62093 0.9381380689214375
26 28 3 18 85625 1.0971096317523152
19 11 7 16 54420 1.0951577327781907
15 19 1 6 70759 0.934418753275462
8 27 26 9 109475 0.9919993353821899
4 0 15 6 49774 0.9330900138466579
15 19 3 8 63127 1.099701906312288
1 3 23 15 108001 1.0201542426936825
5 26 18 9 101465 0.9775385303324724
27 8 8 2 82079 0.9139778433124087
26 3 0 5 92251 1.0387913816676684
29 10 9 9 84319 0.9891855276092988
29 22 8 10 95309 1.069803795470563
23 27 2 19 80120 1.0320227859328577
0 10 10 1 48680 0.9791522267936497
27 0 6 6 80086 0.9258476076858881
26 16 8 28 83725 0.9752180549562836
4 5 27 11 93243 1.0436604237933693
6 24 23 13 79136 1.04910605530021
29 18 27 27 37833 0.9531768385775953
2 12 23 28 94316 1.0084164466096408
17 10 4 9 54129 0.9139194365053631
21 25 24 8 62047 0.9217512627353436
19 22 20 12 36883 0.9715176165457043
12 18 19 3 77342 1.0407893955851102
2 7 13 21 67963 1.0654468033912745
17 16 2 15 67367 1.0526930421281895
20 10 13 0 56732 0.9863174653044433
5 16 17 2 83740 1.0031725907605822
7 11 24 2 80678 1.0292797951761903
6 14 28 16 80678 1.0189649330643016
29 20 20 12 45307 1.0981844546376807
19 17 12 21 35473 0.9387303650834303
23 8 6 27 106720 0.9040346827939733
23 14 4 21 67858 0.9822196091746614
2 5 6 29 73982 1.0916919156255054
15 26 27 26 50438 0.9267246400566747
28 10 4 22 102346 1.0415307350570209
2 6 2 26 63051 1.0341652331366453
29 5 4 11 93448 1.074513891899799
3 28 20 15 82383 0.9315418389925484
10 2 29 4 65935 0.9436078237180405
10 6 21 5 37803 1.0048560734803156
2 27 17 8 112318 0.9511151842373871
26 5 19 10 34350 0.9784857069096656
4 26 5 10 42715 1.0986217252505899
22 9 5 15 81062 0.9711104345620649
1 16 20 4 96180 1.0652892394778786
12 22 9 15 45687 0.9207010540489918
24 13 18 22 46331 0.9896457689849352
27 18 21 1 73872 1.0019970642192317
29 19 2 0 119025 1.0235944732168152
24 23 24 8 73301 0.9630218616509245
21 2 24 26 85263 1.0307017702623706
12 10 13 26 73408 1.0736661358935058
8 7 20 29 100095 0.9043532930535118
5 24 20 26 66617 0.9955763886475576
11 20 10 1 69338 1.059920519885813
4 14 21 19 55564 0.9745810009724973
5 17 3 3 44695 0.909364484956034
21 18 0 29 88101 0.9589921676354807
10 3 1 20 76859 0.9935948227863941
22 26 12 21 50003 0.9443695258373908
26 20 6 11 79574 0.9360032072214272
3 3 20 8 71010 1.0127662864136817
9 11 27 22 95779 1.0469388980478929
15 19 2 22 42466 1.0247749298628437
15 26 18 9 81605 0.9448013945853038
3 15 16 20 54318 0.9933635762098656
1 14 7 1 47609 0.9218810966101089
26 6 18 21 65452 1.017715466848816
3 20 19 22 57782 1.0000027355785084
29 0 4 5 82216 0.9078122013493276
1 2 16 10 75122 1.004313906385307
9 25 23 10 91814 0.9686049631202082
15 13 18 26 62746 0.9692608237381942
26 17 15 13 48596 0.9013711550871025
27 10 14 19 65601 0.9707607497631271
12 17 20 7 66040 0.9497323507648932
21 11 24 4 34506 0.9295660872187632
3 28 20 9 99403 0.952218014082912
19 23 8 19 44491 1.0309410450157512
15 10 14 22 64131 1.095399858030994
25 0 28 23 85673 0.9678746073099906
29 28 8 4 121639 0.927225825458264
17 19 16 3 70590 0.9980091185875214
20 12 15 18 39081 0.9964301586806557
27 29 13 13 87107 0.9469166405847924
15 10 5 4 58364 0.9153237009846446
8 8 6 19 36831 0.974041201081847
27 29 20 25 33244 1.0857313224642586
25 19 11 4 86056 0.9835160585061289
28 22 22 10 61860 1.0461513023703026
24 8 13 25 100310 1.0274029250343368
15 22 29 22 61508 0.9840756331825771
20 4 4 14 81516 1.0036560338642218
7 9 16 28 73761 1.0650921381443057
10 9 15 24 74143 1.0190289114840183
27 24 13 13 81050 0.9737977894288161
23 18 29 13 37455 0.9603108565195646
8 10 29 9 85352 1.0689537785022554
8 13 26 1 93513 1.075559436198255
24 11 13 29 86237 1.0916300685149816
25 4 8 12 91284 0.93374288347389
24 15 12 13 51185 0.9588218846236889
20 6 25 22 64471 1.016193587226633
28 4 0 15 116402 1.0687836844589556
27 6 5 15 97509 0.950196102221625
12 29 18 1 114937 0.9044843588793229
11 2 22 20 87537 1.0095228872462765
24 28 10 19 59187 0.9313925109362657
6 14 29 4 98405 1.0687443130582295
25 19 19 3 65432 0.9879528204046752
14 13 6 0 72591 1.0197961238401039
7 4 18 24 94387 1.0218800970748072
6 23 18 5 93090 0.9632785245809493
17 4 22 22 71617 0.9447570536678193
7 5 1 24 66219 1.0646878559415303
13 27 11 0 107717 0.9744023816229106
21 0 2 15 91738 1.0070618121676886
23 12 23 1 46675 0.9013113287808917
27 23 21 4 75605 1.0907627018331065
3 21 13 27 54511 1.0193960617443012
1 23 11 17 46343 0.9449742094304704
15 14 14 3 62624 1.0167468221202816
6 11 9 3 39440 0.9442156891486351
19 1 7 22 85978 1.0432453403100985
28 18 24 29 53254 1.055199613069329
27 11 3 13 94443 0.9068298679689605
12 27 23 10 83995 0.9979690208732679
2 17 24 27 91271 0.9358340968891575
6 14 22 2 86988 1.0966338418710049
5 9 12 20 50543 1.0526757738128405
13 16 24 23 62926 1.0179773357161301
24 27 19 16 48928 0.9142523613993755
16 5 4 2 51752 0.9427405860470179
12 4 8 20 65917 0.9409149028234387
17 5 19 21 61124 1.072759153283461
15 21 27 9 76145 1.0989725556049077
25 11 4 6 89484 0.9195643551931306
27 13 0 10 102557 1.0046170184761718
19 10 28 7 43321 1.0078256462809216
13 16 7 9 46135 1.0722961327286313
13 14 23 13 39471 0.9243413067466418
25 2 19 24 85519 0.9144288431720066
15 4 16 23 95341 1.0456051907168036
29 16 21 28 52277 1.0296833962044896
5 20 28 22 80207 0.9929469252104353
17 21 13 3 91844 0.9175260276417422
7 19 29 8 87464 1.096001894547132
9 13 6 2 46613 0.9522724212940463
22 13 8 27 88318 0.9776344607496812
14 8 28 10 69402 0.9368469705715473
16 5 19 13 38705 1.0553442096905004
13 18 26 0 99685 1.0806448918353253
2 2 25 11 105339 1.0202420424087875
2 29 23 22 82748 0.9856462404588353
23 20 3 25 75892 1.0630189701050092
7 18 16 14 36127 0.9128165574986863
18 6 16 18 56142 0.9992397662966269
26 19 14 9 71804 0.9930541712212511
28 10 25 24 56431 0.9739811747245705
13 27 4 1 99055 0.9991218634986189
9 26 25 11 107425 1.0367562567515123
23 16 1 3 115237 1.0523306421958685
9 5 6 20 50082 1.0678784821774976
8 18 0 26 55693 1.0968218532385474
5 20 1 28 29574 1.084995344142275
28 17 2 22 87946 1.0110356084410617
8 29 21 27 47171 1.0754797607032032
21 24 19 16 26741 1.0406040735958384
5 10 16 28 78388 1.0612240483905278
19 25 18 9 60735 1.0031231626203982
26 18 4 7 89897 0.9272759539768131
25 10 17 29 83088 1.0460501303857115
23 13 19 2 50882 0.9920802730519922
7 9 10 20 38347 1.0062868164283783
23 27 1 15 96006 0.9869616114460181
4 14 0 26 49479 1.0140674275426682
24 13 15 24 61649 1.0586076956097283
16 23 10 10 69449 1.0928020625529176
9 9 6 17 32779 0.9113554368788126
25 28 17 19 42010 1.0630217991416024
9 13 2 22 43416 0.928367100887596
14 8 24 25 92910 1.0885675987326768
20 12 3 22 78394 0.966126118497811
11 29 28 0 129493 0.9851190675201055
22 12 19 1 44768 1.044884606166814
22 4 11 27 101888 0.9110280943687393
12 3 8 18 69244 1.0943583173660696
26 25 14 19 53792 1.0092900907415379
22 13 9 10 60869 0.9749026457494394
11 13 23 11 58891 0.9904016761757745
11 17 27 10 76068 1.057181648180041
22 15 0 5 103502 0.9231177864894752
24 9 26 1 39356 1.065927977474837
14 1 9 21 81178 1.0220835889741526
19 23 13 11 67997 0.9960102697034992
6 2 0 11 49132 0.9644206919801145
6 26 1 0 88714 1.0390751268787244
20 18 8 0 90907 0.9829987669441711
15 28 21 10 63710 0.91392976437435
23 7 12 26 104558 0.9521888931199461
22 3 6 29 119453 1.0892807730300849
2 14 14 24 65284 0.9656703907057196
24 16 8 1 98187 1.091593460072737
0 16 22 19 73204 0.9617221701735061
21 19 21 6 36178 1.0569436089477222
16 22 11 2 94504 0.9906532581398633
22 29 21 20 29455 0.9728021077173336
2 11 0 28 58194 1.0229774289678533
2 18 19 3 95699 1.0599043047404293
7 10 24 12 72221 0.9029404984698198
9 26 20 8 98546 1.0991233748990052
12 19 1 3 72768 1.0569149702843126
13 23 6 12 53524 0.975960042899112
8 4 1 11 43708 0.9464617661400997
7 7 21 27 87947 1.0671333132112895
19 9 18 18 35393 1.0085103965661795
18 28 19 14 48608 0.9149464950349268
12 29 3 22 48969 1.0915696034592157
12 17 1 16 48605 0.9951957625503884
2 28 8 22 35734 0.9289302410114189
6 5 22 14 79305 1.0353091879730583
7 29 11 9 66866 0.9567843917905582
14 21 23 19 36289 0.9901222258651132
4 3 16 29 100336 1.079610115313737
14 6 7 21 61858 1.0511642591293417
27 10 23 16 42979 1.0181472857938338
6 14 17 12 48158 0.9446169224585654
0 22 14 5 89812 1.0626385499022206
21 4 29 21 68593 0.9742387007980593
26 6 6 0 74427 0.9395755991963541
28 24 20 6 77308 0.939646118928132
18 18 16 0 79114 0.9655815621720285
1 23 14 25 68212 1.009416872886233
17 6 28 25 93714 1.0865643629669857
28 6 15 13 68080 1.0814018681489392
17 12 24 29 70141 0.9713667048702712
27 4 0 0 88525 0.9390534587974426
6 2 3 21 59224 0.9379814628388965
14 8 5 11 50236 1.0023773783786416
27 28 12 21 62640 0.9042744395684019
3 1 12 17 72419 1.066492110371471
15 27 11 1 109760 0.9276166788105618
0 4 26 22 121595 0.9163665148728367
5 9 29 29 115511 0.9673041802341125
14 29 26 7 99461 1.0291718772313778
12 0 18 28 113221 0.9434829635198758
25 16 11 12 67440 0.9416490425708433
8 25 16 14 59638 0.9885313816963074
8 28 0 16 56734 1.0206418558008585
22 3 24 28 80617 1.092782711432843
9 3 0 16 68953 0.9917235123338801
0 26 16 14 85097 1.0146006379837922
29 19 22 9 53370 0.9370065347077399
0 13 14 16 60710 0.9417649105375334
15 1 17 14 63213 1.0841231838620222
7 21 4 7 40499 0.9138289736961924
12 5 20 26 94827 0.9784187836544431
25 23 7 16 74009 1.0629578299484237
29 23 19 22 48972 1.063170169070738
4 14 27 7 94220 0.9060115331727373
26 10 3 18 92579 1.0124946134340538
12 5 24 22 93154 0.9508478746317371
16 23 12 11 71506 1.0994045438410314
20 7 25 13 43657 1.0197232319915939
14 27 29 16 78462 1.0218810300766967
7 22 21 16 52408 0.9948515934340506
25 14 5 28 90557 0.9009616337479324
25 14 4 29 94547 0.9684666529996331
4 5 25 24 107077 1.0498432093116745
11 21 29 11 76211 0.9285691794806409
11 29 29 15 86448 1.0342765366895443
18 17 10 3 84402 0.9425073876032634
27 25 2 17 97655 0.9483323900071978
5 28 29 24 74800 0.9598062201496071
17 11 4 10 57068 0.9100944085604118
8 12 29 7 93072 1.0965812710469256
23 2 27 23 90491 0.9033983886404936
9 24 27 4 116686 1.0633218911904745
4 4 21 1 52308 1.0048341372643221
9 29 27 10 110223 0.9227516457477593
1 21 27 17 83025 1.0832323302566709
2 11 14 12 57919 0.9513057066122197
5 8 26 16 95486 1.0233086814934071
28 17 22 0 73686 1.0998993071614607
3 6 11 18 57664 1.0521349381275835
8 28 11 5 75349 1.0829224231892274
0 22 17 27 79174 1.0524214059284844
23 7 26 21 65188 1.031673043548421
5 24 24 27 73334 1.0616465092648162
21 21 15 3 76428 0.9769165229290184
24 29 10 26 56039 0.9612817573096438
7 24 28 1 118241 0.9156840343891107
13 1 0 14 65234 0.9177936345165434
13 24 6 6 73768 0.9855133363455055
9 9 14 29 83476 0.9008657191718666
5 12 18 21 66983 1.0659428208010717
11 4 4 7 30706 1.0418003777087181
9 28 10 3 89656 0.9458698666181924
2 12 12 6 47110 1.0440640984285328
23 24 1 14 84020 1.0538732326917781
10 2 10 28 85065 1.0657636923871177
9 10 8 24 47522 1.0697765485065036
11 29 2 17 56992 1.0387271661651964
9 5 28 2 77487 1.041456929566498
9 20 14 27 48554 1.020524556376978
29 0 12 23 118495 0.9707124508914997
23 1 29 14 52713 1.099113809070607
10 18 17 25 59545 1.0527884145185564
13 11 29 1 89070 0.9137808740066716
27 5 17 8 48207 1.0304236723030162
6 1 12 22 77084 1.030935747261854
9 3 14 16 77755 1.0902773214630026
26 15 6 6 90016 0.9155168725745867
7 0 9 19 53429 1.0010536256151188
9 26 10 13 58554 1.0176872612322512
18 19 27 11 52066 1.0135845098078078
4 6 23 8 71116 0.9466055885955856
3 14 21 27 79037 1.0862119920656674
24 15 6 15 66399 0.9845887130017701
4 24 18 13 74284 1.0790164265398274
9 16 7 28 43609 1.0544461653849155
2 21 20 27 77151 1.0310671107152065
14 29 22 9 79295 1.0143714456929454
28 14 21 10 31414 1.0123073084901655
23 2 21 27 78290 1.0982723041718399
22 8 9 9 62791 0.9784920737625583
7 5 18 13 69409 1.0040972024010997
3 14 6 29 46939 1.0887521758541205
23 7 5 24 106417 1.0847829277963636
27 22 7 9 92172 1.0171088768932062
11 27 24 18 70015 0.9780389385291453
7 2 0 13 52470 1.0899240060228794
7 24 15 28 33534 1.063681368438103
6 28 21 16 71034 0.9096218829477383
3 0 6 20 62340 1.075471751303386
1 28 21 29 59694 1.0562504028435833
1 11 3 2 32930 1.0673524876666158
24 28 4 24 65015 0.9896502686654065
20 17 28 28 47727 0.9474450661869338
18 0 23 20 77771 0.9875565396746468
7 21 7 11 24049 0.9101723723021441
6 12 0 7 42376 1.0556692812460415
24 9 1 25 115228 0.9482714332608841
18 25 10 14 68255 1.034914186138897
28 7 4 25 117787 0.9031088061942524
5 3 8 23 68191 1.080287959275065
12 6 17 12 50123 1.0720473893111118
9 23 25 19 63428 1.073410551632188
2 12 5 4 33413 1.0496240580163785
9 13 27 6 86735 0.9609779820445159
13 21 19 8 60050 0.9407473011599787
24 10 28 1 46542 0.9702012147670135
15 19 28 3 84504 0.9482404258481179
8 21 15 18 33539 1.0693082731448569
13 11 3 29 84430 0.9083855519049675
17 22 1 2 106770 1.0631784023118136
14 15 22 26 62562 1.0669961368889074
1 23 24 25 96171 1.0933495887282203
5 19 3 2 48149 0.9456569331472612
2 16 16 7 77775 1.0101474979790968
21 28 6 21 60513 0.9720086553646019
6 26 19 1 102968 0.9656550846946677
15 6 12 17 60197 1.048148074421293
27 3 4 14 102659 0.9484130487887792
0 12 8 9 43954 0.9168753909096341
11 14 15 1 61489 0.956857159668096
6 6 24 29 111096 1.0565183422238034
3 29 11 24 44560 1.0018174094655585
3 26 14 1 95030 1.0744725547509781
25 2 11 6 61438 0.9603091113620097
3 17 9 1 53866 1.0517590982177585
15 17 22 27 49901 0.9695340107985158
13 26 16 17 59024 0.9444099955606448
17 23 15 13 57676 0.9992154388107044
21 28 0 12 98781 1.0625380794199488
8 2 12 24 82025 0.964982561158829
9 23 23 1 110379 0.9047502569076015
9 21 25 10 83924 0.9000188641869558
19 14 15 6 39389 1.090208589447254
0 21 5 1 62557 1.0225924847723684
3 12 20 6 71421 0.9848091332131113
22 17 1 27 87090 0.9932688204064715
12 0 15 26 119854 1.0249350577994574
0 24 28 3 144139 0.9142899262440202
4 23 22 29 68779 1.0853433534898194
4 6 15 12 56873 0.9457395420458463
1 18 8 25 39999 0.9179573495953174
8 21 3 6 52332 0.9290473847020465
3 13 18 5 76225 0.9519359223894039
12 12 9 28 65522 1.084476248343726
3 16 18 8 87052 0.945843107104678
28 9 1 18 110055 1.0702640304446644
10 21 2 5 66720 1.0509184793126312
29 25 25 3 80125 1.0366297197916392
22 19 13 12 53256 0.933148392438221
5 22 5 4 54755 1.0241327453438938
25 28 12 16 73941 0.9729049838770376
23 21 24 2 75223 0.9084717748799546
20 23 14 10 66780 0.9950688332182758
2 2 12 4 40765 1.0181223935262338
13 1 24 25 104531 1.0420317732267037
14 27 1 14 76950 0.9729597132139338
11 24 28 14 75968 1.0413617820631424
28 18 3 12 89605 0.908406940707469
7 8 22 7 60230 1.0118512126282155
8 9 21 11 56964 0.9164112920353285
27 5 6 6 71052 0.9082406840782357
28 19 7 20 60526 1.0585195787844608
2 23 15 3 98453 1.0338764712659128
17 21 9 14 52082 0.9402084500678777
7 29 23 15 87097 0.9486413522629038
11 27 10 7 81061 0.9372037746659538
4 21 7 9 38367 0.9031029160027326
6 5 16 14 58808 1.039761834374984
5 25 29 23 92989 1.0277045231363715
23 27 22 13 52772 0.9555230645818742
11 24 19 15 50276 0.9432527456751285
8 25 21 22 66272 0.9219796883501139
1 7 29 18 111173 0.938102681837066
13 5 5 27 89135 1.0008419427754491
24 29 19 1 95538 0.9748658427320891
6 16 10 25 43078 1.0873251842327856
29 17 25 11 31770 0.9456247819758788
14 24 1 3 100386 0.9437475338553465
9 29 11 5 86244 1.0785273814365255
3 12 18 1 70353 1.0057783182214919
10 5 3 28 78844 1.0699081960846857
29 5 28 29 72149 0.9950625183273711
16 29 28 9 97262 1.0218956617656054
15 5 12 24 90590 1.0432666092269236
24 11 1 25 109590 0.9656430378776353
1 6 23 6 69977 0.9666953582056113
8 15 22 21 62644 0.9494486115090761
0 25 7 9 66577 1.0305000129259063
5 2 2 23 62635 0.904984917495704
11 27 24 16 79851 0.941066473322469
