6544 5532 5852 5447 5249 6122 6462 6578 6157 5143 6351 4938 4895 6854 6765 6747 6073 5996 5440 6224 4481 6896 6409 5152 5665 6369 6976 6999 6181
3399 4217 2618 3215 4250 4175 3955 1904 3675 3125 2664 3226 2770 3079 4030 3238 1627 4181 2729 2311 3888 4244 3139 4215 2429 2270 1831 2059 2910
3614 3949 2205 3266 3226 3640 3442 2879 1968 3483 2713 3890 3592 3968 1847 2543 2250 2045 2376 3887 2939 3039 3356 2024 3431 4153 3814 3215 2823
3618 4652 2942 3649 4174 2624 4353 4620 3645 3835 4473 3985 2804 3414 4420 4658 4988 4893 4247 4216 3672 4362 4312 4929 5218 5166 4275 4041 5193
5782 5839 7933 7481 7642 7266 7586 7672 5570 6852 6935 7546 6209 7884 7909 7360 7271 7818 7205 7777 7461 7749 7766 6229 6375 7002 7754 6559 6139
4199 4393 3178 5160 4678 3830 5028 5203 4168 5281 3969 4324 4073 5036 4806 3796 3792 5246 5211 4686 3120 5370 5233 3718 5718 5609 4737 4937 5341
6371 4825 5227 6519 5702 5250 4872 5381 7163 7203 6598 7113 4899 7369 4845 5541 5877 6948 5672 7148 6344 5260 7347 5632 7363 6311 7115 5452 6834
4572 4608 6447 4915 5734 4786 5109 6220 4844 5738 5363 5028 6026 6133 4980 6261 4393 5820 4640 5541 4144 4967 4692 6082 5284 5261 4266 4752 4237
5456 4421 4792 6472 4826 5329 5085 6446 4473 5090 4562 6353 5832 4439 6482 5224 6204 6193 4629 5175 4795 4407 6203 6684 6944 6807 5476 6105 5478
2813 3303 1856 3093 2025 1581 2381 2030 3327 2091 3964 1638 2501 3793 3742 3046 2870 3809 2278 1765 3760 2247 3810 3675 2468 2441 3495 1656 2070
6350 6198 6830 7878 7364 6255 8442 6972 7592 8248 6787 6855 6166 8472 7689 8487 8413 6744 6807 6356 8689 6729 6843 7381 8065 8631 6070 6448 8133
2490 2762 2740 2871 2628 3862 2633 3943 2463 2632 4053 2780 3687 3782 2007 3306 3042 4317 2246 3426 3251 2551 3938 2762 3162 3162 2145 3096 3877
7340 6740 6888 7329 6132 6632 5172 5609 6258 5596 4922 6184 5942 6552 7037 5786 5389 5491 6499 6183 6043 6152 5182 5862 6818 6824 4874 6642 5658
2822 3681 2869 5367 3246 3998 3548 4183 3449 3236 3382 5138 4897 3697 3619 4619 5251 3918 5092 4834 4622 3915 3457 4645 3497 4930 4300 4457 4862
3835 3272 2787 4054 2098 3886 2477 3591 3339 2984 2474 4071 2928 3360 2678 3973 1975 3973 4096 4236 4409 2868 4245 3718 2684 2071 2893 4001 3497
5055 4473 5669 6867 6247 6499 6194 6222 4765 6235 4592 5933 5352 6899 5223 5546 4692 5121 6880 5655 6759 5370 5959 6596 6550 4720 6996 6885 4930
3403 4342 2658 3723 2634 4163 2632 2721 4800 3650 3762 2280 4099 4630 2645 4134 4163 2953 2853 4886 3360 4730 2260 2697 4425 3947 4712 4562 3709
2776 2352 2820 3332 4021 2989 4287 2132 3201 3572 2897 3264 2297 2125 3497 2087 4049 4110 3246 4404 3391 3343 3708 2951 4313 3873 4272 2526 2609
8768 7676 6663 6320 6934 6362 8260 7126 7465 6907 8530 8834 7582 7614 8470 6321 6480 6927 7803 8170 8863 6558 8108 6542 6879 8038 7296 8471 8935
4455 2910 4858 2727 2952 4381 3170 3419 3879 3760 4790 2300 4111 3263 4711 3007 2748 4181 4320 3762 3759 3687 4577 4201 2268 3737 3042 4217 4286
2405 4098 3874 3040 1755 3993 3089 2163 2337 2527 4040 2806 2785 2666 2266 1762 3518 4287 2455 2718 4376 3803 2222 2947 2892 4281 3081 4374 1904
7309 6946 4911 7330 6977 7049 5682 5022 5947 5257 5517 5842 5292 6870 6613 7392 5006 6161 5185 5061 6986 7493 6103 5187 5381 5074 5742 5165 5075
4214 2946 3784 2931 5163 4137 2696 2911 2867 3586 3952 3657 4218 4078 4038 2759 5082 3385 4445 4512 4535 2575 4659 2811 2676 3499 4619 5038 3427
6952 4956 6581 6374 5987 6089 7219 5334 4832 5825 7346 6098 5951 5706 4924 7017 6139 5571 6347 6144 7440 5175 5285 5524 5967 4975 7435 6932 7199
5034 3238 3789 4840 4141 3370 4520 3808 2651 2423 3839 3192 2902 4680 3955 4559 4120 3123 3315 4036 2808 3410 3174 3718 4799 3153 3101 4320 4249
5217 3425 4884 4136 3714 3573 4292 4337 5175 3051 3149 4062 5562 4606 5497 4448 4592 3502 4138 3739 4992 4347 3703 4104 5558 4144 4340 5402 5642
4420 4810 4144 6203 5482 5046 6037 6105 5036 4653 5516 4574 4519 4288 5867 5331 6166 5368 5979 3884 5548 5705 5730 4970 3978 4356 5316 3720 3770
3099 3188 3672 4129 4967 4052 2890 3161 4293 3347 5005 4666 2858 4579 3639 4495 2464 4770 2839 3043 4220 2961 4288 4014 4628 4496 4897 2470 4291
5982 7113 5682 6992 6486 6349 6274 6793 5658 5659 6884 8082 7420 8165 5916 5892 7515 5611 7142 7915 5980 5751 5695 6543 6158 6513 6453 5630 5726
3005 4363 2277 2651 3705 2641 2221 3926 4444 4456 2297 3640 4687 2646 3206 3664 4322 4283 2621 3259 2945 3271 2969 4571 2418 4731 4477 4458 3511
2844 6556 4440 6461 2346 2716 6869 4638 3080 2900 5999 5986 4119 7816 3927 7480 5351 3722 5745 5166 7180 5338 4482 2767 8441 2678 6885 6099 3166 5563
2259 6246 5637 8329 1357 2829 5926 5960 4812 3085 4299 5065 4059 6400 4289 6092 5555 5685 5024 3263 8078 5490 4440 2774 6539 2036 5433 4320 3509 5603
2067 4577 4041 6788 3503 2690 6656 4750 3289 1988 4862 6187 4692 6796 1701 6256 6683 5000 5384 3162 7002 6986 3269 2590 6786 2741 7008 5870 2783 5320
1903 5546 4270 7101 3331 2897 5245 4955 3960 3046 5628 6023 5036 7300 2120 6426 4440 3380 6232 4324 8155 5378 3441 3369 8546 1509 7328 5387 5297 6831
2368 4700 4882 6496 1773 3592 5629 5965 3170 3028 6207 6760 6122 6780 1676 6613 5618 4498 4377 4894 7657 6527 4658 3423 6241 3202 7352 5577 3795 5512
1831 4731 6259 7580 2159 4083 6981 5814 4616 3044 6335 6442 5590 5950 2650 6960 6115 4652 5482 5075 6362 6697 5023 3557 7361 2085 5467 5248 3179 5140
3345 4873 5128 8027 1285 2901 6249 4340 3446 1452 5851 6158 6415 6474 3286 7516 4965 5754 5395 4808 7638 6924 3616 3978 7207 2801 6345 4952 4966 5556
2465 6658 4756 6040 1432 3896 7435 4980 4600 1096 5449 6533 4764 6547 2196 7772 4650 5749 4778 4607 6159 4993 4630 2725 8178 3504 5746 3556 4844 5877
2935 4576 5575 6366 2330 4462 5539 6449 2647 2062 6675 5884 4527 6139 2834 6183 5693 4756 5085 3306 6505 6522 3977 2382 6733 2584 6676 4835 3830 6469
3217 4449 3957 6669 3114 2661 6724 6794 3372 3559 6604 6217 4301 7174 2019 7047 6214 3462 4076 4853 5969 6410 4574 3024 7933 2741 5451 5827 4380 6612
3449 4639 5789 7899 3250 3375 6471 4528 3875 1704 6614 5554 5762 6003 3150 7877 6437 5270 4855 3982 7636 5113 4530 1460 7066 2939 7015 4016 4294 4599
2296 5732 4377 7606 3065 2258 7093 6695 5156 3619 4922 4623 5306 5615 3846 8161 4845 3370 4965 3758 5828 5058 3483 4082 7257 1697 7070 4129 4062 5530
1629 5998 6172 7095 3795 3848 6451 5065 3000 2050 4764 6299 6040 7429 3823 6413 4799 5142 4209 3388 7895 6330 5003 2205 7476 1873 6839 5549 3969 4504
3685 5074 6141 7829 2974 4040 6247 5787 2865 2695 6234 5282 6471 7112 3053 7112 5843 4071 5565 4661 5875 7272 4724 2495 6886 3629 6781 3817 4662 5868
2144 5213 5113 6337 1287 2338 7279 4302 3377 3662 6819 6799 5184 6209 2029 6128 4992 5204 5206 4121 6464 5442 4061 3636 6451 2613 7732 4687 3963 4790
3069 5623 5178 7554 1736 4531 5827 4485 4751 3635 6001 5535 6438 7570 1826 5940 4331 5183 4742 3881 6006 5673 5430 2318 7186 3530 6980 4525 4152 5879
2043 6194 4975 6750 1197 3466 5440 5515 4303 2413 6021 6622 4421 6566 3580 8060 4925 4077 4943 5038 8224 5694 3418 1917 7607 1342 5953 5048 4498 6270
2238 6804 6326 6728 1921 2179 7102 6853 3911 1867 6281 6730 4931 8028 2962 7524 4646 3793 4083 4609 6016 7295 3244 3837 6901 3501 6813 4626 4998 6444
3311 4590 4662 8231 1845 4473 7025 5597 4057 1261 4322 6456 4414 7498 4285 7684 5429 5074 6310 3959 7830 4726 4403 1654 7250 1707 6925 4454 3819 5471
2600 6211 6383 7799 3647 3730 5774 6749 2947 2020 6237 5362 6273 7504 3920 7796 6417 4267 4876 4297 7978 7160 4697 1573 6927 1752 7532 5768 2773 4781
1909 6584 5209 6558 2458 4676 7434 4773 3133 2573 4913 5378 4758 5460 4258 8392 4606 4399 4208 4576 6884 5669 4994 2771 7989 1037 5466 5770 4511 4472
2068 4573 5096 7767 2850 4242 5439 6492 4331 2039 6482 4626 6536 6696 2347 8378 4702 4996 5998 4812 6139 6991 3476 2225 7841 2469 6097 4774 2998 5234
1520 5313 5607 6579 1313 3489 6785 6540 3309 1901 5319 4975 5698 7219 2978 7052 4765 4024 4741 5285 7174 4889 3677 2707 7736 1210 7009 5010 2952 5419
2104 5776 5522 6598 3677 2894 5315 6226 3665 2902 5817 6225 4749 7457 1677 7006 5204 5331 4024 4892 5810 6064 3614 2189 7530 2213 6605 5534 3741 5297
1791 6472 5428 7683 2329 3128 5207 4507 3309 1426 5182 5446 5694 7996 3550 6040 5976 4255 4259 3350 7209 6022 5189 2006 6807 1033 7050 4990 4853 6367
1645 6049 6473 6224 1968 2936 7024 6318 4830 1269 6604 5979 4494 6151 2226 7249 6284 3679 6024 4948 7210 6531 4584 2002 8005 3299 7193 5394 4479 4932
2503 4479 4197 6033 3206 2922 6680 6662 3510 2244 5361 6487 5293 7993 3224 6083 5917 5741 4276 4255 6684 5825 3402 3344 8264 2286 6342 3728 4260 5434
2154 6322 5599 6449 1472 3768 5327 6518 5178 3176 6313 7036 5264 7878 2765 7866 5520 5541 3980 3906 7028 4769 4397 3276 7964 1378 7109 4663 3382 5835
3228 4879 6355 7346 1397 2840 7008 5661 4707 2317 4480 5856 5721 7221 2873 5813 4949 3489 6153 3704 7603 5899 4417 3756 6298 1141 6974 4755 5023 4548
19 21 26 24 28707 0.9184239446459241
28 20 18 4 81916 0.9685079929827304
4 26 28 17 94394 0.9241806214173695
13 7 2 24 75320 0.9185868266238932
7 14 5 22 41963 1.0762890507081566
12 4 14 12 31689 0.9851674817443478
9 23 24 16 62079 1.0780348802401385
29 18 12 7 82659 0.9566663859478636
16 7 5 3 41016 1.0762604371968707
29 24 20 1 90903 1.0618366313455971
0 29 21 6 120296 1.0452696325784532
12 0 1 17 72889 0.9267355935050641
21 21 17 3 65957 1.0860721952265826
3 7 25 17 93451 0.9924519804722189
25 20 9 0 103139 0.9671075772738532
0 0 20 23 113941 0.9094556023498632
13 10 26 7 44040 1.0593809666752527
7 14 24 11 61557 0.9914403568971853
12 13 8 25 50620 0.9800000924093248
14 9 13 21 46629 1.058546302121193
24 19 7 19 71016 1.0909942434071753
4 23 23 2 114184 0.9358909771908592
1 11 19 5 63070 0.9730132904535073
27 29 4 25 71201 1.0758846393883423
26 0 21 28 102108 1.0169051569610494
27 12 14 2 59183 0.9808580273696221
16 10 23 15 40542 1.0949702385016165
8 1 9 22 61676 0.9151420178975536
23 25 5 7 95107 1.027851485296582
9 15 7 23 28692 0.9417239559467858
19 15 9 10 47180 1.005382928539448
27 1 9 9 67830 1.0166701883106968
25 7 15 21 72450 1.064072315682217
20 25 10 29 38523 0.9648526293082333
11 9 16 1 37501 0.9759615077171894
22 8 17 16 32366 0.9777425609388412
11 7 19 24 77633 0.9877622125262446
28 10 29 0 37209 0.9840899155106566
8 27 15 14 62161 0.9499765076804969
23 18 5 18 86956 0.9679124366439464
19 24 9 10 70052 0.9586057143486796
19 21 26 8 58076 1.0673873233172366
6 17 15 13 49398 1.059300654570143
6 0 2 15 55851 0.9394773641603299
10 14 26 15 55377 0.9834451944917892
22 8 24 19 43778 0.9628553567557145
3 12 7 24 55200 0.9571411749582536
14 23 24 6 77560 1.0337600780936993
13 5 17 27 85598 0.9858785492204478
4 16 17 15 52009 1.0057408196301822
17 1 16 22 70834 0.9982378029372411
18 22 22 13 44879 0.9646828537612875
27 14 17 28 71137 0.9638981845339512
11 28 9 11 54070 0.9906801834789264
13 6 2 10 41311 0.9257056265031931
28 8 12 17 67765 0.950123189933922
26 25 18 13 59188 0.9147979003139254
1 3 15 4 37870 1.0845667014297804
25 5 12 16 69562 0.9422418618127264
6 18 19 24 59947 0.9941267652265366
8 18 25 22 62747 0.9502066512475981
19 24 29 15 54409 1.0603086923541198
0 21 16 15 64715 1.0722982412081201
5 18 28 11 100820 0.9859260631498244
21 15 4 9 64649 0.9623743727174983
10 14 10 3 37112 0.9295143208525604
0 8 23 15 83372 1.020970916037491
13 17 2 18 47184 0.9514752974727243
1 18 27 6 97342 1.0730193966960848
13 18 28 5 75871 1.0197222878210155
1 25 3 4 68077 1.0684462250739255
9 28 26 29 63339 1.0200312947329788
1 29 20 27 64218 1.093049185812531
19 27 0 24 61156 1.0005817243518926
7 1 27 1 56292 0.9041530835743814
15 12 22 6 36777 0.9825595736817214
21 2 16 21 72525 1.092597739023589
14 19 8 1 70053 0.9408590813651789
20 20 7 15 61509 1.0651315639299948
0 22 23 6 108055 1.0360061296484495
3 27 12 24 39321 0.9966850746281245
11 5 25 0 45285 0.9685038280094465
22 26 26 5 83831 0.9263555049424654
3 15 26 29 106984 0.9667459984012732
28 6 16 5 42822 0.9597724537722803
20 18 1 6 83477 0.9249850943626369
29 0 2 21 118450 1.061533580261884
9 3 12 13 38467 1.082017133091179
19 15 9 18 48751 1.0856429521559428
9 23 25 27 48498 1.0301472432915975
24 27 3 16 90963 1.0604899773407317
28 25 6 22 60392 1.0148523288054867
19 0 7 2 41661 0.9311639680686272
24 28 18 11 70799 0.9061968669996686
13 2 22 27 95874 1.0729793256656028
15 22 11 2 77590 1.0930045771365702
23 16 7 28 86541 1.0281805908450776
7 26 21 2 110104 0.9793597701407368
26 28 22 0 103454 1.0572984492556872
27 1 6 24 123861 0.9238074599345587
20 0 18 14 49019 0.926544978877908
23 9 0 29 111854 0.9169717078053689
24 10 9 6 48061 0.9307957293093783
21 5 15 16 50251 0.9189193313689842
21 28 19 12 60787 0.9728662931450325
1 28 23 13 102481 0.9041763637347121
4 16 13 2 71977 0.925096110815046
4 15 20 20 72050 0.9389335838582736
11 17 27 27 70237 0.9870554306085918
20 1 9 18 77641 0.9803796454993383
3 3 20 23 96818 0.9372283639205012
26 20 16 12 62524 1.0416764258091695
13 11 27 20 75753 1.078258209479784
6 13 14 23 56278 0.967030835672518
22 12 6 22 83924 1.0990454747034704
6 16 20 25 67899 0.9232679357528112
29 28 3 6 129444 0.9196063499076454
9 4 22 19 78329 1.0166755256006779
24 25 8 15 68749 0.9825044037606696
25 13 12 6 61448 0.9945597666518383
0 23 26 27 77679 1.0480994221738709
6 25 23 10 96621 1.0620532290679363
10 12 23 24 78259 0.9413971503270908
18 11 10 25 69520 1.0658905699860195
22 22 15 29 44257 1.0407690896690744
0 12 20 22 88470 1.083549945722424
26 14 17 5 49617 0.9879673792840785
19 19 4 26 69004 0.9301442235486751
15 14 0 26 75203 0.9217069296479986
28 14 10 10 70042 1.0299711605245918
22 24 5 4 95872 0.9463185328757627
15 14 27 7 46517 1.0129154005865986
19 15 3 26 82933 0.9971591226903822
8 14 20 6 52895 0.9266868442743774
6 10 25 29 112669 1.013789298710393
11 13 8 20 32966 1.0702845013154139
20 25 19 13 40429 1.0765904863503413
22 18 3 12 75799 1.0817172484377442
3 1 12 14 57899 0.9736382421068136
20 13 14 27 55321 0.9243645321088815
0 17 10 6 60206 0.9134083959071565
16 12 4 20 71262 0.9981861396371333
24 14 4 8 69561 1.0728572198416617
21 7 19 17 35910 1.0208144943974506
11 16 14 27 40858 1.0880791706231094
6 29 7 18 55925 1.0671701768789001
22 22 4 7 99628 1.0117078129141435
12 3 22 24 89106 0.9238665669074991
14 20 15 5 52379 1.0698406210385765
22 12 7 21 82179 1.0750116680825976
14 13 26 1 66954 1.0868118573012893
27 11 21 3 45641 1.0424348628177083
9 4 20 22 79838 1.0869479636420163
16 13 9 6 42453 1.062095828718106
22 15 6 15 58297 1.0351922156139617
7 17 16 28 62861 0.9613720586138681
23 2 18 21 76623 1.0598914349514683
20 0 20 25 74824 1.0115377876954044
26 24 25 10 60847 0.9225568724055712
28 7 13 27 99622 0.9769194346712884
26 6 28 19 59592 1.0137151680263994
28 28 17 8 85211 1.0510339676450229
9 13 2 20 35204 1.0404017749886616
16 29 1 29 63200 0.9016840044001372
13 29 21 17 62644 0.9558626375346082
12 27 21 24 35193 1.015188176548271
18 5 7 11 52221 1.0656402522316586
19 24 2 27 54233 0.9483759109442892
10 11 25 26 83561 1.06980975589122
24 1 3 21 113901 1.0328813967865311
0 16 24 17 90146 0.9030634279915304
0 1 12 2 44856 1.0000164242946077
9 4 29 9 59676 0.9022439442800553
19 24 1 10 90647 1.046946282531805
18 8 6 1 59376 0.9313189058887925
6 16 3 1 65331 0.909130580521639
14 24 22 9 65496 1.0001562385096059
8 3 23 13 75875 1.0091089232903352
20 8 15 25 62239 1.0981708053293158
29 13 3 2 93657 1.0837577455592293
1 10 13 1 57244 1.0977505150601852
1 28 18 13 87875 1.0672701922686973
6 5 25 16 88642 0.9051847992588204
15 13 27 2 67861 1.078001331843577
4 16 12 0 70040 0.9535581814711201
24 19 26 4 58895 1.0548970426371085
27 15 21 6 47749 0.9138426702927943
10 13 27 15 63008 0.9049641140841383
16 23 25 11 63868 1.0557035460806439
10 9 29 17 73691 1.0153374245809887
18 21 4 10 86492 1.081700845892806
14 28 13 18 39782 1.0591649370623708
28 22 4 29 91595 0.9122081885583584
24 22 6 27 63666 1.0215259958342204
3 0 8 28 96135 0.9026351616283267
5 11 10 29 74143 0.9974207261710595
12 28 18 20 47938 1.0788745755843168
15 25 0 14 71871 1.0402271192761199
14 18 28 28 69420 1.009133503448397
18 21 26 6 74944 1.0861842792864447
10 12 29 25 84949 1.0761396134937673
7 19 0 24 46177 1.0818615032104248
8 2 27 27 118174 1.0025000733057183
20 13 17 28 53543 0.9686558891284629
19 28 29 2 99753 0.9382593123591247
9 29 4 24 30213 1.0804305964984702
15 3 28 9 48080 0.9441074040572743
9 22 18 15 57864 1.0443037602539889
13 16 8 1 58285 1.0746089744190714
24 8 18 0 44592 1.078828738867377
1 27 9 21 36763 1.0368020266254052
17 27 17 3 81361 1.0855635344943821
29 21 1 13 108522 0.949407127256877
10 0 14 27 89511 1.0344708554507058
14 9 24 6 35252 1.0067594612434798
2 8 12 21 63493 0.9661155681799228
0 5 27 24 123963 1.0068597734494427
8 24 18 1 97450 0.9219840347063225
11 6 1 14 47967 1.0316571596479018
22 4 13 25 84789 0.9023077923106292
25 12 28 2 46538 1.0007429291359433
15 1 24 4 34940 1.0414064744681717
28 22 4 0 130797 1.0560709060390991
16 29 2 7 100273 0.9325585893973698
5 29 15 1 120077 0.993787934090689
8 5 11 26 68665 1.076732863400862
28 16 26 27 50085 0.9364309206303301
11 12 17 0 48720 1.0004017444853606
8 28 22 0 114047 1.0908759196591546
9 8 18 24 75630 0.9504170823720751
24 26 13 16 62501 1.040672794026693
18 17 6 0 81459 1.0588360919292341
14 25 24 16 52320 0.9186700767971647
26 3 5 4 55835 0.9659685422710571
2 0 24 22 121904 1.0537868288882946
1 25 21 15 87158 1.0697527684286132
15 25 2 21 45768 1.007005525620427
18 16 10 0 69381 0.9746743726665124
4 14 21 8 60584 0.982997306444745
13 8 4 28 90044 0.9891908684247313
12 27 10 11 59247 1.038541624300902
13 15 28 22 77128 1.0468588644278307
14 1 29 14 72656 1.0415070502634
24 13 26 3 41346 0.949181252166757
2 9 16 21 74009 0.9847324781218798
7 26 17 11 75831 1.0829678308044306
3 7 9 3 26554 1.018306411730399
0 29 11 14 68038 1.0613251991800956
20 26 24 10 63400 1.025439402791493
13 14 25 23 59771 1.0733490907685082
26 14 2 6 84350 0.9579219023432615
5 1 26 25 115908 0.9440987742623471
20 7 6 6 52667 0.9197626260400477
26 28 6 4 114410 1.0557019711433993
2 26 0 0 84341 0.948258470396134
20 15 23 7 33212 1.0726302707718731
17 16 23 7 41009 1.0568191264481157
9 29 13 13 59667 1.0387741457157684
6 10 20 7 44798 1.0344857036281976
8 2 28 19 107275 1.013503307716364
28 9 8 19 79053 1.010035148588529
0 15 14 13 50695 1.0492598129356545
4 23 20 26 52398 0.9804456133275133
0 15 26 28 111469 0.9212678681086113
21 9 2 17 68148 0.996511138537741
27 1 1 7 86036 1.019629646479223
27 29 6 25 65914 1.072003258359123
25 10 27 24 59562 0.9173324379202212
9 22 0 1 81823 1.063687055490804
20 26 4 10 95181 0.9879766293319976
14 25 26 13 69015 0.9864425818242122
16 0 3 12 67415 1.0678783061613417
3 18 11 15 37708 0.9804016019470589
11 10 27 9 40208 0.9766805870919727
13 26 13 16 44161 0.9390713254612186
26 21 11 4 97690 0.9410080091344594
19 27 21 13 49903 1.0086170506752385
25 5 22 16 45965 1.0234941064670384
4 14 23 1 86086 1.0369450958666806
18 2 27 19 82247 0.9678098877253043
6 21 22 23 51872 1.0477843507190125
6 17 29 26 86777 1.05285351293783
11 22 13 7 54381 1.080500068745587
20 2 25 15 55382 0.9027375758991719
12 22 29 12 85455 1.041314563762649
3 21 24 4 102034 0.9218761807100458
7 0 3 26 94993 0.9286147103792247
22 18 25 4 57774 0.9489095810716051
21 27 2 13 91308 0.9768080066551538
26 0 16 9 45352 0.9727698160833878
19 26 16 3 79229 0.9895095911263061
28 18 19 6 66030 1.0882098509093556
18 13 4 14 46121 0.9647115405597331
3 25 13 11 75281 0.9350508172544088
8 28 24 3 113192 1.0393328448436732
0 25 25 18 85269 0.9248826965198935
21 11 7 21 80913 1.056507353839946
15 7 23 12 41072 0.9010405894046013
11 7 5 23 65625 0.9284937251157876
3 7 8 25 72034 0.955873093073542
4 16 11 7 50842 1.0264344062488744
1 1 13 24 95294 1.0587045123553496
15 12 26 8 40837 0.942697017005017
5 21 7 8 62680 0.9529408430939358
11 29 26 12 93013 1.0964332543659745
27 14 13 19 60218 1.0545699121836147
28 10 4 5 78494 1.0650190836676992
12 24 3 29 48555 1.0875302115075358
25 5 2 12 81021 0.9461292581107617
9 2 17 26 86572 1.0107982483193065
15 3 26 14 62410 0.9179382086627537
17 8 5 24 84212 1.0678960270244242
0 27 4 13 53678 0.9182859739221335
14 9 21 19 48546 1.0347048400879593
18 0 7 20 88466 1.0615530667488726
18 7 28 9 31830 1.0988752934853927
0 12 29 3 94431 0.9238259239010881
7 18 17 18 48424 1.00912551282396
7 28 3 13 61469 0.9193659660006588
8 13 15 4 45162 0.9495784125675726
15 18 6 3 70159 0.9577336935706429
28 4 7 16 88706 0.9330317343358888
11 9 27 26 89335 0.9720767329542457
18 0 24 27 93918 1.007031296606529
5 8 27 16 83250 0.9419025193389158
11 10 23 10 38192 0.9558335972732784
17 12 4 24 77369 0.9520008229779087
24 17 5 21 81204 1.0015556737397926
27 26 11 27 44994 1.06369824605972
29 21 3 20 90497 0.9151796026098534
28 11 3 18 102746 0.9866667839371548
15 7 19 1 29372 1.0190307662260474
24 5 11 9 46828 1.0561945945974436
29 7 5 13 82003 1.0195451191185407
3 7 7 27 78845 0.9678620946582216
12 1 22 29 114018 1.0708281518358913
10 20 4 26 43107 1.0493098266488723
13 13 10 20 36622 0.9159411375663291
1 18 23 18 89732 1.0979872742014427
3 6 22 9 59443 0.9621603529295334
3 1 21 6 64566 0.9619538498996713
14 28 23 4 91438 1.0640556099317433
26 15 3 3 93515 0.906262727137938
28 29 0 1 152203 1.006155941221836
26 29 24 0 110848 0.982468080161916
10 23 28 17 69363 0.9508586555825957
27 5 24 25 77388 1.0505805147387406
15 2 27 22 96746 0.909762467632201
29 6 6 2 71640 1.0341467946014462
20 11 25 22 51265 0.9863712935646088
23 3 1 14 85835 0.9777100199615407
23 16 29 29 64021 0.9174439222226017
18 17 29 18 55079 1.0900531107295925
5 22 7 5 72427 0.9216411792332129
25 16 17 27 57707 1.0093431829301733
12 15 27 4 70961 1.0363726521263033
0 22 12 9 68581 0.9065487760762625
11 10 5 17 42831 0.9701346723910136
25 17 18 22 44566 0.97314012200537
13 26 4 17 61986 0.9738728621684175
23 12 3 4 73644 0.9364688367666528
27 19 16 11 60757 1.0570601151278112
27 21 20 1 84628 0.9742113348367432
25 15 29 24 49827 0.9917804638891214
22 13 7 9 51668 0.9923409345556586
18 3 3 12 66024 0.9935808183638641
14 1 15 28 93104 0.9722897608940624
17 15 14 23 36209 0.9489258506850312
23 20 11 26 52742 1.0263906224235133
1 25 23 25 52502 0.9057964825364182
12 14 1 5 53476 0.9636152269057415
22 16 9 19 63574 0.975855817956933
14 17 0 5 71260 1.061596941538155
18 21 4 18 73613 1.084704526928216
25 1 26 12 48292 1.062770248922447
8 26 11 5 71929 1.0787074863172574
17 12 11 5 40708 0.961046026395444
19 22 0 13 90065 0.9990408134400051
19 13 5 23 73805 1.0920792883858073
6 11 19 22 85039 0.9377872001668126
21 23 15 19 30869 1.0639331861541448
8 21 20 4 80954 0.9753213013877851
28 15 6 7 88804 1.0782707425753573
22 9 0 0 77523 0.962257015649446
11 8 11 27 58712 0.9825973140970872
13 10 28 5 53307 1.0229983690871869
25 11 15 28 86401 0.9661079876096345
9 26 11 10 55382 1.0709114848729864
14 11 11 0 40214 1.082289535263055
20 20 3 20 70382 1.0895770293561369
22 12 27 19 40158 1.03717518552805
4 12 18 14 52304 1.0109115383022995
1 8 22 27 107466 0.9470021102321629
16 4 6 17 69131 1.0763918904223648
27 22 17 12 64280 1.0052137478035221
22 10 5 26 99366 0.9447057555782974
3 9 15 12 42068 0.9779144116167181
22 15 6 5 74530 0.9489042482891665
2 16 12 19 44698 0.947381032846908
12 29 18 5 97655 1.0644511907968117
8 5 1 28 82164 0.9272472980248291
13 0 19 24 90608 0.9836087224321881
13 17 21 5 55693 1.0419063517984284
2 22 16 5 83746 1.0837177942785363
27 18 4 6 106344 1.0179985030250611
2 0 4 25 79822 1.067976296838104
16 12 24 4 40888 0.9940970891526002
24 13 15 2 55277 0.9860798328130955
11 5 24 22 91420 1.0474249268320757
27 7 4 8 65285 0.9611420387607039
13 12 22 3 49714 1.0440435882144414
20 9 27 22 63240 0.9532705486596111
12 3 17 22 77230 0.9991692208418939
29 23 3 3 121094 0.9753978011250007
27 12 4 12 83207 1.0180108117605333
27 6 17 28 90399 0.9367600094731466
17 7 24 20 59673 1.07821430687557
16 24 25 4 79873 1.0943743588134878
0 12 9 19 46465 0.9988968940437409
16 27 19 4 82015 1.0027079066751463
16 3 2 13 63682 0.9938875429219702
3 2 19 26 105596 1.032830653967003
8 5 15 24 78530 0.9453013273794044
28 2 16 21 91603 1.0190135885806648
22 13 2 2 81138 1.018078930494892
23 24 9 13 72548 1.0988094494400493
0 2 12 2 43795 0.9950371036213675
2 12 17 12 51771 1.0864989103830989
26 5 0 18 108059 1.065237380125219
29 23 5 5 117019 0.9976650419377433
5 10 28 0 79820 0.9453001325209512
13 22 0 18 61082 0.9935292379660561
22 15 27 7 38122 1.0259429663969328
2 16 26 5 92995 0.9494380842227425
4 25 1 3 71360 1.0559769467078914
14 4 11 28 83100 1.0931241759164687
28 28 8 16 87076 0.9211403545912291
19 21 11 10 65537 1.0655316735374594
6 22 29 12 102254 1.0136952782973299
28 8 0 2 90460 1.075578169019576
16 12 26 7 40504 0.9013779578159983
29 21 10 11 95325 0.9660690304394661
4 4 6 27 87059 1.066349757318952
27 22 0 2 129834 1.0683912857774218
17 10 1 14 54661 0.9200315837899028
24 16 8 23 64461 0.9260735953761096
1 5 28 17 109907 1.0268714761046018
15 10 24 4 40847 0.9834078030599408
22 24 6 20 61027 0.970622447792727
8 23 22 23 35579 0.9501272023032387
27 12 5 19 95731 1.0237255014997801
21 20 28 9 56244 0.9698759714246794
12 15 13 4 47267 0.9872577243341304
22 21 5 22 58306 0.9384120982579849
5 25 26 3 118404 1.0028863595720008
24 26 3 7 105441 0.991872704439123
7 5 18 26 94769 1.0833166415159097
29 20 29 6 49672 1.0366005182890035
4 22 10 1 82131 0.9340608483208159
19 28 28 21 46007 1.09268232530966
20 15 2 19 64283 0.9135152777852117
19 3 11 13 47620 1.033976809028107
2 24 29 2 121529 0.9436694056864567
28 21 9 14 84790 1.0726213806905878
17 4 2 13 61156 1.0291662838193276
18 22 5 28 58515 1.0972110096074694
13 25 10 5 67272 0.9477446031167566
16 11 9 1 47932 0.9404049813342437
15 27 12 14 54704 1.0857825968864971
10 21 7 5 59344 1.000041132310247
10 25 9 13 40004 1.0969555937000768
12 22 5 10 59720 0.9140156671326752
26 26 8 14 77830 0.9090520347955567
6 15 17 20 57880 1.0759243431991925
13 18 1 19 53694 0.9525585011296656
9 2 7 28 80016 1.05748461109913
5 7 7 23 63446 0.9725196569181626
22 17 12 15 48628 0.9390137145493834
2 25 24 14 90256 1.0071146799061712
20 23 7 24 39390 0.9964610175673695
11 9 6 26 67920 1.057626893389276
28 8 16 1 55858 0.998677374501534
9 25 1 11 61527 1.0444943861868543
11 5 9 19 45087 1.0581180371120034
14 12 16 27 57908 0.9421542884331946
0 29 20 24 65311 1.0721559293172853
28 25 13 0 105598 0.905745627572036
0 6 29 26 129367 1.0493352074094493
15 10 27 14 52021 1.041647983698769
19 12 13 4 37802 0.9413147422902985
15 29 11 4 90922 0.9519232641934872
13 0 8 21 74275 1.0209410417517895
17 13 13 19 30916 1.0989063367760568
0 20 15 2 93761 0.9963338075916033
2 18 19 22 68826 1.0895508889813694
19 17 28 13 43003 1.0001256043319913
16 8 24 21 64361 1.0273836138304409
24 7 13 11 40045 1.0030210878641685
25 23 16 12 59315 0.9746433399327243
0 21 2 11 37311 1.0550083529122793
1 5 28 16 107422 1.063504111867029
29 22 6 20 80465 1.078135074827895
6 28 25 18 83361 0.9089186341083636
4 1 14 3 42896 1.078123258680669
17 7 0 27 101093 0.9280596515388484
19 15 27 20 50141 0.9871400141648323
28 9 21 13 35027 1.055963198056585
19 1 13 5 24619 1.0280587538144688
24 20 12 25 43228 1.0108827653248915
6 10 18 28 93888 0.9710387025302973
29 1 14 17 78662 0.9956798576554858
28 21 15 13 73971 0.9885032260923712
10 11 22 24 75411 1.0181360806717026
1 26 29 3 126989 0.9884363762130729
1 1 22 1 60444 1.0374229514594897
2 24 29 12 110109 0.9244246239759172
16 24 4 7 85895 1.0137390772420882
1 14 27 3 94770 0.9415394944296757
26 14 0 16 83288 0.9779412300850435
5 4 1 10 29972 1.0588765794302302
6 6 15 28 93550 0.9853110991919054
2 13 11 6 43696 0.9558126987642201
29 15 13 5 71887 1.0241815086047972
1 6 25 28 123549 1.0657394133388998
22 14 26 24 46133 0.9667660337866013
21 26 7 17 66337 1.089098519791145
21 1 13 6 39365 1.0574078767633406
12 0 21 23 89234 0.9904907255856377
10 28 17 23 34169 0.9078072567556724
28 6 23 19 61610 1.005857536635859
8 1 8 17 52573 1.0569864626282357
18 5 23 0 28872 1.0533550424671116
25 16 5 23 79448 1.0281655316795768
7 27 27 13 99736 0.9099130242393735
20 7 7 29 100397 0.9936440719396988
4 13 10 25 56737 1.0373851116766186
1 5 26 22 119619 1.0226081764132646
14 8 0 29 93822 0.916760493945591
5 14 8 2 46821 0.9451811171621456
2 3 19 4 43263 1.0562559623972394
14 27 10 20 35463 1.002019824564928
20 17 25 10 36262 0.9514914287781613
2 7 14 11 39648 1.0258035183775043
9 25 4 9 58139 1.0240908567537155
16 14 3 23 63081 1.0751491884074988
4 20 13 28 60864 1.0307348020179121
2 0 15 17 82597 1.0532386204836794
21 0 4 25 114733 0.9813484933529721
2 11 6 24 54303 0.9085289146642297
16 10 7 23 66951 1.0426427387745802
10 8 4 18 53669 1.0802747566430382
21 28 15 7 83884 0.9307851352521376
8 1 20 15 69747 0.956170855925517
7 9 15 12 31498 1.0367745943030273
21 19 25 2 68672 0.9152672569146411
25 24 28 17 36392 0.9458204047376103
6 29 12 17 59785 1.0930946761413998
25 25 13 0 98635 0.9217563587976959
1 26 24 0 123285 0.9803429633804749
22 23 27 18 29599 0.9499324087271485
1 23 4 5 62218 0.9560029950817714
0 29 15 3 112552 0.9124065782853721
11 5 19 27 90514 0.9041074854682457
20 10 8 16 57480 1.0047524544915596
22 1 12 17 72883 1.0469333343734553
20 4 14 28 84817 1.0330309494647691
3 2 14 28 98131 1.0498856626612287
1 7 21 15 78347 1.0495956791149974
29 19 9 19 76503 0.9258785868898124
17 20 7 21 46345 1.0606260750112757
17 2 1 4 43740 1.060183845383533
27 16 7 18 86217 0.9829268291662996
5 14 4 0 55302 1.0971948801445042
26 3 18 20 79136 0.9266519702917657
24 28 6 7 107698 0.9427114223520116
26 12 15 15 47639 0.971701928155609
12 3 0 21 84413 1.0632742949690255
5 24 2 2 75654 0.9091648963242227
8 0 20 21 90035 0.9461493130504401
24 6 20 12 29767 1.0008447886757492
11 16 19 26 52324 0.9563952999736863
26 27 14 20 53229 1.0982144765896171
19 13 5 15 49608 1.0110344919664278
14 5 13 28 81203 0.9891362118463242
27 21 23 10 54900 0.9313098998694054
14 2 14 27 81868 0.9138663443997032
19 0 6 5 47996 0.9690532724156508
21 11 3 23 88677 0.9603746797739264
25 4 6 14 74105 0.9300037035447991
16 6 3 7 49479 1.0991775785166364
8 3 23 17 84420 0.971808017671413
15 20 2 12 65693 1.083052930812913
0 25 22 8 100865 0.9771139524150145
12 20 23 7 73787 1.0018160984893496
4 9 10 14 26688 0.9477951969715706
7 20 21 8 77141 0.9261478004804398
5 7 29 13 80437 0.9853151201937268
22 8 10 5 45716 1.0474883575770273
12 21 23 27 53442 1.0305700811312355
16 5 8 24 82750 0.9238347293361088
7 29 29 27 73101 1.004643517694021
11 16 19 7 48051 0.9918337238100843
2 6 17 21 85668 1.0586917306340993
27 8 18 23 64105 0.9972675497575965
25 27 18 13 64373 1.0210426116312057
5 25 27 14 91804 1.0496151339101956
12 15 26 7 63074 0.9174027304832165
14 4 16 29 90852 0.9666803008656257
28 29 21 15 73890 0.9693539699672437
5 5 4 22 66390 0.9581365270483935
15 2 12 27 96087 1.008435116320336
7 5 18 1 45222 1.0311441202277678
7 16 16 23 50102 0.9463312980963403
29 7 4 29 137956 0.9312482800599644
18 18 10 14 39133 0.982438511827721
4 29 15 10 103358 1.0311093496146293
28 25 1 28 68871 1.0755023279676175
5 8 22 9 44919 0.9890601155167306
17 0 9 26 92940 1.0973401414089934
10 23 20 16 48556 0.9309984529933365
20 29 13 17 62312 1.0712123976819696
3 28 26 19 92106 0.9324800124963086
25 26 29 4 84440 0.9778911274559886
15 6 3 23 87635 0.9194276654928047
8 1 12 29 93704 1.0232888781816525
7 18 16 29 62119 1.0045299687290443
29 25 4 15 95996 1.0487065994863822
4 0 5 9 40221 0.9896355034286719
23 27 27 0 104998 0.9438960316491978
9 2 24 11 60455 1.0349629271994556
16 8 24 11 28038 0.935155690118723
9 28 1 1 93613 0.9143258116461807
2 20 20 15 68170 1.0704265555488919
19 3 13 24 81514 1.0732426699766968
0 14 18 1 84662 1.0261001377855736
13 1 9 26 85216 0.991537559167118
5 11 20 17 66438 0.9853102780595548
24 19 12 21 54289 0.9582795124865753
9 21 21 27 49962 0.9171839489490026
4 29 12 0 112669 1.059860980553842
11 1 22 11 55327 1.0842994719915018
8 15 18 11 47058 1.0080628326579333
11 5 19 13 49064 1.0182387126879764
5 29 9 18 49755 0.9739639255006749
21 7 8 24 88138 1.0432752690015221
17 23 4 8 77443 1.0141454903346714
26 10 19 24 64768 0.9255152738931142
19 12 0 28 94655 0.9776842861328365
25 28 13 5 101026 1.0547626151849723
12 1 10 23 76112 1.0729851189105832
11 19 20 6 59967 0.976659366798362
27 17 7 26 82035 0.9758842518962734
1 12 11 15 33777 1.0707541458883711
25 19 10 8 78066 0.9220815730168661
10 20 5 2 64354 0.9826196949512696
28 28 5 17 99424 0.9269937916656688
26 11 24 26 63327 0.9537187386177999
28 29 13 13 91927 1.0848980173280323
29 4 17 26 92910 0.9622135523519533
10 11 9 29 57281 1.0359852192653674
26 5 13 29 110285 0.940901687592254
13 13 25 5 60222 0.9170574152321543
27 25 12 12 81893 0.9316034683167563
13 3 18 23 78769 1.077943688237347
29 18 19 13 48556 1.0184334927254164
12 0 23 12 65737 0.9207287876894361
10 19 2 23 38459 1.0802957816658427
9 10 19 14 42469 0.9414960882452549
13 22 3 7 73781 0.9390018026371515
15 5 6 29 101355 0.9282517057658392
5 24 26 24 59255 0.936284908706905
7 21 15 19 41803 1.0947943775287223
14 7 25 20 74033 0.9074103217779094
17 10 6 17 58488 1.0065041867269706
20 25 5 18 66641 1.0029731042474908
23 15 6 23 79200 0.9738448314665569
5 27 21 7 105987 0.9133766787482117
14 26 21 8 70056 0.9230125660716705
4 15 18 28 88639 1.022868817094585
26 21 18 8 72227 1.0038940741704745
0 26 15 0 109595 1.0021871714987383
24 28 13 5 96681 1.0051902933354178
21 6 9 24 88429 1.0514684898982
22 22 14 17 48417 0.9224016787897823
27 3 24 25 86484 1.0174284459946947
9 26 18 12 68590 0.9265528029409208
13 10 3 13 42993 1.0475727576374183
18 25 29 21 32754 0.9522764048664881
25 20 1 13 95745 1.0169835948144612
29 27 10 20 70218 0.955831610829392
26 26 4 10 106517 1.076878804076669
20 10 5 25 83841 1.0058416998039543
21 24 15 0 87331 1.082973674028263
12 12 20 23 62507 0.9747639405363405
7 16 0 9 44727 1.0382932700851768
9 5 18 17 59624 0.998328332804651
10 5 25 21 96735 1.0660566220883438
0 11 29 18 111524 0.96006185204131
15 20 28 2 92893 0.9751697153910082
29 27 3 25 68283 0.9312516150905293
20 5 14 13 38897 1.0312842389563348
29 14 29 3 37314 1.0437903799278063
10 20 23 28 64558 0.9793458552653774
29 27 18 21 45676 0.9975948835760831
1 21 13 7 69537 1.0009713242428795
0 26 2 4 73621 0.95543178286829
27 3 9 8 57778 0.9030290487663422
27 10 19 27 74302 0.9538756247304774
2 22 25 25 62523 0.9654710702938716
9 14 29 7 70689 0.9213388121831035
1 20 9 5 56404 0.9055651300692931
1 14 22 17 72186 1.052031612205753
6 5 29 2 64178 1.051955595786117
21 13 3 6 72449 1.0222176629722317
23 11 25 1 45751 0.9632885472056385
0 10 22 10 63527 0.9525996708204706
7 19 0 5 68444 0.942482423237068
12 17 15 8 40372 0.9176256625085611
11 6 29 11 58861 1.0655767387870347
4 15 24 4 84011 0.9135393170824945
23 11 6 22 92259 1.0008178158940535
4 18 6 7 58865 0.9346450609824302
18 7 9 19 65255 0.9031974265488384
16 27 10 1 97142 1.0990308303727536
18 10 15 18 38269 0.9875976356523026
26 5 20 19 58782 1.0523120052092225
16 22 2 13 69238 1.053041285462892
4 26 15 1 111503 1.0747669868616765
11 17 18 13 36665 1.0085984735967224
5 7 20 9 45510 0.9361731503656536
19 23 3 4 91596 1.0538786273429483
8 18 25 10 74916 0.9656003034252651
14 26 26 6 93874 0.9021188151233869
19 13 27 2 55920 1.0436798466456674
14 21 28 19 57710 1.0133739532578958
8 24 16 11 67148 0.9338573675914588
3 11 22 17 76399 0.94010070976214
10 9 8 18 36098 0.9593432951656926
16 8 1 26 89587 1.084654621489149
8 21 26 23 54295 1.0911787451078439
3 18 25 0 105102 1.025195756040734
23 3 22 27 86026 1.0195753372131464
8 14 28 1 89688 1.0289146132740545
18 18 1 24 72218 1.0549772604415997
16 12 5 29 91697 1.0974066658011654
18 28 3 3 109378 0.9275141567997007
26 10 19 14 35507 0.9963351466728243
13 12 5 3 46398 0.9597857464960012
22 25 3 12 83865 0.9004792059579629
20 3 10 0 36841 1.0139132913889475
23 29 4 7 121538 0.9939546555817327
24 21 4 14 84311 1.0280345727046853
8 11 16 3 46002 1.0925776868365478
20 25 16 4 70017 1.0561768945551873
27 12 14 12 51759 1.052414360900909
8 6 14 0 33982 1.040289565772842
1 28 11 20 46989 1.0404772386086676
18 7 28 3 44898 0.9271666123168543
1 17 20 20 79534 0.9087993013811663
3 1 12 29 104429 1.0360681127323985
10 20 26 29 73367 1.0432755580642323
23 27 12 26 43405 1.0907638737713121
13 22 29 27 52000 0.9157911398515622
18 24 2 24 52601 0.9403412747356905
24 23 10 6 90855 1.0833412209947502
17 13 27 5 45928 0.9472798090910721
14 6 12 16 41314 0.9503513414702427
1 4 10 20 65980 1.090938615713085
19 4 8 3 32986 1.048900348969359
8 4 3 27 86043 1.084909796676036
24 22 9 11 76526 1.0454099934213232
23 25 23 5 73498 0.9326915884131319
16 22 1 27 52058 0.9535301143102389
10 20 19 9 60696 1.0416115519777278
25 22 9 12 77423 0.9860260442325666
1 1 28 19 123971 1.0490106839999078
14 21 14 1 66661 0.9383197456363044
7 23 18 25 33700 0.9015183404600989
10 27 8 14 48067 1.0846089126348184
0 12 15 14 48640 0.9266431396139712
9 28 20 0 106240 0.977650908733972
7 28 6 13 65421 0.9938909216543947
1 19 6 14 22471 0.9658521847146802
5 10 20 5 53002 0.9358197339211052
7 11 18 15 54696 1.008795091779542
11 5 5 23 69311 1.0855569199220512
10 27 18 20 47253 0.9248855585075979
1 3 8 27 89957 0.9473239964721966
5 7 16 11 45361 0.9873130467066197
14 7 6 1 46188 0.9707056559824705
17 0 5 24 100716 0.9530483236903136
17 4 6 28 100451 1.0948629421123217
20 19 9 25 46282 0.969807166938775
23 1 20 26 85970 1.0255498726572672
26 20 19 28 47628 1.004340994522072
28 20 28 0 79145 1.0217806508626461
8 26 3 12 60305 0.9628024920163456
19 0 25 20 81599 1.0219696240510538
24 13 21 22 44142 1.0162491142178092
27 5 6 0 69840 0.9349710395018732
21 1 7 21 103543 1.0638823843417629
4 18 27 9 89809 0.9057198544668558
24 28 19 8 70857 1.043154265629874
22 11 12 16 52953 0.932763933878624
23 27 10 17 69201 1.086150486812754
23 0 23 23 82185 0.9535904211839799
13 1 24 24 95702 0.9982127595270587
10 29 4 11 80732 1.08828050751888
2 8 26 5 75839 0.907566597419491
5 22 26 3 114723 1.028770676132612
27 15 21 24 48740 1.0231142175019954
7 5 26 24 106062 0.9408869100126829
15 18 29 7 68925 0.9992664146733907
29 24 15 15 68386 1.065393972864732
13 2 5 29 110013 1.0099672066847474
7 13 19 2 65993 1.0149444254127353
17 4 11 15 46916 0.9249282985811039
25 11 11 23 78604 0.9827095834340578
7 24 20 22 41612 0.9631887308779176
29 16 13 22 68833 1.0260128972436975
12 17 17 4 53267 1.0765442940503802
29 2 19 12 51805 0.9125137060782205
19 14 23 3 45076 1.0045914865031162
15 25 4 5 88354 0.9558337737962453
25 23 12 28 47547 1.0136356373461295
5 1 11 17 58792 1.014772906800243
0 19 14 8 66906 0.9317585049209984
25 12 14 25 72227 1.081718325711104
0 0 13 1 35430 1.078153497093772
25 17 21 0 71636 1.0971948479016602
8 12 22 16 58650 0.9409482812424091
9 8 23 15 61143 1.091410149016858
21 18 26 4 58797 0.9122604420772193
19 1 7 21 92795 1.0184530294731922
16 3 19 20 62841 1.0136206810628474
8 27 4 14 56883 1.0384229655528419
20 16 16 7 33934 0.9410219379628543
23 7 0 29 121463 1.0521451126573456
12 20 19 11 54429 1.014275974873347
20 4 10 12 50615 1.0423129484606148
27 26 2 9 107125 1.0842405151746424
26 15 16 17 47660 0.9470471107629981
29 27 29 16 39867 0.916928026890637
11 25 27 23 42885 0.9543429703231185
24 5 13 13 57094 0.9444320970324761
2 4 27 26 118566 0.9633832699477675
23 22 0 29 79404 1.0238127352934083
3 26 20 13 84087 0.9445484340910995
14 10 26 4 44603 1.0134649085351475
24 13 14 25 63631 1.0304816442891318
25 26 14 20 44402 1.0232447479198605
6 28 24 9 106041 1.011268378323705
29 5 19 4 28022 1.0883986865443087
14 11 17 26 58535 0.9997893083327187
11 23 2 6 69803 1.0285347641336537
9 20 7 1 62327 0.9348920348481469
7 2 26 1 59718 0.9606898528692074
13 25 5 0 88277 1.0754880190603993
23 15 21 6 41306 0.9710997531892944
28 0 3 24 129136 1.0833676307549511
25 28 8 29 65303 1.067870318353488
27 26 5 14 88388 0.9797604420783947
18 15 14 3 50080 0.9457542991412173
24 2 11 27 107285 1.0265872897740336
27 12 11 28 90990 0.9552778162658342
1 14 20 22 78502 1.0253053300096966
20 8 17 0 29693 1.015339277529882
17 4 17 21 55569 0.9046293368913444
19 24 2 5 99788 1.0041057395287278
25 6 17 23 73299 0.9259126116536932
27 27 13 20 58203 1.0582382124069534
9 4 11 15 32507 1.016191988420721
2 5 12 22 74430 0.9308720643567803
9 14 27 24 76786 1.0118299746706956
8 29 5 16 64236 1.015159505118215
0 23 21 17 80026 0.9903209748418615
13 7 22 20 68197 0.9756717278166855
0 1 6 10 50626 1.0578936929519764
24 14 15 19 45704 0.9992622570815277
5 21 27 25 68844 1.070715507738495
29 3 24 22 76184 0.9271469328596205
17 27 10 4 89009 1.0682200297947813
25 20 18 29 51442 1.0919637950591388
22 18 27 1 72246 0.958891923457001
4 9 11 15 31845 0.9018086657137506
21 14 12 20 53787 0.9072588438392705
17 2 1 0 45833 1.0598552701791275
9 20 26 17 75710 1.043743894757677
0 1 5 21 81210 0.9329547603313636
25 26 18 23 21172 0.9038323480935248
1 21 26 9 91568 1.0360482674965372
22 25 4 12 88901 0.9990175948059199
3 25 11 18 41724 1.0813303710327462
8 15 5 25 46885 1.0767131297119432
10 5 25 7 51458 1.046733672261614
27 16 13 10 63732 0.9143282219608445
17 15 6 29 81549 1.0547331499209418
7 16 23 5 79455 1.0913374995002811
26 26 20 5 75269 1.0502659927153284
10 13 29 6 72815 0.9259897705936532
23 29 10 6 112310 1.0835633466976875
9 27 0 5 86583 1.0105005358491932
7 3 3 20 68206 0.9820494092672795
23 6 8 2 57052 1.0487482908896406
17 29 17 16 46795 0.913109717179838
26 15 5 16 76964 1.0338006453115287
28 24 28 6 76164 1.0853699348798815
19 5 26 18 67332 0.9221546183366552
12 22 13 10 51617 1.0692364999738193
12 5 19 17 61593 0.9515764517572588
23 17 6 5 84852 1.0838246782184795
6 24 21 22 50134 0.9910326506988713
15 14 24 18 43590 1.096470909958036
13 8 16 1 28663 0.9037108220503332
6 5 2 29 86579 1.0655028028685964
28 26 11 21 55495 1.013310678813998
5 14 23 14 55042 0.9614133558155501
5 27 25 15 95694 0.9751036190553755
24 4 0 14 87065 0.9101509360249543
10 24 10 12 48327 0.9983273453122663
13 2 0 0 39111 0.9160172331195193
8 21 18 22 40283 1.0513211455229712
1 20 15 22 57641 1.0665932209593034
18 5 8 11 49676 0.9829368283764739
19 0 15 11 47923 1.0747642903438073
3 5 1 20 48900 0.9897340841847393
2 23 6 0 78286 0.9009753146421896
26 17 15 8 62613 1.0027554335333029
27 29 10 15 91223 1.0076028341871617
0 14 26 11 88356 1.0344334396044148
20 0 16 17 59767 0.9504881400360377
5 3 21 22 97198 0.9085359509936585
9 17 6 1 56607 0.9441955825908431
16 20 27 24 40589 0.9336316867208037
23 26 23 11 64590 1.0348196857838265
4 4 20 28 105425 1.004047808452767
17 13 13 25 51862 0.976150946653043
10 28 10 4 73887 1.0990700082159446
0 7 22 16 85663 1.0404169908923475
1 19 24 26 77643 1.0890302741925386
7 29 8 10 72351 0.9017306993726567
3 13 28 7 85636 1.067226144947271
18 6 1 9 58860 0.9238861008989553
28 24 26 0 94962 1.0065287044272162
29 16 29 2 46461 0.9751933549949593
13 28 21 22 40738 1.0243765245337315
24 4 2 17 86563 0.999401826081149
25 15 27 4 48803 1.0598951514010295
6 11 20 3 60626 0.9987094401027086
27 1 14 20 89796 1.0668746158235005
10 29 26 29 66946 1.0990432079136983
1 2 5 22 72285 1.0368288121927804
25 1 21 23 83411 0.933548143709522
22 5 0 23 105981 0.9428033458776448
10 13 26 8 59523 0.9758212869281763
7 8 17 6 40959 0.939132571680386
16 3 29 21 87543 1.0838427151947705
12 3 5 29 105311 0.9625182447000565
21 25 5 28 52772 0.9993442284812111
13 0 26 23 98734 0.9019988515451551
5 19 20 2 93617 1.0111377330030227
11 4 20 12 44177 0.9368559424529193
22 25 7 22 45357 0.9986461724453998
9 19 6 10 41545 1.0844326508011342
6 4 24 14 70960 0.9863329159612552
9 3 1 7 32643 0.9546466622942194
7 13 1 28 55499 0.9081464212225601
14 2 25 23 85940 1.0082217078338174
14 26 20 13 52428 0.9454931774326029
24 15 18 6 48937 0.977281245117164
26 2 17 12 53160 0.9102390791188062
10 27 5 21 41151 1.0574015025017198
28 26 0 14 105141 0.9621875522898519
24 2 3 15 91271 0.9692380022773218
8 16 23 28 77898 0.960983048717805
4 18 12 2 74666 1.0476875604365041
7 12 24 0 75776 1.0068203662293809
7 26 29 27 63947 0.9846359324509241
10 25 18 11 69520 1.0711591890109475
19 12 0 6 72519 0.9372990869759124
17 0 10 6 37374 0.9652670908471912
29 24 1 13 101339 0.9239138679848539
11 22 0 29 49660 1.0612092946226002
16 1 4 27 115642 0.9399463540063797
15 20 13 3 66020 0.9510576533978216
23 28 10 22 55485 1.075742387341291
22 15 2 7 74515 0.9052059081662346
5 15 11 2 53078 1.0197353440959414
16 23 11 14 42820 0.9981278628807254
12 0 2 11 52779 0.9288338227891219
17 1 1 10 62192 0.9703086796745914
27 3 27 25 81709 0.9960628046986052
27 6 28 27 85055 1.0569070163274341
9 9 13 2 32804 0.9653922017053862
2 21 12 15 49687 0.9299390518595871
10 5 11 16 36449 0.9794145045946655
27 6 26 19 53261 0.9375178839894813
28 13 9 9 66593 0.911113254094088
26 13 6 12 76401 1.01054214193645
12 0 26 2 40986 1.0761450362510698
