3791 4855 4130 4178 6097 5474 4107 6189 5023 4690 3738 4168 4608 3875 4689 4229 5724 3742 5194 4918 4859 3976 4076 3599 5765 3630 4803 4729 4247
6737 6107 6793 6098 5454 6561 6496 6807 5965 5079 5278 4637 6074 6581 6451 5958 4640 5587 4887 6589 6956 6478 4822 6121 4629 6261 6415 6374 6822
4211 5092 2827 4932 3890 3637 4226 5185 4778 2619 2898 3256 2961 3830 3600 4931 4110 3143 4441 4882 5214 3350 2810 5279 4530 2516 3491 3293 2673
3907 2434 2330 3988 1649 2845 1684 2983 2977 1862 1356 3792 2453 3587 1831 3912 3671 3086 2781 1377 3084 3684 2763 3968 3013 1758 4008 2191 3648
6338 4628 5728 5582 7288 4970 6963 6517 6568 6909 4714 6273 6098 4972 5804 6426 4830 5294 6285 6055 6260 5945 5428 5913 5221 7002 7289 6929 5831
5560 5772 5905 5614 6421 6873 7749 8126 7431 7077 7913 7105 6984 7379 6560 8130 6678 8217 5586 6115 8073 5502 5885 7239 7158 5662 6411 7251 8008
7019 7706 7061 5813 6525 6693 7135 6651 5970 7100 5942 6982 6487 6649 6572 7018 6689 6862 5810 5261 7970 5530 7007 5680 7283 7460 6430 7785 7730
3639 1854 3153 2965 1628 4008 3195 2705 3796 3344 4088 1882 1762 3454 3841 2252 1770 4036 2373 3903 3423 3140 1624 3937 3196 3109 2906 2896 2287
7646 6967 8295 6889 5748 7902 8289 5863 8293 7727 7625 6103 7875 6153 6426 7643 7485 5937 6882 7614 6064 6968 7906 8354 7250 6299 5977 7698 6965
4151 4599 3872 4427 5100 4496 5184 2510 3704 4780 4248 4796 4966 3994 3171 3251 4629 4612 3190 4419 2697 3561 2921 2730 5200 5143 3109 2866 4127
1141 1580 2237 1171 3363 3253 1341 1551 1586 3441 2470 2621 1682 1707 2050 1901 2202 1399 1815 1743 2339 2047 1791 2742 1318 2988 2113 3051 3612
5356 6811 4465 4937 4794 4737 6201 6628 4876 6774 6985 6584 5927 6502 5717 6046 7199 5559 6501 6076 6800 6860 4501 5931 6686 5692 5477 6214 5278
2328 2168 2234 4028 1664 2192 3984 3131 3146 3974 2287 2082 2819 1714 4130 2599 3698 1735 2035 3694 1988 1973 3390 1822 2935 3607 3197 2179 1578
2637 1720 3676 1854 2018 1443 1558 2581 3252 3043 3356 3341 3055 2662 1080 1779 1513 1756 1904 2554 1299 1243 2502 2025 2804 2528 3405 2189 1601
7790 8160 7956 5989 7854 6908 8164 6834 5885 6876 7524 7078 6460 7076 7461 6518 6050 7103 6204 6283 7740 7997 6370 5974 8432 8383 8101 6346 6134
5688 5921 6061 8135 5853 7921 7901 7275 6675 8332 8030 8200 6958 6290 7496 7634 7277 8254 7115 7285 5882 8136 7519 6769 5763 8246 5767 6297 7567
4703 3697 4484 4031 3573 4614 4895 4131 3171 3625 3117 3914 4120 2771 3980 3713 4884 4585 2447 4692 2591 2737 4065 3877 4356 4728 4255 5023 5030
6061 6595 5246 6853 6658 5788 7020 7700 5717 5401 5244 5625 7456 5699 6440 6415 6234 6786 6226 5655 5278 7571 5326 6787 7193 5230 5731 6444 7912
7040 7510 5814 6574 7754 7379 5310 7555 7088 7696 5446 7665 5889 6309 7912 6610 5587 7595 5552 5451 6490 5988 6681 6123 7197 7858 5846 7353 5941
6408 4188 5942 5279 5875 5551 5570 4061 4924 6087 5921 4207 5502 5929 4814 5138 6567 6289 4441 5302 4334 6597 5842 5075 5002 6141 6127 4912 4598
6227 6160 5819 5181 4108 5453 4790 4212 4552 4368 3849 5236 5538 4339 4139 3745 5676 5810 5324 4879 6437 6394 6121 6386 4012 6021 4701 4050 5623
2652 2972 3402 3400 4166 2165 3189 4877 4381 2328 2338 2883 4628 2243 2646 2197 2885 3973 3918 2888 3072 2536 2424 2305 3080 4073 2377 4059 2624
3552 4068 3693 3096 2918 4520 3935 3196 3522 4034 3173 4070 2526 2796 3991 4051 2460 3412 2507 3691 3741 3750 3271 2782 3464 3625 3743 3023 4421
5665 7293 6931 6218 5520 5508 5107 5845 6447 7635 5994 6562 6909 5438 6603 6869 7506 6623 5610 7006 6484 7364 5727 5210 6137 5353 7510 7109 5648
6790 7649 7523 7475 7728 5240 6124 7104 7242 7399 7205 6595 7751 5466 7370 6018 6872 6631 5856 6792 6840 5269 6275 6495 6777 6733 5684 6088 7782
5787 6955 6595 6688 8057 8333 6022 6250 7548 8322 6719 7067 8309 6738 8336 7120 6637 8265 7170 8085 6083 7203 8158 7403 8432 6955 8272 7455 6944
7364 7573 5949 5699 5321 5606 5440 6249 5276 7669 5321 6094 7251 6664 6438 7565 7372 7725 5923 5925 6187 5365 5976 7463 7085 5423 5324 5457 6897
7306 5837 6387 5438 5595 5148 6727 7126 7838 5940 6093 6030 7891 6814 5578 7337 5340 5214 7568 7019 7226 6287 5653 6996 6627 5079 7376 5498 7210
7110 7605 7773 6906 6888 7041 7993 6555 6697 7707 8133 7143 8145 7676 8034 7889 7019 8201 6305 7732 7766 8183 6427 7974 7604 8097 7160 6203 6756
5857 7262 7208 4559 4998 6095 6618 4533 6522 4665 6153 7061 4911 6295 5207 6120 6586 7036 4827 5439 6252 6605 5604 5571 5076 7132 5350 5936 6172
7048 6622 5213 7188 5419 7630 7139 4809 6174 5666 2251 2557 4226 5002 7597 5134 6174 7161 4408 6242 5535 5327 7591 5282 4307 3585 3908 6416 3686 3853
7371 6509 5909 6529 4996 7051 5811 3617 7179 5624 4300 3874 3647 5131 6185 5000 7436 7600 3729 7351 6744 4343 7963 3113 2692 3842 6460 5704 3150 2082
6061 5783 5078 5741 5476 6830 5844 4370 7350 6980 3969 4446 3260 6169 6651 6779 6217 7009 1981 5889 5285 2810 7820 4013 3947 4083 5137 5627 3684 3618
6107 7686 5668 5665 3900 7921 7054 2416 7585 4869 4376 5067 3360 4858 7457 6289 6326 6531 4377 6486 5010 3570 7617 4817 2623 2442 4879 4807 5551 4825
7148 7339 4844 4861 5133 7978 5916 2510 6183 4658 5029 3463 3458 7092 8441 5988 6861 8137 2056 6140 6343 2819 7990 3182 3861 2754 4781 5808 3176 3149
5333 8039 4626 7219 5505 7024 7956 2300 7071 5869 3036 4186 4276 5948 6928 4899 6531 5691 2207 7502 5669 3586 6187 3385 4490 3628 4863 6048 3837 2845
5602 6734 4225 7170 4908 7863 8412 4074 7125 5720 4584 4800 4633 5417 6124 5850 5683 8248 4263 7112 5173 3110 5915 5058 2211 4365 4318 6481 3716 3750
5717 7108 5536 5373 5337 7445 6215 4426 5373 5176 3454 2950 4129 5808 7667 5026 5765 8100 2317 6521 5702 4765 6629 4882 1821 3910 5579 4942 3687 4619
4828 8203 6506 6511 6084 6841 6362 3623 7063 4717 4151 4166 4143 5788 7692 7084 6612 8205 3165 7247 6431 3852 5966 3208 4200 2859 4252 5677 4538 4205
6036 7208 5927 7252 5913 6358 7664 3122 8024 5609 4966 3061 5359 5845 7501 6545 7771 7087 4172 7956 6507 2684 7104 5198 3470 2510 5731 4214 4299 3152
6362 7149 5286 6450 3608 7396 7426 2408 7624 4583 3362 4920 4143 7421 7367 5030 6410 7747 4186 6169 5273 4946 8255 4339 2810 4293 4524 6769 4463 2929
6060 7327 4451 7007 3874 7732 6415 4420 7632 6458 5061 2856 3934 5572 8119 5160 6233 5687 4282 6513 4723 3740 8233 3717 3101 4721 4536 4724 3874 4532
7152 8319 6874 5899 4172 6180 8419 3986 6692 5774 3980 2784 2919 7537 7958 4562 5049 5785 3939 6862 5958 3289 7737 2710 4404 2192 5918 6045 5156 3102
6875 8242 4306 5702 5139 7449 5865 3698 7829 4372 3625 2464 4810 5397 6499 6141 5738 5626 3706 8368 6455 3054 7986 4822 3233 3570 5183 5160 5785 4149
6812 7662 6419 6972 4989 7888 8057 3993 7991 5399 2915 4920 4709 6384 6683 5987 6268 6738 2511 5820 6703 4004 7790 3458 1980 4094 5597 4741 5151 3844
5178 8006 6430 5490 4900 6515 7403 2714 6168 5373 3014 4781 5037 7454 8447 4948 7017 8016 4345 7289 4719 3129 8336 3409 2463 4656 4039 4313 3816 3346
7335 6202 4167 7546 4389 6444 6332 3235 5647 6338 3056 3812 2706 5995 8177 6799 7693 6148 2298 6518 5557 4830 6106 5232 2358 3542 3673 5295 4507 3592
6264 6957 5637 7038 4689 5439 7067 2885 6710 5402 2901 2420 2632 5370 6648 5634 7564 7178 2612 7078 5683 3866 7527 3283 1851 3300 5343 6077 5655 3280
4925 6543 5460 6732 4055 6155 6594 2754 7713 6739 2318 3366 3910 6225 8582 4579 7602 7588 4089 7951 5483 5458 6470 4083 1795 2475 4300 6255 4337 2862
6157 6776 4672 7025 5734 8032 7421 4284 8101 4273 4407 2914 4328 6736 7099 6650 7368 6683 3548 8317 5846 5086 6151 5258 3729 4902 3920 4448 5827 2604
7257 8185 6640 5020 4320 6872 5726 4886 6195 5172 4273 3827 5132 7051 8173 4754 6024 8042 2842 5743 4599 3512 7865 3462 1908 2134 6173 4914 3017 2923
5287 5946 4579 6686 5878 5411 7386 2716 5547 5848 4812 2640 2661 5797 7064 5005 7358 7436 1971 7927 4680 4480 7409 4545 2918 3127 4163 5768 4207 4281
4684 6089 6696 6911 5950 5649 8007 4919 8033 4884 4043 3006 3067 6887 7403 5614 6784 6993 4199 5623 4523 2841 7933 4132 2616 3499 5109 6205 4249 2432
6244 8295 5584 5908 4192 6872 5680 3924 8031 6818 2881 2653 5004 6121 7540 6808 5930 5823 3444 6811 5289 4411 8242 4821 3748 3784 5082 5881 4511 4078
6092 7111 4189 6189 4384 5520 5973 4424 6023 4946 4749 5062 4563 7002 6028 4342 7087 6166 3037 6895 6554 3963 6764 3742 2317 4901 6396 6401 3600 3173
6977 8312 5469 5702 4118 6238 5730 2745 6988 6693 2970 4491 5357 6218 7087 6480 6018 6946 1972 6658 5146 4496 5761 5367 1979 4262 4868 5633 3672 2281
6269 8490 6281 5687 3465 5568 7046 3551 5890 6518 3198 3681 5106 6876 7173 4575 6049 6597 4189 6541 4329 4298 7605 3397 1765 2611 6123 5657 4851 4687
5195 6880 5269 6074 5015 5569 5641 3876 6526 6713 2583 4293 4575 6534 7496 6426 5072 6579 3131 7006 5191 3987 8180 3183 4091 3538 6199 4544 4630 4687
5012 5806 4879 6091 3665 7142 7781 2272 6660 5920 3790 3581 3588 5845 8403 6030 5642 6599 3733 7849 7074 4672 6366 3808 3519 4354 6448 4275 3942 4122
5 7 1 26 70165 0.9038651973039661
4 14 23 20 91303 1.08611474982604
23 12 12 23 62437 0.9885142035823922
4 18 27 0 137552 1.0909452029611717
3 13 26 21 104623 1.0629599746111147
0 14 22 1 118860 1.0319008621552994
12 4 18 19 57633 1.096997166075757
9 26 13 18 28916 0.9068921034652303
26 20 16 11 64265 1.0073733036304402
14 3 24 14 76107 0.9845715881176438
26 12 15 24 70445 0.9250026975174722
0 13 19 2 104964 0.9855694937794189
20 25 6 13 74371 0.9861991492276335
10 6 8 15 32078 1.0356995343063526
27 24 17 21 40530 1.0130408874207935
5 8 1 21 56690 1.067791307887318
14 13 22 8 49771 1.0866865465653426
13 29 15 3 71019 0.9121436700524533
11 27 28 14 102761 1.0618490661838464
19 16 0 23 89583 1.011650636463062
28 29 8 27 78078 1.0247648150440973
8 28 11 7 55532 0.9689348932912875
3 19 9 14 36829 0.9827288848229158
27 22 18 13 72162 0.9617317950715175
4 7 23 9 73636 0.9525777184071508
1 1 14 29 109690 0.9528850277492882
20 12 25 2 58880 0.9259030340451181
19 26 11 10 60544 1.0436231590615404
18 15 20 28 58787 1.0482417743977401
21 24 4 23 53581 0.9956286588255868
27 15 23 2 79985 0.9596376322894943
23 5 12 19 78255 0.9816403700079245
27 21 23 4 84502 1.0514099309127054
22 9 9 26 82143 1.0930580385733435
10 2 2 16 64806 0.9715917532761442
14 17 27 26 65275 0.9025843055928059
27 11 22 21 52138 0.9904116427436516
22 2 22 18 55393 0.9613558051788187
18 19 2 23 71626 0.9047597540527551
29 10 21 28 82214 0.9292191444491013
28 14 23 2 84102 0.9989775638887193
12 18 29 22 68911 0.9426677582467397
3 12 26 27 113552 1.0829254971877804
18 0 1 2 101751 0.9651350130822371
10 13 23 22 66661 1.0507080173575993
28 24 5 25 67656 0.9593128789633578
24 8 1 25 122724 0.940422043609984
2 15 17 16 75009 1.0960590105660795
15 5 0 27 107968 0.9271715546817529
27 25 3 13 102457 0.961895630205345
16 13 20 22 54489 0.9534006364794158
6 9 1 2 43330 1.0675437631324465
29 16 26 2 89181 0.9593258827555112
24 26 16 24 31664 1.0428455322718797
21 29 5 26 66409 0.9928754891892444
5 19 25 19 79889 0.9682259181366115
23 18 3 6 89946 1.0349385709567882
7 29 1 18 49132 1.001859765216675
20 21 7 5 87228 0.9215518564475106
7 26 20 24 41430 0.9720209589553752
18 8 29 1 82980 0.9705326424889185
20 9 19 21 49769 0.9886245336469235
9 12 9 23 31233 0.9546403224712181
6 22 12 14 45660 0.9374614818855407
12 22 12 6 44387 0.9860916243181614
4 4 24 0 109973 0.9756478018206849
21 2 17 21 79501 0.9906671570153327
25 15 1 15 108738 0.9212198412842315
17 11 3 20 66576 0.9807436360325359
25 1 26 12 71048 1.0440077956434124
17 20 8 28 50560 0.9449760801573251
3 25 12 24 29697 1.0303571113266907
5 15 12 2 61843 0.9251597482205217
9 29 15 21 37480 0.9503376510415223
13 1 27 19 92018 1.0184927106879997
3 17 12 11 46743 1.0723553715336342
13 7 23 25 67968 1.0559081182642516
27 4 1 5 115742 1.0462880138275128
7 9 22 12 62217 0.9554124690838008
0 5 29 10 119364 1.0576400858716868
7 23 13 5 58387 1.009039392709819
9 4 15 20 65156 0.9448730922800076
20 15 9 1 81922 0.9608081637823254
2 13 12 3 60358 1.0577111425310295
9 15 26 17 72753 1.0031931532340208
14 6 26 6 57083 0.9506049648342003
11 12 21 12 40117 1.0532457854552681
3 8 12 4 40122 1.0668127569021744
16 17 0 17 63971 0.9353060533290505
6 11 29 10 84068 1.0472586692181136
13 15 17 7 36010 1.0862910532373737
0 15 19 9 89403 1.0362884992180335
29 22 13 4 97409 1.0926211860195665
27 28 26 13 97418 0.9005189732406879
2 17 12 23 45472 0.9635208042290562
19 15 21 26 44755 0.972383987909347
7 26 27 7 110335 0.9324998888402194
7 20 17 22 45729 1.0430352892277037
7 3 29 5 103370 1.0576812929813089
16 16 27 21 56777 0.9902280942168491
13 25 18 16 42985 1.0544352150934453
26 0 24 26 123775 1.0002980152847378
5 16 29 27 110028 1.0289346132720563
13 6 26 12 62816 0.9215873233272169
21 20 4 22 69346 0.9436891023113263
22 4 11 18 77771 0.9156672611802384
27 26 14 19 64357 0.9558601743671405
4 5 17 1 80405 1.0844232788147683
22 18 5 29 76257 0.9255017824367469
10 0 25 8 73484 1.0639399706765074
17 13 24 10 37683 1.098208773577094
26 8 3 4 92889 0.995836008110834
3 27 24 2 136654 0.9048099741399444
14 11 10 22 34292 1.0655565264359512
18 23 26 25 34218 1.040121020366652
24 3 13 22 92465 1.0647145536420977
12 24 21 26 30874 0.9335448322447467
17 0 12 5 41923 1.0705765743518998
29 14 12 10 79759 1.000227071170527
2 4 19 21 97893 1.0197827777147919
14 9 16 27 58499 0.967245405726706
23 18 23 2 66288 0.9113307505016438
5 18 20 29 73039 0.9927247969931179
14 24 15 0 70771 0.9122074895213891
25 17 1 3 125444 1.0820766795894814
23 26 22 12 51176 0.9888790851098379
5 3 16 1 70188 1.0373874888210601
28 21 16 10 76654 0.9786467521229089
0 22 20 22 81528 0.9809578166957924
16 25 3 21 53047 0.9017808700518201
26 29 27 5 118651 1.0374384808673867
7 6 2 27 76765 1.093724460588547
1 25 16 16 71687 1.020592621417978
5 8 0 21 62017 1.0429472648123377
5 11 26 5 97248 0.9459723819272426
16 14 0 11 72100 1.0481492111814656
4 22 16 21 48923 1.0539260976633131
21 14 4 7 77637 1.085841250922099
3 25 27 18 88494 0.9672799337878079
16 22 18 8 62704 0.9147170448074913
8 5 28 27 121215 0.9472188161335201
28 18 1 14 106808 1.0606966507289521
15 0 25 0 59423 0.966016170730468
2 25 15 16 63089 1.0932277036580855
16 27 5 11 76266 0.9474649443255352
5 17 13 15 41796 1.0466714068316658
16 6 28 1 83273 1.053565955037428
1 4 11 25 79819 1.0102538610280454
6 2 22 12 83717 0.9287508672312274
25 1 19 28 118851 0.9908463074446971
28 9 22 5 45146 0.9622382169220854
20 18 1 20 74260 0.9845170244819779
24 12 1 24 104489 1.0243251644109537
11 11 23 3 70011 0.98450272979726
2 29 21 27 74009 1.0727739705951038
11 1 29 27 123274 0.912599035414445
9 18 11 9 28228 0.9552904335257112
8 27 8 0 76347 0.9088940005440534
7 1 8 28 81098 0.9780656998704624
14 29 4 8 86569 0.998319824611657
3 23 17 22 58683 0.929684467801046
29 2 19 5 64363 0.9608790606188397
9 6 23 5 63983 0.9606753439598212
15 14 1 13 70605 1.0965112028582997
3 2 3 14 31506 1.0751935928752965
23 15 18 10 33807 1.0582023185424208
26 4 2 1 114774 0.9031194818350389
12 14 29 14 84835 0.9150781360149085
29 27 19 6 107565 1.0607755431868777
11 3 18 14 60999 1.0716858655312724
1 15 13 5 67907 1.0672550377897696
10 0 7 26 62879 0.9815362846385262
26 27 15 27 57947 0.9571255968482192
9 17 28 22 82278 0.9892750607350363
20 17 13 27 49183 0.985621066100383
0 17 23 23 88092 0.94124649711345
29 1 5 9 132025 1.069292899777065
3 11 21 1 90206 0.9120744840895766
11 22 23 26 47211 0.9632176890696635
8 21 17 8 61670 0.9233573637183816
18 17 11 3 68487 0.9474513654275425
28 25 29 2 133492 1.0348738041050622
19 19 0 19 74278 1.0860232874672464
7 4 18 5 59472 1.0660883516224182
20 2 16 8 42640 1.081189495330358
15 8 5 14 63732 1.0373562446622826
19 13 5 27 90237 0.9691050161029927
22 4 17 12 45097 0.9175960653923236
26 14 4 8 111850 0.9853804223969692
28 26 19 6 100302 0.9231464241641812
9 1 23 28 105453 1.0121322721698205
12 0 3 20 74751 1.0411317302136165
18 23 4 6 90162 0.9599160672323701
5 8 23 27 109904 1.0930433745369446
25 24 9 17 61928 1.0594625917958647
15 7 21 20 61195 1.0220208374391493
15 22 1 13 82349 1.0688343970845695
12 11 17 4 39452 1.0092521153811373
6 29 28 8 129821 0.9553505640780424
25 9 11 21 81558 1.0391237792232775
5 18 21 6 81186 1.0595605226056892
17 27 3 27 64882 1.0389454734903445
15 19 17 9 49277 0.9089368799739068
12 17 2 8 64180 0.9194353559762445
26 23 8 25 57360 1.013056038734721
1 14 13 19 60818 0.9950820483340137
0 8 25 28 133645 0.9320194618626092
3 5 18 26 97912 1.076429758851982
16 1 0 26 116228 0.9201583141856443
11 3 3 1 48453 1.078537600072547
18 26 9 8 76544 0.9181943770366606
25 21 5 10 95583 0.9975709744692762
15 10 2 26 75412 0.9639861758704006
21 6 7 5 60826 0.9251907382319363
29 18 11 6 91410 0.9972027527761307
7 3 24 2 93829 1.0073067457604623
2 14 27 2 132372 0.9567029752550477
25 7 23 23 71590 0.9822169168208343
12 22 3 16 45870 0.9344450353936111
23 28 12 29 40782 1.0697441390267395
27 26 4 8 118074 1.0294370142500584
20 27 11 17 55031 0.9373652862039201
0 21 11 0 85337 1.0192984304061676
4 10 16 23 72666 0.9607281801723997
21 13 11 21 52681 1.0627730993271067
16 6 26 7 41667 0.9997712757837289
12 24 26 12 79183 1.0602275268119619
25 7 8 16 88638 0.9667494205681083
27 0 18 23 120519 1.0080830767734503
21 27 12 21 37906 1.0496928338038591
22 27 11 27 48037 0.9793084528233469
15 9 2 18 64592 1.0172652610096167
27 3 5 27 144721 0.9615746553584693
20 25 25 19 42178 0.9305238496090991
4 7 29 27 125019 0.9848767467674951
5 1 18 12 81647 0.9656946591617896
24 11 17 22 63716 0.9050764313431857
27 26 13 12 69738 0.988500997474947
12 29 26 10 91230 0.9630575727130619
0 13 18 23 94819 1.006240362798043
26 3 19 13 68400 0.9596790607630897
29 9 20 26 84525 1.0195040767723924
10 22 4 28 34770 1.073224797888295
1 25 9 0 86920 0.9524278457294816
15 20 6 11 57215 0.9431384638101051
1 10 9 0 58378 1.0398522334043123
14 17 26 24 51804 1.073112700039927
7 14 25 5 94029 0.9310055766252479
8 1 5 26 86330 1.0567528297586841
0 3 25 18 120990 1.0293278398498065
6 6 20 13 77060 0.9880088915397786
14 28 6 6 82412 1.0182360435064366
12 10 14 27 44557 0.9473849219626062
13 1 17 24 61248 1.0356567765564955
17 5 12 28 79282 0.9260644924834668
11 18 5 25 35253 1.0415212529305653
20 7 17 26 78321 0.9286630021082054
22 12 23 29 59686 1.013539609578917
4 20 21 24 63022 0.9926685799365427
23 28 19 10 70463 0.9961540031780327
0 4 27 15 135044 0.9824877587042091
3 20 21 21 70681 1.0142338431446942
6 25 28 17 91002 0.9798424112755282
27 20 0 29 111639 0.9408925712025165
9 25 24 22 54388 0.9368257876793329
11 15 6 28 46233 1.0725669246866263
4 20 22 4 106076 0.9104378572036126
19 27 7 23 54693 0.9960572057982706
6 3 22 22 103561 1.0198660956317493
16 29 24 12 77895 1.007416260433307
20 0 28 8 61913 0.9032430505498478
25 19 16 15 48392 1.0831231986196832
24 18 15 26 51521 0.9551186999315044
0 24 15 16 68842 1.0720357913159915
7 7 13 11 30779 1.0204541300072814
14 5 3 23 80120 0.9041709175259781
4 27 27 18 99067 0.9574058606758629
8 23 24 8 97907 0.9571100352631677
5 23 20 10 79881 1.0372691396951357
12 9 24 0 76873 0.9201627523065613
7 26 6 7 61709 1.0400308969850525
26 24 15 3 91387 1.0818500202640402
17 22 24 10 68154 0.9537926439037724
9 4 19 5 51603 1.0499979808148916
28 24 23 19 39374 0.9501210186086108
10 8 29 17 90782 1.072404655771371
10 19 6 9 38706 0.9954123507341519
7 13 15 26 61830 1.095192595369499
5 9 12 13 41639 1.055344457893005
23 18 11 13 53147 1.0529272031966734
24 6 5 20 106328 0.9198494853623456
13 10 27 2 84942 0.9610698564280286
25 22 1 13 117679 1.0886400678878676
12 15 25 27 72516 0.9191243710808663
13 6 24 10 48679 1.0639099206124447
3 19 2 8 37835 0.9735302005640465
5 4 4 17 50166 1.0578972394715445
18 24 13 3 57703 1.0034035685510088
14 1 18 8 44591 1.049747711431147
6 19 17 4 76999 1.0253154703488583
27 5 16 14 75090 1.0567593178913226
18 0 19 23 99222 1.0345340398657836
13 13 27 26 66683 1.0080486882265476
13 21 21 12 50280 1.0713712687785195
9 17 7 3 51265 0.9809879327529367
2 24 28 19 100767 1.0762529805516103
9 8 21 21 75131 0.9729723754726225
26 28 0 29 96124 0.901248038977888
19 22 1 9 101946 0.9898178769473057
17 16 12 22 36899 0.9323436951123671
15 8 6 26 76000 1.081894466613241
27 10 8 12 74603 1.0479716437249602
27 29 9 16 90360 1.0145978366394033
12 9 28 8 71422 1.0307355467915118
29 3 23 13 74129 1.0313357795072682
21 10 15 3 50485 1.057396996251288
20 3 26 8 42917 1.0799555067061326
18 1 10 8 56925 0.9100368135290694
25 21 1 19 94637 0.9650587697996191
4 10 15 26 77299 0.9108079019637525
29 13 6 23 120045 0.9501768448548076
5 23 14 16 49719 0.9382675960182909
27 21 26 2 107279 0.9072285328953098
29 15 26 22 54195 1.0869337477893226
0 23 22 1 133577 0.9703525532223555
11 28 17 2 88669 1.0390637089181873
21 16 17 7 43122 0.969132688524236
14 0 27 14 101772 0.9728760741147793
0 2 13 18 84837 1.0189174672729566
14 21 27 6 93684 1.028286200496127
4 20 16 26 60465 1.0778311980032778
0 3 9 4 50936 1.0168172485066558
27 6 6 11 92294 0.9522427353353914
1 14 8 4 54674 1.062943022871488
7 8 12 22 51523 0.9869597935304756
23 18 0 9 101002 1.0915430607773204
10 2 27 1 98714 1.0378093782963222
29 10 20 5 49908 0.9570353479147526
17 10 12 23 43364 1.0051088186169124
5 0 24 11 96340 1.0754649202691142
28 27 21 17 60085 0.9071823465136887
26 19 2 17 86585 1.0043979028436325
4 14 6 29 63051 1.0132183974755617
16 17 23 22 42089 0.9701612192484901
1 0 22 8 99915 1.043912951900859
25 13 10 14 71253 1.0558434232577303
10 13 20 10 40217 0.9460506294072916
0 28 7 3 93753 1.0307087300729376
13 3 27 2 79669 0.9101095436043819
24 10 14 18 56437 0.9066740404045839
17 27 3 23 63123 0.9428231871086059
3 23 24 3 127717 1.0837195007110805
13 6 20 20 62288 0.9723620459577915
29 11 16 6 64522 1.015301356726464
19 6 1 22 101703 0.9198420174498881
6 29 28 10 115417 1.0172164317109134
14 7 17 0 44039 1.0926518210470344
4 23 20 22 64180 1.0183870481166668
16 12 28 7 60200 1.0783773974740989
6 13 20 24 70359 1.0983079381614318
11 24 15 14 36445 0.9835412189604194
14 9 2 21 67264 0.982447253908909
5 25 0 16 45450 1.0909601041614239
16 9 26 2 67756 1.0187124749327898
13 25 23 22 37680 0.9115220028040244
16 17 5 11 58932 0.9886789850763626
11 21 1 21 36485 1.0667201003261422
26 17 14 10 69025 1.0598432740856099
8 29 19 24 44055 0.946722217838458
8 10 27 0 112457 0.9434216883984672
2 20 5 0 73045 0.9963661698720042
4 1 7 28 95261 0.9795931213682709
28 0 29 22 135821 0.9924887599594276
16 15 19 6 43273 1.0632798857131833
7 7 17 29 81950 0.9107568374882995
5 20 16 21 47728 1.0437386283972305
27 15 14 28 89874 1.0942526889798958
19 25 6 17 61987 0.9206501454131798
11 11 21 0 68267 0.9155551775937499
12 21 10 7 37193 1.0057332481876775
19 14 17 26 63311 0.9729921477957542
14 27 1 2 103172 0.9581405412953066
6 0 12 13 57994 1.0180205379280713
0 18 7 24 39146 0.9600403913558584
23 18 13 6 61097 0.9861666234825073
17 23 26 28 48700 0.9798635541874157
7 28 3 14 53635 1.0442574124293293
28 11 0 29 133496 1.050318286094102
20 27 12 8 69923 1.0775161633165875
2 16 25 10 101665 0.9055837730887956
24 20 7 11 78731 0.9079572318072343
19 7 22 27 75059 0.9198810973316685
25 27 26 3 122008 1.0286096620330707
6 23 11 11 45502 1.0367453004245273
0 4 28 28 151104 1.0556926166839353
15 10 9 3 40512 0.9495270202642075
13 11 16 18 25748 1.0117503473748426
19 2 5 7 71327 0.9057481646847141
9 28 26 26 69217 1.094133849599321
9 7 27 22 95567 1.0795773801740973
7 6 27 12 89757 1.0672554428222878
20 2 3 3 91091 1.0637311298534597
20 5 6 22 93068 0.9047820655983273
25 14 9 10 78053 0.9346892322380924
10 25 16 19 32976 1.0919208084835772
2 2 12 27 90782 0.9362123001734375
23 16 18 7 51332 1.0393022680461017
28 16 10 28 89804 1.069861646831366
21 29 26 5 98434 1.0417295787534466
23 15 10 27 69823 0.9312958627764529
20 14 25 2 68757 1.068610531752828
20 28 11 3 92870 0.9966824200446408
15 21 27 25 47419 1.0674023071930447
16 19 1 9 78892 0.9407465733865619
22 24 7 29 54345 0.9084024949881367
9 6 20 14 67325 0.9153907762590051
12 15 0 7 62565 0.9623435729861998
17 9 28 7 54381 1.080683669657263
4 12 5 2 39338 1.0252958322960533
15 12 12 1 42266 1.0682780921556156
2 29 7 24 30512 0.9717739158569901
6 2 27 1 120908 0.9168607342283227
25 14 18 22 66778 1.0377646950672395
4 27 2 4 74407 0.9733498667289271
0 3 29 16 147637 0.9577128312185114
1 11 24 19 102056 1.0442583123898257
8 29 19 26 53250 0.9946942361927504
28 10 22 22 60592 0.9521426951305534
16 1 18 20 83218 1.0449908781175676
8 28 14 6 71361 0.9671386545904402
28 6 10 22 103965 1.0201244921187549
28 21 25 1 112752 1.027048629043713
23 11 16 1 61160 0.942212829454692
20 26 1 22 76349 0.9466948814643272
29 22 20 11 72465 0.9220930533647103
6 8 26 16 108823 0.9472111441736579
6 8 26 25 104598 0.9322216131837389
29 8 19 16 69203 0.9816917547691674
12 26 15 1 74743 0.9742550399066758
22 27 28 14 78380 1.0233342373256304
19 25 16 6 72927 1.0219095565636658
16 18 23 12 39663 0.9927025069881283
26 11 2 8 97331 1.0439834962646475
17 6 20 25 79357 0.9590812427391135
23 28 27 0 130868 1.0241650697014302
27 22 1 5 133132 0.9495018010835656
14 24 0 25 48844 0.977188921123907
26 19 10 28 75912 1.0070875866916853
8 16 6 3 51855 1.0210360494398847
12 5 11 16 38291 1.0685900002090984
7 24 0 15 52841 0.9649978396169948
10 14 0 14 52363 0.9959431965973589
24 21 19 16 38408 1.075863106177267
7 29 14 4 77854 1.0082735566851397
4 0 17 15 99912 1.0630042677118543
29 19 7 8 102481 1.0013424753971205
12 8 20 25 59201 0.9563849079805019
15 27 21 21 36558 0.9505485907035247
13 25 28 2 123084 0.919484222620629
16 20 6 16 51251 1.0597980676344472
0 19 16 18 60838 0.9067559897988798
26 25 8 7 91861 1.092852952730186
17 0 2 15 101012 0.9991186777709539
12 8 18 1 51677 0.9714445972574327
4 27 23 18 86425 0.9940445634372606
22 20 17 4 71866 0.9234002789797423
29 8 14 7 57711 1.0412463044565778
15 26 4 15 71272 0.9229483692366302
3 1 28 20 133002 1.0930724383833361
18 3 25 16 82836 0.9352362610894165
21 12 4 14 77443 1.0273182002288783
17 25 2 7 87551 1.0416445956335298
18 14 16 4 48576 0.9718359715749851
8 29 15 5 84678 1.064956212349673
1 11 6 24 57561 0.9761730187073866
20 21 15 29 45597 0.9269159274640071
7 27 5 4 79785 1.0330897046921634
21 29 1 8 117931 1.0097469366540983
20 10 8 12 48037 0.9325699592328178
11 18 0 9 62007 1.0294489730583183
3 20 3 8 32685 1.0210011384139714
17 27 26 24 40430 1.0993512096902331
0 22 25 6 130133 0.932414522659524
23 26 0 21 87753 1.0216110113501244
13 2 14 29 66170 1.000072413727243
1 27 8 9 80972 1.0328291557479499
1 15 27 21 111999 1.0358185208200235
29 17 3 28 110351 0.9664444591140569
14 23 0 19 63192 1.0769354228305141
19 19 16 1 80745 1.0859940882821169
14 10 14 0 34282 0.9759457378691382
21 0 15 29 109288 0.9135566937471024
0 5 12 20 81012 1.0719318533435156
17 23 12 12 41187 0.9656874793658936
16 5 14 27 72756 0.949663136084145
12 14 5 5 55606 0.9752892093795423
5 25 29 16 103784 0.9378505178445954
8 17 10 8 34333 1.057497103563531
16 20 17 5 65103 0.9204742110609389
18 15 16 27 58450 0.9911339864711571
28 11 9 24 92931 0.9243642909979954
23 7 17 24 69365 1.0413314974600891
23 9 28 18 55369 1.0710097763944157
8 27 12 5 64401 1.0191379676500332
11 17 24 21 56474 1.067853591093572
8 24 9 9 45229 1.0026419019565973
9 2 0 21 82181 0.9780281250834983
24 2 22 29 105691 1.087395998315031
26 27 9 12 89553 0.9131188949136081
19 22 21 8 55575 1.0274594228117568
18 25 3 11 82655 1.0464587412754573
28 7 10 27 106924 1.0663065162505314
3 29 1 11 61205 1.0968140579348042
14 17 5 1 78283 0.9128632885738326
7 1 28 6 101385 1.086428248428149
19 10 5 16 67327 1.0067490550677927
26 18 14 17 43971 0.9530652213399717
11 14 28 0 120893 1.005178918740171
13 8 12 24 38871 1.0071698089385772
1 20 27 15 113805 0.9105426629349214
24 15 19 20 40449 1.085005598197067
23 20 11 26 51996 1.0004796926065493
23 5 16 12 50534 0.9005214961165936
26 11 3 3 98317 1.0399987214459585
11 7 10 27 43914 0.9531493156748424
6 1 23 15 103007 0.9401349742212579
2 23 18 10 81520 1.0019830884496246
21 7 29 26 87683 0.9461755545995386
0 13 22 28 112726 1.0392878676954052
24 9 6 6 82779 1.0843507800510388
9 12 20 9 48262 1.0014970517770323
5 28 24 7 112970 1.03861986607806
5 12 9 25 49786 1.077453535024092
25 6 18 15 64237 0.9022027630171024
28 13 8 10 90650 1.0753263524048795
9 12 5 2 47887 1.0948725549851073
23 8 16 16 55958 1.0560096112048103
17 13 22 7 41511 1.0181020175457203
27 16 27 5 72522 1.024277220489422
12 1 7 18 55362 1.0743303927345038
7 15 17 12 50461 0.9710877805891661
10 29 24 14 89806 1.0535942664783247
11 14 21 6 61388 0.9286064046947038
20 27 29 25 41440 0.9902185843618271
7 11 29 21 101328 0.9529003320658384
17 19 9 5 63708 0.9941967977661095
13 4 1 17 72297 1.0092503319024575
6 9 20 20 81263 1.0057771923310468
14 10 5 26 64999 1.0798943234719767
15 18 2 6 69886 1.0527558827214079
3 13 27 24 95830 0.9277203111808049
16 22 7 21 36200 1.0078900388899492
19 24 16 11 52558 1.0283165376879884
26 23 14 10 74052 0.9920774929672813
27 21 3 1 128941 0.9094599662305691
18 29 25 13 80436 0.9382810183446075
17 3 27 11 70628 0.9330326867942875
1 28 5 22 35407 0.9353203128398935
6 15 20 10 63118 1.038132510514881
27 22 13 14 64964 1.0628123157998763
15 23 23 14 58618 1.0351734795573797
11 27 25 22 62394 1.0050557212980153
11 4 2 26 77037 0.9726581762415669
26 26 25 4 106040 0.9644690334749012
21 11 10 5 52422 0.9727346329354991
16 4 5 28 93009 1.0548752459324002
23 15 14 0 79975 1.077467271114007
6 29 25 5 128338 1.0512911617936749
4 24 17 6 86614 0.9891040538517392
25 7 18 29 93032 0.9796459316651485
13 21 25 26 50433 0.9998119450429375
24 24 15 26 34046 1.0080909486448473
9 5 2 13 48220 0.9925122928034154
26 4 3 25 130463 0.942867260460558
23 18 16 11 43964 0.9298267741766721
6 18 16 9 54336 0.9364043979249002
13 9 10 28 51000 1.0329681794451502
20 23 0 22 75407 1.0568613795953659
29 8 24 28 104237 0.905532739225547
11 0 22 26 93656 1.0110635515075608
24 17 10 10 69288 1.0106614960669043
20 12 5 22 79465 0.9558897810621154
2 5 13 25 79761 0.9654001019732484
25 3 11 1 84789 0.9821528979160117
3 2 20 28 116026 1.0835938383626487
17 1 9 12 65322 0.9108382101951905
23 12 20 20 35679 0.9417612712135864
11 9 16 23 50756 0.9214610937346673
22 1 16 29 108536 1.0208358251528185
10 21 18 15 52289 1.0227564145665726
27 14 20 26 70659 0.9270924879395191
10 11 19 10 31745 1.0111796294741504
10 27 25 25 54442 1.084760623296344
21 17 13 23 39426 0.9270493231182897
23 21 27 0 106059 1.0383330087251466
8 23 17 6 72225 0.9228984034368829
16 28 14 18 40911 0.9168505567316897
24 7 24 21 63265 1.091136177378316
26 20 14 18 48716 0.972453641753945
26 18 14 19 43072 1.0822318353140354
25 3 11 7 71752 0.9175438856810719
27 12 0 15 118198 0.9177342750483619
0 19 7 3 69918 0.9740298483085976
3 24 25 13 107263 0.9917102539297844
21 20 9 12 60957 0.9701791392497782
16 26 10 11 52848 0.9167916653925119
21 27 2 17 79054 0.9789087732058211
23 4 25 23 84209 1.0288927582383622
8 8 17 28 86114 1.0619944934185712
3 15 8 24 41518 1.0390867061920153
6 29 6 10 64213 1.0945412424175172
3 7 19 8 56625 1.083754479704728
20 28 26 6 93221 0.9917200710420342
8 29 16 11 67735 1.057060587409765
22 6 23 18 45365 1.0368898906508779
1 13 25 25 109517 1.0017649943871203
13 22 14 2 49273 0.9463409294048968
29 0 5 21 153473 1.0644787839945875
8 16 21 9 66859 0.9339105079040633
9 16 21 6 69232 1.0953089843834527
18 14 6 8 72705 1.021412554256398
29 0 11 22 142825 0.9237724970003464
14 3 17 28 81705 1.084632775193342
4 10 16 26 79762 1.0112218435704738
28 10 21 3 46812 1.0890934994195627
21 26 6 24 48487 0.9310507169577569
23 27 28 8 98086 1.0699013474899528
0 11 3 26 53915 0.9649695622321847
27 24 9 18 61358 1.096540317360541
16 11 5 25 65886 0.9534934773854493
17 10 21 3 38405 0.9680168221572831
23 23 9 15 63722 0.9326200398224851
26 2 2 6 111672 0.9145233822722839
29 22 10 12 86912 0.9461596440262332
14 26 5 29 41512 1.0634197095549514
17 6 19 19 65706 0.9024319213750074
16 3 3 9 63323 0.9766250051551654
17 8 10 1 41844 0.9732780233455126
14 16 27 13 80226 1.0414803318367891
26 16 13 11 70857 1.0010181443048318
17 27 18 7 81634 1.082600298913186
23 25 3 23 65982 0.9624953501739527
9 11 26 7 70100 1.091208729334978
7 6 0 20 66235 1.0823724144061226
19 4 26 19 75499 1.0272238675968588
10 8 27 25 84872 1.0889281868949157
16 0 29 13 100854 0.9493557756690794
28 25 11 21 57624 0.9845516992809261
21 26 12 8 64250 1.016236353070691
16 26 5 20 58955 1.0068933613400235
9 22 28 18 71871 0.9300065025388673
24 29 18 9 86452 0.9938152397802089
17 24 0 24 53971 0.9168169434808225
28 10 21 6 37081 0.9688260390333618
4 15 4 2 45294 0.9182245061581013
22 21 1 7 101989 1.0630940595346845
8 12 12 21 35026 0.9363489128658873
6 11 12 2 44955 1.0221653041292427
13 26 28 24 44083 0.932734181487644
14 6 26 22 92702 1.0679488898681915
0 11 28 18 111086 1.0234886915592403
23 20 9 13 66154 0.9071362741004295
21 23 1 7 97216 1.0821844338520132
18 12 10 18 41831 1.0908601978412173
15 25 11 1 73883 0.9278293993766515
26 11 24 2 59579 0.9662092385916192
10 5 8 19 41423 1.0939178672767262
25 3 11 20 105155 0.9794176426780161
17 11 0 18 72536 0.976529486818648
0 6 4 21 59225 1.06581080815124
6 12 13 4 41573 0.9548099453229004
27 29 7 9 110159 1.0429892228595579
25 29 15 5 106777 1.012338168409194
18 21 0 26 71997 0.9408699988272825
22 11 14 29 74533 0.9294878723376367
4 1 12 29 98915 1.0287769818390153
6 3 7 26 76601 1.0083568037423662
20 7 5 1 75120 0.9959282850203117
1 29 27 12 130382 1.0829542863748647
19 7 0 2 81260 1.0167880154553304
18 0 15 19 88120 1.030317256671816
25 15 5 23 95321 1.0966571689794788
18 5 2 1 83212 1.0200118207235198
29 14 6 28 119745 0.9915663220835154
2 29 3 6 68178 1.0242816999914037
26 22 29 4 110408 0.9152115101034972
0 2 15 0 88187 1.0356963468689369
21 5 3 20 93942 0.9918615276647123
18 27 23 0 109586 0.9275801479191464
26 2 29 10 53434 0.9223398671948132
19 16 0 20 87611 1.0219599220836875
4 18 29 20 92480 0.9354244600977178
28 16 6 6 116439 0.9287229782963838
14 27 1 1 106911 1.0544672082096211
21 12 27 21 50491 0.9502086947639709
27 28 15 5 114081 1.0458922012956164
3 19 19 13 76581 1.0794422788043683
28 22 2 27 95457 0.9267675623522342
26 22 25 12 62885 0.9354821534710145
5 0 0 29 104521 0.9063516943514321
0 26 18 4 113952 1.0526339700518517
26 23 8 4 105448 0.9798765026658296
8 28 21 28 51078 1.0598926024623228
19 20 26 7 70165 1.0048379843368918
20 15 24 3 60676 1.0874698039909954
14 4 13 22 44576 1.0791510715865626
16 21 7 3 72581 1.0493296260020646
14 1 27 20 104680 1.0732440129496397
8 17 2 25 45910 0.9000301151419818
20 12 22 0 49172 0.9382378422530215
1 21 16 23 57832 1.0974753191980777
8 18 22 26 59012 1.0948135691030847
7 17 2 22 30341 1.087208680851388
28 10 23 1 59495 0.9986032319493365
19 13 28 24 64308 0.9259884443244899
8 24 29 22 71430 0.992280275763106
25 28 9 22 67711 0.9696741310904017
25 9 1 11 100159 1.0933586028378426
21 24 17 5 79931 0.9461718661364786
11 17 12 27 32063 0.9010240233675537
10 17 8 29 34315 0.9496194997256007
16 10 29 13 59930 1.0004614622643433
4 10 2 21 38116 1.0908419262599884
15 21 16 10 40911 0.9087734559613931
7 15 29 11 89587 1.0799333477718394
22 12 15 23 56537 0.9033055038278511
14 6 6 11 42262 0.9351173306592064
15 1 4 10 69807 1.0855260278302301
24 8 5 12 87410 1.0619936871525606
0 22 17 18 71434 0.9528013838525857
17 21 22 12 49007 1.0359543913785272
3 2 20 14 93986 1.0834338328320234
2 15 24 6 106038 1.088072614339793
12 6 13 21 39125 1.0842495617147703
9 20 24 18 58037 1.0160172928772406
27 9 24 0 70155 1.0517957482008593
28 3 2 7 113408 1.0052058377053352
15 29 4 0 111256 1.064427685859942
7 21 17 2 82493 1.090998251458398
28 3 21 24 99826 0.9069749601001742
27 0 15 5 81254 1.018183006173136
23 8 16 22 70489 0.9045579918475883
15 16 21 9 46463 1.0675919374992358
5 24 19 9 78595 0.9902360177808474
23 15 2 1 111483 0.9177041066621542
12 11 26 5 73239 0.9395483387660812
19 25 1 26 65842 0.9158766175062314
19 27 1 19 86630 1.0856437226359332
26 2 10 29 129842 0.9212945916699601
1 23 17 27 70249 0.9777867975474649
20 8 15 28 83087 0.9874336764233327
27 16 2 29 113362 1.0933323699928292
3 20 14 28 58995 0.9756451454224756
21 14 24 1 62602 0.9699811150240484
23 21 19 11 42947 0.9092111390995161
7 1 10 26 67367 0.9176713905229251
8 22 22 27 58294 0.9407027902159766
18 29 8 29 36131 1.0546812431081756
18 7 9 0 45363 1.0651087758403668
23 27 1 25 81123 0.9763156850253607
17 11 27 16 62540 1.0949431221805126
2 1 12 18 74262 0.9933205002209564
10 19 6 3 54562 0.9262268096235369
3 16 20 24 69249 0.9106953062107841
4 18 6 27 42618 1.0991289839716165
4 19 22 4 100021 0.9112707171648913
27 26 11 12 76591 0.9567463332318011
27 12 14 21 76556 0.9405539556204942
20 10 0 25 96019 0.9719388617662708
24 1 22 17 70433 1.0644080873197461
8 8 26 9 82124 1.0317326172073396
20 3 24 26 90485 0.9777109550225983
26 8 18 13 54148 1.0146618465467774
5 10 24 6 83715 0.9750574715602056
10 29 23 0 119349 1.0881222763026945
24 5 25 23 87093 1.0129292286580613
27 20 2 21 101114 0.9116677819652957
24 27 29 2 133820 1.0082116159784478
0 23 23 8 120420 1.0949630902853962
24 28 24 14 71214 0.9031168189882014
12 2 12 29 69508 1.0433382298303164
27 17 3 24 92598 1.0415340986473038
20 27 7 25 53055 0.9712535584111608
20 10 6 17 69538 0.9642113245663484
12 25 14 6 51364 0.9032364582748381
28 18 11 11 67596 0.9226813897259399
4 18 15 14 49897 1.0965400192179724
0 12 5 26 61201 0.9331036187592037
13 10 22 12 34391 0.9590590257206801
28 5 23 28 112084 1.01546540605712
4 27 29 16 119553 1.0520180074228946
2 5 24 2 105651 1.0603149579817197
14 19 10 12 32751 1.0083408586749516
29 23 12 5 94928 1.020490144895338
10 18 2 28 47904 0.960699527194422
5 17 11 9 48397 0.9756661994396508
29 4 12 17 104368 0.9992111246008476
22 23 6 27 58425 0.9716497423615776
17 0 12 22 79543 0.9439800885687243
2 1 22 6 89098 1.0208651634234736
19 3 13 24 77404 0.9479429152558847
25 13 16 10 45780 1.0756496638427653
7 24 1 19 39487 1.043615875539684
5 29 13 7 74291 0.9062327923974864
17 8 18 22 67941 1.001545486757663
8 4 26 21 107196 1.0161411519137022
8 0 12 17 57763 1.0471978410131229
13 26 24 23 39302 1.0612317432704899
0 28 13 23 52706 0.9087735271450816
4 20 21 20 73359 1.0856166228080604
0 29 18 14 104909 1.0992231813635396
14 2 14 12 35238 1.0921587017797736
3 11 21 0 92858 1.063551524381744
28 29 18 26 48231 0.927784680567089
16 19 11 3 58429 1.0065098612688717
29 24 5 2 122377 1.012241574873345
19 6 26 26 93140 1.0784428943077267
12 24 20 15 52374 0.9738411045523918
16 24 22 17 34167 1.0435342260185385
8 10 27 29 104010 0.9031860227173003
4 12 18 8 67049 1.0766120905197178
17 0 29 15 112612 1.0555969398526206
12 4 3 0 54382 1.0119055583069185
11 0 24 28 109182 1.060106955573914
28 16 22 27 63041 0.9414742371518761
25 10 12 9 50948 0.9194205587873097
8 25 23 8 91190 1.050082945901192
16 24 2 21 51501 0.9068289280462712
25 10 11 16 68351 0.9244644357374178
23 24 11 15 51148 1.049522752863736
27 23 25 3 108237 1.0757550943473138
28 17 25 7 76510 1.0319726845282542
10 20 18 13 51278 0.9103410984831596
29 17 13 5 89082 0.980617069703954
2 6 1 18 44748 1.078266308798341
2 14 9 3 58001 1.003146062143733
29 5 28 19 87840 1.033210675053375
18 11 21 25 51785 0.9890554997401924
6 22 5 4 69468 1.050488847720466
26 13 12 13 66905 1.086208963239285
7 9 21 1 76229 1.051947149206409
17 25 10 9 57573 0.9847618493447663
16 3 2 0 82261 0.9021652685788265
0 3 10 22 79272 0.9328643253228813
27 7 0 10 102355 1.0142789770805634
5 0 15 23 92993 1.032059049812839
8 12 27 3 101541 1.0042956848083453
9 13 13 6 31568 0.9028681063517424
6 19 5 28 42218 0.9630440739724199
24 2 14 14 88893 1.035345293561678
8 8 6 19 45083 1.0683412380917043
28 4 0 8 121526 0.9141454229576523
15 9 25 4 58928 1.0291089728135736
4 14 27 19 104991 0.9704423414169673
10 3 13 15 37750 1.0627441882036472
28 14 19 20 65910 0.9458018181697441
17 24 24 28 34641 1.04193580981546
15 26 25 14 78763 0.9130921458001441
19 25 28 13 82888 0.943606581502672
27 9 21 3 49691 0.9833844501479411
1 11 16 16 76376 1.0010586928669467
17 10 14 22 46138 0.9285066240733912
29 27 10 7 104964 1.0451628304997556
23 23 27 15 55824 1.0137614341080254
4 26 4 14 47264 1.070791600798631
8 1 10 19 52781 0.9202690610557664
23 8 20 16 41799 1.050934664972159
18 28 4 6 106179 1.0525167722938669
5 21 16 29 56677 0.9243099322253564
3 1 19 16 103488 1.0650690783289156
28 6 3 6 97566 0.9709174126461689
8 12 18 23 60977 0.956731978674526
26 8 4 29 128575 0.9645329778559423
24 14 6 21 88922 0.9880085001155262
4 9 15 7 51645 1.0692417754418209
21 24 14 0 80043 1.021328346431439
12 17 3 15 43429 0.9450666208110781
14 23 4 4 80482 1.0427028662722102
3 3 1 29 78742 0.9991116177436307
15 20 18 9 56595 1.0421177558532504
26 6 20 12 46032 1.094213730831044
29 10 5 10 88129 0.9126183753942527
23 15 6 0 103179 1.010089242045632
11 6 17 18 52643 0.9525790948092847
5 22 22 6 97920 1.0538589756893677
25 5 14 15 84294 0.9157779044382243
21 7 21 24 52522 0.9204486926330215
8 1 29 8 98481 0.9365859952258542
4 19 21 14 74524 1.075670449259649
0 8 11 21 73687 0.9334145895005578
9 20 0 15 49807 1.0151900750187928
25 8 4 13 101068 0.9069463390341714
1 22 23 2 132471 0.9001381762656041
18 10 24 19 50261 1.0844741134806153
5 21 12 15 39586 1.0016431787825035
3 10 8 25 59822 0.9714494393024925
21 27 3 21 69862 1.0964240602954751
25 17 15 24 52163 0.9471655285784466
16 11 22 1 54803 0.9113622219313451
19 27 9 1 96239 0.9487622141692207
28 3 0 16 150022 0.9518424616529634
27 4 12 27 114986 1.0064107484885683
20 23 25 2 90620 0.9238776682605564
0 8 9 12 49259 0.9074388337943112
3 11 17 2 74334 0.9345970634077443
25 6 21 14 45608 1.0163607750143049
14 1 5 5 60995 0.9098138589079563
27 11 14 19 71437 0.9698889698844219
23 2 16 12 61288 1.0887786368329497
28 9 15 26 97306 0.9584168395693514
19 29 16 14 70355 0.906173249481906
24 9 29 22 86014 0.9318905684182922
16 24 27 19 55164 1.0551373227892107
15 13 28 2 98580 0.9284573576647728
26 22 17 14 70098 1.0968263707576162
21 6 27 20 69368 0.9242289477587273
24 24 8 2 97533 0.964547231439561
13 6 2 22 70941 1.0652718086844795
15 10 18 25 55483 0.9268427225690425
22 5 20 14 42581 0.9889394279707333
6 23 24 15 87594 0.9533828523030514
8 7 28 1 106342 1.0255915922079701
1 8 20 1 101879 0.9218932239677534
27 8 3 23 126066 0.9845792539200474
5 8 25 15 105120 1.0306139080880319
21 4 22 26 71874 0.9889397739633288
19 7 28 20 80321 0.998617026280778
21 21 7 21 54512 0.9214928661358504
1 1 19 3 98966 1.0246450528770397
17 17 17 4 61045 1.0122965986992787
22 12 8 16 68644 1.099065913397563
13 13 14 24 23550 0.9872241958306001
19 21 9 12 58298 0.9971823952655269
18 27 0 20 89976 1.0945529983145577
25 24 4 0 123467 0.9282165429574871
12 21 25 9 77818 0.9464204169608115
2 28 22 22 74030 0.9904936146288696
22 27 8 26 56193 1.0004514833566516
21 29 14 8 78899 0.9978169030386568
9 27 19 16 62995 0.9793600867621647
14 29 3 10 79998 1.0576944267486397
18 23 22 14 43526 1.0326560129501858
10 16 3 3 51646 1.0338958648780467
13 16 12 4 33340 0.942830460696939
13 2 1 2 64930 1.0761747585433872
29 12 1 8 120819 1.0075566283510566
17 25 2 20 64613 0.9944242249409825
2 29 26 8 135136 0.9181816387635303
8 29 24 14 97163 1.0769683111874508
7 9 25 9 78908 1.001348884274256
12 0 26 7 66679 0.9944089077325138
24 12 10 20 69491 0.9832180343484983
19 12 5 25 74184 1.010432839215538
9 8 27 26 97134 0.939520148446331
28 27 10 27 75020 0.9797265963694805
19 19 1 23 77717 0.9793153684283606
23 8 14 5 52379 1.095598501786995
23 18 26 28 53828 1.0918325649951153
4 12 16 1 75689 1.0887784664234132
4 11 21 23 80336 1.0253879570453308
23 13 13 17 53275 0.9815291267976469
7 26 1 20 42200 0.9602316310560025
20 14 2 18 79424 1.0956324632564245
1 28 17 8 99061 1.0552179432443816
6 1 17 8 65705 1.0657892914962814
8 15 11 29 47619 0.9044331808056473
27 10 22 1 50823 0.9957431621503884
2 29 21 8 109805 0.9099188924063736
4 20 3 9 34718 0.9714153594818742
15 27 28 9 101835 0.9484806656646328
0 16 21 9 98218 1.092429508375624
1 25 15 8 89687 0.929624268462646
13 24 14 13 25714 1.0620613898668048
24 23 1 13 105779 1.0872885320088967
2 8 26 25 116483 0.9432687533542876
9 13 0 14 48581 1.0719759871025696
7 18 24 10 74779 0.9644424118620509
18 27 9 13 69252 1.0404286025148646
11 2 27 23 100058 1.0405800223635338
17 5 4 17 83256 0.9947964050736579
3 10 13 12 41826 0.9535158001221902
17 9 25 25 78627 0.9027294388307676
25 4 25 14 70187 0.9805377503242432
17 24 23 5 78219 1.0953377826397064
0 24 1 5 77932 1.0160656798775833
26 4 10 18 94200 1.0566848170354337
12 12 28 21 76621 0.9179739000378933
25 27 5 25 80284 0.9897918570769915
18 26 10 23 38567 0.9360618383169079
14 25 2 13 71237 1.0157203601713964
10 17 21 27 52772 0.994472369739073
16 7 28 18 73618 0.9276721891918286
25 4 1 3 112379 0.9359076415637263
17 6 18 22 76680 0.9662639964248368
10 22 26 1 119800 0.981318722373556
22 14 5 18 70367 1.0998617733694815
26 19 16 13 55868 0.9490441911822749
16 28 4 13 89426 0.9020414876423849
21 18 12 0 72871 0.9742002169872752
15 6 0 13 77476 1.057422274754881
