4968 5214 5810 5969 4977 4718 5512 6395 5731 5747 5819 6428 5189 5789 5602 5287 6292 5304 5494 5802 6478 5768 5529 5317 5697 4763 5104 5675 5277
5124 4970 4739 4100 4565 4506 3813 4074 3548 4276 4831 4352 4853 3805 4480 3557 3861 4451 5000 5040 3680 3837 3647 3809 3990 3795 4633 4875 4454
4581 3711 3368 3466 4117 4466 3980 3976 3809 3513 3095 2940 4390 3786 4496 4446 3024 2998 3004 3894 3962 3201 3418 3981 2878 2991 3688 3521 4587
2507 3999 3835 3227 3292 2222 2923 2745 2917 3276 2613 2870 3166 2510 2698 2717 4015 2706 2782 3305 3022 2888 3937 4043 3110 2392 2960 2992 3569
4805 5725 5684 5335 5642 5255 5940 5368 6381 5088 5373 6165 4994 5496 5706 5435 5777 5142 6226 5691 6366 5352 4733 5052 5824 5400 5965 5387 5003
3139 2976 3679 2324 2908 4010 3631 3776 2691 2703 3567 3373 3438 3722 3304 3646 3225 3048 2811 3353 2700 2964 3811 2583 3600 3347 3912 2564 2898
2104 3083 2697 2718 1492 2732 1449 3157 3075 1498 2144 1806 2606 2396 2782 2874 3143 3085 1887 2832 1493 2651 2369 1563 3160 2320 1361 2031 1798
1491 2808 1303 1638 1888 2736 3066 2803 2518 2974 2516 1333 3022 2087 1490 2916 2914 2626 3075 1390 2749 2089 1405 2997 2131 3032 2253 1332 2975
3704 3743 2953 3148 4114 4118 2958 2371 3535 3610 2497 2945 3069 2690 3036 3569 2748 2685 3855 2424 2601 4144 3761 3321 3283 3210 3750 3089 2930
6672 6291 7271 5664 6768 7374 7274 5951 5971 6563 6502 5838 6358 6858 6575 6119 6286 7411 6949 6204 5992 6495 7431 6643 6257 6703 6152 7056 7306
4361 3981 2945 3520 3226 3234 3164 3167 3490 4133 4230 3816 3946 3853 3644 4501 3012 4479 2927 3505 3151 3728 3180 3321 3680 2746 3723 3572 2986
3556 2920 2660 3112 2463 2566 2685 2036 3281 2955 2099 2227 2066 3544 3530 3666 3583 2896 2261 2228 2580 2166 3293 1994 3448 2722 2459 3192 2808
7314 7426 6185 6817 6247 5831 7436 6926 6033 6192 7473 5816 6795 6796 6065 7352 7014 7146 7461 7358 5740 6431 5882 6240 6981 6289 5912 5900 5773
5519 4979 6082 5188 6084 5191 5088 5003 4814 4633 4939 5527 5276 4575 4387 4910 4991 4890 5544 5006 4747 5786 5163 5763 4628 5919 5615 5238 4429
7551 6650 6932 6891 6839 6723 6098 6706 7366 7615 6499 6356 6024 6656 7417 7190 6045 7068 6661 7248 7516 6603 6691 6327 7260 7113 6381 6113 7092
2462 3377 3441 2922 2790 3697 3020 1986 3628 3018 2042 2365 3317 3105 2683 3282 2558 2153 3570 3123 2702 2132 3172 2228 2906 2428 1882 1971 1999
5571 5845 6038 5759 5534 5934 6763 5874 5529 5680 6099 6271 5686 5788 6374 5438 5339 6846 6863 6841 6629 5515 5688 5499 5179 5936 6283 6048 5947
5649 4759 4847 6270 4719 4782 6203 5752 4900 5393 6310 5119 5534 6061 4702 4599 5994 5626 5777 5774 5110 4706 5195 5865 4806 4641 5659 4538 5407
8441 7307 7452 7564 8249 7136 7703 8297 8233 8283 8033 8064 8477 8199 7329 8517 7925 7135 7063 7290 7947 8698 7623 8611 7877 8186 7783 7878 7503
4929 5122 3671 4274 4953 3936 4459 3605 3658 3992 3452 4213 4803 4766 4066 5015 4684 4664 4830 4810 4712 3630 5073 4345 4987 3901 5151 4823 4446
3521 4402 3510 2732 3024 4125 3241 4166 4462 3555 3322 2860 2877 3560 3957 3485 4201 3779 3003 3273 3879 3370 2733 4259 3632 3155 4154 3728 2746
6642 5873 6567 6198 7052 7346 6799 6813 6547 6614 7162 6532 7582 5937 6103 7021 7318 7361 7556 6163 7157 7260 6467 6601 6620 6762 7597 7397 7423
3978 4615 4559 5479 5251 4651 4029 5623 4628 4296 5309 4683 4903 5395 4044 4394 5409 5658 5474 4498 5383 5137 5499 4201 5690 5504 5488 4244 3934
7471 7622 6352 6900 7215 6489 7041 7754 6265 7694 7974 8037 7070 7703 7295 7565 7283 7241 7656 7902 7834 6621 8059 6868 7614 6946 7768 7342 7743
3205 3924 4018 3566 3060 3636 4058 3275 3177 3778 3867 4146 2565 4179 2976 4069 2657 3940 3502 2714 3453 3239 4074 4023 2526 3689 3126 3638 3372
5944 4959 6160 5452 5686 5478 4722 5288 4982 5704 6163 4519 6188 4831 4888 5881 5231 6224 5175 6152 6311 6200 5265 5736 5130 4723 5448 5325 5854
4196 3761 3841 4700 4063 3798 4303 4650 4041 3813 4797 3778 3991 3850 3835 4488 5250 5095 3832 4456 5257 5023 5194 4665 5152 5442 4739 5194 4741
5242 5087 5566 5348 4533 5614 4415 4819 5932 4387 5625 4200 5759 4890 4785 5855 5424 4456 5263 5143 5354 4993 4821 5363 4640 5444 4705 5851 5205
4105 2743 3703 3723 4072 4138 3033 4150 3664 3726 3212 3719 2643 2576 2957 3990 3372 3069 4186 3941 2605 3543 2795 3213 2900 2740 2625 3454 3919
2083 2949 2852 2227 3121 2974 2852 2332 1936 2547 1930 2425 3126 3032 2192 2908 3301 2413 3592 2926 2547 2258 2146 3637 3199 3075 3231 2273 2248
4647 6827 3765 7570 8093 2949 1443 6197 5560 7569 2822 5392 4839 2398 8196 8386 6104 6118 5289 3915 6789 7427 6240 5549 5988 3705 5785 3796 2522 2175
4864 6921 3776 7692 7352 2856 1106 6390 3872 6361 3005 3983 4704 1815 6739 6939 5297 6401 5170 3506 7825 7327 6060 5895 6224 4106 5829 3683 2670 1145
3866 7011 4497 7922 7258 4220 2396 6574 5417 7142 1790 4222 4536 2328 7864 7201 5358 5346 6377 4238 7590 6916 7255 6861 6045 4179 5861 4138 1109 2113
4972 6823 3745 8358 8257 4212 1688 7610 4874 5947 1988 5327 3990 1414 6747 7443 6483 5507 6308 4466 7238 7733 7044 6303 5818 4280 5012 4330 1795 1117
4536 6649 3652 7741 7082 3770 2355 6556 4049 6301 2068 3907 4701 2411 7640 7675 5056 6932 6770 4808 8439 6787 6663 6359 5188 3831 5438 3907 2140 2031
5509 7420 5049 8563 7890 4159 1754 7458 3866 6184 2294 4675 5163 1807 7071 8139 5750 6492 5649 4531 7427 8217 6334 6279 4980 3699 6347 4914 1608 1027
5430 6730 4135 7937 8108 4010 1741 7467 4057 7512 2028 4515 3855 1238 7832 8352 5052 5543 6788 3903 7892 6947 6814 5710 5244 3240 5725 3966 2563 2761
5153 6716 5108 7784 7928 3009 2843 6060 5136 6224 2977 5355 4639 2028 7568 7169 6565 6992 5801 4433 7741 7303 6869 6814 5892 2720 5240 3282 1062 2705
3858 6004 3759 7066 6789 2631 1424 6571 4341 6281 1811 4868 4061 1520 6797 6924 5484 6811 5413 3662 8457 8195 7237 6799 6056 2981 5188 3495 1463 2675
5180 7721 3557 7714 8060 3605 2259 7720 4424 5925 2058 4261 5221 1274 7627 7040 6292 5430 6786 4789 7940 8328 6434 6775 5491 3684 6288 3447 2669 1877
4887 6037 5075 8208 8395 2496 2830 7098 5515 5899 2222 5345 4658 2381 7462 6799 5114 6431 6641 3252 7358 7588 6355 6146 5975 4105 5394 3320 2077 2615
5582 7596 4107 6994 6883 3569 2436 6697 5127 6569 2962 3924 5035 2881 7298 7680 5376 5233 6104 4646 8339 8142 7601 5572 5227 3674 5203 3269 2696 1897
4261 7222 3539 8200 8245 2908 1695 6280 5139 6366 2896 4230 3898 1074 7196 8556 6121 6709 5438 4594 6909 6875 6783 6565 6654 2955 4994 4016 1655 2459
5151 5988 4681 7804 6882 3563 2378 6975 4651 6487 1805 4159 5251 2797 7461 7435 5291 5830 6129 3922 7573 6583 7257 6236 5763 4319 6475 3195 1539 1959
5144 7047 3360 7010 7324 4076 2129 6977 5065 5867 3244 5462 5479 2008 8465 7779 5140 6548 5953 4620 8135 6880 7663 6737 5819 3250 6101 4015 2369 2593
3999 7556 4081 7916 7946 2963 1262 6186 4466 6774 2717 3828 4218 2426 7044 7004 6447 5819 6344 3275 7738 7296 6596 5967 5512 4187 5187 4267 1451 1162
4692 7270 4074 8184 8052 3133 1879 6846 4779 6774 2260 4266 5028 1798 7819 7518 5247 5907 6105 3512 7129 6968 6422 5553 6282 4395 5325 4587 2104 1428
4522 7090 3825 8138 7463 2884 2142 6849 3812 6564 3027 4763 4622 1549 7586 7614 6095 6474 5242 4902 8000 8363 7390 6876 5630 4091 6373 4958 2620 2518
4601 6513 3778 7978 8344 3205 1830 6060 5196 6381 3192 4885 4649 2391 8423 7560 6727 6545 6963 3264 6748 8064 6486 6154 5395 3434 6082 4004 1841 2439
4820 6869 3353 8003 7287 4007 1573 7579 5567 7592 2685 5215 4437 2837 7940 6897 5268 6786 5807 3496 6672 7057 6693 5622 5160 3373 4984 3664 1529 2633
4819 7410 3688 7248 8518 3600 2024 7505 4903 6868 2699 4602 5113 1272 7965 7689 5009 6971 5916 4201 8271 7383 6996 6061 5284 2872 5356 4499 1963 2530
4323 7586 4046 8132 8508 3732 1266 7003 5102 5991 2821 5577 4339 2706 7928 7950 5664 6962 6289 3784 8063 7995 7841 5368 5170 4096 6231 4587 1372 1499
5395 7547 3741 8622 7439 3144 1371 6410 3928 6729 2235 5518 5449 1484 6752 7103 6620 5663 6759 3187 8144 6607 6232 5967 5794 2679 5648 3251 2732 1966
5502 6899 3342 8756 6871 2982 1364 6499 4260 6978 2981 4738 5603 2810 8271 7756 5536 6205 6149 3970 7852 7052 6972 6371 5462 2863 5852 3332 1460 2066
4878 6633 4523 7439 8038 3604 1999 6056 4734 6666 2271 4724 4161 2857 8007 7537 6140 5258 5992 4052 7411 8315 7551 5370 5775 3260 6189 4132 1187 1884
4497 7426 4148 8754 8501 3646 2417 7094 3811 7244 3210 3886 5620 1376 8239 7553 5941 5758 5747 3247 7773 8065 7718 6601 6662 2739 5173 3634 2521 1617
5565 7046 4818 8240 7295 3875 1418 6334 5115 5929 2314 5410 3842 2196 8031 8138 5545 5294 6368 4312 7004 8164 6117 6545 5223 3120 5789 3439 1157 1141
4026 7662 5067 8737 8288 4252 2730 6660 4728 6724 2764 4928 5268 1908 6837 7533 4972 6210 6962 3939 8174 8128 7227 6721 4883 3997 4972 4503 1834 2068
5590 6982 4984 7250 7281 4195 1814 7332 3902 7192 3061 5436 4894 1310 8275 7647 6365 6264 6643 3138 7355 8089 7442 5650 6318 2701 5948 4262 1971 1173
3 10 9 20 43551 0.9972291363554026
26 5 18 1 42068 0.952224643718543
0 2 25 8 76866 1.0327439285090494
14 3 5 26 87764 0.9402540916499252
22 25 26 0 100535 1.088589955290213
21 24 13 5 84858 0.9116949375356243
3 24 10 21 41454 0.9677090241354966
23 23 14 9 77056 0.9905244673677195
13 4 27 26 102583 0.9375767209008352
19 0 24 13 57025 1.0751870897146836
27 24 11 27 51824 1.0708279696751668
7 0 15 15 51847 0.9045627399733507
12 10 6 5 25969 1.088818411921958
8 15 29 8 60545 0.9573316925832649
25 16 28 4 49562 0.9583042459951696
5 23 8 4 59126 1.0985911737263596
7 15 13 27 47769 1.0582368175598427
13 13 13 29 51251 0.9508384463934086
29 5 16 10 42432 1.0501808855428578
27 7 24 26 78552 1.0405360948237308
27 17 8 20 81165 1.0547074526390534
19 14 16 4 44500 0.9288490849263309
17 27 5 19 50497 0.9331866402611579
8 5 7 16 30470 0.9014148451309154
13 10 20 23 59014 1.0860922200646266
3 16 17 13 34982 1.094429344110106
13 25 18 5 71366 1.0864421498768269
28 25 28 2 70158 1.008758542794523
2 15 7 28 51966 1.03589302907383
4 3 23 12 75206 1.007636277939266
1 24 8 5 74038 0.9284589304345763
3 28 29 17 80675 1.0017853751627679
2 0 1 17 63304 1.0181045915061986
29 7 23 14 34456 1.0350767054500447
21 29 5 2 96373 1.0860361343987426
29 24 22 5 65864 0.971126594742148
14 29 29 21 50153 1.0369443468610302
21 16 3 17 61785 0.9950861921336968
17 25 2 19 70779 0.9505705966808266
22 1 23 10 43247 0.9552450606589193
0 28 7 24 22927 1.0707295153466068
16 12 21 20 46610 0.955989316379851
25 6 14 28 78350 0.9167094546472146
12 13 25 3 57667 1.0903968877625265
8 16 29 0 81752 0.9002299372793292
21 25 16 20 43230 0.9874133636756808
11 4 26 13 54644 1.0866396769115698
2 22 8 26 35436 0.9246766655849249
19 0 10 26 102025 0.9380953879581105
10 24 11 4 60094 0.959003106109679
1 18 7 25 42881 1.0857611599933183
2 5 18 28 85403 0.9005859946694307
18 1 12 20 88171 1.0199764314536566
3 9 14 11 34884 1.0991623489117073
5 18 22 22 86615 1.0944676650648515
0 12 21 2 77555 1.0705026295175333
3 10 16 12 36978 0.9721063363166564
29 12 6 25 79118 1.0047377952335799
12 11 11 29 54587 0.9776225228666117
24 7 10 10 40586 1.0807150294001273
12 28 20 15 61024 0.9497669970212899
28 6 9 15 66180 1.032498261299775
2 28 22 12 79318 1.023206513394478
2 5 19 6 39087 1.0498002217177642
14 19 1 29 54488 0.9706603320093181
22 17 20 8 40296 0.9932809872363368
6 6 29 3 53146 0.9036675545476621
3 11 14 8 40015 1.0261901644482965
3 25 25 29 54104 1.0711359056982994
22 22 0 13 85363 0.9366068806662875
21 3 9 8 48038 1.0028385299645626
24 11 5 1 70252 0.9147144290098803
13 23 6 2 75699 1.049886390233392
22 21 5 5 89552 0.9389929874121665
16 25 8 1 88412 1.0395881279033166
12 10 11 0 31196 1.0726089993833043
6 2 21 26 99411 0.9151572518576464
5 18 2 0 63232 1.0745942638308161
10 29 3 24 27740 1.0077925934903038
7 11 26 2 66708 0.9902098393684696
23 0 21 11 56284 0.9806556617446909
27 29 8 13 76926 1.0604244023457035
22 11 11 11 37618 0.9486734471769749
2 13 2 0 45786 1.0703587965936197
11 23 4 2 72250 0.9479797111502417
7 27 16 19 42681 1.0347251462218487
18 10 6 24 60004 1.012487755294938
5 7 28 24 99078 0.9159782668799028
11 9 2 8 29513 0.9971010888068992
23 11 0 11 71074 1.0801066847499308
27 18 28 0 63180 1.0141206823595077
5 4 21 9 55830 0.9478094688714725
0 9 18 8 60799 1.084435572031966
25 20 0 19 102641 0.9598109282560546
0 5 5 0 32742 0.984671386727898
23 28 11 6 81616 0.9059510666728133
15 16 8 3 53072 1.0681686706152025
28 4 17 11 52615 1.0862463631120194
0 6 27 23 111043 1.0200453242409513
19 13 4 22 61505 0.9189599245635938
7 21 22 10 60790 0.994105983257314
1 12 27 15 67206 1.0759964704872798
21 16 28 13 32128 1.0244894581488082
17 24 16 13 44928 1.0904769526018387
18 25 10 10 63661 0.9070848558139043
28 19 18 19 37452 1.0009990164357074
19 12 18 0 54865 0.9462312715701667
14 0 4 7 53417 0.9353274917879761
10 7 0 11 39450 0.907443196429031
24 6 17 0 40780 0.9994955613129091
16 9 1 21 72846 0.9787305184502761
21 10 7 0 56667 1.0783152462099084
13 16 9 27 47894 0.9492249766641152
7 9 14 2 40871 0.9094029600545076
1 24 23 28 58653 0.9216941223378988
11 11 22 23 70723 0.9545879733754388
7 25 25 11 74350 0.901116248312508
11 10 27 8 49374 0.9611437605914185
20 0 24 15 59360 1.0461722878768445
28 12 12 0 75502 0.971015673133308
21 4 27 9 39170 0.955566973793477
22 0 20 18 73183 0.9851563535042828
26 29 10 7 91800 1.0711857563159408
24 24 4 24 66343 1.0490144244251614
1 9 10 1 45907 1.056594195806754
12 28 17 22 33168 0.900158351292431
7 28 22 13 65428 1.0918131937957025
25 22 1 26 81291 1.0224205533872621
0 29 22 8 98694 1.039137659903473
2 8 12 10 29520 1.0117147698105353
15 28 19 15 56690 1.0927755551263474
27 25 14 25 44359 0.9711421616642969
26 6 13 7 28722 1.0713834666095379
2 6 16 10 42092 0.945426425150909
3 28 12 20 45570 1.0982316991600627
7 23 20 23 55748 0.9075040019232891
24 26 13 28 27744 1.0424086517400504
29 11 12 26 84898 1.0775878485741421
17 26 20 7 77857 0.9025052688165094
1 21 11 22 57282 0.9696215734976903
9 13 20 18 42398 1.0733679104867873
17 20 8 14 46537 1.0053871305888669
0 18 10 7 60963 0.9990476642738371
8 1 0 24 90697 0.953289560555021
20 13 7 28 61450 0.96443077655416
14 13 5 14 20722 1.0062407021427775
11 16 10 29 37885 0.9866242830671091
23 11 7 24 71784 0.9329642365459807
8 15 13 3 48565 1.0999961776892528
28 15 9 17 64724 1.0518652196416118
25 12 9 26 80949 1.0600973846486925
2 23 0 9 58154 0.9102969819825205
29 12 12 12 44720 0.9800096401351246
9 0 25 11 73415 0.9725317464403642
26 15 6 18 62672 0.957914436732943
8 29 27 12 85780 0.9521458960147876
17 20 1 17 72591 1.0431686306324466
11 23 23 26 50217 1.0029952754619638
24 15 18 25 53514 1.0409503296583795
13 22 5 3 76010 1.042316036277574
22 15 27 2 61753 1.0241733221774514
25 27 5 22 60815 1.0952357755904436
10 27 2 25 28181 1.0688022684534455
11 0 10 14 40860 0.9001286766491594
8 11 15 19 37300 1.0968775772548922
16 18 22 24 50005 1.0253502083392407
14 10 4 20 53693 0.9908543809156205
27 25 6 27 56711 0.9128447256095472
24 0 0 21 117499 0.9075071899648645
26 1 17 29 103150 0.9716512035194662
1 4 18 5 48912 0.9715185661615416
10 12 24 12 36925 0.9903395485037773
13 12 19 19 42385 0.934717158945647
22 4 28 10 35743 1.0026662054667164
19 13 8 26 57926 0.938143666533317
24 0 7 22 90646 1.0217277313866153
7 23 2 4 56070 1.049063270693207
3 10 24 5 53611 0.9561283991174006
4 13 23 22 78393 1.0502231883695154
8 21 24 10 67394 0.9475247255310476
8 16 0 1 63921 0.9031500172931628
9 17 10 27 39870 1.0949397693302596
20 20 7 6 70454 1.0118657621411509
4 19 28 22 88710 0.9042028490083136
20 13 28 15 22142 0.9464384948504935
22 1 21 10 43863 0.998514736220614
26 13 20 6 35124 0.9521225571560302
16 0 11 28 90218 1.0078762494384335
23 18 29 28 48803 1.0548134553369983
9 12 19 20 55887 0.9170953527476555
21 12 28 5 45446 0.9671997429782093
18 18 16 5 57508 1.0570233137765341
17 27 26 20 59798 1.0209163653421123
29 27 6 25 51820 0.9651792255593847
17 1 18 23 92016 1.0101845707838355
28 4 13 11 53125 1.0683061644748402
17 10 4 12 39114 0.9588989399941201
26 22 19 16 53428 0.9958697668825287
1 18 10 8 52507 1.0932378825235154
26 5 2 12 66014 0.9959008318489625
6 8 21 10 43156 1.0928800638088971
13 22 23 7 79992 1.0726627151240522
11 13 17 27 55538 1.0715327798868182
12 25 13 5 65255 1.0768158019237937
5 10 23 29 78278 0.9843110584671766
2 24 15 9 73697 1.0154891916412254
2 19 12 22 52657 0.9747366838800701
12 29 6 17 39291 0.967014529504431
29 20 8 7 80043 1.0212786772689204
25 27 4 21 70566 0.9640132622870854
10 25 18 21 51368 0.9739106683316827
12 3 27 18 90246 0.9080712851564358
21 19 24 10 42842 1.0020377047802846
26 21 12 7 87729 1.0380342788553343
10 29 5 8 58148 0.9078664035856228
4 28 6 12 42301 1.096691010152772
28 11 7 3 65285 1.0949642894931002
11 23 25 23 61518 1.0663095131919813
2 7 26 26 107961 1.0163228021609865
10 18 22 17 61527 1.038421736708732
29 29 14 6 89344 1.0636658033220026
15 29 8 7 71379 0.9906454285438118
26 18 28 4 55104 1.0629707298093034
20 24 16 8 69336 0.9965600640018567
11 15 27 1 78495 1.0998633019832658
3 11 16 17 46316 1.0368344887575258
27 23 13 12 77446 0.9708362520349786
26 9 8 17 65123 1.0382544236955882
14 11 29 0 60451 0.9902031651211616
3 1 15 21 78484 0.931554333923144
15 29 12 13 47773 1.0780928712017748
12 6 11 19 39265 0.9393493241151251
5 2 23 6 47757 0.9003380289603027
14 2 1 14 62498 1.0788381115943233
3 28 16 25 34104 1.0411252722145634
17 21 4 12 61435 0.9085696517697619
20 25 6 12 72901 1.0235272025217668
17 22 14 3 74121 0.9345387304518231
11 0 18 28 89456 1.0842214957310012
10 12 1 4 44111 1.0682179270168772
26 0 8 7 61595 1.071551354729551
22 10 3 20 69146 0.9348245575384238
20 18 3 0 87798 0.951860552894723
14 23 9 2 79636 1.0710316090242809
16 5 9 10 30535 0.9967939862266921
0 21 24 28 78833 1.0308125008845461
22 14 4 8 55868 1.007569995332225
25 29 9 21 64738 1.0923799160728942
28 28 20 6 78252 1.0555346155900203
26 28 0 6 98511 0.9862006938024344
4 14 12 7 39516 0.9520782475367568
24 25 4 0 118432 0.9798627286237606
6 15 12 11 21836 1.0683544897348571
29 28 5 23 59429 0.9422403211614943
24 5 10 19 67066 0.9616175395311758
14 21 10 10 47430 1.0141373003280056
1 27 5 9 61356 0.973882728212771
4 27 18 18 66522 0.9395276334277503
24 25 16 19 48830 0.9606770580303712
23 7 5 19 75514 1.0847289665446056
25 8 17 19 64186 0.9289512653117369
13 2 1 9 50278 1.0831753661629762
3 5 17 20 70867 1.0893233173742924
20 14 3 4 58808 1.027153321073293
26 23 1 19 102763 1.0763216615079523
2 18 19 8 68708 1.0984093547019165
14 28 6 14 49275 0.9199890763842591
29 20 12 4 80881 1.0564099218686063
17 23 26 24 45230 0.9410053118236908
8 6 29 13 57388 0.9123429536092862
24 27 11 28 28969 0.9728787204037217
28 6 10 5 36975 0.9573579659710145
26 0 25 12 54368 1.0628469785567691
8 28 8 0 70797 0.9482526573281546
3 1 21 2 67872 1.002961817673442
19 25 21 17 38272 0.9796933900360661
28 29 14 22 49200 1.063100519773592
9 22 8 6 55974 0.9635222198053307
12 3 3 11 44374 0.9200366331447978
2 5 29 18 87941 0.979029987345834
3 0 15 7 47634 1.0395727110770314
27 6 12 29 88826 0.992765510584318
24 17 21 27 45456 0.966953634060512
17 22 1 12 70155 1.0199109156305632
0 17 28 8 93371 0.9716416604601139
29 6 5 12 63116 1.002386081648407
25 16 0 25 106549 0.9811998180363083
5 14 12 18 37293 1.0392569513592174
13 28 29 18 58534 1.0307536989891992
24 14 23 2 46667 1.041559141857131
3 16 13 29 60086 1.0039750626007895
1 24 7 4 72917 1.0341623672307385
27 21 25 10 52448 1.0098688677816332
15 13 3 19 40261 1.0032106069161033
17 2 7 24 79933 0.9860566233695454
22 3 16 7 32858 0.9291188580053524
27 10 27 20 41570 1.0785302806682908
21 23 4 13 73721 1.0122047181915472
2 12 25 22 87104 0.9859436005185279
5 27 24 7 91663 1.0344891160343757
18 6 10 27 74960 1.0561880764546272
18 6 2 2 47888 0.9163663982428215
18 3 19 14 54089 1.0532322763913762
10 22 14 11 49415 1.0045456961268802
5 15 23 20 77196 0.9836755164719325
24 12 8 21 59381 1.0963740444502432
18 11 10 17 44690 0.9562315142955666
26 2 4 20 101154 0.9280502328389447
3 25 11 18 46208 1.0773965828617327
28 3 13 9 54620 0.9293827479507915
14 28 1 2 91266 1.0779491809798252
4 8 24 10 58357 0.9588258990519001
2 18 24 15 68566 0.9569044437024137
27 9 12 8 54197 0.9245271271772554
9 11 8 27 49346 1.0682193568188816
2 5 29 5 60037 1.0188223827650453
9 14 29 14 51225 0.9998678117011184
24 17 25 26 35454 0.9259864689436034
14 28 22 0 100044 1.0546039095798976
6 13 21 27 69026 1.0588862692228347
27 26 21 20 51696 1.0605219207356993
9 27 25 28 35614 0.924862392101457
2 0 14 25 98025 1.0238226655627225
3 9 16 22 65287 0.9945787426594112
4 20 7 9 42280 1.0698782321608495
23 8 22 20 54771 0.9587655013504603
29 17 11 18 66332 0.9860165825648906
16 18 6 3 60003 0.9281810666854953
23 18 9 29 72404 1.0748685844578645
29 4 21 14 45827 0.954528793771757
13 28 6 2 72720 0.9621823126686977
15 18 0 4 67154 0.9833964861818236
14 13 29 2 57647 1.0386746326377847
27 3 0 10 78921 1.0949606312118265
14 8 23 12 42968 0.9132059262805597
19 15 23 28 59516 0.9639111237978417
24 21 16 0 88827 1.0972905991448412
3 3 18 14 61446 0.9465854104060085
23 22 0 8 105260 0.9637467797709238
16 8 2 14 47783 1.0873640394949233
22 8 5 21 78456 1.0193689529989072
16 1 19 26 95774 1.0422615684272973
15 23 20 14 43041 1.0345047863773214
11 19 20 13 39241 1.0483909720009188
25 27 10 7 91643 1.0037368110056826
22 24 29 28 30355 0.9351066207586278
4 20 24 18 85492 0.9091244995169712
14 22 21 28 33758 1.0026000818420442
2 10 20 17 58101 0.9680631474488566
28 27 0 25 69981 0.9156659255953654
27 2 23 29 93300 0.9940318208167455
24 15 15 0 64493 1.0146810941014361
19 0 3 10 69262 1.0760687009459624
28 12 5 7 65474 1.0331583407244167
26 6 9 24 88321 1.092003107559126
1 11 9 16 37025 1.0220042811607812
24 28 8 1 101736 1.025347144606108
8 5 11 19 47460 1.0897001191145361
3 16 19 1 77054 0.9454625150756568
3 22 25 5 88654 0.9810223835746922
20 19 21 0 72601 1.0494412870606789
4 29 8 21 29733 1.0372515910585904
0 27 12 22 52062 1.0436842959549846
1 29 26 2 114771 1.0496648789421152
19 28 14 1 90147 0.9622024374376229
16 18 9 15 45803 1.0128129887308401
13 17 5 2 61669 0.9684683985139196
17 23 12 8 66515 0.9237896440834653
21 19 0 11 78178 1.0018419524577455
27 7 13 0 53944 0.954523004746735
9 18 19 9 56988 0.9444303898618358
16 2 26 15 67498 0.9380986100086192
0 29 11 25 29613 0.9740798472904473
27 3 2 6 63968 0.9847361080966561
20 11 11 6 36070 0.9461994690255424
21 18 25 10 46019 1.050537112608127
23 1 23 14 60482 0.9573921084464436
14 9 10 22 54479 1.0812911221111843
12 11 27 18 67513 1.0375898012180125
8 28 0 12 54148 0.9601228621330279
12 24 4 12 54621 1.0326431363288155
23 29 20 19 40924 1.0962290816489473
2 7 10 20 57975 0.9892153110271967
12 10 20 14 30230 1.0467319287159442
29 13 7 4 64855 1.0058320582777835
6 24 24 8 81082 1.091460339482961
15 6 0 20 74949 0.9805461737228124
21 17 20 5 50782 0.9009169932904952
18 9 5 18 59964 0.9435346033926694
5 2 5 23 62201 1.0960832303336372
12 11 1 24 67475 1.0825089194050233
18 25 29 24 38333 0.9360601080169635
17 18 28 22 58220 0.9381163371105044
6 3 8 21 48481 0.9946167332783343
26 17 8 21 78472 1.0344615091582352
1 12 13 27 67212 1.037186365138483
26 28 0 29 50279 0.995591769461425
25 23 4 12 85859 1.0174949807267024
2 26 19 12 79019 0.9881135707902837
29 2 12 25 99777 0.9727227322346995
9 2 29 24 100137 1.0862419442718245
1 26 29 24 74102 1.078560626045888
17 9 10 25 66148 1.0753823099877386
27 5 12 22 86201 1.0879283358133136
29 17 21 19 35634 1.0944361555335915
5 20 19 19 60658 0.9119559975190988
28 26 13 21 60032 1.0066051457015561
21 25 28 5 82706 1.0477251326313268
6 0 29 24 107634 1.0439422814168589
21 8 22 25 72078 0.9518803349532501
7 12 19 0 66510 1.0051491615162849
17 7 8 25 73123 0.9894077807147703
7 26 23 10 74679 0.9705324507448831
20 10 9 12 38833 0.9580989365636228
22 2 14 5 37268 1.0551573884106271
14 12 20 17 34236 0.9506692819514231
23 3 29 13 46544 0.9121722894871487
3 13 17 17 46187 1.0153515935013702
3 18 27 11 73018 0.9470943899601872
28 10 7 21 72394 1.0808854667301613
7 8 13 16 37393 1.0716344949401002
23 9 5 24 84765 1.016936483651901
7 16 13 20 38997 1.0125797197686712
4 24 21 11 75784 1.035896324167084
20 13 4 10 39120 1.0018425500372372
24 9 11 3 42000 1.0307531945502122
20 18 18 27 39126 0.92043816372471
6 16 22 10 50833 1.0809193172040352
17 0 8 2 42608 0.9972380777610599
2 10 18 1 69191 1.0612718422934884
25 15 14 20 60458 0.9224383428034807
0 19 3 10 37736 1.0038975464286763
4 25 17 28 34890 1.0175200639301925
1 4 6 14 36501 1.078145296955678
19 14 0 3 72272 0.9139094227187519
1 24 4 12 51593 0.9444767899146751
1 14 10 16 31638 0.9405706609846998
22 6 11 20 59671 0.9431489665733629
28 17 15 10 48229 0.9712092292299277
9 24 18 29 36655 0.9910464331957184
25 8 11 15 57374 1.0748377005116438
17 21 1 15 70283 0.9069998851515567
1 23 15 27 48821 1.008945195779121
14 23 3 6 73950 0.9286090135187872
5 5 0 24 78304 1.0939968814035608
24 22 26 0 84370 1.0300806015378423
26 19 10 18 64851 1.0938229566595115
29 16 19 7 47715 1.0635341459331007
19 18 17 29 46916 1.052896641684869
24 20 20 29 38041 1.0138852344946048
5 17 1 1 63055 1.0287616432053626
16 24 25 21 55159 1.0439190158300473
1 24 29 2 121508 1.0785616892797816
6 10 28 2 67825 1.0315405598086702
1 4 12 16 58662 0.9596746495974695
20 24 13 6 74383 1.0635892078024
27 22 7 13 81039 1.0541116003085842
28 16 18 21 62401 1.0854582640648875
17 0 9 2 38849 0.905137737817382
12 25 0 27 39400 0.9178529187485159
28 7 3 9 60425 0.9030237795354705
2 4 16 27 89583 1.0434209495227467
18 23 18 3 92872 1.0861970645094592
28 3 10 21 90583 1.065039032542875
18 7 2 19 74712 1.041469030860198
4 29 15 16 53774 1.080532478940926
17 22 11 14 50630 1.0027904116461512
22 17 14 1 76457 0.9971387344482208
26 27 21 20 51714 1.0763677303468404
11 23 23 29 40248 0.9964893550048373
4 18 9 4 58142 0.9165131969543501
18 20 5 17 67190 0.9227498612227895
3 9 15 10 31629 0.9785218947269219
24 26 12 0 112699 1.0546970877128818
19 23 23 15 52030 1.0289824605048157
21 26 8 22 57665 0.9954201492968573
1 15 23 14 59427 1.065849992469663
25 26 26 2 90943 0.9374259686061122
5 9 13 18 47702 1.0496457599153637
21 23 1 29 61858 1.0254746962405297
11 24 14 6 55599 1.0341269592531817
6 7 1 12 26609 0.9272812009322465
8 26 15 3 76398 1.0354579066855178
17 1 26 5 43345 1.0499936986316762
21 21 3 0 105336 1.0065827330517414
24 8 16 0 44732 1.0065163854951078
6 14 12 26 51850 0.9232933523327906
29 9 3 24 96404 0.9668702146079532
15 20 10 29 32743 1.09824770803226
25 21 4 12 81491 0.9372608527624764
10 0 18 24 96405 0.9876606579925277
29 14 10 24 78428 0.9877913264435099
19 12 3 16 43725 1.0554348297111484
12 9 25 28 80015 1.0194228161640602
6 22 14 25 34770 1.0633604491483508
5 22 25 9 84504 1.0626505382300606
21 2 20 21 70699 0.9515965128867563
7 5 4 25 57977 1.0417666179733778
21 21 7 29 60464 0.9979614801509794
1 1 14 23 99769 0.9565950226306801
9 22 27 26 69485 0.9285625817714913
28 2 26 26 82717 1.0501519030684652
18 8 12 0 49560 1.0637835136149232
29 6 14 14 53129 0.9487025235867205
2 24 7 14 47889 1.0719365800133769
14 3 29 1 55631 1.0499184515992457
24 1 16 13 54717 1.0406146782783874
5 28 19 20 62008 0.9551855163420594
21 18 5 14 58629 0.9831935774633336
15 15 19 9 28700 1.0749548849003936
28 0 20 10 52497 1.0674362395539885
10 2 5 10 32665 0.9870803847681744
20 7 6 29 83736 1.0135483867597341
7 25 4 0 69713 1.054131136051939
17 3 22 15 59216 0.9085832637415538
9 20 28 26 75227 1.0740560054306472
25 9 8 22 79513 0.9390010666237166
15 3 23 27 89055 0.9477475825671156
26 17 2 25 98725 1.0437684033740302
7 8 25 24 92200 0.9797749274979601
26 26 21 2 100041 0.9753881568298378
2 13 19 3 62664 0.9876145536957099
20 21 6 25 58381 1.0407478250451645
4 9 25 21 88285 0.9880726397616277
6 5 16 0 45155 0.913947137367226
14 5 16 20 54616 0.9464945233439637
11 20 24 14 53920 0.9370126573584066
15 28 4 22 43894 0.9576698752268937
9 4 1 12 44943 0.943878996083912
5 0 8 15 45062 0.9406413218247334
9 25 7 4 56426 1.000800863139797
22 1 19 22 88856 1.0098263445292759
28 13 19 7 39608 1.0376934621324998
12 5 17 17 54763 0.9068964851065913
4 2 28 20 102964 1.069945232508411
16 26 2 28 33785 0.9242619229276291
21 28 13 7 78626 1.0946016743979723
14 2 27 9 51921 1.0559032913824884
2 1 16 12 66388 0.9295594042063172
6 11 0 27 57878 1.0997007853399012
22 25 4 4 108004 1.0523985214895535
26 6 11 3 35906 1.0521769387814326
8 0 0 11 47723 1.0327332333649148
1 14 13 17 44839 0.9415187299543069
4 18 11 3 59453 0.9541781400682202
7 26 12 13 40985 1.0309374553732789
22 6 16 17 48799 1.009821181498517
15 5 8 22 62611 0.9480669559380103
13 23 5 13 52132 0.9126595049933853
5 16 12 22 48229 1.0072770232590949
29 9 10 28 88836 1.0285203531512577
1 15 27 13 60963 0.9171775427263893
21 27 19 0 105556 1.0799401673875957
29 5 12 19 77926 1.0777020435648548
9 9 4 18 44982 0.9244760649736767
16 24 14 10 47188 0.9083408812964744
18 23 1 22 80308 0.9530908056654286
4 0 0 6 28999 1.034984373106782
13 18 1 4 70254 0.9482954671656948
23 15 7 28 81910 1.0500718574337573
3 13 12 15 28827 0.963365787686055
6 15 0 22 51335 0.9884907033479973
0 0 16 12 78063 0.991592926905765
21 9 5 0 67493 1.046162698968125
14 8 7 18 45584 1.0721280373660451
23 7 15 5 24085 1.0100848379356757
26 6 9 14 55627 1.0682051973814024
24 2 25 23 79319 1.0572689364932288
26 26 20 16 56080 0.9732963500339058
26 6 29 13 23110 1.0874495224917422
18 19 3 14 54383 1.09874935944485
1 26 24 8 107768 1.0084145410576748
13 14 22 24 70334 1.010164527859558
7 7 17 21 66151 0.9917819236539877
28 20 23 15 41415 0.9827745096017055
3 25 6 10 48601 0.9897747704799332
21 13 11 22 47487 1.0227952443238255
17 1 14 13 47148 1.0173185869467067
19 10 19 27 65848 0.9813143140632008
8 28 25 17 74722 0.9569754501714619
16 16 25 6 51603 1.088801187000529
17 2 5 17 71137 0.9696068016125251
21 23 20 14 37741 1.0255683477806528
14 27 19 14 54869 1.0321231642912079
22 21 2 8 90071 0.9893189325777098
2 23 24 13 78247 1.0885219881766426
8 7 3 25 62283 1.0738114949557331
17 0 21 14 64966 0.9370221961695496
13 4 6 1 36349 0.9521568591814543
7 16 3 23 39475 1.0256638382518557
23 1 13 1 51228 1.0078390724319732
12 8 5 27 64662 0.983089049589718
0 13 20 8 57451 1.0241765495146948
8 29 12 18 41586 0.952637095094778
24 8 16 21 67278 0.9223371945958242
8 3 20 14 58563 1.0363879991850176
2 17 13 11 42827 0.9491434374960255
0 28 13 11 68315 1.0908530878478986
23 4 7 1 55353 1.0038467432277023
22 28 24 8 73530 1.0975121677838968
18 25 5 21 59149 1.0751096275463516
11 16 27 2 77074 0.9608247985202933
17 22 25 20 52519 0.9201602885807344
15 8 5 26 68488 1.0242725625235
6 3 7 23 46656 1.0356727309760025
7 25 19 21 61830 0.9947756804931951
19 1 1 23 110505 1.0538818205823182
15 15 29 5 53227 0.905483286278401
1 14 13 19 50741 1.0866963845347108
9 3 24 0 64280 1.0174537806348587
3 12 9 20 39443 1.0985509401462443
21 12 7 21 54201 0.9117523719179568
24 8 1 20 89851 1.0690891348650826
24 8 6 0 56605 1.026569492069988
2 15 13 28 63588 1.062797030199762
3 2 18 14 65281 0.9456671951083684
25 19 11 3 78898 0.9040592978927752
11 18 29 20 75248 1.094847477036685
29 5 8 5 47332 0.9249001419390782
28 22 15 26 45351 0.9274764790032396
1 0 12 29 97044 1.0949806735257404
16 1 0 3 68917 0.9180320731870613
26 27 27 2 88532 1.0638667700734172
26 24 2 0 132217 1.0807723777602591
14 29 22 1 98289 0.930535945549638
23 1 24 19 71292 0.9612671904053725
29 24 17 22 58290 0.9273225720744692
5 29 6 8 49901 0.9338598624587077
22 20 29 4 65868 0.946119860597979
4 24 14 17 64044 1.0089086068818631
24 0 25 15 58851 1.0396954410226416
8 21 21 27 55844 1.0231865047434696
16 16 10 25 49294 0.9371087639562021
1 11 5 20 40282 1.0932759372805572
3 9 23 24 96944 1.0797989526194112
26 15 1 27 97831 0.948954578934565
2 0 17 24 104183 0.9349808601068074
16 19 10 9 42133 1.0938993697782171
3 6 10 21 56664 0.9975846213014965
1 28 17 18 62523 0.9653188455674042
26 15 14 17 49367 1.003365911470378
9 20 1 28 45257 1.0912042313925334
16 27 22 12 62073 1.0756242870406185
9 9 28 17 66500 0.9542800186757643
7 21 1 7 49332 1.007019452091369
11 22 22 0 90845 1.0229670733178435
7 15 29 5 64830 1.056595034403351
19 24 10 5 84698 1.0040358112841616
25 13 12 11 39107 0.9693185766539714
1 1 12 10 54853 1.091755856299407
3 22 13 8 62413 1.0004427756095176
20 27 0 0 118518 1.0980791233848393
19 0 10 22 92794 1.040318299304299
24 21 13 16 58470 0.9584811100294273
11 25 5 12 47842 1.0563204454437962
22 1 14 13 55810 1.071645244765576
21 18 13 22 50245 0.9647249975292681
6 19 5 10 25017 1.0911142542094863
20 25 19 16 37397 0.9667108845507462
8 13 1 17 28744 1.0848912260732824
0 26 16 10 85848 0.9523650428307341
7 25 17 12 53590 1.0030072355792015
9 2 28 26 108777 1.0362190551698018
4 24 1 6 62277 0.9089929308034603
26 19 1 8 90621 0.9555122037443742
12 23 15 6 61306 0.9171034740108666
24 8 3 14 62149 0.9164362142635405
8 26 18 20 62830 1.0742931072290567
12 7 20 24 80621 1.061425920485388
22 6 13 24 73642 1.0684839598950677
6 8 10 19 39605 0.9525012762731656
6 14 22 15 44015 1.0761370632429788
19 19 28 28 49905 1.0080629231657212
0 13 18 11 47913 1.0975410333193218
15 27 27 21 55140 0.9109387145312179
0 16 26 18 90946 0.9890784224766094
29 7 3 25 102098 0.9519135617394202
1 5 19 0 67538 0.9523098558625179
16 10 0 29 74631 1.023387663263625
16 23 20 13 45448 1.0889348242249064
19 24 15 3 82312 0.9523240998190476
16 6 5 14 41219 0.9690182530525059
24 19 17 14 42433 1.0710171754295494
11 2 19 17 63605 1.0951274116299943
0 21 21 5 97790 1.0342946269668558
21 5 11 23 72145 1.078099345704777
8 22 23 22 80002 1.0262018479589032
7 4 16 28 74323 1.0934046389103287
0 10 2 25 58178 0.9613360209522899
1 19 4 27 37731 1.0579725970848153
0 15 14 17 58941 1.0967858616550048
19 27 8 8 79848 0.9427045079487437
11 10 6 3 27217 0.9869501740805993
9 29 9 7 67088 0.9017639731268419
26 16 12 19 66166 0.9023196042477466
29 15 8 21 71687 0.9371611105408022
26 7 2 28 100093 1.0048850483904728
2 18 17 18 68368 0.959139950147206
15 0 7 22 73215 1.0676534968126477
24 17 10 23 75228 1.0453363597594716
21 8 14 18 52714 1.0770166800499434
7 20 6 9 25790 1.0745693675276768
13 11 10 21 41835 0.962604499497047
17 24 7 20 52447 0.9376349136885507
6 13 6 3 22677 0.9764801612508689
6 29 6 0 68306 0.9461798893165585
1 0 23 0 94966 1.0237097375961555
19 19 19 9 41217 0.9728264814155012
10 24 27 13 72178 0.9530153538030568
20 14 20 28 50608 0.9238354716801449
18 6 15 15 30447 0.9124533936249147
24 1 12 2 49432 0.9090016226396731
5 10 25 0 72206 0.9389477394506092
26 11 17 29 75759 1.0630237950267714
13 11 12 23 47766 1.0270298040180406
12 13 23 22 62853 1.0151577653204271
9 14 10 29 53072 0.9497203764093952
1 11 26 25 102805 0.9322006336098252
19 23 27 27 41985 1.0624928592337546
2 3 17 26 99312 0.928675654298877
15 14 29 23 59340 0.932375677270036
5 22 21 20 79944 1.0383168569999315
11 23 20 24 42752 0.9302376930683867
21 12 14 23 54208 1.0327861511719014
25 23 3 12 85445 0.9985886527829968
5 1 14 26 92730 1.0475165992536752
24 11 5 16 55664 1.0563950465762244
11 25 7 16 34866 1.0341571272882102
19 9 2 29 83782 1.0389642885643036
6 23 16 5 66600 1.0820871902048568
15 8 6 15 36749 1.060221609353919
19 10 5 12 41366 1.031169215933324
10 5 24 21 77934 0.9418855744111376
27 26 18 23 45932 1.00439650213078
18 14 12 29 62877 1.0158518748492964
6 12 29 20 69091 1.0938142954114538
16 25 12 12 50475 0.9880048297900631
20 2 12 20 78111 0.9096602936091525
3 11 15 12 32186 0.9058392193916222
8 14 1 27 55395 0.9986511259172196
18 19 1 18 75727 0.9483264640771769
17 20 3 19 64187 0.9695186345381486
19 25 14 2 85307 1.0400291765736407
29 10 17 27 76936 0.9279034309058889
8 29 14 11 62287 0.9938938461743927
28 18 4 21 94313 1.061776637001192
24 9 4 14 60544 0.9511565898026205
26 12 19 1 56235 1.0069224824977
12 14 0 17 49714 1.0638840857025944
10 1 23 8 52928 0.9691330205556878
10 21 25 5 77326 1.0004183824899233
2 17 27 13 64842 1.0237214031133932
28 26 8 26 51157 0.9738795857531748
4 29 25 22 67658 1.0010426010702376
19 28 6 7 73556 1.0562671970778597
10 19 29 21 78786 1.0105517423234078
6 12 11 24 42788 0.9495813726443719
15 25 18 7 65976 0.9771020266890005
28 17 20 24 55461 0.9081656204390877
11 16 23 17 58859 0.9732796322823785
13 24 28 16 79423 0.953083950313238
3 12 27 9 68032 1.0321954618093392
11 25 25 26 45664 1.0537837160437107
28 24 0 21 97251 0.9161378187799806
10 0 20 6 39488 0.9126925621555116
11 17 29 21 74914 0.9609867610338167
7 27 13 8 62054 0.9463567542841804
21 20 5 2 90961 0.9553404862871838
26 18 15 22 52679 1.02416335858722
27 0 0 3 95192 0.967635938623754
24 7 4 0 63375 1.0179198938490304
11 29 6 19 32422 0.9830183166180546
3 27 2 7 64822 1.0859644503482084
4 7 29 20 90146 1.0084087635445713
5 15 16 1 66037 1.0306482067420317
12 16 0 4 60729 0.9922085170254735
24 28 29 20 31036 1.0522170565598807
29 6 7 25 86148 1.0010873606137596
4 12 16 6 43990 1.0327934150202338
10 10 16 22 49278 0.9275190034203545
4 28 15 3 83168 0.9788860399676329
20 28 19 19 35679 0.9865945807466201
1 10 19 4 56061 1.0713530036434153
22 19 7 11 61289 1.011946594428806
29 27 5 9 90822 1.0620950864516414
1 3 7 20 55941 1.0390611570566661
11 6 23 14 50275 0.9215810559295449
18 11 1 24 86557 1.0576638754405356
29 10 4 12 62814 0.9623978359740963
27 0 3 10 84315 0.9940038986213081
28 9 21 19 53901 1.083804646171558
19 12 15 1 46719 0.9673326903082515
19 25 2 28 46636 0.90599647821638
23 10 7 21 63025 1.0367502811051237
16 26 1 9 80407 0.9442757704195386
20 28 1 5 90339 0.9147235419082108
10 24 21 15 70789 1.0922714581135298
19 11 28 29 75022 0.9326214897379944
15 16 20 24 44244 1.0827365828544204
6 23 3 1 63619 0.9161094883977315
9 13 4 8 23079 0.9230292269044299
21 13 14 7 35606 0.9446752521249249
12 7 12 26 64475 1.0648136638927799
1 22 20 17 86766 0.9229085484785796
21 1 0 6 62115 0.9201516521606038
17 5 20 13 34810 0.9342434763903045
17 28 28 27 23670 1.0395156625235515
21 27 5 15 72906 0.9264137288978503
4 17 28 11 73809 1.003032331711231
12 6 0 29 75215 0.9073419948208236
12 9 5 2 40343 0.9837167234555161
20 26 1 2 111062 0.9142107552461985
9 17 24 5 67155 1.0612320710305472
27 25 13 28 40495 1.0170280219162173
19 24 28 16 63610 1.037980251540589
0 0 29 11 94677 1.0905411835094483
27 24 18 27 41184 0.989677071701456
9 9 18 0 59116 1.0156981172869102
10 14 3 20 36278 0.978010436349051
1 24 2 8 62946 0.9630235525548775
18 2 19 18 69794 0.9792488245727329
18 2 17 24 86708 0.9725887595977569
3 3 0 10 28219 1.0059231937576532
10 2 26 6 42518 1.0968070417462072
18 9 0 25 94883 1.06698981952181
15 29 23 23 42444 0.9083616878485673
26 20 10 17 73786 0.9264386874574154
18 23 4 24 66103 0.9089184990827632
22 9 15 29 71770 0.9791948805805966
8 6 23 18 75865 1.045365894194009
20 20 23 28 34977 0.9740918848110754
9 0 4 25 76116 1.0399692384981383
11 27 29 16 71791 1.0596793667270554
22 28 26 3 91263 1.0184628077856992
11 2 20 19 69896 0.9002229925160188
5 17 24 0 86252 0.9272608315138818
12 26 9 12 53127 0.9719927479982815
7 16 22 11 47021 1.0253580308082824
10 18 0 8 56634 1.0390940601913758
16 0 4 9 59887 1.0989545985302873
26 14 11 9 45463 0.9758205093778587
10 25 9 12 46412 1.075024226683793
3 26 24 15 87702 1.061930893264108
15 28 28 14 69161 1.0158323062238501
0 19 16 28 64788 1.0911500539219186
16 17 20 3 55390 0.9943422568044371
16 29 26 20 61034 0.9275732291855071
12 13 19 24 59406 0.9094685856292847
6 28 13 19 43156 1.0913916231650054
16 23 29 14 66399 1.048433270357274
21 14 10 18 48840 0.9653416287941016
0 26 17 23 63651 1.0845963628725708
14 1 26 25 108860 1.0754820361968964
2 2 14 0 59449 1.0704228281956296
29 21 14 7 73375 1.0003075930888843
15 5 3 28 79251 1.034177180106468
12 2 0 13 52871 1.0709716450776812
2 3 3 17 46475 1.0403384992925226
19 25 4 12 76134 1.0027884353468266
1 23 26 14 91565 0.979869907284054
20 24 3 27 50842 0.9012992662793464
23 1 4 24 111485 0.9994485165748415
29 23 21 4 73011 1.0584560597308335
20 24 7 28 39744 1.048311664667229
5 13 15 29 55060 1.028271576417418
12 16 3 15 35397 0.9279096609520087
1 14 3 0 47540 0.9085338272498448
25 23 6 25 63249 0.9750870086056518
22 9 3 3 60529 0.9001971745632315
16 6 25 26 87650 0.9268808884918521
15 11 22 27 62701 0.9288847839326224
13 2 29 27 103585 1.003819558357669
29 5 6 20 81490 0.9632721575513256
9 12 11 22 36467 0.9665909600098266
0 1 28 20 120262 1.0591366599266272
2 16 24 4 74750 1.0356749506865734
8 29 4 8 58009 1.0969366720717426
19 11 5 19 55079 0.9624944313975063
26 29 27 9 67053 0.9704311692844934
28 15 6 15 55522 1.0949258173376613
2 8 26 2 71413 1.083744180950794
11 23 20 0 85734 0.9402925561426372
5 8 22 13 46424 0.9119363210029833
12 7 1 1 52095 0.9870783060561421
16 22 28 19 63694 0.9250722535377093
9 11 21 28 74062 0.9820135069795018
12 3 2 13 48885 0.9934110779246426
3 21 25 28 64217 1.0616413112306988
18 7 28 22 75322 1.062537601670603
2 9 9 1 44119 0.9936854290197694
6 6 28 18 76510 0.9299661374522201
24 7 25 17 39947 1.0218204540919507
2 7 6 24 53069 1.0523377979105826
11 28 28 20 55905 1.066534033173681
21 1 7 21 84075 0.9391638657790493
3 28 3 1 79597 1.0867480325645973
5 7 19 26 87264 1.0494226284895256
3 16 18 16 56439 1.0028333880610314
26 17 27 29 50981 0.997507863079076
23 19 14 15 48963 0.9718230068559033
20 2 11 8 35436 0.9269177964388481
26 22 0 20 113338 1.0300898693854155
21 7 28 15 45169 0.9860816824571969
17 21 1 18 81709 1.0037905145414887
28 24 15 22 50077 0.9310918556010739
25 29 11 11 75072 0.9119562071638394
4 24 25 1 110144 0.9410840063859827
12 26 8 12 51358 1.0467411360446612
11 0 5 29 81475 1.098056383274661
29 8 11 0 56188 0.96285883242398
24 29 26 7 80274 0.9296211877863254
1 0 12 11 59907 0.9193612788415363
11 10 6 19 31000 1.0286955961413207
1 20 28 9 93955 1.0040182739903982
11 2 0 9 50201 1.0159594924083355
7 18 28 9 68906 0.9331251780453236
29 10 19 20 55691 0.9938356601975356
26 7 17 8 32244 0.9219336810328554
21 10 15 26 58801 1.0589309817160757
26 12 11 16 46997 0.9037451302789689
5 23 20 19 71894 0.9967774683378687
4 1 1 28 85056 1.0356985608570128
20 12 26 3 44608 1.0020673412654997
6 15 25 15 54228 1.0452197328616926
10 13 16 26 52370 1.0195760604661817
4 27 19 23 57395 0.9737299940182261
15 9 25 7 30066 0.9395070178821744
18 23 28 11 69987 1.0071715342772547
4 16 21 15 59049 0.9535727664504443
21 22 12 12 63178 0.9780924264124531
12 26 13 7 69682 0.9077442796224534
0 29 5 17 41576 0.9916450674910054
19 16 29 19 50081 0.9371592401689364
18 4 14 18 58166 1.0485470924293394
27 15 5 7 70598 1.047517762511735
10 23 21 16 68636 0.9940711302617848
29 2 6 11 67321 1.0705236553999131
28 11 13 14 43352 1.014198566460741
24 9 16 16 48803 1.0482865383707178
25 16 17 10 43599 0.9687929687758657
7 29 12 17 44718 0.990930269220277
26 25 29 14 40937 1.0773467010361215
8 21 20 8 65620 0.9491696001973717
26 13 16 5 48482 0.9504178322229959
1 8 5 19 44849 1.0216550019862085
12 6 1 6 22832 1.0123820395417147
17 6 16 19 43143 0.9132936358289258
6 7 0 17 45882 1.0010480978595673
27 17 28 27 37827 0.9570348635320911
14 15 27 10 51213 0.9467668112031374
18 28 12 14 58745 1.081328990002007
14 17 25 14 45137 1.0914467100347407
19 14 28 15 29745 0.9635977099351609
8 25 22 27 41641 0.9872564683355407
26 29 7 20 57259 0.9773162223428291
8 14 18 0 65754 0.9738639862391257
2 23 13 24 50835 0.9341383192059158
27 21 5 15 88230 0.9812683206430728
29 0 27 23 73040 0.9489375104035165
10 21 20 26 51713 0.9899943518022319
11 26 3 22 40462 0.963714247555164
29 2 24 21 65459 0.9326929028891919
11 22 2 24 44332 0.9688663161933397
9 25 20 1 93239 1.0087471990551573
18 23 26 3 94501 1.0090406007989243
23 2 25 21 78293 1.0702839722522084
1 3 22 9 68461 1.0279711839264523
25 21 1 8 97804 0.9888134800815911
28 24 25 9 59813 0.9759447595120614
13 21 29 13 64566 0.9619952475142118
22 26 15 9 73249 0.991719344614492
14 9 24 10 33502 0.9917439368233029
17 7 4 28 83103 0.9836725602366667
22 5 29 20 55276 0.9806444903823859
4 24 27 22 85017 1.089086033206515
28 4 4 19 91419 0.9302183291727208
24 28 12 29 26082 0.9589605610482538
4 20 20 10 68458 0.9855663865368863
1 28 16 9 78227 0.9946652004416008
3 20 3 5 43465 1.0705143289849555
25 5 20 27 88188 1.012359684720183
14 23 6 27 38276 0.9236721370662903
16 24 5 23 48386 0.9306724317581427
20 24 24 12 50336 0.9374668094232463
18 7 22 0 40824 0.9555213701335628
7 6 3 19 40536 0.9184153595782537
10 7 6 18 40025 1.056394694627912
25 2 0 18 103160 0.9406412858083428
9 20 5 3 57376 1.0815519031708005
28 21 28 3 58017 1.0247334895387172
18 26 0 17 94260 0.9928196770727511
17 11 8 12 30780 0.9465642765417478
3 3 21 22 97978 1.093439742554747
11 23 19 9 61419 0.9934899524867908
16 7 17 28 65992 0.9535679842123007
4 4 0 21 73905 0.9610985875133607
18 24 8 21 58495 0.9540577542074953
13 29 26 13 69952 0.9857847414344335
23 28 26 13 57498 0.9429966308035982
16 6 6 7 22446 0.9037626018122865
