3167 3236 3705 4564 4793 4750 4596 3731 4325 3189 7172 7138 6310 6560 6303 6564 5572 6791 6853 5370 5786 5816 5893 6716 6680 6082 6843 6372 6199
7216 6978 6910 7914 7376 7626 7222 6833 6804 7765 8456 8484 7187 7416 7664 7400 7515 7446 8052 8179 6961 7519 8468 8349 7995 7830 8310 7247 5587
3233 2963 2232 3084 2906 2132 2592 2428 2266 2449 2820 7886 7582 7944 7324 6948 7139 7755 6885 7121 6386 7017 6485 6304 7399 6686 7653 6376 6317
3617 4110 4101 2929 4169 3235 3513 3134 2827 2939 3835 3090 2687 3280 2769 4672 4552 3717 3666 4172 4475 3563 4636 4594 4389 3780 4919 4808 3545
7732 8671 7268 8716 8720 7489 8049 7771 8056 7476 7854 7354 8377 7002 7016 8759 7623 7862 8679 2782 2486 3630 2466 2576 3041 2958 3136 3425 2028
6741 5237 5612 5354 4972 4563 5920 5876 6013 5233 5341 4870 5778 5907 4448 4422 6132 5374 5076 5252 5342 5397 4982 4726 6206 5222 5001 4412 5639
7510 7141 7634 7376 8546 8717 7537 7168 6967 8449 8109 8594 8654 7786 2756 1696 2966 2313 2625 1785 2631 1940 2949 2327 1900 2391 2640 2338 3028
4639 4636 4279 4379 4525 3125 4121 3627 2941 3762 3737 3568 4312 4409 3779 4336 3568 3459 4439 3622 4170 4418 4177 4466 3824 3924 4402 4317 4831
5369 5554 5312 5524 5335 7059 8062 7315 6898 7171 6699 8359 7901 6755 8094 7391 7813 7891 7069 6633 7734 7434 7679 7620 6858 7269 8326 8335 8290
6457 7056 6837 7060 6080 6650 7248 6798 6352 5642 6431 5747 6636 6867 5994 6587 5890 6103 5809 6492 6269 6735 6952 6434 7314 6469 5786 5879 6717
6443 6251 6446 5232 5059 5629 5072 5366 1350 2766 1817 1557 2600 2911 2913 2433 2711 1963 2459 3011 1555 1939 1519 2035 2088 1508 1213 1358 2916
8147 6808 8396 6876 7372 8214 6794 6918 7647 7713 7399 7171 7451 6927 8281 6783 8378 7908 7884 8491 8087 1176 2545 2068 1318 2563 1162 1840 2435
7287 6813 7950 7393 6973 6783 7252 7802 7972 8135 6942 7334 8192 6995 6955 7495 8209 7826 7473 6943 8102 6767 7432 7188 8081 7534 8208 8074 6985
3963 4397 5035 4517 4532 4414 5550 5114 5424 4555 5506 5551 4304 5539 3967 4702 5235 4749 5089 4882 5148 5337 4796 4942 5420 5046 4815 5572 4971
6287 5089 6132 5351 5140 6295 4737 6508 5401 6244 5334 2302 2454 3514 2321 3955 3367 3126 2286 4067 3396 2513 3881 3225 2719 2694 2513 3553 2535
6211 6623 7649 7393 6364 7202 7910 6690 7649 6966 6943 7319 6865 7764 7706 6802 6699 8059 6361 6971 6710 7890 8158 7614 6904 6631 7606 6709 6773
6239 6173 6534 6709 7545 7902 6544 7454 6739 6444 6967 6820 7803 7350 7795 6575 6107 6349 7431 6077 6142 6153 5023 5637 6834 6530 6731 5705 5104
6497 5903 5473 5536 5477 5313 6021 6208 6242 5315 6939 6592 5347 6578 1880 2857 2139 1842 3248 2458 3485 2475 2048 3108 2260 2136 2991 1953 2746
5884 6161 6754 6702 6932 5396 5644 6345 6347 5660 5903 3575 3308 3021 3724 4334 3215 3892 4101 4549 3025 4566 3935 3189 4747 4333 4444 4142 4674
5211 5615 5721 5283 5550 4719 4231 5767 4416 5557 4671 5403 5860 4498 6002 4511 4447 4607 5249 3346 2964 3720 3905 3906 3196 2767 3842 3198 3580
4784 3980 4428 4142 4658 4867 4680 5395 4185 5236 5145 4265 3564 4193 5298 4437 3986 4246 3602 4582 4472 3803 4803 4959 4783 4787 4434 3898 4822
6126 6699 6402 6810 7282 6105 6687 7365 6018 5862 7161 6223 5953 6198 7051 7452 6776 6760 6458 7386 6159 6530 7469 6403 6038 5233 5425 5416 4981
4889 5959 6274 5041 5967 6344 5366 5947 5011 5516 5913 5053 6163 4607 5362 6066 4713 6228 5161 4749 6119 5621 5202 4604 4794 5511 5482 4107 2952
4391 4092 4285 5052 4598 5871 5159 4518 5166 4584 5300 4274 5581 5571 5446 4326 4459 4638 5220 4372 4834 5374 4742 4204 4900 3947 4065 4657 5546
3464 3699 3650 3933 4468 3714 2912 3175 3661 4039 4310 3309 3038 4058 3735 2626 2529 3728 2557 3438 3132 3136 2685 4303 3653 3830 2706 3630 3139
4408 5543 4624 4356 4242 5397 4559 3961 3771 4548 4220 5529 6918 5133 5506 5993 5526 5241 5708 6597 5620 6847 6374 6263 6049 5514 5542 6898 6932
6610 5240 5749 4913 5328 5407 6108 5765 6042 4930 5863 5007 5125 6264 2185 1147 2021 1453 2143 2091 2729 1361 2112 1984 2367 1661 2624 1938 2144
7049 6626 7150 7682 5831 6246 6360 7452 6084 5865 6536 7511 6239 7529 7535 5901 6131 6750 5881 6421 7494 7490 7564 7290 6445 6739 7351 6974 7288
8620 8532 7462 7234 7769 7281 7595 6744 8030 6580 7602 6279 7210 6548 7330 7236 6593 7940 7508 7120 6595 7195 7275 6799 7673 6320 6511 7852 7178
2111 2347 3582 2655 2845 1876 1918 3558 2110 2317 2939 2051 2982 3393 1976 3482 2550 2932 2899 2369 1856 2085 2840 1129 1550 1687 2134 2528 2181
1803 3190 7307 4248 3384 3221 7149 3372 6023 4244 6931 4151 5054 7277 3527 1519 7186 7440 4252 7375 6209 7543 5357 4994 5111 5825 4922 7563 2553 7259
2827 3276 6794 3799 2715 3093 7199 3288 7233 4207 6125 3743 4933 6023 4535 2398 7809 7737 4312 6255 2983 7381 5649 5704 4988 5425 3946 8439 4267 6029
2278 2831 8545 4987 3853 2830 8762 3692 6696 5116 6713 5061 5050 7226 4655 2606 7443 8270 2794 5807 3898 7487 6420 5279 5944 6858 4908 7424 8074 5832
1155 2575 8498 3916 3693 3350 7199 3420 6503 3718 7488 4107 5651 6256 3985 2626 7795 8768 3771 6601 4553 8566 5999 4845 5430 6957 3961 7158 7705 5854
2697 3012 7258 5045 3532 3978 7503 3309 7328 4154 7363 3793 4348 7153 3506 1555 7236 7730 3324 7546 3709 8730 5544 5243 5174 6631 5554 8543 8388 7249
7229 2036 6789 5102 2648 3059 8604 3101 7293 4389 6338 6550 4933 5772 3471 1677 6316 8291 3991 7299 3595 7406 5687 5765 5010 5735 5063 7254 6977 6537
5794 3698 7496 3040 3269 3304 7739 4505 7291 4615 2412 7274 4022 6793 4812 1978 7162 8826 3645 7185 2879 7176 5783 5343 6739 5777 4026 7157 7331 6126
6529 3413 7141 2996 3960 3142 7977 2942 7218 3977 2731 6898 4606 5594 4088 2257 6269 8704 3775 5778 4133 8174 5496 5880 6717 7124 4559 7681 7381 7259
6811 1988 7991 2328 2246 3643 8323 4270 7146 3799 3039 6244 5054 6773 4224 2079 6731 7549 2920 5776 3753 8346 6873 5035 5680 5744 4878 8749 7206 6667
7466 2983 7828 3381 2651 4031 8062 4075 6275 4244 2651 7663 5193 6603 4773 1958 5481 8279 3004 6321 3431 7223 5642 5731 6042 6096 5495 8777 7550 6493
7391 2259 6901 3369 2235 3656 7420 3035 5911 4693 3138 7548 4862 7076 3992 1415 5786 7190 4081 7512 3117 7233 5946 5773 6198 6332 4687 7733 8223 6716
7105 2336 5574 2571 2844 3787 8697 3483 6012 4809 3021 7865 4121 6756 3979 3211 5360 8715 3970 7088 4554 7800 5231 4778 5083 6158 4838 7442 8568 7558
7360 3454 6664 2807 2694 3330 7175 2366 5571 4702 2410 7430 4215 5795 4300 2586 6458 8384 3881 6598 2889 8128 6196 4515 6470 6137 4018 7246 8557 7230
7381 3698 6400 3016 3948 4411 7696 2753 5669 3624 2556 7344 5410 7204 4661 2378 6634 7315 3758 6631 4548 6960 6458 6156 5165 5409 4163 7954 7381 6140
7312 2949 6700 3475 3163 3655 8567 2407 7083 4770 2521 7707 4457 6257 4392 2955 5092 8683 4393 5839 4690 8698 6927 5105 5391 6531 5382 3092 8079 7532
6661 2294 6111 2177 3644 1613 7494 2414 6204 4464 2111 7892 4115 5561 3526 2681 5518 8359 4577 7448 3679 8498 6604 4522 5798 6661 5145 2620 7216 5928
7375 2045 5793 2053 3091 2292 8675 1801 6941 5370 2927 7216 8657 6729 4744 6272 5757 8726 2773 6280 3845 7004 6668 6127 5232 6464 4524 3220 7770 6440
7368 3470 6384 1886 3896 2244 7394 1420 6531 4311 1536 6538 8156 5975 6907 6619 5352 8312 3654 6317 3749 8102 6896 6001 5485 6895 5350 3139 8649 6866
6298 3713 5299 2111 2671 1088 8128 1441 7214 4559 3167 7882 7589 5869 6577 7455 6500 7901 3935 6503 4075 7234 6568 5367 6921 7035 5057 3105 6984 7189
6428 3428 5493 3027 3052 2105 8172 2060 7293 3929 1600 7416 8664 7175 5523 6867 5113 8929 4396 7084 3428 4877 6201 5787 8597 7188 4973 2931 7953 6550
5792 3617 6033 2368 3824 1114 7782 1942 6666 8726 2649 6184 8301 5734 6987 7354 5291 7784 3176 6802 2880 5940 3377 4694 8633 3037 4311 1615 8220 6298
5872 2481 6817 1829 3510 1098 6718 2153 7420 7686 3293 7471 7118 3427 7144 6601 5397 8524 4030 7258 4375 5373 4619 4717 7407 3325 4218 2715 8714 7549
5830 2492 6715 2756 3985 1565 7559 1323 7040 7188 2095 7915 8016 4157 5410 7632 6229 8073 4086 6811 3909 4397 3400 5922 7554 2945 4528 1616 7816 7150
7228 3246 5801 3378 5599 2786 6271 2957 6544 6929 1645 7374 6880 4304 5749 7560 5277 7188 4205 7562 3991 5889 3617 6302 7059 3200 3879 3350 7533 6290
6665 2654 6208 2711 4282 2084 6138 2692 6882 7754 2987 7877 7512 4329 6273 7300 5688 8864 3623 7087 2855 5869 2819 5618 8040 1808 3926 2353 8057 7612
6274 2264 6275 1992 4749 1561 7685 2613 5847 7742 3267 7674 7794 2727 6113 6660 6083 7947 2253 6341 2882 5227 3168 6203 6899 2600 5464 3297 8676 7652
6351 3713 5976 2767 4940 2178 7521 2135 6735 7250 3202 7008 7112 3479 6950 7657 5197 8327 3442 3790 4379 4374 3739 6085 8181 2775 4902 2818 8732 8069
6680 3704 6018 3262 4275 2199 6316 3039 6365 7188 2695 6330 7064 3696 6217 7276 5628 7417 3040 3766 4050 4743 4485 5064 8387 2015 4234 3314 7705 7023
6523 3571 6307 2849 5298 2664 7344 2340 6581 7839 3267 6630 8215 3719 6873 6697 6749 7365 3535 4407 4051 5533 2981 4959 7998 2842 5437 1768 8153 7694
24 12 25 24 42483 0.9307131340125911
4 24 13 17 52897 1.0959359337196224
13 18 28 10 65826 1.0066490357877207
20 5 4 12 70686 0.9534204734148303
16 1 24 21 89769 0.945523463979823
7 29 27 2 129979 0.9635664906230228
16 11 1 20 71666 1.0864981604148893
24 11 13 4 50314 1.0872653111788684
29 22 16 10 65844 0.9467980494553144
5 10 6 21 42037 1.064033259151271
24 3 22 28 90480 0.9007571109705145
11 23 20 5 76818 1.0324585295702176
26 17 14 15 53557 1.0335130454360013
21 24 15 7 91321 1.0074176748373669
16 17 26 23 52916 0.9824808220442586
6 28 5 1 87536 1.0045069284459809
29 12 19 9 37247 1.019353632633218
24 1 13 19 92015 1.093971707401167
17 2 24 20 78689 1.0710349105185901
0 26 7 14 59340 1.0811904832154935
12 12 26 21 76981 0.9126990667267164
10 24 28 2 104462 0.9075559909129062
2 23 10 6 72019 1.0609766806396563
9 16 1 14 30718 1.0195650905086502
28 22 23 2 73018 1.0833282939338313
19 5 25 16 52933 0.9610348695020677
11 28 22 27 40971 0.9827939819887569
22 29 15 15 60564 0.9755493801280777
29 25 2 13 111518 0.9891598972822917
7 28 8 2 94403 1.0575817965843877
20 13 17 5 42132 1.017031291474078
22 12 14 14 44374 0.9343271409824515
10 5 24 10 52245 0.9671391809819325
6 22 6 10 40151 0.9290620349988916
29 4 4 9 82026 0.945180565640633
28 7 16 14 63261 1.0358219494104064
14 7 25 29 92382 0.9690362451134555
17 2 24 17 68966 1.0312078262576914
21 28 20 0 114658 0.9728622093953703
5 10 24 4 69302 1.0919135980739128
17 4 18 16 59977 0.9124939687697659
24 9 3 11 69120 0.943592442462424
2 16 18 15 51801 1.0682387467385324
13 9 21 25 83228 1.021001774007721
4 16 16 0 94052 1.0627856418739485
4 21 8 7 56230 1.0691344771145728
22 23 27 0 95998 1.0006129444438032
2 0 20 24 123323 0.9121715441565947
3 29 3 14 58916 1.0089788937638204
8 27 1 12 66209 1.035502559291117
27 9 18 8 39197 1.087554341629995
3 29 8 2 106860 0.9862377101086846
3 20 8 28 45685 1.0032757118926166
10 7 0 10 45648 1.0723246150712404
20 17 0 14 71523 1.051648572257198
5 5 17 0 58098 1.0996176338369614
2 5 19 28 107518 1.052999150585366
18 23 29 2 96952 0.9002951508990727
21 1 19 22 98618 1.0689435017165319
27 4 4 6 75044 0.9834268428173956
24 25 17 4 84956 0.9106317686283989
17 23 1 19 76443 0.9391123990082639
27 15 19 19 43296 0.9096593982489518
4 27 18 17 80176 1.084053623742948
2 17 11 10 45759 1.0834900388882664
6 3 11 13 50991 0.9085499353325542
27 20 14 28 55823 1.0910807852740927
27 18 18 27 43496 1.033125414761451
16 12 11 27 55521 0.9259951450583873
7 15 14 27 49734 1.0804936287830615
24 26 20 20 35894 1.0008960990147486
12 11 28 3 70998 1.028338477874743
18 20 29 24 47659 0.9324279822707878
11 17 17 28 56371 0.9062662932791087
3 25 26 15 110798 1.070199235325903
11 10 17 26 63876 1.0353350316464751
14 21 19 14 43518 1.0943881371902375
9 17 24 22 74574 1.0541769014237867
24 20 15 5 66734 1.036300348173687
12 4 20 20 86468 0.9734128689291737
26 14 3 8 90532 1.0076947460543026
13 22 1 7 77712 0.9740033064967087
17 18 5 9 61321 0.9448378648750201
2 28 18 2 134418 0.9449990924844965
0 17 18 10 64807 0.9172282365251586
4 22 9 17 34273 1.043167376913166
29 6 13 17 77105 0.9014704925152579
20 12 21 3 44941 0.9961071321303923
18 16 7 27 71930 0.9828790714556065
14 21 4 6 79190 0.9821458371545719
13 6 25 3 39067 1.0597346209744078
10 16 28 1 86881 1.0306212437824738
8 23 6 11 55448 1.0475253199189782
20 4 18 24 87527 1.0417723286642548
5 2 23 24 131676 1.065644861298376
2 4 29 28 127975 1.0803824389425298
0 2 12 9 67530 0.9802094961793433
4 13 26 28 103336 1.081710993901424
6 8 21 23 97149 1.0578892047595527
8 8 12 15 33961 0.9492209134896692
15 28 1 2 113961 1.0716248374148818
6 11 2 17 42969 1.062404844819513
24 15 10 3 77459 0.9947110154174659
22 10 14 28 77024 0.9723686369557996
27 15 0 15 94625 0.9698400459703522
1 28 9 8 92336 0.9751619108410685
26 17 4 28 109933 0.9852187240869713
5 24 6 10 50437 1.001239551136934
26 1 15 17 93384 0.9198124314532395
3 0 25 10 93520 0.9115494802697809
13 25 4 8 81104 0.9945468765279023
26 18 2 27 118223 1.0566934630617721
4 23 18 6 82146 1.0754277722757664
3 17 16 0 97143 1.081598217086112
23 1 2 25 130055 1.00942546505578
2 5 24 0 78667 1.0413477244626899
27 24 19 27 31382 1.0614865873047759
14 7 27 1 50925 0.9965319182223588
18 28 17 14 40208 0.9782019313606983
13 5 8 15 44165 0.9041823836871223
26 5 15 23 91390 0.9572351448798768
21 28 23 9 74831 1.0620158569409672
22 29 16 9 87112 1.0340108986520997
7 16 27 24 92925 1.0757433218511396
25 8 6 21 80061 1.0797119546356793
8 7 25 12 63511 0.9743801724085831
13 2 28 25 100395 1.0303112710328481
19 1 14 20 91481 1.0211526734884342
20 2 25 14 57411 1.0259763469092429
24 27 28 7 64729 1.0449623906673213
27 16 5 17 90868 1.0290027722951178
12 23 25 11 81815 1.0928370026979586
7 14 18 25 64386 1.0964402572379757
2 3 27 3 75088 1.0332425943770753
22 11 0 26 110495 0.9796061277264433
22 23 6 10 89339 0.9399918355503806
4 28 10 21 45225 1.0536604695966973
21 10 3 26 87513 0.9113617708114473
5 11 19 28 92766 0.9599694093333944
9 29 2 9 71487 0.9586703088247575
6 24 16 22 58591 0.9582693605729494
12 18 23 1 90417 0.9817435749839447
28 18 5 18 84608 1.0016669984894926
25 7 23 23 61522 0.9486857393663096
23 21 12 6 85317 1.0039499366990536
6 3 8 14 49634 0.9735836466356009
27 6 1 7 77957 0.9018114110465953
17 5 10 16 53306 0.902104784832529
16 1 27 10 62765 0.928236783837699
7 24 25 10 85697 0.9182170507010614
4 0 8 20 73680 1.0634994520110814
25 27 19 6 78693 1.0899836664976412
12 21 14 10 48265 0.9510216796584008
20 25 14 10 73080 1.0694887448942758
19 27 20 4 95673 1.0554253467916646
13 27 19 1 115098 1.0603533697520586
16 21 29 25 57864 1.0096316430517558
9 15 14 28 48951 1.0761382678559261
6 0 23 16 112714 0.9754713817063078
10 5 28 23 96522 1.0190652250443053
28 12 13 11 57638 0.9150410844418891
25 27 29 13 44079 1.0998694048302902
17 15 24 5 56544 0.9786641803181223
28 26 21 29 35488 1.0702914302541873
29 27 9 16 87441 0.9416062450883445
20 22 9 28 67555 1.004199382219473
5 6 26 28 118739 1.0710441259381114
2 10 12 17 54167 0.9904430957598287
2 10 17 2 69109 1.0405911349601715
5 4 23 27 115730 0.9917784530362302
6 15 10 21 22404 1.0531379054854848
10 10 0 7 43438 0.9348782209232833
18 4 4 13 83199 1.0943508974795635
19 1 0 4 63132 1.0857815497116046
2 22 0 13 54623 0.9945146793439794
18 23 7 14 58124 0.9740821301886609
13 20 14 6 60164 1.0543068708720216
23 19 16 11 62637 0.921407329384854
13 0 26 24 107119 1.0407128427622525
14 25 1 2 102845 0.9069841283533877
29 28 2 7 125055 1.0681076092813568
29 10 11 2 69259 0.9553408305229568
1 21 29 21 113697 0.9748438835836584
12 14 4 3 63694 0.9812525746549998
29 22 2 29 120362 0.9635655804718462
12 15 1 3 60119 0.9080861468063302
6 16 20 6 59108 1.0437880890208169
24 20 27 13 26520 0.9268495660444313
3 4 9 11 47444 0.9135401435946765
10 24 28 17 85170 0.9077855960046559
11 21 26 16 72144 1.0924476010580764
16 18 27 20 44744 1.0848507366396307
3 13 24 7 73014 0.9494720843044726
21 18 18 27 42193 0.999427088075116
20 16 26 12 43731 1.0162511457496506
27 14 9 23 88200 0.9306607932326569
3 3 8 28 89478 1.0210632451539725
1 25 11 17 67471 1.0587689013377553
20 13 27 8 44061 1.0256184635590895
22 20 2 4 101159 0.9935039630843188
12 4 6 20 61776 1.089032231175629
18 26 12 0 118074 1.0802468430457135
0 27 2 3 103848 0.9818501053648964
9 10 8 0 49947 0.981672277281732
3 18 28 27 99740 0.9213973584176771
20 16 7 16 51950 1.081096295785195
15 9 23 28 88145 0.9626984919768105
9 19 2 25 52396 1.0126638730512856
6 18 27 21 85175 1.0629338691444736
6 13 22 29 91750 1.0791854540984018
10 24 26 15 75369 0.9884311402653397
15 15 24 27 58471 1.07279110047222
22 15 15 23 60561 0.9607962678544223
4 1 4 15 50791 0.9667741009489952
18 15 2 23 73784 0.9648902751803412
28 27 2 16 106309 1.0794516633061055
15 8 0 8 60439 1.0200115034392963
14 17 25 28 66800 0.9837170086968603
20 20 9 6 77897 0.945347186698708
10 21 19 14 50994 1.0625162229051874
1 19 3 3 66506 0.9302091932665748
3 12 27 16 93231 1.0048831784605192
17 5 8 4 29173 0.9188762465285137
3 20 18 2 100052 0.9249779038296415
6 25 2 9 51146 1.0570035839289775
17 10 18 24 55275 0.9517527203341191
19 14 12 20 47559 1.082430025578286
12 8 25 27 94802 0.9111692742423164
21 22 3 5 102326 1.0498825699126193
16 27 22 6 87905 1.0335167635928852
13 27 2 15 58315 0.9431676643624116
10 19 26 15 67871 1.077970575614851
11 9 21 8 43652 1.0170541433585052
17 2 29 8 45898 1.0418306941543036
9 10 25 6 50939 0.9502042494083202
25 26 1 9 117968 1.0009103622993851
19 14 10 8 46720 1.088995041943919
6 16 15 13 31650 0.9784200101532482
17 5 22 10 33241 0.9807709008937578
17 6 20 23 82154 1.0869763284644491
11 17 24 2 83846 1.0871144620439803
13 11 3 20 57387 1.0319376714924082
27 10 10 28 81715 1.012409901854566
26 13 9 27 95404 0.9200461689636568
18 1 12 29 113968 0.9993815446213068
6 2 16 25 111255 0.9196109798911255
0 10 9 4 47165 1.073525514251056
28 6 14 3 45354 0.9055055165225678
21 21 17 29 43096 0.9180242903253127
22 9 23 20 46575 1.0957094462200248
10 0 19 11 75584 1.0053150778135764
14 7 24 7 19918 0.9611510006236379
19 23 13 16 48989 0.9704099776900047
16 12 6 28 65224 1.0523248041067026
24 6 24 21 50247 0.9754180887090526
11 21 20 14 63750 0.9096392116703971
25 26 5 23 85595 0.9921465176504113
7 25 26 15 95821 1.0853781483623064
22 13 19 25 60624 0.9255093322430431
18 17 15 8 48269 0.9199857326983727
15 2 7 10 57380 1.0210777545617744
28 4 12 4 46988 0.9058987098644499
28 26 9 11 100118 0.9820988236289494
5 23 27 14 104937 0.9671674732142083
8 4 18 6 36813 0.9077960721583455
12 9 25 0 67349 0.986816048281101
7 9 27 16 79358 0.9275481464144922
28 15 20 29 62292 0.9991064867189587
6 17 24 15 77635 1.0944123824205159
27 9 9 14 63648 0.900372706234436
10 15 4 29 52707 0.9605571155221104
0 5 19 28 113832 1.0128228869087355
10 4 3 22 76116 0.9087355183127478
23 5 3 4 55489 0.9629775126928581
13 15 18 20 30579 0.9437209056635344
6 2 7 19 72761 1.0743132404748028
14 7 22 9 26596 1.0447708423048556
19 17 8 13 59197 0.9749032324719555
17 1 1 19 111086 1.0519805905945414
14 1 20 21 105834 0.9680108028493103
16 7 11 23 61101 0.9121568723372111
10 12 21 5 46145 1.0021923378986897
23 28 25 11 60973 0.9519064735330766
1 26 10 20 51472 1.0004307114337094
5 23 9 0 93706 0.901484367743939
12 7 25 23 83334 1.0425730554104025
27 27 26 10 50955 1.0561524288695412
5 3 20 3 43339 0.9997981251737851
17 18 3 23 65918 0.9015721005530869
9 7 20 17 69432 1.065014841177064
3 29 29 20 118471 0.9510169300511007
26 2 19 24 102330 1.0906125011861207
29 20 19 23 46252 1.0967315283476127
27 21 14 7 72913 1.097717268404842
12 6 5 2 44575 0.9051451584483078
15 23 7 7 71835 1.073209869463231
6 13 27 2 97085 1.0446904456621098
13 8 27 18 70304 1.0914524148395106
8 0 27 7 74907 0.9418968258841253
27 11 13 20 76810 0.9160919838854974
24 9 11 24 75937 0.9939053378292322
28 0 20 5 37312 0.9554397187490802
27 12 3 10 90170 1.0680746642232317
1 4 8 1 28559 0.9541735011364242
19 26 27 21 38202 1.0971497827528254
7 0 8 12 51945 0.9027919581482199
4 23 9 8 57732 0.9258801792765458
4 8 28 26 124433 0.9630846950787578
29 22 26 3 57671 1.0411212501079201
7 23 21 17 76483 1.0110250528669595
28 18 0 24 124313 1.0775960740192296
15 6 1 13 76662 1.016049452146669
27 20 12 24 71831 0.9579187429324668
20 2 29 3 28340 0.9037404675157834
16 10 26 5 40058 1.003231623954157
27 14 11 2 92175 0.912766291778591
1 9 11 9 42912 0.9166385410140582
18 27 10 12 63935 0.9822917085637743
21 2 2 18 100152 0.9847617923052727
9 0 26 22 116549 1.0971891928662592
1 13 17 23 75478 1.0783019963022555
0 24 11 14 66497 0.9284347929104834
27 14 27 24 34357 1.0044316261136104
20 3 13 7 32091 0.9134658551040463
7 3 11 22 68716 1.0892522204204556
27 11 0 23 118824 1.0362461813269508
10 17 11 8 26969 0.9016082806484553
8 16 29 13 81285 0.9658021406731694
9 28 29 2 111872 0.9869255035140126
12 9 21 3 49699 1.0712544031847642
20 15 9 1 91054 1.0753535439874633
18 9 26 19 53035 1.0427468357441698
3 10 13 25 68835 1.0888416997788684
0 11 5 3 41230 1.0767729524694707
25 23 16 21 50965 1.0679829108089276
22 20 20 28 41812 0.9838697909730503
4 6 3 28 90665 0.9153830434817322
11 10 21 20 62496 0.9470489218750848
15 4 25 18 70726 1.0972274630609429
27 12 25 1 56469 0.9064726806161979
28 20 8 19 81712 1.0891656293539345
11 2 17 19 85621 0.9193952305104338
3 12 16 1 73549 0.9847400335450428
6 20 16 5 68874 1.0501405380663833
11 15 14 24 37991 1.0856372306273832
1 12 23 16 91086 0.9419005508036318
19 7 24 16 42386 1.0046874127492942
5 13 28 29 115971 1.0351458599117487
4 23 3 9 51729 0.943735248879609
13 13 4 16 36981 0.9706052648254864
28 15 18 25 65479 0.9517955649901193
9 9 4 0 54581 0.9155512167095231
24 10 8 19 66567 1.0294691543062626
26 23 28 14 30409 0.9683648159139817
14 25 23 9 74943 0.9909100508233417
6 14 1 1 54228 1.0847940578736195
3 15 13 0 76702 1.0731698329297439
1 19 21 11 88086 1.0480757734803376
23 23 8 23 77785 0.9891176448583887
24 16 13 1 81029 1.0112101986611994
4 21 18 19 59606 0.9726274348281335
0 3 28 26 139413 0.9866451640525349
0 28 4 18 57200 0.9741053618044946
5 7 26 29 114963 1.0440119822137868
8 18 12 11 37772 1.0431937338813202
11 19 2 16 40762 0.9339232122416472
17 1 23 25 104442 0.9856120939386364
0 2 12 26 95724 1.0920528425619
10 23 15 14 33893 1.0361098256093169
15 28 28 25 45745 1.0175257485981934
25 3 25 25 75414 0.9629749321246048
25 21 4 27 103319 1.0014629003462912
13 15 26 23 64918 1.0378220484639071
7 15 25 22 75830 0.9316655256837976
12 3 17 18 74140 1.0158300907168616
18 25 10 9 68877 0.9033346679748767
16 4 27 19 74785 1.04463804385574
9 3 13 10 42424 0.9686516731451708
16 20 11 9 54017 0.9439401463189212
4 1 29 14 101003 1.0162826390681292
15 10 20 15 33806 0.902350956306411
3 20 23 14 93440 0.927437156561586
23 6 26 23 60210 1.0609701951745083
9 25 7 11 50171 1.098552385532759
2 9 25 27 109482 1.0642937732908695
29 2 3 18 104863 0.9255400973400391
8 11 29 7 66245 0.9078325169651148
20 14 4 16 62648 0.9534758389038296
3 19 12 28 57126 0.9783174593890754
23 22 28 12 45383 0.9418170088404401
10 7 27 18 76655 0.9156212553478343
15 27 26 22 40709 1.0304304195579959
0 5 17 12 80031 0.9091676903740932
26 5 11 8 45709 1.041405435187428
23 10 9 9 40034 1.062093640059159
17 14 2 7 64358 0.9998733668012552
8 29 27 21 88402 0.920064547117102
24 8 19 26 79274 1.0637211980585946
2 27 24 13 117546 1.0877457446387961
23 22 1 8 110691 0.9275914052041715
27 14 15 7 57107 1.0854393538295168
22 17 17 12 46062 0.9946417801248075
3 22 23 4 100906 1.0219468056110408
25 23 0 18 109350 0.9372757515075191
6 16 5 27 33721 0.9075928040337584
10 9 1 28 84711 0.9984068729867801
2 29 24 25 104008 1.0078257864868734
14 16 27 22 63657 1.0640648581692422
21 2 9 20 87033 0.9872536329718172
0 9 16 8 66371 0.9193580421306493
18 2 0 29 146219 1.0891549276469714
20 1 19 18 81101 1.0911791328804512
17 26 16 14 34680 0.9296366289515726
16 25 8 16 65310 1.0138525273376175
24 13 27 22 32189 0.9136148733303129
3 26 24 29 87927 0.9655675550246605
15 7 23 15 54296 0.9012469510143084
18 24 17 5 84374 0.9091930652618517
21 16 29 21 46177 1.0380157418245204
10 15 0 16 27217 1.0551830080888118
29 15 22 11 38412 0.9232378757973744
3 24 6 17 30615 0.9941139430263952
27 16 16 15 55139 0.9322125495936819
0 29 4 21 48234 1.0793386804496703
23 15 28 4 59202 0.975689943776004
23 13 24 1 48212 1.0136514491555384
7 23 28 16 99658 1.068988099175324
12 12 0 9 54983 1.0918903390412873
25 13 4 23 96996 0.9694450817303727
17 15 22 26 50034 1.067635840812022
20 2 20 14 54758 0.9201376440372698
11 0 26 23 115109 0.9362055888765091
0 28 10 20 67239 0.9897056146226935
4 19 29 8 96055 1.0943380700939989
12 2 8 24 87509 0.9128929228240061
11 2 1 12 69702 0.9221384192214535
20 26 26 4 90515 1.0767220261367956
29 14 6 19 91122 0.9379987601890469
6 10 15 22 61858 1.0397390762528638
3 14 23 5 74131 0.9439442704040624
27 18 12 17 64008 1.0230438450063861
28 11 10 13 60396 1.0290949078631824
2 23 7 29 41307 0.933853248077474
25 7 5 7 53140 0.9963970078313991
3 21 3 6 53328 0.9314473094497869
0 27 21 0 149104 0.989977296152871
21 5 15 18 69026 1.0632562279828397
5 14 23 25 89902 1.0318275967068047
0 12 13 12 58925 1.0472179087878857
23 13 17 4 49939 1.0755047936462394
1 16 16 14 46363 1.0736747181948583
12 15 12 27 41138 0.9422363574000638
14 28 28 0 117202 1.0994537643306375
18 8 29 3 40334 0.9393277365984801
13 8 0 22 86552 0.9027625461977647
26 3 8 7 59200 0.9379821795217801
17 23 24 4 81564 0.9439414547818732
22 27 15 23 34649 1.0541111359560837
13 11 21 19 58300 0.9255280849850699
9 8 29 0 72581 0.9438493159146859
13 16 26 27 73200 0.9751847749076826
2 0 0 17 64651 1.0038241594700235
11 28 25 20 69307 0.9077477623881708
29 13 13 20 77104 0.9436755792519365
20 28 14 24 29931 0.9411166839052397
21 3 19 16 67546 1.072620445404136
27 28 20 6 83577 1.0731073463348115
16 14 7 4 62149 0.9666409488258276
3 27 10 1 107967 1.0323181343666006
3 13 19 3 78436 1.0527547119522618
0 7 6 20 50753 1.0249237494681278
8 18 23 8 67427 1.016246560749701
26 0 9 21 108094 1.0330889854089822
20 15 10 10 47452 1.031422000923429
6 4 20 19 89512 1.088127799301032
15 28 23 21 54902 0.9407550600385777
3 5 16 20 80199 0.9461223701899569
21 6 20 28 92694 1.0586314064614
28 13 13 0 80571 1.0473243031176627
5 20 5 3 68206 0.9634248329011393
7 8 3 23 60602 0.9059338596454414
22 2 25 23 85732 1.0599090636334112
10 16 27 6 69068 0.9381350167195808
4 1 13 26 99059 1.0557573088588703
21 18 28 5 64576 1.0212732072381274
10 8 15 0 55553 0.986916743290499
19 13 24 7 38091 1.0097876495381768
1 26 7 6 84895 1.0466179134327285
21 3 15 13 65740 1.0889732244809287
12 16 3 2 68759 0.9304537635504343
29 2 22 22 74125 0.9527262593539695
27 13 13 15 63039 0.9704794134381323
27 3 22 9 37305 0.9553490113342138
18 12 11 22 58631 1.0194206497246905
16 25 25 28 39313 1.0799885270319152
26 14 9 6 77730 0.9560471085975761
25 20 0 4 118013 0.9706268854543161
2 12 4 4 33025 1.0777701598580174
29 0 14 25 112333 0.9181824467708929
28 10 10 2 73686 0.92051871036616
15 24 14 9 57376 1.0780680303575139
2 18 20 16 70447 0.9635067472057768
24 12 4 12 71317 1.0889918844282154
18 18 22 9 47197 0.9155489920199189
17 28 22 19 43712 0.970247126938137
4 1 24 0 62076 0.9675375516853226
28 26 2 19 111708 0.9565933712766892
8 1 19 25 117884 0.9862176048652549
17 29 1 12 89920 1.0595880176566554
26 5 27 29 79018 0.9980084691650897
12 15 26 20 61302 0.9826469815326891
5 10 18 13 50177 0.9354106160326219
14 19 29 19 60303 1.053109398328938
14 25 27 9 87325 0.9631229617194041
10 1 29 28 116348 1.0623662635173166
8 28 6 15 45213 0.9358709386840922
28 12 22 6 43655 0.9136920743928502
8 16 12 27 46291 0.9418412031124557
23 13 2 3 95671 1.0724057155038662
16 17 22 5 69658 1.0406695303634632
8 1 22 9 70814 0.9742414758548663
13 11 5 14 40270 1.068955703786901
7 14 5 4 44044 0.933792099411945
6 4 12 26 78335 0.9995359148653832
18 19 0 27 98857 1.040012118707469
28 27 16 11 81866 0.9680140709553747
27 19 10 22 68841 0.9178586478765869
24 1 7 22 105222 1.0035606130211316
14 8 1 4 57804 1.0983870001028113
1 19 25 3 111634 1.064678125485766
5 22 14 1 92222 0.9108073573602414
13 25 22 7 86642 1.024111405684494
26 8 6 7 58417 1.048644776133415
5 21 5 3 73548 1.0545532831021582
13 24 22 10 70710 1.090122845781299
3 3 18 6 56844 1.0536090987989073
0 20 27 3 119506 1.039142473408495
25 17 23 25 29889 0.9196107752880783
10 0 20 11 77194 0.9077195521626001
11 0 12 11 66678 0.9248911748938894
25 23 9 7 93927 0.9987007886806721
27 28 5 19 96751 1.0362750690134424
16 9 5 0 78492 1.0526103245855507
29 23 2 4 118947 1.029232387051774
11 29 11 5 68982 0.9876986328066552
2 8 26 9 80409 0.9229767923545115
8 5 1 27 99472 1.0387826048660194
11 2 3 13 67420 0.9325353378788316
19 23 11 15 51040 0.9192342613678696
25 15 6 14 83029 1.0898096616699453
2 4 16 15 63836 1.030305248525879
10 19 15 10 35010 0.983263276813169
6 22 9 9 43036 1.0657156333488045
1 18 27 10 89362 1.0433158861846632
9 14 16 3 59705 0.9484228339715508
25 8 17 14 48469 1.03691268413407
22 15 19 8 43677 1.0874317147824215
18 8 5 24 78539 1.068256043364484
26 13 23 3 46993 0.9038244750649285
6 24 25 3 99647 0.9114240524629481
24 17 25 29 40410 0.9136614058053559
7 25 4 8 62697 1.041720950445531
24 25 11 3 105877 0.9304376859737844
23 0 2 6 78480 0.9806341414356488
18 26 19 6 81138 1.0283574601477519
0 24 14 16 73137 0.9738987879988161
19 17 18 3 73026 1.0661281467040635
16 5 22 14 55518 1.0726735269569292
3 15 23 24 87982 0.9774585897927921
14 8 10 17 39091 0.966600462257407
17 17 10 3 68766 0.9632038067325743
27 8 24 20 54187 0.9316700296650468
13 0 16 7 39982 0.9315347375252538
3 12 20 16 64186 0.9322030410518081
2 26 3 14 53342 0.9367735801449452
11 1 17 14 78150 0.9987456177430976
0 23 6 12 66593 0.9911781608435988
13 28 19 3 109334 1.09095111395222
27 16 1 2 123693 1.0225268161850314
10 24 2 21 43385 1.007003622562999
21 4 3 19 91850 0.9259087909941384
6 7 27 27 110598 0.9616417228436234
26 24 22 18 26587 0.9060443421817206
28 15 10 2 90457 1.085345874716557
13 21 25 29 66289 1.0878341221511367
23 25 6 8 109718 1.0380396542040562
3 13 20 15 62618 0.9198218392432745
14 26 25 9 82233 1.0137987336525458
23 9 4 9 62949 1.0822971141711315
5 15 19 25 69506 1.0695680023938359
21 6 17 0 40916 1.0981246043715955
18 21 27 27 48274 1.095261541234938
11 22 9 13 34444 1.0839081145210359
19 6 5 13 65292 1.0491205169853115
17 24 3 16 63960 1.0509097968304737
17 12 24 2 59068 0.9169415543380782
3 2 9 17 67157 1.0670818042515768
21 1 13 5 38233 1.0280160045109086
29 10 16 4 43033 0.9536823010541151
7 27 24 28 70586 0.9543247151426391
8 1 10 26 81548 1.014720582731436
5 5 15 15 56703 0.9574804326474476
12 29 23 7 90781 1.0406356233778133
10 7 23 20 77738 0.9635744687090487
24 5 13 0 46415 0.9152488334856828
29 15 3 17 98580 1.060707936664953
7 14 6 27 33920 0.9479348426631864
1 4 7 8 31999 0.9461026118256635
8 13 24 11 58329 0.9747120897670447
19 9 27 25 65184 0.970854970587878
15 0 23 29 130378 1.0203555368975863
13 10 6 14 31395 0.9059128399502204
16 7 3 7 42080 0.9316741299535667
10 21 26 10 66853 1.0942387659756563
24 5 7 19 80706 1.0070999078086826
22 28 29 2 84338 0.9476743263868028
17 25 29 6 87905 0.9219305227428886
6 28 23 13 98441 1.0633360638026839
26 27 14 29 39141 0.9348875157042793
1 17 3 3 58326 0.906006435800635
27 17 20 8 56760 1.0891398321767116
14 23 13 11 44526 0.9400232662090021
6 25 9 15 29446 1.0806945305891338
28 9 2 11 88873 0.9322258306826186
28 8 7 29 117985 0.9650753896402544
18 5 27 29 89263 1.0237227691602704
3 0 18 15 90517 1.0090927362584416
27 20 15 19 51018 0.9360923269834156
1 21 23 16 103260 1.052375602688561
4 27 15 2 110571 1.0102421143500655
22 6 26 26 67752 0.9706555502364387
20 6 24 21 60390 1.0365803564572227
17 21 26 18 39863 0.995952314486235
23 27 23 16 44324 0.9302354929805763
5 12 1 27 74781 1.0219709807395188
7 29 3 2 88021 1.0189577734191184
4 10 0 24 77239 0.9808441143271582
2 4 8 10 38718 0.9476898289236874
9 19 24 25 74134 1.0640262963781106
28 29 3 8 131224 1.0771918981415527
26 16 16 26 54182 1.040736597697726
20 9 9 18 52132 1.0988374443037259
13 0 28 0 58351 1.0272887814879772
23 6 16 17 68476 0.9414065271404382
19 11 24 16 37029 0.9772909129200511
11 17 7 7 42883 0.9445069709205086
15 23 5 17 57974 1.0444477319543741
9 18 21 11 56706 1.0899768399583492
13 7 4 26 74282 1.089374145816843
1 7 21 28 112846 0.9730416679205647
28 26 16 10 75279 1.0831766549092103
5 29 21 12 101156 0.9718114254625829
9 3 21 8 54485 0.9564459939014692
14 17 29 20 63512 0.9210877485619202
27 7 6 21 82563 0.9699142392344469
26 8 17 7 24366 1.0324350278117447
14 1 5 29 110645 0.9554750053082625
22 19 4 10 89020 1.044659607093792
11 1 20 25 123973 0.9315628729773746
18 18 8 20 43741 0.920270812450681
16 0 4 24 111908 0.92588881533457
0 14 15 6 70190 0.942626215217138
27 16 16 16 51767 0.9932644220685268
13 24 3 8 72541 1.0801049358351482
9 5 18 18 68002 1.067205543778751
10 15 20 24 63201 1.0080703873536727
5 29 23 12 102734 1.0858372726312187
14 21 23 24 54510 0.9906728168275762
27 7 7 26 98096 1.067207433535509
5 25 27 10 93062 1.0284613899458432
10 18 5 10 36076 1.0946936965497012
14 8 18 15 40271 0.9546912381680539
12 4 17 13 61276 1.034374514606755
13 4 4 21 74107 0.9523598146532729
20 3 13 22 92118 0.9455247961452097
4 20 22 0 108611 1.0626307918070736
18 3 18 23 91948 1.024767932082325
25 22 19 6 67816 1.0484754700716898
17 11 26 5 44070 0.9770963941823114
3 5 27 20 113753 1.0566449511499014
18 1 9 23 96386 1.0095116922433303
27 26 29 13 40419 0.9862604509426207
17 18 2 10 62173 0.9878498324651911
5 16 22 6 68292 0.9853622763689543
26 29 20 8 73040 1.0834436088321535
17 18 0 10 74419 0.9993495710021534
18 7 6 15 49231 0.9758397822370435
11 18 22 16 53484 0.9778053122005017
20 23 17 0 114440 1.0554661611016776
27 19 6 12 90443 0.9432318700593086
1 14 26 27 102582 0.9246475172104155
20 9 23 19 51676 1.0946850493335993
28 13 17 21 60108 0.9798615273076812
11 11 19 8 37621 1.0768734505657969
6 1 24 7 68751 1.0464525807977343
16 7 5 4 44617 0.9540520254616378
5 25 14 3 89332 1.0139007735851422
29 21 20 13 54889 0.9618979718829426
20 9 25 23 62340 1.085336535263518
2 12 14 9 55300 0.9558450923314065
8 22 26 24 79589 1.0709468184609436
7 1 28 5 66449 1.0591733781210446
1 2 15 8 69788 0.9988639380869792
6 10 23 17 76295 0.9288642003254458
28 11 22 24 63703 0.9879374582421401
2 17 10 8 46737 1.078156588665661
29 25 13 6 86058 0.9597059437002822
1 3 12 22 82741 0.9315917315031519
24 25 24 1 83229 0.9021192244924813
4 15 1 7 32764 1.0789680917737403
3 15 28 4 89382 1.0693398591346497
24 20 12 14 61504 1.023528178029367
6 5 12 20 61347 0.9208758076293598
5 9 13 13 42063 0.9588557655511977
28 4 12 3 48849 1.087328531351383
23 28 16 17 53109 0.9167237091808982
4 2 11 5 41156 1.0322772187077676
18 10 28 15 49905 1.0693605606117744
24 10 11 15 47644 1.059606256098975
17 23 2 1 98939 0.9513621177169072
5 2 13 8 53123 0.9950609730785196
5 13 26 7 76801 1.0340546574348224
23 18 28 26 35665 0.9558862561273008
26 11 15 25 84647 0.9647730882202888
10 22 29 11 80895 0.9057504780403226
6 26 21 17 81246 0.9152749896827396
26 26 8 29 74543 0.9660231927437127
16 13 24 5 57440 1.0582025438984761
17 28 26 1 109024 0.9715160226078898
24 25 9 17 79379 1.0583858620537896
17 1 13 26 106359 1.0778890033099808
25 8 6 20 77430 0.9484657942509203
10 3 29 19 89177 1.063682950088808
24 28 27 6 77758 1.0266133179684935
24 27 5 5 115001 1.0116739244980404
16 9 22 22 71969 0.9900113687727381
13 7 16 19 59595 1.0616927943475698
8 20 18 10 51779 0.9725113921564701
10 7 27 26 94563 1.0536058376967659
29 21 28 0 61271 0.9472271006705314
19 15 5 26 74430 1.0990386416460958
10 25 4 10 58045 0.9369132421993922
16 15 0 7 62866 1.0673575571431935
15 0 23 27 120669 1.0143704376648583
28 14 4 6 100848 1.088750441955598
21 0 25 18 78552 0.9211774763196604
7 6 11 29 68015 0.9172212635159048
9 9 26 19 74605 0.9842041801116242
15 27 16 5 91212 1.0475032091568384
3 27 0 11 75365 0.9809050261096792
5 22 20 13 76265 0.923970438797179
28 12 4 5 91571 1.0877505908633807
23 22 15 14 53558 1.0945146044376148
20 0 22 26 107690 1.035283897587117
26 18 27 1 62419 1.0043947576451804
5 11 21 27 94114 0.913302377731297
12 29 20 16 72816 0.9193716176114849
14 4 3 27 101606 0.9398074717581789
22 23 0 13 100224 1.090359176765742
23 27 7 5 105288 1.0426446749478075
1 6 18 7 58784 0.9262506748367006
13 15 26 14 61288 1.0992290996832674
16 11 27 10 35335 1.0451310152181912
2 16 8 22 42647 1.0143610393347224
20 1 9 28 104005 0.9179631858173827
8 16 0 5 55372 1.0982877319005715
15 25 7 28 50582 1.0111090494472337
25 15 2 19 105001 1.0702084770258948
22 26 8 8 100694 0.9598199610561503
3 12 11 22 44883 0.9233462273671393
1 16 24 27 97377 0.912088687813615
13 6 4 14 53617 1.0081058619045908
0 22 16 5 105423 0.9704890281302676
15 15 8 25 46098 0.9811282487919096
17 26 13 14 46309 1.06422466475075
1 4 22 4 66459 1.0023003515020872
9 8 19 21 67019 0.9184433373656882
6 27 24 3 104297 1.00207630819011
3 12 26 19 86703 0.9042501463617164
21 21 27 7 70077 0.9730561215318009
18 26 4 26 66309 1.003610136406253
20 2 6 18 81930 1.056627179704811
17 7 9 26 68255 0.9369822847920103
6 1 9 11 51294 1.036575115802676
29 22 7 11 93759 1.0964327867401638
14 8 16 16 39781 1.0090203347621265
9 3 7 20 67851 0.9071973591670419
26 5 26 24 63176 0.9908879719697525
28 20 17 23 48581 1.0680529411005073
26 14 10 16 70933 1.0198826317343364
29 8 14 17 66636 1.0680687170278016
17 14 0 2 86356 0.9570732323334779
18 7 11 22 62976 1.0045656243633891
9 16 4 7 46740 1.0665950110831224
27 5 13 12 59914 1.0621838539392723
7 11 28 29 115502 0.9497140575779821
1 10 17 26 89516 0.9752204942998501
11 15 7 24 37658 0.9831763876089039
21 2 5 21 99619 0.9816686716943618
3 10 29 29 118893 1.0023995383661573
25 16 10 12 64807 0.932876913710776
27 27 25 9 58770 1.0447117381341902
21 15 2 25 104589 0.909936070060852
1 25 24 1 135432 1.0582729654851069
23 14 5 13 82230 0.9000710658475183
3 6 6 23 52837 1.0407300764808858
12 29 6 14 51931 0.9322104342074423
20 9 0 15 62674 1.0519031003785673
9 21 8 9 43962 1.0870913927502335
14 2 23 12 64903 0.9806584569002245
6 17 19 3 75117 1.0616132539824048
2 13 29 29 116507 0.9755062671461894
27 16 2 21 108708 0.9900197248638964
7 10 21 24 89558 0.973722466601853
8 16 19 0 90158 1.087160038330288
12 10 2 9 40334 0.937627041689088
9 21 24 4 85284 1.001964539106115
11 18 24 19 53391 1.0213061456814985
9 26 10 17 23572 0.9327565691371715
12 27 29 4 108805 0.9658371608856888
8 9 24 17 69083 1.001389658243694
28 20 8 3 100786 1.0639634383090468
7 16 21 19 60585 0.9879171223284264
16 9 26 23 66575 1.0228729720871441
28 25 7 29 88253 0.9410440266049467
15 12 28 21 80930 1.0680628483513361
6 11 15 3 60252 0.9860683100699332
6 11 29 0 90132 0.9559525379525299
22 26 29 23 26375 0.9775695936795821
6 15 2 0 51850 1.023647320090118
7 7 19 23 83004 0.9956013431418465
10 14 6 6 39496 0.9657509463416811
14 6 4 20 64615 0.9010428996903609
15 8 9 3 42732 0.9646004693882833
24 10 13 3 50521 1.0445937681710922
18 4 26 21 71935 1.0843960463651428
29 17 14 17 61176 1.0269723656076213
6 4 10 18 52696 0.9979137745061274
2 20 2 5 56251 1.0316254153081807
3 12 10 8 37618 1.0798120433596843
9 17 3 21 37185 0.9250377524435336
25 2 7 27 116990 0.9802087146713121
12 27 25 8 94285 0.9087432529201279
18 28 24 2 104531 1.0801227273016747
20 14 3 12 65251 0.9290950098640687
29 24 20 6 69342 0.9787094432716635
28 1 25 16 61324 0.9703710770934458
4 21 25 0 111720 1.08351353559809
26 18 5 2 110300 1.0344310225457907
29 6 8 15 71609 1.0313923024583103
20 6 10 23 66730 0.9511544886956799
12 19 26 23 64940 1.0827196840645588
29 25 5 26 89014 0.9463125237467557
22 3 20 26 99308 0.9017494396485115
27 0 16 21 110505 0.9207655525698394
14 25 7 16 52755 1.0858922762493444
0 26 23 26 95649 1.0984025664578638
18 2 23 12 55975 0.9065643758549765
12 0 10 23 84441 0.9032794185496437
2 3 18 6 60852 1.01705446262332
7 18 21 2 87831 0.963870762283589
25 25 0 16 106298 0.9969567347220086
4 27 10 11 57235 0.9002854509239508
13 8 3 20 61860 0.9846605341938542
9 17 14 8 47370 1.0111228585521685
10 4 28 16 82313 0.9398353078617901
14 23 19 3 89935 0.9154404863481294
8 7 12 21 57975 1.0654902745629073
29 15 3 16 94028 0.9643836528269353
19 23 13 10 61346 0.9058329747694817
20 20 13 17 37208 0.9824384294985908
29 10 21 21 60341 1.03784313354819
16 24 29 11 81723 1.0037793299540065
9 24 16 18 43220 0.9410010560904786
9 10 22 3 57305 0.9907082251982462
29 11 25 26 48851 1.0500926740136372
26 18 25 27 22369 0.9165895468568265
7 24 0 13 53215 1.012668538122801
4 28 25 11 104353 0.9439835693229047
27 16 14 7 63299 0.9840767017265141
20 7 20 22 66409 0.9603508737036519
23 19 20 0 82814 1.011515582339452
29 6 29 22 41417 0.9733166329352555
29 27 12 8 94497 0.984749892589072
28 12 19 6 48675 0.9492340135361136
15 22 2 10 73064 0.9157369872970282
0 27 8 24 52944 1.0673424053250566
6 14 3 6 36267 0.9069903444957605
6 0 10 19 75613 0.954529505696456
11 12 20 13 46197 1.0154408911158472
11 21 25 26 59237 0.9138513413481117
13 12 22 20 56658 1.0418201992168779
22 3 2 27 126874 1.0573141406354218
7 25 18 9 74859 1.047368190623345
23 6 9 7 37832 1.038203633960054
2 1 27 25 134762 1.03278933179151
8 7 22 18 77152 0.9098242144092151
10 16 21 13 54517 0.9359176272065283
13 0 19 22 104942 1.0527224437813736
18 6 24 2 27203 1.0758605855237549
16 27 3 0 111552 0.9528171062614539
9 27 28 15 101888 1.0577231860690604
13 25 5 19 49510 0.910251700543553
25 4 10 20 78364 1.021011413267948
9 19 26 20 68798 1.0956690452219708
10 20 26 9 70228 1.0327586270392373
20 13 12 8 44942 1.0558765017981404
7 13 23 2 79407 1.0619329316901123
4 7 24 15 82785 0.9718316359962346
23 23 28 2 81774 0.9483265201118736
9 25 14 17 39518 1.077818553531113
3 20 1 8 52434 1.072497489804189
0 17 16 16 54590 0.9438462525895512
27 14 15 11 56687 1.0436122550166458
14 18 6 3 69777 0.9569081248430613
2 0 15 5 57735 1.0948518753491832
14 7 0 18 70608 0.9859425129260762
11 16 18 9 45638 0.9511727415920921
29 27 10 7 93213 1.0813680342855392
17 17 10 22 38239 0.944038502188709
21 29 0 24 105244 0.934891533308585
25 18 21 24 36956 0.9063044143781144
26 20 26 5 54990 1.0166651325272855
20 17 10 16 47000 0.9711079561986644
26 28 27 7 64056 0.951458559444135
2 18 27 7 89402 1.002003092527895
3 9 11 17 45064 1.0223756589078525
16 12 8 21 53946 1.0221855939472402
13 19 18 26 42506 0.9389838866216899
1 11 10 2 57861 1.064485475139675
21 6 28 9 38373 0.9550506078573623
2 17 16 26 79118 1.035890019788831
1 13 20 23 91670 0.9498222732974915
9 13 4 4 52548 0.9357888413738549
22 2 25 24 88412 1.0950106249264717
21 12 29 28 66735 0.9867659518170908
12 13 3 4 63470 1.051697836473922
7 17 14 28 53044 1.0862401737567962
22 11 3 8 68728 0.9154827899686165
11 12 26 14 66882 1.0152780348601764
11 15 7 29 49342 0.9093609986629283
26 20 22 10 38757 1.0882413140086593
12 28 19 7 81878 1.0529884709001476
22 7 24 17 38760 0.9836516882668958
19 0 9 6 58936 1.0251971333469283
27 20 25 29 30951 1.0608076022242892
15 10 5 5 46006 0.9952709705924037
26 5 11 0 60034 0.9446245034222671
2 7 21 0 77834 0.9646417436162994
2 25 4 1 97459 0.9347825311232371
28 16 23 11 41198 0.9661463268468613
18 5 5 8 55488 1.0598992594261747
13 25 12 8 66881 1.0828606674012886
21 3 26 11 45982 0.9421136177731665
9 5 13 20 59149 0.9179431224718718
13 6 25 17 71386 1.0040109132891633
20 14 3 12 65251 0.9689188411491173
13 15 1 23 58583 1.0611783916214976
14 8 29 6 41163 1.0059301040419748
27 0 3 6 92798 1.0948111075584694
24 15 2 8 89560 0.9552257673969682
11 14 29 26 90834 0.9442594113475602
29 29 14 5 87588 0.9089405575085973
11 10 6 24 44440 1.0381305134244925
4 7 27 11 80327 0.9930294517638424
28 9 15 8 49454 0.9545282195862743
20 14 25 1 62754 1.0227651322499995
1 13 22 11 82068 0.939350744013578
25 29 26 3 86645 1.0135675354745792
23 8 9 20 70404 0.903663655744305
26 10 16 4 44323 1.0241584072517842
28 18 7 28 102477 0.9201319651724508
0 13 7 19 40303 1.0184687479400583
24 15 12 23 73960 0.9992448032307258
6 0 24 24 132945 0.9257859526350924
14 8 0 24 93539 1.0386194429626876
25 6 2 6 70712 1.0714511629849368
19 10 5 5 55747 0.9793084627439901
17 10 12 16 35943 1.0606600934145454
18 24 9 3 96296 0.974170478571236
18 28 3 12 82519 0.9813665658480463
20 26 15 6 99456 1.0782086249136127
10 20 5 11 43529 1.0121044364796823
7 7 22 22 92055 1.0912573188009735
5 22 14 17 46827 0.9339330781723206
25 18 7 9 77808 0.9310301187834208
5 10 27 7 65648 0.9480808606233545
24 6 10 6 39539 1.0012460975913338
21 10 1 22 90579 0.9748017700411636
0 10 21 17 96340 0.9404375151949114
24 22 20 29 35193 0.9679831182566271
0 15 14 17 37565 0.9158531666811308
2 2 7 20 59918 1.0940121965912148
28 25 15 19 61982 0.9229090887386429
8 3 11 10 38801 0.9283381718472914
15 29 1 1 117225 1.0676218854664976
15 3 18 20 85500 0.967783590000344
11 18 5 23 35120 0.9218676229990824
13 13 21 7 46692 0.9135221717855544
0 28 12 6 107750 0.9531491726366761
