7988 5966 5362 7574 5526 4864 7640 4757 7139 6449 7418 6167 8115 7438 3331 4378 1345 4565 4263 4759 2386 2567 4765 2244 4845 2270 4674 2038 1680
6393 5792 8811 8080 6091 8147 8565 6302 6099 8046 5852 8403 7146 6840 7110 5414 8028 8700 3519 4726 3874 3614 4623 1577 4888 2115 3475 2637 3126
7312 4763 5950 5157 5290 7171 7023 5309 6155 5235 6732 4900 5986 6581 5264 6899 7313 7085 6276 6791 5631 8002 4979 3823 3245 4112 4446 5576 4963
1331 4108 2658 1490 4020 2483 2064 1535 2619 2174 1850 3519 1478 1462 3475 1681 1910 3688 3824 3464 1989 2419 2128 4267 4312 1623 2610 2597 1420
5274 5649 6039 6301 7495 5070 4481 7479 7105 6996 6155 6414 6057 7005 6893 7568 5978 5390 6370 5982 5633 4433 5096 6771 6244 7292 5522 5644 5720
6901 7900 5569 7272 8669 4961 5304 4238 4044 3685 6597 6071 5086 6912 4521 4086 4592 5297 3600 5078 4733 6348 3944 3932 4810 4484 6429 5244 4707
6001 3987 5498 5756 3302 5787 3277 3469 5748 6329 3753 3295 3379 3850 2453 2876 4710 4871 4362 3523 3402 2206 2538 1888 3359 1683 1996 1637 5017
1708 4469 3415 1876 1968 2782 1386 5541 5594 6833 6940 7008 7763 5231 7692 7957 5992 6009 6451 6748 7499 6249 6992 5010 7630 5594 7377 6073 8043
6896 5172 7506 5360 7242 6726 6688 5147 7607 5989 6510 6478 5121 7651 7806 5415 8104 6172 7533 7149 6929 5649 7768 5674 5359 6989 2816 5996 4892
5610 3568 2461 5096 2495 3742 5516 4857 3782 3943 3359 5019 2544 6130 4139 4488 4801 7059 6966 4244 5977 4214 6187 6592 5099 7180 5361 6192 6015
4908 5004 6254 3642 5269 3406 6559 2930 2320 3003 4776 3984 3525 2471 4323 3921 2161 2751 2902 4179 2082 4839 4831 4881 2793 3706 2380 2077 2572
3739 3480 2382 3109 2162 2159 4421 2693 3724 3803 2631 1940 2745 2673 3562 1376 1761 2463 4656 4313 5219 4363 4426 4195 4179 3275 2143 3402 2769
5319 6470 5450 4293 5861 4688 5527 4557 3881 2433 4064 4621 4300 4125 3898 3328 2228 4731 2330 4967 4665 5655 3228 2319 4752 2280 4866 5208 2877
3703 4424 2500 3587 5735 5219 4641 2458 3129 3096 2821 4856 3514 2634 3642 5224 2682 3024 3289 4184 3143 4363 2718 3466 2788 4583 2214 3066 5610
6129 4049 3494 5711 5300 3160 5686 3445 3925 4913 8159 7941 7261 7302 6886 6544 7627 5864 7048 7596 6955 7810 7867 6416 6493 5487 6515 6601 5628
6519 6376 8022 7362 4702 6912 7058 6577 7393 5818 5089 2475 4417 1310 2512 1571 1092 3918 2283 1069 1195 2138 2146 1654 2813 4398 3519 4313 2409
6918 8516 6495 7742 7735 7570 5081 6800 7164 7542 5200 3418 3389 3554 2716 5026 4341 5710 4738 4458 3500 4829 3187 3933 5164 5038 3145 4099 5611
2609 3501 3377 1498 1683 3438 3447 4288 3915 4965 2287 4129 2199 2380 3984 2747 2428 3099 3278 3581 4403 2429 4051 2112 4526 2419 4730 3632 3215
1637 1878 1768 4723 2797 2006 4679 1874 4050 3579 3657 1585 2719 1495 3611 3463 3789 4568 3618 4695 3702 1553 7482 8689 6462 8760 5491 6237 7189
4017 2868 4261 4192 6085 4456 6301 4078 3670 4643 5600 3770 4913 3634 3432 4616 4932 3698 4590 3362 3594 3567 2912 6298 7494 5636 6224 5942 7434
4380 6675 5643 6191 4654 6523 4561 6267 5031 4413 3442 6917 3704 6647 4004 5899 7246 4639 7188 6187 5282 5700 4296 5053 4843 4305 3872 5868 6765
8329 5686 5548 7553 7384 8005 5733 7122 8173 6906 5563 7873 6557 7951 6625 6350 5234 7158 6415 7815 8140 5999 6423 7224 8338 8103 7106 5250 4526
4701 4186 2894 2277 3246 3857 5331 2929 5121 7098 6963 7446 4152 5682 4527 6750 6393 7192 4092 4854 4494 5643 7280 6136 6677 4242 6231 6908 6285
2648 4864 3824 3991 3613 4670 2987 2030 4848 3884 3079 3150 1980 1873 2547 4832 1847 4153 4368 2132 4021 3884 4180 3133 4572 4292 1742 3145 2138
3835 2588 3315 3672 2866 3868 3918 1285 3956 3175 1542 2669 1565 2060 1711 2863 3415 1355 3446 3318 1451 1352 1257 3749 3407 2980 4280 1572 1422
7403 5257 4215 4613 5942 6418 4988 7157 5106 5850 4540 5836 5025 7551 7281 5335 3116 3304 2416 3937 4209 2392 2446 2813 2322 4071 3409 3199 3553
3994 3404 3839 5735 4292 3559 4650 2974 4642 5162 4445 5468 3232 5224 5099 4204 4429 6288 3775 5259 6285 5355 2937 4748 5136 5708 6144 3039 4206
6146 6350 3556 3899 5304 4443 4744 4987 2931 2961 5274 5830 3768 5978 3419 4287 4836 4015 4363 3156 4943 5792 4455 5760 5034 6121 2850 3991 4189
2048 3320 4155 4019 2362 4120 2943 4872 3630 3643 3993 2115 4611 4164 4851 4787 5564 3640 4512 4926 6622 4139 5443 6685 4370 5229 3846 6701 4787
6269 6311 5199 7244 8251 5565 5803 6017 7581 8436 8166 8314 6196 6533 5250 7563 5651 8558 6027 5841 7346 7660 2437 4637 4410 2010 3793 2745 2712
2626 5659 5505 3382 8433 4583 1826 1594 2553 5542 6470 6504 5913 6886 4618 5783 4385 3973 3279 4637 7944 4741 6126 4985 4422 8298 6118 4580 4047 3381
2205 5101 5068 1449 8357 7192 2794 1646 4874 7106 3853 4648 4660 5689 5529 5305 4092 2260 2986 5507 7203 2778 5083 4609 6565 5463 5395 6940 3347 5039
2322 3519 4387 3730 6050 7284 3955 4217 4234 6680 3831 5195 5438 6921 4113 7597 3077 1911 1875 4999 6653 2200 6804 4716 3823 5747 6714 5198 5254 3147
2361 4679 4399 2198 6447 6076 1902 2903 3772 4658 4062 7432 4000 5111 5158 7728 4947 1448 3740 2772 8527 4347 6804 3624 3331 7376 6983 4477 5595 5064
1436 4000 6404 3527 7061 6941 1945 3376 4522 4830 4349 5491 4154 6037 2126 8054 3680 1762 3504 2116 6340 2675 7314 2795 5211 7380 8683 4418 3488 4843
5071 4666 3988 4739 8195 5911 4280 2704 1751 4160 3503 6250 4192 6271 2309 7230 4883 3683 2604 2898 7817 5192 5896 5311 6189 8134 7218 6940 5447 4494
5819 3116 4686 2272 7068 5619 3627 2124 4109 2183 3561 2946 6128 6929 3176 7060 2725 2114 4435 5328 5528 3491 8197 2881 4833 5884 6872 6017 4614 3638
7294 4213 6287 1379 5688 7230 3965 5103 4833 2398 4309 3500 1303 7953 5307 7465 5594 4112 2752 2674 6861 4314 8117 3840 1668 5890 8429 4454 4075 3566
6234 5124 5826 1480 8325 4307 4721 3926 2398 3133 2208 6160 3299 6470 5878 7196 5108 1698 4187 3896 5542 3191 6450 3187 4824 7823 8322 5122 4769 3806
5855 4964 6071 5207 6098 4619 4339 5324 3398 2594 3362 3283 2973 5879 5629 6474 4907 4896 2097 5213 8279 2430 7736 3556 4086 8125 6503 7114 5626 3646
7112 3852 4041 3066 6018 4499 4092 4735 5386 4532 2179 3899 4549 7329 3064 5226 4805 4562 3995 5268 6271 2373 5566 3143 2348 6696 5480 7102 4039 2845
6281 4924 4423 3996 7805 6950 1648 5412 5352 1123 2835 5720 3885 6480 3560 6791 3786 4076 3347 2861 7893 5227 8023 5154 2096 6771 6153 5340 3582 2328
6185 4634 5784 4018 7204 6164 1976 3702 5727 3080 4207 5190 2826 7309 4664 8544 4135 4637 2857 3968 5440 5107 5321 5077 3638 7310 8241 7084 4847 3100
6936 3846 6628 3573 7527 4261 4922 4863 3772 1262 1807 3098 1044 5704 3122 6680 5125 2309 2875 1922 7947 4332 7260 5037 3921 6358 7022 6551 5884 3464
6383 3145 5615 4214 6855 4598 3474 2700 4666 2604 2032 3383 1929 6709 3818 7829 3204 3200 1147 4304 7461 3969 5208 3816 3970 7420 8162 7327 6141 2786
6589 4835 4932 3712 5339 3871 2172 2587 5546 3708 4702 3503 3183 5497 3202 6952 4471 1792 1336 4590 6904 4937 5286 4797 5078 6248 8329 4269 5400 1850
7751 5124 3712 5538 5987 6545 2495 4259 2833 4226 4288 4417 1493 7039 5638 7569 1552 2626 4157 4689 5423 4162 6569 5932 4873 7966 6031 4936 6227 4228
5159 5877 6412 5487 5320 4149 2053 3131 4410 1071 4155 5789 2248 7236 5159 6102 2358 3025 4222 2766 7050 4600 6950 3660 3004 6120 6198 6803 4111 2485
7408 5948 5764 4582 7945 4824 3502 3890 4011 4330 1644 2976 3868 8147 4043 6570 3075 3918 5278 2386 8194 5092 6209 4551 1904 7202 8378 6312 4586 4687
6737 5721 6047 4147 7168 3931 2407 4414 5493 4364 4440 3115 3009 5741 5920 5361 2397 3194 5843 2330 7804 5735 5743 5979 5099 7108 6790 5908 5121 3711
4451 5433 6791 5071 5340 5748 1486 2811 3704 3652 4294 4672 3679 5357 3200 8115 4264 3515 5981 4626 6881 4314 5918 5893 2281 4991 5877 5925 4659 4566
4611 3713 4772 4713 7121 7265 2136 4465 3067 3489 4705 4885 1321 7925 5815 7064 3558 2097 6165 3716 7597 5771 5707 5171 5023 3817 8173 7177 5992 3940
7161 3606 5575 3647 7226 4597 4143 2282 5198 2462 2914 4502 1354 5607 4940 7449 4562 2880 5316 2583 6131 5535 5417 4332 4234 4131 7383 5271 3587 3741
6354 4427 5347 6105 7514 6604 6466 4188 3306 3262 4892 3810 4308 4912 5907 7381 2250 4628 3225 3890 8333 4230 6232 5536 4951 4654 7257 5050 6676 5737
4616 4032 5162 5906 6368 7046 7226 2529 5210 1815 2128 4822 1356 7285 2675 6461 1876 6399 3098 4170 7450 4711 6774 5241 3360 3706 7176 6902 5607 4281
7201 4425 5881 2836 8403 4653 5499 4696 5295 3565 2717 3272 3422 5116 3868 6263 3442 4724 2851 4070 8326 4954 6270 6649 2806 3845 6183 4459 5801 6923
7203 5495 4943 3431 8240 4427 6417 4791 5698 4383 4404 6301 1793 6675 4462 8553 4354 4762 6012 5152 7574 5340 6847 5832 4267 3789 7352 5665 5583 7003
6112 2270 4105 3560 5854 6312 5572 5311 3167 2534 4325 3153 2141 7537 6103 7517 1382 6756 2814 4289 8597 4252 2565 5939 3901 4102 5606 7373 5893 4355
4796 3535 5096 5661 5829 6310 5440 5462 3680 4494 2657 5543 3873 7442 4566 6855 1200 7536 3503 5329 7304 5017 3341 4745 3760 4654 7103 5316 4298 5205
9 19 21 3 86048 1.0398019483728929
0 10 23 7 85493 0.9791888681469063
25 3 10 1 70453 1.0301775607665933
13 23 23 18 47455 0.9344101729841698
20 5 11 2 39313 1.049735028369589
17 10 10 17 37455 0.9261646554830252
18 13 8 19 47923 1.0054024561882506
17 28 4 0 112955 1.0244359682794897
29 11 24 27 54579 1.0462807715864364
6 1 5 24 78892 1.0261251921176693
21 11 8 25 74819 1.022099683014679
15 12 0 26 84604 0.9795506829936795
24 16 2 15 76829 1.0080914699978942
16 7 29 13 58455 1.0461037633482775
21 14 15 7 42099 1.0471595800851463
10 9 10 29 65570 0.9164412346327445
6 25 13 29 33262 1.0887606132483378
10 26 10 8 60861 0.9264931623134607
22 18 19 25 41991 0.9490913675326615
25 21 19 17 30595 0.993341715021712
3 29 24 0 140786 0.9234381572174416
23 7 5 10 63545 1.0062933486220154
20 12 8 17 46758 1.0819796881003132
14 14 7 8 38683 1.0661894457291057
2 19 8 4 56473 1.0619310616150774
24 3 8 25 106939 1.0191440659174904
7 12 28 22 90240 0.9333008656519787
5 0 28 0 110078 1.0830079060886404
29 15 26 7 42479 1.0646167096697932
25 23 0 23 101932 0.9707208514530958
21 19 27 29 51748 1.0721824551636756
16 6 26 26 80664 1.0317752955677566
0 6 12 11 50356 0.9063919845077908
18 14 25 18 35048 1.0984281433967933
5 5 29 29 136817 0.978144891090486
14 26 9 14 53939 1.0452712212652457
27 20 5 7 96806 0.922692562437677
25 4 15 15 62332 0.9416389960856887
10 18 27 21 65063 0.905155151076685
24 13 6 17 65211 1.096263400605033
9 11 26 6 67754 0.982476628736756
8 12 18 18 43146 0.9946757151805995
19 29 2 19 82463 1.0328786965225782
7 19 20 27 71286 1.069537535974035
4 3 23 15 82908 0.9784885577468558
6 2 27 20 108909 0.947512601807127
17 23 28 23 49627 1.0215873395343953
28 29 2 1 154207 0.9157233603748641
21 28 0 27 84918 1.0250275839151162
15 23 29 14 64960 0.9052445554941112
22 29 28 3 91070 0.9670547867619493
4 0 12 28 104768 1.0426853321789333
23 8 9 23 84550 0.906956122219902
3 9 14 9 33953 0.9774181326398566
27 26 19 20 51071 1.0430953317555425
19 29 16 15 54720 1.0787284637005659
28 19 26 3 67687 1.041340777343701
16 20 7 16 43926 1.0244653165956525
12 14 24 6 54776 1.0174340700290292
7 4 22 4 55812 1.0658439286216739
15 5 18 25 80045 0.9815378852868841
20 8 25 21 50897 1.0867269924275917
26 16 11 16 48445 1.022193627953003
1 22 13 14 59989 1.0302889799847348
22 26 6 23 71123 0.9511082505715178
29 0 27 13 51925 1.0626351207599072
10 18 29 21 74332 1.0632084297635567
10 29 22 23 62570 0.9825028889254532
10 29 25 20 77386 0.9946790689827782
20 22 6 27 67351 0.9258539472174607
16 9 2 24 81379 1.0935859119085867
13 21 5 4 80803 1.001761076865194
3 20 5 11 35207 0.9712295355418382
11 11 22 12 30425 0.9911449013483178
2 18 10 24 42453 1.0587390238616545
8 18 27 6 88072 1.0537005502962389
4 16 16 17 44819 0.9050650516534052
10 13 3 24 54368 1.040989486711895
7 28 19 26 61098 1.0137932667976455
14 29 29 2 119644 1.040737192362367
0 11 15 7 64394 0.9666952334894933
8 20 12 4 67814 0.9323608193455373
7 22 24 1 110906 0.9688231210500632
3 29 27 2 146777 0.9881681880279469
17 5 27 15 56879 0.920831418583435
19 17 7 19 44185 1.0036100586870766
29 16 13 18 47338 1.0692500613594478
4 23 23 25 77446 1.0338064113863006
5 10 21 23 85533 0.97503571488524
4 16 20 27 84678 1.0489121967843311
3 0 17 17 80547 0.9208212188730261
17 28 10 12 62500 0.9366937939860329
5 14 27 9 78341 0.9087081083019781
7 24 2 9 57624 1.064564885134441
29 13 12 27 91954 0.987826690652408
25 25 23 8 47872 0.9587036029011109
0 16 19 29 87361 1.064130093509002
13 25 20 5 73093 1.068644159190077
28 0 2 22 141893 0.9857342233625029
1 2 9 6 39041 1.080059080291276
1 3 12 6 38125 1.0658385874492033
28 13 22 28 61692 1.0538888940339046
11 5 3 27 83796 0.9517648315344746
4 23 27 10 101604 1.0908911604784117
19 1 27 27 101528 1.0060990599812119
13 19 21 9 48238 0.9631718903831283
15 14 16 4 44542 1.096418551190461
14 12 28 27 80427 1.0049814331849487
6 1 25 11 83794 1.0171122097367353
8 29 20 6 94515 0.9615036687881511
9 14 22 23 71964 0.9779935180304727
19 24 8 4 89791 1.0554231676425698
0 1 16 22 100305 1.0470158032805088
29 12 6 12 64984 1.0437187323101533
29 1 9 10 90802 1.0586402868317824
26 25 26 5 65130 0.9945595031773838
7 10 3 18 34538 0.9240847893106366
23 5 2 15 90349 0.9745999001069436
25 28 23 19 31378 0.962049348444843
14 9 10 27 64666 0.972894654231028
19 7 21 20 59055 1.088260655209986
9 25 8 11 64801 0.9087517378127744
27 28 27 8 73137 1.0048365549164644
5 16 23 16 64773 1.0299307435927496
5 20 2 29 36278 1.0169569567070365
7 5 7 17 45985 0.9524602890184123
6 20 1 3 55467 0.9659159360093043
14 27 6 21 46261 0.9955659602677703
9 26 8 12 62140 0.9025350560945041
3 13 8 4 36106 0.91683841313949
9 26 27 10 92181 1.072053042096218
28 22 8 15 93185 1.0659231476078042
28 13 10 0 87436 0.9318739652492148
7 10 19 12 37105 0.9555922726474781
2 4 19 15 80303 1.0769260524405142
15 6 0 17 71477 1.0441910162354249
24 4 7 7 64117 1.0193908290368787
29 28 8 2 134213 1.0497364422489928
7 3 5 26 77979 1.0342881036266138
8 2 26 14 86219 1.0025801460254773
1 28 27 20 119516 0.9478506049639857
8 4 27 19 101795 0.944255210123335
17 15 2 20 62412 0.9770733693770945
26 3 29 19 72967 1.0283076014535253
25 19 10 3 81040 0.9891122457663449
25 1 24 27 75095 1.0339242777782185
4 3 9 17 48775 1.0234198703281134
20 1 6 12 78988 0.9925248516897583
15 13 1 5 68450 0.9533480315538905
27 8 22 14 32436 1.0300505566245897
23 24 10 26 53968 1.08794464337043
28 24 10 2 107790 1.0909736889898087
22 14 8 29 84950 0.9194928597889905
1 17 11 6 55484 1.0261197739110002
12 25 3 20 44761 0.9706773874573613
7 12 29 23 96018 0.9038384576653901
20 10 10 6 40478 1.0454646536410714
24 27 16 19 48780 0.9254441044678777
0 13 26 22 110531 0.9013720584766437
21 24 15 2 90650 0.9126889154411192
7 20 18 11 58201 1.075142254009827
25 23 27 6 58117 1.0869592455271084
19 4 12 14 52881 1.0917782740467552
20 0 13 17 71713 0.9336566323462758
23 28 18 20 50697 0.9514034702404495
18 24 1 2 103998 1.0811621359376955
3 15 0 26 42885 1.009455636429073
27 25 10 15 76563 0.9351973833334415
0 5 29 1 114831 0.923540219559028
28 28 18 29 50688 0.9559998262656205
10 16 21 27 68521 1.0142010684535316
16 6 23 1 34145 1.0953564233582649
16 29 14 19 31808 0.9684370184818912
10 13 18 2 55400 0.9318551577019205
18 23 1 22 73864 0.9641926386229858
16 22 2 13 64105 0.9712237809242812
1 8 19 0 81210 0.9347058637927523
21 19 27 6 55687 0.9163531496690449
27 3 24 27 77333 1.0364896129979284
10 2 1 22 73770 1.0493461623918618
11 20 25 23 60070 1.050723193910483
21 28 26 2 93893 1.020743641924902
20 13 25 18 30433 1.0038420075727623
25 28 5 9 102271 1.0952111772952788
3 7 14 18 57241 1.0484872754359467
13 8 23 23 70667 0.9517085302406993
2 24 14 6 85461 1.0234313451479446
28 15 29 29 60275 1.045667677114799
12 4 4 25 91597 1.0444072589177287
22 0 23 13 47262 0.9057198566668642
23 8 11 4 41752 0.928590741102211
18 29 12 6 77270 1.08188371550208
8 21 19 0 91608 0.9258844738821403
3 0 8 14 50867 0.9024497446496731
9 29 2 5 86798 1.0259542214165518
15 14 8 29 56531 0.9980426199504642
26 23 22 4 66594 1.0230946242182066
16 18 27 14 45561 0.9611570380407073
8 15 28 12 68305 0.9278142225771661
5 6 21 14 70820 1.0460937611284395
0 5 11 25 87706 1.0972056324140183
24 7 25 27 53331 0.9183019179475035
18 5 10 12 42587 1.0826533781940382
6 24 16 7 74292 1.0321313975166664
24 4 6 18 89455 1.033281033043939
27 10 12 9 49934 1.0613728191615843
24 1 23 11 33995 1.0254313353498454
6 22 19 13 66889 0.9805291067582248
21 11 17 1 43776 1.0931485927628708
27 28 11 8 99921 1.0927697646148167
14 13 7 3 51147 1.0162747083873243
20 29 9 25 50344 1.0439764068731825
7 27 21 15 81235 1.0298201174367232
23 19 10 26 58360 1.0542988655604923
6 10 13 16 38467 1.0958012286116978
15 18 24 10 43472 0.9935943443726706
7 24 17 18 42529 0.9028599761492861
0 18 20 14 74177 0.9484238428985831
3 9 25 16 77931 0.9593648470715086
24 18 13 10 48082 0.9985936009346158
26 18 8 7 76081 0.9363784788858687
10 12 26 13 46706 0.9805717310121735
22 2 25 22 64369 0.9319800408342431
24 1 2 23 124838 0.9330499009820558
27 8 16 7 45337 1.0921264966103024
25 11 12 0 77544 1.0600994357221092
23 5 5 21 100373 0.9671551714389975
29 0 0 7 112897 0.9777534215570504
17 9 11 20 47260 0.9153628929582523
19 1 23 23 81028 1.0050625704671894
7 21 17 27 56816 1.0989461761668815
11 27 27 3 112092 1.018121720685012
16 10 26 18 48816 0.9909952226391187
19 21 26 25 41470 0.9016811330299155
22 13 19 23 50115 1.0882548876674731
14 23 25 4 81555 1.0995134957257802
16 22 8 18 32476 1.0074085725429884
1 4 26 0 109772 1.0766950340524593
19 19 6 15 51301 0.9160832210163169
23 23 25 8 43636 1.0763294229107143
16 20 3 9 64490 0.9142444179629658
27 24 12 12 68237 0.995667176429401
0 12 15 7 67577 0.9985786213706889
19 8 16 18 38279 1.089958558084656
26 28 6 22 92917 1.0962044449928827
7 24 10 6 72660 0.902952153598932
8 10 24 0 77088 1.0711994356629808
9 23 16 19 36921 0.9482020702978604
20 13 18 0 44814 1.0501414852872286
7 4 19 7 47593 1.077924632283289
25 7 7 25 99083 1.0230486944880517
29 21 6 22 99127 1.0275307546613446
28 10 11 6 60633 0.9650649023511728
14 19 8 6 55699 1.065717678601798
14 3 14 28 88225 1.0784616873688455
22 2 29 9 45487 0.9091945676941591
25 12 17 26 62179 0.9591944836204415
3 19 6 6 39406 1.0184281404990059
22 22 8 9 77676 0.9670115120229502
4 24 29 21 109805 1.058875006129362
22 5 28 10 36219 0.9734359096727607
9 3 9 28 93786 1.055211079531655
28 11 17 16 41490 1.0862861640064199
19 11 10 24 52763 0.9409601081782537
23 29 26 18 39900 1.0825399257338542
19 10 21 1 44894 1.0426020312478181
27 4 7 19 105182 1.043814575183801
6 12 2 22 44540 0.9537602771928437
23 27 0 5 126478 0.9190516609103186
8 3 2 25 71048 0.9688040676029337
7 28 4 13 55490 0.9244226907766453
2 21 27 8 104273 1.0478465484315547
1 25 29 0 157146 1.0094855599710124
2 25 16 27 68182 0.9328268706836654
12 13 18 28 62985 1.0059903135778487
17 12 7 3 50491 1.062953990805312
3 4 23 18 93027 0.9073045964796838
13 20 19 8 48438 0.9668981475604778
21 23 4 26 81790 1.0504108936490937
25 9 3 3 77806 0.9277853947728739
17 7 23 27 77052 0.9032578669313253
22 11 23 0 44940 1.0038658753456562
15 28 7 0 95755 1.0714546293149771
1 15 6 4 48599 0.9556732756771606
24 23 12 12 54055 0.9704486329002681
27 0 13 20 103264 0.9453933201585398
13 10 19 6 30072 0.9986912867359801
26 26 11 22 73928 1.0687075823584475
1 12 18 3 79671 0.9428436501063454
15 28 10 13 50451 1.011868821126684
9 23 22 27 68492 0.934001641305348
21 4 22 28 86401 1.0117841899704243
5 19 20 13 65439 0.943326966499817
5 1 5 26 84362 0.9063624002455911
11 0 6 26 89081 1.0087819061240721
1 2 25 7 85529 1.005622118896893
12 2 20 0 48817 0.9286799058401018
0 0 15 3 54919 0.9318832728815486
8 18 20 20 42945 1.0494722260385427
19 25 1 20 80754 1.0204584854995997
16 14 4 26 75107 0.9164846528615972
14 8 20 12 31232 0.9188540861788336
1 25 20 10 95997 1.024417940421689
5 28 15 1 110489 1.0807661241061552
2 3 12 13 59361 1.069107554759354
0 20 26 25 106424 1.0031728562583044
19 29 25 17 56311 1.0476753341471825
13 8 21 2 48710 0.9500257761319876
17 8 14 29 65515 1.0117584410397233
4 7 11 18 49754 1.0125491412726226
7 15 7 5 45628 0.9735690997226961
5 27 19 11 82152 1.0439605603061057
29 20 11 25 86433 1.0164467563411521
24 26 8 5 101574 1.0767489988049397
9 27 4 13 64832 0.986788367274336
28 26 21 9 66788 1.032809777007338
17 27 25 10 71892 1.0473126978293148
15 19 17 2 54806 0.9436189983978023
29 9 0 8 97718 1.010623744848916
22 20 4 16 70664 0.9915085451140554
4 17 1 10 24507 1.043573849230315
8 21 1 3 66674 1.0669004243246325
28 21 5 18 85390 0.9011143557454051
20 23 1 6 100538 0.9665900335569404
25 23 16 27 48790 0.977277030702138
26 20 3 17 81252 1.092798606418719
26 9 9 7 59119 1.0726066295341847
29 17 26 0 71409 0.9546850488590153
17 17 28 5 64953 1.05728179213669
13 22 7 14 50223 0.9830661589774528
17 11 7 5 49481 0.9063954414972453
18 10 29 18 54028 0.9067134201728616
29 14 10 7 71203 0.9813795038966711
8 25 16 29 43056 0.9713822284540992
3 24 8 19 30055 0.906974434630334
29 12 5 19 84982 0.9416183888903342
28 4 9 24 106195 0.9788233103812585
0 1 15 27 109549 1.0446968438076252
26 26 16 10 72675 0.9580805058097495
2 9 19 24 86258 1.027309707264159
18 22 3 7 78187 0.9510478579274165
3 21 22 22 83823 1.0392691903663995
9 14 25 23 71768 0.976164806824485
16 14 14 2 54159 1.0113945172288321
15 22 22 0 78545 1.0332966079722823
0 6 26 15 97442 0.9998315591120551
28 0 18 16 78237 1.0940549882045438
13 17 25 20 43990 0.9814943899315894
28 8 8 18 81099 0.9096692603112299
26 2 19 8 48121 0.9636336267053103
18 16 24 7 40932 1.0375916356427757
13 6 0 5 45934 1.0878999064965902
9 7 0 8 32350 1.0394704214296542
19 11 0 22 82046 0.9823079494330047
11 22 28 27 85186 0.9063694886415832
1 16 16 4 82917 1.0945278623099006
5 1 10 22 83671 1.0021496262961163
8 21 18 23 45302 0.9317126376696574
7 18 27 9 78162 0.9222323310645636
1 1 20 22 114020 0.961849529910691
18 29 6 20 61468 1.035734741837962
7 24 9 4 82172 0.9170890254228194
25 20 27 12 28991 1.0382210194545258
25 3 10 15 79792 1.0138097520632905
2 25 2 13 44296 1.0774562663542502
26 20 0 26 115133 1.08880279447855
2 0 24 24 119554 1.0969487547479324
22 25 9 29 62825 1.0370797125502806
27 21 21 16 37975 0.9924809649676821
25 15 1 6 92146 1.074781523090305
22 3 10 25 89330 1.0050465172998928
5 27 18 9 86412 1.0163033583176004
23 12 16 2 48262 0.948401744231803
7 5 22 3 57550 0.9756154754282812
27 24 20 11 55554 1.0370246491544501
0 22 3 1 63777 0.9811391818270322
22 16 11 29 66031 0.9180880447494142
5 3 7 23 67040 0.9797338215965743
13 10 24 24 62655 0.9087828714259399
19 3 15 21 59823 0.9854745359644703
11 10 24 6 51595 0.9029877419395279
8 28 13 4 97399 1.0264269827596582
17 11 0 12 65098 0.9657533650525715
14 4 27 6 56263 1.0306974188894258
15 25 23 12 48273 1.0209908459766313
29 4 17 28 111404 1.0460753489389374
10 21 16 0 85667 1.0973663797457143
0 4 23 22 116632 0.9060869853020668
18 18 4 5 76175 0.9052399405016925
13 15 14 27 43494 1.0503496845130782
13 14 23 29 73178 1.0611218222804628
10 26 16 15 46490 0.9982111709286186
25 10 3 4 82784 1.0965554444747223
29 10 27 29 75451 0.9138001059973532
29 10 15 3 62472 1.009620200666099
27 23 12 27 76067 0.9623187065155719
7 7 14 21 61139 0.9902650414406978
25 6 2 20 107529 1.03181231842558
11 13 3 1 56957 0.9379274248543295
6 15 3 28 47400 0.9241548489408669
24 19 15 24 39778 0.9931786879710716
1 26 17 22 76416 1.020824437871085
25 29 20 5 79437 0.9505624170722051
27 3 21 19 65728 0.907496348309959
7 2 4 10 30849 0.9669133051351683
29 10 4 19 91990 1.0424493836407371
29 16 18 6 53792 1.0859425511602991
5 24 17 10 73970 1.0613421460805583
14 6 9 24 72929 1.031962102635251
1 6 11 9 40981 0.9474082320036777
29 20 16 21 63294 1.0923550748331605
1 5 16 21 84832 0.9666127377582868
14 25 1 15 71896 0.9027294251140878
10 22 25 20 67398 0.9848237405321199
24 16 20 10 29215 0.9157099042222976
23 1 13 17 72356 1.0298198751094116
9 12 16 7 34018 1.0448244991932008
23 7 10 9 45392 1.044834951987705
1 9 18 25 97692 0.9168283758362576
11 24 13 11 46759 0.972613262659643
7 11 26 17 70844 1.0900197270214376
0 17 13 24 60199 1.0382166346199306
20 9 28 25 65211 1.0250596846943403
27 3 1 0 103498 1.0117607780659512
20 4 18 23 75326 0.9393479757900723
5 7 21 19 75287 0.9074028980062078
22 27 28 18 48714 1.0288878837567315
5 11 24 1 90983 0.9762512925583966
28 27 9 28 85059 0.9525338667841078
7 29 1 21 40473 1.0453501597671073
22 27 21 10 63630 1.0892965556651253
0 16 19 12 66357 1.0948134329590025
12 19 9 1 61201 1.0776057918230109
12 26 5 20 43444 0.9646148867736418
9 18 17 16 27082 0.9055469876272016
28 8 2 25 120713 0.9298872464284429
1 21 3 5 44193 0.9644659741425513
25 25 29 0 87952 1.0648854008684638
11 2 26 21 92722 1.0452103358947131
0 9 4 15 40115 0.9161678856770062
13 2 24 17 73162 0.9059684558880919
10 16 29 3 95378 0.9449719374204336
21 29 1 22 91155 1.00051434351835
23 15 4 4 87584 1.0991867470374133
1 27 7 0 88649 0.9448720435066313
21 8 6 14 66355 1.0733588908853129
0 3 15 24 87491 1.0921773163741775
7 11 24 4 76088 1.0299460522790689
8 20 26 6 95108 1.0624086902203533
28 29 5 21 112202 1.0038610743000533
21 27 9 7 94219 0.985168235349986
8 6 28 18 91595 0.9591234484901215
1 6 15 16 65696 1.055860593142672
10 17 8 9 32159 0.91933934544771
21 28 1 23 91867 0.9307517820628456
23 22 6 19 69269 0.9115369302962925
13 17 8 3 57225 0.9522227004753098
9 4 16 23 69818 0.9548774581585182
20 24 28 0 93932 1.0006906883439568
29 9 23 27 64594 0.9697646766746821
15 19 27 25 56019 0.9812795168462267
3 18 24 28 91974 1.0176230103641288
6 14 8 1 52056 1.0667560306665553
27 9 20 13 30770 0.9082326269914105
23 8 20 21 55682 1.0720933832818609
11 10 4 7 30603 1.0830788311657802
17 11 6 20 58420 1.0984013584905647
14 14 0 2 77350 0.9019748386779813
14 13 2 3 66192 1.0092982073716663
22 28 20 15 60703 1.037902732553412
15 27 28 4 96866 1.0800990100852454
3 20 24 19 73316 0.9255471784300268
15 7 27 24 80236 0.9688969991717313
28 25 10 4 107360 0.9073686318760136
17 13 29 22 69296 0.9487234882301494
12 29 1 9 93188 0.9785181221725165
1 16 11 6 56572 1.0097197093213437
7 8 29 6 85230 0.96520932691124
10 17 28 5 84854 1.0334247069475235
2 28 18 19 80090 1.0298838377483177
20 13 1 1 90021 0.9408184294719776
4 15 17 1 84222 0.9920957533590953
14 16 25 13 43858 0.9256674692632215
10 15 27 22 77109 0.9185291759973297
3 21 9 0 68285 0.9290146061864964
12 25 9 1 86787 1.096923013972529
28 23 24 13 45889 1.042439793470447
20 6 8 0 58225 1.0910924033002356
21 11 27 4 48320 0.9596399953435566
0 3 1 27 78556 1.03599387697666
18 18 15 26 27411 0.9244776945311901
25 11 1 11 85136 0.931074791908132
17 3 14 23 61793 1.011941984271984
14 1 19 21 80529 0.9258276930441961
19 20 13 4 65139 1.051770764332466
6 26 20 13 79236 0.909895707082958
5 23 1 9 55036 1.042991678724728
2 25 5 4 70091 1.055598965420565
26 25 21 13 50609 1.0872878395255805
7 28 8 5 86059 0.9888884637971148
25 16 22 7 29035 1.0238492185642447
21 13 9 14 46657 0.9784569733214631
5 18 24 28 84730 0.9253929012803669
14 7 4 27 87401 0.9820860750430459
24 28 4 16 95649 0.9017771283851449
11 15 27 27 80308 1.0929086252452351
12 6 4 14 50620 0.9317695038036368
23 25 17 14 55865 1.050659856992332
16 11 2 10 50837 1.0515042449353653
24 0 22 24 73385 1.0313951835549757
21 16 7 10 54240 1.054825542065255
0 2 19 18 97014 1.030351799724515
5 21 12 15 43114 0.9153016952084253
13 29 0 7 94343 0.938035696806758
2 5 20 11 73504 1.047754816226874
8 16 14 10 38596 1.0339466568197258
8 11 4 1 49943 1.0518476521535225
5 21 29 8 106276 1.0937141556454777
28 16 5 22 87028 1.031413476609586
29 9 4 26 125030 0.913588048926757
9 24 7 8 69077 1.0330782412560633
12 16 25 2 80885 0.9278394457301131
8 22 0 14 52582 0.9768523284065566
11 28 1 28 44692 1.064218340284732
19 24 16 8 59728 0.9841324899539077
10 3 11 22 62839 0.9509040978098717
20 22 15 11 45590 1.0615378153889998
8 26 11 13 59033 0.9654252061204106
23 13 3 12 62417 1.0451821048808219
29 13 13 20 69537 0.9762702214244082
21 13 3 14 66084 0.9651052500049008
25 23 5 20 82661 0.9906500934993074
18 21 14 3 73066 0.9604076801345821
19 19 0 9 86586 0.9506911934737092
25 18 6 29 90479 0.9337127965432455
15 8 3 18 62510 1.0104179695397493
25 8 12 3 56934 0.9386594136975749
16 28 16 6 74605 0.9210038398464861
23 29 7 2 120613 0.9916220349206588
28 2 6 5 92755 0.9117382813995591
2 0 11 9 52555 1.0617749438030157
10 25 15 8 64846 0.9020986769749729
24 12 20 2 47645 1.092561127297206
1 1 11 14 68250 0.9659325680145984
26 6 4 18 96786 0.9656168321213244
27 1 16 21 95551 0.9744910109228969
6 26 28 10 100992 1.0950905450012594
19 17 0 12 75875 1.0618060951602977
28 14 28 27 64614 0.9384720078750017
15 28 9 2 86110 0.956822912164212
25 3 8 29 119556 0.9933197711218963
4 17 19 4 83724 0.986761184888304
8 2 1 9 44746 0.923109472412066
1 20 13 28 63161 0.9092099511199349
3 27 4 3 64282 0.9101330182079879
11 7 1 21 68360 0.9049444972794948
9 13 14 21 39318 1.0902874784811947
24 8 9 9 49715 1.0116647766846223
18 5 19 27 84631 0.9476391298047739
5 15 23 13 64130 1.0534374392287487
5 19 9 11 44092 1.0268453809117672
2 21 22 15 79603 1.0642377896331645
1 24 17 11 81872 0.9251152732248593
21 4 15 25 75221 0.9918422103011238
24 9 21 20 41805 1.0002399746711732
11 5 17 29 78592 0.9110941251248242
7 6 24 18 76621 0.9739753188971969
1 2 29 24 139342 1.003393476007732
1 2 20 12 83044 1.0569254967353925
12 17 23 29 68755 1.066641312332536
7 24 11 18 36518 1.0841308122144966
5 12 11 1 52747 1.0532088827325996
28 24 10 9 85776 1.0247980992163752
0 12 24 27 115564 0.9698479304511118
16 10 22 18 46790 1.0657732453913022
27 27 15 2 103861 0.9598390977419292
22 0 9 20 97658 0.9185183661271185
6 8 16 29 80100 1.0263826328464098
1 16 7 21 34500 0.9273557782688843
22 8 12 16 55268 1.0955269035596635
13 2 28 7 66385 1.0165451415697146
6 18 21 1 97782 0.9923938953290068
14 20 4 6 71139 1.0217618276260139
27 4 11 10 72842 0.9969659685656873
6 2 4 26 81739 0.9073138480970547
15 13 17 25 35365 1.0937673980471398
16 6 5 8 40039 1.0388122442952916
0 4 5 13 45352 1.0427505203377074
4 26 4 3 68655 1.0486623221656588
21 20 20 0 88213 1.0464413314501706
9 11 0 29 84009 0.9033967732169601
7 25 29 21 101202 1.025887354814241
13 29 11 12 58691 0.9355426452003431
19 5 5 14 70515 0.9043032997007714
4 13 11 23 56428 0.9209831390517506
24 12 26 2 39532 0.9103026161177137
1 10 21 14 73773 0.9030115595506472
10 14 22 5 57902 1.0962541158704329
0 7 9 27 80353 1.0238901973442531
14 13 24 21 50439 1.0603887906946639
12 1 9 13 47494 1.0805446559035154
18 15 1 24 75614 1.0051986290063082
23 18 26 29 42663 0.9958461868523697
26 11 5 2 87478 1.005658313275627
10 7 28 10 63970 1.047891156058248
8 25 21 24 52481 1.0376400142491014
17 7 27 24 73390 1.0401660972921123
7 22 16 6 75499 0.941059530574224
23 2 22 13 41582 1.0313564427065254
5 6 17 29 95354 0.944060830517245
25 21 18 0 74043 1.073797340341536
16 7 4 25 91936 0.929627654560222
7 7 27 3 78079 0.9962206613433715
22 24 0 11 104304 1.039199839540991
24 13 1 20 88342 0.9406880367851808
28 3 5 25 132538 1.0233032784205802
9 11 0 7 39136 1.0486164697366533
19 28 18 1 95539 0.9016229763029294
12 20 19 2 72402 0.9578581743832307
21 4 26 15 53299 0.9694124798753337
15 13 7 11 32883 1.0467035335886115
22 12 29 15 32965 1.0284780703543648
7 13 16 24 59349 1.0164179788618481
11 22 28 1 113110 0.9230162569802197
18 13 29 3 66328 0.9209745022318783
23 8 28 28 74326 0.9929116617019428
24 25 13 9 69158 1.0783545658630938
29 9 18 5 44750 0.9460188588118
17 29 12 14 54712 0.962514862385212
9 8 22 2 56029 1.017917722185586
1 21 19 20 66500 1.0750932012659535
6 2 9 9 32212 1.0797522687190617
11 10 18 29 65575 1.0422356413137468
15 17 29 5 75681 1.0647055694350578
15 18 14 29 30723 1.0391373780585254
17 2 22 25 85122 0.9121325127920646
4 25 18 0 115490 0.9631931009576775
14 17 27 1 85349 1.0333806967315935
5 0 26 28 138962 0.9068358811258871
9 17 28 14 71516 1.0814490077662309
14 19 25 7 61004 0.962642317919398
6 17 15 29 57729 1.0766120035362403
20 8 13 11 32281 1.0576053919965098
25 11 25 22 35479 0.9528214920057938
4 24 24 5 112943 0.9385992885052059
23 9 6 11 58546 0.9252276934531757
6 23 16 12 58775 1.0320380537336256
5 2 4 25 74408 0.9122320132645917
25 3 20 29 92024 1.0933510452529087
17 21 24 27 45755 0.9525498084296571
10 14 26 1 83923 1.0676231142578374
6 15 17 18 42871 0.9242023248577143
7 29 25 21 84399 0.9914399068181161
24 2 7 12 76520 0.9705050901867679
11 22 7 9 51009 1.0381891911475405
22 24 18 13 53619 0.9534802497266008
21 5 1 15 93069 0.967066432599069
27 5 14 20 82562 0.966206494123231
27 15 7 28 96905 0.9840798480117515
5 23 29 21 105604 0.9082801774885846
11 19 3 11 44159 1.0875588008398895
7 24 0 16 42884 0.9095498686625267
16 17 24 13 31986 0.9774971301905255
26 21 14 2 89818 0.9798935455852196
9 6 21 18 71604 1.0905933239975691
27 3 13 0 70614 1.0520710883266515
14 29 4 23 50079 0.997554039175851
19 2 0 8 77622 1.0345769194283148
16 29 17 12 49283 0.9746824547093036
15 28 28 11 75616 0.9361945440045097
6 6 10 18 51130 0.9689575081232786
24 12 20 3 42972 0.9552731940557685
22 0 10 4 59771 1.04464637594472
2 25 10 27 46089 1.0152963851545398
29 20 3 5 119198 0.9705749938899628
27 26 0 28 114642 0.9139190603875886
11 8 4 17 47042 1.0990012849259667
7 20 16 3 86163 1.0196608397324254
10 28 21 5 93982 0.9658419893713707
17 29 28 28 53173 0.9725589299883992
19 24 8 13 62616 0.9623167850320291
25 9 10 18 61906 0.9902531611237424
9 1 3 20 60686 0.9328992774235074
12 2 29 15 93599 1.066228877693159
1 6 6 14 33043 0.9812015675240868
28 11 21 16 29396 0.9758586984240489
16 18 13 4 51084 1.0001920119077985
20 5 25 22 62240 0.9424936090820354
22 18 7 19 57593 1.0453153104897768
18 18 12 23 32476 0.9919774004017392
26 27 19 8 73448 1.0600864060053543
11 29 3 1 98281 1.0764619102277864
21 6 26 26 68721 0.9361604715554016
29 10 3 24 109029 0.9516847905117598
5 14 25 1 98806 1.0308262948497304
27 27 0 13 125803 1.0511021877098536
23 23 16 3 76878 1.072640553491514
20 20 6 17 52232 0.9741476427288237
2 10 16 15 57264 0.9206855528073911
15 5 11 22 67784 1.0910976522891507
3 21 29 29 119328 0.9322088711318626
23 7 19 18 44358 0.9900263144015454
16 23 27 27 56827 1.0509166056816623
27 1 7 16 111706 1.0826824366680012
14 13 2 6 58424 1.0710547939294284
24 1 7 16 97754 0.9030946652541008
20 20 29 21 49406 0.9211996018950773
0 9 3 0 37507 0.945158121060815
12 2 10 27 84615 0.955024492844873
22 24 23 2 72309 0.916515451664496
3 11 19 1 75648 0.9961108127486218
27 18 2 11 98208 0.9190310438835179
9 0 14 24 84215 0.9230872431596723
20 19 16 10 37708 1.0676781843926073
15 19 16 1 63431 0.9841280418025485
22 12 29 21 50735 1.0129303908012537
22 25 14 23 39079 0.9070383086022973
15 18 6 17 29792 1.0219404813834787
29 25 7 22 96948 1.0831336119877883
4 18 24 10 76495 1.083610954810727
11 13 1 27 71116 0.9039498237469903
6 19 7 5 51983 1.061614875760182
1 1 11 25 97646 0.9934803262512276
27 6 4 19 103579 0.9271849158496172
20 6 23 29 74350 0.9382026136131033
29 17 12 22 71499 1.0525391726386433
12 4 23 22 86640 1.0724315597974616
27 21 26 6 60306 1.084912228344494
7 2 11 21 68314 1.019555743455292
26 25 14 17 56330 1.0763174750742497
20 26 28 10 67667 1.0579677537576802
4 27 3 14 41867 0.9627480210529449
2 12 6 3 37656 0.9368545434942621
21 29 7 12 85487 0.9331495497023149
23 2 7 0 73276 1.0945222325409774
27 1 25 19 65289 1.062426291885938
28 8 8 21 89599 1.0522047637439482
25 10 13 6 46372 0.969059841234049
2 18 20 19 55668 1.0604611637061077
28 1 5 10 100608 0.903662478128987
25 22 23 1 65568 0.9155122376903879
5 7 27 14 80575 1.0967524917231728
10 21 12 7 45673 1.0109242338366684
19 3 8 10 53337 1.0068713309897042
8 14 24 17 62585 1.0265509964978023
19 20 26 2 75164 1.0487089639804115
11 15 6 21 32184 1.0893387668108487
11 0 23 6 49445 0.9415517207912755
13 20 1 26 63285 1.0966774806532118
16 5 0 24 103667 0.9335280678387711
11 8 7 0 35268 1.0153093834619793
22 7 17 0 33021 1.0571216605987415
6 22 20 14 67513 1.0156990572428182
9 6 1 10 35191 0.9214212898204323
24 11 19 2 46162 1.0330302147765809
29 19 14 0 105396 1.0253023007615663
11 2 29 18 93120 1.0119980148598013
10 2 22 2 54398 0.9534415271603174
6 5 28 23 119507 0.9555052780889692
24 2 15 8 49896 0.99973078600077
24 12 15 23 48092 1.0865337324840956
0 7 22 21 99788 0.9995041905769929
28 9 23 14 26624 0.9755382578368316
4 13 13 27 75279 1.0657839519640855
18 22 2 21 64100 0.9322043789187054
4 0 16 15 79233 0.9059454632660283
11 20 25 2 91072 0.919357063800343
21 1 29 10 55192 0.9912770287179731
16 3 12 16 60297 0.9325643472031268
22 8 13 18 53099 0.9403141585734277
14 10 9 5 30032 1.0333784330535272
13 11 17 29 56664 1.0515657566952505
26 17 20 23 42882 0.957367320541286
26 9 3 7 76181 1.0171177941582805
2 3 8 26 82901 0.9937849601940674
25 14 3 24 91362 0.9174259016472024
14 5 6 29 91543 0.9754964944832066
6 28 27 16 91278 0.954445346572894
18 4 27 19 65847 0.9648195852239387
19 14 9 20 50819 0.9937871424675013
26 11 15 17 45589 1.0439027896251072
8 5 10 29 89709 1.046729557751207
15 20 11 29 36263 1.0540080034918557
7 8 29 22 104159 0.9554071296102921
3 12 15 25 59989 1.0828553157640335
7 7 10 17 44798 0.9004728373974612
23 21 12 29 65644 1.0875538003841823
11 22 24 25 62100 1.0885410763309513
16 26 15 10 46968 1.0478349840675012
0 5 14 25 94609 0.9214767233027344
14 18 4 1 78743 0.9171405486446146
29 22 18 0 95458 0.9237548840476199
3 1 13 21 81805 1.0805332628526003
1 16 21 12 72635 0.9939497584723851
0 2 25 10 95217 0.9956849366415796
25 24 27 13 41241 1.0844478033255815
26 13 9 16 62225 1.0146792718602993
1 7 16 7 53888 1.005666251518893
28 19 11 24 71084 0.9161314392319092
4 29 0 20 38545 0.9700132606929581
22 17 19 29 58772 0.9442450801482392
0 7 4 22 50905 1.0293477884657918
16 19 27 26 57550 1.0608647146538661
1 1 27 21 132783 1.0919419851980405
10 4 27 17 85077 0.9031495283404725
3 9 12 29 79632 1.0240388334333577
11 28 10 3 84459 0.9958291272440298
1 25 13 2 95113 0.9027913480666636
26 8 18 19 52064 0.9381869667558516
16 7 8 27 89559 1.0901623663542488
11 26 0 10 83304 1.0205172492231178
19 15 4 20 62807 0.942386373988098
27 6 6 19 99621 0.9681098396647386
25 22 9 7 82761 1.023568050039768
6 16 19 16 48593 0.9273589692742762
24 28 12 0 115154 0.9989085891321128
20 1 27 22 90818 1.0785295400627086
20 21 28 14 53527 1.0729540740060188
27 7 10 10 61872 1.0966817288804858
13 7 1 4 52822 1.0420937034781774
14 28 20 24 40851 0.9655785234536678
28 3 29 20 74685 0.9219436325001508
24 7 18 19 47283 1.0593611456799235
28 19 1 13 106572 1.0597648758504525
12 1 10 20 63084 1.0604925357249009
20 23 7 9 73825 0.9932074136764777
13 21 25 11 59301 0.9095749869821163
2 6 19 2 68624 0.9386312840432478
28 2 28 29 106893 0.9956861942716642
19 9 8 7 39199 1.0576833369298113
11 8 5 1 41342 0.9067187291706253
9 28 20 24 52513 1.0424796008892605
8 0 3 23 75220 1.0820681843582136
19 20 14 0 83064 1.0276079534592009
19 16 22 1 59778 1.0623046591537415
0 1 9 27 102842 0.9431343208017765
13 19 21 10 44467 0.9267631096177065
28 19 4 2 118849 1.008556258902522
6 16 29 28 107317 1.060489939066834
23 10 5 20 79396 1.0549808212878575
12 4 5 10 42506 1.043393821484691
28 5 13 15 71254 1.0029948764138228
1 10 10 14 45098 1.0412120182430056
6 28 25 15 88817 0.9627628472054015
10 20 8 2 68858 1.048639173039098
15 5 5 28 96571 0.9050922033831001
20 0 2 24 124609 1.0949034595638436
25 10 18 23 56595 1.0552927453209022
29 5 5 24 127657 1.0668087099308972
25 20 24 29 28142 0.9788218925734565
26 14 6 20 77756 1.0766775663308426
5 7 28 14 83432 1.0314736906277227
7 4 5 14 39164 0.9586058024571228
8 4 19 2 53183 0.9155986732306177
6 22 25 16 71954 0.9270213634058422
23 21 6 5 93847 1.0449392711269365
27 20 6 24 87710 0.9430904141538279
3 0 20 13 82732 1.0313044643437879
5 13 22 9 66810 1.0466731242776317
27 7 19 15 49972 1.0994206860175955
16 19 26 0 87296 1.0539217100432612
25 20 20 1 71834 1.087869518715099
18 1 1 22 104782 1.0779839809037677
20 6 0 5 66959 0.9875084391371086
11 16 1 29 67797 1.0077563499481235
16 22 6 3 74878 0.9130044513155717
18 0 12 9 41363 1.0702885854129995
17 22 3 27 69912 0.9563687748579253
6 1 9 26 102422 0.9036375304456832
3 23 22 4 104199 1.0190271667068722
17 1 10 11 49528 0.9856278026014006
22 10 26 27 57180 0.9779150727658392
13 17 3 22 45658 1.045310554826242
25 12 13 27 68578 0.9589955631239717
23 11 14 26 63983 1.0100590910769895
22 26 9 16 72376 1.0224697498541921
19 26 7 17 66152 0.9775860408664014
8 27 20 19 62051 0.9369166771391783
19 6 7 17 66919 0.9643578827681528
9 26 14 8 72714 0.9389659777793908
25 23 0 10 109439 1.0539326426511344
0 15 22 15 81612 1.0750304856736175
19 23 14 3 80490 0.9359638933722612
25 5 22 15 44173 0.9619887357948328
29 15 6 9 81511 0.9596558814408087
20 1 1 26 129654 0.9031295578769438
22 7 26 14 29128 1.065628551732328
21 7 8 25 88331 0.9368056245909622
12 23 29 28 80915 0.938001624020582
25 28 18 5 79248 0.9846963690104282
28 6 4 29 133148 0.9840676079025996
18 22 28 11 55433 1.057723843395908
1 18 1 1 55695 0.9370555740392428
18 7 5 12 53660 0.9477685768842605
7 23 4 14 38257 1.0720801008540666
24 16 20 7 34435 1.0813308417531555
29 28 25 8 72469 0.9638570369917473
25 24 9 13 75115 1.0736725016314406
13 26 16 9 57657 0.946497105670451
14 18 10 6 45221 1.0104091436696956
10 23 7 4 71663 0.9416370351434857
8 0 28 25 130597 1.0745755701245627
14 6 6 2 34878 1.0271866665127891
27 1 25 11 48781 1.0399053747918345
27 12 7 17 68103 1.013540033046065
13 18 9 8 36255 0.9991602094061126
2 26 25 1 139601 0.976310666879151
15 16 17 24 25446 1.071268452823386
3 2 5 19 46525 0.9919906441702124
4 13 10 25 60405 0.9507783272000723
28 21 13 24 69895 1.0955534904027915
3 13 25 4 94767 0.9039810033389921
13 28 22 2 94000 0.9512116515079253
27 28 1 0 148002 0.942754644366956
20 20 13 1 80805 0.9112004465111521
18 9 22 28 74729 1.0332316016502814
18 23 4 7 82898 0.938814050128564
2 17 21 18 65413 1.054893429270634
17 4 29 6 53733 1.0713151111372663
3 29 19 5 111224 1.0707526227879707
7 24 0 18 38140 0.9125528856373618
0 13 26 25 113043 0.9953425736827807
8 8 27 4 81357 0.9092695632222556
9 0 21 7 59210 0.9663901667675503
26 25 11 26 67053 1.0173194752817925
12 19 9 29 42452 0.9669612006192485
21 16 10 27 58195 0.9249651242999011
9 15 9 27 54014 1.0586729410100297
28 16 12 22 64648 0.910942162898292
16 29 27 2 111728 0.9262694183407639
29 17 21 21 46426 1.0695028777823814
4 11 8 0 50475 1.0555392359437117
24 21 18 11 40308 1.0745463202808703
2 1 14 3 45740 0.9895207112410408
15 9 10 28 65616 1.025157196909084
26 6 4 1 89692 1.0205455000122847
15 4 27 1 64757 1.0424734529434696
20 18 2 6 83188 0.9410863220002768
5 17 3 26 30924 1.029923420705345
1 19 24 18 78868 0.9944294760326371
17 6 2 14 65047 0.9928561640852428
14 7 22 15 53660 0.9145908124378088
5 22 22 11 83107 0.93895528528213
6 24 22 8 90946 0.9437963284692401
28 16 15 12 43716 0.9120834465734313
15 1 1 13 77965 0.9812110774431217
13 16 21 9 44094 1.0277226833916409
13 28 8 2 97435 1.0613626863780823
11 22 2 2 77168 0.9753003377997875
11 27 24 4 96247 0.9687832182879588
23 13 11 4 54054 0.9410416266850384
18 26 22 5 84894 0.95450709091519
6 24 0 10 58091 1.0527443126958254
19 16 26 29 61239 0.9379673531181989
2 24 27 13 105714 0.937779427266315
10 3 21 24 85638 0.9045360985585656
2 21 18 3 94744 1.02691659757468
18 0 15 14 46884 1.0258198268981134
14 7 10 17 37888 1.068265780993877
1 15 17 23 70738 0.9766491639433099
10 14 12 4 39820 0.9779732034728512
9 5 10 21 57323 0.9736261053192169
15 2 2 17 74561 0.9869965688556763
18 11 4 24 76598 0.9564732369146067
29 1 7 11 103020 0.9410055039494651
22 19 4 4 97997 0.9852957377952233
26 29 25 10 58746 1.0960149723508215
11 28 26 18 75797 1.0943058908776886
2 14 6 5 34728 1.0947230948170283
7 16 26 1 106211 1.0455983319724576
4 7 6 20 43134 0.9342050543939533
5 27 18 12 77591 1.0161221931206637
20 0 4 21 114017 1.0706537518437054
9 16 2 27 55140 0.9006915741834964
7 11 15 26 60727 0.9422406635380929
11 18 21 16 33084 0.9425601825288858
21 15 5 27 85055 0.9006191356446536
24 26 4 26 94932 1.0236764424624667
9 8 29 24 95254 1.057404636000177
14 9 9 21 44007 1.0640814229161673
13 3 24 5 49717 0.9758792812523396
11 14 2 18 36537 1.0871845464403656
9 23 15 12 49434 0.911454525067245
23 18 2 23 84618 0.9253603135691933
22 25 17 15 51786 0.9501471613046619
24 10 14 9 36343 0.9491204706931378
17 20 27 12 47454 1.0713538568258736
6 10 10 18 38765 1.039406445544809
4 10 17 8 46952 1.0296644745547296
1 23 11 8 73904 0.9785197313596081
28 21 2 18 94509 0.9606459923698134
27 4 16 27 102537 0.9633564872876972
22 13 3 26 95977 1.0120554648580733
28 11 18 17 38727 1.0884422926487998
19 22 22 5 68984 0.9849550118598829
10 25 23 18 59022 1.0806092573805162
25 8 24 23 38100 1.0929756040787686
24 18 27 8 32321 1.04579632898588
2 13 21 14 72982 1.0546233513719232
5 18 22 2 92487 1.078105107830397
