2303 1899 1845 2699 2352 1489 2744 2123 2062 2510 1520 2795 2415 1344 1338 2506 2832 1947 2288 3432 3903 3682 2291 2351 3996 3010 2382 3195 3254
5831 6337 4867 6316 5042 5237 5304 7078 6552 7000 5933 6903 5771 7359 7048 6921 7011 6826 6639 6910 6700 7560 6000 7615 7168 7619 7458 7714 6942
4464 3584 2727 2741 4288 3766 3904 4240 3771 3017 2747 2666 4201 3132 3113 4611 4120 3846 3199 4086 2880 4983 4286 4322 3803 5165 4785 5329 5218
5530 6342 5048 6243 5889 5024 7005 6215 5126 5606 5153 6886 5546 5261 6665 5326 6336 5852 6358 6768 7000 6052 7271 6085 6206 7144 7379 6513 7410
5223 4528 5109 4552 6319 5964 5152 5540 4965 4688 4791 5411 5212 5343 5467 5205 4821 4663 5191 4921 5149 4986 5798 6712 5231 5406 4890 5856 5679
2224 2956 3474 3332 3701 3512 2184 3806 3353 3569 3397 2176 2018 3413 3024 6699 6350 7299 7275 7614 8214 7015 6387 7697 7689 6697 7914 6244 6231
7281 7897 7169 6643 7360 6130 6520 7930 7804 5966 6273 7823 7035 6896 6097 6192 6737 6024 6735 6843 7163 6339 5998 6571 6932 6248 6694 6832 6843
3689 4006 4337 5026 3202 3753 4866 4682 4692 3642 3455 3287 4485 3506 3393 4569 4162 3920 4678 4296 3624 3172 5216 5124 3174 3898 8786 7352 6935
7263 6642 6793 6870 6253 6596 7487 7723 6287 5946 7548 6494 7518 6437 6249 6795 7298 6845 7482 3525 4548 5082 4581 5477 3767 5170 3706 5551 5150
2291 6777 7053 6719 8520 7163 7068 6765 8510 8169 8251 7800 7558 7597 7573 8003 6950 6713 6685 8187 6867 7708 8019 6841 6622 7604 8577 8462 7527
5926 5168 6506 6285 6725 6812 7042 7849 7921 7011 6808 6474 8169 6661 7720 8082 8171 7170 7276 6876 6492 7554 7408 7235 7656 6633 6960 7588 7519
2671 1621 2721 1056 2402 1229 1389 1154 2462 2987 1132 2420 5256 4587 4600 3991 3528 4103 5056 5406 4384 3802 3597 4324 4171 4685 4888 4945 3767
7036 7115 7312 7676 6680 6772 6903 6805 8050 8291 7378 8083 7596 7995 8303 7147 7371 6471 8027 7784 5104 5543 4006 4498 5234 5120 3866 4418 4724
7284 7396 8096 7771 7896 7816 6907 7480 7296 7693 7653 6661 6569 7993 7327 2836 3980 3141 3820 2702 2898 2984 2752 3802 4050 4071 4265 4491 4403
7375 7736 6564 8348 8443 8371 8245 8463 7454 7728 8436 6721 8288 8585 7593 7520 7397 7285 8226 7983 7920 7566 7605 8284 6667 6979 7394 8708 7669
3267 3977 4042 3679 4718 3865 4719 4767 4829 4519 4267 4865 3221 4851 4279 4142 3407 4918 3704 4132 5305 4621 5109 3835 5351 5470 3821 4477 4911
5207 5729 5527 5235 5023 4755 4253 5894 6144 4354 4916 5475 4866 5308 4261 4193 5179 5549 5483 4503 4708 4747 6154 6727 6064 5304 6548 6429 5684
5269 6283 5997 5666 7467 6329 6231 6799 5885 7062 7418 7294 7010 6607 7283 7207 7574 6959 5843 5832 6056 6471 6591 6240 7189 7304 7595 7439 5886
8801 8680 7813 7868 6927 8410 8665 7691 7377 7470 7909 7054 8425 7339 7677 7883 8740 7544 8786 8589 8028 7331 7290 8290 5502 4876 6168 6817 6042
8302 7433 8463 6649 7266 8431 6825 8155 6790 8172 6552 7553 8036 8551 7125 8321 7803 7092 6690 7276 8402 7382 6749 7548 8468 8223 6659 8159 7695
5565 6023 6315 5048 5471 5191 4717 5714 5394 5050 5807 5507 6196 5342 5078 6554 4908 5919 5323 5110 5174 5621 5405 5127 4978 5971 6074 5020 5694
6541 7202 6514 8014 6233 2915 2118 2743 4111 3294 2388 3375 2738 3475 3742 2500 2128 3962 4124 2906 3549 2576 3231 3285 3723 2484 2539 3318 3464
2220 1347 2520 2498 2370 2361 2402 1854 2161 1160 2583 1506 2417 3089 2109 2373 1838 2360 2937 1880 1625 1638 2236 1858 2210 2269 2720 1198 6783
5288 3793 5067 5103 5151 4182 4146 6241 4616 5900 6189 4891 5685 4355 5962 5448 6178 5389 6335 4542 5273 5172 5623 5289 5469 6219 4497 4517 4941
3260 4017 3082 3625 5922 5715 5111 4556 6179 6205 6073 6416 4776 6032 5876 5347 4521 6171 6220 5677 5340 5916 4502 5274 5445 6273 5454 5614 6154
2912 3519 2505 2296 2598 1554 2846 2632 2214 2388 2374 3459 1657 2431 2253 2050 3438 2390 3497 2419 2213 3081 1973 2504 8662 7048 8487 8074 7833
6425 8265 7710 6365 7100 7670 7034 6483 8381 6627 7000 6420 8082 6494 7847 6953 7625 6710 6370 6686 7501 7906 8187 6998 6481 6987 7034 6363 6303
3993 5452 4555 4511 4465 5092 5793 5704 5505 4275 5139 4206 4134 4107 3976 4917 5617 4786 4716 4398 5611 5344 7323 7258 5722 6694 6111 6449 7298
1448 1918 2038 1502 2748 2002 3327 2281 3373 1681 2128 3033 2141 1919 1443 2530 2162 5668 5944 6760 5109 5597 5349 6514 4934 5850 5413 5286 5315
3875 3369 3271 4168 3913 4781 4046 4814 3921 3864 3926 4070 3136 3027 3921 3519 4415 4542 4388 4911 3195 4303 3775 4069 3385 2910 4347 8082 8346
4253 5585 2679 1274 5580 6562 3535 5824 6939 5261 4087 6326 7222 5615 6115 3680 3226 2136 4992 4374 7412 2667 3225 7024 5067 4677 6434 3747 3928 8084
3895 4969 2818 1306 6582 6193 5286 5568 5281 5305 5353 6822 7926 4858 6053 3415 4180 3520 5921 5752 7328 7305 2545 7564 5412 8314 4608 3212 4260 7607
4330 5368 1848 1267 5117 5525 4611 4327 5168 3757 2619 8079 2244 4482 7018 3973 3341 3394 4392 4315 6094 6684 3681 6914 3466 7776 5821 3024 2600 6440
4902 4868 2377 2319 5344 6560 4093 4272 5416 4565 2817 6507 2313 5376 5811 5148 2734 2250 4212 5143 6112 6863 2510 6346 4220 7588 6441 3568 2804 6819
3052 5701 3574 1950 5723 5643 4711 4242 5903 3864 3117 6474 3236 5882 7453 3608 3634 3010 5446 4873 7151 7840 2578 7541 3951 7793 5819 2802 2422 7952
4835 5472 3008 1488 6365 6676 3969 5081 6591 3638 1581 7228 3700 5818 6316 4873 3228 2617 4960 4640 6981 7027 3525 6490 3635 8052 1744 3266 2531 7830
4812 5245 3169 2126 5892 6857 3942 4339 6304 5389 1762 8172 2667 6023 6825 3806 3313 3277 6023 5379 7214 6178 4567 7115 3978 7824 2565 2916 3831 7678
4044 5563 3519 3054 5366 6572 3636 4890 5219 5500 2742 7957 3845 5519 4396 3837 3219 2876 5038 4416 7434 7352 5133 6595 5048 7206 2680 2549 2466 6878
4397 5005 3067 1431 7099 5512 5015 5815 6319 5122 1922 6297 2217 4727 5159 4836 3540 3020 4620 4345 7781 8165 4244 7699 4469 6728 1442 3408 3065 7823
3691 5477 2719 3271 5534 6342 5280 4190 6046 3787 2492 6320 2046 5999 4998 4283 2728 2887 5491 5496 6307 8091 5175 7413 4564 8003 2265 3213 3329 6966
3629 4496 2862 2913 6003 5371 4519 5074 6420 5441 2655 7117 3286 5057 5420 4579 3270 2818 6092 4338 6139 6458 4070 6852 5078 6654 3029 3533 3562 6326
3328 6863 3685 2903 6141 7057 4470 5425 4026 4326 1735 6931 2349 5948 4366 4188 3259 2585 4613 4095 7207 6816 4854 7634 5209 7238 1891 2430 3635 7693
3045 5308 2168 2939 6302 5071 4316 3818 3616 5492 1986 6108 2213 4857 4093 5233 3887 3043 4711 5524 7325 7516 3408 7876 4926 8041 2855 3157 3575 7791
3751 5678 2600 2936 5603 6158 5072 3203 3116 5397 2305 6370 2710 4509 5325 4389 2872 3581 4311 5792 7706 6489 4841 7223 5132 7736 2004 3874 4035 6233
3389 6331 1905 2494 6822 6825 5022 3530 2838 5506 2869 7265 3571 6168 4958 5234 3775 2874 4777 4324 5883 6847 3527 7415 4702 7859 2489 3912 4202 8055
3960 6547 3440 1792 5442 5789 4594 3598 3377 5449 2253 7354 2816 5028 3993 3740 8566 3822 4369 5876 6483 6417 4570 6761 4031 8313 2871 3334 4081 6614
4306 6284 2068 1550 7027 6804 4913 3479 2734 4903 2131 7621 3166 5295 4474 5058 6909 2181 5263 4958 7018 6882 5195 7219 4244 7533 2856 3433 3591 8167
4772 6742 3480 2737 6244 6339 4016 3308 4014 4876 1270 7676 3046 5740 3538 4055 8487 2536 4400 5186 4130 7274 3489 7677 4847 6387 1128 2925 2912 6969
3250 6631 2109 3382 5338 6320 3957 2540 3488 4790 2744 7403 4051 4555 3744 6756 7858 2687 6056 4112 3952 6866 3775 6928 4699 7107 1789 2659 2476 7501
4539 5200 3376 3257 6323 6316 5112 3495 4123 4241 1349 7741 3804 5624 3957 5971 7647 2319 5245 3776 4043 7825 4356 6802 4491 7362 1973 2012 3950 6556
3264 5332 3175 1994 5163 6490 4687 2398 3546 5426 2198 7541 3972 5522 3673 6195 8106 2907 4270 4315 5236 7089 4536 7411 4683 7445 1599 6263 3669 7814
4854 5310 2582 3684 6459 5351 4204 3467 4164 4748 3094 6287 2160 5779 4012 6287 7210 2228 5281 3941 5309 6685 4287 6762 4692 6312 2324 6014 2339 7892
3015 6448 2489 3384 5661 6092 4581 2107 2590 4460 1994 6506 3512 6258 4470 7286 8649 1860 6025 3133 4919 6452 3368 7991 5351 7424 1564 6818 6076 8020
6779 6178 3088 3721 7127 6666 4257 3239 2417 4824 1885 7423 2448 5365 5155 7390 6932 3116 4045 4313 4402 7972 5176 6428 4838 7054 2648 6155 6130 6179
7348 5347 2237 2205 5741 5764 5109 2503 4005 5500 2682 6399 3061 6465 4392 6921 7456 3745 3861 3740 3561 7872 4583 7751 3706 6703 1659 6322 6005 7370
6756 6571 3638 3929 5164 5297 4708 3392 3716 5430 2115 7751 3164 7536 4230 7209 7982 4806 4130 3360 4109 6220 3619 3182 3543 7684 1260 5852 5174 6426
8170 4988 2125 2707 5351 6547 5516 2146 2488 4326 2820 6657 4069 7542 4682 6070 8631 5869 3637 4597 3607 7238 3718 3012 5201 6436 1418 6127 4906 7975
6608 6598 3293 2613 7181 5498 4081 3989 2537 5203 1621 6607 3878 6186 4854 5562 7191 4885 4084 3419 4801 7275 5113 3117 3772 6950 2609 6113 5729 6485
7545 5818 5818 2216 7077 5711 4335 2630 2667 4777 2919 7996 3779 5930 3762 7436 8771 5579 4418 2794 4488 8037 4240 1908 4346 7369 2205 5085 6003 7528
26 16 11 15 58423 1.001643460274557
21 8 28 28 64270 1.0857085401804896
2 1 22 28 101589 0.9183135181286156
15 18 2 26 72719 1.027319043380011
11 10 19 21 69674 0.9250471515967023
21 12 9 8 44518 1.040737982850837
24 13 20 6 30272 0.9009833288831209
7 18 24 29 86411 1.012053953667469
29 1 26 13 46485 0.957429066564272
20 26 0 16 85595 0.9720444022902878
24 0 19 23 76463 0.9609609891472446
5 22 22 16 71984 0.9049910891651396
17 29 2 27 59662 1.0446936842234436
28 12 14 22 75836 1.0176541814715612
5 10 12 29 90379 1.0986546330250755
13 29 2 3 107019 0.9602896085549759
10 0 26 27 96348 1.0734432286331992
18 6 3 2 60606 0.9357501609986955
2 15 23 21 80897 0.9698529967041317
23 23 0 23 85372 1.0263462672117698
16 17 4 19 46264 0.9593445295096976
18 25 4 29 53892 1.0584056687974217
26 4 8 18 87434 0.9359323647594183
17 2 1 13 66845 1.0079283096494773
6 0 15 2 35032 1.027756717431068
9 15 15 7 49436 0.9538622533757506
13 4 17 23 95477 0.9817461815887258
6 28 15 21 54700 0.922269541469557
22 24 4 18 70465 0.9536036168887673
14 14 21 20 44230 1.0913206995044669
14 17 25 12 42104 0.9539624446748365
26 28 1 10 106450 1.0892942840428244
6 28 22 27 48789 0.932122395834938
4 8 14 7 44601 1.0544556766777733
0 27 14 2 93584 0.9488043296240105
15 10 1 14 48801 1.0912167970360998
17 23 6 27 49869 0.9881333123647872
3 23 12 14 68227 0.948936927159204
26 15 14 15 52881 0.9046328715322218
3 25 14 23 56430 0.9586932572009514
28 23 16 26 37304 0.9017911542794508
16 29 29 9 83042 0.9098528207426518
7 13 13 26 63079 1.0257319476629134
13 13 0 11 47350 1.072586258096537
20 10 16 4 37917 1.0529870632454084
16 4 20 16 62603 1.0970786394008938
15 29 22 13 56171 1.061496848744003
1 22 9 28 48357 1.0232837514673903
1 16 16 23 74714 1.0787321268729142
10 1 0 10 46519 1.0111651164700344
4 26 8 13 68379 0.9212594012700912
20 16 6 6 77199 1.0208669040467548
13 2 0 8 42380 1.005157955021455
0 12 16 8 57082 0.9157476216286108
0 21 22 2 96886 1.05351827438124
14 8 29 1 65138 1.0956754003356717
2 2 23 1 61016 0.9834372451139569
23 20 14 6 65212 1.0946966041096218
4 26 19 7 92786 1.052123976552173
3 28 4 2 83526 0.9675660142455965
8 16 23 4 73427 0.9922930916709192
18 4 27 27 84579 1.0067354375216213
19 1 6 27 108506 1.0182908085133073
27 16 7 4 85810 0.9175990907477445
6 1 19 2 42873 0.968210783238022
18 24 1 22 72706 1.0890319780572564
5 4 12 24 88461 0.9049920050379701
15 0 24 21 82241 0.9921055370322086
29 2 7 29 119619 0.9506805892216436
23 3 26 24 61736 0.9677336664351626
3 1 27 0 84247 0.9656529897371949
5 20 25 19 83203 0.9357069215267233
5 5 25 11 62447 1.011431572460788
15 20 25 26 50102 1.0935615775155083
16 20 29 2 81826 0.9466596748248797
6 2 27 2 59501 1.0272463057602894
27 7 24 18 36685 0.965408643134446
5 5 12 22 79673 1.05675839593903
15 23 7 16 50413 1.0185471608170196
0 4 21 22 92353 1.0890899949928379
3 10 16 29 103006 0.9198013502725679
4 23 3 8 67473 1.0128642438856665
0 19 6 3 44568 1.0533504173586996
21 8 8 11 42862 1.0761128189719518
6 24 5 11 62041 0.926904541787235
4 2 28 8 76115 0.9353033861034407
2 4 24 28 109381 1.029176173114044
25 28 3 9 104841 1.0713937288770572
29 3 8 8 75483 0.9138224466482273
6 21 12 10 59492 1.0316500916976454
16 27 29 3 85392 0.9889404165081876
23 7 28 22 56688 1.08071228045541
20 12 4 29 93672 1.090044090353553
26 24 0 9 103434 1.0498897001538798
17 21 10 29 63431 0.9554043554104003
5 3 8 14 45929 0.956069918876574
24 6 10 16 64822 1.085149085663985
14 4 1 8 57871 1.0229034063815132
11 29 5 18 67181 1.0749445622218372
19 19 8 22 60583 1.000516587727136
8 28 27 11 90774 1.0690541535832487
27 6 8 4 70135 0.9867736241617655
23 29 22 15 38159 1.0755011363911602
2 28 25 7 104378 0.9724997227435102
26 2 19 5 36485 1.0389255759220448
13 13 28 22 80807 1.0659902942141504
5 4 15 0 37938 0.9411174033479259
11 21 12 11 50262 1.094302713625924
0 29 21 14 95099 0.92058171561933
4 6 25 1 73060 1.0411328946678786
9 24 21 27 42492 1.077971772524115
1 8 11 22 80817 0.908307943386913
2 9 9 20 66090 0.9148620970809035
8 22 17 1 97433 1.0493333533484483
7 26 14 15 55587 0.9678190850087758
11 0 9 18 57624 0.9001863636362127
28 4 2 12 78983 0.9074098532004907
17 5 27 8 44453 0.948475291379121
1 28 5 13 67506 0.9266883117586202
13 5 29 26 93574 1.0071895655128154
2 2 9 26 95453 1.0759727173669154
25 21 8 7 80358 1.013658981753365
9 8 15 15 44661 0.9025913902920749
17 1 20 8 42720 1.0543290382316917
23 4 4 15 72693 0.9737381934789018
7 13 16 26 70443 0.9947209311872266
19 24 1 22 77405 0.9828211256221046
24 28 25 11 58302 1.0119151030504745
16 19 22 8 45126 0.9851205732371315
22 15 19 3 35445 0.9138049312714592
23 3 10 23 93496 0.988294404064695
23 11 12 11 37760 0.9711543493677819
4 7 23 25 92141 1.0589209219699771
29 18 29 2 47843 0.977559590418512
16 3 3 18 74661 1.099690645625172
0 25 11 24 49774 0.9791095299676671
25 27 7 14 87859 1.096345142048088
1 8 16 24 99658 0.9179442594404174
0 17 5 23 36178 0.997912906828518
11 23 22 3 83260 0.9143231224914983
17 12 1 16 61616 1.077470076103857
7 21 5 11 44551 1.0605648576023554
0 5 27 25 114234 1.0377066934970685
20 29 6 7 101648 0.9760652174686857
19 29 20 2 79582 0.9655841086205151
15 22 20 7 67603 1.0110012684439584
20 8 14 3 40085 0.9992684327394673
11 23 0 17 58153 0.9917135333083062
3 4 15 8 45621 1.0546870528200827
9 0 24 23 90347 1.0962690059109919
18 20 5 26 66687 1.0648999965035735
19 5 10 29 104631 1.0238484065217994
14 17 17 3 62016 1.0646127040185385
11 24 19 21 48962 0.9138427796263845
28 8 11 15 60100 1.0886520273926876
14 13 24 27 70206 1.009155739571795
16 14 9 29 80739 0.9920528355593452
28 29 17 8 84756 0.9491808505358506
1 6 14 27 101705 0.9075851083654772
7 29 18 27 47367 0.9981572245521919
24 15 11 21 64556 0.942107768305723
19 29 22 22 30144 1.0437094037991679
10 28 13 11 83244 0.9194830541104487
20 21 8 24 59516 0.9508510348286964
23 15 9 14 64797 0.9838514155832355
22 28 9 20 65106 0.9471663783598485
29 24 13 20 59248 1.0721781812647326
24 6 11 11 40698 1.0113320665343166
4 0 21 25 101466 1.0442173960505343
20 4 24 23 63331 0.9089967751775914
2 21 19 29 86964 0.9678764896106836
18 20 0 16 75487 0.9363269223267081
15 24 25 28 46646 0.9924386339527927
20 28 13 20 46761 1.0180976079661572
16 22 4 14 70109 0.959193965261345
16 15 2 11 54940 1.028783245558074
21 25 28 6 62643 1.0565031750702132
14 29 11 16 58768 1.0173790141506622
5 13 15 15 42973 1.0991666069855575
27 16 20 10 38794 1.0731897419147167
0 13 6 20 44549 1.075114165037239
14 11 7 28 90072 1.0213989253715152
24 29 21 18 42895 1.0082286189077845
27 18 18 5 67181 1.0688484654416093
15 14 20 27 59518 1.058686038654924
16 9 10 27 83785 0.9752235614362905
15 0 29 14 70588 1.0794169515430865
9 4 3 22 78366 1.0995759912907168
25 1 7 13 71707 1.0974384775672616
0 11 5 28 61721 0.9495448376577209
14 28 16 4 98613 1.0774638564499432
4 16 29 16 90364 0.9628424531119785
21 12 16 3 37659 1.042635871836134
13 0 7 10 35876 1.0678206560356565
12 13 10 0 36818 1.0201178134762081
2 11 11 23 74265 1.0220393635798377
20 25 9 9 80951 0.9131471908456219
20 24 4 3 92670 1.0675551281573055
12 25 3 22 47019 0.9940053992840606
7 11 26 6 57778 1.0278157082945172
10 21 14 1 82510 0.9780205736536972
27 17 14 27 60682 0.9896425918502629
9 19 29 26 75108 0.9940771293770202
2 4 21 28 100358 0.9820765589280906
0 11 18 13 64515 1.047127129529123
22 19 4 21 76489 0.9084869446350161
24 2 19 10 29544 1.045695209796968
20 2 25 14 39565 1.0041341703585047
18 15 11 28 71173 0.9205106084721207
29 3 9 24 109452 0.9249378825216958
8 27 23 12 68572 0.9868622614615806
28 3 21 8 32410 1.0540245406855522
7 7 4 18 48684 0.9826241780496141
21 14 8 5 59262 0.9085879962136247
18 9 24 18 43917 0.9883548407190368
13 13 25 1 65363 0.9477606217042932
20 23 10 26 38961 1.0648290056736873
20 9 9 26 74343 0.904188254255664
18 2 3 20 96449 0.9274970749465018
15 4 6 1 39090 0.9384481609689559
20 13 10 22 68151 1.0083623670817394
21 7 5 5 60566 1.0220073172909796
10 17 5 5 55407 1.0530073083883442
10 23 16 8 80334 0.9347671915983529
25 21 15 2 71986 0.928577659829845
0 17 27 15 90056 0.9169540789522197
4 23 20 5 113636 1.0309790919244541
8 4 22 2 46673 0.973066594013709
22 10 26 19 33470 1.0645434780924328
27 6 21 13 33342 0.9840279547635609
18 5 9 21 103837 1.0536178621677121
10 24 7 8 79105 0.9772560132313111
3 27 12 26 27434 1.0983462525231906
13 1 23 22 78868 0.9211021521598116
9 12 22 3 47624 0.9798579486698094
4 20 25 10 86086 0.9529923701007806
9 8 24 4 60094 0.9070471731494524
11 17 14 8 41721 1.0325018089013773
19 24 22 6 51892 0.905310756441699
27 28 9 17 76590 0.9659009693848171
3 26 27 13 98258 1.0024386174934494
23 2 0 10 73055 1.021517586242189
29 23 12 0 97969 1.0529245253358117
8 8 18 11 41760 1.0192748017515973
8 0 19 8 53169 1.0287100520496066
6 2 21 26 91922 1.0689233716723954
7 7 12 23 76928 1.0928650939240574
22 19 18 1 58460 1.0433666082101873
23 0 3 17 90908 0.954453896855548
9 11 4 6 33881 0.9807999989386355
11 0 29 24 98212 0.9277739389457549
23 14 14 7 45055 1.005586487452082
0 16 27 22 95058 1.0422922850653873
24 27 18 15 54457 0.9898726619754505
7 21 21 1 98780 0.9506721031526265
23 28 21 20 27139 0.9468915241442273
13 21 18 3 73733 0.9943916089879862
16 7 14 26 75819 1.0085730769504992
5 12 29 16 76201 0.9269946770023142
20 15 9 25 68741 0.9757076847491764
8 10 17 29 91081 1.0631310887229581
27 1 24 18 54161 1.0899662366852825
8 8 29 9 62811 0.9632748827320754
0 13 25 17 79309 0.9863598108251347
27 17 21 29 48130 0.9766386135164087
10 25 27 9 84140 0.9904330657337672
28 23 27 3 65710 1.065754682285771
16 9 19 0 50690 0.9170999399471356
10 12 3 23 68364 0.9215438567639156
14 17 9 22 36633 0.9206987585484289
16 22 29 12 71518 0.9400328336882628
10 20 24 26 59093 0.9917731587667381
14 1 26 17 75914 1.0429825926249472
18 5 26 8 41823 1.0977096125326786
14 20 23 13 52462 1.0694356496629474
10 24 29 14 90716 0.9404718826810382
24 3 13 3 30931 0.9642222415666724
19 17 25 24 34252 0.9202107486484766
0 20 11 3 60795 0.9802247113903373
18 12 4 13 45532 0.9725694157814551
24 20 15 15 42727 1.068123517515618
14 20 14 2 72364 0.957471478567829
4 1 25 0 71279 1.0642385006559985
14 4 22 19 64915 1.0709954563016388
6 12 16 7 43790 0.9985708088179299
14 27 28 29 49445 1.032952082001084
10 11 17 28 86375 1.0016284186984323
28 28 13 20 61447 1.0117995449549808
3 0 8 15 65371 1.0483539860211388
2 0 25 4 71868 1.0945923968156213
8 0 0 7 37090 1.0795178896876985
4 2 3 29 90936 1.0893599978310764
24 2 6 29 110743 1.0354517251410456
16 8 12 19 60388 0.994641418759297
9 26 26 24 49672 1.0598270175981823
3 20 22 8 88958 0.9682084575182878
21 27 1 25 68027 0.9801483297654308
4 27 6 1 93580 1.030345428963324
16 13 11 4 33700 0.9995077175493309
14 17 24 13 42064 1.080144852410221
4 25 12 5 98164 0.9986614831151679
16 28 24 11 66070 1.0825932860252452
8 6 25 14 63222 0.9836793914877143
8 6 28 21 96895 0.9527930135792819
0 10 19 16 77667 0.9673564363260732
15 12 17 28 73118 1.0864601463833101
28 29 19 0 95650 0.9177433568331671
24 12 11 3 46662 1.0982291193185654
22 19 12 25 40724 1.016092439360928
15 12 23 16 41652 1.0363714750876396
21 5 1 1 70986 1.0524232139925336
14 4 1 1 48225 1.0039913558942313
18 4 28 27 86490 1.0125489364712636
16 26 7 20 45734 0.9948963757798555
17 2 23 13 44812 0.9593612229529764
21 6 9 4 53469 1.047360077195122
4 6 3 24 74810 1.03540939269341
21 27 8 1 94415 0.9615947932626214
0 1 29 21 113741 1.0100648272450639
14 4 16 24 96775 0.932631830684275
0 7 25 2 71685 1.0200379245287703
16 22 28 20 54300 0.9769271462644907
10 10 23 3 44779 0.9470128522254493
24 10 20 25 48681 0.9117124431788212
12 7 16 29 95946 0.9182729100004108
4 19 16 0 87632 1.0147884090795687
9 7 19 26 80625 1.0372989847720573
1 29 18 5 128621 1.0463744426759842
2 25 11 3 86561 0.9327796286584147
5 4 28 10 67345 0.9120029982954541
0 15 28 21 102559 0.9941066285664059
6 20 26 0 116397 0.9567146726308358
15 14 1 14 57855 0.9604152020346183
19 20 1 6 103197 1.003191393811312
15 8 4 28 107044 0.9665585038399469
26 2 9 10 57542 0.9778295269097639
2 18 28 23 94363 0.9983505190853048
29 28 20 9 71062 0.9118592301746535
7 9 12 24 71620 1.0051743550594996
7 23 20 23 57544 0.9829715662542143
10 0 8 20 74921 0.9997837342688691
29 10 3 10 59058 0.9496030686160264
4 11 21 8 49307 0.9379247832467957
1 21 17 16 71702 0.9721715696915576
0 5 26 14 84775 1.0105858193850634
17 14 8 24 72318 0.9317712658563849
10 18 28 23 74356 1.054590260398604
22 25 11 17 47507 0.9129513619276872
21 7 7 29 92743 0.9944008921233518
20 19 4 9 73989 0.9465282668573429
29 16 15 3 66742 0.9893027494754623
16 21 0 18 69544 1.0739252397947872
10 28 9 1 105431 1.0546074918544215
14 29 15 16 59474 1.0971761699220026
22 22 13 3 64987 0.9561523099171553
29 7 8 14 72072 1.0495092095412446
9 5 17 29 104946 1.012565333428427
28 28 1 3 114523 0.9095098747052546
1 10 29 5 82486 1.010023014986172
11 25 1 14 78889 0.9328981412485413
12 6 15 28 86615 0.9122042789438888
23 10 15 5 38038 1.0419923707273964
1 10 14 5 54567 1.0205214371082154
12 6 28 23 85503 0.9571406734425647
0 4 29 29 130777 1.0230117190540495
29 0 12 29 112586 1.0492263812724236
24 21 3 11 85928 0.9443642357733418
29 22 22 15 43222 0.9157867179664728
23 24 3 9 84428 0.9462411470372153
29 17 12 26 69890 1.0900702137197016
27 10 0 7 73272 0.9794730913828456
9 22 4 4 85115 1.0753625428186488
10 5 10 17 42924 1.0470762789866737
24 7 19 20 47859 0.927195936027788
1 15 27 29 116478 0.9847939214931526
28 26 15 26 25698 1.0603846455481276
2 12 17 9 46861 0.91074572777593
15 8 28 14 46725 0.9239248280340944
1 19 2 5 45385 0.9992660808533549
26 21 12 15 62263 0.9422846027470861
8 26 3 0 106389 1.021966594254545
16 19 8 16 39647 0.9272304006149698
15 8 28 17 52860 1.0558878755002221
13 12 1 15 43977 0.9655977394095673
22 13 14 25 52430 0.9618839397346827
9 20 7 8 59511 0.9569712442017357
28 11 5 22 101306 0.98048551399998
26 28 15 16 61628 0.9082724658529552
26 10 10 0 55931 0.9065897197844545
6 11 29 5 73272 1.0725727834500016
27 3 3 0 76505 1.029453064761244
29 2 16 16 71470 0.9164982179526581
22 10 8 16 55458 0.9816528949809813
28 7 1 12 78832 0.9603980836253548
25 8 6 27 85777 1.0873021105652072
3 4 1 28 77224 0.9553858346061194
7 13 1 17 33698 1.0482708198866602
18 26 24 3 64524 1.0448919279825588
8 6 18 15 62405 0.9361867449038596
8 19 22 26 62665 0.9332131764125535
0 0 14 6 46991 1.0373128542456898
1 7 18 18 87240 1.0162725760705196
6 15 15 24 61699 1.0900124411666492
20 22 29 14 53253 0.9795126351307244
28 6 7 28 100945 1.0815422722634387
16 25 28 6 75680 1.0482249470175828
19 14 24 1 47012 0.9441969339038918
17 26 23 10 45735 0.9335623892597903
12 28 5 25 30597 0.9185877640370219
2 26 10 28 33162 0.9571405246099147
16 21 3 9 82698 1.0818155052093166
16 7 22 3 28318 1.083566866783993
29 19 5 7 90695 0.9550500000299076
5 0 29 18 98109 1.0121843985406895
2 12 9 0 53532 1.0229027789183227
8 29 3 21 53731 0.9063275869924646
18 24 0 27 61998 0.9285575359669953
11 9 25 4 46943 0.9911723695182896
12 12 21 19 52018 1.0465549845618374
18 10 16 29 72852 1.0657536779505592
18 17 10 1 64351 0.9485276406453118
6 6 15 22 85090 1.036973217969947
10 0 29 9 66830 1.0642779729570484
27 0 13 15 86176 1.032089592060336
3 8 16 17 67937 0.9568179765645893
3 22 14 15 61304 0.9068128978066173
6 16 2 10 31588 1.0248046485269005
0 0 24 1 70228 0.9626490328137689
7 1 23 11 63690 0.9757241841242229
9 17 20 21 52859 0.9195335234254572
9 1 0 28 92636 0.9372159212444658
26 18 11 23 67780 0.9958317580459296
3 6 20 27 103729 0.9031539793499896
10 5 21 2 39556 1.0684461055600556
22 10 1 23 94308 0.9075675707706304
0 25 7 5 74577 0.9687858391603451
8 19 19 17 46361 0.9269946504273358
3 29 1 19 50814 1.0360801326589693
23 13 22 24 29679 1.004589196561848
20 12 17 2 42269 1.0075968999462828
3 27 19 4 114503 0.9358513203172806
12 2 0 28 92011 1.0711892628854187
1 13 11 23 71788 0.9991241089932936
5 8 15 18 59289 1.049335450048722
3 15 15 28 82025 1.0350949763594954
28 6 15 27 77068 1.0101007296068447
13 8 25 12 42735 1.061332831091609
5 2 22 19 75582 1.093696445331503
11 26 27 4 89244 0.9474748462254661
3 13 25 27 103042 1.0268618207716673
19 22 27 27 36412 1.0926684946471348
29 4 11 3 54611 0.988306677039412
29 1 6 14 92583 1.052858908938009
3 29 2 18 52848 0.9954822811972674
6 16 26 22 75779 1.0284167809284446
20 7 6 4 57910 0.9118834693513765
10 29 15 8 99244 1.0857938042954274
2 11 27 22 93548 1.0856895017592858
10 8 18 4 38869 1.058727444496493
22 12 26 19 29794 0.9518537413189063
6 7 20 6 61421 0.9473074338201484
26 27 20 21 36690 0.9027187584450921
7 11 24 21 74953 0.992517918211572
19 8 29 15 45175 0.9629842682835502
6 10 5 21 57007 0.9695080698063896
29 13 0 16 92192 0.9663645332479727
7 14 28 25 90509 0.9027058406972231
24 1 2 6 72396 0.9582958805649135
15 11 27 18 53686 1.0068937317403432
0 25 22 15 87921 0.9007095002512333
18 19 0 11 81109 1.0563828879777846
19 10 2 7 50028 0.9455540344725436
21 19 6 1 85905 0.9293105029519971
13 5 2 21 81057 1.0144452491731515
23 5 15 26 65078 1.0847510191678804
23 11 5 21 91925 0.904497542285361
26 18 1 7 92980 0.9135920184808787
18 22 23 27 31588 1.0462825047724333
28 29 5 19 98890 0.9182662852519919
22 14 9 19 56076 0.9279902945203563
6 8 24 24 89021 0.9523192306666373
25 19 11 12 57596 0.9871601430882034
0 9 0 21 28830 1.0573455608977795
2 4 24 26 98313 0.9775639301438768
5 18 19 6 89859 1.0867829235797515
21 15 18 3 43327 1.0538256316384296
14 13 17 29 83214 0.9148117427113712
6 29 11 3 106854 0.9358680379301086
12 23 25 10 70570 1.069564322460999
21 1 25 17 48206 0.9151592996391448
11 2 0 12 45414 1.0569797489541402
1 17 6 4 49112 0.9085686665817375
11 25 9 6 78148 1.0783682606038616
1 23 27 21 105784 0.9956403361352155
25 27 12 17 61549 1.0160147220577092
25 28 27 9 71984 0.9547730336692228
15 7 8 21 78727 1.0097402526743038
13 22 0 16 55810 1.0149387880261274
22 2 4 19 91930 1.0425416647702281
19 0 6 23 114606 0.9333356720273175
14 27 22 7 62376 0.9974452099817619
29 0 6 21 123737 0.9439071176976116
17 7 0 13 67533 0.9442184760966909
23 29 10 15 76809 0.9620598686150712
14 19 7 7 66722 1.0020884509310846
17 28 25 2 79015 0.9101007264431745
15 25 4 6 99203 1.0379381499085492
27 15 8 20 84828 1.0917251636918195
0 22 27 16 102833 1.019090878604636
5 3 3 21 65196 1.028301828050414
9 22 27 16 83200 1.0891951994882665
16 8 25 12 35678 1.0263894747983018
20 6 5 16 71674 1.0174795404110812
8 12 21 23 68908 0.9637165283578325
6 1 29 13 85945 0.9790287580501753
18 10 2 21 74257 1.0488037333648845
29 17 23 25 49303 1.0447006978037237
18 5 26 2 41084 0.955550422695947
25 27 13 5 94569 0.94176129681581
7 25 24 24 51761 0.9949500547641477
5 3 8 25 92305 1.0208577809192738
1 12 9 27 75431 0.9438099349110516
19 8 9 7 37627 1.0857006866391317
5 13 10 25 73961 1.0263881059247146
0 6 17 4 49219 1.0331052083552397
27 21 21 17 32582 1.0679562583592008
7 27 20 20 58530 1.0900232255822568
13 6 5 28 106641 0.9422584243873127
1 23 17 7 100030 1.0058972041496668
20 14 8 16 51187 1.0083266658001817
2 12 15 18 61215 1.0151055902820225
2 2 29 13 84352 0.9418117475595924
13 1 25 23 88941 0.9282053229007741
17 28 5 20 73028 1.0280196832947885
22 20 8 12 58127 1.0662470627314955
8 22 3 0 91430 0.942829887872934
4 7 21 16 67182 1.0427199105118117
2 4 17 28 113365 0.9234999566158809
7 17 13 5 56410 0.9300290544204619
2 4 12 17 63338 1.0532820585112974
26 25 0 0 114105 1.0455948308210838
28 29 21 23 38988 0.9110980480556533
11 10 27 27 73522 1.0197063329944767
21 11 11 24 69009 1.0045119107502012
25 29 10 2 105608 0.9710952995647557
7 12 26 9 53259 1.059724743151681
21 18 7 7 67975 0.9357990870890429
18 17 3 21 67466 1.0672962467603244
15 21 24 16 46236 1.0700446371319199
26 26 12 15 62947 1.064961391744772
26 21 11 18 60326 1.0970033385232452
22 15 15 19 31513 1.092112186524653
1 9 18 0 74490 1.0681263949481374
16 9 20 24 56964 1.0246525849693784
21 24 18 7 52216 1.0961155047996276
25 3 21 14 34780 0.9691371282371158
25 28 12 17 68476 0.9190337706098725
12 13 17 22 59909 1.0688645393142198
7 19 20 23 71956 0.9414128276032162
7 16 8 2 54947 0.9618665967788904
2 12 23 2 70269 0.9096860975660027
0 13 25 6 77681 1.0052270619386021
16 6 26 6 38343 1.045044890883365
10 18 3 28 71564 1.0431730032581272
2 3 9 25 96878 1.0375940338590912
18 26 25 1 70955 0.9533925095055327
20 12 3 1 72577 1.0840252550487315
25 8 15 0 49719 1.0816969762665771
27 15 6 18 79153 0.9956199855587016
26 14 4 8 70198 0.9905828771696458
23 11 11 23 72377 1.0753755840845571
10 13 1 12 38363 1.0500876323568007
12 3 7 9 29035 0.9976286818531664
7 9 14 17 48176 1.0530106916771114
25 0 2 1 72563 0.9559073140775178
5 17 20 4 81948 1.0596915923887644
7 5 7 23 73398 0.9708066700963744
9 10 27 12 48708 1.0016797040538103
1 11 19 26 96034 0.9740901035836436
26 17 28 6 36772 1.0728826664208426
17 21 26 26 42618 1.0998559201765599
22 27 15 8 62035 0.9565817887507277
26 20 14 24 58890 1.0471015519767302
7 16 29 18 73906 1.0033291242319362
26 3 25 14 30378 1.096229523554637
26 27 1 29 81793 0.919185791191232
21 16 8 22 62331 0.9841987944680635
10 15 17 20 48818 0.914341638337302
20 7 11 22 75897 1.0435742850349332
8 16 1 28 63990 0.9059300202465849
23 20 5 0 87561 0.9501361673993407
9 18 2 3 66122 1.0453316309149772
10 25 29 16 85858 0.9150561018751248
28 7 3 19 99662 1.0887690782934576
9 5 16 0 39454 0.9710852476555154
11 26 23 8 64618 0.9827831803387436
7 24 16 20 57735 1.0240913230866728
26 16 5 16 73208 1.0564078803398818
26 15 3 10 68966 0.9812967749949809
21 20 0 12 81767 0.940085350927904
8 20 22 26 59140 1.0404228071577888
23 13 17 20 44650 0.9693875726550595
11 26 11 4 76665 0.9050164252031409
29 20 1 8 105500 0.9281596102666961
16 18 25 29 67904 0.9961514708641273
18 25 25 15 45783 0.9716122277097932
12 19 14 7 57817 0.9286474618280893
13 18 1 5 72814 0.914926661832277
13 23 2 14 61918 1.0065045717529881
25 24 8 18 73131 0.9293991021446215
15 22 8 17 38266 0.9939574984950378
4 13 23 4 68530 1.0597174514282914
7 4 20 18 77792 1.0783934949618552
13 7 7 17 50907 1.0188274650247664
19 7 25 23 54331 1.0879520944538323
20 18 9 29 73598 1.073935345353095
4 17 1 29 54647 0.9641630908680873
7 25 22 0 92914 1.0924890170530839
21 29 4 21 73260 0.9361656088394154
10 22 9 1 79329 0.9718561767665981
3 24 15 15 76849 1.0832937872908044
28 26 22 8 49407 0.9284251614308965
23 2 2 12 70269 0.9475264251580078
1 27 2 2 69065 1.0038630979474754
28 7 11 5 53607 0.9222912820279615
2 24 18 12 92204 1.07574879996413
12 2 28 2 43773 1.037560294215385
14 7 1 11 50325 0.9881529103419278
10 12 20 4 48555 0.9614015349661609
19 29 4 7 108557 1.0803984801962898
7 16 22 9 55993 1.0759999235814206
25 27 11 26 38137 1.0190642798712963
3 7 22 25 88989 1.0744246200522678
26 6 13 25 78610 0.9974421519919577
0 9 4 2 23001 1.0019448995727265
16 3 20 26 70261 0.9135156784879476
18 15 0 6 80185 1.0840768178450078
21 7 14 3 33988 1.0180049931318977
26 26 15 20 51362 0.9331476472872025
0 24 17 9 86132 1.0260028445233584
13 20 17 28 41020 1.0024036412317552
2 1 29 18 101302 0.990495655980775
27 0 26 15 51222 0.902691392884729
7 27 26 1 106611 1.0229756726069463
28 24 9 18 82495 0.9314094742419974
3 7 18 29 113652 0.9542723933026793
23 25 14 0 87960 1.011157267169838
26 8 7 28 92045 1.0650640071445192
20 11 11 16 46435 0.903386602391738
16 29 25 17 56273 0.9232671631902433
12 24 3 5 98061 0.9492486116040014
4 25 25 17 76463 0.9496196967605045
15 7 3 4 46847 0.9288899740596466
29 25 5 6 101201 0.9636651512148011
8 14 11 0 44748 0.9335748693702159
1 6 13 0 45860 0.9219586632802819
25 2 2 1 66132 0.9174665004164709
2 11 9 25 81692 0.954829622804057
27 19 22 12 34391 1.0535375349157465
16 24 10 5 81698 0.9542716242341339
20 7 4 6 64163 1.0012521845163884
22 12 14 0 51966 1.0451671060942804
12 16 25 24 59419 1.0708480638475686
27 2 6 2 59501 0.9451561576558679
9 16 26 1 86831 0.9804258060455352
11 12 0 13 40228 0.9810387317165729
23 6 24 27 56022 0.9531515581946591
8 15 3 23 52709 1.0656106437989676
26 29 10 8 97562 1.0359767412610312
28 29 23 7 69382 1.019180932630157
29 17 10 5 72578 0.9421746875388697
3 10 23 12 50623 0.9324550696792855
24 29 18 25 33675 0.9901554512005021
28 17 22 28 47212 1.0401919872822276
4 17 11 3 53495 1.079766720082815
23 13 15 16 37232 0.9304014898431245
29 28 18 0 97520 0.9042586256453341
27 6 28 16 27937 1.0093193708904789
10 8 13 22 58556 0.9530374899149917
28 21 6 14 95651 1.0742789133725796
24 0 28 29 92280 0.944672123427238
8 8 13 25 76593 1.0879580019331005
27 26 19 15 46584 0.9322909672752793
0 0 29 22 119572 0.9841844841335436
29 29 12 13 104044 1.062983617076128
13 13 27 15 61862 1.0453448773962386
15 21 23 25 46709 0.9986480597111229
26 6 11 10 44512 1.0861946485535177
3 16 29 11 82625 1.009357426022595
11 7 28 17 59010 0.9400390738332551
9 28 6 17 55381 1.0393010912059215
25 10 21 2 26469 0.9950752966287387
6 4 20 15 73684 0.9357377134968712
0 16 0 2 29742 1.0043091817204581
13 10 18 29 77535 0.9406813642756559
28 13 6 20 94619 0.963693662603179
13 2 20 26 80600 0.9660895572539443
8 19 8 9 48559 0.9308647156846531
4 20 11 1 72612 0.90521161482591
27 25 27 14 49196 1.0863553816789446
4 19 14 18 43439 1.009576047088896
24 21 17 1 76084 1.0452284626758326
3 1 17 21 107507 1.0920560439741143
7 4 16 23 94153 0.921523449797519
11 12 19 24 71801 1.097873552336141
14 5 1 1 52843 0.990529123880474
11 20 16 5 75264 1.0419599779614563
16 8 1 26 100851 1.0080067408885025
16 2 10 25 96209 0.931357335625377
23 4 2 14 75756 0.9918616033012398
17 28 2 15 91191 1.0956791586886327
13 6 23 16 63438 0.9669666966649892
9 26 8 1 101026 0.9120644311875595
15 3 10 25 90962 0.928479841623728
7 5 18 29 111451 1.0621313125437373
26 10 16 16 44628 0.9953189018835111
29 4 3 17 102405 1.0324976692843812
11 5 28 18 67296 1.0241829609594841
13 19 0 22 58099 1.0349882212643575
22 13 2 29 90066 0.9206885823045867
25 28 10 4 97773 1.0479508549487107
17 3 8 19 75368 1.0955028320541622
6 1 29 2 74694 0.9366117195667965
15 2 27 29 100579 1.091215133715046
14 22 1 23 57131 1.0120052266834276
22 10 4 23 93471 0.9226576135791503
22 1 27 6 28338 0.9448121537579387
1 13 22 13 66019 1.053468873159074
19 12 12 19 51919 1.0183308190761626
14 21 6 28 51184 1.0859327777890202
15 22 20 11 63194 1.0713160678319604
27 26 25 4 63499 1.0012419815542732
10 2 15 9 31238 0.944333062864621
28 28 28 11 67086 0.9541210246852547
6 20 25 7 91411 1.0294142926392769
2 16 2 5 39168 0.9290591444840495
16 19 27 9 57576 1.0035569834975437
12 1 4 26 106175 1.0636537022043937
10 19 2 22 42210 1.048318848807355
7 21 28 10 87914 1.0507572083666354
22 27 1 27 58278 1.08976650991223
0 14 14 29 91797 0.9139359526886929
12 15 17 22 45727 1.0623574248525431
16 26 27 7 65159 1.0873309055883242
9 4 22 13 53600 1.0081820565842816
10 20 0 20 57602 1.0153954564932044
22 21 8 11 63268 1.084608508157811
10 4 5 14 41784 0.9466342709789111
29 14 4 5 85255 0.93858553620885
14 17 25 15 35763 0.9992663310383699
17 1 29 27 90969 1.048955752044746
10 7 11 25 72034 0.9743250928456888
26 22 8 22 74829 1.0838066199161722
4 25 29 25 65002 0.9682949722277628
17 29 5 23 62893 1.0477828416351085
18 18 17 9 50426 1.0211411863111357
18 24 12 28 32865 0.9593350822540067
13 29 24 25 42677 1.0153365483767547
5 27 9 10 80846 0.9922439744641948
18 23 14 0 98476 1.0168092781353326
14 8 4 14 47818 0.9533222914762056
8 4 12 26 91381 1.0813502274075688
15 3 21 13 42189 1.0460731395544374
18 19 23 3 55546 0.9454999197123262
13 16 29 13 65751 0.9177062387388029
2 0 25 14 83689 0.917672238039922
1 1 8 29 102527 0.9641374938330101
6 27 0 12 59336 0.913151864771434
25 7 5 29 102783 0.9637956959263125
13 1 12 20 75201 1.039704367756475
28 17 0 17 86849 1.0712572963365243
26 3 3 18 99099 0.9673747984289439
11 0 23 0 41462 1.0877016158200639
29 11 14 8 47187 1.0325722303851828
11 22 6 4 80382 1.0164908364578449
17 16 8 11 52079 1.082121302337895
7 26 18 29 43579 1.0848322005499589
12 10 5 28 91598 0.9580581369739173
17 13 1 26 103375 1.0598599710671233
1 15 17 14 66797 0.9759245749833031
11 12 20 18 50207 0.9188519081932098
29 7 7 18 85281 1.0784305871558768
7 29 5 10 88640 0.9146940863622252
29 1 14 2 46741 1.017899743998927
12 7 25 25 83809 1.0348462401195524
0 8 10 11 39872 0.9904583714470809
26 27 25 9 58042 0.9210853699290408
17 29 6 22 62490 1.0198411735311188
7 0 10 17 63594 0.9407466775364277
17 25 2 20 73822 1.032742517824984
7 8 27 2 72665 0.9795340458150043
21 20 2 7 84728 0.9902470546736132
13 9 6 19 60452 1.0783260756334425
2 20 23 28 85325 1.0895423233777133
27 24 0 29 86719 0.9318591782663233
0 7 11 18 57353 1.0615146214162987
11 2 27 19 77401 0.9988955629403908
21 1 18 13 48671 1.0156795874818572
15 16 22 1 56675 0.9087586038179766
7 21 3 14 44968 0.9205442597219402
3 12 16 22 77118 1.0424916538929885
20 28 29 27 27636 1.0247284268239298
29 27 3 10 95660 1.0380372975145682
2 22 6 28 38047 1.0939757542151023
7 10 6 20 46965 0.9310156381401089
15 18 8 7 60895 0.993309128669241
18 25 7 21 50970 1.0265401251842392
11 27 26 4 88298 0.9151699462461106
6 19 22 4 84564 1.0658271316240744
2 28 13 26 37393 0.9592587572979407
10 23 24 6 90938 1.0123453357184196
1 8 18 12 57199 1.070941091527075
13 28 3 6 104988 1.0157907461556583
17 17 25 1 56934 0.9493290383101631
14 9 6 27 94703 1.0756322019736742
6 1 26 3 66254 0.9222703840140118
2 6 0 26 59910 0.9736027062919916
15 0 2 22 94473 0.9292913578950012
12 24 13 0 84232 1.0110644589836195
27 5 1 25 127666 0.9155468094054771
26 21 19 6 61521 1.000738886944525
25 7 14 23 79594 1.0885844367742543
26 18 11 10 54677 0.9931766019573265
10 6 1 10 39571 0.927211197993998
15 16 1 25 75862 0.9565074343448102
0 7 20 7 70155 0.9545499713776203
22 19 0 5 85275 1.0291812409779604
22 26 17 18 38649 0.9724927702789559
21 12 9 8 44518 0.9591347136193501
24 2 14 14 60104 0.980285995067909
2 10 16 4 52685 1.0044733398728818
15 0 29 6 56969 1.0174930562663604
10 21 28 20 85714 0.9895208334782244
28 16 6 27 85142 1.0297152325294507
12 5 21 7 43044 0.9588486724491044
29 25 8 3 95429 0.9401293073678559
1 2 29 13 87170 1.0760902341247285
2 3 16 24 99604 1.009030259925702
27 14 9 7 65195 1.0697236657830795
22 1 14 5 37485 0.9625864661201726
11 9 2 5 36540 0.9850716592875135
13 16 7 27 51937 0.9690899563177454
8 4 1 0 31954 1.0821826874709126
17 1 12 13 51046 0.9169980265811768
8 16 5 4 49382 0.9954988053841608
14 0 28 7 59350 0.9610977523925558
25 28 11 22 61841 1.0782040310775285
23 11 21 0 33930 0.9299159658669776
29 9 1 25 117973 0.948677795047192
11 4 29 16 69097 0.9924039401172134
2 29 0 14 52559 0.9123107070252142
23 24 8 24 49282 1.0353060101046414
29 19 6 17 74419 1.074691870111732
9 2 27 23 90905 0.9386161264244852
1 29 13 28 45022 0.9886879879532161
10 0 0 18 65717 0.9181856832611052
11 20 18 5 84904 0.95946161760625
11 15 15 9 31409 1.0784219342647088
2 29 29 5 128064 1.0834599796383615
14 18 23 26 48952 1.0896121376120658
11 0 29 4 60172 0.9421801811103635
9 9 29 20 83939 1.0693841539454345
15 1 13 25 87026 0.9571422326016644
13 25 13 7 73137 0.9713284403929126
2 5 8 13 47340 0.9731406177720026
26 3 1 19 104644 0.9591022138148675
17 23 21 5 67064 1.0008697447573658
6 11 17 17 58144 0.9934476387320459
19 19 11 23 50691 1.057568453196995
29 16 21 28 58674 1.031774178402467
27 24 28 5 63703 1.0246623554148349
5 2 5 28 90810 0.9424962261477025
11 18 15 24 38116 1.087912105257295
1 8 24 9 67794 1.0510152328100382
17 21 10 11 70871 0.9957179828879015
15 18 15 4 61367 1.037595060847966
19 3 24 12 33790 0.9485571017688891
17 9 22 22 44072 1.0149403687882965
5 1 22 18 75601 0.9424477472588035
9 24 27 28 63386 0.9880762124141161
26 6 10 18 77244 1.0953980187636327
17 29 5 7 107894 1.03612715395359
3 3 3 18 48470 1.0946194288620865
14 23 8 11 67153 1.0018113026962634
15 16 16 25 45126 0.9560990507618241
22 18 22 3 33081 1.0854767974578858
7 0 24 8 67524 0.9266648647601686
16 25 23 14 46776 1.0105238528280964
19 19 5 21 78415 0.96954732059315
0 22 23 18 85069 1.0091272672811815
29 6 20 14 43263 1.0107310291055422
7 1 26 18 86250 1.0497074664571144
8 4 27 16 84600 1.0467587187616045
6 8 12 16 49694 0.9676331898768483
26 15 3 22 96652 0.9721995897723635
29 12 21 17 37668 0.978934146953458
10 16 25 10 55751 0.9964992288114491
12 2 25 6 43670 1.0211117404662
25 28 21 16 44654 1.082565477756857
5 21 0 9 54066 0.9210931907409882
14 4 4 3 33359 1.0173026486908587
0 4 21 10 58617 0.9597523320100998
0 0 12 7 39947 0.9622097849485826
28 11 24 22 44156 0.9932075985047738
19 4 28 5 38393 1.0469723463636682
16 5 28 20 77916 0.9245704379403997
11 14 27 28 83004 1.064665654335275
4 20 15 4 83221 0.9786603759513449
19 21 5 29 81504 0.9730650287456253
20 23 13 6 81295 1.015603975004023
19 7 4 4 55762 0.9829378890768447
21 17 1 1 84964 1.0331243502429392
8 11 9 22 59521 1.026638357298455
5 1 8 29 107744 1.0134671652164002
1 17 3 28 45401 0.9502073717716768
3 5 21 6 71785 1.0374597747130516
14 17 21 14 27696 1.0845784566504322
4 1 18 2 45792 0.9125478873347052
6 2 24 27 99264 1.0823263618779309
12 14 25 21 62230 1.0781383216092477
12 3 23 2 31774 0.9880301686800201
20 5 15 28 77931 1.038668124382006
28 21 11 11 75221 1.049232561733532
10 23 26 7 91722 0.9294469810777308
22 24 13 3 69081 1.0786182231093366
24 22 3 23 79253 1.0318053234718023
15 27 4 27 35035 0.9247366852308466
28 20 16 14 58035 1.055617839409895
26 11 13 9 43582 1.0029606781863891
14 12 7 24 68811 0.9571589269794473
20 11 8 18 65533 1.0773663867632193
17 28 26 24 39863 1.0469785848157203
18 19 11 29 66756 1.0796503114959901
21 21 3 13 85158 0.9822545001267399
23 14 26 5 36399 1.0307622316762979
17 10 29 6 37783 1.0532580786519603
8 10 3 27 78093 0.9087231099719437
0 24 29 21 100498 1.0490596822281737
24 10 24 27 48473 0.9568746027632818
26 22 16 2 75558 1.0350740841929
15 13 6 0 57690 0.9126680046037232
12 3 14 16 47586 1.0839112137326918
11 12 14 1 35141 0.9949229335767875
23 2 3 20 105452 1.0428494502211674
5 24 22 16 68731 1.0699453475401
27 23 16 17 45346 0.951124392757872
6 2 7 23 85045 0.9761981717068458
19 11 1 15 64226 1.0074182470365325
23 0 25 8 28827 1.0489953033912356
3 26 16 29 53287 1.032274714549901
7 27 13 7 93879 0.9411422234355413
25 8 29 24 53125 0.9773965177593811
5 6 26 12 65558 1.0135778859332603
13 13 25 23 70330 0.9753099669064818
11 12 26 2 55947 1.059332610082301
3 17 13 26 58603 0.9561772374056687
20 17 11 18 29731 0.914087340636044
16 20 8 17 39809 1.0985428392339633
16 6 24 24 68753 0.9592633909423595
19 1 27 14 59286 0.9759154118725115
12 25 12 5 79679 0.9237387160629339
20 17 12 22 38953 1.0298939191358694
3 0 26 22 108946 1.0718338003229366
24 12 17 22 48669 0.9873690771726802
29 3 27 19 48873 1.0470260607936228
25 25 19 12 53694 0.9788328626995494
24 9 7 18 72283 0.9442596880151735
18 6 29 20 72306 1.0286017533116754
29 14 21 22 48717 0.9987582889949772
25 23 4 16 80383 1.0625226047236793
16 12 8 18 50369 0.9720206933736943
15 15 6 28 71260 1.0197351909903372
3 3 16 1 40800 1.0484257583599714
18 17 4 18 45790 0.9384694991393575
14 20 29 13 74334 1.0650571586793465
10 27 19 8 81799 0.9064512843025077
11 29 9 10 83789 1.0599580924315775
26 19 2 7 90139 1.0582324414129243
29 24 2 15 104314 0.9511865021185004
14 17 0 13 49034 1.002703123577468
5 16 9 27 57599 0.9379452363890033
1 9 14 7 49078 1.0577567268478054
21 28 11 1 82140 1.063490690431487
19 2 8 5 44859 1.0008606161189415
5 9 19 13 52233 1.0891286131545084
12 19 6 23 44347 0.9006333677603221
14 21 16 9 60545 1.0621916069134352
27 11 23 1 38225 1.044320924205221
9 7 15 20 62916 1.048242050576164
7 10 8 21 47944 1.020909875833202
3 8 2 17 36490 0.9448432773339104
7 18 13 12 39991 1.0822279987486476
0 0 5 24 78043 0.9937069850430313
13 7 4 16 51841 0.9105082040523469
7 17 19 22 58171 0.9542503661326998
29 4 25 29 98817 1.058187687792708
18 13 8 14 49800 1.0826896000526158
5 17 26 9 78544 1.0741255681820714
10 29 17 1 116481 0.9936598136747186
3 17 10 25 61276 0.9723133320035044
