3272 3266 3179 2905 2460 2910 3096 2768 3285 2713 3107 2872 3086 2997 3177 2678 2737 3032 3213 3070 2954 2777 2536 2856 2797 2942 2896 3160 3042
4528 5058 5384 4945 4849 5363 5070 5285 5009 5266 4957 4538 5352 5308 4947 5082 5049 5085 4664 5287 4911 4668 4932 4783 4832 4693 5118 4979 5227
4611 4837 4618 4307 4641 4746 4997 4649 4849 4878 4257 4341 4854 4815 4813 5070 4268 4725 4582 4851 4856 4367 4801 4742 4817 4954 4454 4923 4319
4928 5195 4851 4874 5140 4907 5149 4854 4853 5029 5105 4932 5247 4792 5064 4854 5258 5378 5181 4998 4817 4627 5159 5304 5321 5256 5124 5394 4760
1264 1691 1767 1484 1757 1804 1884 1528 1486 1718 1753 1499 1539 1953 1326 1452 1406 1701 1182 1557 1474 1295 1613 1866 1762 1563 1812 1140 1345
5402 5593 5009 5299 5042 4963 5224 5494 5066 5675 5040 5612 5523 5336 5418 4937 5332 5419 5084 5346 5015 5094 5717 5550 5178 5483 5515 5566 4956
8487 8696 8662 8339 8131 8058 8369 8118 8054 8205 8551 8337 8413 8547 7945 7929 8355 8401 8769 8287 8320 8337 8654 8530 8560 8676 8307 8134 8509
4586 4645 4490 4613 4862 4298 4505 4859 4941 4420 4276 4626 4766 4372 5003 4238 4349 4715 4506 4799 4623 4981 4531 5036 4645 4735 4620 4576 4636
2978 3232 2521 2519 3322 2554 3127 3103 2815 2712 3248 3127 2939 2578 3082 2873 2635 3168 2585 2846 2728 2680 2976 3058 2704 3196 3071 2584 2924
5225 4766 5213 5009 4696 4682 5116 4831 5108 5211 5127 5395 4930 4783 4731 5498 5202 5052 4847 4834 5513 5378 4752 4800 4825 5431 5198 5339 5140
2293 1959 1868 2157 2197 1643 2277 1863 2192 1988 1618 1723 1902 1789 2029 1898 2403 2144 1607 1706 1908 2017 1795 1877 1608 2343 1626 1526 1816
1839 1442 1371 1311 1679 1871 1463 1836 1141 1272 1217 1770 1236 1310 1199 1632 1526 1479 1124 1126 1286 1457 1846 1161 1913 1334 1726 1634 1527
1736 1142 1645 1254 1905 1912 1175 1600 1162 1538 1482 1358 1776 1382 1220 1770 1509 1779 1882 1941 1595 1177 1950 1112 1433 1594 1893 1535 1718
2527 2899 2689 2816 2784 2461 2342 2791 2091 2661 2215 2528 2262 2651 2403 2193 2782 2730 2490 2870 2387 2910 2831 2940 2270 2787 2828 2567 2563
6722 6526 6470 6568 7075 6666 7232 6409 6992 6985 7162 7023 7105 6884 6860 6463 7000 6533 6883 6984 6990 7145 6963 7140 6787 6558 6494 7242 6961
7462 7385 7146 7455 7341 6989 6709 7341 7221 7340 6828 7181 6650 6816 7032 7003 7164 6854 7464 6776 7115 7472 7310 6865 6845 6797 7422 6951 7183
7962 8009 8379 7998 8376 8155 8166 8523 8554 8614 7849 7843 8001 7962 8475 8318 8261 8129 8550 7913 7935 8217 8165 8513 8205 7940 7817 7977 8226
4411 4957 4312 4690 4457 5141 4673 4432 5000 4521 4501 4503 4740 4941 4752 5055 4632 4529 4942 5143 4617 4872 4389 4528 4618 4913 4680 4319 5080
7264 6757 6960 7129 6610 7323 6954 7175 6709 6773 6612 7302 7331 6807 6632 7331 7146 6505 6958 7162 6678 6605 6769 6801 7137 7352 7130 6641 6581
3881 4290 3829 4192 3627 4412 3622 3833 4001 3658 3575 3896 4143 4029 4291 4092 4379 3626 4207 4337 4010 4063 3987 4166 4049 4398 3862 4400 3557
4221 4077 4125 4439 4232 4625 4260 3875 4739 4405 4302 4412 4644 4491 4417 4517 3987 4066 4633 4704 4642 4529 4223 4638 4374 4514 4180 4007 4493
1385 2152 1974 2151 1737 1927 1845 1851 2131 1656 1963 1927 1714 2169 1882 1836 1969 1557 1828 1768 1693 2182 1908 2146 1425 1842 1814 1746 1713
5967 6089 6001 6405 6756 6221 6144 6014 6114 6126 6440 6611 6233 6189 6667 6348 6526 6537 6436 6698 6187 6148 6135 6584 6787 6004 6822 6460 6171
5458 5353 5112 5166 5194 4966 4716 4974 4868 5210 4874 4792 4998 5288 4624 5330 5410 5070 4739 5315 5070 5174 4916 5019 5297 5068 5110 5453 5056
4189 4742 4030 4335 3899 4107 3962 3932 4008 4231 4457 4286 4077 4367 4308 4636 4096 4438 3918 4593 4726 4346 4427 4277 4746 4162 4239 4198 4326
1454 1349 2000 1815 1688 1323 1631 1860 1514 1713 1314 1675 1213 1458 1975 1168 1623 1864 1168 1263 1722 1615 1344 1782 1139 1503 1399 1482 1825
4967 4415 4640 4423 4819 4735 4367 4579 4443 4456 4725 4556 4488 4519 4362 4234 5055 4272 4265 4593 4512 4927 4990 4424 4268 4438 4883 4481 4219
3877 3993 3545 3658 3757 3783 3867 3954 3454 3223 3828 3552 3435 3809 4074 3735 3324 3295 4000 3392 3705 3387 3683 3274 3299 3860 3906 3610 4034
7195 6896 6919 6862 7493 6902 7521 7542 7661 6914 7074 6876 7590 7301 7550 6898 7501 7243 7357 7087 7396 7384 7277 7641 7438 7428 7532 6838 7693
4544 5018 4513 4825 4888 4539 4752 4456 5069 4942 4278 4901 4504 4548 5063 4299 4500 4979 4769 4294 4756 5088 5093 4450 4700 4839 4863 4397 5147
3982 6426 8495 3560 4176 7587 7213 5037 6110 4474 3257 5584 2727 3170 6393 5751 4620 2270 6900 7183 2243 2888 6387 2214 2894 3591 7377 3909 4742 8416
4458 6435 8419 3465 4374 6897 6696 5055 6013 4198 3355 5842 2895 2974 6741 5730 4862 2424 7058 7098 1817 2128 6264 2424 2667 3806 7535 4261 4853 7789
4684 7088 8384 3539 4027 7086 7344 4898 5858 4390 3841 5900 2638 2962 6578 5626 5088 2191 6946 6754 1707 2606 5957 2503 2334 3378 7527 4082 5450 8562
4297 6450 8727 3581 4378 7625 7191 4679 6545 4970 3586 5895 3183 2763 6378 5782 4598 2249 7733 7036 2083 2582 6463 2368 3017 3252 7732 4267 5000 8476
4129 6668 8798 3339 3887 6874 7253 5211 6437 4180 3744 5956 2660 2980 6724 6092 4911 2294 7408 6710 2222 2521 6044 2481 2741 3385 7819 4334 4931 7958
4720 6684 8311 3318 4443 7356 6937 5073 6580 4545 3418 5321 2464 2972 6625 5586 4764 1806 7258 7405 2044 2661 6613 2418 2749 3047 7298 3950 5424 8214
4414 6989 8131 3948 3953 7161 7428 4583 6188 4643 3417 5343 3129 2585 6007 5725 4703 2071 7222 7334 2168 2315 6236 2181 2147 3697 7538 4713 5172 7886
3973 6376 8162 4067 3622 7078 6930 4839 6241 4258 3188 5905 2956 3150 6477 6069 4610 2467 6930 7020 1463 2103 6536 2584 2272 3515 7065 4307 4799 8323
4019 6951 8012 3738 4394 7291 7120 5024 6521 4366 3303 5531 2619 3360 6376 5977 5189 1940 6968 6729 1674 2456 6296 2614 2145 3635 7141 4100 5220 8297
4736 6792 8760 4070 3946 7136 6623 5306 6064 4588 3851 5943 2821 2955 6356 5792 5069 1908 7075 6572 1989 2946 5916 2258 2681 3088 7108 4369 4849 8354
4691 6430 8078 3626 3668 7392 7441 5364 6529 4605 3640 5981 2538 2936 6454 6211 5234 2081 7027 6647 1850 2537 6415 2761 2819 3786 7528 4667 4660 8231
4734 6337 8565 3313 4192 7196 7437 5262 6617 4359 3410 6057 2370 2879 6429 6340 4750 1948 7762 6943 2193 2535 6591 2608 2907 3322 7761 4379 5027 8341
4727 6862 8747 3536 3880 7212 7464 4635 6554 4841 3881 6145 2614 2857 6710 5655 4731 1723 7383 7342 2288 2384 6186 2269 2820 3128 7036 3974 5512 8263
4265 7114 8481 3789 3714 7030 7380 4552 6175 4372 3761 5906 2597 2614 6002 6067 4888 1999 7506 6652 1710 2848 6073 2362 2352 3909 7195 4036 5404 7932
4166 6481 8860 3478 4332 7270 7473 4839 6512 4294 3835 5698 2357 3325 6151 6221 4692 2289 6917 6796 1793 2432 6319 2848 2729 3529 7367 4710 5047 8494
4680 7090 8291 3562 3915 7165 6858 5126 5894 4913 3460 5695 3132 2574 6222 6407 4628 2078 6997 7128 1936 2515 6421 2159 2495 3497 7508 4230 5438 7784
4043 6344 8423 3983 4335 7036 7413 5289 5970 4266 3399 5827 2987 3261 6017 5662 4788 1857 6973 6776 1498 2925 6511 2487 2459 3114 7760 4257 4853 8487
4720 6700 8059 3557 4222 7697 6731 4624 6408 4531 3211 5308 3174 3074 6127 6096 4708 1752 7487 6961 1529 2697 6193 2529 2420 3490 7739 3908 5323 8464
4142 6589 8168 3963 3977 7591 6834 4934 6242 4452 3651 5781 2568 2874 6406 6197 4670 2300 7202 6564 2050 2458 6492 2566 2182 3131 7456 4429 5193 7910
4495 6668 8357 4023 3917 6939 7024 4682 6459 4962 3671 5724 2890 2733 6107 5777 4485 2031 7751 7249 2283 2206 6580 2672 2278 3115 7382 4559 4983 7942
4027 6953 8165 3685 3743 6932 7448 5382 6356 4898 3563 5351 2549 3327 6383 6427 5148 1921 7093 6671 2064 2168 6475 2868 2404 3802 7862 4633 5025 8072
4616 6646 8574 3792 3964 6945 7372 5315 5872 4473 3431 5961 2703 2631 6489 5880 4521 2436 7757 6810 2283 2642 6226 2641 2319 3601 7861 4495 5082 8564
4200 6890 8020 3577 3629 7484 6604 5321 5794 4380 3355 5588 2451 2664 6177 5699 4504 2483 7255 6551 2055 2885 6048 2689 2987 3748 7237 4613 5485 8564
4052 6867 8402 3294 3701 7188 6612 4587 6577 4953 3904 6172 2846 2965 6714 6085 5195 2326 7398 7284 1612 2597 6221 2794 2792 3497 7576 4672 4896 8120
4405 6593 8713 3811 3790 7371 6644 4963 6276 4636 3268 5983 3160 2648 6545 5860 4898 2060 6955 7378 2026 2208 6493 2054 2327 3848 7643 4180 5497 8133
4687 7186 8794 3818 3703 7632 6907 5037 6351 5024 3510 5324 3182 3089 6757 6384 4939 1823 7422 7363 2109 2133 5914 2066 2240 3696 7480 4321 4771 8419
4558 6333 8328 4007 4212 7419 6601 5051 5933 4915 3352 5681 2717 3356 6012 6091 4864 2100 7351 7081 1861 2380 6472 2823 2678 3241 7592 4487 4998 8199
4624 6729 8259 3555 3905 7677 6622 4570 6256 4920 3048 5706 3077 2578 6568 6028 4789 2284 7435 7259 1669 2298 6401 2036 2948 3532 7835 4282 5157 8596
4663 6476 8780 3874 4053 7246 7204 4838 5825 4802 3861 5492 2448 3125 6050 6082 5117 2301 7253 6899 1873 2494 5866 2885 3002 3479 7465 4666 5316 7903
27 18 15 2 72922 1.0097986646084502
25 15 6 15 54702 0.9420675498996448
24 11 19 19 33641 0.925667347174696
27 0 4 21 82517 1.0089508727753818
28 14 25 2 34070 1.0605672605669998
25 3 16 12 39861 1.0259828046613264
9 23 12 7 29750 1.0973883153349355
27 10 26 29 42559 0.9672543375300683
1 4 4 13 27747 0.9197200271933512
14 10 27 17 49317 1.0096188504789183
21 11 3 25 59796 0.91427113800565
18 17 25 12 22994 1.0262964261825327
5 28 21 23 55291 0.9060530218778885
6 24 27 28 62827 0.9910982792962726
1 28 10 20 39388 1.0908735460917043
1 4 11 5 42371 1.0514835002843457
9 29 5 7 61560 0.9771421472428403
21 9 3 8 64972 1.0313021415820836
17 2 23 9 40035 1.066479968075225
23 0 10 16 65467 0.9460042219837562
24 13 20 2 34972 1.0519255911383842
23 22 5 8 70157 1.0158271413936257
22 15 29 9 43754 0.9386748812250293
2 29 24 11 86187 0.9576331777451925
24 24 14 18 41941 1.0615682452112591
8 16 23 16 38791 1.0797723787731741
17 27 14 15 50328 0.9795179016125282
7 10 15 18 37937 1.083127393823408
10 27 3 12 40033 0.9962716047900761
8 24 28 6 81100 1.0339563568945898
29 26 2 16 80267 1.0480769946788338
27 8 27 25 42799 0.9362649135363318
18 12 8 17 32063 0.9516680549694984
26 28 16 13 53011 1.0906947388095256
24 22 0 10 76324 0.9410749879204936
18 6 19 20 49118 1.0329891776962918
26 10 5 0 87848 0.9258174459751071
6 17 24 22 47703 0.9270056071807263
20 12 8 5 52033 0.942399399289345
17 25 5 27 47405 0.932874622823257
9 7 4 29 55140 0.9228790052108663
24 25 15 7 71002 0.9837927832590689
8 11 21 28 55837 1.0770084251328598
18 14 26 12 31044 1.080969956403622
9 14 3 4 39176 0.91579933110344
28 2 18 16 62575 0.907485433446264
19 13 5 1 68920 1.0502759785945939
17 13 2 13 44173 1.0286710946635045
25 27 6 9 73102 0.9824161733363534
17 6 19 23 59869 1.059789748644848
6 25 0 20 22292 1.017060756754126
27 7 20 16 40814 1.0349879562540787
28 9 0 18 81367 0.9725207465699046
18 23 2 29 57023 1.0873913269151425
9 26 1 1 75983 0.9811900572919009
9 8 3 28 57690 1.0059705124733946
25 2 6 16 70621 1.0700705722861927
23 0 6 13 74975 0.984728856576306
15 7 2 13 49987 0.9052628420859073
26 21 20 28 29151 0.9990146111229816
17 24 2 14 55409 1.0956806014324971
18 6 16 29 92708 1.0171227134495748
24 13 15 21 37805 1.0499939695205551
26 0 8 5 77494 1.0764107779683458
11 7 5 23 37273 1.0539767571189473
23 21 12 5 47857 1.070049750881354
2 18 17 17 35626 0.991042833310971
3 17 1 3 35423 1.0037566113627772
8 29 21 2 80233 0.9665490873353293
1 13 17 2 67841 1.0535330885374603
11 9 16 22 37075 1.0362339488464185
19 10 29 10 34963 1.0770869918753188
27 9 16 6 61389 0.9469239731773227
15 2 8 24 57732 0.9717812880467327
0 23 14 26 45069 1.0649605160593567
3 15 10 4 42750 0.900910927653675
0 15 23 17 53933 1.0876917474238277
0 27 6 2 67730 1.0803799823707152
6 20 16 13 32072 0.9412696337978096
4 15 13 26 36083 0.9909781469989619
5 25 18 20 37752 1.036771290606082
24 12 16 22 45087 1.089716403253849
1 29 20 8 93695 0.9577579452483573
19 29 20 5 63276 0.9823534729876837
26 15 27 24 24851 1.032040833572362
15 6 22 15 57919 1.0205514702781238
1 10 15 27 65227 0.9289988462810141
17 18 3 18 38617 1.0201452073484876
6 17 0 12 23219 1.0092751253979346
0 7 11 21 52869 0.9686238820918913
0 3 4 10 25806 1.0196351132027885
14 26 14 0 60537 1.0162605299438272
2 1 19 20 72011 0.9050063843282804
8 2 29 25 87017 1.0507419267139713
11 1 11 20 27005 0.9586376721163024
5 2 26 3 82957 0.9313855018338817
0 4 10 14 50724 1.0451944252660788
21 26 9 20 34379 1.0300027165181715
27 20 21 28 26702 0.9594021738820402
2 15 7 0 49124 0.972320251488524
9 9 29 9 72555 1.097265246732673
2 28 5 4 52407 1.0270188755799725
5 16 29 15 64115 1.0768056190010156
25 10 9 11 51591 1.0816671204406325
17 21 16 4 55074 0.9338095969583282
0 5 27 4 106709 1.006525353110632
12 14 19 23 32043 0.9292624806408721
6 8 21 28 75721 0.9493487157067664
29 23 2 10 78016 0.9642574068884923
17 3 19 20 51486 0.9592601193310618
21 10 4 19 50808 1.0173013038065977
13 20 26 4 50992 1.0960131479151372
23 5 3 2 86365 1.093879614608128
22 20 19 10 28130 1.0766001768492877
20 7 1 29 94572 0.9551152247597838
24 12 26 25 26190 0.9474735641685976
5 14 4 1 28226 0.9389778956549071
24 6 18 1 43867 0.9561096511657452
8 3 28 21 71479 1.076041785076809
15 13 2 22 44793 1.099565604961171
8 5 3 29 65731 1.03364275690791
5 6 10 0 38470 0.914453592083604
12 29 9 16 29120 1.0317701026794746
8 24 27 7 70611 1.0874251118771077
4 17 26 27 59995 1.0000372390269565
18 21 24 27 30126 1.0857517946111475
16 11 23 27 58352 0.9101345401877485
28 7 22 16 43145 0.9645797659703739
26 14 4 12 62969 0.9526549816979533
9 8 12 21 30543 1.043256999090187
5 9 23 6 80455 0.9911142271794158
17 6 2 27 82400 0.9083633679711033
23 11 8 28 68093 0.907176115301057
8 18 29 9 67439 0.9530136816179365
16 20 16 1 64181 1.0565627480801687
2 5 10 28 64759 0.9039444419171194
10 17 26 27 47955 0.9266091926888834
8 10 25 1 69313 1.0109588211137654
18 29 0 20 71637 1.060724564955787
24 28 2 29 85091 1.0159187966989662
15 22 26 19 38812 1.0495398972169947
15 6 0 19 65207 0.9463070309669508
10 23 26 23 40373 1.0590569354845087
5 16 11 0 42720 0.9587623487327246
24 12 21 27 35733 1.0244559386209655
15 9 21 17 41256 1.0991731453451126
9 0 17 29 81824 1.096574460416574
21 19 13 24 27573 1.041464412218381
17 8 10 1 45885 0.9255174213224548
8 4 1 15 49827 1.0625939399270914
1 14 13 19 43602 0.962352081720695
15 8 19 28 77256 1.0040270518862742
0 10 29 18 82224 0.9466898874113543
26 26 11 14 51142 1.0390128606102096
23 18 20 11 26520 1.0384559048152742
28 5 1 14 103382 0.9667686620840703
15 2 6 24 62151 0.9910242310675487
19 29 8 10 69415 1.0863030445247073
10 17 29 20 40642 1.0912666094720342
7 14 11 1 34382 1.036631081273672
11 7 23 3 50582 1.0010452339871758
10 9 29 15 61280 0.9337815558565759
27 23 19 14 39413 1.0645114424248874
2 25 24 6 83453 1.074349455336046
23 29 4 13 73710 1.064423005281317
4 10 29 7 88409 1.0309578217342907
9 26 26 0 81771 1.0704436202977552
5 25 21 9 63548 0.9837007495626336
9 7 29 7 83198 1.0909179091209176
21 5 7 3 56278 1.0563982825459208
15 21 29 22 39694 0.9129157166364302
4 2 13 25 54794 0.9754588730625527
28 23 11 18 41176 1.0725556808527992
28 23 14 16 45963 1.0958135584398478
10 22 29 11 61152 1.0286693019405577
26 22 21 0 54180 0.9903689410707524
28 29 10 3 89523 1.096940205501617
13 17 8 26 26695 0.9889810716903381
12 27 24 29 52830 0.9508039720805181
22 28 15 22 36646 0.9384510679674398
8 10 12 20 25858 1.0642821781889686
6 8 24 6 85738 0.9923129989493875
22 24 13 19 27981 1.0054472181210556
14 12 28 6 59470 1.0935580239783946
3 26 15 11 57679 0.9340367865952645
21 15 7 4 58485 1.0092993932357675
25 9 0 17 65043 1.091979150989151
9 2 23 6 69589 1.0673088582085832
20 0 28 17 51530 1.0367210430247669
4 20 16 28 48787 0.9154401441640093
9 20 22 9 47055 1.0894521106679043
2 25 28 13 74912 0.9210262183700821
17 29 24 25 41430 0.956617388503224
7 25 24 29 64681 1.0628854771845941
10 4 9 26 45245 0.9498243057260439
0 2 5 12 34897 1.0392300660913854
20 5 22 27 52460 0.909417585275333
3 0 17 3 56786 0.9080626881058863
5 11 23 27 74233 1.0698861441556653
28 13 21 25 36872 0.9758839461257606
2 16 19 28 68751 0.9149694663121957
28 0 9 16 79036 0.9044797890604811
27 27 13 10 64419 1.0069498129990566
13 15 28 25 52402 1.0895878478120014
15 1 4 1 55596 1.0940528450520932
11 10 28 17 45300 0.9830907452376376
4 27 29 0 101715 1.0688380747154784
15 7 11 0 28237 0.9348499976446194
13 13 28 1 72301 1.0427731431918281
5 8 19 19 57753 0.994276998324909
20 26 3 0 86108 0.9563982092627196
25 16 5 14 56301 0.9336666371500864
23 16 10 26 46476 1.0679672313798643
16 5 8 3 40218 1.0419451207632475
4 29 24 2 88706 0.9986024698709721
3 11 13 24 43767 1.0932163260655243
3 8 17 25 64027 0.9180991928524967
13 12 4 17 26454 0.9578512252618085
16 19 3 20 33326 1.061612734710284
7 14 2 25 38126 1.0013036690522337
0 16 28 25 75112 0.9180066217781574
0 2 18 23 79332 1.0426616912011537
15 6 4 15 54250 1.0640689951090776
13 0 19 20 48699 0.9692547827081204
21 20 22 3 35703 1.0159408496507414
28 19 17 1 77110 0.9696325241253608
10 11 4 6 28240 1.0100657227712262
22 2 26 18 44748 1.0541756495987074
7 18 26 18 48409 0.9726882971518818
27 3 15 1 59603 1.0485457934988298
18 9 10 11 36056 0.9044582813045259
27 17 9 12 45388 1.0223265455634016
3 11 23 29 82643 0.9286242835797007
6 18 25 1 73390 0.9932181019629025
10 5 23 11 53026 0.9264490594507385
14 8 16 0 40595 1.090224734188454
27 24 13 0 72403 0.9741990579714085
20 0 1 8 96026 1.0792769718560697
20 12 7 3 53750 0.9314785376940518
4 9 18 4 63057 1.0239042849512352
1 28 0 12 51387 0.9104175520773562
12 1 7 22 44500 1.0021775684148757
8 10 17 26 54078 1.0195684462942736
16 9 26 28 66229 1.080867338556603
18 25 8 8 58182 0.9952993432514164
7 0 10 13 38408 0.9558160175331438
3 8 5 22 33930 0.9274959907023657
12 9 16 23 31997 1.0536783866315818
19 28 5 12 69352 0.9435133459757467
13 23 15 8 44247 0.9354150417425382
19 17 7 23 34481 1.0104243061288647
0 0 29 9 116343 0.9997261984963683
4 23 13 20 22273 0.972905824494501
2 0 28 19 94188 0.9989228732320884
3 23 20 2 78355 0.9680036120341817
19 0 11 27 72377 0.995970719622927
3 11 15 2 60286 0.9114406961673842
4 7 17 22 54417 0.9468338123764326
6 14 28 4 86952 1.0014951855972452
26 14 4 28 69073 0.951309517959235
0 9 17 15 63828 1.0863931936788085
3 12 28 3 86681 1.0634741248282962
1 3 2 24 49213 0.9138871213388619
16 20 21 4 39184 0.9668624076304803
13 4 29 3 62584 0.9004325462766825
1 20 3 0 41655 0.9205536156267252
5 19 15 24 32462 0.9871773031255037
29 11 20 27 53676 1.0465046707661974
4 25 6 12 25250 1.045879278893046
26 9 16 12 35054 1.0091994499232817
14 3 24 21 60938 0.9837451248201194
1 15 19 26 68776 1.0575660729606229
8 19 25 1 65293 1.0694487372339432
12 8 2 1 53840 1.0485203176882032
28 10 6 12 65360 0.92223633231807
11 27 6 6 59790 1.0520032251540223
9 26 18 17 36071 1.0093884646571116
9 26 9 3 50584 1.0800595294829962
6 12 27 5 76851 1.0700519043256873
12 11 14 0 25543 0.9124807905902902
14 26 4 8 54552 0.9597918827601755
25 10 6 7 72472 0.9942418419657256
1 3 6 14 41536 0.9996764130956943
4 25 7 13 27124 0.9738304096104422
21 17 10 15 26280 1.0080094935559791
2 3 15 9 59054 0.9041577734720555
12 14 22 8 41575 1.0100810164220002
28 15 21 1 54043 1.013938037375467
12 6 8 29 49191 0.9115109691102852
28 16 8 27 66017 0.9158506509604514
17 0 22 27 72311 0.9398007297390978
27 13 7 29 78669 1.0320839829563198
26 22 11 8 52134 0.977252365954508
15 16 18 1 68162 0.9960749315747381
23 26 3 6 83700 0.9815159454429574
1 27 21 22 60624 0.9040564094172046
29 12 1 5 100066 1.0797718578925692
10 20 20 18 27622 1.0407510852322237
3 19 19 12 52922 0.9029258468050622
28 12 9 10 57104 0.993799621705251
28 19 11 28 52403 0.9962178106635975
20 10 9 21 47354 1.017277585973156
24 15 1 29 86069 1.0128427714064971
20 15 11 6 42083 1.0437751427651873
22 11 19 21 28678 0.9610622715262661
3 13 19 23 50885 0.9076191170599103
7 1 19 10 62620 0.9979912580934235
1 19 16 11 55849 1.0117240677242532
27 26 5 25 67398 0.9347462036088479
13 10 11 29 33607 1.0492671314383737
17 20 1 18 40386 1.016807359784824
14 11 8 1 43048 1.0829836467771945
19 28 19 0 70708 1.0418940432952775
23 13 14 5 53382 0.9665322196495592
12 26 19 11 45445 0.9469158865286345
0 16 5 24 25300 1.0718196009538286
7 10 15 16 38247 1.0545672363235794
9 15 3 29 46848 0.9684354441782322
12 18 11 0 28842 1.0166357044031686
22 20 14 22 28516 1.0921196200254963
16 0 26 2 49870 0.9926030487579329
9 18 18 14 41382 1.0981574123455424
24 21 9 0 67432 1.0326106376768787
4 0 29 27 100741 0.9645911036801026
0 1 25 16 88572 1.014402388982892
29 2 10 0 80473 0.942824155710861
8 5 29 14 83651 0.9140678438642874
21 24 9 13 42560 0.9834005590773982
25 7 12 20 44935 0.9825764789179761
0 24 27 0 97790 0.9489415153950187
14 8 1 8 62579 0.9995049671662203
4 12 26 19 59548 1.0522162185127344
18 3 14 16 51058 1.0417471056161267
19 29 3 25 63198 0.9557427500865472
9 14 18 10 38667 0.9476901777583747
24 26 7 17 55057 1.030300186170372
11 26 8 2 47144 1.0362514785804946
3 1 13 10 53099 0.9127348103507494
18 22 0 18 52880 1.0147202786783163
7 3 25 2 68864 0.9231700842703671
26 3 26 14 27172 1.098947685116086
2 21 26 27 62217 1.084077318967499
11 20 26 27 42145 1.0659482156217948
18 26 7 20 43318 1.0921043988617436
1 27 18 1 98110 1.012041811118359
19 0 29 20 61432 0.945816788986093
19 17 8 4 47106 1.0416553169258964
28 12 13 21 45934 1.0598157094779226
0 2 8 17 48551 0.918125746090464
13 3 7 17 34591 1.0448838075157547
29 2 7 19 85127 1.0586924456898699
27 2 16 12 51231 0.9279985782651647
18 5 5 9 70126 0.9177662371357708
15 19 4 23 32552 1.0917299978007324
27 25 12 27 45560 1.0228220204035254
5 7 5 27 41030 1.0262608231940276
28 3 21 25 54975 0.9111374968778196
13 29 7 20 29027 0.9617086302564913
6 20 17 18 29296 0.9586007692787227
5 15 2 3 32943 1.0618128176591484
24 20 4 2 67500 0.9020331923071409
2 20 17 20 28618 0.9609124931292903
21 0 6 14 73953 1.0933214577493326
4 11 8 1 33839 0.9319723884973901
18 8 5 15 68752 0.9838884586492178
0 1 14 10 67542 1.075184578295687
11 7 24 9 53285 1.0895915876861408
24 14 15 8 53248 1.0031287552096644
11 8 11 21 17318 1.0348140189846622
6 26 24 10 77196 1.0074011146417428
2 13 10 23 33582 0.9414368314102745
0 4 18 5 78731 1.087583548535268
9 23 22 27 40454 0.9222169613788456
12 1 4 29 56455 0.949895909639149
27 12 20 23 34258 0.9798032621470777
23 8 14 15 54904 0.9635392138592829
5 6 15 24 58575 1.0966211767994474
8 8 25 17 54666 1.0681514070319515
29 15 6 10 73051 0.918423541589875
8 6 29 21 73769 0.9195841034150755
18 7 20 25 52405 0.929722005588915
12 9 17 21 31479 1.0261101121527236
28 13 7 2 82185 0.9538447400699375
11 10 0 22 40610 1.0191249789799874
3 18 21 13 49948 1.064514598966495
6 9 20 15 58030 1.0057395770834974
5 22 16 0 69163 1.006789598887695
4 29 6 13 30399 1.0437218020317607
10 16 22 12 36655 0.9123228866373647
11 15 6 28 41808 1.0229368034508672
22 16 10 11 37552 0.9472014452513168
16 1 5 22 76611 1.0899071084769618
12 16 0 24 37343 0.9817578491322204
12 14 26 8 51753 1.0275696705668311
26 0 26 15 35053 0.9202806192412535
20 26 4 15 57358 0.9355048146282652
20 0 18 13 37374 1.0716709005543226
27 16 7 22 54187 0.9773765818365243
24 11 21 21 28702 1.0328107284011474
21 25 2 23 49452 1.095468984423766
18 8 5 21 65259 1.016951572856168
16 6 29 13 65757 0.9740883399460439
17 23 1 2 75448 1.0562956880215515
14 18 10 11 23367 0.9789744511089037
4 29 24 16 62248 1.0922699077081033
8 27 24 7 74457 0.9821836210257358
4 11 19 11 46381 1.043828686002747
4 3 23 4 72739 1.0633576736401325
10 9 22 6 53850 0.9919334360958248
23 14 13 24 49311 1.009195835920501
13 9 24 5 57552 0.9774043245501521
9 22 4 3 45488 1.01980475951411
8 5 6 14 37154 0.9108373472851129
28 11 15 13 45121 1.0858593601817947
17 22 0 29 63586 0.9055525627630432
15 25 20 8 57198 0.9012899332467792
8 25 5 18 29008 0.9649911986963104
0 21 2 9 37250 1.0217848727869896
11 26 24 0 71790 0.9940323607855567
18 14 12 1 42461 0.9703813773447847
3 21 24 19 47353 1.0045367008400696
15 12 9 18 25882 0.9406695601901879
27 5 15 11 60031 0.9059670849890805
3 4 14 28 68225 0.9616138370374636
4 8 27 3 86399 0.9189028779765143
9 22 4 16 24305 0.9842364394183291
19 8 22 22 43607 0.9516071372752177
10 13 26 1 67638 0.9629265600652144
19 7 7 13 54399 0.9615951992592258
9 29 14 21 32039 0.9737129368841595
3 13 9 23 30000 1.063717569902277
13 29 24 1 81192 0.9246308895498373
7 16 14 12 27229 0.9435630511212325
5 13 15 5 52442 0.9053414266931825
11 25 26 3 65066 0.9461523378920029
6 2 11 9 37412 1.0362123707211661
26 16 29 27 39117 1.03458156861014
28 26 6 7 94536 0.9263787385916175
3 17 12 5 36316 1.0133048370336597
10 25 8 16 21145 0.9811911106653473
7 2 26 7 82848 1.065815898363137
20 16 29 0 60518 1.0402686718108236
3 17 8 28 34401 1.0000739766933981
2 27 17 20 44562 1.0089084966372388
28 6 3 17 82109 1.0866286665598541
4 21 25 28 54190 1.0800464447595706
13 25 23 8 61536 0.9445904830634447
24 26 5 9 77608 0.9222111254132854
4 1 4 13 19910 1.064079639093383
27 22 15 5 78808 0.9189258305067359
26 2 26 17 32251 0.9290816530924969
4 4 21 19 58955 1.0432898600824119
23 21 0 19 50894 0.9294574115307728
28 22 15 13 54745 1.020416744208831
26 6 6 6 93447 1.0119571300929813
20 4 16 29 81440 1.024501471351229
3 6 19 5 74859 1.0104057349407576
12 13 27 15 44118 0.9109914185312716
10 4 9 13 20358 1.0461961543306677
17 12 6 26 58576 0.9801376476735756
29 17 18 1 66709 1.076518201578512
15 7 5 3 46352 0.9949161690507156
19 5 18 24 55840 0.9852640160136567
10 8 18 16 37754 1.0599539802829072
27 24 9 8 65456 0.9952122667518838
26 14 13 1 67359 0.999923757350225
4 10 13 26 44153 0.9742650264945573
4 17 10 10 25848 0.9047228322774878
6 14 26 3 80765 1.0814490815833786
4 25 20 0 81343 0.9140308838343171
15 11 7 23 42557 0.9164329385346373
20 0 3 14 81323 0.9384548419860448
3 13 5 3 22554 0.94484101199586
8 12 13 29 40661 1.0792882767010845
12 9 6 25 40691 1.0655072123487368
6 25 3 14 29444 1.0574653548265558
23 1 12 14 62876 1.0118877699410411
11 15 21 21 27924 0.9811810362567192
23 19 15 9 55984 1.0369592422526723
1 17 22 19 51524 0.9598644342632636
22 19 6 14 57096 1.0307060462335933
14 5 2 24 61619 0.9048441082808183
8 16 28 12 54180 0.9225656696248824
25 7 17 0 43826 1.0823013155457295
27 8 5 28 86446 1.0554105005248915
10 22 16 28 35626 1.0663914046165128
9 2 12 23 44016 1.0698762998852729
16 25 3 9 58989 1.0958965377928258
16 18 29 16 40303 0.9632950378576975
13 16 7 10 29439 1.0956609893716844
5 5 11 9 37058 0.9755712836497146
1 21 21 1 76711 1.0298019919994374
19 27 4 15 58501 1.0940521510048884
13 27 0 20 38181 0.9853814958113053
28 11 23 29 54324 1.0659585975907124
21 12 28 5 43191 1.0163224672534672
26 10 4 16 59112 0.9366063831282451
1 8 22 16 72168 1.0400271101313714
15 15 0 20 45923 1.0121065800928666
15 4 21 29 70338 0.9373993495624338
10 3 4 28 53753 1.079798731535822
29 5 11 23 77120 0.9543526074233988
23 20 27 27 22950 1.0890061765301926
22 20 16 11 38517 1.0192476173092822
22 13 1 22 60982 0.9323670568424184
3 11 29 9 86681 1.0763521987923677
12 20 1 4 53927 0.9693839654002111
17 16 6 18 35394 1.0866734373061628
15 14 11 2 34658 0.9254189214288637
17 2 10 25 59225 1.0114807282186842
17 7 29 0 65091 1.0925709775347472
0 13 26 5 87875 1.0375742496838736
9 27 7 14 41915 0.9181879904159803
28 2 29 14 50741 0.9516930841052744
9 7 15 21 39312 1.0749567064695837
22 16 20 5 32354 1.000610376273562
1 16 18 0 80263 0.9391994883626218
11 16 29 23 47066 0.9143165425096152
2 27 27 18 71826 0.9189936945382124
9 27 19 9 62075 1.0314943644022367
0 3 19 13 72939 1.062573978952951
4 16 11 6 31575 0.9453705943254987
15 4 11 18 34810 0.930594961204157
10 23 26 16 45527 0.9340494545072526
23 10 1 22 70741 0.9971814966967512
14 27 27 24 46583 1.0879611362285915
13 6 29 20 60015 1.0681027258117188
18 19 8 11 41846 1.0863540972559593
27 4 5 17 69546 1.0947440255616085
11 2 24 19 55450 1.0068865077958566
19 0 15 24 68111 0.9651121377889598
10 8 26 6 65071 1.0522333006594475
3 26 13 6 57047 1.0434306793406165
11 7 13 16 20454 0.9043847598143636
15 18 3 28 49477 0.9607098541952499
9 20 28 17 41661 1.0873321873762538
15 18 0 21 42756 1.0553166988730738
26 1 0 8 105942 0.9668467879599605
28 9 11 17 54634 0.957517126247299
0 0 22 9 93500 0.9717193442319035
27 29 3 12 81818 1.0168351478290234
21 20 11 9 34235 1.0652769158997295
20 3 2 26 87074 1.0139845407764425
19 15 28 12 35477 1.0124648260422533
3 22 25 26 58518 1.0668333786084527
5 6 7 15 36572 1.0968787718094348
18 15 1 12 58636 0.9315672078819536
17 22 12 13 30197 1.0157330733922678
16 12 18 1 53772 1.0272791563751769
12 27 0 20 34207 0.942007736242527
11 22 6 4 45207 0.9759048733652781
15 27 25 1 76616 1.0212251212596357
0 24 11 12 40789 0.998475431796666
25 8 9 23 54876 0.9337741899600838
29 13 12 5 59616 0.9371520292538191
20 10 23 20 26514 1.0493673639772674
23 13 2 18 56781 1.0604329174147957
4 4 6 21 32201 0.9310348064327229
13 7 28 1 77009 1.053592723812827
19 6 29 4 46656 0.9228738156853123
8 10 2 29 56429 1.0143091847050145
20 9 12 3 43820 0.9564887831581341
12 18 5 12 27157 0.9718713786616711
2 0 19 0 75140 1.0370077257026482
21 3 12 2 35221 1.0830560316470361
3 0 7 16 42128 0.951959777924357
11 1 17 27 61159 1.045821246745044
26 8 1 3 95650 0.9871070984350471
12 9 23 15 45369 0.9982955955569549
13 17 28 13 40779 1.0411956316345137
23 7 21 20 34887 0.9409974288674252
19 9 4 10 55367 1.020244921672939
3 5 28 18 84193 0.9407540887986987
15 0 3 14 61718 0.9100172173492707
1 14 23 16 64938 1.0829654181751696
8 17 6 1 48037 1.0855904614428298
28 12 4 23 65820 1.0582694318687005
7 4 8 29 66385 1.0935698962002713
27 10 17 1 57377 0.9881465389734443
26 8 2 13 75636 1.0105661849562595
18 0 23 24 63321 0.9869732470701226
23 15 24 6 32942 0.9226720745980614
17 19 26 13 34653 0.944977857612709
18 19 26 25 32833 0.9729340376222493
4 23 20 7 65899 1.0676912158333742
8 16 4 0 38584 0.92696403160316
12 1 22 22 56684 0.9190152928693827
2 5 19 14 74293 0.9792443530968666
3 19 20 13 55301 0.9171450484195087
2 25 29 19 67176 0.9622688936103754
8 22 2 1 56909 0.9528094983172746
16 7 0 11 62164 1.0782090916591212
19 26 18 2 71211 1.0733081094973673
23 26 14 22 41080 0.9234603219990961
11 12 25 2 54931 1.0786350031807928
9 16 28 23 51846 1.0446295883200782
11 7 7 23 32674 1.004892279133386
6 29 10 7 64825 1.035306805332871
29 7 15 26 82519 1.07760487834717
26 11 2 26 79055 0.991455890537738
10 25 19 6 65193 1.0770476833403344
22 9 1 19 67520 0.9504514869425675
20 28 27 7 57653 0.9808042144709626
17 17 24 0 48487 1.0816992537161276
27 23 19 15 35122 1.0282643616753986
27 14 19 1 55642 1.0595194187863515
8 23 4 29 19152 0.9924800850808951
27 9 23 25 39753 1.066963901913526
14 21 18 0 64596 1.055269119591034
26 2 9 11 71593 0.9762261574163575
20 28 3 10 71489 1.059310474131015
10 8 16 13 25544 1.0253275394993355
24 25 24 11 30628 0.9399698765204271
24 14 28 0 41433 1.0942928192355748
23 23 16 15 39619 1.0138983928314034
2 21 20 20 37352 1.0819237801957577
16 26 7 20 38439 0.9867129978417957
5 27 15 26 48728 0.9125414036628029
2 1 6 21 50260 0.9196381887466327
12 27 29 3 77400 1.0761133095028368
21 21 3 2 69908 0.9340209690850461
14 26 13 12 36250 1.0363672934078203
7 25 4 0 49890 0.9413321250450059
19 1 8 2 51255 1.0487706120848033
20 13 12 22 36259 1.0500992604667243
16 22 18 6 67135 0.9092472153828038
22 12 28 18 29344 0.9224441298760676
25 9 25 26 25539 0.9996969669946125
22 6 3 10 72008 1.0724934979277954
26 0 9 22 74766 1.0684050189592373
15 6 26 5 62045 0.9972561885032494
24 2 28 15 43943 1.052965907007757
3 25 12 26 28502 0.9205199656844355
13 4 26 8 60092 1.0677147665424185
7 12 4 22 23138 1.0378429470030264
10 1 26 25 70263 1.048824654330433
21 5 8 1 57964 1.096972657658093
5 25 28 20 57764 1.0565769959122862
12 16 28 8 58985 0.9165625462592648
20 23 16 29 43049 1.0792586897938747
20 18 1 23 50859 1.0010908195917865
4 28 25 13 63774 1.0965808025402102
5 16 19 27 59127 0.9425423598481409
13 27 7 19 28696 1.0199382679353677
26 13 13 10 42459 0.9649015652418512
0 7 26 2 106633 1.0931538746566158
10 0 3 26 63463 1.0175275810749689
23 6 21 20 39603 1.0681675342063133
19 29 10 26 47400 0.9636998980398777
29 24 2 28 80620 0.9847528167856018
25 13 19 27 40697 1.0965028500381753
10 8 23 5 64662 0.9641208270297033
16 17 24 25 34440 0.998863934262206
28 3 14 16 63883 1.021846712036813
29 0 19 17 58562 0.9991334223835178
17 17 2 12 39958 1.0089681408691582
7 14 26 26 67781 0.9563080749848105
29 24 24 14 32937 1.0223271409073877
24 18 28 9 31929 1.0555906981337586
14 29 19 6 82878 1.0768870431794708
2 25 14 2 68233 0.9901334807569423
6 14 23 17 51820 0.9078714032704094
5 25 14 4 57533 0.9919216228730281
22 0 11 23 65101 0.9240387017100115
6 27 27 28 76399 1.0381867111643133
7 4 25 0 73107 0.9529353636559101
9 27 24 29 63582 0.9549088630954794
24 3 6 6 81081 0.9606079032074352
6 4 13 29 64515 0.9023843335052923
18 8 1 8 82031 1.0673935824355414
7 27 22 15 59985 1.0069338798716043
8 3 0 28 70243 0.9836259178980129
23 10 26 3 22534 0.9454519913492744
22 21 26 8 33711 0.9455304990127321
27 12 13 8 48808 0.979705600155202
23 9 18 18 36726 1.0778997110630368
20 6 3 8 78247 1.0358168682766076
19 25 20 8 45027 0.974828379350232
21 6 2 10 68477 0.9950270763111938
26 23 9 13 49354 1.0057608416767247
27 6 17 2 51284 1.0465034166230018
2 1 25 4 95859 1.0776130057780242
22 13 22 0 31660 1.083249283207097
11 17 29 27 59309 1.073138767871047
3 6 8 18 36541 0.9607235414407771
11 24 24 28 46491 1.0570589860448443
29 1 7 17 84354 0.9980977012321639
21 19 1 21 43312 0.9288044553083097
0 13 0 0 38919 1.017700333950056
8 20 15 1 54620 0.9015593479286128
26 0 16 7 56535 0.905353240863219
16 27 7 3 69590 1.0750589870347103
9 12 5 5 32374 1.0681917554167861
17 10 9 16 38503 1.0882526949324003
25 8 10 27 59414 1.0851921225408867
27 27 22 21 25280 0.9597999127176313
0 1 8 3 35262 1.0701887864549435
18 14 8 24 49465 1.0072235502968785
21 23 1 28 65663 1.052549050897282
7 6 16 22 63823 1.0515093798495214
28 2 2 12 96238 0.9284629206000239
11 29 13 2 46497 1.0645523399821286
20 15 26 26 39097 1.0513006266596832
7 25 25 1 76548 0.9950106740341732
8 25 7 8 51532 0.9487815486746611
5 2 2 11 31693 1.0163213544903011
11 21 16 14 32176 1.0851841463969705
12 28 3 24 29933 0.9802020775638586
22 3 18 27 62334 0.9955486909694429
3 11 8 17 23708 1.0874029705899635
17 2 22 24 61699 1.0314510567304251
5 26 27 14 76959 0.9544575656814205
5 29 21 29 66720 0.9857953556079088
9 18 28 2 78513 1.0924076136527199
3 1 13 4 44461 1.0666093754994035
20 18 2 7 61847 1.0656115716011694
13 14 0 4 59194 0.953054314776121
18 27 3 0 87520 0.967117390993735
28 14 1 28 94477 0.9475684381318917
25 26 2 17 58715 0.9624695948071815
27 18 27 4 35288 0.9335820823712693
15 7 20 14 48885 1.024800733374487
19 8 28 9 43856 0.9430061237902143
16 18 15 0 54942 1.0394641736697081
2 0 26 2 99630 0.9973227761441896
13 8 0 13 46275 0.9144551970277454
1 9 14 18 52974 0.9461922553568329
17 21 28 2 63762 0.9813840669462829
3 13 14 24 39949 1.0037525415300186
20 2 12 4 35270 1.0331948413397707
18 24 18 0 64879 0.9590331767408964
24 2 6 1 82134 0.9882899951300792
21 27 11 4 55235 0.9371105310585162
26 11 15 8 55613 0.9390141192641175
4 3 0 15 34495 0.9716063173174077
3 23 20 11 59893 1.0937803947879525
17 1 11 18 51755 1.0135878744006923
7 2 0 23 56015 0.9909642652550589
25 8 14 28 65774 0.9343632705312155
3 28 14 19 44110 1.0477881488630785
28 6 28 28 67297 1.0648606275844372
25 24 11 26 38653 1.046718585711341
2 12 25 26 67772 1.0043129788278273
23 1 19 21 55640 0.9715655464640907
7 5 5 19 47843 1.041800992522112
22 5 16 10 33850 1.0409034360522955
21 8 14 22 48633 0.9159723566726493
1 10 16 28 74937 0.9287566404997387
18 3 7 14 55670 1.0277629273794842
25 14 21 7 23359 1.0618223364214212
27 15 8 16 48749 0.9930083722441819
28 15 19 5 59053 0.9703915278891531
28 20 15 16 37871 0.9476478553016949
22 28 5 17 55184 0.9457152417095984
1 20 4 1 36094 0.9054804250745033
10 16 2 6 45123 1.078186595027693
9 15 28 11 63971 0.943379249086094
18 23 2 21 41641 1.0267054791781414
27 8 18 5 52015 0.9249906406459073
27 16 4 0 78328 0.9710822766024426
11 23 20 20 21869 1.012690224688387
1 0 19 10 81531 0.9467966643750778
16 12 22 4 33169 1.0143612908073405
28 26 21 4 63235 1.0016922711229685
17 6 27 15 60524 1.085269145738853
2 10 14 22 51360 0.9891378799624357
10 21 2 29 40762 0.9403184255908701
17 28 10 4 65022 1.082964904710782
17 24 5 23 31391 1.0028908594024546
17 25 27 11 50990 0.9239373925379873
26 16 16 24 38505 1.0888178713258438
1 27 13 8 61717 0.9187210425384861
24 23 17 19 26976 1.0646083093032432
6 0 2 16 44440 0.9762060799084167
24 9 19 25 45317 0.9561994032117542
20 19 1 17 46698 0.9099299513884092
8 10 2 3 32548 1.0878493950425299
18 5 2 29 96846 1.0500104746461267
2 24 6 7 41983 1.0071300935092427
1 21 23 15 61211 0.9371879803054871
15 19 7 6 56399 1.0629214595394714
19 4 18 23 51309 1.0487315703023379
16 24 0 20 39683 0.9317948780166116
3 5 1 25 49859 1.0467863353294966
20 4 14 10 39680 1.044486392798768
16 0 2 23 71412 0.9949456522535921
6 15 4 0 36131 0.9751928430427742
14 20 7 29 40576 1.0993539559327146
12 13 18 19 29399 0.9959263695400492
27 0 7 26 91982 1.0230405353022007
1 5 5 20 45395 1.019768085724961
11 12 28 5 70429 0.9177036608877984
10 19 7 1 49858 1.0198528811787901
17 26 1 2 86821 1.0835748868403108
19 1 14 10 52158 0.9343538543956255
16 14 16 4 49081 0.9454426034850884
2 1 1 15 51981 1.057449274406749
20 25 10 27 35412 1.062462012742254
7 21 18 13 39607 0.9890699794291866
0 7 2 23 47426 1.0880557578066286
29 22 15 5 85301 0.975850712212183
10 24 1 26 31626 0.9728874911593006
25 26 3 13 63175 0.9501576987855189
15 19 9 3 46648 0.9358533148257939
1 28 18 10 78627 1.000199473313082
11 15 14 26 29457 0.9980658242289049
28 17 5 26 68110 0.9553392707626209
3 26 20 14 64555 0.9522007103704944
15 18 9 22 30233 1.0347495241998572
13 12 2 26 48620 1.0601605419092524
11 24 9 5 39360 1.0867132709128693
18 26 24 9 55800 1.0482131515653352
3 15 14 9 45748 1.0681192394820707
4 4 12 17 37620 1.0953745278989686
15 3 26 18 64653 0.9402887722643907
12 20 26 4 53280 0.9297135927789927
23 20 5 21 39002 0.9394774597045206
15 21 9 17 19170 1.0928672901162337
21 24 15 14 45597 1.079522748766881
2 3 13 9 50388 0.9857729176949237
8 20 17 0 58305 0.9341743242156255
3 12 9 1 45472 1.0476354355395352
21 16 0 14 54160 1.0154317061400113
19 3 1 9 78788 1.0996556264351849
8 26 19 3 71551 0.9229583328831461
3 29 21 24 58637 1.0986180023249432
4 29 20 9 70921 0.9825382521868669
27 14 14 5 69000 0.9430898994299195
6 27 24 1 94913 1.0261428353052993
5 28 6 4 51331 0.9950879701407995
9 28 26 19 54543 1.0432768838994737
16 13 18 24 43071 1.013392750279634
3 10 13 28 51852 1.004007351273903
22 16 12 23 33516 0.9281478173838265
29 21 2 27 71491 0.9384900465115767
28 29 6 28 92564 1.0778139634572796
8 4 26 10 69154 0.9861862198220033
13 2 15 20 38661 1.0538969747777502
2 21 22 4 72270 1.0088818652625433
7 16 3 23 21710 1.0840834125169918
8 25 6 11 43753 1.0813954775083048
15 17 1 2 61084 0.9628531950203232
20 23 19 10 34498 1.0888192061697037
16 2 4 11 59186 0.9866450141927333
29 3 12 17 64479 0.9832937083486508
9 3 20 10 50424 1.0908663441853594
14 17 2 7 45474 0.9955609619491381
1 16 14 5 59361 1.041547198523892
21 12 9 0 54877 0.936111204424144
17 29 12 23 36638 1.0318236079517964
10 10 15 23 30905 1.0126214901809831
26 11 19 15 33500 0.9337713352126591
18 23 10 17 27379 1.0674861789980126
11 7 2 2 44168 0.9819010289959674
20 13 17 1 46726 0.9477242441458307
3 8 19 15 59661 1.0186913561843625
4 2 15 25 62232 0.9035052279317153
25 24 3 17 53882 1.0642372942854668
3 9 14 21 44486 1.0264528217625501
1 25 28 11 86065 0.9801248676673907
8 8 18 25 58182 1.0477316382284423
11 10 28 10 54284 1.0109562241643055
4 10 3 0 20680 0.9358203099800942
10 11 12 26 25947 0.922340424466399
22 27 8 27 51238 1.0422643769453428
8 9 2 26 51441 0.9535696186562004
8 10 16 22 45849 1.0428177479847682
6 11 12 28 46017 0.9064521589940999
17 2 12 8 30506 1.0304790820221335
23 13 12 14 33316 1.05812398024674
15 29 29 22 71513 1.0423197599621101
18 24 3 0 72760 0.9325015123071465
1 1 16 12 68197 1.0726310178076086
25 28 6 6 88373 1.0435374089500742
11 14 27 6 62975 1.0303143226422342
2 8 8 20 38872 0.9398859113253217
2 2 22 26 90480 1.059388127183087
29 0 18 5 58207 0.9829191865587777
6 22 22 15 54308 0.9523749921275323
17 3 22 24 57387 0.948093534313053
15 19 22 7 47702 1.0814797054530405
29 25 11 4 71751 0.9018643314151538
17 5 24 14 49694 0.9366621092273371
0 7 10 23 55453 0.9203222404157063
22 16 8 28 55067 1.0116631081396548
14 20 2 12 37538 0.9780297276896693
26 6 12 6 60957 1.0866430243463612
3 17 20 8 60317 0.9947428073846935
4 23 10 19 17648 0.9709754660666167
22 18 6 24 48511 0.9219068583290044
9 19 26 13 49601 0.9084441811181018
3 8 10 16 35566 0.945860418601133
9 23 16 20 19528 1.003120431505974
22 14 5 0 78081 0.9966303476110372
24 16 29 7 38284 0.9032089122906934
5 11 0 5 36520 0.9679518457586234
10 3 21 11 46351 1.0522862092086482
22 9 8 26 62511 1.0513807388344933
10 12 29 8 67707 1.0091613619058482
7 1 21 13 66075 0.9392152057772584
19 4 7 8 62026 1.0864168305524842
28 18 15 23 46785 1.0376998966927748
4 2 12 16 42380 1.0794255965866004
17 16 12 22 22952 0.9419409188538514
19 14 10 8 38782 0.9697074700965496
8 3 17 19 52187 1.0081221868910364
22 25 29 20 26207 0.9411898883685108
15 15 29 22 55350 0.9549690577170067
4 21 21 13 46367 0.9178901190174017
27 18 12 27 47243 0.9212711430172568
10 16 27 0 69705 0.9967870612378746
19 11 6 15 53636 1.000409922733707
11 3 23 12 45952 1.0435511398173554
13 28 29 10 70914 1.0834145055870994
17 12 16 21 38720 0.9853366443639989
2 6 7 28 62726 0.9513804765012809
27 27 18 12 50018 0.9706607551404193
23 24 28 11 38471 1.018194231647565
13 5 19 27 65437 1.099367431034843
8 29 14 16 42944 1.042814523223674
27 26 0 3 100303 0.9305948805422732
4 20 0 26 22486 0.9443307186579929
20 9 1 3 82031 0.9711060104752853
18 24 25 19 24032 0.9217537886398185
21 18 13 10 33885 0.9362542976432507
19 26 11 15 40818 0.913393407605127
23 21 10 2 56250 0.9551667745773589
26 19 21 3 46145 1.0593902339805465
4 14 28 19 62080 0.9557934993026622
28 13 8 14 58969 1.0993534991635971
19 26 20 16 31730 0.9946589638639135
26 22 8 11 57839 0.9197099345400571
21 3 0 15 75772 1.0387426794325976
22 10 17 1 41226 1.0352340398095445
22 1 13 16 56539 0.9565310778665648
17 0 20 14 49615 0.983501401752878
16 24 29 14 54313 0.9602503198694379
23 12 1 7 74195 1.0661899446631995
4 18 13 14 27317 0.9305047100861731
5 13 25 23 58968 0.9902893796779988
18 15 5 25 56211 1.0741234496593377
0 7 16 29 95186 0.9845139466491912
23 28 5 0 93957 0.9610904775540824
29 12 3 15 71271 1.0699989611171452
15 16 1 9 55894 1.0220155464749139
7 9 15 3 41234 0.9112297206422965
1 24 26 22 63778 1.0861003667067817
2 19 17 10 56229 1.0259512871869858
10 5 27 21 60029 1.0826806086564027
28 1 14 11 74465 0.9061519897278
3 21 20 18 43238 1.041205496069349
5 0 0 13 37172 0.9448991436901714
18 4 27 21 55608 0.9738591945623323
23 23 5 16 51791 0.9010998743797791
19 21 11 28 31364 0.9388191046912454
7 12 22 5 58417 1.0055291416132852
13 21 23 3 56530 0.9285840778470862
4 24 28 26 72061 0.9800052820907559
7 0 28 13 84265 0.9939989803909719
23 29 11 4 72604 1.0143977710743939
20 3 24 26 59184 0.9683645692533567
4 0 0 9 32697 1.0560686750410846
26 23 14 28 49448 1.0311778087255135
8 2 27 15 74603 0.9712291043158531
25 15 14 29 60003 1.0767054416464827
17 28 9 25 39209 0.9418352978363403
23 2 0 19 87196 1.0101270594844267
5 12 21 9 49311 1.0443521190614025
11 6 27 24 58032 0.9064561072731041
9 1 6 25 61748 1.0829823732480321
19 19 14 0 56389 0.9386509581887648
14 22 27 20 38179 1.085319070327065
22 22 2 11 65133 1.0357085287688725
25 6 8 11 59210 0.906422203451834
11 1 24 8 66430 1.083461399915156
24 23 12 16 38169 0.942973149532246
12 13 19 27 47083 0.9357490418886601
2 10 15 29 73327 1.0757002095522412
16 1 13 9 41558 1.0190625634843158
0 18 16 2 72136 0.9662589856981251
25 8 2 17 61863 0.9867987599242947
22 6 10 6 58771 1.0168032453809797
3 17 18 4 62619 1.0358948475165537
4 21 18 26 51226 0.9756527673659073
0 29 21 15 72426 0.9247070988453251
19 5 4 9 70661 1.0517066168606812
7 20 29 25 55846 1.0983966710600186
28 4 23 28 58649 0.9349262058218178
27 5 5 12 79315 0.9128032907450168
11 16 2 3 45802 1.0666494987149198
10 17 9 8 23606 1.0718154872340895
1 29 0 6 74324 1.069698534335048
26 13 12 29 52742 0.9648053059358646
27 6 20 0 41282 1.0745592544330818
4 21 10 1 46529 1.0045836968659114
8 3 24 8 75051 1.0724984688416026
20 14 6 15 53606 1.0915062436175362
16 5 3 14 67000 1.0867920805654805
20 12 11 6 33388 1.0473417928529698
18 28 13 2 74473 0.9874167186344014
