4737 5518 4449 6634 3112 4443 3724 4670 6369 3156 4210 4818 6312 3962 3015 4955 5551 3463 4996 3596 5471 5868 3986 5749 6679 2490 4056 2824 4579
4971 6770 7021 6582 4712 5810 7299 7943 6091 5514 7230 8217 5380 6582 6958 5609 8148 5219 7042 3112 4090 4847 5681 2838 5070 2851 4225 4491 4022
6356 4224 5077 6565 6122 6785 6678 6899 6750 6841 4941 6146 3535 5102 5469 5662 4901 4268 6717 3349 4038 5987 2638 4753 4292 4886 3437 4058 2723
5734 6832 5146 8337 6510 5916 5409 7650 8288 6542 5675 6548 7737 7672 6527 5343 5418 5771 8273 7710 7465 5504 4754 8305 7184 6980 4661 7853 6771
5941 3937 4584 6191 5722 4850 6437 3642 6590 5638 5884 6023 6336 4664 6785 4068 3741 4373 5841 6585 5776 5456 4603 4603 5321 6188 5602 4460 5908
5192 2909 4080 4292 1790 3589 4515 3825 5420 4836 4997 6567 3156 5605 3095 4183 6413 3642 4393 6278 4905 3900 6182 3863 3540 5899 6321 4152 4099
6267 3030 4813 3960 3092 5360 4849 4198 6480 4165 4845 4351 2899 4203 4467 3543 3615 3278 4651 3651 3964 4514 4663 3461 5346 3954 3889 4597 2919
5306 4528 4853 5315 6353 7376 7242 6990 3814 6816 4568 4124 6618 3797 4047 5866 3983 4887 4857 6962 4792 5868 4225 4092 6833 4798 6862 4247 4843
7458 4183 6724 4646 6696 4612 5942 6197 4303 5283 3965 5591 6444 5635 6614 6486 6300 6611 5127 4077 5183 5304 6925 4140 4670 3393 3523 6961 4832
6977 4654 3922 3902 4090 4769 6811 4483 2652 4559 5374 4225 4553 2903 2213 5172 4176 3383 3436 1776 5327 4911 3185 2223 3250 3636 2694 3412 2558
6148 5974 7099 6276 4795 7120 4259 6663 6146 6310 6662 4300 5206 4415 3983 3828 6301 6991 5662 4763 6290 6564 6612 6959 4790 4746 6087 4341 3874
4124 5309 6260 6641 3410 3627 3611 3169 4845 4713 3235 4518 3689 5119 3450 4977 4433 3570 5069 3035 6565 5517 5008 4874 3194 3570 5455 4716 5893
4304 4648 6374 6134 5922 7190 5963 5632 6481 4232 7284 5288 5044 7002 4177 6794 3775 4436 5704 5927 4032 6285 4785 4778 3582 3758 5053 7261 6922
7348 6419 4852 6716 6944 6373 5441 5840 6275 5784 5272 7171 5245 5657 6042 5527 6739 6273 7563 5655 7792 6016 7713 4239 5811 7929 5081 6068 5089
3556 2854 5265 5538 5671 3828 4035 2329 5188 3686 4732 2109 5003 5742 3543 4879 8158 6942 8175 7990 6414 5804 6235 7100 6759 7674 4444 5110 7671
1503 4669 3648 3513 3700 3011 4878 2407 1294 3542 2115 3900 3704 3123 3773 1523 2813 2722 2445 2216 1243 3666 3118 4341 4110 2386 4844 4849 5843
5242 6459 3792 6353 3707 3867 3893 5379 6548 3984 3451 3156 6293 5376 2864 6401 3604 4406 6106 5956 3023 4005 5181 3862 5193 6207 7971 6614 5000
5542 6371 4865 2867 2895 5430 5771 5156 4189 3315 4229 3786 3630 3438 4136 6344 3594 4117 4657 3044 5132 5499 5102 5669 4015 3474 5125 4804 5877
4739 7548 7134 7980 4899 6697 4551 4914 7068 7054 8304 6556 7298 4500 7263 6076 6785 5578 7918 5211 5564 5494 4399 5321 4231 6751 6040 6161 5439
5090 5630 6575 3795 5579 6800 6704 5962 5498 6716 7206 4305 6633 3964 5134 6830 6209 7022 6015 5603 4191 4210 5649 5260 4204 6892 7309 4448 4345
6029 3894 4200 3062 3747 5126 3878 5239 3480 3213 2857 5865 2835 4818 2555 5548 3273 4798 3130 2772 5891 3689 6273 4440 4799 3222 5613 2971 6105
6239 6675 6561 7371 5217 5922 5872 3877 1687 4038 4168 3815 2584 2690 4033 3387 3114 2104 2943 4424 3727 1238 2474 1085 3475 1597 4280 3436 3008
2762 2836 2926 3834 2808 4396 5470 5639 3737 5349 3426 5094 3759 4662 3071 4366 3336 5210 4706 4473 4130 2307 5897 4971 4317 3609 2467 5384 3930
2819 5166 6048 4871 2935 3836 4337 5120 5784 3981 5809 2545 2490 2640 4114 3621 4042 3550 2850 4380 5987 4516 3021 2556 2947 3203 3400 3547 5255
7472 5903 6469 7569 6136 4392 7038 7543 5478 6494 5168 3664 3572 6029 4321 5639 3873 5110 5201 5075 4602 5648 3351 6478 3519 7107 6054 6567 3794
6648 4344 6594 4528 6918 7399 4406 4791 7906 6959 4231 7023 4919 6481 6165 6743 5083 6894 6981 4683 7328 8311 5007 7251 7613 5776 7105 4725 7121
5984 5314 5162 8070 6651 6771 8828 8686 6893 6688 7586 7800 5592 6632 6364 5269 6184 6986 2742 5085 3352 5297 4504 4028 2251 3472 4081 2292 2669
3717 2824 6276 2842 5667 4380 3780 5221 4884 5513 3449 6263 3993 3101 3302 5771 4842 3928 5337 2977 4152 4332 5053 5108 3316 4671 3368 5296 3777
4952 5566 4695 5054 4114 5551 5638 5327 3156 2158 5480 2077 4458 4127 5025 4203 4463 6644 7710 6047 6111 5099 7553 5972 8094 6998 6753 6474 5426
5227 5125 6447 4980 7084 7036 3776 4855 6557 4211 6479 5447 8438 5323 5456 7926 6316 5052 5145 8336 5838 6453 5905 6731 7410 6268 8430 5204 5089
3019 2671 8076 2117 6910 5376 4385 6419 4166 3230 3738 4344 4036 6212 6416 7411 2969 7775 2387 7669 5592 6522 5124 7221 2587 3072 6346 5585 7179 5090
4027 3155 6626 3477 8185 7310 4979 6543 4519 4482 4840 4949 2594 3343 6075 6507 3484 7452 2501 4453 5399 5078 2754 6167 2307 3339 3739 5775 6274 4043
3809 4091 8609 2862 7094 6592 5259 8170 5784 3503 3674 4068 2830 5459 4418 8263 3686 6365 3532 5914 5597 3951 3396 6143 2819 3326 7003 3984 7242 4291
4944 4402 6386 4353 7699 6634 4952 7189 5441 5704 2434 4748 2682 5586 3409 8568 2703 5510 4084 6052 4924 3478 2188 5848 5886 3367 4177 5060 8182 3698
3056 5302 8313 2638 8263 6789 4601 6812 3170 5223 1979 3843 4267 5860 3710 7988 2854 6186 3655 5393 7659 4811 2121 6360 4125 2277 5229 3753 5647 5759
2902 2909 7718 2175 5738 7820 4808 4818 3358 6885 1857 4940 4795 4535 3278 8589 2737 7926 2264 7384 5842 6073 4382 8092 2126 5081 3918 4775 5241 5350
3647 4184 6524 5122 6486 6416 3379 8212 5182 8317 2808 4217 2199 3595 4457 6678 1720 6829 3277 6874 6090 4048 5201 7892 4312 4819 6875 4712 5439 3164
2143 4745 6534 4598 6745 5508 6988 5755 5348 7587 3033 3881 1280 4966 5027 8809 3581 6148 5119 7096 7316 4092 4335 6009 2574 2076 6065 2355 8127 5311
3813 6070 7076 4955 7004 6527 5695 5589 5595 6802 3655 5105 1137 5980 5186 6419 4699 6628 5424 7086 7865 5915 3848 7631 3293 4385 4688 3239 8434 4991
2195 2923 8463 5260 6481 7975 6469 5796 2934 8023 5148 5906 2007 5110 3343 8713 3782 7685 3447 7455 7126 5468 5005 8079 5285 3661 6385 3552 6224 5517
4963 5172 8093 5513 6275 6585 5745 8962 2726 8214 4792 5546 4811 3401 5003 5408 1972 6563 5170 7887 7156 4668 4125 7240 2433 2470 3797 2383 7771 4442
4362 3700 5624 4317 5842 7040 5917 8311 4017 6542 3904 2285 3101 5148 4353 7181 4758 8798 2868 7605 7122 3855 2686 8722 3823 1612 6826 2076 4977 5532
3171 6006 5676 3830 6657 7860 3667 6109 4298 4907 3091 5527 1258 4612 5900 8641 2875 8599 3300 7935 6883 6312 4063 7097 5715 5210 6276 2376 8138 3661
3782 6122 7778 1939 7083 4761 5854 8834 5774 6929 5018 5890 3891 5739 6346 7037 3582 7481 5807 6658 8548 4256 2577 6351 5668 2780 6616 2748 2388 6680
4758 2966 7350 3456 5644 7074 7142 6118 4421 7431 1791 3949 2678 4145 5929 7160 4389 5109 2098 5171 7115 6412 3303 6409 5559 1997 4676 4003 4452 6164
1854 2746 5457 3892 8427 7307 5347 6304 3876 6407 5405 6181 3296 6234 6668 7409 3683 7777 3499 7912 6716 4673 4490 7015 5175 3713 5900 1808 1400 6302
3508 3014 8233 2362 5880 4886 4217 6310 4126 6544 3504 6511 3419 6487 5773 7116 2755 6050 6127 6377 5241 3850 3802 7753 4946 4401 3681 2075 1940 6568
1770 5567 7916 2484 7519 5080 6084 8174 4103 5352 5200 4704 2839 3039 7371 6042 4744 7875 4513 7071 8043 4699 4088 8623 2976 1866 4293 2631 4688 3447
4524 5725 7831 5394 7948 6857 6086 6179 3908 5184 5357 4433 1502 5389 7743 6386 4243 7610 3312 6907 6765 3857 5514 6677 3164 1519 5345 4702 2358 2868
4993 6207 6202 5645 5528 5539 6136 7104 4669 5634 6221 6643 1965 6004 8546 5259 7195 8014 3293 6129 7518 5353 6831 5744 4263 3984 2196 5093 4991 5046
4375 4186 5552 6653 8040 4891 5350 6282 5708 5989 4811 3665 4886 6430 5820 6892 4014 7595 6244 5043 6242 5118 7373 6613 3645 1792 3608 3792 1653 4296
4039 5971 7569 4496 5072 5425 4582 5648 6362 6053 4620 4111 3570 3236 6024 5658 5303 8565 5313 5172 8607 5772 5581 5745 4801 1785 5205 4072 1353 4714
4767 3857 6980 6167 5370 6821 5160 6897 3608 7406 7274 5709 3875 5743 8435 5077 4608 7303 5116 5497 7270 6893 6762 6818 2700 2874 5497 3559 2283 5217
3474 6155 6838 7039 5204 4907 5953 8566 3640 6351 4105 4815 2609 3045 7382 3853 7179 6264 5730 6824 8317 4893 5096 7476 5564 3047 5611 2996 4197 6258
1995 6587 3879 6232 5807 4476 3666 5769 3724 6389 3877 7337 2110 4301 5737 5051 7517 6637 6271 4461 8182 5171 6161 4614 7515 2110 3867 2476 4934 5320
1652 5499 3555 6395 7956 5738 6980 5942 3924 7571 5610 5132 3036 6323 8315 3624 6371 6135 4208 5857 6764 2075 5169 4212 5874 8304 4927 3702 1897 5809
2300 6764 5333 4971 7981 4522 6019 5758 3498 7743 5601 5833 3382 6557 5505 2513 6742 5272 2982 6332 5738 4125 6668 5240 6187 7664 3222 3542 4702 3050
3790 4001 2965 6556 5531 6439 4492 5186 4032 7337 4317 4556 3657 7635 7099 2382 4414 7174 5474 3907 3155 2531 6267 5127 4847 6951 4934 2149 2703 3495
4887 6602 3710 4070 7111 6080 6752 6257 6199 7833 4089 4133 3688 5103 5938 3354 4662 4471 5773 4292 4932 4553 7670 5657 5944 6429 4444 5222 1706 5663
3 22 15 14 64235 0.9900239568116201
2 18 23 24 94074 1.0270962945181932
4 9 9 28 79536 1.043751361011561
1 19 12 24 56399 1.0651360118793238
2 3 21 25 126720 1.0941381955107157
6 12 19 25 72658 0.964955286678731
12 29 17 8 85131 0.9805713138625682
9 3 24 2 71985 1.0716815080213202
10 8 3 25 82579 1.0404463604781085
17 14 27 9 52067 0.972578841565128
0 20 24 27 99851 1.0765079100355914
22 27 19 15 47266 0.909649545958788
3 21 5 3 87454 1.0423686618115648
0 14 8 9 48948 0.9123159786751558
15 6 0 9 67039 0.9212357456372541
10 0 1 21 115413 1.0168072273016424
18 24 10 12 63523 1.0330111145223155
6 9 2 21 63005 1.0174928898109257
25 8 0 12 92515 0.9392355674920274
25 3 21 22 85689 0.934258582552066
7 16 16 1 78097 1.0849544815135481
21 23 5 27 58422 0.9354047292626375
7 9 12 4 40076 1.0339692662170918
26 6 21 13 49803 1.0781058368900371
20 2 20 19 67624 1.0585369767172734
28 17 0 19 125719 1.054156001991807
19 11 0 25 100982 0.9210983881374916
19 0 19 28 110433 0.9371375095116112
6 4 16 24 99564 1.0747331989289532
4 12 4 0 57390 0.9366381249939245
29 5 20 23 96307 0.9241249502488241
11 23 0 21 53355 1.030497847670827
5 16 29 3 122791 1.0928524139942042
22 3 11 24 106723 0.9458127834705821
14 15 25 6 74445 1.0628310690119764
16 3 8 27 98348 1.0678548646061448
10 1 29 16 115611 1.0122256692021097
10 18 5 11 39754 1.0024191565634186
10 16 3 8 53146 0.9430210695342067
19 14 24 22 54944 1.0293780697181982
12 16 18 25 47500 0.92198828396056
25 6 3 20 125782 1.0838786825176738
5 24 7 6 81302 1.0303361489941405
23 2 1 19 134335 1.0501455685721695
16 24 3 29 65595 0.9129827219571724
29 9 1 5 133615 0.9653184424716867
23 2 19 9 48585 0.9552377311844594
24 25 6 20 72625 1.0045727442413948
3 0 25 0 79035 1.015367912851672
25 28 19 2 107221 0.9446739784285832
28 2 15 26 122428 1.079660711395038
24 23 25 4 91995 1.0678570212300766
27 21 18 7 86506 1.0419730975693426
14 21 4 13 65630 0.9991661022716473
7 9 2 19 59964 0.9495558086042566
1 27 27 19 111843 0.9827144942747198
12 20 12 0 90385 0.955927348242558
25 13 29 24 71074 1.0678277035304136
7 0 17 14 81150 1.0609139672952521
5 8 16 7 52364 0.9297141635869037
3 2 8 15 72161 1.0336932522319493
18 27 17 9 69263 0.9347714221326517
22 21 17 7 66497 1.0056395225987713
27 29 3 8 135914 0.9747802317665495
10 21 1 24 43229 1.001142330441662
9 2 0 10 63206 0.9537242333455362
16 23 27 27 45962 0.9805101629512532
0 17 22 27 102680 0.9559235521332538
13 18 4 6 73619 0.9981521463608451
24 22 1 15 110097 1.0020036834569064
11 12 14 4 39828 1.0662203347937975
12 29 1 1 140544 1.0105226360381656
28 27 21 2 111239 0.9548804004443642
18 22 5 3 101290 1.065530094804732
0 29 8 1 139977 0.9651042720389507
4 0 28 18 141496 0.9198117836786077
11 14 2 6 64703 0.9682447268515454
28 17 0 21 134786 1.0816014728183279
0 19 23 9 105473 0.9742463510792903
21 23 24 7 67579 1.0765958251643468
5 13 10 24 59322 1.0079375766671523
29 27 3 4 159886 0.9607589546439228
7 6 4 14 46357 0.9965224976989934
2 7 17 21 93607 1.053987669990593
0 25 23 8 127206 1.0181846674530548
25 4 17 24 98768 1.0619212693799183
3 13 20 18 78090 1.069813355203782
26 19 10 6 105478 0.9048247832719777
28 12 20 29 76134 1.0395403213121805
10 16 20 7 63374 1.0979542204637118
24 21 3 26 86155 0.9458588036379242
8 8 18 1 64211 1.01042965288256
28 5 5 7 117029 0.9275977177079173
29 18 5 23 108859 1.0919341843973238
8 18 19 14 61038 0.9986580137183023
20 4 6 20 99095 0.9560128073820735
19 5 29 18 86361 0.9507212493862467
24 6 2 19 121614 0.955459107061112
19 11 1 3 90373 1.0004255477447102
6 27 23 14 91317 0.9804725891774859
27 10 2 29 139012 0.9210546540064968
2 4 29 23 171434 1.0777022569623538
25 21 2 9 116963 0.9819193518829827
25 22 4 21 92622 1.0130536598061382
22 28 8 0 131075 0.9916160849065646
14 20 2 5 103042 0.9403345281023827
28 19 10 2 125184 0.9690307548437636
4 16 29 23 121321 1.0298664282316943
5 17 2 2 77213 0.9567393225515686
15 0 5 5 53999 0.922725257010673
17 4 12 27 90257 0.9061450154191603
0 22 16 17 72583 1.0214596126988325
14 23 15 9 46312 1.0968772387906374
17 10 5 13 43203 1.064959424269857
1 23 10 9 83202 0.9100199325754743
3 10 12 17 49197 1.0154825993696381
28 8 14 16 69529 0.9248290728548941
1 0 14 14 97029 0.9723387307027014
1 21 16 10 84550 0.9645293542679632
1 29 0 2 123499 1.0682982081780716
26 17 12 18 71208 0.9110449086597724
4 19 22 16 81948 1.030331904447248
6 22 22 8 99124 1.0191836311371618
29 27 23 22 35214 1.0330193671559256
23 26 21 11 48955 1.063592635387277
1 25 23 16 98170 0.9807373096057654
22 4 26 22 90189 1.0514787154792227
19 25 14 1 89939 1.0812143154033895
15 18 15 0 55838 1.0306091712020289
21 0 19 29 109220 1.0570736290892389
5 16 25 13 75010 0.9111037931471571
5 22 20 5 108208 1.082564899017322
12 27 4 8 89944 0.9712678367550627
25 12 23 22 42909 0.9852415293838346
22 14 3 16 73966 1.0882797577524312
4 10 28 29 122521 1.0614326622502392
23 24 28 10 66118 0.9620525028197859
7 14 3 26 61720 1.098710301600869
0 21 25 18 118414 0.9061426362373896
2 4 8 24 106905 0.9059977469231457
12 23 6 5 93315 0.9362258427363891
11 29 19 23 47143 1.0664436202023628
15 15 7 9 46271 0.9119842944805158
26 20 22 9 61522 0.9220410785966094
13 12 28 22 88091 0.9445054424783796
18 20 7 10 70871 1.0041953029435138
10 15 15 20 31600 0.9464298211627894
27 12 5 24 103189 1.0874959509352324
20 22 12 8 75027 0.9456700760772452
16 29 16 12 60572 1.0086664228423747
15 10 6 19 54513 1.0007026144328346
19 8 15 17 41800 0.965912966717352
11 9 26 2 93949 1.0099101838034306
5 12 28 13 71761 1.0475984011844175
15 18 7 25 45330 0.9641954369201637
9 14 20 11 44088 0.9866480154239519
9 29 0 23 51328 1.020917322824798
15 26 22 13 57591 1.0320604907908844
8 19 24 8 95893 0.9197654888094537
18 6 12 17 59165 1.0360629883393546
22 27 5 28 60544 1.0766031644896952
29 12 17 4 71890 0.9544039391344968
0 8 19 11 74966 0.9833864214383623
22 14 20 26 41714 1.094705957988666
26 17 2 0 144249 1.028755485957968
24 7 11 10 66183 0.997318826052641
9 5 9 21 65812 1.0069633009178585
21 15 25 0 66291 1.0632934551723208
9 10 23 19 76004 1.0733012723390238
2 14 15 19 60890 0.9492376263173521
14 26 14 2 82940 0.9043912301758811
15 13 25 5 67965 1.0778937784916953
29 8 25 25 85735 1.0066745323450539
28 2 0 15 140251 0.9311367534436458
12 28 26 9 110370 1.0378867818733468
15 10 6 20 58164 1.0212874610596918
28 8 1 13 96831 0.9784820491089337
27 19 9 21 89666 0.930628593463824
20 0 9 28 121098 1.044312716730747
2 0 4 9 51761 1.0096382782760045
24 21 13 16 64518 0.9889664202051947
22 27 22 4 80382 1.045443251213048
2 19 11 20 50793 1.090620113532455
21 29 17 15 61637 1.0479987077125472
25 9 20 16 46430 1.0411016860757851
9 4 22 13 77733 1.071890630939103
18 12 13 5 39779 1.088303596630512
17 4 26 2 51717 0.9355962639927531
20 16 2 17 70859 0.9760821676234627
14 11 11 27 62017 0.990888921736732
3 24 22 19 82166 0.9611348064449269
5 1 25 28 145315 1.0768586157807305
2 22 17 10 86641 1.016276297831776
22 12 2 4 99577 0.9554180844423069
10 25 18 29 38812 0.9088819536032076
25 20 11 2 112789 1.0789450193104522
11 0 8 11 56642 1.0063866366208853
28 23 4 10 123528 0.9064874204575254
9 16 1 6 68897 1.071102780241495
24 29 22 15 54569 1.0882351032981876
24 13 5 15 66724 0.9832079124152042
5 24 27 4 142119 1.0621462178858199
17 9 8 1 67812 1.072269286106119
4 28 27 4 156865 1.0692796549806896
5 25 26 22 80269 0.9282134866224773
17 17 7 22 53255 1.0486703211964177
16 3 25 17 86850 1.0198122978741462
4 0 16 17 96329 0.9928927530546534
14 2 7 18 84205 1.064622279120865
14 22 6 3 94193 0.909966464982699
19 21 1 5 118253 1.0480536030329526
26 10 22 24 66977 1.075100817074614
21 8 6 9 67338 0.9026410210567748
2 13 9 16 36654 0.9034389142313927
29 3 15 29 133889 0.9060452138531563
16 9 3 18 68257 0.9686967211313444
6 0 14 14 83770 1.0497891418796343
29 27 15 15 76821 1.0524877216639212
12 7 24 10 67769 1.0697634506672329
26 14 9 10 72676 0.9532342558392152
25 0 3 21 143455 1.044036648002268
12 11 5 22 61404 0.9959246207975125
28 21 22 14 51373 1.0332107445509386
2 19 18 22 72984 1.0714978043388212
29 2 25 26 114194 1.0747851488449516
8 26 22 14 79483 1.0847911763945077
28 21 0 23 110527 0.961428734124538
11 15 19 26 65646 0.9550937229807432
23 5 15 20 77197 0.943011520493926
3 24 22 25 62356 0.9715615982482271
20 27 11 25 35138 1.0545157668343614
0 0 21 18 127218 0.9764644518026042
19 15 8 27 76228 1.06854235436001
12 1 17 12 55322 1.0772741186310233
16 8 23 20 65969 0.9276281652749265
17 4 3 13 75825 0.9259875646462825
2 6 28 17 124756 1.0560099086602137
13 28 29 7 116186 1.047535205406908
27 16 5 20 109958 0.9110558035838303
8 11 24 26 93132 1.065995980963585
24 5 23 25 83033 0.972726970760307
17 6 29 4 74541 1.0814305035186653
22 26 4 24 60079 0.9023114191589302
27 1 22 25 103716 0.976586529738446
18 1 5 26 123683 0.9101608353760371
23 17 11 12 53187 0.9378312066408925
24 6 4 0 93817 0.9802240244127068
25 19 10 28 76300 0.9952119775163395
1 1 28 17 141924 1.048564736714663
15 10 6 27 79178 0.9137497629207726
29 0 16 21 114343 0.9520907815959926
26 3 13 14 97218 1.0314751844373489
4 13 24 11 67281 0.9434046191254167
15 22 29 24 66193 1.0448791175413288
11 21 12 3 81982 0.92572513891123
29 27 27 11 76885 1.050173250873709
2 16 14 9 57112 1.009224828351079
17 10 6 16 50881 1.0790584444383
1 21 24 14 111563 1.0421678570718078
2 26 7 9 84138 1.0378960290436505
28 19 12 13 83541 0.9215065597258401
0 2 5 27 124011 0.9432787445260422
7 5 29 12 103821 0.9379518552616581
26 1 7 29 155363 1.0008456864924509
13 20 5 26 56168 0.9929806528056676
4 5 18 3 62774 1.0119792050205432
27 3 3 25 154145 0.9443127335275145
25 22 17 19 52041 1.0423361946748682
29 0 7 8 107663 1.0396129374051175
28 9 3 0 124729 1.0482191327246508
6 14 13 19 45498 0.9631260138966343
15 2 5 10 61090 1.069942174804003
18 22 29 22 62288 1.060260560959637
14 10 3 13 45405 0.9770300425968341
28 2 4 28 164842 0.9417677201873905
10 14 20 20 56556 0.9406636515288549
1 16 9 2 79788 1.025766045990908
15 26 23 20 43347 0.9578974860693276
29 29 25 12 83702 1.0214486708120905
7 21 14 17 48080 0.9001592568070461
6 12 24 7 75130 1.0768156933759847
5 24 4 2 95577 1.0451692985666707
15 29 19 20 49485 1.0513514672011923
25 6 2 6 119726 0.9618393997774024
13 18 2 19 48857 0.9145246697551366
6 5 10 18 64711 1.0721019612025844
9 24 28 27 64382 0.960053751598097
20 26 15 21 33940 0.9924408567694043
12 25 17 17 44869 1.010792494689021
3 7 13 6 55508 1.0328437506129051
18 25 14 10 56583 0.9939327528629296
18 15 5 2 89723 1.0333988613973728
17 26 8 7 94310 1.0626332770725926
21 1 0 26 148528 1.097813214492671
28 24 26 12 60125 0.9652548527183451
9 9 27 28 114519 0.9815705257092541
2 0 18 23 129679 1.047328214504659
17 24 27 7 91536 1.071993318248433
8 0 6 27 120291 1.0276851510869507
21 16 15 5 51748 1.0107627250859135
6 2 20 27 130811 0.9434938796733793
24 28 3 15 106090 1.02332542738286
6 4 29 19 132303 0.9891848143118225
6 5 15 28 107486 1.0068746665281543
14 23 10 13 54434 0.9127264608062098
1 4 9 26 113992 0.908828649762655
7 29 18 12 87095 0.9000685581644853
6 5 0 15 65891 1.0205722102075545
14 29 6 7 107409 1.0353140128006317
1 18 28 14 109134 1.0650251374994957
3 18 28 11 96593 1.0345746489657603
4 2 21 1 75534 0.925779552961298
27 20 21 9 63854 0.9175838867518845
0 8 25 19 119549 0.9569032493613217
18 26 1 27 63345 0.9222824575759676
13 23 27 6 106193 0.9389780464835633
0 2 5 18 83485 0.9065154524839232
26 1 24 21 103419 1.061123457163719
15 19 2 17 56219 1.07565341401408
11 25 21 28 38187 0.9974906322245709
5 1 5 14 55581 1.0193396289706005
25 0 6 26 144501 1.020550768940832
4 29 23 28 70638 0.9726274144259409
20 5 15 29 99398 1.0802861659917922
10 11 25 21 89129 1.0565057168111667
12 5 25 5 73729 0.9663909118068856
0 3 17 8 82123 1.055316578055729
16 13 26 3 82744 0.9642317608463375
27 1 26 21 90197 1.0987247557059086
22 9 15 2 55287 1.0319259180340752
20 8 20 23 56361 1.0432111368605923
28 16 17 18 57738 0.9282443681797294
22 12 25 28 62307 0.973167999707943
20 14 10 7 58256 1.022014250640961
3 22 5 6 77125 0.9356453915583841
29 24 20 17 66290 0.9295511428178722
10 29 0 28 51793 1.096467749111018
9 13 16 2 57823 0.9330229743900532
13 9 26 13 57120 1.0334923928043633
3 21 14 16 59991 1.0231273112816233
12 10 9 27 71313 1.0224595673155266
8 26 16 5 91627 0.9300196097092359
4 0 22 5 79021 0.9983622283590677
27 13 23 3 54348 1.0418709159644868
7 2 6 28 115970 1.0201233798344782
4 23 12 16 55291 1.0466717829442456
8 2 11 22 98843 0.9069628040576695
14 10 23 3 61229 0.9398715869951874
17 1 4 10 73498 0.941579932170734
25 25 5 14 95138 1.0410276290133353
18 24 20 13 48721 0.9072521635722914
25 14 20 26 57041 1.0782785605250351
13 13 21 5 59100 0.9758499612674305
12 11 2 22 69109 1.03093859853123
9 10 26 19 92105 1.082823773366654
15 22 5 10 60643 1.023181256908026
4 23 15 3 100093 1.0543382358788287
18 3 27 14 74797 0.9896405112267372
17 19 12 29 58697 0.997301697732173
6 4 24 27 129145 1.025989588052667
18 10 14 21 48581 1.0435611429403302
22 2 0 25 145531 0.9744270986684724
23 12 2 7 86874 0.972350909656015
26 27 4 6 132233 0.9086259375183167
23 19 21 8 44460 0.9769914733550916
6 6 10 28 94235 1.0068098174023095
18 12 13 25 53128 1.004060149864053
18 21 25 28 44059 0.9196986123823103
15 6 16 24 57998 1.0409033254413655
3 19 25 22 110033 0.9130070026481771
6 28 15 16 65637 1.0400384281319321
0 14 26 20 123685 1.0640183075780465
9 22 23 7 95692 1.0903060968283158
29 27 15 6 104670 0.985693935014436
0 6 25 8 116948 1.0899662639457166
8 2 18 6 58843 0.9230575002513693
26 5 14 8 68269 0.949463258284334
21 10 14 18 45646 0.9587247123741265
10 7 14 23 74337 1.0810772356019112
8 20 7 10 46586 0.946846083523251
15 28 8 25 32142 1.0214237372413533
6 26 12 20 46025 1.033361598649677
12 10 13 22 49023 1.0429745318766945
29 27 7 23 79563 1.0599501304252124
5 15 24 8 81062 1.0361168179477704
14 14 22 3 69740 1.0614541188796043
14 8 7 15 47662 0.9402249142438954
11 11 18 0 56336 1.0442265997080904
25 5 10 27 118861 0.9849886580345707
14 6 17 23 62258 1.0156800914631188
10 9 21 26 86519 0.9650501337657106
13 22 1 27 56517 0.9236454897509957
11 16 26 23 83952 0.9945867010359825
6 15 21 14 57112 1.0375181062640537
19 2 9 17 85310 0.9950442789793387
10 1 2 21 106624 0.9606988894202256
20 22 5 18 70799 0.9452818370191978
20 21 10 9 75731 1.0371309243079736
3 23 9 19 38843 1.067620505825607
12 24 12 5 84819 0.9479391367901855
22 11 21 29 57525 0.9452424108250658
13 8 16 0 39378 1.0534116505085755
2 11 4 23 65361 1.0334498353698303
1 11 29 22 135176 0.9330681590055739
4 5 3 27 108960 1.0390747050045064
19 2 13 28 106595 1.0220422520166736
6 5 16 27 104445 1.0699943125889555
14 18 11 3 61658 0.9745004129378854
9 14 7 26 50311 0.9835516737809155
27 15 2 22 117542 1.063978495298235
7 15 16 6 57560 0.9928468984203254
17 18 23 24 39287 1.0899291829728508
24 8 29 1 51112 0.9168755194726963
3 15 12 21 55726 1.0878750468981413
10 26 15 12 57612 1.0024038459750946
4 6 17 22 92132 0.9019797438131575
17 6 0 5 83804 1.0428408928875637
28 7 12 20 98838 0.9700588865652784
3 29 28 2 174177 1.0926378705861477
7 4 13 24 108956 1.0717467585472509
24 12 20 27 57001 0.9483577528084384
21 22 14 18 36790 0.9642936576778225
2 13 7 24 62763 0.9567961829391057
0 2 15 27 127605 1.006671742362398
7 10 1 2 53283 1.0876662810438538
9 6 3 23 84950 1.0121076865280554
15 8 27 7 56367 1.0123817863598377
15 5 13 16 41241 1.0385771420410959
9 25 20 21 48395 1.0616636516454336
20 29 21 11 57710 1.0999671296378597
2 26 13 8 101832 0.9127381382063529
7 16 14 10 43357 1.0303871215764764
0 7 24 27 133718 0.9471460646778266
4 5 0 11 45804 0.9040423049133183
26 23 14 8 93039 0.9246584254088698
14 3 17 13 42161 1.0869932973793273
7 27 15 16 56328 1.0178198346961382
9 6 3 15 56746 1.0076254812593608
17 28 14 4 84707 0.9683511110403493
1 7 15 23 96236 1.0514243560668382
15 6 0 17 78883 1.0421353386597882
4 21 20 1 122729 1.0687377640598315
25 28 17 10 77944 1.0713693737604364
3 20 10 8 69634 0.9178460380407925
17 24 4 15 73702 0.9556972002045309
16 17 26 5 87191 1.0976275743042787
17 12 26 10 39565 1.0692723667426134
25 11 4 25 109611 0.9123450864541451
6 2 22 27 131521 1.092074708877004
20 27 23 19 36761 1.0142475530607808
9 25 21 0 115731 0.9836508402174778
10 19 20 22 56930 0.9922772104106418
9 11 11 26 60434 0.9630628693530406
3 22 20 1 125549 0.9922406655433021
13 1 22 27 108072 1.0183765495611707
20 27 2 3 133871 0.9776035811808094
5 24 18 11 81905 0.9670628700081787
10 20 0 24 52106 0.9379633806324874
3 18 20 3 101987 0.9608517863669557
17 11 4 21 77519 0.9113452024947246
4 8 29 1 122253 1.02587613284589
4 16 2 26 52218 0.9888085210902947
6 6 17 6 60420 1.0801829529691291
23 19 17 0 92201 0.9634134304259581
24 8 12 5 67234 0.9089481911488632
26 23 24 6 88992 1.0422461435472834
16 20 3 27 70885 1.0428714929456724
28 19 22 12 49193 1.0684844222051164
10 0 20 27 121552 0.9075246674074856
28 2 26 20 82653 0.9501352106942966
21 17 4 18 71521 1.0957481397540658
19 26 25 15 54230 1.0047421721736196
5 12 23 8 68742 1.0718688555613147
1 8 16 5 79038 1.0713005088147405
22 13 16 6 45929 0.9153580219334753
29 24 10 15 102702 0.982667121487002
20 29 8 7 114376 1.0509260510508345
1 18 13 24 67970 0.9840911462146694
4 24 7 11 59483 0.9918165766724912
25 14 11 8 69664 1.0501137101232145
15 10 27 15 52900 1.0533596025549476
3 13 6 1 62470 0.9564004889008915
29 2 26 20 86363 1.0989537911710279
5 14 10 28 65905 0.9997239974722967
19 13 20 4 42003 0.9565217773013093
15 15 8 2 74273 1.0711065162444389
21 18 21 2 65746 1.0845474045893608
8 24 21 16 66132 0.9351818464017755
14 23 1 29 71589 1.0773786848643947
11 0 7 27 117053 1.0625756580712031
28 20 16 20 62136 1.0106593066844471
6 0 1 19 98908 0.9445958256435785
10 17 19 3 78408 1.0353567282072422
12 2 0 8 76344 0.935128284057489
27 26 20 9 74569 1.0942022975419083
22 29 21 4 86470 1.053788657262652
9 20 22 25 55686 1.0405882428282605
17 16 15 5 39708 0.983730754529361
5 15 10 26 56994 1.0350945181026663
14 28 25 3 123079 1.0801743059974445
26 7 9 13 81981 1.0740097201100278
13 5 20 23 86181 1.0882404885503616
21 29 24 5 91477 0.9298807962519222
19 12 6 14 40520 1.048736303607905
9 21 5 5 70793 0.9293873643905297
14 21 4 18 54745 0.981441053998193
15 12 12 5 38085 0.9388754119690185
11 16 21 16 42238 1.0132200218490326
26 20 16 12 66549 0.9216375164250049
15 25 16 15 35606 1.0952018826703704
1 9 20 29 122307 0.9768853345500031
13 17 5 20 47813 1.010107131353165
7 17 27 29 102990 0.965481579729978
23 14 8 6 80349 1.0444839043315872
10 5 24 18 96724 1.0765781378756454
9 24 27 4 129814 0.9803527902789924
19 4 16 16 62093 0.9405129605377033
2 25 19 26 61452 0.9740746526897133
15 6 16 19 45399 0.9584192758178622
13 6 8 11 36855 1.046236031209625
17 3 4 21 101112 1.08057756921364
6 24 16 21 45685 1.0125361394731642
17 29 22 4 99138 1.0190370934351558
9 28 21 0 125473 0.9087866461201686
1 18 21 6 101767 1.0977148352144483
2 27 25 17 112905 0.9005768626596022
12 8 8 22 68185 1.020621983191487
21 14 23 2 54257 0.9958053476120629
27 0 21 20 86215 0.9818613374416688
0 16 6 2 78554 0.9808472203950298
4 26 22 16 89273 0.9783880126589402
3 15 15 7 59126 0.930484670404075
10 26 6 12 59531 0.9645216707107758
23 23 8 16 79900 0.9103588450926151
19 1 6 5 70318 1.0571357705959656
15 24 0 10 84767 0.9862629136721464
26 6 0 4 126256 0.9255815682614453
2 26 15 29 59145 1.0426898194005518
16 25 13 15 43885 1.0713031578771663
8 17 24 29 90064 1.0078442554677345
2 22 29 11 119590 1.0453536400334698
17 22 0 24 65488 1.0789423686952926
28 17 6 16 95407 1.015719072277294
14 28 2 11 96419 0.9128813074461583
20 12 11 22 52878 1.0805578448496065
29 26 14 29 61682 1.0501715820739166
2 15 7 2 73697 0.9208375231364062
1 19 8 16 35272 1.0988590532751112
15 9 3 10 43052 0.9577786471935225
14 24 4 14 73206 1.0814234968971592
21 4 4 13 88159 0.9330518417897716
11 12 3 16 34649 1.0743831837941125
29 17 4 6 119016 1.0691387496950828
11 17 7 1 82958 1.0166229465808816
27 5 16 7 64987 0.9908821295551627
12 13 29 22 100300 0.9476977893356655
14 15 9 9 43514 0.9076101646466395
3 17 6 2 73833 1.0539997151872846
22 29 11 12 80709 0.9287675205650595
21 22 4 21 75216 0.9458257710737921
5 9 21 14 61432 0.9693898721926737
27 17 19 2 88075 1.0065157869131973
14 23 20 8 65191 0.9207320282746198
14 15 27 15 63184 1.078440564788154
4 1 19 5 75830 1.0187544286174115
9 23 3 1 100532 1.036639051480619
28 16 16 25 70745 0.9319462748227582
7 6 11 15 55047 1.0517564645558033
8 9 19 11 49083 1.0053736939663114
23 16 13 25 56547 0.9888426672175532
8 2 18 13 77057 1.0325301605642077
10 18 26 22 82704 1.0449640069711614
17 26 21 9 61934 1.0450652096759114
4 13 5 22 45183 0.9939468495904141
26 10 29 2 49321 0.9006879942069825
23 18 0 7 110084 1.0000000674644256
4 15 28 15 92504 1.0956686309463564
18 27 18 4 94728 0.994117906278656
19 15 26 18 46677 0.9011038599919421
25 0 13 19 105411 1.0758743271116322
18 2 0 3 72484 0.9650069535219795
29 6 9 28 129411 0.9371405685328188
25 6 9 16 90733 1.097640123420361
12 1 3 9 70167 1.0654906181672914
29 8 27 19 53001 1.0954439187156348
7 10 28 16 82325 0.9894100307032131
21 21 4 24 62957 1.0002113687366716
18 10 12 17 45351 0.9320825823496548
27 7 14 20 91026 1.0699003241212295
1 20 22 15 100120 1.042321041021028
20 5 29 9 58940 1.0497918114372706
29 12 20 25 64997 1.049192371068052
10 29 20 22 56848 1.0393478073156888
10 0 6 23 106576 0.9441538651706711
0 11 11 23 82626 0.9859394641021962
15 13 12 6 34861 1.0302421285286822
13 8 28 12 61192 1.0702487036167945
25 23 1 7 139445 1.0225269025640777
7 18 10 7 56305 1.0867096921593307
6 1 17 26 121890 0.9478741257573357
22 7 14 5 50528 1.0850457923429673
18 15 13 10 36785 1.0383995588621155
15 29 27 6 116490 1.059734477580395
17 16 17 26 44303 1.00140286847236
19 9 23 0 51117 0.9232012040675158
26 16 2 23 122330 1.0221534655144686
8 26 24 22 61062 1.0960306912752698
3 0 8 7 50969 1.0325817845511833
12 23 25 18 73716 1.0501326169003777
24 29 19 14 65479 1.0868313842834902
20 27 14 21 44215 1.0239465107856867
10 21 25 1 128410 0.980298423118122
23 26 21 17 29332 0.9180735968768146
2 4 3 25 113957 0.985638568481683
11 28 28 9 106794 0.904735355227857
9 12 16 0 57260 0.9701596690388959
1 0 2 10 58295 1.024831910907265
23 28 27 6 97111 0.9022672911639412
28 12 13 9 58567 0.9276762464032994
12 21 23 7 87247 0.9469252662078644
10 3 29 15 100036 1.0611118956421663
1 18 9 20 35068 1.0183524586975115
28 1 8 20 137852 1.0057895541549902
27 24 1 8 139690 1.0171563403557142
26 14 3 10 83159 1.0533357226340962
28 24 27 9 71968 1.0653018153047606
9 29 13 21 42853 0.9625271710680756
0 8 23 0 115777 0.9401980321925888
8 8 0 5 49805 1.0688698002018224
4 26 20 24 62077 0.9496177081723886
19 18 26 26 47955 1.0649628437499699
0 4 19 10 96702 1.0739752915306955
4 0 14 18 96675 0.900609013619634
28 13 8 3 102234 0.9574646947180792
20 23 3 21 77549 1.0184265071979675
13 24 24 27 42121 0.9077382082947998
11 7 4 27 96897 1.0109741739891376
24 20 9 25 62199 0.9987686218064458
4 3 6 28 106653 1.0123285717174935
7 15 25 0 107584 0.9213345677767777
7 3 29 17 124632 1.0769969765557865
4 15 17 26 79279 1.0837855156000376
20 20 1 25 81916 1.0171550388859452
18 15 15 29 61854 1.0288562103544598
14 6 2 12 56337 1.059055578096747
12 22 0 10 82000 0.9455645168728666
2 22 8 3 101308 0.9117457668077364
5 18 27 27 99175 1.0209998650325733
24 16 0 18 100398 0.9816228053653636
14 17 28 3 98746 1.0366068719003585
20 17 21 5 49360 1.0030832014401216
23 5 7 24 115140 0.9469812975965178
4 4 17 3 56248 1.035257806263018
16 21 27 28 58579 0.9887345068970662
5 28 4 6 103197 1.019310433056842
10 5 13 13 43861 1.0062303666523271
0 15 9 0 91935 0.9224499970095656
1 24 11 3 108114 0.9341169688989648
5 10 15 26 74598 1.0355584160936089
20 23 9 15 70363 0.9657331359560972
1 5 24 27 147055 0.917843250446174
17 29 18 10 78700 1.018235391697081
14 25 9 3 93469 0.9900133504736797
22 16 21 7 35504 1.0483180479860594
13 23 7 12 60984 1.0180319237141746
21 26 8 18 66134 0.9813021995937589
18 21 12 13 47576 1.045335563216047
29 25 20 26 44178 0.9683549067016961
29 3 29 23 103127 0.9043373748725528
25 9 23 27 75594 1.0510015664613734
28 27 22 15 59756 0.9750233178703651
5 12 13 21 61387 1.0861130644587833
22 13 14 7 41328 1.0205822908920468
18 1 28 17 98134 1.0201969880448152
20 11 24 5 41563 0.9679609972109103
5 11 17 23 72275 1.018409847644386
11 13 28 1 99246 0.9507032143199932
6 22 20 6 98700 1.0240626333405678
19 12 9 3 63731 0.9878291715537322
3 19 6 7 63856 1.0581408901733869
11 11 24 8 60625 0.9356499537300486
6 29 0 18 64032 0.9263071765984567
13 13 28 5 81347 1.0448114170723675
19 13 29 1 87808 0.9737377339539426
24 25 23 2 93967 0.9390727664148296
24 24 0 7 129050 0.9105210991926216
12 1 4 6 50964 0.9121409412640168
25 20 29 29 49528 1.05118774620399
28 10 19 3 65719 1.064125962200979
15 27 9 11 67998 1.0884095416198372
15 7 28 27 94570 1.096717058031752
21 14 20 3 43356 1.0222862553003473
13 28 26 2 133277 0.9169735356224242
22 29 10 0 128997 0.9881467887665938
12 6 27 23 114164 0.9267330765126548
0 3 11 7 59603 0.9032405197518661
18 27 10 15 61822 0.9562596393090419
1 20 10 15 50693 1.025297330393343
15 12 6 10 31558 1.020368076350103
23 5 16 8 44851 1.0325323315192834
16 20 25 19 54187 0.9033875684952354
10 12 22 15 47199 1.0983765049519816
2 8 7 13 38755 0.9779717816852433
14 28 26 19 68631 0.9912927803228833
24 0 14 10 67260 1.0891150054957455
24 28 22 19 38741 0.90924831576844
16 10 8 18 55473 0.9380250004425918
20 9 28 25 83563 0.9592541736572961
14 13 0 7 66600 0.9109740767533435
1 18 14 16 49898 0.971088920204157
6 10 23 12 56910 1.0807993659134343
16 28 15 10 58291 0.9913827211547956
16 1 26 20 109268 0.967856929729797
10 28 6 5 99595 0.9347444566346436
21 0 18 23 101836 1.0831878473444727
15 25 23 18 47070 0.930828476935305
22 26 3 4 133931 0.9988824136719249
10 2 2 18 93380 0.9235012522071292
9 23 4 10 58683 0.9672142511895281
11 16 24 9 71014 0.9673451090073248
28 18 16 12 61281 1.0720287919052
10 17 24 1 108758 0.9308144480198063
4 15 15 5 63864 1.0511355627289178
13 0 17 14 60503 1.0629956032025751
12 15 1 25 73877 0.9076103256209843
19 24 23 17 37778 1.0424191970643937
28 9 19 18 59403 1.039983007016124
28 17 0 24 123385 1.0345315168059623
1 27 23 2 156515 1.0426208348117891
12 2 9 20 81231 0.9248437058511677
15 22 4 13 62884 1.0180272187360746
17 8 15 24 53540 0.9793305720405091
5 13 17 12 36511 1.0666759738308833
25 5 8 20 117484 0.9220483457065024
11 0 5 21 103082 1.034680212897507
1 8 21 9 87875 1.0765209000071478
9 5 27 17 107414 0.9437003546793171
18 22 16 1 79031 0.9439034611282741
18 28 10 3 106117 1.006830693681412
18 14 9 7 56220 0.9667401511311098
24 29 8 20 78938 0.9511947888821004
14 2 3 3 49965 0.954259737531645
1 20 10 1 105175 1.0693000289335566
10 19 5 9 52014 0.971904761625774
9 10 18 29 90885 0.9279694695440507
6 20 17 14 63471 1.0150346427332593
10 28 25 18 81366 0.9513398204450582
14 24 15 3 68606 1.0638328137325876
17 16 4 3 82881 0.9876802048563201
23 5 9 4 71282 0.9431591729681237
9 6 3 22 80196 0.9364061801559282
11 18 20 6 69284 1.0031972490865466
24 2 3 4 104163 1.0639335343971208
21 16 18 27 43179 0.9653178478513083
3 4 24 29 149477 1.017198241715264
4 0 26 27 152540 0.9457485914316588
11 10 7 0 58823 1.0728530229636657
13 13 1 22 74664 0.947526318166599
27 16 27 26 43716 1.0810752030227595
16 8 4 17 60822 1.0517237260889651
0 12 17 3 77660 0.9603779144621968
9 10 13 27 72824 0.9675534515965579
19 21 7 7 87116 0.9340473257471925
9 9 15 18 49562 1.053340912983777
8 8 7 18 47903 0.9110643766504135
16 7 26 2 67258 1.080533434089417
27 21 19 0 113183 1.0398859511321144
2 6 25 28 143467 0.9797204148631236
0 12 9 8 42630 1.0932512083710746
6 19 23 28 81519 0.9387156950697495
14 17 3 20 64623 0.9101695785022608
17 20 24 17 45306 1.0318020228475926
29 15 28 29 69577 0.9270101134544299
28 19 10 10 94097 1.0091718359442494
4 15 28 28 115099 0.9083312422456373
20 9 9 3 65986 1.0217087126910667
13 13 25 9 59443 0.91842121925818
0 22 28 28 106321 0.9148940228849565
23 13 2 4 105942 0.9689361407195274
21 22 17 3 79074 0.9262483584188013
28 12 9 3 92821 1.0414674504476338
2 29 28 29 96608 1.0399266881234968
5 19 11 7 58917 1.0943688598573735
13 22 22 3 90092 1.0548067490400106
17 22 16 0 75554 1.0283336583120073
9 26 22 23 48946 0.9235019254235319
18 14 4 23 85643 1.0850935182050878
9 16 25 7 86327 1.0337028468991165
16 7 8 1 57576 1.0156429599067562
0 15 19 20 87455 0.9505431122885823
16 12 25 19 56648 1.0226427703766103
23 8 0 26 129696 1.0867979908424035
28 24 26 10 72056 1.0291653655006203
17 29 10 25 35365 0.9548618320178222
4 1 6 22 89264 1.0210821353857562
14 25 0 26 49965 0.9877564163747921
7 28 8 1 118190 0.9309008396365847
13 29 5 0 130499 1.0853926137333043
27 10 5 27 119434 0.9018028172616459
1 25 14 18 66989 1.0352258053390757
15 4 21 16 55448 1.051503228873521
22 25 22 15 35414 0.9127185979323608
27 26 3 15 112685 0.948132550551964
2 15 25 15 93248 1.0746599281489084
25 6 1 20 128703 0.9124855755697504
27 3 1 1 108449 1.005805936236867
13 7 4 22 86529 1.0011739653289853
16 16 10 6 56524 0.9271240742550639
18 1 13 17 74837 0.9566870994791419
18 28 20 15 52461 1.057599073563904
22 6 7 9 78658 1.0333325087373564
24 4 22 15 53872 0.9419926534310312
11 5 12 23 80556 0.9082777310124223
27 12 10 15 62905 0.9388005647320926
25 5 8 1 88989 1.0045729059853832
23 14 4 9 71514 0.9475624091499485
25 16 7 23 97405 0.9061790522882965
2 11 23 2 109972 1.0717824261857898
7 21 26 4 137331 1.0190107828932469
3 2 18 8 82916 0.9554433702502522
0 19 17 25 80028 1.0823409796416366
14 5 28 11 67687 1.0469126063171976
18 22 0 5 112050 1.0263766837049557
3 17 26 16 102682 1.0596612590669838
20 8 16 21 56671 0.9056668393850584
15 17 17 25 31975 1.0062911390976614
5 22 25 4 134353 1.004172790070076
19 3 11 12 52900 1.019366463326034
7 8 25 8 78837 0.9788880904848537
29 10 21 22 64129 0.99893650163928
21 13 17 26 47329 1.0642117825036348
9 13 13 2 60386 0.9415709544947508
13 20 3 16 51437 0.9096068598318515
27 22 9 27 73473 0.9387129668030303
5 1 1 9 48449 1.0736692192225181
19 13 11 11 33089 1.033137969693184
24 11 5 18 78256 1.0545261894977263
28 11 2 27 128253 0.9184797476412963
7 0 22 28 133218 1.043834962036501
29 20 2 9 125700 1.0623838365474212
9 11 15 6 39587 0.9866589665519456
10 29 10 11 70632 0.9791505226052025
11 24 15 9 59296 0.922757726537619
21 2 26 20 97901 1.0348041173967775
14 12 4 23 69575 0.9018592407690323
11 15 7 2 73690 1.0820943520198159
3 25 12 19 54957 0.9638754815175379
26 15 7 23 98858 0.9422737898613845
5 12 20 6 64710 0.9913245985815726
28 28 29 10 86553 1.0911075926348428
14 29 26 6 122408 0.9522689613035764
21 15 12 14 47087 1.07364253637639
29 11 26 3 45820 0.9629334229020763
8 29 4 0 122972 0.9767251595251475
5 6 0 27 104151 1.0207991102220526
10 11 26 8 72912 1.0510037654085387
27 16 14 8 67928 0.9449940079820034
23 0 27 6 35127 1.0459346423618179
22 20 12 29 59668 0.9866205261560016
24 29 0 7 140400 1.078220368501924
18 9 7 11 46361 1.0609968178053857
21 4 16 15 61493 0.9667487809063494
28 0 8 19 131369 0.9518344893160069
11 19 2 20 51107 1.0580192052663975
23 10 15 25 70352 1.0626249314876057
5 22 25 6 123675 1.0372455239567444
28 7 16 4 73475 0.9923770632388313
9 7 7 26 79060 0.9589371190273228
1 21 5 4 86735 1.003606844066773
3 19 27 16 114835 0.9467954109645429
20 24 26 8 72414 0.9705938852835492
28 21 1 22 107558 1.0024207081885008
14 3 28 16 85286 1.0980823833644326
2 28 27 3 168349 0.9936311222805628
20 25 6 3 117942 1.0035767424820468
4 25 23 9 110204 1.0669860006149123
5 15 25 2 113444 1.0849178638050299
4 22 5 3 84608 1.0551444297997306
27 18 9 16 82489 0.9177028029358535
29 18 3 24 115007 0.9218706052599762
9 9 16 21 60139 1.006647703954945
5 13 15 17 44732 0.9952552054683494
0 2 29 19 154179 0.97910422704143
3 7 23 5 106381 0.9389696989549177
19 19 15 9 49669 0.9742920001607072
20 14 5 19 71698 0.9411539888857717
25 16 0 2 131821 1.0001813375100204
8 9 6 23 61766 1.0627947577370902
21 10 2 28 115978 0.9841131016130127
0 19 11 18 45856 1.074363411129744
18 18 23 25 35407 0.9554439394042096
8 28 4 16 62821 0.9217419849159604
23 17 21 9 36373 1.0170121249981392
28 12 3 17 91141 1.0104367120679538
15 19 0 9 73339 0.9870904505002782
11 26 28 15 87983 1.0330989354559819
26 14 14 1 84974 0.9795716766518979
18 0 8 3 45534 0.974633049168411
15 23 29 26 58845 0.9511613049222388
16 26 20 16 44914 0.9841200975502289
24 15 3 14 78310 0.9738413300345594
5 14 4 29 71913 0.9198079239557221
4 12 16 18 52581 1.0173470548895949
27 23 7 20 91338 0.9369698800973911
13 15 5 12 37532 1.0951422289957788
15 6 9 21 68301 0.9812482350770155
9 29 8 6 91226 1.0812349305430478
4 6 24 5 103409 1.0054264690871124
3 25 19 8 102748 1.0452408404470137
15 3 18 17 58390 0.9311945250311584
7 2 29 26 155385 1.0026359975192807
9 22 22 6 94933 0.9756420720559521
8 12 16 8 33090 0.904113118095584
7 10 18 18 59640 1.0934453601489142
17 25 7 13 73692 1.0582203261363214
28 0 21 13 67310 0.922394209974896
26 20 16 16 62293 0.901405985056493
1 0 8 22 112914 0.9427241545084005
2 29 15 1 130991 0.935992607371289
1 21 27 9 126361 1.0907534263099063
25 11 10 18 73995 0.9952003847435982
21 9 24 27 63557 1.008817549217259
17 22 27 20 56991 0.9368620913674719
18 17 8 12 48913 0.941668658451736
7 21 25 3 134033 1.0392170660477014
9 0 25 6 81922 1.0628402631877227
4 6 22 9 90724 1.070423761891147
14 15 29 0 102407 0.9085577788443969
6 26 24 27 62061 0.9224284076479242
24 2 3 25 149612 1.016769252728775
15 11 3 26 86764 1.0250409432430723
20 23 8 17 70999 0.9353144703523681
8 10 29 26 116743 1.0934808552712885
24 11 7 27 95371 1.0225729377117159
21 6 24 21 69469 0.9613708949975946
15 29 21 2 114608 1.0813023625086473
1 15 2 6 57011 0.9529370936217781
0 29 29 2 186676 0.9481751814076087
23 23 18 15 52373 1.0970085591578993
6 10 19 3 69717 0.901683849409055
3 9 25 0 113516 1.091043178206643
12 26 16 5 79864 0.9425657044302368
29 18 10 15 93782 1.0320729550053978
28 27 15 6 99448 1.0385772513223657
13 14 17 8 35804 0.9447286195180803
13 11 2 19 65221 1.0288473210762399
14 3 21 19 70578 0.97351930945322
29 7 17 17 78498 0.969049311416967
5 1 24 26 137329 1.0916712107387385
3 26 10 4 112377 1.0704262847602708
21 7 9 27 93644 1.0738340850967028
9 12 27 6 83118 0.9635532903390114
16 0 25 22 111785 1.0402975365404663
0 4 27 29 159186 0.9411155039573676
12 13 17 25 57703 1.0450086595925832
6 16 20 11 56360 1.0764969814468843
19 10 5 27 100505 1.006557358911181
21 1 4 29 152205 0.9036188970927561
7 24 8 5 86155 1.0554772389757774
8 3 23 8 83139 1.0945927701713725
1 10 22 16 82168 0.9942071817813969
29 19 16 25 62853 0.9733730534761028
29 13 10 12 65446 1.077008700804807
19 20 21 7 53773 1.0466538992487446
14 29 24 4 120299 1.095740367288363
0 13 19 12 60934 0.9650084095411428
13 13 25 15 55314 0.9527833596205101
26 2 21 11 59440 0.9713927953170791
9 19 6 7 54491 0.9017900803972032
6 18 27 5 114119 0.9300746442297492
15 15 0 29 88970 1.079830333501592
11 19 9 5 66527 1.0290550670975085
14 25 10 7 78376 1.0285882375540025
6 11 2 5 46895 1.0755624425786654
25 26 8 28 64573 1.0802415802007523
17 12 27 27 72448 1.0955456559386099
12 27 0 14 82411 1.0767642519082683
28 19 20 24 48407 0.9089475493901686
8 2 0 27 130981 1.082059964272729
3 3 4 22 91599 1.0963286520911568
5 11 25 25 96654 0.9967347491112363
29 23 1 3 168346 1.0564967791883157
2 10 15 26 82685 1.006007328261192
7 19 0 25 48174 0.9425261211161723
26 4 9 17 113413 0.9331664325126134
10 27 17 23 35752 0.9125762478934426
9 7 8 27 77370 1.0689286653850638
1 2 0 27 120423 0.9079862821454089
15 22 12 4 70947 0.9268640460821033
28 21 17 25 45655 0.9178060224187213
5 13 28 26 113656 0.9065682112234899
0 23 29 19 123324 1.005947610570092
26 18 19 6 76394 0.9887086986037086
26 7 2 25 138892 0.9869958302098895
20 18 16 6 59050 1.0594019302045665
1 8 14 28 111284 1.060155457831466
23 2 24 18 71453 0.979600982672991
10 28 2 17 69954 1.0499431716666483
17 20 19 3 76465 0.9976927436419449
24 11 8 13 56952 0.9599608186953343
