6135 6550 7111 7026 6721 7395 8089 6743 8008 7351 8403 6377 7564 7257 7205 8117 6912 6610 8213 6335 6089 5893 8374 6315 7682 7290 8050 6435 7058
7719 7028 8249 6416 7967 7183 7980 6202 6445 7311 6744 8532 8499 7629 6291 6369 6527 7517 7796 7715 6312 6730 6116 8602 7156 6667 6913 6325 8574
5307 3463 3576 4528 5128 4034 4331 4339 5255 4375 4018 4616 3166 3519 4059 4119 3389 5218 4027 3846 4573 2962 5274 3359 4260 2930 3094 4966 5107
6260 6150 6327 6296 5708 6994 5456 7684 6125 5798 5510 5951 7078 6592 7128 6604 6970 6931 5209 7016 6251 7322 6819 6944 6074 6355 5812 6713 6745
6342 6283 7853 6392 8001 6338 6456 6818 7411 7743 6308 6444 7617 6578 8236 6388 7321 6553 8868 8033 8452 7231 6380 7680 7153 8006 8756 7564 7912
6440 5977 7216 7190 7899 6472 7841 7879 6145 5955 5376 6886 7038 6199 6505 6838 6903 6699 5419 6136 7256 5497 5998 7085 6951 5921 6840 6442 6629
2500 1937 1352 1207 1678 2568 1079 2895 1257 2386 3415 1159 1563 1548 1380 2796 3224 3592 1990 2756 2889 1330 2843 3660 2037 1810 1979 1697 3674
2194 1499 2902 1262 3542 1812 3647 1564 2750 1539 2660 3169 2993 3353 2412 1692 2963 2035 2467 1416 2181 1917 3360 1245 1463 2562 3745 3415 1420
8104 7053 7533 8554 6682 8179 6258 6601 6971 6021 8317 7018 8282 6724 6783 7857 8163 6131 6039 6140 7042 8399 8434 8190 7997 6829 7509 7826 8445
5092 4717 4854 5640 3686 4713 3882 5183 5900 3962 3693 5957 4762 6183 4645 5414 6157 4597 5188 5795 6043 5191 5220 5851 4036 5824 5240 4379 3739
4306 4433 4667 4936 6148 5222 4932 4464 5562 4330 4235 4718 5458 4799 5935 5126 5408 5652 3949 4563 5775 5384 6032 5034 4823 5266 4801 4214 4484
6539 6179 6181 6069 5721 6252 5179 6433 7016 4480 6124 6515 5895 6820 5352 6993 5195 6616 5932 5058 5408 5051 5671 6988 6170 5202 6747 6235 5305
2999 4112 4827 3161 4973 5023 5104 4856 3566 4015 4432 4785 4139 4179 5044 4828 3467 4990 4613 3297 5378 3268 3424 5261 4047 3826 5426 4096 4001
8064 6771 6208 5798 6463 5843 7401 7672 7013 6850 6218 6443 7718 7264 7842 7380 7990 7931 5740 7972 6168 7562 5742 6440 6918 7190 6401 7602 6907
7128 6067 7080 6559 6171 8112 8546 7060 7631 6676 6855 6537 7784 7898 7296 6162 8425 7664 8362 7826 8424 8352 8035 6858 8143 7237 6108 6318 6094
6115 5184 5003 6837 5154 5812 4723 4944 5975 5933 6057 4935 6928 5242 4622 5415 5460 4840 5082 5944 4765 6558 5139 7028 6219 5833 4607 4883 6849
2645 3896 3692 3678 2609 2255 3898 2683 2232 4532 4271 2258 4630 4063 2710 3564 3210 4556 4642 3658 2243 4409 3878 3655 3721 3246 3681 2853 2228
3347 2201 2202 3936 2027 2536 2562 3732 3636 2869 1742 2291 2064 2957 3293 2601 2487 1731 3228 3497 2606 1757 2283 4034 3887 3082 2114 1670 1789
2787 2184 3461 4149 1938 2870 2531 3797 2226 3582 3187 2730 2809 1999 2302 1553 3075 3809 2010 3300 2957 3953 1971 2774 1804 3286 2130 3252 2155
3196 2227 2904 3438 2520 3226 4313 2957 2435 4357 1974 4169 2492 4387 2425 2966 3384 2987 3221 3818 2740 2706 3858 1859 3384 3140 1916 2304 3401
2343 3823 4671 4351 2246 4839 4869 2710 3577 2573 3533 4684 2909 3062 4341 3950 2512 4301 3582 4245 3661 3850 3055 4390 4750 3957 3197 4219 3129
6525 5753 4495 5001 5515 4990 6664 5301 6597 4244 6084 4797 5267 5467 5034 5098 5697 5551 4323 5361 4867 4968 4173 4384 6562 6635 5128 5778 4209
7748 7746 7731 8060 6199 8282 6856 8057 7847 7028 7641 6659 6216 8065 8036 7469 5950 7833 7372 6854 6188 7124 8094 5753 7941 6930 6179 8216 7794
6347 6151 5567 5454 4810 4484 5142 5508 5050 5090 5045 4774 6547 6437 4941 5051 5590 5119 4080 6032 5937 5855 5322 6014 4597 4159 5649 4140 6390
1763 3870 2517 2598 2946 3829 2129 1860 3856 1387 2659 3165 1523 1515 2918 1791 3039 3668 2718 2286 2664 1609 3369 3663 3505 1612 2599 3086 2701
5550 4403 4885 4261 5402 6526 4270 6592 5073 4742 6530 5063 6661 6678 4462 4793 4178 6042 5358 6342 5631 5403 5361 5902 4753 4923 6154 5795 4693
4840 4913 3438 5855 4354 3935 5056 4823 3756 5964 5366 3831 3912 4804 5430 5487 6010 4415 3879 3778 5300 4774 5854 5697 5980 4012 6017 4536 5877
7042 4916 7385 5927 5457 6921 5296 7114 6622 6372 5193 5328 5483 6846 6636 6272 5911 6410 6978 6881 6836 5650 7382 7204 5780 4920 6040 5303 7269
4861 4210 4295 5989 5069 4396 4273 3812 5240 5225 4612 4840 5023 4829 5308 4731 4823 4491 5569 4957 4647 6052 4745 5193 4519 3817 5198 6137 5419
4553 2717 2997 2889 2407 3220 4606 2800 3994 4199 3885 3690 2115 3918 2689 3086 3340 3632 3751 4493 3854 3899 2291 2645 2634 2367 2850 2062 2494
4034 5164 3709 6341 5807 5193 2206 1401 3707 4133 5582 3620 5992 3645 6041 7325 5401 2520 2830 5767 4058 3909 3763 2930 2043 6344 6785 6123 6490 4073
4341 6156 3991 7153 5852 4397 2988 2726 5540 2132 5971 2871 7836 3019 7387 6126 3416 2720 4352 4373 4849 5703 4544 2904 3717 8315 7745 7167 6800 3274
4194 6062 3933 8082 4882 4903 3205 1578 4141 3103 3590 2131 6483 2217 7316 6173 4852 2418 3988 5732 4824 4541 5258 2028 3431 7850 7504 6747 7711 2015
5457 6060 5523 6844 4551 6257 3948 2033 5952 2150 5707 3253 6532 3185 7202 4990 4266 2948 2400 4067 3238 5977 5490 1345 2822 6845 8261 5739 8451 3852
6112 6600 5245 6164 3889 5447 2817 1963 4547 3166 4820 2178 7409 3082 5576 5870 4292 3291 2776 3944 3809 5184 4154 2026 2164 7294 7219 8005 7728 3247
3972 6052 4491 6894 6427 5021 2544 2598 5450 3872 4527 3299 6207 4284 6211 6844 3846 3241 4139 6141 4399 6164 3845 3003 3843 8272 8489 7047 6113 3503
4945 4644 4219 7738 5141 4351 2230 2528 4251 3369 5382 2240 7587 2279 5881 6240 4413 2587 2181 6062 2947 5276 4593 1812 2566 8095 7367 7123 7533 2088
4835 4778 4096 6275 5672 5695 2183 1483 3671 2848 5050 1978 7864 3943 7115 5384 4401 1383 3763 5106 2606 5552 5402 1617 3096 8246 8892 6007 5992 2478
3927 4483 5285 8450 5682 4633 2701 1737 4046 3245 3802 3984 7017 2244 5442 5340 5378 1402 4350 5152 3446 5398 5189 2885 2889 7700 6938 8126 7808 2852
5302 6240 4752 6450 5558 6122 2151 1644 5081 3352 5159 2548 6975 3330 7150 6820 3262 1415 3609 5045 4676 6245 4306 1887 2305 8754 7146 5675 7713 1668
3755 5366 4937 6933 4561 5425 3227 2900 4339 3485 4994 2871 6554 2979 5271 5488 3767 3473 2870 3805 2555 5385 4105 3606 2132 8870 8388 7646 6488 3079
3584 4127 3692 8331 4723 5149 3225 3251 5010 2743 4788 3180 5852 3809 6199 6752 4243 2374 2447 5773 2638 4572 3478 2927 1961 7369 8131 6860 8518 2019
4915 6073 5108 6371 4393 5853 2932 1876 3743 2437 4621 2411 6495 3751 5064 5163 4145 1525 2510 4260 4831 4013 3457 3167 2378 8009 8643 8060 6298 1842
4188 5756 4882 7747 4664 3863 3993 3806 5691 3825 4480 3163 5837 3714 5373 6219 4257 3187 2771 6390 3978 6102 3428 1670 2214 7107 8474 5553 8336 2390
5740 6025 3452 7204 4100 6066 3580 3306 3409 2864 5326 3092 7805 2733 5994 5846 3551 2248 4062 5120 3893 5621 3309 3081 3649 6548 8905 8145 6049 4081
5563 6300 4288 7174 4803 5078 2793 3248 4342 3832 5252 3183 6980 2569 5361 6061 4624 3329 3344 3902 4708 3893 3384 1846 2655 7679 7894 5616 7989 4164
3901 4157 4780 7141 3983 3928 3236 3740 5212 2340 5758 3489 6809 4080 7153 5747 4630 1711 3507 5800 4407 6382 3377 3164 2862 6525 8033 7620 7562 1921
6074 4581 5094 8271 4843 5271 4080 3715 4027 4417 4143 4300 6949 3336 6094 7510 5391 1924 2836 4079 4775 5853 3257 2274 3140 6561 8190 7924 6322 2998
5486 5050 3185 6154 5977 5189 2231 1621 5698 3561 4491 3025 7193 3056 6249 5190 3783 1895 4514 4651 4616 4880 4353 1917 3427 8841 6450 7279 8522 3502
4843 5966 3799 6040 5770 5210 2112 2606 4872 2965 4805 2665 6735 3695 6568 6798 4272 1896 2727 4347 5048 3974 3261 1856 1652 6482 7603 6074 6855 3613
3798 5820 4773 7503 5404 4661 3962 3746 4302 2827 3580 4370 6787 2483 7066 5012 3700 1415 1959 6183 4975 4742 4710 2455 1852 6620 8215 7091 8374 2068
4651 4349 4241 5863 5831 4754 2328 3258 4461 2293 5664 4529 6306 3026 5930 5608 3997 2742 3177 6014 3562 3925 5021 2260 3843 6515 6702 7879 6872 2586
3639 4172 4179 7740 5118 5228 2950 2758 3863 2118 4757 3116 6949 1708 5164 6367 3808 2140 3263 3984 5001 6429 3999 1705 2220 7185 7394 6021 8557 2264
5620 4045 5121 6265 4621 3754 3049 2939 3807 2814 3687 2345 5681 2604 5068 7383 3875 2240 3161 6138 3737 4633 4815 3119 3373 6873 8146 6022 7794 3131
4236 5271 4233 8162 6472 4381 3109 3745 4129 3750 3880 2290 6862 3830 5995 6559 4866 3356 3532 6230 2995 5603 3315 1289 3750 7237 8754 7093 7344 1987
5245 6282 5077 8457 5583 5677 3521 2932 3884 2441 4046 3170 7509 4144 6045 6214 3038 3424 2439 6283 4238 5172 3000 1198 1742 8330 7511 6568 7315 2665
5857 5155 4486 7754 4149 6143 3574 3500 4312 2416 5398 3470 7755 2755 5821 7116 4768 1809 2056 5176 3177 5530 3321 1450 3707 8840 7295 6226 8394 2308
4056 3960 5506 8059 6067 4597 2620 3120 3942 2867 4390 4064 6324 2218 5531 6795 4911 1789 2435 6319 4542 4438 4507 1059 3400 8590 8326 6791 7808 2073
5950 4015 3105 6891 4457 3834 4413 2169 3789 3781 4988 4154 5305 2397 5929 7495 5278 2134 3871 5648 4456 5625 5340 2511 3911 6822 6624 6644 7830 2229
1 13 27 11 83928 1.0128724472710715
13 16 1 13 44981 0.9248793815213701
0 14 4 28 76061 1.0716736962606723
12 14 3 3 61872 1.0233080538984947
16 4 19 18 42130 1.0027361709654752
22 22 11 4 90290 1.042902869682661
29 14 15 16 45424 1.0587260971881254
8 5 0 17 49577 0.9524311344909894
14 9 6 17 40044 1.0879605811103779
10 18 29 29 73027 0.961981183809337
6 25 20 20 48311 1.0455235182838878
15 23 21 14 42171 0.9214198286871482
23 26 9 16 64894 1.0505382668822643
26 26 11 5 101977 0.9584045138142441
28 0 23 28 100614 0.994320305873892
28 21 10 6 92404 1.0689738718121453
0 11 24 2 89758 0.9878353301985192
4 29 21 11 83633 1.0749950275307236
29 3 10 22 103204 0.9134299225391617
20 24 13 11 51424 1.012163067915943
14 12 11 29 76439 1.002010600879984
7 15 20 1 75618 1.0092484764784688
15 3 26 8 51666 1.065284774918438
3 8 16 1 60085 1.046996763603964
13 13 19 28 56170 0.9883290348315308
18 11 11 21 49338 1.0609878489913478
12 2 14 15 69486 1.066282728932764
3 15 13 7 46998 0.9820998509953944
10 6 5 16 32298 0.9485269192463048
21 10 13 6 36010 1.0001402312777865
8 23 25 29 58713 1.0347889778761035
4 21 17 21 47223 1.0176549388504017
18 27 11 23 28123 1.0522175049786389
4 25 15 20 53052 1.0488919484665102
20 29 29 7 82708 0.9162821655679142
4 22 12 27 39581 0.9632575228379577
0 23 8 10 51256 1.0831820236194523
24 3 16 22 65663 1.0750956545930728
17 29 11 1 101338 0.9726149463735329
29 5 19 1 49173 0.9844972065150805
3 7 13 27 79167 0.9871741962730763
1 18 7 1 56472 0.9954119737704942
21 4 14 0 45571 1.0079460304044188
28 7 11 22 84514 0.9964310791474303
11 18 8 10 36929 0.9993344074275305
12 21 5 7 54025 1.0961575873482043
27 2 10 18 88087 0.9006879734854393
27 22 7 22 56115 1.070938826853056
25 7 2 10 74725 0.9359300595043745
22 27 11 6 97529 0.9994511136279259
17 13 12 22 41112 1.021941458313311
3 22 22 17 58492 1.0314967077793018
23 9 7 20 63028 0.9046265816655622
11 10 13 25 70302 1.0569920773525765
23 2 28 18 56983 1.071647078871316
13 28 7 21 39972 0.9769215599642278
28 0 1 23 125552 1.0786074604190194
27 0 12 28 123032 0.9710377077024637
0 22 15 6 83734 0.9962430013673221
17 17 10 23 34563 0.9671482567664382
1 15 12 16 41173 1.0136988712588861
13 26 8 20 40178 1.0363557566244048
25 6 12 29 89279 0.9013233778193405
0 24 18 26 54949 1.0844532880545492
0 0 5 29 95814 0.9175712310163293
6 22 13 5 59460 1.0416016151979914
11 13 24 20 53921 1.0772307115009552
6 0 2 6 23756 0.9311002675687794
9 2 11 13 48934 0.9878623977242291
27 18 25 28 42482 0.9436532351680187
21 5 0 6 66757 0.9311213394512772
4 24 24 5 89164 1.0827520562864372
8 4 21 21 85893 1.0089085982681285
7 17 7 0 40006 0.9463056126689758
28 13 4 10 81134 1.0356196615122537
29 2 9 19 97891 1.0280525912774567
24 7 10 17 55812 0.9870937693308548
8 11 4 25 48108 0.9087999827806216
0 15 17 10 70400 0.9578889156443026
12 23 10 7 56172 1.0570131607755984
24 14 28 2 49286 0.9202413249033607
0 8 14 18 63570 1.0055166621327658
27 3 6 3 83411 1.0401205240806755
21 20 15 26 42797 0.9941912939097
6 0 14 17 51290 1.0615977904478169
3 27 24 12 90889 1.0361475369616824
4 25 9 5 66458 0.9106322904037923
1 1 2 26 92669 0.9896093238451289
11 23 10 13 43308 1.0981095567410297
27 28 27 18 51217 0.9110983958369571
1 25 27 9 100725 0.9355290880934086
12 21 29 25 47992 1.0677056511736134
24 28 5 15 82392 1.097523994899922
13 23 0 0 94106 1.0127585046148746
12 23 26 6 74754 1.026264066761508
1 12 17 11 54403 1.0346779009961193
5 5 15 19 59807 1.0799586157101602
6 8 28 9 67633 0.9788635598202783
7 16 2 2 49487 1.0344195735121202
21 28 20 10 69502 0.9326633936207341
12 15 9 22 38949 1.0792678711937305
10 24 7 11 39408 1.028447711826501
16 19 2 25 54707 0.9679373113609872
26 23 23 14 31617 1.0415683965159963
29 2 6 10 87579 1.0329944734852994
21 4 15 9 35565 0.9225526613494891
2 12 12 12 37063 0.9558732852036806
14 18 19 11 32061 1.027048249777679
21 2 8 23 91646 1.0301234055633914
19 10 4 28 81989 1.016492377988619
1 0 22 4 94312 0.937704001709176
12 28 13 4 98427 0.9348420245301852
11 15 22 10 59699 1.0725276207605905
19 11 3 8 59248 0.9168367296272801
19 16 0 25 69641 0.9450677273233261
13 29 18 20 39836 1.0542521833299894
25 20 16 25 36446 1.0723388407852812
7 29 5 2 63811 0.966219662001952
4 22 24 5 87053 1.075260993605284
0 28 15 20 78111 0.9895486309501913
8 6 8 25 54032 1.0212647246820346
10 5 27 26 107510 1.07746814979379
24 19 16 2 63332 0.9265911651013458
8 27 19 27 49541 1.0334076849283131
4 5 24 21 84623 0.9628313258146789
18 14 23 1 54955 0.9905716718230289
13 18 27 24 53782 1.0972714356556528
26 24 0 2 119783 1.0642145669995366
18 26 4 13 66188 0.9809937153626589
25 14 4 1 91891 0.9670552884367747
12 25 25 7 78574 1.0513056421539069
29 10 9 3 84891 0.9937422581618341
22 12 22 2 45201 0.9766584362459693
13 21 23 4 82212 1.0684871742751887
5 9 4 21 43918 1.0242207231519844
10 22 26 15 67668 0.9236167230200917
6 28 28 6 99675 0.9250070930991072
4 13 8 6 25533 0.9183361498064346
9 26 3 15 55285 0.9377273704520531
4 29 13 8 78098 0.9665315506503991
28 11 5 22 80173 1.0163642198100575
12 5 21 21 74082 1.0163809181491388
7 17 29 17 48811 0.9280055009376046
21 11 9 27 80767 1.0756683749688798
19 7 26 17 43186 0.9110198327181671
19 11 6 2 52854 1.003864330990191
16 1 15 29 85056 1.017356479509986
28 4 11 12 80773 1.0407682825569176
19 15 2 9 64565 1.0663348156834462
5 10 14 14 43864 1.073680803122852
27 7 20 22 62066 1.0424337813860263
19 6 2 26 90132 1.0239363166591866
10 10 11 27 72404 1.0344739249134853
20 23 13 28 41635 0.916531634570698
19 21 0 7 75141 1.0206951505558903
11 27 9 13 59769 1.0773140319918453
21 13 10 2 71282 0.9839109078928148
0 28 9 25 50806 1.0275420938840973
17 29 1 0 113911 0.9064082978626539
5 13 22 0 83729 0.9012233187725267
8 16 28 3 97199 1.0029233643371542
23 1 8 29 111650 1.0189293376134894
22 28 19 15 57745 0.9458579709381447
3 28 6 5 72874 1.0361212982823045
19 17 7 15 30521 0.9064694339874475
12 28 26 0 117175 1.0423242730237363
11 18 5 0 53225 1.0794555207676817
3 7 22 0 75092 0.9006142767435665
12 3 0 3 65811 1.0183822396209976
29 27 11 25 59118 1.0043117711917553
15 27 3 19 64310 0.9307642765445069
6 8 7 19 25817 0.9572849748637411
15 9 5 23 61311 0.9535702750449767
4 7 29 19 84965 0.9368481395471537
26 3 13 5 60931 1.054929961004984
12 8 18 23 56544 1.0814576850917823
1 27 4 14 63799 0.9562167282467096
26 27 24 4 73124 0.9912174402370632
7 15 12 25 35706 0.9499071856309721
4 1 26 13 92355 1.0417107479408416
17 11 7 17 37740 0.9371090126107267
20 6 28 23 59441 0.9270484548275112
1 17 2 0 68297 1.0163378284581852
1 22 11 14 57823 1.0348440274965158
24 15 6 18 45345 0.9386788644305594
7 5 8 21 42982 1.094550931579483
10 8 3 19 49867 1.0251229515784668
19 17 7 26 44512 1.0533977091727675
3 3 18 19 79268 0.9269908110370937
17 26 8 20 44419 0.9506109294855267
11 3 17 28 94962 0.9855547666676663
5 19 2 0 65402 0.9270532129778073
28 12 11 16 61054 1.0132855710475788
14 5 14 15 55877 1.008437762263922
13 10 18 22 50914 1.06235011040573
9 0 3 29 87040 0.9043963804156301
19 4 0 0 83660 1.0621600583978614
23 26 10 25 47564 1.0366493749633416
19 8 21 19 40150 1.0744695239584525
25 0 3 26 122345 0.9013788097242885
20 5 10 10 47599 0.9148550179562903
8 9 17 18 47322 0.9822900076722519
13 20 6 28 39544 1.038144116876076
12 8 17 21 50230 0.9400680136825939
6 26 19 12 59482 1.0984507566768391
6 17 10 8 31751 1.046116617229734
2 8 16 1 58318 0.9553564012312156
22 9 15 19 46972 0.9807324245455291
18 20 10 15 38258 0.9064745657002813
4 9 29 7 76818 0.967833528842216
26 27 28 3 94627 0.9203463252369891
1 28 2 6 83337 1.0136440613000979
7 0 4 23 57848 1.0852441735995701
28 2 8 0 95141 0.9184869560415081
13 17 24 16 27766 0.941756067503958
20 9 4 2 60832 0.9273861270406903
6 3 12 22 60464 0.9727644163216056
19 10 0 6 62234 1.0103786446972711
5 22 9 16 25871 1.0661887467145013
28 15 6 26 77265 1.0271843767543698
10 12 23 21 69655 1.0995719804608286
0 7 13 19 59796 0.9935936036011411
28 24 22 28 39034 1.0562799182214442
17 20 20 11 30538 1.0580359318545614
26 8 12 6 49248 0.9072249023942497
14 3 8 17 67466 0.9494373483373351
22 8 10 6 44963 0.9429788370147226
17 7 13 23 52535 0.9225786942258631
29 23 18 8 59612 0.9929920102023861
25 24 13 12 68912 1.005202046661231
10 11 21 19 51900 1.0836689884304382
28 15 10 5 86333 0.9635314381216383
25 6 9 16 68622 0.924551561410604
28 14 21 3 58188 1.0988605698555014
1 18 24 21 69506 0.9092095160046044
18 9 11 6 32059 0.9211101617425812
13 24 28 13 66901 0.9458760845182719
29 4 4 11 88857 1.0067450581960937
23 11 2 16 70469 0.9017091504657123
19 0 15 7 32976 1.0828325816287094
25 6 5 12 70991 1.097874500180236
1 19 16 6 74867 0.9265247329911481
26 2 23 24 70392 0.9313595852847224
29 15 6 14 65224 0.9562316475805164
18 26 28 28 39153 1.0857302765954033
5 18 15 28 58769 1.0650635306775023
23 5 0 21 108994 1.0237135822097936
13 24 15 12 55194 1.0836397732038392
5 14 27 9 76833 0.9841057392838983
6 11 26 13 64376 0.9319288353542112
29 18 22 14 34124 1.0661410271923741
9 2 19 19 77768 0.9970401808961297
6 20 16 22 35438 1.0502294681152284
25 24 20 15 38504 1.071234497997147
3 1 27 2 106103 0.9743483662739443
6 14 22 10 59176 0.9241738680675631
17 28 22 11 60870 1.0123955274926906
8 13 28 24 77165 0.9299849470983776
5 9 9 24 44536 1.0326778768807923
0 5 21 29 112327 1.0901172624646773
29 15 14 16 46286 0.9116046198436868
22 12 0 20 85418 1.0456396603633757
11 17 7 7 32683 0.9898842278337103
13 11 21 29 69598 0.9674772001327524
20 21 0 19 74292 0.9426374031661522
28 22 8 8 89471 1.0820239702050258
26 28 12 9 92866 0.990837707413939
29 21 22 5 66845 0.9727620198872325
23 13 1 6 74795 1.077571648441946
6 25 18 25 35688 1.0987029937755368
8 27 13 14 56848 1.0696461092939356
17 3 4 21 83050 0.9304209627597492
29 14 0 24 90635 1.036066630712074
15 15 8 12 40706 0.9533783075526144
5 12 27 25 88839 1.0982579854959977
1 28 22 28 75608 0.9716297237062325
13 3 3 16 66836 1.033978238103182
12 20 13 29 40569 0.9601345826676757
16 19 0 3 92583 1.0981644918568716
24 8 11 19 61474 1.0023509377823625
6 11 12 3 39615 1.0312237759903702
4 16 16 24 51849 1.0774379949553694
2 0 11 5 49721 0.9659554665361498
1 5 5 28 75253 1.0807394155768608
13 17 0 12 49558 0.9909840093319319
11 4 11 29 86766 0.9869424069124112
28 1 11 14 98274 0.9219652445959364
29 10 21 28 79967 0.9942253212575565
17 17 1 19 47966 0.9094526902274043
2 14 21 21 73400 0.9869582175877296
23 14 10 8 59795 0.9253360321995588
6 10 25 18 61171 0.9727002633286475
7 0 23 14 80071 0.9677579469499287
5 10 18 23 61622 1.0164023171888825
23 18 8 4 77723 1.0018442621803894
27 12 19 17 35908 0.9126114466296014
8 21 21 11 62150 0.9799128640680521
21 11 7 13 50421 1.0745900856772808
22 22 13 11 59906 0.9125566830726244
8 4 18 17 62516 0.9446666377083608
29 15 2 27 92470 0.9656773660598088
21 15 14 21 41645 1.0688297312458501
24 1 13 17 66329 1.0897916046756466
14 12 7 26 60620 0.9046476137294484
21 12 10 16 48609 0.902358672818504
29 23 7 5 89451 0.9251251046182636
24 4 17 11 40226 1.0491069669407687
12 15 26 16 45119 0.9109340419034287
2 29 18 23 55749 1.0792290177316282
21 21 15 29 39853 1.000318813708188
5 7 20 24 71659 0.9022160668732957
14 21 24 0 82237 1.0352136235432257
18 4 24 18 49034 0.9400138495469397
8 29 24 14 73751 1.008874625509714
3 7 3 29 69076 1.0597121705736465
12 6 29 3 62999 0.9290072698266821
10 22 18 10 56936 1.0523361607564614
21 0 24 15 52445 1.054423309797451
12 20 1 12 57144 0.9491491491890949
2 25 18 19 57905 0.9236231600976781
16 8 4 12 48608 1.0537619095134718
2 2 29 21 115827 1.0196545536834787
21 19 9 12 57883 0.9444587909694362
19 29 29 0 105575 1.0853433526420835
24 4 12 8 50379 0.982854391561831
8 14 27 19 69154 0.9334102476089235
8 28 28 10 99654 0.9771349665330248
7 5 14 13 43845 0.9231117117321165
22 6 25 28 69964 1.0926846061619415
18 25 11 5 76186 1.0333609471423864
23 29 25 20 30934 1.0432088673527002
28 11 4 5 83082 1.0678675748701487
1 4 4 25 81360 1.0745937574167839
8 29 15 11 69428 1.0007583398269382
11 15 11 5 56104 1.0275515696273112
24 16 3 21 65900 1.0080314819092109
11 4 15 25 89799 0.9344004632774507
17 12 5 9 43630 1.0574158790769561
27 28 1 12 119176 0.9194874264744171
24 26 18 18 36024 0.9707256292197286
23 28 4 17 80430 1.018376640417054
25 28 10 5 107478 1.019044797715621
27 25 23 11 49531 1.035134042460776
24 0 21 8 33643 1.0947493765623943
20 13 3 12 61262 1.050650831567387
25 16 9 0 92601 1.0053574978409334
9 14 2 20 44136 0.984311202473178
21 22 1 18 69702 0.9238787308944111
11 12 4 22 49894 0.966128974895855
15 11 21 27 64164 1.0121450996817067
22 26 5 24 61335 1.0426782296786519
1 28 15 5 102172 0.9163957670141819
13 0 27 26 116839 1.0978071038828872
23 2 4 8 78455 1.0854631396238643
2 19 25 5 91897 0.9717312252955055
29 22 6 29 66242 0.9619357202174845
2 15 1 24 40484 1.0429317542105
6 3 1 18 49402 1.0556733906790317
18 16 8 5 58670 0.9744113721059414
27 18 20 28 50116 1.0629532604447784
15 1 11 24 87941 0.9262495212360901
19 27 18 7 57476 1.0424494360242187
17 28 14 2 81320 1.0572744042788447
1 24 23 29 72787 0.916382533953749
12 1 19 23 84826 0.9340792494551591
7 16 28 4 87393 1.0958049847342737
29 20 8 1 103277 1.0496788772723393
26 25 15 7 74540 1.0061352943708302
14 12 5 10 36854 1.0768672361368903
13 17 24 2 62459 0.9944754322220867
19 22 14 6 56124 1.0993793918611667
12 28 22 12 79406 0.9733233675178766
4 29 27 4 116343 1.0529228494963716
27 12 28 25 56126 0.9566393682838558
8 10 10 0 41825 1.0049101907811286
0 3 12 21 90266 0.950214723561161
19 15 18 29 41646 1.0079070968864625
19 17 28 7 47443 1.0907765228719202
14 2 12 28 101508 0.9534683242211801
17 3 20 25 66287 0.9225901111964797
2 25 26 29 80828 1.0792081023054767
14 20 22 1 85289 0.9543207165321077
5 5 0 23 59927 0.9506133842702281
0 6 27 18 89901 0.9215673788964123
19 6 1 17 72509 1.024748217051371
18 24 3 18 53363 1.0306355787611357
28 21 18 21 35029 0.9726600001405816
13 15 17 8 40804 1.0796325315484367
24 10 23 19 27519 0.9423204316456262
2 2 16 13 71102 0.9773047881421302
1 13 29 11 92146 0.9670070172001071
19 6 8 18 60741 1.0975174028648964
3 20 15 5 72745 0.9587433115687487
21 1 4 9 74716 1.0191164458993751
6 24 2 11 41591 1.0650865574188035
6 27 28 1 119716 1.083928721459867
18 12 7 22 45725 1.0848516392656828
17 20 24 16 25747 0.9294328917398843
29 8 18 17 49574 1.094181054100695
18 18 1 6 66315 0.9020548910040599
13 12 9 4 45799 0.954491067193304
10 14 5 25 48165 1.0171674605443963
12 7 21 16 49402 1.0775998303159888
20 22 9 17 41814 0.9905835673260671
24 15 4 5 78117 0.9604497684134999
2 22 25 21 67505 1.0335738563656707
5 22 25 8 79210 0.9333788155749244
17 19 7 2 63319 1.0791199262922553
5 26 23 11 82118 1.0349454976209402
24 14 5 24 65077 0.9668945165361744
15 4 7 10 41545 0.9110027719387298
24 16 1 26 81222 0.9278237332785952
6 2 24 23 84707 1.0067476426430697
3 8 20 24 80222 0.9560525305787598
28 19 4 9 83094 0.9602169143557979
0 15 24 26 96010 0.9577829536008075
19 10 8 7 40526 1.0429315291264571
5 29 11 8 69850 1.0738949297497906
14 23 3 0 83207 0.9124007763578471
14 7 4 4 34866 1.0241804015826568
11 20 13 1 88080 0.9758534503030015
20 12 29 15 34681 1.0589963325928622
23 8 14 19 58696 0.9056766015994566
10 2 5 14 46670 1.0379439496027234
1 6 28 4 90071 1.0349505844936242
13 12 21 4 53784 0.9234229163303512
0 2 14 14 80651 0.9413822410708848
14 15 21 22 46520 1.0706936457976624
16 5 0 6 48978 0.9631495689477354
25 3 26 14 46865 1.00799806942805
19 24 18 7 49036 0.9038093008462822
26 18 1 18 67809 1.0936860515312583
22 25 21 1 87679 1.0844390950217044
21 18 22 4 55029 1.0457201292784624
17 6 2 29 93282 0.9526310181370427
0 13 26 9 86090 0.9999812858363881
27 25 14 18 56791 0.955535496320614
29 3 23 14 48915 1.0888598986412523
23 22 9 3 96526 0.9644079788284803
17 17 1 2 77324 1.0146872785475043
29 11 15 25 75459 0.9479866443876568
29 29 12 5 101906 0.9403769680006788
7 29 3 20 34170 1.0346324043621373
7 6 19 14 53898 1.0236327781512438
10 21 7 10 41578 1.0758334102249678
12 8 1 23 64054 0.9544193842505961
4 15 24 14 64384 0.9381426638575399
20 13 7 14 46592 0.9945521632211765
5 17 14 13 38238 0.9647465942707907
19 10 13 21 52113 1.0191141171714762
19 25 3 6 81181 0.9352427487542676
29 2 29 15 43409 1.05098222217372
16 1 6 14 58302 1.0574520526658655
17 14 11 27 61278 0.9419840676965795
23 1 16 8 48951 1.0104380716451864
20 26 15 1 84674 0.9680274282018982
14 21 6 27 39366 1.088816518826813
29 6 28 22 63291 0.9076140339202704
22 11 1 17 70233 0.9010069938077365
1 26 29 19 91988 0.9954591633838266
17 7 3 28 95450 0.9173210840283754
1 1 11 14 70965 0.990719419052714
14 22 21 28 42438 1.036294675004572
26 27 15 28 47365 0.9865257487857609
0 23 29 8 102969 0.9289827213553326
17 26 23 5 73732 1.0461818664826146
14 21 20 11 46702 1.0802941630118905
18 6 5 7 38363 0.9693463940649585
8 16 3 5 44194 1.029789552478965
9 8 0 9 31781 0.9794098428422294
2 16 15 4 72147 1.0670635580347971
8 14 23 25 71545 0.9261237724239201
8 0 15 24 80086 1.0348095836757258
18 19 22 6 46243 1.0211193867177546
14 17 1 19 40678 0.9266374156584783
28 24 24 16 29542 1.0282626201890555
15 7 4 22 62982 1.0450669825301757
4 25 18 0 101498 1.0638431566748385
1 10 13 3 62210 1.0431923628412147
23 5 26 27 73882 1.0392886127669334
9 26 29 4 112033 0.9821100027029426
1 17 8 26 44743 1.098887928244838
25 5 26 17 40832 0.9091573278129864
23 18 11 28 69240 0.9878997201501747
3 25 13 2 95183 1.003801630205615
25 10 19 14 29130 1.0574073477815
16 28 22 3 94833 0.94140203107608
4 28 0 1 103373 1.0763409262530836
22 20 11 20 47431 1.0445697399056943
21 0 28 14 65788 0.9718700619912403
2 27 29 14 95159 0.9255049191660187
10 29 1 16 55514 0.9359841450409001
0 0 4 25 94274 1.001152871713548
9 27 2 14 61758 1.048283075259653
6 21 18 21 40033 0.9802394256946156
8 7 15 21 64131 1.0734944402784325
1 5 27 3 98220 0.9014142383310285
3 18 20 18 45111 0.9488423554373859
7 12 24 10 60061 0.9674523494184778
14 13 21 25 51778 0.9386066813301278
4 3 10 21 66221 1.0955819080028304
27 16 22 26 53938 0.9292029897339159
22 9 23 19 33838 1.0363855872389849
3 14 24 14 72725 1.042666200611035
13 11 29 7 59715 1.0624981629716066
12 3 27 18 82392 0.9008453558258438
0 10 11 29 77315 1.059030849522829
21 0 29 10 58732 1.0572530247661658
4 3 17 18 67578 1.0731304975685623
26 3 20 10 41244 1.0357332274181996
26 24 19 9 55512 0.959721599453061
26 10 7 19 65337 0.9229123639390832
18 14 25 6 38259 1.0035432322748412
11 9 3 7 26366 1.0259664934307264
14 19 24 19 39422 0.954365729915979
4 26 22 5 108553 0.949062235592061
15 21 14 6 56829 0.9465689609849705
18 9 9 29 76003 1.0355053060320476
26 4 17 10 46628 0.9104193453833654
2 11 23 18 64296 1.0113954088674857
22 13 2 18 62679 0.930851828520165
16 12 2 20 63648 1.0765211106416575
26 13 15 5 53584 0.9385261875092108
12 11 16 17 32284 1.0219381124722449
1 6 22 12 78599 0.9579090443183612
10 1 2 26 85077 1.0120937770615854
29 29 8 13 89535 1.0148224490825388
1 22 1 11 50909 1.0742007000615925
28 15 2 25 87440 0.9606693673662573
10 19 6 25 28597 1.0438405913775621
25 4 4 20 92461 0.905220672862829
2 4 9 24 66481 0.937913187576185
12 17 17 3 50733 1.0406673376825417
3 8 0 16 45917 0.9216327541836492
21 9 1 27 97462 0.975631594489049
3 20 23 18 59489 1.0441431003494586
23 6 25 28 67014 0.9935891986053946
28 21 2 9 96919 0.9716600562168148
12 7 28 26 87889 0.9040533937059341
1 16 8 8 41978 1.0540355146643685
0 18 13 3 81404 1.0984665803737415
15 8 3 18 60277 0.9920749527907682
29 0 0 19 129847 0.9426409461897306
6 0 18 13 57657 1.061282010450348
24 24 22 6 51818 1.0553067848769808
20 28 22 14 62958 1.0679137628590518
5 9 9 1 30887 1.03899466458241
16 19 23 16 27482 1.0379128737335053
1 13 22 5 80548 1.0758059032248113
21 6 16 27 72589 0.9239293555131615
28 0 20 27 104297 1.0919306396419042
3 18 24 11 63781 1.0394297763932352
12 7 2 2 40619 1.0270221984369519
18 24 6 7 66407 1.070239783529224
20 0 26 28 104413 0.9827538082804131
27 26 4 8 105766 0.9719768248345751
0 11 11 8 41772 0.9315866801101756
23 4 11 18 70927 0.9969880297585991
1 5 27 13 93571 1.0774017013960473
6 3 22 7 50997 1.0145341200337974
19 14 15 7 30248 0.9387172838479528
4 20 29 22 68316 0.9685780403015071
19 13 29 21 51021 0.9531065115671149
25 0 25 15 49330 1.0700639858416765
1 11 8 29 57693 0.9576094704479408
7 12 29 28 86091 1.0006626687184599
17 6 19 23 49527 0.9691355294982069
7 22 17 11 47756 1.054776483460138
27 22 8 13 73243 0.9252538829748115
22 26 4 2 107247 1.092290805319196
24 28 10 20 59983 0.9295628749087619
8 13 8 26 41901 1.0880877494720391
17 0 8 29 98234 0.9888631450718222
6 10 28 16 69172 0.97678029768878
28 4 0 0 114604 1.0426743124141953
6 4 22 14 70986 0.9622331059061668
24 0 8 19 89272 1.0072967257502239
15 12 1 15 59596 1.009132293618461
12 4 13 18 65911 1.0784199320692567
8 6 29 11 75293 0.9418745090261007
1 22 14 18 52895 1.042375834314899
22 10 5 20 70170 0.9588087072647392
19 26 29 22 29576 1.0376759771976214
14 2 26 23 83487 0.9798823803855579
6 11 21 18 47796 0.950457339345575
21 23 28 1 83802 1.0588717264405068
26 15 4 27 90423 1.0148068115859954
1 25 28 0 136880 1.0024805402514154
2 27 26 4 114293 1.0183257363332614
26 23 4 17 64219 0.9551530564750715
10 8 22 17 56267 0.9891015607132997
15 24 16 8 49452 0.9154282138612946
15 6 28 7 42167 0.9075901064300297
16 29 3 4 96201 0.9640847024142156
2 21 17 27 54919 0.9600105819793745
10 3 21 6 51677 0.9993710067352064
11 6 25 25 89493 1.0371423569097014
13 14 2 16 46324 0.9416811456584928
16 0 7 11 54437 0.9172619740940507
14 10 18 2 40384 1.0049464015913347
18 1 16 17 48028 0.9693337408996054
0 18 12 26 55508 1.0677069297649107
27 19 15 9 58404 1.0589911000642493
12 6 20 24 67559 0.9604602878669368
11 6 1 0 47810 0.9036816674603633
22 3 6 0 75269 0.9650218308820333
1 5 7 13 35888 0.9267617033933837
7 28 4 18 32867 0.9760309052829708
24 16 10 9 56624 0.9296293742240211
11 28 17 14 61781 0.9373073008927736
5 25 25 3 107145 1.060394497503847
6 4 2 16 40980 1.0619696386152149
13 18 22 16 31237 1.012997350100562
0 5 28 15 105533 1.0611001353521878
27 9 14 16 53952 1.040059082020088
18 16 28 28 59612 0.9369293975096267
19 10 13 23 46254 1.004355643098752
11 10 2 7 32424 1.0643038704178895
15 21 1 8 78564 1.0197539668779079
1 1 22 4 94610 0.9584929165123117
26 21 29 11 41942 1.0262469088438162
26 22 6 17 58146 0.9307607321602939
14 14 24 16 39841 1.0033392009162585
22 2 13 11 57641 0.9817669842125901
29 7 2 12 89330 0.9690607335294453
20 17 20 1 55523 0.9238412257372847
0 16 5 9 44192 1.078075968204784
23 0 25 8 31261 1.0143108511472814
23 26 27 14 57715 0.9899497066232296
26 15 23 3 49423 0.9655346521656414
17 17 21 24 24656 1.0285254407111382
24 14 28 5 35314 0.9097870241834195
24 29 5 21 70492 1.0793511246674456
8 21 23 5 83325 0.9256032964565161
6 21 19 3 76931 0.9585970890958094
16 7 6 18 49266 1.0600042238765357
11 18 12 7 48747 1.096068084539954
22 21 17 28 35961 0.9366696116483547
3 10 9 5 32044 0.9652072520408083
0 10 29 27 110628 1.0822216021600128
19 29 23 3 85193 0.9063710064385938
28 12 11 2 85079 0.9012783075756444
22 4 2 14 85662 0.965165223130092
20 12 22 25 55147 0.9012825422776212
17 20 12 10 43919 1.0537327277388608
24 4 21 13 30692 0.9515229183221294
18 2 19 23 62126 1.0932198231592432
10 18 28 11 63504 0.931632351015907
10 0 2 11 50674 1.0221445680313108
2 22 21 21 58981 0.9629475797269836
21 28 29 21 43053 1.0558025033112206
17 7 14 28 75610 1.0614552251379767
8 10 10 28 62915 1.0384731467191621
17 16 9 14 37965 0.9337387816932247
8 20 0 12 46510 0.9210826284145505
26 18 8 22 61356 0.9909701916638165
25 3 10 14 82429 0.9455126352834011
6 5 12 26 62734 1.0035032414203986
12 1 16 21 80639 0.9665326027870836
1 15 4 1 61620 0.9822306594215662
8 4 4 14 40345 0.9591942005509251
26 20 9 8 80242 0.9840305483445405
10 9 20 6 38430 1.0622211384504405
21 6 20 23 59869 1.0558983720583026
6 8 27 28 105186 1.0088677428476633
25 9 14 7 37789 0.9160662710088203
4 29 0 10 74432 0.941598431025498
18 1 0 4 81377 0.9057877724568261
13 29 19 15 54403 0.9090923929652324
23 24 2 12 80235 0.9929997087997289
5 14 10 25 43932 1.0181821828534403
9 23 18 11 52842 0.991291650816148
21 9 18 23 47091 0.9828625612341176
10 16 22 15 45888 1.0191122631920122
28 6 13 13 62407 0.9495911916343143
11 25 26 9 79388 0.9796172500164416
7 25 29 9 85635 1.0095249493992595
6 17 8 2 37822 1.0256376606776108
16 28 19 17 39241 0.9923068784418998
2 27 21 27 73440 0.9521592304846125
29 7 27 18 42776 0.9495419321155145
20 17 2 28 69961 0.924455647422563
16 21 11 13 45222 1.0638951653213191
8 6 15 14 52191 0.9642205306697742
3 12 14 29 72492 1.0083092039820398
8 6 11 26 66117 0.9541008257210611
4 23 20 6 78322 1.069964328718075
10 11 15 29 72642 1.0587638591470652
16 1 3 17 75182 0.9837777294492548
7 4 27 21 95090 0.9976152994221813
20 13 1 29 83926 0.9104977380860989
19 2 8 27 96479 1.0001980562888015
13 25 28 19 62921 1.0346339269616698
25 1 24 17 46368 1.0504607784209692
28 13 20 17 30747 0.9746493653712951
14 5 13 16 59431 1.0282450376115517
8 5 20 0 62847 1.0763811416409197
8 23 6 7 39203 0.9336073280141106
4 7 16 1 50368 0.9599331740085247
18 12 26 28 68075 1.017420274079607
7 9 6 22 30666 0.995095033353068
27 17 17 12 35246 0.9220925039092437
21 4 10 28 104205 0.9239010768991359
15 24 20 0 80575 0.9837915003307068
26 27 25 0 88108 1.0211309530499246
3 25 9 16 41032 1.0750809768811138
4 1 16 19 76217 1.0844732463589277
19 28 9 24 37467 1.0472351587943245
22 19 9 15 52662 0.9312360371403783
24 6 19 24 55410 1.0573920553942868
6 13 14 25 51274 0.964431180300139
29 14 27 26 51691 0.9784507175905831
27 15 1 6 96772 0.9927161621495706
18 20 23 26 30980 0.9204613537561971
27 1 13 0 71974 0.9779403301403934
5 24 24 1 98931 1.0011844834191255
3 16 27 14 80123 1.0377686794976193
17 11 26 29 67080 1.0578611757573106
6 15 25 16 52440 0.9998715821642199
22 10 2 21 86614 1.0262153960423097
18 29 6 23 44738 1.0823993532310348
26 23 13 11 60676 0.9322828013823693
9 27 19 20 52391 1.0673238015825177
2 20 10 14 45804 1.0181851947951461
14 28 15 5 86728 0.9282748413887227
27 14 6 21 73662 1.0654124681264792
24 1 9 11 73148 1.0592175608107228
0 9 0 27 86762 1.0492983996070295
17 15 1 26 69019 1.0790448929509162
5 4 2 18 50270 0.9023309537694828
25 2 14 18 68861 0.923915386382892
25 8 27 29 66422 0.9839335167419173
21 25 25 5 68396 1.0311024563279574
3 16 19 1 81386 1.054609777191276
15 27 22 13 61298 0.91874516541395
6 26 3 16 38535 1.0424711775484483
11 8 26 26 91923 1.0507936201102477
13 21 22 24 36462 1.0794007688273124
15 11 6 15 31117 0.964363648799071
29 6 5 22 96307 1.0118074208646444
16 25 8 3 82031 0.9255842729917071
22 28 14 21 55839 0.9724294274820975
8 2 16 8 43195 1.0633412532085496
8 19 7 6 37127 0.9374936972111066
11 29 18 5 82680 1.0071832514046495
2 4 16 4 55555 0.931064823305779
8 25 14 14 58153 0.9940602138098225
28 3 11 12 86762 1.0233639957293876
12 23 27 9 68886 1.0235066004471949
28 19 3 23 75019 0.9339490671729986
29 28 9 26 68440 0.9490582289582502
3 17 25 7 75824 1.0340052078811033
1 29 16 6 95720 1.07636865854081
28 29 15 19 58987 0.9837801041208372
11 7 25 10 48239 0.9859574629629189
11 10 19 23 59544 1.011167082578819
15 14 15 27 54741 1.0403916738660597
27 6 27 27 80241 0.9504244908647391
11 12 9 25 53453 0.9889004275305757
0 29 1 0 108241 1.0954102600612825
19 18 8 9 52397 0.9628980410894148
16 20 8 9 56736 1.0756788543301603
27 28 16 16 66745 0.977474590632931
26 3 4 16 96864 0.9070410109532391
16 0 26 24 87691 1.0850227627508013
19 8 5 11 49336 0.9733492263561102
19 13 5 17 41784 1.0016854783515639
11 13 2 4 49115 0.9075596285312006
29 29 1 17 92377 1.0519806708791433
12 18 3 13 37123 1.016766513842286
0 2 14 23 90121 1.0510660050085519
26 24 15 12 62668 1.090534479575904
13 12 23 16 48757 0.9838524042191175
5 9 8 20 32454 1.0229310689950206
10 15 21 12 52206 1.0297838183538317
7 16 28 13 61472 0.9654661611195681
6 6 25 6 56072 1.0725699840063532
28 26 17 0 94577 1.0698326628588886
27 26 14 1 108908 1.0955121145851427
0 10 2 0 53577 0.9223132719255088
27 22 10 18 59140 1.0113539792502597
23 19 1 9 77739 1.0444975160362824
25 29 9 26 56671 1.0647751901142948
17 27 7 22 39829 1.0342118318773497
22 29 6 23 56124 1.0723528992549751
5 19 23 15 57047 0.9563375305359872
25 2 6 6 69086 1.0260395182504503
24 26 11 16 58778 0.9172516963753948
10 28 28 26 69434 1.0935073042750842
1 21 21 25 66119 0.9897554241374485
20 27 23 2 84391 0.9346812086830643
22 4 20 18 55194 0.9476596231727403
25 1 0 26 130348 1.0682262103252642
16 10 1 10 53397 0.9976075225703256
6 4 9 27 65241 1.0761186140312007
11 9 18 5 33472 0.9946249880974526
17 7 4 21 71989 0.9377898237740536
25 26 3 24 70469 0.9646486273125515
7 6 14 22 64126 0.9976363386019619
24 13 15 6 41070 1.0377955736249567
7 25 23 11 68679 1.0521209080043858
22 26 0 6 107324 1.0254700832580492
0 18 27 29 99310 0.9055581455769519
26 8 9 10 59782 1.0886177627642253
0 25 4 6 68666 1.0142331343607027
0 19 8 13 46049 0.969835167787962
26 9 17 21 49502 0.9144334979061678
11 5 22 13 58490 0.9512021875710671
19 26 3 5 91315 1.0093287616777717
1 12 5 23 51121 0.9708590627234766
19 14 13 7 37360 0.9441444688788665
11 15 18 5 57384 0.9122188309530891
6 16 18 6 52436 0.9533044628612203
9 17 4 3 46585 0.925726126660895
20 19 6 15 43769 0.9404989382923588
2 26 12 17 44186 1.0459850374151585
17 9 3 25 74441 0.9686825378054333
24 15 4 16 55078 0.9383704201794245
2 8 6 23 49534 0.989440161665048
28 3 21 27 100227 0.9541318400198184
7 8 15 16 45913 1.0505733206549652
22 8 7 16 65538 1.0427397335488733
4 21 21 18 56641 0.9246826781221187
16 26 0 15 79621 1.0233901181014475
0 0 29 4 115179 1.0953844682355438
4 13 19 25 65484 1.0051862153570839
24 6 27 16 35475 0.9967012058374052
2 5 29 6 86065 1.021146576392533
22 28 29 0 108274 1.0860828177833899
27 0 27 23 78954 1.017618060866993
4 7 20 19 63933 0.9888960808167448
16 22 5 7 65051 1.0574162739900212
6 23 13 2 76620 1.0304463231338108
6 15 21 14 52713 0.9392545089557307
28 3 3 26 128864 0.9964697706949749
6 9 23 9 52521 0.9972628992968868
10 26 12 6 73715 0.9112330914532399
7 15 6 25 23879 1.043007573874438
13 7 2 25 66735 0.9075738339850915
8 20 25 17 48179 0.9747704508524532
8 1 20 9 60126 1.090702143814486
27 16 1 12 86104 1.0391803716002057
28 24 21 16 39322 1.0122409357867912
0 5 20 1 82798 1.0259277442622894
16 4 29 8 49207 0.9714987827439578
18 12 10 18 35969 0.9768483001501675
26 25 13 8 82051 0.9549786026340563
29 26 15 14 62275 1.0521502361918826
21 27 8 16 70626 0.9911618389597119
4 18 10 8 42258 1.0462392062086243
19 16 12 6 46390 0.9401807666124434
10 21 0 5 71723 1.038600960494816
25 11 16 15 37739 1.0893961371039171
27 7 11 29 96237 1.035204431258216
27 29 15 12 78610 1.011592905286903
4 28 17 4 95395 0.9542153219705016
0 19 14 5 81828 1.0599259184466412
27 15 13 8 71099 0.9040461520964438
18 8 26 14 40316 0.9961947626065063
14 17 7 12 28172 1.002275138720559
6 23 18 0 86339 0.9226661491067475
27 16 23 23 33871 1.0650682604481443
10 24 5 5 55789 0.9414487582597186
12 28 16 16 54998 1.0669768019792985
21 12 14 0 62460 1.0055165345698742
20 20 14 25 37562 1.0539748990484767
26 14 21 7 36183 1.0097710228769108
1 3 8 22 72974 0.9632473404779164
13 21 16 28 37057 0.9157845533883174
13 4 3 1 57560 1.0591460037243134
23 13 10 3 73150 0.9605112132836271
28 17 26 5 46785 0.9345510020765192
26 16 5 6 74704 1.010045197965051
14 29 10 11 68561 1.0945939305377113
11 9 3 26 71357 0.9034696079620711
26 27 11 26 67975 0.961314316344984
14 13 0 16 57846 1.0900350773893026
23 8 21 22 52440 1.0606480198619876
11 26 16 5 79862 1.0880507558462529
1 18 12 20 39640 0.9848786342297743
26 23 28 12 46034 1.063443838147275
20 20 7 17 39407 0.964811076255299
22 19 25 29 39203 0.9967000947045419
9 5 27 10 70822 0.980879229581337
20 18 2 11 56698 1.060725668690587
26 26 21 7 67158 0.9049036357682727
29 12 10 12 66460 1.0709310787848123
13 21 20 26 39474 1.027452741487894
28 1 3 0 114308 1.0955275755641138
16 22 0 25 53579 0.975983540921183
24 5 10 9 54195 0.985879700293244
19 8 17 29 59861 1.0475438271402957
0 11 6 4 32630 1.0087269525949092
11 4 0 1 62615 0.934337840513729
27 8 8 8 66937 0.98511866528574
29 18 7 17 52443 1.0412630140712713
20 12 3 5 69701 0.9461861926081103
7 20 25 9 63964 0.9450444416214455
15 10 26 4 55864 0.9313308103583289
28 27 0 27 102306 1.0793863848337124
19 17 7 28 51672 1.03073132620187
8 26 17 3 88318 1.0128645112932968
6 13 25 18 55034 1.0085503139738579
3 22 19 17 52439 0.9395302379898436
12 4 17 20 62737 0.9621352268050815
12 10 21 21 59767 0.9395513696218536
24 16 11 6 61024 0.9243433034543668
3 22 7 13 36993 1.0921728371547463
3 21 23 21 71821 0.9883954407554475
4 21 22 19 66978 0.9692448650926722
18 21 15 8 42052 1.0200707178019985
8 17 18 4 57187 1.0424538001052874
21 3 0 19 107281 1.043205409503904
1 29 25 19 88493 0.9923223594896627
11 19 29 16 55473 1.0983944863004678
3 5 29 10 90100 1.065352644128497
23 3 16 19 65612 0.9349678151997118
28 2 1 24 123999 0.9776817708410881
6 4 23 4 63454 0.9426603298433438
16 15 29 0 83360 1.0966448580980404
10 15 1 25 52556 0.987834608504921
5 22 8 6 43517 1.0483875219727659
26 1 29 19 71850 0.9804801212362161
4 0 6 15 38008 0.925032987558491
11 3 24 12 70370 0.9274189290976638
26 19 16 12 46821 1.0042758102709115
14 0 10 15 81507 1.045313362242044
15 25 7 8 64910 1.093404001918043
18 10 12 25 56443 1.072628880211906
8 3 8 16 43012 1.0542310386911653
2 29 1 17 52336 1.0755087455167114
0 19 23 1 113632 0.9755443786331666
12 6 4 3 34228 0.937726173352512
17 4 12 27 80913 1.0159693227492337
4 15 27 11 79517 0.9040315154739099
23 29 20 17 45148 0.961837985834503
13 3 8 17 61626 1.086180921757608
16 11 19 1 37617 0.9283637498685495
10 2 14 8 44459 1.06680563139445
8 29 8 5 64730 1.0663095927382389
8 0 22 29 110452 0.962727633266697
29 4 4 25 115352 0.9119316546317942
27 29 9 14 90033 1.043617365075844
14 1 29 26 102220 1.0761983779526008
12 22 15 29 36736 0.9244945115359892
18 28 16 13 45880 0.9488197746968742
2 23 1 10 55948 0.9305201376568412
3 29 24 13 84548 1.0463996396224582
5 13 23 5 69063 0.9324322637126101
2 8 6 17 34134 0.9936320373783806
18 18 8 23 40440 1.0939449545612936
3 29 12 14 62372 1.057532808428901
3 14 12 9 41977 0.959872444153502
17 26 20 11 48187 1.0063961812934985
24 18 14 25 49181 0.9326393896783195
24 8 7 19 62654 1.0608566687149992
13 0 4 2 43966 1.0077986314603213
16 13 6 7 44026 0.9625604954616582
28 15 20 2 68059 0.9371556106675224
7 20 24 16 45256 0.9385308590356369
2 6 13 22 69892 0.9488236622569196
18 11 7 6 43064 1.0658979425225659
28 24 6 21 57610 0.9847927695061641
16 21 12 9 50708 1.0196197152967357
1 15 15 16 50126 1.0706747669636563
8 15 22 18 46755 1.058646808303306
20 26 29 6 81420 1.071307944562109
21 25 0 6 95172 0.9032926322940728
2 27 28 12 100765 1.0663873034187663
21 12 9 9 48646 0.9516489632511113
22 8 7 12 58088 0.9595099347437135
3 9 11 4 38884 0.969658610831891
16 5 21 28 78899 1.0407545016158628
29 23 24 1 65423 0.9674468395850662
10 1 4 19 66393 1.0771470740517144
0 28 21 6 117473 1.0285010044566236
0 25 27 18 88385 0.9444485749038474
19 10 26 7 29767 1.022955552548047
9 10 28 22 82633 1.002210191738905
28 16 8 26 79038 0.9399329049451978
18 8 10 11 32643 0.9303603547904069
17 4 14 29 76641 0.9418988702406172
15 3 22 29 90737 1.0451461023108803
0 21 0 3 98798 1.0164969318480412
18 1 11 20 73855 0.9062920582245068
11 4 5 9 33568 0.9576001435404462
14 21 0 17 57057 0.9237113537320242
12 29 29 18 71904 0.9744907601531239
2 3 24 6 78484 1.0528104506937872
25 14 25 1 44615 1.0076903470187437
23 5 15 11 42321 0.9581671472812816
10 9 29 28 91464 1.0073063992239852
8 19 27 22 66735 1.025114673785379
20 1 26 15 66004 1.0940462578582457
24 29 24 17 33480 1.0406825798882797
13 7 26 24 75672 1.0063577303642643
11 18 9 1 59795 1.0722473734243545
21 15 8 11 54778 0.9682641273519061
5 27 16 17 50396 1.0415819951929344
26 24 28 13 46708 1.0172865649685487
