3324 4271 3411 4227 3866 3900 3821 4208 3508 4061 3184 3796 4127 3323 3232 3292 4248 4232 4006 3292 3476 3028 3182 3956 3806 3822 3401 3447 3899
8249 8541 8241 8427 8059 8081 7513 7720 8396 7820 7449 7796 7797 7402 7515 7939 7784 8068 8261 7586 8143 8080 7859 7759 8097 8293 7575 7341 7675
3807 3780 3852 3944 3444 3789 4243 3385 4115 3638 4003 3662 4104 3135 3493 3740 3157 4323 3508 3760 3875 3811 4124 4112 3526 3818 3395 4238 4001
2130 1922 2789 1715 1920 1784 1757 2491 2840 2001 2827 2858 2282 2920 1833 2456 2246 2455 2417 1768 2459 2681 2432 2830 2141 1875 2684 2211 2230
1168 1298 1878 2083 2220 1912 1846 2136 1754 1733 1474 1322 1567 2235 1702 1607 1140 1289 1737 1179 1184 1534 2264 1461 2116 2063 1229 1117 2053
7224 7229 8108 7421 7258 7543 7670 7300 7000 7060 7938 8003 7778 7885 7877 7141 7204 7162 7870 7595 8014 7474 7999 7464 8085 6986 7599 7585 7000
4823 4819 5468 4569 4496 4714 5686 5418 5381 5089 5249 5029 4867 5290 4897 4758 5123 5653 5248 5628 5287 5191 5506 4452 4468 4981 4678 5007 5200
2103 2066 1881 2058 1831 2562 1812 2502 1649 1803 1885 1759 2558 2544 2147 1895 1930 2145 1616 2787 1943 2382 2219 1862 2187 2359 2769 1973 2818
4097 4040 4054 3489 3301 3009 3104 3875 3326 3397 3246 3490 3507 3025 4201 3350 3482 3629 3274 3409 3540 3284 3318 3753 3561 3612 3450 3799 3983
2370 2790 2786 2589 2135 2296 2263 1946 1959 1862 2512 2073 2030 2329 1777 2617 2749 1829 2277 2316 2015 1904 2158 2373 2039 1980 2853 2004 2305
4686 4029 4790 4014 5090 4057 4852 4041 4113 4930 3901 4372 4063 4995 4542 4444 4408 4305 3926 4083 4599 4831 4733 4354 4666 5045 4744 4847 4846
4622 4728 5048 4638 5060 4295 4308 4281 4303 5163 4259 4908 5294 4725 5067 4770 4981 4531 4890 5452 5147 5129 4518 5190 4486 5089 4785 4237 4620
7693 7406 7717 8375 8564 7423 7702 8581 7895 7701 7598 7416 8099 7833 8235 8131 7687 8246 7967 7481 7872 7910 7636 8511 7472 8415 7978 7544 7813
8017 7986 7928 8095 7886 8249 7600 7712 7326 8074 7254 7358 8005 7399 7330 8145 8034 7134 7736 7016 7333 7825 7628 7906 7134 8039 8192 7337 7568
7012 7396 7100 6707 6797 7080 7245 6800 7181 7401 7725 7359 7666 7191 7032 7132 7864 6949 7748 7950 7918 7594 7291 7076 7686 6980 7513 6767 7802
5370 4782 5047 5613 5107 5454 5628 5591 5191 5763 4918 5567 4987 5680 5581 4788 5821 5443 5695 5237 5077 5937 5602 5425 5041 5485 5442 5921 4991
2363 2239 2400 2330 2066 1946 1840 2262 1715 2331 2544 1887 2791 2825 1909 1887 1859 2423 2203 2164 1803 2246 2271 2087 1750 1629 1858 2451 1846
2266 3349 2620 2742 3359 3267 2345 2634 3170 2417 2358 3197 2282 2279 2445 2276 2798 2490 2433 3401 3144 3038 2692 2333 3076 3439 2440 3038 3163
7361 7049 7258 6779 6306 6479 7163 7274 7119 6282 7480 6630 7198 7434 7300 6926 7363 7090 7127 6305 7144 6849 6830 6803 6507 6589 6712 6400 6624
2976 3460 2838 2556 3101 3450 2555 3518 3335 2843 3484 2608 3225 3260 3473 3729 2621 2760 3575 3312 3012 3456 3427 2775 3237 3212 3322 2856 3205
7200 6999 7448 6684 7563 6838 6980 7081 7216 7228 7197 7244 7395 7602 7110 6914 6922 7654 7675 7823 7010 7503 6666 6771 6823 7183 6878 7518 7600
7026 6233 6751 7203 6471 6423 6107 7323 6260 6956 7064 6936 6275 6959 6439 6781 6594 6335 7118 6484 6210 6393 6781 6644 6828 6116 7144 6191 6483
1591 2404 2303 2021 1681 1531 1666 1997 1198 1233 1684 2432 1371 1474 1607 1254 1880 1396 2383 1733 1770 1348 2067 1226 1468 1302 1947 1813 1548
3879 3868 3425 3398 4034 3762 3262 3042 3947 3735 4046 3043 3084 3300 3415 3798 3521 3204 3883 3811 3352 3343 3876 3669 3984 3122 3379 3888 3816
3599 3651 2985 3732 2973 2730 3728 2973 3130 3770 3168 3042 2727 3270 3102 3010 3514 3685 3117 3837 3149 3836 3372 3830 3395 3345 3370 2948 3105
4735 4188 5069 4989 4840 4528 4400 4758 4926 4610 4197 4373 4826 4321 4261 4566 4474 5001 4704 5081 4204 4631 5326 4158 5000 4162 5222 5089 5024
3820 3630 3468 4018 3649 4259 4460 3704 4012 4096 3824 4183 3785 4538 3621 4211 3708 3992 3783 3581 3512 4373 4159 3775 3962 3399 4027 3908 3840
6345 5926 5369 5231 6247 6110 5392 5790 5522 5877 5822 5287 5737 5707 6309 5323 5846 5602 6409 5987 5931 5648 6399 5596 6415 6395 6012 6020 5888
7295 7246 7353 7415 6940 7316 7377 6885 7309 7283 6677 7081 6499 7055 7128 7240 6357 7086 6991 6949 6994 7507 7264 7463 6896 6484 7424 7117 6987
1947 2962 2545 2246 1887 2533 2065 2827 2044 2154 2572 2488 3044 2873 2863 3029 1899 2730 1865 2970 2515 2454 2930 2276 2355 2984 2092 2911 2589
3951 7880 4199 2003 5210 4132 5353 5967 4216 8087 5324 4842 2835 5889 2308 2403 3487 7869 5000 4554 5547 2772 6339 2157 4455 3217 2156 4362 3002 3174
4190 7999 3465 2502 4695 4447 5789 6094 4271 7744 4802 4780 2575 5062 2222 2811 2910 6849 5590 4233 5455 1737 6301 2062 4475 3326 1391 4271 3131 2824
4146 7475 3865 1566 5272 4164 4898 6509 4580 8434 4166 5621 3361 5422 2299 2621 3925 7593 5021 4134 6157 2157 5862 2615 5036 2510 1406 4289 3199 3244
3915 8235 3453 1824 5006 4163 4992 6256 3769 8567 4459 5768 3269 5801 2831 2795 3789 7666 5111 4437 6423 2514 6418 1738 5479 2590 1095 4410 2617 3787
4371 7277 3473 1648 4568 4619 4979 6342 4177 8128 4826 5051 3392 5116 2323 2315 3115 7905 5372 4573 6174 2424 6930 1920 4894 2943 1795 3991 2993 3540
4376 7517 3247 1547 4894 4328 4958 6245 4040 8502 4468 5544 3075 5187 2760 2517 3627 7616 5582 4931 6029 2644 6770 2142 4877 3190 1661 3552 3454 3300
3928 7072 3274 1952 5267 3832 5994 7067 4396 8788 5295 5597 3399 5033 3010 2490 3670 7393 5114 4000 5701 2770 6011 2019 5004 2537 1734 4307 3433 3156
4268 8054 4126 1592 4796 4507 5624 6925 3868 8449 5367 5404 2343 5846 2984 3390 4090 7816 4511 3789 5416 2071 6307 2605 5037 2434 2035 4659 2927 3556
4092 7867 4235 1896 4345 4123 6027 7018 3721 7854 4705 4828 2552 5438 2040 2728 2881 8035 4682 4486 6251 2204 6222 2446 4883 3377 1964 4577 2872 3634
3906 8188 4037 2076 4743 4726 5047 6506 4192 7930 5410 5077 3243 5175 2201 2248 3293 7501 5481 4473 5634 2422 6208 2098 5486 3186 1521 3675 2686 2799
3564 7384 3953 1637 5018 3937 5075 6998 4574 8204 4200 5344 2889 4733 2677 2266 3611 7175 4770 4673 6261 2096 6547 1877 4730 2419 1370 4367 3330 3506
3651 8041 4110 1601 4688 4252 5127 6198 4308 7717 4738 4941 2460 5867 2813 3296 3115 6874 5693 4572 6094 2362 6210 2663 4739 2904 2153 4439 2812 3123
3602 7739 3723 1874 4623 4936 5478 6579 4388 8131 4565 5973 2818 5770 2677 2294 3930 6945 4875 3818 6452 2722 6529 1719 4837 2772 2157 3910 3527 3092
3954 8284 3328 2335 4988 4240 4965 6418 4203 8277 4705 5350 3395 5283 2263 3133 3674 7276 5413 4483 5737 2278 5692 2128 4955 2654 1611 3949 3381 2589
3293 7473 4271 1772 4543 5022 5704 6111 3705 8612 4422 4820 2673 5277 2483 2637 3198 7480 5736 4911 6342 2240 6580 2479 4585 3096 1749 3812 3428 3475
4141 8043 3807 1518 4448 4047 5221 6229 4129 7665 4898 5591 2899 4864 3088 3275 3610 7957 4848 4050 5493 2844 6453 1561 5463 2828 2056 3578 3125 2605
3177 7392 4047 2179 5119 4223 5536 6951 4369 7738 4876 5381 2339 5047 2945 2937 3147 6849 5066 3835 6304 1791 6555 2017 5223 3354 2044 4133 3503 3265
3270 8171 3232 2391 5003 4645 5034 6642 3754 8313 4616 5291 3207 5179 2171 2736 3625 6886 4795 3977 6654 2732 6705 1554 5287 3545 1115 4415 2867 3698
3958 7454 3498 1546 4815 4375 5354 5981 3933 8460 4480 5629 2831 5807 2806 2755 3014 7712 4645 3996 5872 2858 6496 1892 5414 2412 1348 4708 2858 2890
3274 8181 3706 1877 4805 3885 5199 6392 4023 8105 5356 4884 3030 5793 3223 2807 3555 7611 4985 4892 5542 2057 6667 1489 4895 3308 1372 3679 3569 2730
3651 8294 3151 1863 4283 3956 5791 6410 4168 7951 4423 5651 2813 4979 3018 3081 3121 7931 5601 4445 6020 2629 6053 2516 5089 3314 1688 3922 2749 3346
3615 7464 3401 2446 4207 4734 4912 6719 4194 8495 4445 5805 3074 4752 2339 2856 3368 7277 5697 4078 6246 1928 5994 2411 4775 3166 2250 3891 2536 3727
4139 7276 3151 1519 4968 4845 5092 6868 4332 7945 4453 5342 3390 4657 2995 2541 4105 7151 4680 4602 6530 1862 5894 2686 4738 2633 1144 4643 2886 2918
3320 7474 3552 1879 5149 4579 5261 6083 3750 8733 5228 5316 3531 5526 2120 2644 3991 7626 5349 4188 5706 2312 6606 2584 5078 3476 1243 3565 2828 3648
3330 7265 4253 2690 4448 3867 5388 6588 3964 8637 4329 5841 3322 4683 3214 2646 3189 7900 4884 4393 6519 1647 6921 2009 5546 3469 2288 4567 3279 2800
4171 7430 3083 1664 5090 4208 5955 5998 3973 7794 4861 5047 3415 4691 2113 3292 3936 7025 5084 4446 5680 2233 5797 1755 4559 2717 1599 4230 2868 3170
3239 7299 3086 2224 4526 4849 4989 6516 3717 8510 4402 5390 2424 5239 3035 2300 3294 7007 4682 3968 6014 2534 6173 2455 5236 2959 1234 3585 2596 3613
3673 7376 4037 2286 4507 4683 5792 6719 4428 8431 4621 4808 2365 4965 2605 3048 3260 7238 5678 4589 5864 2078 6439 1747 4942 3602 1853 3923 3710 2676
3889 7186 3642 2229 4927 4170 5856 6301 4568 8283 5393 4793 2461 5792 2387 2224 3838 7998 4809 3903 6400 2281 6907 2352 4536 2620 1755 4575 2568 3044
27 24 12 5 85432 1.008409806042475
27 22 1 1 99318 1.0763088626585693
22 15 7 13 43879 1.02303677604059
20 16 7 3 56241 0.9908641844203705
23 26 9 28 28435 1.08275518502385
13 14 29 11 50577 1.0995737872634743
19 10 7 8 46837 1.0747387916479343
22 25 10 20 38231 0.9947171308826533
11 23 24 15 41445 0.9135857992864679
4 13 12 15 24939 0.9799271079560821
18 15 12 11 31282 1.0953889683644746
25 25 1 12 72743 1.0688851159323551
28 4 8 19 84521 1.012045904437073
18 22 25 26 23809 0.9296233008598894
22 19 29 22 20904 1.0442745276596557
24 29 17 24 26098 1.0843769780110126
10 26 6 0 63359 1.0514625850113635
18 12 4 9 45213 0.9451109368817959
22 27 21 3 42115 0.9260102009462955
12 11 2 3 44949 1.0168992593307797
12 0 4 15 49686 0.9673798999579674
1 14 29 25 72351 0.9467865490160198
25 1 28 14 46598 0.936462897289788
17 25 1 26 30681 0.9623867972320247
3 6 17 17 59162 0.99628327938227
11 12 20 27 55600 0.9407424428485255
1 19 21 17 72739 0.9142203815719392
1 13 27 19 85352 1.0699120492930976
6 21 19 22 34522 0.935053168274469
2 9 26 24 82842 0.9937537097288993
1 14 0 5 36236 0.9113302391845153
29 25 23 8 47258 1.0821073711204807
0 21 19 16 58495 1.0554567091602334
25 1 18 15 46218 0.9709714334871056
18 11 25 3 38685 0.9245209345052189
16 29 12 4 70797 1.0744169541289876
12 11 25 6 62446 0.9518641374696198
24 2 21 23 42520 1.0146200115912472
21 7 1 10 72668 1.0150604642505028
16 17 0 18 57624 0.9354454876910345
1 27 11 28 30229 0.9228240606074484
15 9 27 12 47803 1.0033042244424466
6 14 3 25 24886 0.9683766152963681
6 24 3 7 38495 1.0354516009214827
2 10 22 22 68462 1.09371748279324
9 14 7 24 25950 1.0504880091963258
12 18 5 13 42704 1.0801349347353728
7 14 2 28 35205 0.9119804879370325
7 25 28 25 44637 1.031161848529607
17 12 10 26 42833 1.0038850991905348
16 6 23 23 50842 1.0264888972100916
22 25 17 8 47074 1.0541448971498824
2 2 22 25 77412 0.9437313758963563
15 11 0 15 52527 1.0404243686590884
20 25 27 13 43796 0.9008279398975296
5 29 15 11 67070 0.955746366989825
28 6 13 11 72110 1.0434037790738526
12 8 28 9 72339 0.9570006121562918
6 5 25 20 76660 1.0770947501078072
16 27 26 25 21348 1.0659177312924706
21 12 14 22 44567 0.9816247675600043
29 1 14 28 78399 0.9793400889606957
23 9 22 0 23473 1.076935182320404
28 4 13 27 80413 0.9391730781258877
23 11 13 14 33614 0.9619085642011528
10 1 2 8 35558 0.9726314406956159
12 6 8 24 58064 0.9646074622724854
27 16 11 13 54772 1.0950085329310473
20 0 15 11 41289 0.9873207423099303
15 13 29 8 55115 1.039499320127303
5 8 26 29 82941 1.0700882813569912
2 24 16 0 70833 1.0449849181455355
22 19 27 4 42015 1.011628910465224
9 12 2 2 35145 0.956851067493172
20 17 11 10 51904 0.9179212971238685
5 14 22 2 58658 0.9841316732069953
27 14 24 1 41799 1.003880631399932
28 23 19 12 40436 1.0319095731444266
6 7 10 13 28765 1.0081364644826976
23 11 10 5 50496 0.905196492552953
18 25 28 1 74155 0.9547521390495943
24 16 20 4 34559 0.9037278214559065
14 26 27 5 69990 1.0955210747502642
9 10 26 13 58628 1.0510198274397746
5 7 27 12 79678 1.0170716646006746
16 22 3 26 30638 0.9340088185917385
8 11 19 9 43731 0.9942752548639759
20 29 20 11 47791 1.0075011343472935
25 7 24 22 46229 1.0567654790277543
28 2 16 17 58788 1.0456363007434415
23 22 9 14 51650 1.0249718014028029
14 16 19 21 24641 1.095017761910028
26 26 14 16 43334 1.0570319624504205
22 0 2 1 51070 0.9927825741363845
28 1 1 1 78360 0.9273003725686383
28 6 23 28 69839 0.9414651949042661
1 17 17 14 54802 0.9601530979959604
4 11 21 10 60708 0.9869091509645277
18 1 3 9 50859 0.9989161184475532
4 20 8 26 17847 0.9939728356262414
9 16 5 29 38768 1.0120580000287
3 22 20 9 76610 1.092333680689819
22 7 13 5 36906 0.9497155688770178
18 23 4 9 51195 0.9715015243750454
9 25 17 4 65028 1.0472174964257772
2 8 14 29 69170 1.0893972126210782
24 23 8 29 42496 1.082126862270729
0 11 23 0 76503 1.046366275987467
29 19 14 28 48522 1.037173035318461
18 15 29 11 39347 1.0442425495763403
0 15 25 29 74437 0.9166824781656439
15 8 1 5 50091 0.9179937724036841
28 5 18 21 62577 1.0154629782026312
13 25 19 2 64671 1.033038709767947
9 21 14 15 27040 0.9724863330043547
24 3 27 23 48613 1.0040067267548982
28 24 16 27 32666 0.9447790555104929
24 21 12 23 27355 1.0355243881829979
28 2 18 29 73648 0.9409093454843118
15 21 4 17 31622 0.9707601377433349
21 11 28 20 42765 0.95559842032283
24 15 16 20 31399 1.078758454406303
1 20 16 14 54832 0.9682789097893703
19 1 15 9 32178 1.025904013461051
5 12 14 21 41025 0.9424843130658288
28 26 24 14 33910 0.9396157708580632
11 17 22 27 54213 0.9298566586148425
13 13 12 4 50910 0.990641086275265
13 5 22 10 41334 1.0633329585694287
0 6 8 10 44619 1.0601264075949413
10 3 15 17 48501 1.0545834129026586
3 13 0 25 34607 0.9710507538014215
15 14 23 5 39021 0.9778453170121479
5 9 18 5 54452 0.9552136453423237
1 15 20 26 53486 0.9039650870254937
0 13 21 12 63689 1.0422610054101646
11 4 20 6 34160 1.0373411866617768
24 2 9 7 40781 0.9994768198899946
24 22 14 2 61013 0.9033938492801947
29 17 21 4 45704 0.9719244945269174
9 19 11 3 38956 0.9745424728937547
18 20 23 3 47328 0.9675348338355294
4 14 16 15 33228 0.941491019901127
25 13 17 26 39857 1.005575335170421
22 2 4 17 60784 1.0613578925622202
7 28 17 12 53095 0.9505033435830308
10 8 26 1 55386 1.056131081046313
13 13 21 28 55577 1.0741183753198258
20 6 0 3 49765 1.0349210080485673
3 0 24 22 80330 1.0909066472641265
25 11 7 16 61231 1.0618423143087994
13 20 18 7 56681 0.9313762330709717
24 16 14 17 41926 0.9413268088494855
26 19 19 26 27868 1.0537624758756092
2 1 20 2 45130 1.07845440202796
6 10 11 0 38416 0.9650737244139288
11 11 26 29 76506 1.0605654876670494
10 1 15 24 69844 1.0356453438510766
20 21 21 5 35900 0.951438326723539
16 0 3 29 75201 1.0489694729858132
29 29 12 13 71100 0.98070640733919
13 1 8 16 54371 1.0094679696120437
26 23 11 27 37358 0.96642659136255
22 12 5 20 63530 1.0208357189463404
27 0 29 28 75750 0.9645866219057094
0 4 14 24 74733 0.9189563619554543
16 29 27 12 54333 0.924677913208923
0 7 13 28 76806 0.9865427670284365
22 14 7 21 47257 0.9968960922012893
21 22 24 13 27750 0.9721186034845484
29 23 22 2 51617 1.009158292664827
18 7 7 7 45098 1.0844692766086097
11 3 8 23 49795 0.961018753013359
20 7 20 29 56333 1.0541581728606426
24 4 4 9 52831 1.0006145521862804
2 1 16 25 74015 1.0633519876568323
15 0 10 9 43490 1.0253137333877835
17 0 2 26 73686 0.9577404131113396
5 1 7 21 48411 1.064530852075704
15 22 6 18 35792 0.9433451400977325
19 7 0 8 63784 0.9616739562028255
9 19 28 1 85947 1.007218943847204
2 7 9 27 53137 1.0565954326187479
27 0 4 4 57742 1.0811148663531682
20 14 19 23 27211 1.0772850881746268
12 18 5 15 34264 1.0700411426311813
26 12 0 14 73984 1.0225924937819388
12 25 29 28 38915 0.9549387508091969
16 20 1 7 68631 1.00679669003256
7 22 19 14 45791 0.9046169347094668
22 4 29 7 25243 1.0981555493860342
23 9 1 20 84245 1.0753375714484839
29 29 5 14 71930 0.9574272912073555
26 7 1 0 74483 1.0509460248677276
27 26 10 3 68269 0.997339458757438
10 7 1 21 50035 0.9155644289089039
25 23 25 13 35367 0.9106495925371674
8 22 29 19 56015 1.0418676657643358
24 11 6 17 65371 1.0154987382829797
15 13 24 25 47136 1.0352497252862656
23 2 13 17 62046 0.929023930389635
9 12 16 23 38526 1.0640206788716553
8 7 24 25 74561 0.9013592559556479
24 24 9 6 72120 1.094788155199516
14 4 16 27 57287 0.9114878452042601
22 19 29 28 27033 1.0254090483671874
4 18 8 24 20337 1.040420405775793
2 5 24 29 86759 1.043969311870414
23 25 25 13 33415 0.9622355857943682
0 23 24 10 77522 0.9383746663977455
28 6 22 10 37395 1.0040928622228478
19 11 20 29 46185 0.9875331419238422
13 19 2 29 51947 0.9504848372341586
3 23 13 27 31960 0.999945601291149
20 22 29 11 50324 1.0918699702563934
0 15 29 22 78618 1.0251413787343069
5 11 10 26 40161 1.0700028169832672
6 5 7 26 48378 1.096192305411117
24 8 3 23 72186 0.9799908180666521
27 19 18 3 56137 0.9934774504171149
6 17 9 28 35470 1.016054955420317
12 3 25 5 33771 1.067718970719845
15 12 18 29 45864 1.0430726482373796
2 18 25 20 67276 0.995991257527018
7 10 17 17 40841 1.06622278021098
9 21 27 8 72110 1.014145774303824
18 17 29 22 44386 0.9506702772696196
4 27 16 27 24893 0.9300782654095299
2 7 25 0 66222 0.9397947067579265
1 13 18 26 57568 1.0807566893172653
23 12 29 26 36785 1.0985333030527016
1 27 29 12 84977 1.0777994222763871
8 1 3 10 31165 1.0206149218560496
9 17 25 23 46182 1.0625816860808337
17 29 13 21 26765 0.9490589661640236
24 27 6 15 57726 1.0546372668445012
12 4 17 12 37134 1.0857871993165966
28 14 1 10 83928 1.0214907053224465
14 29 20 0 73338 0.9490451154441948
10 19 22 2 67134 0.9689535424634173
9 8 12 19 37732 1.0381626807778503
1 14 2 26 29129 1.0514392629625384
5 13 28 26 67611 1.026200517854252
21 12 7 4 49178 0.9429679899999396
4 28 3 7 37967 1.0828697102451124
8 5 8 18 36209 1.0049955930620764
11 18 11 28 38186 0.9074961397411325
29 25 28 10 44256 0.9933135757175067
21 21 2 4 73323 1.091708020655031
8 23 0 3 50499 0.9641684811645177
9 6 5 26 50402 1.0625728224970485
24 28 29 12 51834 0.9415860825935496
27 20 16 5 63206 1.0807591490199158
14 16 8 8 38266 1.0181259173390278
17 24 1 29 43126 0.9585020297193271
0 0 29 23 101965 0.9604475728932496
21 18 18 0 49540 1.0222579989592107
11 5 29 19 79213 1.074157661580079
23 15 1 28 63284 0.9367254274641752
3 8 14 4 36356 1.020401904269454
16 5 29 5 35322 1.0747759727113595
20 2 27 7 38914 1.0224523815840647
28 26 2 0 92947 0.9034068411611976
23 19 6 20 50983 1.094966459333277
6 2 8 19 41640 0.9518672589781756
25 10 18 29 57322 0.9542072114491797
0 26 26 5 89190 1.0722561943008606
2 13 7 19 24875 0.9960356659803251
23 14 28 25 38274 0.905943922257495
17 15 0 0 68615 1.0579766314104788
2 18 23 25 59175 0.985392669889652
8 25 11 5 55364 0.9017494569178858
5 2 5 19 37681 1.0654698752568688
29 5 11 2 45074 1.0764827186581454
10 26 1 3 56160 1.064260795460859
1 12 20 3 55126 1.0205803039618007
28 22 13 16 55102 0.9613783097244181
22 27 22 8 30773 1.065435441674337
12 10 28 4 65059 1.0878095738328781
22 8 7 3 37499 0.9551901581203073
18 19 16 28 26071 1.0083512355208246
8 7 3 19 39620 0.996205722452473
13 0 28 15 67058 0.9393139199496907
22 9 14 19 43938 1.0082343101675417
11 17 25 29 66876 0.9652001023167277
26 12 20 27 45697 0.940337374764057
13 18 18 9 47866 0.9401134158573816
23 24 14 13 49370 0.9958742443016945
19 28 8 16 47823 0.9691550167551739
4 14 10 26 29986 0.9558723592441623
22 14 21 5 19320 0.9882190268690335
8 23 26 15 53804 0.9315512164575646
29 7 24 0 30059 0.9708099903136598
28 4 17 21 62192 1.0174364355370116
14 12 27 24 58234 1.0912358676358416
14 7 10 24 64241 1.0081337692709298
24 19 21 2 41302 0.9585010672423883
15 21 24 13 37247 0.9119014785825773
3 14 23 28 60376 1.0027167275101718
12 2 8 17 47622 0.9996327593181047
13 28 20 4 68251 1.0598495694233727
16 26 11 14 37555 0.9715766209184697
3 20 23 22 52869 1.018716771290904
25 18 16 2 54040 0.9972701924936602
23 5 21 22 38796 0.9708467746141346
16 9 26 19 53050 1.0013677835724697
21 25 10 22 34899 1.0175817170435788
24 16 9 24 49450 1.0888248534980123
4 28 27 21 51968 1.05069603427392
20 25 7 25 30002 1.0913778816470558
3 0 25 0 58972 1.050999451434664
22 4 19 27 44333 1.0563906932664227
25 11 13 16 48241 1.030166502606057
24 4 19 15 35769 1.0778941343005488
28 11 22 25 46505 1.0566250869529712
19 25 6 17 50221 0.9750950497271855
12 4 28 27 82683 0.9989970947080302
19 20 16 7 40996 0.9499550363900869
4 15 9 22 22153 0.9264895669781998
5 12 24 29 69903 1.0588356637961662
4 0 7 10 23708 0.9086068015067023
22 6 1 2 49690 1.0219747227818587
17 9 29 16 49103 0.905085210083633
28 18 4 10 86614 0.9558525535776946
29 8 13 12 56427 0.9647647766341583
17 23 7 5 58416 0.9675785877304753
28 16 9 21 61723 0.9140351075301477
27 21 26 6 56186 1.0796928621951318
24 9 4 11 69016 0.9019145119191136
10 23 8 0 57772 1.0240258954853205
7 29 2 10 47249 1.0999257120056982
26 8 11 8 61193 0.9016034280700717
1 29 12 17 61168 0.915098766255944
12 17 22 15 41158 1.0298629162757609
7 15 17 29 49082 1.0493727205972754
28 18 22 2 53360 1.0417750299147746
23 21 13 17 44825 0.9869197123041481
26 26 23 5 45139 1.07028768052517
26 26 26 8 51119 0.9691847014737252
28 28 3 7 85931 1.0289913157046828
21 26 11 7 70905 0.9542556820806669
3 22 23 19 53226 0.971195438162245
19 5 2 29 83216 0.9416616447921105
3 27 12 26 18012 0.949089558931573
12 16 9 7 28887 1.0265154779782117
12 17 29 13 63739 0.9450735755268121
12 8 5 1 43391 1.0577112737793108
10 19 7 8 32072 1.0699330740917197
24 17 3 27 60775 1.0818491615793553
20 6 22 16 26619 1.05851581233653
21 11 26 27 40817 1.0663943121267438
26 24 17 5 62759 1.0288727833912625
26 24 15 7 65354 0.9254087336037649
19 12 3 5 54205 0.9247039063033201
2 12 17 12 44107 0.938870455920155
16 7 17 16 22360 0.9260297986058744
18 24 13 9 60548 1.0007711977393612
10 7 20 28 73903 1.080103160420664
18 9 8 3 40395 0.9263270538425371
25 20 5 17 66391 0.9623253106354774
18 3 12 11 42692 1.0092811272457058
9 27 3 1 58135 0.9050105230900327
9 29 25 10 69335 0.995787654620947
0 16 23 4 74573 0.9484895720424681
4 24 29 23 54533 0.987812011431668
4 8 20 10 61246 1.0769479439082452
19 22 27 27 27359 0.9020667879097406
4 27 21 23 37969 1.0886761517080337
1 4 25 25 91509 1.0611379869518265
15 28 2 3 72188 1.087522557479739
7 18 11 6 40237 0.9497720192321406
9 21 14 12 34744 1.008750636135202
19 2 3 12 50151 0.9547148787868271
2 4 3 24 45282 0.9846963884279076
6 16 15 3 45458 1.0487548835496099
0 29 24 9 87238 1.0182041455786113
20 13 10 29 63034 1.0583277941318454
5 27 7 3 49925 1.0989950370222232
24 27 15 12 48229 1.0344356186802903
9 5 24 27 73318 0.948037315196605
2 29 1 13 43040 0.9430451730619984
4 24 3 13 20848 0.9450184897912769
3 24 19 4 68606 1.0969969135785482
15 25 18 10 43107 0.9188831519764583
24 1 4 6 49999 0.9084358765983064
0 7 8 11 43026 1.0032026958829399
19 23 13 8 50358 1.0505769911703564
24 23 2 22 51283 0.9222884353042585
26 24 13 11 64711 1.0415234286842403
2 22 12 23 26247 0.9264060557701091
25 4 9 15 61963 1.0583489211245358
10 5 1 6 36015 0.9563281648909947
17 9 23 3 29159 1.0743879586743639
4 15 28 27 65982 0.9537528320266327
17 3 17 25 52672 1.0865459852917032
3 13 1 25 31390 0.9166515732761887
4 8 26 3 51699 0.9769515563149958
16 13 29 0 55959 1.0250213459255468
25 2 12 28 75945 1.0569122598184173
1 27 9 15 41181 1.0703543708138252
17 24 3 29 37058 1.0234393203460226
17 7 6 12 44151 1.0721818932076734
7 8 19 5 38839 1.0600338088253962
20 20 15 29 34678 1.0482128577731777
25 3 27 25 56442 1.0573730987831083
17 15 13 1 49805 1.0846528515251308
8 27 2 4 57029 1.023306142451523
0 11 28 9 102442 1.0282164079610883
28 12 6 20 76193 1.0537450078901371
19 15 3 24 55509 0.9227811023288214
1 29 29 11 90559 0.9256760640513709
27 6 20 19 55607 1.0368600592537267
5 15 18 5 58672 0.9776554909601141
23 9 0 6 70813 1.0349163567922601
25 2 13 6 45170 1.0402937014050022
7 0 21 4 39410 0.9555234385571991
9 22 0 16 34657 1.0013653116105201
20 6 1 0 58465 1.01514727303325
14 15 1 5 56628 0.9505557087147409
27 0 0 26 97302 1.011820993804214
15 10 16 27 41034 1.0881226803969863
3 1 4 23 40453 1.092244264272929
27 29 12 2 86633 1.0294348955331216
29 28 11 13 68216 0.9902444095288477
2 12 16 27 53372 0.9746327212379076
8 20 0 24 28821 1.0723566132023783
26 29 19 26 23090 1.0958136440764776
8 24 24 26 33723 1.0587640646316694
12 16 3 2 51051 1.0627721133911074
12 5 1 1 45295 1.0472837650321807
10 9 19 21 57582 0.932506012321294
7 29 12 24 28369 0.9395982540203087
11 29 21 18 49850 0.9500351546861479
16 27 23 18 29652 0.9127434950513064
17 7 2 19 68135 0.9652757901315102
16 28 28 28 32813 1.0214311423843232
3 19 11 25 31688 0.918727062577412
5 6 28 9 81320 1.0147753283095007
24 14 11 8 54464 1.0608246034146742
12 17 13 7 59737 0.9696702886650362
21 2 5 17 69895 1.0350538895567323
6 5 12 1 31486 0.9809015001922466
11 17 5 13 33830 1.0619393571164062
22 13 29 16 24805 0.9220736923533074
0 29 13 28 42123 1.0572561040640103
4 15 29 29 67905 1.0186862210163719
11 24 27 18 54646 1.0086858777030998
19 21 25 17 30776 0.9364864008412296
2 22 14 19 46945 1.0606258690814494
29 23 3 19 63663 0.9179117398843466
22 27 10 3 62708 0.9147056442539058
20 13 5 5 64666 0.9075621442618675
29 26 13 4 74860 1.0051798786477344
3 16 29 21 68337 0.9357586350517517
14 25 23 19 32886 1.0733068364340248
7 2 11 29 67503 0.9104329133356521
1 15 26 17 77016 1.0444427789293798
7 7 6 17 27535 1.0885598289875484
9 12 17 19 36677 0.9968681233986524
14 21 29 21 34026 1.0690096862000527
17 2 28 17 60869 1.073866436149848
29 21 12 4 73434 1.0083940201771964
13 24 3 28 34547 1.0849859721508892
3 25 4 7 32024 1.09510657616543
2 22 29 15 78539 0.9039087369429478
8 19 16 13 36762 0.9586839240520193
24 10 11 15 49022 0.9190503628422096
7 12 15 6 43072 0.9344134644569825
13 4 1 24 70776 0.9469514795236584
5 14 28 3 68617 1.0452394798522537
22 8 9 9 47199 0.9340710300301506
24 8 18 23 41220 0.9114181550578847
13 26 16 17 23992 1.0263692164630847
21 26 27 9 56334 1.0470928520646898
3 1 12 19 63764 1.0944084892577568
18 6 27 27 66158 1.0784728731993307
1 7 27 11 92165 0.9195300750775522
17 21 4 19 33231 1.015818813927167
21 17 4 9 66502 1.0195991144035417
4 2 15 25 66671 0.9231829741552176
14 5 16 20 41655 0.9763371739324089
27 3 9 14 59085 1.0553934167733852
27 25 17 16 45888 0.9566228358991411
20 11 22 26 35410 1.087479883310058
11 4 22 17 49069 0.9274966743786194
28 20 18 14 43069 0.92795964739081
18 25 29 16 45181 0.90938660512778
26 12 2 14 69454 1.0210529245087256
6 13 17 9 43174 1.0343086511846902
22 24 25 16 25088 1.0949200073430483
27 28 6 8 85025 0.9655491337009263
6 10 18 23 54937 1.0610434573937566
21 2 29 14 42461 1.077212031653644
8 27 4 4 48150 0.9856469645577461
25 0 13 16 66031 1.0956605164989854
24 18 15 10 45634 0.9960699428786819
13 4 11 23 62894 0.9553037702093012
11 13 3 28 46633 1.0614316985124834
28 0 24 17 57186 1.0804804065951967
4 25 28 9 92370 0.9720575650282194
26 29 21 15 38463 1.0704600458492852
17 14 28 15 31635 1.0489623613263814
4 17 14 21 29382 1.06753796877302
4 6 8 16 29076 0.9335406091052179
29 19 14 22 47057 0.9086547278391037
4 29 19 9 72915 1.0702016762134365
25 12 0 9 85756 1.0593465087563076
27 13 15 15 40870 0.9174577444485668
6 19 15 24 35456 0.9258135079917135
9 24 3 4 48947 0.974982354867777
14 20 10 2 64344 0.9704992292007766
18 4 4 19 59129 1.0365692024986157
2 9 24 3 57334 1.0863904199631287
21 16 1 2 68974 1.0458853508506358
2 9 16 0 48636 0.9589354290407752
14 6 28 1 55158 1.0160815730809898
21 16 21 3 26963 0.94533253257466
17 11 7 5 41914 0.944968496818852
16 18 9 10 35224 1.019432912766853
22 19 3 13 62092 1.0220624319317748
20 0 7 18 66045 1.0900967120309675
9 17 16 8 39438 0.9019211059488302
8 15 17 11 33410 0.9319360675281094
23 17 16 25 32627 1.0284602367651168
8 23 9 13 24417 1.006852689645863
28 2 3 5 57552 1.0826855124144281
19 10 12 6 43488 1.0894181232566948
9 2 21 23 64038 1.0127829570243343
12 1 26 19 79361 0.976562069255229
23 18 26 26 24251 0.9068668619300251
12 20 23 17 45721 0.9505933911098459
16 6 24 10 39652 0.9973325256575376
10 26 29 25 35013 1.0161595588940524
13 4 23 20 61093 0.94812319551724
11 19 2 9 52373 1.0243415682332564
4 2 20 13 59642 1.0365178417288035
9 6 7 14 21998 0.9306408511821063
14 25 4 15 41413 1.0431793677130252
24 8 2 8 66799 0.9946194689443377
3 10 21 26 59706 0.9739874073319762
6 25 16 10 54974 0.9628914052128559
11 25 21 12 49985 1.0431661885537071
3 9 10 20 42030 1.0073532018216464
28 14 19 8 37859 1.003733142698725
5 8 19 13 52406 1.0518255188819814
23 1 8 2 39877 0.9649072229005958
8 16 0 3 43186 0.9857648552563281
5 16 27 27 64225 0.926761530841013
23 9 16 6 35819 0.916180630576389
0 20 27 23 65479 1.007094448400383
2 28 12 16 49010 1.0378973195823373
17 28 19 12 44447 1.0074360567798695
24 16 6 25 55998 1.070688073720599
5 2 29 18 83253 0.9746839327205081
26 3 25 24 52915 1.0728653551577048
13 13 28 12 52713 0.9807049522472667
4 16 25 17 67226 0.9763243978992455
24 8 23 22 34702 0.9820493243940424
14 28 1 22 49696 1.0167003012278597
3 26 23 1 79252 1.0881001175230136
0 10 17 5 60352 0.9958716994100898
7 14 9 29 36354 1.0041341163951214
15 15 23 2 44918 1.0080111428170087
21 3 13 29 64809 0.9174803627261208
20 23 4 22 34873 1.0903541945833934
18 12 9 2 40066 0.908500743330985
24 24 24 8 42012 0.9163122938342009
23 11 19 27 37344 0.9343829480010825
11 21 7 0 52269 1.0756491930670635
12 27 14 1 82105 0.9594055689669436
28 28 4 26 50310 1.0423669594487168
2 14 4 3 25412 0.9884039046486616
26 15 11 8 62079 0.9642279643952989
22 11 6 6 54049 1.050389413350219
28 3 24 9 28130 1.0117687295657647
22 25 3 11 62130 0.9066352638785062
17 25 26 5 62731 1.0382280708709613
24 24 11 20 43089 0.9137670566323222
8 22 15 26 22717 1.0804376260371995
11 20 25 15 49835 0.9417657335781677
8 23 9 1 51658 1.02572219501481
12 15 23 10 41164 1.0830755936230498
5 19 1 27 26541 0.9855235686665196
16 26 24 3 50937 0.9162604212807656
26 3 21 8 20842 0.9013133516783652
22 21 19 4 39053 1.0381860236271656
0 14 8 5 41334 0.9559986175551375
17 14 2 15 41056 1.0144767153187242
11 28 9 17 29764 1.0350345424817984
11 15 25 26 51449 1.0586747970718007
0 27 28 26 50433 1.0079968796928027
14 20 6 3 63451 1.0107692820498173
17 2 9 10 32662 1.019167802282664
17 8 5 16 53027 1.0071351592476563
27 27 24 6 56362 0.9456271417643054
24 3 20 29 53501 1.0477354986664875
25 6 15 4 37301 1.0926693109888024
18 21 13 12 33354 0.9668760247721138
9 26 3 19 25368 1.079560647513093
3 10 6 25 34403 0.983490888113467
22 14 13 1 52129 1.0851269020512646
11 16 10 2 41878 1.0220686353252637
25 21 19 17 25094 1.0273917728098287
23 26 17 4 51731 1.083155883289296
10 10 3 21 39497 0.9020259169040632
23 3 2 9 55455 0.9315078154639624
19 1 12 17 62846 1.0520511310518146
19 0 15 18 52853 0.9886382686035268
9 24 1 21 23711 0.9818846691737948
3 26 23 27 37241 0.9204681616264524
2 13 5 1 37667 1.0580419721278407
21 24 6 23 37707 1.041052474904586
0 29 28 25 63903 0.9199098406095675
18 29 20 19 37020 0.9303815857693991
5 12 19 12 40123 1.085002262852487
6 2 0 27 57605 1.0549820141006203
14 2 29 0 44637 1.040942775576695
25 19 1 4 85770 0.9863394015858526
24 11 26 25 41915 1.058250830421004
6 6 18 21 62731 1.015653461450583
18 1 18 15 46082 0.9531793773618293
22 4 29 8 28070 1.0653337417742883
22 1 21 17 35013 1.0086582859601962
18 22 28 17 49346 0.9737297094363718
21 20 21 7 34607 1.0619275874476275
3 3 29 13 73925 1.0358402133034346
6 16 13 19 35032 1.0186657679118043
7 18 3 25 23195 1.0236557572158937
9 8 11 17 28807 1.0597631988968812
2 25 26 4 86595 0.9894320458933449
20 0 16 26 61103 1.0250556523677077
12 28 15 14 45089 1.073700745889559
23 28 22 17 21339 0.9575351534421396
14 6 29 29 81785 0.9951506554898459
24 10 6 16 63416 0.9065368217127799
21 8 10 27 58677 0.9958248198979914
27 3 10 8 50512 1.0159959646597903
13 13 24 17 45051 1.0354465604915846
10 12 3 17 29592 0.99784559539583
23 7 6 6 54625 0.9323619903674326
21 26 8 16 44705 0.9733363325982215
27 20 20 23 24861 0.9482481783797653
1 21 3 5 36132 0.9131687743486009
0 19 17 25 52175 1.0296482862752145
23 19 7 20 45282 0.9876518430759914
24 27 9 17 47082 1.0112775953105182
2 13 24 14 61201 0.9168423883823542
22 0 2 2 47290 0.922453961159703
23 19 29 1 51408 0.9014636161586486
14 23 9 10 39071 0.9290002881432606
5 25 29 24 50974 0.9650434486319868
25 14 0 9 83033 0.9293441497160804
7 22 10 29 22587 1.0531246330765673
4 26 22 19 42537 0.9933043466253113
10 8 16 29 61763 1.0897262151737488
23 25 14 23 21246 0.9149127714020898
12 28 4 19 34675 1.0924424932974994
1 17 16 10 61904 1.062041803321067
15 20 2 3 64820 1.0481725863000098
0 25 14 8 76077 0.9076624276636472
11 19 18 11 48109 1.0229924723262094
23 27 15 5 62668 1.0637235537958503
22 20 19 29 23874 1.077913669238034
6 27 26 11 72965 1.089940954277972
12 14 21 24 45388 0.937320025145169
29 2 6 13 71091 1.0731725248330586
24 16 3 9 70681 1.0418111427260572
14 12 28 5 59589 1.0667045896135068
9 15 1 23 31789 0.9322811372722919
28 20 15 29 45648 0.913465074482812
9 14 1 27 42234 0.9893943195523346
12 4 27 9 62330 1.0531559639256272
1 11 15 20 60022 0.926071333697409
1 26 26 17 65848 0.9617263086704075
10 0 6 20 56524 0.913157295557448
26 14 23 27 34399 0.9432144801673562
24 23 12 1 73920 1.0186799147336625
24 6 7 28 74017 1.0029847589856054
10 28 18 24 33506 1.0320196190344606
18 25 7 11 54922 1.0706368698637279
12 13 1 15 38190 0.90634113633232
22 19 15 22 25960 0.9937664585824492
27 13 17 28 51869 1.0263853890948447
10 6 17 12 40378 1.023635061542001
11 22 27 29 51744 0.978276722872052
19 3 0 15 60178 0.9199701524624057
16 1 6 28 74438 0.9160432032427507
16 27 4 25 25727 0.9577123474799074
1 25 11 2 63317 1.0942688590825724
22 23 0 24 49295 0.9482884927179441
10 29 2 19 39463 1.0207239001614432
1 1 20 9 73004 0.9621846277996675
29 16 8 27 62185 0.9487530138158539
7 3 8 12 20204 1.007747584902111
0 9 19 26 72472 0.9706793929817528
4 2 5 26 43231 1.0777748867816932
9 17 26 12 58350 0.9509370220639972
16 22 28 15 43128 1.0065574768083547
4 15 16 26 39380 0.9792777750209317
13 3 4 26 55381 1.0761467322081444
3 9 24 27 69714 1.0800139888479772
12 4 8 25 63285 0.9401872682985595
19 28 12 17 53219 1.0349050584625035
15 1 28 7 52814 0.9722988194633969
25 7 13 7 60994 1.0153255315493368
28 26 10 7 78827 0.9087715230845975
27 13 29 23 33954 1.0770386940234395
20 17 2 25 64920 1.0422316215937713
9 5 3 17 41260 1.0272892654690087
26 16 5 25 66313 1.002611807301084
6 28 27 28 51413 1.0567008539165899
17 10 2 6 52955 0.9229652060032648
21 27 7 19 46787 0.9049745250678526
15 4 10 21 55445 0.95567186612941
12 13 14 25 46870 1.0847394027776263
15 19 11 9 48522 0.9292868086344376
25 27 0 16 71598 0.998350641265142
21 1 26 6 31615 1.0775705000482758
26 8 2 8 74736 1.08154822915069
5 13 5 2 28514 0.9342535732759221
17 15 23 20 29411 1.017741598638657
1 19 21 18 69763 1.0718887985692531
29 10 26 19 35823 1.03744733654781
17 29 8 7 68432 1.0986709410526385
27 22 4 11 74184 0.9124490306686552
4 3 26 23 76510 0.903869208031584
14 7 29 11 63769 0.9756235780330141
26 29 7 23 50621 0.9209747989441607
23 21 21 0 42086 1.026747914290301
0 2 25 0 62019 0.9115105218362186
16 24 8 9 53298 0.9796392975495999
26 12 12 2 56619 0.9581960695788229
25 28 17 19 38117 0.9825743588654339
21 21 23 11 23229 1.0547773198101649
14 27 22 4 54766 1.0958031009018407
27 23 19 4 53957 0.9964011503103181
23 3 13 19 60034 1.0573712504376402
28 21 7 3 71580 1.087574946965772
1 19 26 5 89730 0.9096862350459033
25 11 6 15 61826 0.9448068418427338
1 25 19 0 82759 0.9180162894663808
0 14 28 14 73563 0.9440490355391568
18 25 0 9 76493 1.093975523385038
7 23 11 15 27193 0.9783902632319331
29 24 5 13 74705 0.9949283744110332
22 20 20 4 35010 0.9195662773331561
29 21 26 0 62261 0.9476086245551092
6 23 19 19 39817 0.9184515718016377
29 9 25 1 31080 0.9010652876876767
3 29 15 28 36433 1.051803563201457
15 22 24 25 27845 1.0989118427973308
27 14 6 21 63504 0.9309759796280165
4 10 28 1 73023 0.9381332391235655
12 3 16 25 54638 0.9621758209368885
5 13 15 23 45083 0.9031291086284117
18 10 4 7 53491 0.914194611804555
13 4 24 19 61620 0.9236772505263363
29 8 24 22 47655 1.0866660703715392
10 23 2 1 58170 1.0637040485094325
2 13 10 7 42134 1.0638177668347923
4 24 19 2 65781 0.9298413275323983
24 24 9 3 67941 0.9145276303353873
19 1 4 0 38206 0.9992212040943301
3 20 26 26 52308 0.9171987165706202
8 29 13 22 33173 0.9577367278124173
6 18 22 12 55804 1.007127330365364
29 3 26 19 51579 1.0039773902561293
23 21 7 5 64665 0.9354231079965974
21 21 8 17 43950 0.9834810394215939
17 7 8 19 55033 0.9896497912126279
17 4 22 23 46591 0.9571404867166035
26 2 17 16 47626 1.0040084986204632
0 8 25 24 89530 1.0816590090569567
16 0 23 26 58170 1.0278630269691433
13 25 10 3 61405 1.0299607958891719
15 28 12 11 56482 1.062640741826609
2 16 25 28 67288 1.0075521499223892
19 23 14 15 28231 0.9133206141030265
13 4 0 28 76372 0.9194317379907886
10 20 13 4 58476 1.0434640893299851
9 24 23 25 30388 1.0123048242725825
13 10 29 5 59441 0.9992237839620485
17 4 0 19 71484 0.9109578906145466
1 26 4 13 25403 0.912749525846623
4 26 1 6 48065 1.0731752713413076
15 28 2 24 38246 0.9753518216520968
3 11 6 4 26923 0.9878433710873358
16 11 24 18 38192 0.9042807869862889
13 1 3 21 64371 1.097517335182763
5 13 29 0 78858 1.0491394141185244
17 10 27 29 64182 1.0611909882674793
5 6 26 12 74045 1.0414710241876013
21 6 16 14 34469 0.9902538517572009
29 12 12 1 70231 0.9404511364505141
27 17 25 3 50443 1.015355147448105
22 21 0 6 83949 1.0249966866512832
27 0 21 18 52031 0.9580358595657443
3 1 19 14 58781 1.0331538807572547
16 26 16 0 55770 0.9252336291475923
22 27 27 1 59901 0.9648749199281905
28 25 2 4 93822 0.9550070642491112
8 0 1 25 61386 1.0620142730301
21 2 15 22 58472 0.906665087434435
3 29 28 24 59807 1.0052952372226878
1 17 18 7 79595 1.0496114408303767
25 10 18 0 44755 1.037242742998326
25 15 11 20 49835 0.9091839578351566
11 3 24 17 53006 0.9442826237746266
26 19 18 28 36904 0.974212041642584
17 9 19 21 37107 0.9074636246293231
12 24 8 13 38611 1.001422743058944
3 5 21 3 36763 1.0991228380133289
9 22 18 21 23391 1.0349654746804742
20 3 20 24 49125 1.022283364538561
29 5 25 27 65133 0.9782453379843327
16 24 22 3 47692 1.0768123020900844
25 24 18 9 55491 1.0335451953091326
2 4 19 19 74919 1.0374594671623703
24 23 10 24 33930 0.9209875484845241
3 26 27 7 87070 0.9878274907713211
27 24 12 0 85105 1.0142129530854376
8 7 26 5 55333 0.9471243846191253
16 5 3 17 55325 0.9918748333041356
24 1 11 2 36484 1.060878894598533
5 5 20 11 63140 0.9356977816649144
7 12 24 15 50750 1.023192071010837
0 6 20 19 88969 0.9016793153892299
17 9 6 0 44262 1.0141234527023553
7 11 10 4 25680 0.932238645175813
1 26 11 15 39420 1.0729977186476674
28 3 21 29 59019 1.0174567038401698
21 27 17 19 31971 1.0779072283930595
29 29 5 22 63709 1.0489743484955276
2 18 25 10 83670 0.9946456195343942
7 9 18 11 41546 1.0146369666997412
23 27 27 13 43141 0.9734255148270727
13 6 22 26 68042 1.069506018802729
16 27 12 15 35519 0.9458127109050127
26 12 0 20 84254 1.0613342662308878
1 23 29 7 95227 0.9627531161802426
28 25 15 4 72647 1.0157848627379673
1 8 17 8 56603 1.031196456383669
6 8 2 22 36622 1.0350583704319711
13 5 4 10 44894 0.9869846924115052
18 11 3 3 50287 1.0218423269332888
29 25 22 0 58120 1.0186682095050628
9 6 1 2 26362 1.0594590303497091
2 23 10 25 23083 0.9776287748127975
17 21 27 7 59145 1.0949736445894334
11 8 25 13 60835 1.0743676690700374
2 9 29 1 73934 0.9236850620157447
6 26 10 12 39369 0.9394978829663688
3 0 23 11 60362 0.9832173297560695
8 9 21 22 67460 0.906070811586233
24 23 5 1 83199 1.0209799199261471
25 24 12 11 66215 1.0298473131699692
25 27 16 23 25180 1.0999463393300402
1 9 0 0 42623 0.911946369929094
16 12 25 16 33130 1.0832165422403561
2 16 13 19 48223 0.9098147426381932
22 29 20 13 35947 1.0716348197498156
17 3 8 22 60054 0.9295781509471384
9 0 19 17 60561 1.0858604505082916
13 5 25 7 52628 0.9339021690459379
22 17 20 27 24453 0.9801746623020589
29 1 25 8 33751 1.072642533859402
5 5 22 1 45359 1.0043359115720278
8 11 1 5 40394 1.0999107935812187
28 19 16 14 50230 0.9060067565622011
19 6 21 19 40448 0.9266435503889611
29 29 21 7 56250 1.0331464228531781
12 24 3 0 67213 0.9029435887290339
1 25 2 3 49311 1.0975552786759617
18 15 5 29 57740 0.9935535690936137
17 14 24 10 29533 0.9128848488807508
11 22 5 4 54365 1.0786537025799467
21 16 24 5 30239 1.0956173303565901
2 10 27 22 84283 0.901504811332477
23 8 29 23 44750 0.9805628578637812
25 13 7 23 59543 0.9916396469870655
5 9 26 0 72499 1.0301152245815257
4 10 11 14 24593 0.945019902731692
12 3 0 20 56725 1.0121406245740419
7 17 3 6 30951 1.0929156959114272
10 12 16 2 38091 1.001807527196904
17 6 22 17 38662 0.9982804468909776
1 22 2 2 51850 0.9931951413440863
4 23 16 18 36344 0.9487929807490899
10 4 24 3 30451 1.037674902537215
17 1 11 9 43628 0.9958868793423962
21 1 24 22 50258 1.091084252386941
24 6 28 22 55604 0.9007250010297748
26 28 6 6 88341 1.0750195410554049
28 14 10 8 67743 0.9293855332799145
0 29 6 8 54013 0.9267813934449567
28 29 18 14 52572 1.079032154810698
5 3 27 9 66256 1.0592440045440736
29 3 4 0 52585 1.0596203278149658
4 11 19 9 53772 0.9346397751866745
8 23 18 12 46449 0.9108307146217488
0 0 1 16 52951 0.9690980677902384
14 14 25 0 57324 0.9047648257330303
5 6 9 19 42865 1.0946334531191817
22 5 13 1 37543 0.9329542705343356
25 5 6 22 82295 1.061490673343506
24 3 11 1 34576 1.063981511958144
20 20 25 25 27254 1.0062418470789285
5 9 0 20 38953 1.0066578929561245
6 28 28 17 75044 1.0658593766645368
4 18 13 26 29928 1.0330345506766925
15 27 22 0 59273 0.9041159661236623
6 3 9 17 36210 1.067310158306095
29 8 7 21 80268 0.9384507982237053
21 17 19 6 39868 0.9573307629396738
3 15 20 5 61885 1.013980932060171
6 11 9 28 46507 0.97542914875934
7 25 8 12 30558 0.9103285586229265
14 20 0 18 51865 1.0126151906925023
23 28 4 29 42668 0.9219962197503374
14 17 5 5 61030 1.0838123352961573
9 25 19 11 53854 1.06439113598785
25 10 5 23 71359 0.9978804763684049
24 11 12 2 51187 1.0281828134030357
16 27 28 10 64642 1.0634665106932204
29 27 8 8 78162 0.998114204984611
7 24 7 6 37438 0.9750244127627875
8 2 13 21 55126 1.0792983979925324
0 19 8 3 51854 0.935317127338086
11 6 3 22 54920 0.9091438689606722
29 20 24 8 46959 1.0499059145682588
29 23 24 2 55697 1.0471701525311503
24 9 17 23 45046 1.0050790330373254
5 10 26 26 68597 0.9323589783612215
7 19 19 13 44141 1.0197432476327681
5 11 28 11 80994 1.0673584939276681
21 5 1 18 82804 0.9285549564860645
27 4 21 15 37958 0.9732433445000896
17 23 1 1 80613 0.935167846933683
8 19 19 20 36174 0.9378543667282889
2 5 5 19 36098 1.0472355363241435
4 19 27 1 81739 1.01390913817645
0 10 3 24 41026 0.9530829733476835
16 28 29 28 30245 0.9962993683972026
3 16 23 14 57443 1.0656824551680557
26 25 1 11 79446 1.099160422756196
0 25 27 0 101124 0.9102320097210558
5 5 6 20 40791 0.9621211491932034
13 15 28 28 59871 0.9246618493365749
26 23 18 13 42119 1.0798574036363662
5 9 18 16 58346 1.0154640419461185
8 21 2 3 43419 1.0317798015947865
19 5 4 8 43418 0.932411560725279
18 5 24 28 59675 1.0914550055202985
21 12 16 22 34183 0.9938698889865194
6 27 8 17 31907 0.9806858559622809
25 7 18 23 49942 0.9730692270841849
1 9 23 19 87548 0.9400555666032923
6 3 27 17 74910 0.9967389256030156
7 4 7 21 35368 0.9712417327236355
15 23 5 1 68467 0.9127030766245504
25 12 9 12 47914 0.9980477156314909
19 19 12 1 68759 0.9851145320389161
5 16 22 3 60456 1.0037398089122462
0 20 28 28 72404 1.074378607789456
29 6 19 22 59996 1.0244449853233415
19 23 14 29 23164 0.9150121291898391
27 7 1 14 90091 0.951443823784289
16 25 26 16 43240 1.092559167182108
26 6 1 28 95925 0.9822339666117962
2 9 7 25 42627 0.9084168478661268
13 11 2 20 54302 1.0799488365941947
26 20 3 6 82578 0.9855153492630804
20 22 23 2 47315 1.0822604951917698
16 19 4 18 37144 0.9296703040006675
14 22 29 19 47057 1.0812013366211626
4 15 1 8 24407 0.9202042550540761
19 14 11 9 40452 1.0152473679023268
25 7 0 26 83301 1.0118888097952097
20 6 3 15 66649 0.9949074458736371
23 29 9 1 76639 0.9916360939043978
5 21 24 29 54387 1.0214025168524203
6 3 16 28 68868 1.0014687884980846
8 28 11 16 36273 0.9660116820445347
20 29 11 25 31435 1.0061507319739378
13 7 20 2 39600 1.088080984515757
22 1 6 1 43284 1.0465221660942354
10 24 24 23 33930 0.9611381138995512
12 10 16 0 40082 1.0521498667506244
13 14 15 28 39499 1.023051731782658
18 4 29 12 48864 0.9798038203169395
1 27 11 21 34328 0.9528849741899054
6 27 9 8 49210 1.0278539613127147
28 19 19 20 33330 0.9720824337987923
6 12 25 13 60007 1.0378750286611562
11 3 17 29 67288 0.939737866846984
13 11 3 2 51284 1.0610617043708104
27 9 15 5 54899 0.9886889846761879
19 12 28 15 29840 1.0950963974072963
0 11 2 0 42971 0.9764616845320854
10 24 20 24 29914 0.9699419047795269
