6697 5506 6979 7588 6854 6073 6872 5368 6169 7252 5193 6788 6849 7212 5180 6768 6563 7496 6524 7554 5469 5516 7363 7166 6632 5680 6757 5616 7109
7890 6248 8492 7692 6899 7533 6220 7917 7660 8668 8361 8337 8012 6319 6966 6262 8620 7200 8512 7978 8265 7057 8053 7281 6553 8349 8664 7332 8279
5895 6165 5259 7085 7082 7031 6862 5668 7275 6157 6416 5740 5121 7286 5174 6672 4875 6662 7369 5409 5561 5030 5239 6041 5873 6774 5863 6842 6620
2947 4133 2318 3340 2746 2076 2076 2278 3336 3476 4261 4378 3101 2005 4233 2881 4250 3905 2010 3726 4003 2821 4175 3770 4100 1983 3940 3321 2658
4753 6539 4783 5235 5094 6146 6163 4959 4479 4612 5920 6090 5758 6302 4954 5312 5261 6666 4817 5091 4306 5906 6499 4340 5062 4826 6310 6263 4260
6514 4791 6040 5972 4686 5336 6208 6472 6541 6515 4328 5279 4822 4731 6162 4903 6525 5201 4777 6328 5550 5171 6680 6485 5450 5011 4844 5704 4815
6863 5231 5349 5611 5943 5231 7124 7049 6900 6308 5144 5786 5952 6927 5192 5294 4639 5420 6681 6002 4810 4717 6603 6219 6185 6517 6999 5267 5646
5536 6827 5293 6764 6557 7081 6788 6163 5225 5073 6741 5017 5806 5591 5941 4819 5596 4977 6303 5407 4877 5599 5883 4870 5439 6839 5866 6979 5694
6258 7237 7078 6631 5804 5442 6843 7122 6644 7097 7213 7650 6078 5239 7110 6028 5928 6203 7133 5382 6442 5958 7665 6170 5806 5692 6378 5665 7511
7414 4842 5235 5145 7370 4935 7262 7079 7240 6990 7095 6789 5959 5523 7311 6570 6326 5707 6673 5849 6341 6912 6840 5232 5057 6567 4852 4897 4910
6496 5316 5717 4362 4393 5956 4978 5173 6031 6265 6547 5495 6374 4377 6482 6042 4594 6441 4753 4562 5015 5079 6105 5221 4706 5148 3981 5848 6146
5183 3251 3690 3228 3587 4757 4251 3779 3235 5058 5001 4322 3654 5236 3576 3515 4981 3513 5014 5119 5079 3597 3474 4407 4106 4788 4066 4099 5283
5162 4769 6146 4636 3921 3707 4614 4563 5145 5419 3902 4355 5087 4259 5237 3865 5894 5118 3755 4480 5276 5433 4547 5361 4185 4812 6143 3788 3952
3664 3274 3728 3241 4366 4441 2417 4007 2679 3563 3350 4790 3099 2930 3686 2792 3105 2895 2924 3972 2864 3942 4226 3121 4006 3189 4573 4175 4539
8066 6330 7187 7185 6884 6876 5829 6793 6225 7169 6642 6124 7938 6018 8130 6274 7928 8153 8021 6919 6444 7724 7337 6482 6124 8343 7513 8335 6340
7232 6124 7838 6664 6948 7846 7178 7950 7270 7104 7695 6816 7391 6319 7802 8445 6637 6809 6744 8033 7053 6696 6903 8299 7742 6516 7334 8583 6937
6007 6492 6458 6527 7689 6628 7448 5457 7239 5321 6891 7687 5387 7645 7003 6488 7639 5752 5533 6957 6762 7151 7360 7634 5913 5810 6533 5932 5737
7604 6757 7431 5962 6677 6822 7346 6591 5284 5161 5289 5627 6291 7374 7471 7239 5673 7583 5899 5378 6644 6102 5461 7394 6935 5460 7132 5094 5678
2112 2012 3164 3114 1531 3123 3007 2379 3268 1108 1905 2653 3022 2682 2918 2550 2611 2171 3269 2629 1320 2577 2109 2045 2089 2035 1897 3090 1266
3353 3335 4257 4650 4925 3501 4508 4809 3257 4483 4276 5001 2743 2707 4274 3788 4920 4190 4991 3394 3155 4522 3127 4709 3034 4011 3570 4651 2617
4447 5009 4626 3502 3928 3601 3818 3793 3413 4061 4837 3333 5558 5083 5113 5486 5094 4167 4647 4062 5147 3305 5021 4769 5129 4467 4008 3505 4050
8173 5823 6356 6938 7514 7727 7634 7969 8075 6961 7938 6837 5920 5764 6602 5940 5850 6757 5957 6197 6444 7623 7722 6284 7559 6593 7626 7577 5728
3543 2995 2448 2985 1584 1931 2923 2194 3483 3583 1456 1511 2719 2054 1645 2953 1749 2524 2919 3869 1323 2833 3453 1755 1343 3562 2779 1997 1344
5573 5222 4568 5194 4433 6592 4965 4052 4540 5736 4978 6381 4728 4764 5003 5985 5110 6071 5859 6155 4259 4445 4812 6312 5715 6497 4826 4538 4881
8232 7923 6719 7946 6548 8265 7699 6600 6697 6088 7848 6019 7094 6288 6437 7810 6415 7169 6394 6211 7723 7138 7141 8077 7031 5916 7476 5868 7378
4688 2171 4194 3703 3589 2390 2630 2202 2952 3681 2594 3773 2459 3574 3263 4308 2249 3002 3666 2761 4210 4256 2999 3736 3725 3022 4110 2700 3352
4460 3732 3784 4729 5383 3241 4684 4440 3754 3963 5535 4118 3581 4610 5714 4035 4370 4035 4107 3780 3485 5600 4801 4183 5693 3542 3796 3719 3813
4632 5052 3449 4698 4433 3863 4119 5464 5105 3397 5082 4013 3369 5719 3497 3362 4553 3370 4561 3990 4766 3528 5225 4478 3582 4856 3373 4252 3850
3199 2478 1913 3400 3645 3695 1565 3513 2858 3218 3606 3296 2957 2031 2156 2990 3804 3097 1472 2834 2002 2820 3857 1532 1388 3541 3312 1638 2106
1735 1509 2719 1927 2805 2772 2560 3120 3594 1961 3018 2943 3014 2909 1860 1581 3216 3052 1490 2208 2593 2664 3310 1799 2560 2948 1906 2495 2505
1533 1381 7659 6653 7475 6778 5926 7164 7908 3487 6646 6491 5935 3905 7615 6726 7359 3263 4522 1928 6150 5769 6051 3310 7688 3116 7218 4546 2553 5877
3224 2598 7594 7583 6501 6829 7820 5103 6338 4043 6832 5787 5206 3889 7929 7808 6976 3659 3183 3997 6031 4776 6054 1644 6242 3562 7832 3034 5046 4935
2352 2843 7226 7811 6213 5269 6602 6838 6889 4108 5627 6602 3705 5711 7734 8324 6555 2235 5149 3380 6968 4031 6654 3859 6859 4371 7839 4544 3574 6493
1428 2382 6888 5967 7834 5309 6465 6468 6233 4992 7338 7151 4596 5550 5954 6163 8756 1771 5339 2901 6902 5273 4513 1762 6669 3667 8153 3715 4741 5376
2596 3722 5385 6398 6603 5248 7582 7350 7694 4074 6482 7720 5643 5391 8452 7914 7444 2344 4208 2064 6094 4799 6861 2736 6893 5490 7012 2743 4892 5645
1648 3831 7294 8183 7039 6628 7473 5060 7330 3974 7198 7948 5363 6135 7722 8330 8159 3480 5219 1914 7424 5805 6012 2710 6182 3158 8295 3575 5050 6712
1917 1893 6869 6921 7135 4857 7952 6859 7857 2889 6936 7078 5045 4831 6771 7252 6578 2157 3323 4119 6668 4356 5403 1453 6862 5476 6583 3254 3215 5393
3564 2075 7093 8016 8085 6038 7509 6417 7657 4542 6134 6687 5758 5357 6427 7346 6871 2450 4966 2214 6834 5410 6933 3125 6544 5296 7582 3951 4493 6706
2403 1486 7327 7392 7730 4692 7169 7623 6216 3303 7779 6077 6130 4724 6103 7128 7769 3653 3099 2430 7173 4220 4727 3682 7598 4535 8350 3561 4981 6833
2254 2759 5916 7961 7435 5352 6479 6448 5770 2936 5247 6478 5765 5389 6512 6015 8337 4040 5186 4072 5733 4082 5556 3487 7837 3753 7662 4732 3584 6741
3171 2915 7031 7920 6597 6019 8007 6709 5957 2819 5304 6307 4558 4408 7044 5802 8026 1915 2992 4008 7125 5800 6119 2336 5774 3879 7017 3195 4129 5619
2461 2503 7047 6583 7691 5637 5807 5985 8023 2936 6105 8270 6070 4478 8533 8209 7512 3992 2981 2566 7362 6203 5470 1339 6948 4317 8270 4424 3007 7316
2138 3257 6583 8306 7129 5029 6150 5756 8241 2995 7020 8240 5241 4030 6028 7499 6709 1908 4458 4346 6625 3727 6226 3201 7166 5243 8204 4553 2663 6810
3287 2035 6311 6310 7922 6752 6162 7226 6942 5236 6374 7779 5411 5517 8078 6805 8687 4164 3579 2538 5785 4884 4769 1430 6172 4210 6383 4677 3797 6596
2364 2970 5778 6730 6947 5040 6893 5571 7913 4259 6913 6245 3844 4433 8280 8048 6805 3182 4821 2944 5139 5064 6666 3923 5733 5457 7265 4288 2673 7366
2796 1398 7595 7506 8105 6294 7143 7602 6468 5116 6057 7495 5718 4847 6737 5771 8019 3495 3792 4168 7389 4653 4862 2458 7665 4462 8060 2220 3703 4815
3487 2967 6530 6890 7289 5924 7161 5066 6811 2817 7117 6614 3903 4109 6496 7098 6542 3859 5275 3830 5650 5110 4682 3165 6541 4121 7866 3770 4541 6391
3604 2896 6392 6235 7059 5709 6884 7494 6552 3014 6393 7249 5439 4223 6937 6595 7774 2352 3495 2426 7240 5423 4916 3612 6072 3508 7933 4644 4641 6340
2998 3675 5498 6654 6565 5354 5938 5235 6680 4313 6098 7775 5469 5577 6426 6604 8106 2298 5272 3036 7108 5570 5323 2761 6613 5330 8154 4311 3715 7076
3611 1712 6907 7637 6631 5302 6572 6557 7012 4176 7702 8012 4988 5818 7537 8193 7945 4076 4995 4166 5519 5999 4629 2597 5400 2983 7131 2478 4954 5500
3506 1465 5767 6467 7601 5020 7311 6759 6258 5129 7568 7828 4754 5609 6903 7312 6920 3971 4700 2502 7083 3683 6296 2408 7442 4244 7037 2769 3001 6296
2318 3418 6302 6535 6995 5606 6380 6113 6118 5116 5313 7146 3897 4222 6229 5821 6634 1800 2848 2115 7179 4330 5360 2471 5953 4070 8179 3345 3308 7014
2125 3042 6507 7347 6341 4779 6004 6461 5879 3185 5498 8090 4165 5722 6123 7917 8872 3099 5104 1879 6867 4940 4940 3426 5307 5354 8695 4077 2896 4836
2025 3606 7717 7708 8258 6859 6135 6229 6132 3366 6461 7035 5434 4517 7296 7595 7551 1978 2887 3412 6196 5075 5934 2693 6687 5022 8050 2719 2799 7160
3495 3674 6131 8015 7171 6679 6555 5469 7674 5266 6628 6093 4288 3968 7519 7350 8918 3748 2845 4321 5913 3733 5056 2279 6153 5264 8128 2331 4950 7112
1510 2781 5646 8188 7739 6600 7568 6465 5834 5269 7031 5870 5602 4025 8333 8293 8404 2396 3685 1872 5460 6026 6868 3449 6324 5248 6620 4174 4370 7242
2842 1696 6242 6049 7716 4728 7314 5269 6362 4374 6257 6499 5763 5968 6419 6874 7629 2230 2920 3700 6199 4299 4813 2582 6286 3533 7697 3804 5127 5681
2504 2042 6195 5988 8450 6625 7147 7064 7376 4290 6484 6672 5253 3996 5976 6602 7792 3831 3727 3473 6537 5616 6538 1554 6695 3031 8557 4589 4703 7338
1443 1610 7050 6155 8243 5660 7963 7336 6725 4787 6706 7133 5941 4995 6522 7140 7050 4301 4351 3229 5029 4684 6987 2850 7200 4038 7427 3783 4720 6697
15 15 29 11 73876 1.040763088932164
12 28 28 25 62314 1.094207164135289
12 12 22 24 63205 1.0481311796742434
12 10 3 26 85617 1.0498353382444487
21 29 15 19 46148 0.9240749969051139
20 4 22 20 52067 1.0539479012682866
14 8 1 9 53232 0.9572011563439267
0 19 28 13 100390 0.9620629937854924
21 16 20 25 35983 1.0049636751460005
4 8 19 16 80036 1.0467606848640174
4 11 13 3 62151 1.0953185174954876
10 17 13 2 60009 1.0936391963139827
17 18 2 20 58802 0.9059528707287748
16 8 5 16 79285 0.9460468862252118
23 6 4 28 120445 0.976284260063241
3 2 11 0 26061 1.0102452974652971
3 9 5 23 53723 1.0697668245507872
14 25 5 24 39155 0.945858254917854
18 21 22 13 29612 0.929902639583691
2 7 13 10 51475 0.9627642231325924
27 12 3 16 95108 1.0395103973612212
4 9 18 19 75799 0.9199078466208739
23 12 18 27 49248 0.9702882858705532
28 16 16 1 75432 0.9250945433347003
28 18 24 28 41631 0.9668435968039005
11 24 28 19 61268 0.9192257261123199
15 22 4 18 54763 1.0224668587515342
1 7 21 15 109821 1.0391218133813374
18 28 11 8 74288 0.9193931917376351
7 27 28 5 129925 0.9229565496473957
4 7 5 21 63425 1.025157951862325
20 0 23 22 65951 1.089587372144239
0 20 21 9 100603 0.9916372811153358
1 26 24 28 91939 1.0425180194987977
4 2 13 18 84248 1.0266997382351832
15 16 7 2 89677 1.00532267086076
19 5 5 27 108366 0.9040380586494551
6 14 16 25 77319 1.0588960558390215
15 10 20 19 49300 0.963238860131565
28 26 24 18 32623 0.9146636521427284
22 2 22 28 63575 0.982163624448104
5 16 13 3 78586 0.9378760262392039
13 26 9 2 102883 1.0682731528786507
24 9 16 5 48695 0.92008894675373
0 14 14 1 87094 1.0342679191755864
8 1 21 6 53779 0.9571461400852928
26 0 19 14 58880 0.9474963394378672
23 4 16 23 68800 1.0805626858000807
29 9 3 5 101353 0.9737383960327763
7 15 18 14 53504 1.0041468930182893
7 20 25 12 82889 1.0948246469596248
21 14 15 5 60729 1.0575750305545077
19 18 19 8 33507 0.9841815739586341
7 3 22 29 117520 0.9938111220294565
29 19 1 6 132684 1.0396475812912735
15 17 23 13 35974 0.9259462067445084
8 8 12 19 59113 0.9709006179308746
29 24 22 21 26918 1.0727235408584905
8 17 16 9 57434 1.079155662794685
15 29 26 28 48805 1.0915212216136865
5 28 8 17 58797 0.9394972765163381
6 21 20 14 77664 1.088218357991198
14 26 29 4 109746 1.0574574110599464
2 9 4 22 53671 0.9759069467383028
16 10 23 19 49739 0.954652341827258
7 3 1 14 74456 1.052680425921793
6 19 23 26 73482 0.9718008079368796
22 28 8 29 59459 1.051497195424316
6 10 13 26 87182 1.0922500519648761
22 18 19 4 51578 1.091046666074619
18 19 15 11 41099 1.0399809609397703
5 15 11 2 78827 0.9149350989608449
27 24 12 25 56102 0.9893839189518202
8 5 0 28 115358 0.9022750239304177
2 14 14 19 55023 1.0732704621589062
0 5 11 16 84018 0.977869163868845
24 18 17 2 67402 1.089908582215744
20 18 15 9 40937 0.9606499231300082
7 3 3 17 71906 1.0297965434868153
28 1 14 8 70140 0.9413887210129374
9 18 16 25 54801 1.0101734511839608
14 15 2 22 63117 0.9936772403476828
8 1 6 19 77585 1.0452753653242528
26 15 16 11 62070 0.9918210767157575
28 11 6 12 111408 0.9674642011547501
6 8 24 0 87702 1.0173862394427007
21 13 3 10 84683 1.0832400237811115
2 27 12 2 118200 1.0518163235697784
26 7 16 14 66835 0.9910715042266406
19 2 2 5 63905 0.9309478220250045
5 24 27 24 71550 0.9558262080724966
11 15 25 27 73559 1.0787295741469953
29 21 15 25 51269 1.0576537712955427
11 25 3 18 46539 0.9664927702885293
11 5 1 15 83137 0.9126464137340701
26 13 25 0 45051 1.0534642631532103
19 21 29 11 57283 1.0756976885067426
9 2 12 17 73652 0.9644913323802953
8 13 17 14 49309 0.9834628029603707
10 6 20 21 85481 0.9331937329277723
2 14 29 9 117948 1.0016377109809644
28 2 18 12 56853 0.9541587990341183
21 15 13 20 47453 0.9419903733434433
20 23 12 20 37117 0.9550049462427296
10 12 1 14 57320 0.9694933550757878
24 27 16 25 31260 0.9544476177282808
20 9 16 0 39290 1.037525372861117
29 14 13 6 89379 1.0944905087583288
14 26 0 4 124456 0.9430284862863183
24 14 3 10 101782 0.9450478830745033
16 22 20 1 67998 1.0543263064970756
22 6 5 1 55198 1.0168880146372512
17 3 2 14 97639 1.0562450231178382
10 12 18 29 72015 0.9742073304377357
3 19 19 21 56059 1.0466332664516003
20 27 3 12 89395 0.9288481688009607
29 10 22 16 41873 1.0642972531037533
23 9 22 29 50556 1.0703720509086994
22 9 24 17 22747 0.9232446337763608
16 1 28 13 69118 1.0018405281517357
29 5 23 0 24514 0.9942627986485945
11 24 25 9 78919 0.972507335704091
24 3 7 15 105395 1.049895642659321
28 15 1 4 129036 1.0996304506514865
12 10 4 18 61715 0.9600201530982195
1 15 29 3 131927 0.913213308689963
28 4 8 25 121315 1.0641060681937975
21 27 2 18 79927 0.9018363783318336
22 16 23 27 32186 1.0622172631173088
14 8 29 0 72786 1.0413983692884363
29 20 5 22 80238 0.9588455367538984
3 2 26 9 91121 1.0467530039889643
3 5 2 15 39544 1.041760333267908
26 2 3 26 131217 1.037833500748996
10 28 7 19 54381 0.9233697924713559
0 14 18 1 97325 0.9871280106258736
4 29 7 7 101690 0.9090025477618187
26 13 27 23 38581 0.9970900269801818
25 1 12 14 82296 1.096494421285789
1 18 6 13 41727 0.9095368343961452
13 18 5 12 53633 1.096410255201235
2 8 11 14 63025 0.9224932038781257
16 24 8 17 51776 0.9858272058426106
7 24 14 21 35092 1.0129164196990674
24 3 3 23 114141 0.9726102529490765
17 24 6 10 90811 0.918229388387896
8 28 23 15 87391 1.064767647704564
29 22 12 10 90852 1.0819145023091388
24 1 13 22 88807 0.9424127900931656
24 2 5 23 111260 0.9453815185151342
12 13 8 6 51366 1.0275964666244914
17 9 0 5 81530 0.9839900096460237
18 23 12 28 33174 1.0756896329098367
23 19 13 4 76939 1.0706125581386736
16 25 22 11 50291 1.0505187924012527
4 27 5 18 41975 0.9980474867307654
0 23 18 5 94533 0.9086463003524872
2 29 5 5 95813 1.0460070193470279
28 21 2 7 124631 1.039116218633135
0 17 8 1 73948 1.0594935174793598
22 9 27 14 37950 1.0921388777215433
19 29 26 18 52368 1.0697139057822933
17 12 23 20 44515 1.0723202922210961
16 24 10 3 100082 0.908748058616641
23 16 11 20 53408 0.9122184833546642
29 1 24 17 58014 0.9538164113583939
22 5 3 15 92239 0.9010146028052373
29 5 4 0 75763 1.0085396994330877
15 7 24 23 75689 0.9078976725150917
16 16 9 10 63029 1.0418835377257782
0 1 7 9 45054 1.0971141832637854
23 12 6 21 82729 1.0320465176492764
18 26 10 13 61958 1.0266020143933767
17 24 7 17 56435 0.9100523232289485
18 10 27 19 50784 0.9263745142264762
8 21 24 21 66839 1.0016270354642987
5 19 21 26 73494 1.0578902075742194
27 3 0 1 79481 0.954155582204593
2 20 18 29 69429 1.0342464670564886
9 28 21 11 89568 1.056548497252102
27 25 15 22 48309 1.0947650332868961
11 10 19 19 58759 1.0139620764500175
23 26 18 2 78296 1.0812381427454736
17 13 3 10 72289 0.9792119665594619
26 17 22 23 28142 1.038160865617065
11 6 22 23 81399 1.0951013423776994
20 0 9 27 108265 0.9976667199231077
9 25 2 11 72312 1.0107782490958137
25 19 14 15 53961 1.0206312271645626
1 17 28 28 101595 0.9361068270725682
11 1 0 6 56024 1.0386424627881223
21 26 3 21 70699 0.9790558844761985
0 10 24 29 136113 1.0052540442173101
10 21 3 0 89041 1.0033860964737928
8 3 25 11 88406 0.9884476127580908
1 2 24 3 81546 1.0873997734713683
13 22 10 7 63566 0.9582422437278759
28 9 7 2 84266 1.0628721654728612
14 11 8 26 78753 1.0882805227051748
27 18 17 8 56713 0.9629425389676219
29 1 9 5 71874 0.9414857532224731
12 16 25 26 67280 0.990207235284168
20 4 1 2 69302 0.9166929260457009
19 29 22 0 83976 0.9195416085230933
0 28 19 8 109800 0.9065539933570301
27 4 10 28 121629 1.0324953827674341
3 19 19 7 81008 1.0570712583803443
12 25 5 4 106410 0.9955474757486427
22 10 23 19 21409 1.039363452526036
25 27 6 18 82606 1.0580449274816741
21 17 17 6 45332 1.075111014927541
19 26 9 23 38426 1.0999014463353878
12 2 18 9 41890 1.0200289497916963
3 28 18 24 59578 0.9669683505512034
15 15 29 6 88129 0.944612000701834
0 29 16 4 136995 1.030891497041865
12 24 0 21 49563 1.0932800067869812
14 18 11 11 35471 0.9687526403661341
17 28 21 17 40217 0.9365135538791812
11 1 16 16 70778 1.0365260961822327
6 27 9 7 111144 0.9209420531557987
17 12 27 9 51299 0.9746671438904491
0 0 5 20 78152 0.9319468854785933
16 19 9 6 73895 0.9817926766018557
29 15 16 4 85630 0.9679146081197542
13 21 29 2 98177 1.0324200365898284
29 29 4 28 101839 1.0877962134191608
5 15 12 1 81400 0.9818133958861579
24 25 13 22 42525 1.04658838397506
9 11 9 26 85872 0.9507035418796383
1 25 18 24 58267 1.0118396729270092
25 24 18 4 69203 1.0496208254700503
13 29 10 16 56835 1.0288831567845187
5 9 27 6 98394 0.9801075472307491
8 8 13 18 51843 0.9622821289255822
29 2 10 23 105534 0.9239185505634085
4 1 27 27 128610 1.0418984791031054
25 0 17 20 74467 1.048586304710717
1 25 17 13 85281 0.9185800567471147
14 21 14 0 79958 0.9912718227391738
22 1 1 0 55356 0.9342950352502855
15 21 6 13 64770 1.0389725156471117
1 16 21 23 79922 1.0534733242255232
29 13 17 6 75642 0.9863018016634263
5 9 14 0 61183 1.04463398810179
28 24 5 2 120650 1.0083622797373968
26 11 3 2 97997 1.0746476068604112
4 3 18 2 49956 0.9741695708846788
8 24 28 12 91043 1.077482931507308
16 16 27 14 50858 0.9548780476767228
18 7 8 6 61687 0.9709910718782514
26 5 18 7 52329 1.0938775615598422
20 11 12 27 73695 1.0841748738825487
15 6 27 6 79101 0.9461294699606961
28 3 25 26 76570 0.9216946904695399
21 15 4 21 80611 0.9577460349716825
14 9 2 22 82966 1.0812031217559053
24 7 22 17 35676 1.004376160517599
9 18 26 5 93020 0.9299999730131511
10 4 26 9 82691 0.9664202331553322
29 14 10 12 86670 1.0365901254129875
11 23 29 29 62160 0.9113315754197561
11 1 18 28 84304 0.9766660503053822
20 8 3 21 89757 0.9464776484458881
28 7 8 11 100596 1.098991506516374
26 14 17 27 63947 0.924843101511244
22 11 16 21 44375 0.9211445961996026
27 21 12 26 65189 1.0621512798584902
12 14 20 5 62539 1.083378268929042
13 11 26 16 65190 0.9801501910580941
6 6 24 23 113815 1.085108053502059
24 29 17 11 72506 0.9746765545430424
18 5 24 19 53776 0.910926041787339
1 12 3 27 59814 1.0989994118580761
28 5 6 3 78281 0.9868871344071404
23 24 0 26 82317 1.056099527292974
3 12 23 8 94476 0.9908586465092583
24 19 11 0 79746 0.9416664829855458
29 29 18 1 98154 1.063219767029538
7 27 27 5 128820 1.0156744817237233
0 12 28 17 105505 0.9918255564383338
25 21 0 17 86994 0.9496478349081933
18 24 0 26 67063 1.0193252343339128
3 27 22 12 91229 1.0459930004319098
20 10 29 7 51557 0.9648809486198252
3 23 28 4 122055 0.921717611226514
0 11 7 15 58174 0.9872500701740203
8 8 19 15 62934 1.096951206295928
13 22 7 15 44970 1.039276730329782
9 4 20 24 103665 1.0069425074152463
26 26 7 29 80996 0.905367342630243
0 26 15 8 115333 0.9145583706871918
18 12 20 3 35529 1.0208113255087503
4 16 20 1 94686 0.9025445991712768
5 27 15 21 61239 0.9276972665565265
14 19 18 1 59855 1.09393767144958
7 2 10 12 64779 1.082186632564639
16 7 24 19 60206 1.0694745265777297
24 17 9 17 46129 0.9149454335537717
24 23 8 10 92408 0.909053332742368
10 26 5 8 98862 1.0037151212182125
19 10 1 18 81281 1.0176903391990455
13 29 28 5 113041 0.9726101907189617
14 1 24 24 89339 1.0053417287911004
9 5 0 4 55707 1.0444870118108553
28 8 3 24 113407 1.068817151542028
26 12 6 8 94025 1.0421204006843632
21 13 14 4 66933 0.9481410671095212
13 6 1 14 75698 0.9326913262866083
24 24 6 5 126676 1.048626560754955
17 4 23 22 70040 1.0706706055538762
19 2 10 4 41802 0.9963706048578518
24 9 19 2 37024 1.0534509538900008
27 10 11 7 76978 0.9182990850846297
23 10 12 21 63316 0.9880904604956267
10 24 28 7 99416 0.912309072400234
28 26 15 26 55422 0.9061233613749643
24 0 0 4 83947 0.9421203763026247
9 9 29 8 84993 1.0923312436690953
0 20 23 20 83252 1.0952144639152173
6 3 0 29 121021 0.9062960394035654
14 4 2 1 47831 0.9378891209492529
18 13 11 7 42075 1.0092449596634547
15 9 11 23 62173 1.0528030808120425
17 20 27 24 42390 1.0065024938353813
17 2 27 11 69156 0.980568138311301
28 25 29 7 48303 0.9457442744860496
9 24 13 17 36418 0.9439601941938741
2 22 24 18 80596 1.087044693388793
12 4 25 17 83355 0.999528235729966
14 1 25 25 91449 1.0538921740164477
5 16 26 27 93457 1.0102414540464015
18 17 25 27 42878 0.9355750644479446
1 10 19 7 82719 0.9210750601518308
21 0 10 8 62753 0.9413378764293107
15 21 28 15 60473 1.0491206441061753
3 21 14 16 53146 1.0574087087576454
25 5 12 5 66153 1.097967388155428
27 19 3 23 76057 1.0587968600145565
28 25 18 1 84262 0.9513811688661995
17 29 0 22 75357 1.0623257184834487
4 17 27 2 113200 0.9108195659520528
7 28 16 10 98044 0.9600246408001255
25 27 22 9 53157 1.059107087408385
13 26 26 3 105942 0.934360652733197
28 29 18 17 53812 1.010293249968042
22 22 27 1 66480 1.0938096985162638
10 6 8 29 116960 1.0602210256700735
29 29 6 5 145722 0.9026954546757147
29 17 22 8 42736 0.928415062128732
9 29 29 1 131365 0.9156501494009383
20 5 2 21 104319 1.0360144106022546
0 8 17 4 94076 1.0072031978751572
24 16 10 7 83182 0.9049944013808128
29 26 0 11 132300 0.9276318364760524
13 9 24 12 54815 0.9131192297929268
27 0 22 25 73772 0.9031996168839269
29 5 11 29 118399 0.9560576995179791
15 6 6 4 61063 1.022330025032108
6 24 20 15 70459 0.9490032752633686
19 11 11 2 53663 1.036672249114556
0 18 25 26 99126 0.9197171174743551
11 9 4 29 102941 0.958593235175383
28 12 4 14 101883 1.0773189346886103
7 5 15 22 99401 0.9089447325757647
17 13 22 18 29653 0.9147267078071982
20 14 3 2 88942 0.925685327557941
0 15 14 15 62900 1.0682136298971383
3 27 10 8 95759 0.9538620948729899
12 23 28 11 77325 1.0513903609981652
4 6 11 11 50197 0.9052995094034231
3 15 27 14 88901 1.0414206022044414
5 20 10 28 56762 1.08260383079584
25 27 17 16 50903 1.0567775324197273
16 18 3 12 59267 0.9554698260818918
14 2 11 13 54500 0.9416897698667839
2 10 8 18 49141 1.0712013044687523
13 21 12 2 71432 0.9850832556989844
10 27 15 10 82964 1.0165570211953323
15 26 25 2 99344 1.0788773587874734
12 16 17 24 46279 0.9344647294633724
10 2 26 2 53362 0.9063621303021437
11 18 23 14 51080 1.0992306316486604
8 27 23 2 115605 1.0483881269102573
6 22 2 28 34499 1.031650451632507
14 21 12 3 71984 0.9778628952516408
10 21 24 4 98049 1.099562087702005
2 2 10 7 57878 0.9139382414481488
7 5 14 0 47387 1.0966417855794888
1 7 15 11 73952 0.9048169719207529
6 25 17 6 94677 1.0636881594727285
11 16 22 16 41827 0.9658692369301564
5 23 1 8 69534 0.9446220168678716
18 0 19 18 49647 1.0823727207323348
13 20 0 9 77724 1.0754102438807553
0 3 13 27 127844 1.0686085884727394
17 29 18 19 27397 0.9342960249221944
11 12 16 21 51931 0.9351928872155257
11 22 2 18 44676 1.0423426165922998
1 17 17 27 76674 0.9035766574349647
6 22 26 9 100467 0.9793680921189989
17 1 8 23 86651 1.0316250175286164
24 21 12 13 65294 0.9314329513831667
3 19 29 13 93971 0.9156190694498868
3 18 14 20 42101 1.077430662767176
28 4 9 24 111819 1.0274385218324031
26 29 19 5 90341 0.9773688078034634
14 7 2 5 64407 0.971609613228613
16 18 24 5 62925 0.9425739715325183
10 27 6 6 116446 1.0108632056730626
10 29 2 19 67324 0.9441065233027708
18 27 6 7 98401 0.9074463079147279
17 11 23 2 50394 0.9870444469269978
16 12 26 13 48821 1.0911562448641996
11 8 25 3 71526 0.9367402371729254
15 18 13 28 45392 1.052381375215542
0 27 28 28 103967 1.070470878039671
19 13 26 6 50101 0.9731348318935367
8 11 6 25 86360 1.0360164693517793
2 7 11 23 82968 1.0538482751427103
17 11 19 29 55248 1.0680280918308835
1 16 27 3 131113 0.9970372039008873
14 1 6 23 96949 1.0559676056845193
14 10 8 26 81732 0.9715696450811621
21 10 27 16 37404 1.0540890811249746
29 5 28 23 50715 1.0486324701188838
18 20 2 6 94941 1.0487234576735018
6 20 1 3 78627 1.052292790485804
10 15 2 29 77436 0.9032590518000528
17 28 29 16 63400 0.9949629970427162
26 22 1 16 99041 1.024962552698971
7 22 29 3 119308 0.9768366894679792
7 17 11 2 73928 1.0114756508731872
11 13 28 10 88027 1.024339247327451
28 23 5 1 114327 0.9405803375102058
16 17 27 20 42644 1.0046769103638016
5 11 18 22 84268 1.046210555214689
10 10 11 0 44045 0.9134026406948612
6 28 0 17 58890 0.9371045748187847
16 26 10 18 55425 0.9690438636320163
12 28 23 12 74356 0.9826373486130902
26 6 2 14 120702 0.9382672066894826
20 22 3 17 65913 0.9647909764207672
25 10 1 24 110145 1.085999258849016
9 3 20 4 52301 0.9576719381869988
21 25 10 28 48733 1.0409552860540137
29 7 19 15 67164 1.0373138625514642
26 4 3 6 89320 0.9514447071091223
26 28 19 2 90700 0.9959669257378918
29 29 22 14 56063 0.9000373710174904
13 16 2 22 53520 0.9097664751093427
3 29 18 20 66197 0.9668979087526607
19 27 20 11 53854 0.9704655540429787
27 16 5 14 88386 0.9067653857501162
10 26 5 7 102687 1.0530682646619747
15 10 12 23 61063 0.9563552041164104
12 28 21 26 42292 0.9126277323443638
6 16 4 7 52901 1.045791426595402
28 1 2 16 119071 1.0153965030230356
4 8 12 6 46088 0.9832514229215125
8 15 25 21 77591 0.9237940011241511
21 27 5 18 72611 0.9231916203087283
22 16 0 14 86324 1.0344828548718932
22 11 6 22 78342 0.9055904665214427
23 0 6 24 109208 0.9592370722898204
4 6 23 0 76105 1.0856305586574393
4 23 18 29 51079 1.0601648503169692
4 27 9 13 79379 1.0826543812726925
29 25 22 20 30550 0.9259617907517449
14 16 4 17 37731 0.9651893762268124
13 18 4 26 56225 1.0715906181708772
26 13 11 14 73413 1.0881504653523946
22 6 15 25 68392 0.9804069041992236
4 9 27 29 129284 0.9691901741798525
27 12 16 6 72725 0.9206726103258018
23 7 1 24 108547 1.0359524432549392
26 22 0 26 91903 0.9750370115517486
11 24 0 25 44617 0.9693088608675774
2 10 27 17 101094 1.005101049719853
19 18 9 5 79703 0.9558287903624355
5 16 19 18 53660 1.0270026066656646
6 15 13 0 89180 1.0506203127419191
19 27 27 3 95072 0.9352757196348012
16 29 24 10 77096 1.086114763093866
5 17 22 8 73945 0.9640600006862251
24 2 16 15 74420 0.922729374944824
17 10 0 2 80516 0.9659059509195792
15 19 18 0 59023 0.9049782186191814
10 6 25 23 97233 1.0086217982412167
18 7 2 2 64048 0.9912233979609137
25 15 1 5 122738 1.0053914380947881
5 14 15 8 68834 0.9894211158346755
25 3 5 27 130561 1.0963544226172495
19 28 21 5 73410 0.9752652911861986
28 15 24 4 51617 1.0118339438748125
19 1 7 15 90147 1.0782980734587202
2 6 11 16 69668 1.0126133135535247
7 8 25 2 87938 0.9803827053694435
3 7 20 4 74302 1.0419214377022268
15 10 28 29 90470 1.0121089142163242
22 29 24 21 29081 0.9518796481543045
15 8 6 9 39185 0.9921454662196054
3 3 12 21 86252 1.068830758108251
14 26 27 25 59510 0.9417853164333515
5 13 0 21 52530 1.0208078895114099
15 25 29 5 93160 0.9627525603974572
10 17 1 24 53319 1.0759799830017212
23 22 6 17 66624 1.0848587431896095
24 7 9 0 63780 1.0725720661024434
7 29 20 11 100539 1.0333117219723822
4 24 29 12 99964 1.095096772849551
12 9 3 23 76964 0.92127600213131
22 23 2 27 68993 1.0147845889084073
7 9 11 16 43962 0.9226404016885876
23 24 22 7 47330 1.0969290880434284
26 13 6 15 85489 0.9211594810512157
13 24 7 1 94407 0.986894652633684
13 21 6 8 69290 0.9712750275965897
0 16 22 1 110840 1.027659497715017
10 6 3 17 71477 1.0152312120246907
8 15 21 9 77583 1.013670551090948
11 28 27 8 106313 1.0238044064115381
26 21 15 17 45714 0.9425262656530108
15 5 20 12 45827 0.9113452536906085
15 9 16 19 42092 1.0525985274475005
16 17 1 3 98382 1.0986073385980828
0 25 13 18 62678 1.0704810027921141
29 29 20 11 72820 1.036867028830756
11 6 21 29 98251 0.9539769641323674
16 15 22 11 42763 0.9801781924349102
20 21 28 17 35930 1.0324010229346205
13 14 29 16 63579 1.0432716292039512
26 18 3 7 106362 1.0796972254574213
20 20 26 5 60383 1.0491713589543223
25 4 9 6 78748 1.0077145932766647
3 18 1 7 50045 0.9967666737286109
22 27 1 16 91832 0.9086335934563023
14 21 22 7 64808 0.9569723421110852
0 29 22 23 86052 0.9878335476443812
7 9 6 21 68120 1.0586215414896305
1 0 11 20 94167 0.9543270477699358
1 15 24 8 108173 1.09542024978133
1 21 9 12 69641 0.914431955624867
8 27 7 18 55034 1.0205203465722532
16 27 12 17 48748 1.0869291831301775
24 12 6 17 70031 0.9507426485853859
20 29 2 0 119394 0.9787115215074473
20 25 1 28 78600 1.0332147318586606
2 15 16 23 68064 0.9798710233739125
3 1 20 23 99569 1.016355345741256
19 0 10 21 88000 1.037013133081302
16 22 1 18 66069 1.0464266472969856
12 25 13 13 45706 0.9746593167483569
16 17 13 2 62798 0.9351630081807738
1 25 28 0 138376 1.032636355136796
17 28 26 16 57285 0.9919197523548497
2 19 12 25 50281 0.9731149047018774
22 11 22 21 23266 0.968459146778749
7 0 6 18 74439 0.9926038423202145
27 5 16 0 51904 0.9008294194018717
1 20 21 4 114422 0.9431380598345573
13 15 21 11 54214 1.087195393071696
3 29 6 0 99919 0.9081609504039965
9 3 29 21 112141 0.9866480074089167
9 1 8 25 110679 0.9786812363869732
16 29 16 5 82087 1.0654668068775401
29 23 9 6 114147 0.9429085644069635
13 27 1 18 65787 1.057910607653854
10 11 21 17 62125 1.0602893452799473
2 2 10 24 98797 1.0009335554373542
6 16 12 3 79199 1.0144826308919586
9 10 16 29 97795 1.0229714429053227
11 27 2 3 111546 0.9858855419107075
16 29 6 22 60200 0.9037155861688627
16 2 16 26 83605 0.9539074398090384
28 28 8 13 103533 1.0516344749222764
17 24 3 0 102749 1.0105701399149591
4 29 16 21 73301 1.0083170115454891
10 12 4 5 60092 1.0476680132545062
25 28 4 9 115937 1.0535894879320502
0 5 23 26 140483 0.9660190803189811
6 28 17 2 116085 0.9199284364872465
18 11 9 9 35141 1.0782429812008896
28 18 20 26 44847 1.0096135030313342
23 7 1 20 107089 0.9366615130853205
19 18 8 6 81977 0.903103158623551
10 16 0 18 41091 1.0142751802057393
6 25 16 29 57063 1.0261412500645672
28 20 13 19 49216 1.0805672380293208
5 24 29 1 124967 1.0228624730502553
23 12 25 20 33101 1.0415857791384542
19 0 9 24 90415 0.9695636794683735
27 5 4 13 124859 0.9238998238825273
22 12 12 24 60167 0.9972965617675472
8 2 19 13 67899 0.9497003037050411
19 7 6 25 90021 0.9598912011435742
1 1 9 18 77833 0.9174533904171411
7 16 3 5 53699 0.9342300339198728
19 26 8 15 71299 1.0456257093849797
13 0 5 19 88295 0.9555543655342779
13 17 27 26 67387 0.957394580198165
1 2 16 18 102766 0.978619968215878
1 29 28 16 117725 1.0141286955049078
25 4 15 20 78969 0.9180322860370462
22 6 4 1 58920 1.0289123327238128
17 4 15 19 55680 0.9160210129707954
18 6 23 28 66747 1.0703178865272325
26 19 13 3 84678 1.073604279089252
2 28 3 7 75527 0.9928604997277775
27 25 12 7 98579 0.9639517751165408
26 7 4 26 119888 0.9294427834378883
28 28 10 13 93420 0.9746919263700898
15 10 14 19 45396 1.0852658473186587
14 16 21 19 35960 1.056668588952937
18 20 29 23 35076 0.911603506114023
12 25 24 7 88531 1.0670139984352178
7 16 26 6 97590 1.0242947660243367
7 18 3 10 39838 1.0936428501597544
17 18 26 10 55887 0.9562976437805348
25 13 22 23 39140 1.0771939289993238
27 6 1 23 122313 0.9590579617821094
16 19 6 4 97451 0.902578665564469
6 0 25 8 75309 0.9712522263798686
8 8 18 17 61524 0.961950350755228
7 2 17 11 65948 0.9266389709565926
9 20 0 19 30796 1.0002165735346338
18 6 11 25 69819 0.9699351607733445
19 15 2 16 62878 0.9042315119206732
4 3 28 19 118278 1.0527081233682836
11 5 27 7 82465 1.0238423445224754
10 1 5 28 115631 1.0266000219774671
4 14 1 1 50919 1.0045757440957357
21 0 10 9 61396 0.9726506169912041
24 10 14 18 57745 0.9553544695003933
18 29 10 14 67715 1.0679452785397512
27 7 3 17 103282 1.084062266685837
29 16 11 5 98788 1.0108167009284272
24 17 29 23 30778 1.0165954581787846
27 24 24 4 77406 0.9628484936607943
13 0 27 8 69597 0.9346268333348361
28 22 21 26 33601 0.9842723860245612
24 19 5 11 94852 0.9202917953110832
5 29 17 6 115510 1.0917037017656177
8 9 24 11 74329 0.9344113181487079
9 23 4 16 43140 0.9102408419877083
20 20 4 25 66692 0.9227267963777454
2 1 13 24 103323 1.026475307600139
15 18 9 29 63685 1.0724632110833592
1 15 21 26 101702 0.9718728852169398
24 9 16 21 55965 1.0505870014328589
20 15 27 24 52179 0.904094414668286
25 24 20 16 39920 1.0082052378656572
13 11 19 24 58232 0.9772992567380855
4 14 21 16 74713 1.0041034470001926
13 28 28 28 58680 0.9459632090979381
8 13 5 22 59419 0.9154109687713111
8 3 22 17 87984 1.077179125725023
14 5 19 18 60681 0.9756252345585334
16 27 24 23 32836 1.00983104474074
13 6 24 14 72511 1.078218315004932
25 4 1 1 75190 1.0206924916721885
6 27 12 2 120200 0.9706841974236239
14 21 20 16 41107 0.9447596812100425
27 25 15 8 83912 1.0507913525647514
12 21 4 0 97078 1.0443392377303324
26 28 8 19 77836 0.952406023469784
23 19 27 13 36158 0.9931967935016606
9 15 2 4 76061 0.9776864649776835
14 6 6 29 114185 1.0698257965187539
13 1 16 28 87726 1.0536451468888384
28 21 14 18 55714 1.0786301723960792
16 2 22 15 56136 0.9942946467367135
16 28 4 1 112167 0.9751343923661612
27 23 5 0 115274 0.9407861368677588
19 24 6 20 56811 1.0369020508267304
4 0 0 27 101820 0.9131262999655638
2 21 28 8 118780 1.0766859917170557
3 9 17 22 89462 1.0232180609063144
11 2 21 18 75132 1.0920438273570139
19 16 2 29 87977 0.9632012970069198
16 6 27 2 57110 0.9870206063173087
9 15 26 16 69254 0.900720571550924
1 16 28 9 112333 1.054760193662617
19 22 4 10 92260 1.047983620912877
9 9 24 28 93020 0.9081770977765188
0 14 9 3 83702 0.946445582555117
21 7 22 28 57817 0.9245640255435669
3 20 11 25 40803 0.9816900728032962
8 14 2 18 40165 1.053187647663648
5 1 20 19 86674 1.0202852666862676
27 4 24 24 80303 0.9792220671544184
11 5 15 23 75444 0.9232829616449787
7 0 10 18 86397 0.9171155770886271
11 10 25 26 93476 0.9624269368026867
1 24 22 13 87501 0.9760764185709516
8 23 0 4 93712 0.9212633442894886
20 20 7 9 76126 1.003516257946388
28 9 14 27 89348 1.0634218681619725
4 8 21 29 116002 0.9546159608309117
12 11 7 6 44033 1.055071635943885
20 18 5 0 87074 0.990314341161147
12 1 21 0 27750 1.0339223372305109
20 6 13 10 43518 1.0178774452570964
15 11 9 21 62081 0.9625199136980329
6 18 5 2 72043 1.0832685833300266
24 14 0 4 121539 1.0815612439818105
18 17 10 6 64523 0.9889072745375252
13 5 21 19 68579 0.9586523700410127
6 13 17 12 55192 0.9209951788800864
21 5 0 28 128410 1.0507419867330878
7 17 19 14 49515 1.032887295472613
26 17 2 23 81396 0.9647135789532378
16 5 25 3 48411 1.0791555203282808
18 15 12 4 57224 0.9123419451575744
9 12 15 0 68103 0.9891584217529603
15 22 26 18 48396 1.0354530321951456
7 14 20 7 81489 0.9065847142296285
9 1 22 11 59552 0.9428162261615392
29 1 16 16 81473 1.091048867719377
6 0 19 8 58848 0.9167440854704817
16 0 0 9 68915 0.9659333470243955
20 17 22 0 47527 0.9300359536057923
21 7 24 26 65771 0.9338352048214854
2 20 26 5 117872 1.0525865195747959
12 21 3 22 36785 0.978484307612281
28 11 5 6 116812 0.9709850955337009
23 25 8 22 54987 1.0662203306447764
23 16 14 6 73856 1.0624839689724312
11 19 14 28 44670 0.909739150755688
16 11 5 18 67068 1.0760188012876826
20 28 13 1 85748 0.9375031418141586
9 6 1 29 125780 1.0446027492045729
20 13 10 26 72770 0.9154572267863629
1 20 27 25 95209 0.9421390917578848
15 1 3 4 41619 1.055226141440091
9 2 21 29 110753 0.9949510616151613
19 0 12 8 49162 0.9637340936175155
2 26 12 6 106914 0.9404176137888713
28 25 7 8 107862 0.9506266644726452
24 3 29 20 69845 0.9445442757182582
8 19 3 3 63564 0.901950679714237
8 14 5 24 62891 0.99913908294308
21 2 3 27 121629 1.0501323187808884
15 21 4 17 48542 1.0966635236124667
13 11 26 23 72846 0.9274456330268591
4 12 23 15 90592 0.9576757237608298
1 15 20 20 81047 1.0145131037483277
0 21 22 19 80664 0.9931414775743979
21 26 23 16 38891 0.9159532250098802
20 16 6 19 56569 1.0132758052102728
18 16 6 14 54903 1.0650505683235976
10 4 17 18 77694 1.0145941958354245
2 13 10 23 58675 1.0754606763148633
24 24 17 28 39783 0.9616531144864382
7 0 20 20 89672 1.024665660749504
7 8 2 25 82620 0.9164348497134573
29 22 17 15 56446 0.934975030128478
29 23 6 26 81202 0.9204705076372823
27 1 6 11 99360 0.9554050232967877
14 22 3 4 90173 1.0454528821919555
14 3 4 15 90055 1.0634182888511725
28 22 17 9 64115 1.0015999575405232
20 24 14 15 51292 0.9166925977188611
11 7 1 15 74129 1.0485567963668225
5 5 14 13 71270 0.975579171677054
18 21 7 13 65579 0.9992010987530958
10 23 7 7 85933 1.0843272117860012
2 15 22 10 84776 0.9303960626800838
4 3 17 10 77043 0.940479791726672
15 1 14 14 58968 0.9381836640032338
20 26 24 5 72639 1.0818748745986182
1 0 2 17 61646 1.0847297982756845
24 28 4 12 106504 1.0396152987169431
3 24 2 7 65447 1.041073279578098
7 18 0 14 42397 1.0109806873509153
13 23 3 28 42945 1.0543056196127925
24 23 18 10 48772 1.0989703251695868
21 17 8 16 48833 0.9396598613056583
29 4 22 17 56936 1.02863165095373
13 8 24 3 68508 0.9638162187493357
11 0 2 17 75051 1.09715788599111
14 29 11 1 106202 0.956195057012908
26 26 23 9 62425 0.9921210419870563
27 8 24 21 57771 0.9803997675399283
8 15 24 8 87579 0.9840975949985254
0 7 27 26 146857 0.9580867575073588
11 3 6 21 92794 1.0271888761027526
12 0 22 24 85182 0.9322492423580457
21 18 28 6 54648 0.9902942760383018
9 14 17 25 69447 1.0195599095096908
26 14 20 6 52800 1.0546260060332282
18 17 8 0 69404 1.0174416609998291
25 9 8 24 90187 1.0407125994612167
28 20 3 14 92956 1.0017696368332827
14 28 23 6 84885 1.0167898267605586
29 29 10 9 105748 1.0322730200736066
10 4 27 18 100096 1.061539260148702
7 1 26 22 105536 0.9119475753552103
15 14 20 9 36675 1.0116126504044092
8 20 12 12 49476 1.0860686014621412
20 27 14 10 70754 1.0610066432877894
29 8 15 28 92524 0.9870953821182429
28 27 13 4 107869 1.0968966821236257
1 18 5 11 44068 1.0745540768680688
28 12 14 28 82954 1.0891980123052774
29 4 9 18 103695 1.0047578188247075
10 24 14 5 80531 1.0313053330286948
5 21 18 29 60194 1.0768347999416246
26 11 11 25 87481 1.0871273580892253
11 25 7 10 85795 1.0755996786085507
26 5 11 7 80712 1.0613146573470087
11 28 9 1 112459 1.0428632274332554
29 8 18 19 62343 1.070564279265743
20 4 8 20 89960 1.0738765422653958
6 7 16 1 57780 0.9712434275766201
20 29 26 3 93857 1.0603450251718836
27 5 2 11 118432 0.9232285471331861
9 1 24 22 96525 1.006008451581737
13 6 22 1 41586 0.9224455274394773
27 24 6 19 77440 1.0765445406692364
4 14 17 0 83939 1.0891316383735317
20 7 4 13 88866 0.9492920620683097
27 22 11 16 71001 1.0187462206452498
9 29 13 3 106646 1.0707118973321537
19 3 6 6 67786 0.9125366954320762
6 20 4 5 62456 0.9742514016936865
2 2 16 17 92532 1.0087378500266073
6 27 1 12 69847 0.9575033642558836
17 8 23 2 43416 0.9487454912079797
28 1 18 5 36932 1.0308910127701967
2 15 9 11 56091 1.0713850869855281
2 1 23 10 81666 1.0712770410750234
29 25 18 20 39184 1.0353134700162416
5 7 29 5 103699 1.034997335090902
25 18 0 25 93070 0.9866731132935975
23 2 2 24 117941 1.0968922812953803
24 26 6 3 124483 1.0903026903423285
27 13 12 21 74313 1.0195242141394032
15 2 23 29 96360 0.9607109903427056
5 29 5 10 87726 0.9621395991949268
2 29 6 8 95430 0.9918803219073317
25 28 6 29 76696 1.0518818769306308
21 18 10 5 83104 1.0000787312188495
29 1 27 15 47726 0.9758852141354228
14 16 27 21 61123 1.0107185376283885
16 12 27 6 66566 1.0185710848524845
2 26 27 26 95138 1.0468866497176406
11 6 15 28 90868 0.9902979712103404
9 11 21 28 92927 1.063053663424211
17 10 29 8 60366 0.9586395993583607
10 13 29 13 85775 0.9199853362610731
28 11 24 22 47131 0.9677247911549349
10 9 22 20 69769 1.0274558075797797
5 21 24 10 96761 0.9314748451755372
22 13 17 1 42978 1.0354601501062768
23 7 20 14 35960 1.0354749254825513
24 15 5 18 77295 0.9282596038255037
21 19 23 7 37005 0.9105758818766925
9 17 22 23 52452 0.9415316619134404
0 8 29 11 127959 1.048889223554037
7 10 7 25 82866 0.9416325684192612
17 18 1 3 105983 1.0785928799705278
2 20 14 29 71620 0.9865681699232659
9 5 24 29 122036 0.9225513546756104
1 24 15 20 60571 1.0922340580175671
26 24 1 13 107306 0.9237648966189703
13 24 20 2 83224 0.9466588975546881
27 7 13 1 62949 0.9618139122516566
7 9 17 14 58280 0.9418473911062586
17 3 0 15 109356 0.9626423943073178
0 3 12 12 84040 1.0733514940995625
0 3 16 0 54281 0.9904095386593545
26 23 12 0 95274 0.9683785795257478
26 18 1 13 95132 0.994337463399338
26 13 17 17 40741 0.9228854705439
29 3 26 22 63844 0.9834049504421175
16 23 12 15 40301 0.9937149393112086
21 14 6 1 77519 1.0862864501842813
23 24 16 6 73522 0.994202549331148
10 19 15 28 51351 0.9209042398697128
19 4 4 8 75262 0.9922183690985688
17 25 6 24 47072 0.9950402561858527
22 24 27 3 78796 0.966747230517661
22 15 17 5 48678 0.9152387288350803
15 24 2 25 51717 1.0610808231245143
25 1 20 8 39758 0.9158253366293748
14 17 11 4 57019 1.0221816463351399
28 23 12 9 83181 1.054173755764128
0 12 18 5 94640 1.0362469069343383
16 16 0 26 89733 0.9249423689557869
26 8 19 14 46242 0.923220734593601
9 6 1 15 82941 1.051559796721346
10 5 21 8 66574 0.9479240656199484
16 11 12 18 45298 1.0991849838988919
8 15 29 24 88693 0.9038985934601161
25 22 3 22 66228 1.0897936558429995
23 11 6 13 87906 1.0192433384646926
2 24 11 15 60846 0.9751219747463329
21 25 25 11 52540 0.949164400214551
0 19 6 3 80205 0.9473597476717711
14 28 27 29 54528 1.0992463583111403
10 1 9 14 66025 1.0192009402034725
9 0 3 13 54022 1.0509018315635061
14 23 25 23 31793 1.0297100402908181
19 11 19 1 36061 1.0011290293546167
4 29 29 19 105412 1.0128813923222575
8 0 18 21 78793 1.0975549928054193
13 1 13 26 86607 1.0628175442656593
1 19 2 28 42790 0.9564467479254984
13 29 5 3 126876 0.9015332585150414
6 7 12 12 47050 1.004431580950127
23 23 13 6 76732 0.9354222276169968
2 27 22 25 72091 0.9780852326832196
21 16 16 7 53851 1.052490250898678
28 26 24 17 34748 1.0300193183682633
22 27 24 12 47079 0.9236355299929965
27 6 9 9 83686 1.0037121011942707
20 26 12 17 49182 0.9332959494062635
2 27 26 14 109993 0.9886891213752402
26 18 18 0 65851 1.037594962555525
16 11 4 13 70502 0.9948936947826746
25 12 23 2 44492 0.9782671536532032
8 11 9 25 85382 0.9619923796323964
29 21 19 1 74689 1.0374945947854488
5 29 18 11 96959 1.0791786088706303
25 10 17 8 42530 0.9920832202622009
29 28 19 29 43445 0.9951209847470027
16 10 10 15 53705 1.0749641864778825
24 23 9 0 97432 1.009051289917754
0 17 18 6 82022 1.040732838767091
13 0 14 15 60040 1.0727649493385731
6 6 2 15 58988 1.0908386473951321
4 16 25 10 91442 1.0450491602596177
26 2 19 16 69815 0.9235516865585672
12 5 27 5 74605 0.9579481425211871
13 28 16 12 67711 0.9704333179333509
11 2 29 13 81940 0.9577007787259327
16 26 27 12 77421 0.9892015561697467
6 18 22 0 96488 1.0683005882265284
16 0 12 14 63355 0.9731311342179141
4 8 15 2 63152 0.9445250534994214
1 11 11 15 62008 0.9193299321105513
26 25 6 12 109823 1.0383068086172313
2 0 7 21 83384 1.0411108093354908
5 6 22 3 75523 1.0269137506050137
14 21 19 6 63680 1.0273053859510441
24 26 28 1 87167 1.0114656692518698
2 0 3 29 96599 1.0482067132001311
1 26 15 6 120279 0.9412459381061257
15 0 3 4 41969 1.0768529243288576
0 26 9 8 104838 0.9942866765762057
16 21 25 6 69015 0.9757698396426249
21 10 29 5 51479 1.0202337034620241
17 13 9 5 66677 1.0286404659506259
12 9 4 11 38005 0.9264559014482333
10 9 28 4 84071 1.0093007420095776
12 15 9 22 45221 0.9332084035292132
4 27 27 1 136836 1.0291206523106275
28 7 18 22 71499 1.094473347371928
3 21 14 11 68501 0.9880273863585873
12 6 23 7 66206 1.0546485080006258
8 28 27 22 78766 0.9214325376950936
7 27 21 0 119283 0.9549970154592582
24 24 24 8 61588 0.9457339188753979
6 12 16 9 54269 0.9166580973213675
2 12 27 13 107664 1.0129708083788045
21 2 12 28 100591 0.9891346808656276
28 20 17 24 43016 1.0285136658983274
25 14 16 19 42163 1.0311054432048705
0 1 28 26 133714 0.9588476439046258
15 6 15 26 86107 1.0454465138148579
3 25 25 13 96405 0.9911091349919311
19 27 5 4 117287 0.9430732800450553
16 11 24 5 57779 1.013888271104829
21 29 15 10 77822 1.0159732345321348
16 0 16 13 47821 1.042123318550373
25 15 8 5 105434 1.0648254027607083
4 8 23 26 114099 0.9939333656507927
16 23 22 1 70887 0.9049100179206213
20 21 23 9 39503 1.0525863057379452
12 11 28 23 81788 1.057010014770833
29 0 0 18 131209 1.0164020742510704
11 1 21 20 80264 1.0245754257387467
19 24 26 6 73945 0.9525427012436669
0 2 11 18 88539 0.9062477894659561
11 15 21 4 80373 0.9068080574640509
9 27 29 18 85757 0.9703960816341284
6 25 17 22 47464 0.929212548079041
10 25 1 20 51501 1.0641918399348478
1 22 21 10 99272 1.0481488366875378
29 10 23 23 49265 1.0991477523268613
7 16 2 29 62253 1.0631075298513049
9 13 28 11 94531 0.9836339898991192
19 24 27 3 89226 1.0950500493631745
3 14 27 21 95666 0.9856087293257081
15 8 25 14 62911 1.0557069693658798
20 18 1 29 92103 0.9464772569983362
5 24 11 16 54055 0.9642574387059819
18 19 7 24 45263 1.0032157434589144
2 16 24 14 83783 0.9168941424793122
