3730 5128 6456 5590 5568 4899 6827 4049 5144 5288 5329 7401 7999 8501 7513 5770 8686 5623 7539 6754 5650 7709 7296 7924 7229 5915 8152 8220 5670
5946 3830 4510 5680 3112 2804 4818 5243 5551 3915 3783 4892 3460 3626 5557 2940 3449 5132 4876 4141 4890 4662 2862 4977 4297 2874 5021 4550 3491
7590 5071 5828 5484 5637 5779 7263 2977 4433 1483 1292 3558 1957 2387 2951 2168 2522 1567 2743 1654 2258 3867 1425 3195 3707 3908 1228 1784 4448
4599 4255 5502 4445 5230 5553 4183 3474 3969 3489 2973 6123 3655 3448 4225 5568 4207 4315 2980 3710 5275 5346 4949 4489 5043 3445 7162 6849 8136
2294 3353 1881 2376 4278 3621 3512 3053 4955 1886 4347 4101 3184 4279 7791 7004 5223 5245 6486 5754 6899 7273 7331 7502 5597 7711 7158 4919 5623
5151 5571 5176 5761 5753 5343 2289 2273 3945 4542 2473 4715 5065 3861 3542 3846 3899 3347 2552 2838 4364 2039 4878 4856 3500 4228 2836 2413 4870
4549 4884 4951 4873 7030 7315 5795 6606 6528 7742 5480 6429 6786 4958 7617 5323 5286 5411 6697 5047 6296 5397 7811 7648 5743 7061 5746 5887 4839
6551 7135 5646 5593 6021 5736 5841 8697 6505 8622 3065 4637 4383 4637 3512 4920 5004 4422 3516 4925 5324 3531 3327 3914 4364 2905 5841 4187 5117
5770 7631 7911 8208 8203 5868 4039 2815 3817 3874 2029 2847 1505 3697 3016 2914 3164 1522 3075 2173 2981 2039 2517 4324 2416 1585 3580 1606 2797
6939 5019 2544 4822 2440 3575 4773 1944 4201 4840 2111 1562 4370 3943 1620 2709 3238 4567 4752 2319 2617 2239 3336 4126 2341 3308 2968 3255 2739
5707 6316 4300 3815 3562 4460 4091 6067 4616 3410 5920 4992 5594 6172 6068 3342 5285 4809 4989 4701 5580 3140 4274 5216 6186 3984 5391 4267 4964
3070 3600 3581 3042 2150 1979 2994 4442 2254 4683 3778 4720 3423 2715 3038 1659 4689 5517 6666 4737 6109 4441 4038 6173 4853 6130 3993 4893 5894
6738 6142 6208 8123 8201 3207 1624 1765 3057 2094 2210 2895 2057 3095 2509 3424 1605 4172 3823 2860 3772 2467 1351 4025 1723 4063 4286 4250 2831
4864 5200 3277 2247 3995 2956 3138 3716 5114 4854 3697 2559 3992 2221 3191 3478 5054 2994 2862 2763 5162 2334 4563 3944 4467 2926 5264 3378 5153
6053 7145 4409 6279 7132 4905 4947 5486 6337 5474 6539 6944 4684 5787 4574 5019 6020 6221 4354 7465 5628 4694 7110 6888 5453 5391 3713 4276 5384
4537 4721 4741 5162 5989 5143 3459 6729 4497 5127 6415 4248 5444 7112 5404 7129 5503 7009 4109 6457 6356 5385 5669 6833 5226 5083 7040 4360 6819
3255 5038 3863 3491 4837 3069 4522 5946 4453 3505 4621 3210 5733 6081 3852 4867 6058 3415 3694 3587 5084 3793 4919 4508 3609 5196 4671 3157 4609
4241 2800 2815 2471 2456 3527 2819 4194 1646 4150 3208 2200 2896 1008 1542 3372 2734 4046 3808 2952 1786 2823 2886 1646 2287 3829 2227 3987 7070
6520 5685 4793 5867 6904 5747 5456 6513 4845 5040 6683 6571 6352 6045 5086 7128 5222 4841 4275 5153 4739 6215 5262 6651 6198 5173 4522 5428 4614
5293 5734 6142 6453 5135 6004 7070 4191 5964 4839 5226 6335 4953 4426 6424 5356 6316 4660 5895 6166 5432 6694 4059 7763 5618 7726 5995 7139 5487
5077 5558 7303 6273 4395 5236 3964 4142 2726 2896 4193 4814 2964 3932 2532 4909 3740 2411 3839 3649 4678 2193 4602 3822 3408 3793 4103 4760 2951
4150 6753 5239 5432 6565 4656 5897 6813 5242 5556 5580 7468 5764 5322 5661 3887 4951 6242 4849 6685 4357 4391 6254 3951 5304 4651 6808 6632 6055
2989 3769 2538 1353 2040 4521 3798 3583 4197 4166 2035 1906 4165 2827 4511 4132 4235 2608 1895 3793 1930 4632 3651 2586 3125 4463 3820 3514 2887
5468 4708 4980 3864 3644 8074 8264 5573 6576 6983 6237 6830 7144 8450 7812 6394 7769 6068 8521 7929 6033 5778 6155 5315 8414 7871 5618 8155 7346
3509 4171 6622 3568 4288 3629 6594 5356 3872 5966 4851 3098 3156 1639 3649 3589 3480 2834 2765 4590 3324 4531 3269 4296 2380 3145 3328 4672 4456
6268 5099 4901 4799 5792 6220 5925 8007 5515 7910 6391 7622 5056 6745 7609 7868 5791 4882 7310 5793 4928 7408 8010 6796 6518 5880 6269 6080 6176
5158 4634 5956 7229 6363 4230 5466 4286 4031 7052 6350 6377 6551 4938 5306 6857 6122 4616 5462 6951 5785 4699 5338 5682 6426 4838 5349 5038 7201
5933 8453 6701 5601 5512 5319 5789 6513 7453 8151 5448 7024 8042 5227 6269 6443 7139 6218 4740 6965 6217 4317 4486 6367 4697 6047 7161 7565 6746
4377 5901 4867 5812 5269 6670 5606 6217 6271 6667 4274 4836 4078 3611 5700 6656 6040 6209 5769 4633 4492 6586 5399 5897 6408 5917 4576 4783 6447
6562 5992 8221 5696 6362 8023 7255 6113 7244 7449 5670 6725 5315 7446 5766 5779 6901 5483 7713 5608 5581 4393 4690 6983 5015 4404 5088 6237 5250
1468 3800 6445 3708 3980 7762 6094 5922 2473 3221 2528 2878 7622 5239 3786 5869 3680 6134 3332 6694 6026 6163 8237 5529 6175 4641 6948 5236 2780 7937
3335 3554 5584 4959 2848 6985 5464 4408 2566 3081 4483 2999 6587 5757 2297 4121 4955 5406 4285 5610 3727 4315 8211 6831 4435 5900 7929 4524 3157 6641
1419 4105 6509 3673 2858 6093 5705 6731 2333 5662 5592 3942 6817 7190 3087 4273 4066 4931 5356 6151 6047 4215 8184 6248 5447 5641 8164 5556 3690 8833
2054 3817 5941 6792 1972 6360 7408 6012 3802 5451 4934 2962 7797 5418 2201 6124 3015 4669 2889 6258 4095 6967 6822 6285 4443 3531 5646 6729 3250 7444
2950 4066 3460 5775 2106 5518 4912 4712 3148 5380 5369 2817 5716 7795 2935 5756 3041 4406 3172 8272 4311 7284 5438 5460 7374 3847 6319 5472 4278 7464
3112 3833 5416 8080 2651 5392 5645 3565 4267 5331 4270 2664 4668 7346 2045 6090 4806 4265 5690 6957 4596 5552 6692 7112 6437 6039 6447 7111 5185 8783
2508 6262 4593 6069 4721 5591 6762 5177 2512 5009 5911 5014 5427 7854 2414 5596 3393 5971 5449 5881 6626 4696 7948 6457 5066 4287 6707 6136 2269 7593
2818 6617 6090 8116 3022 7051 5190 3741 4034 5685 5651 4380 7183 6162 2813 4034 2697 6754 4498 6501 4765 7249 8166 6781 5025 4980 4647 6311 2404 8801
2742 4088 3449 6151 3070 5579 5850 4238 1680 5453 6577 3006 6109 5689 2478 3600 5331 4955 5315 6177 1740 6825 7764 8186 6739 3160 5627 5210 3352 7228
3051 4146 4050 7151 5238 7931 6258 5019 2649 5434 5343 4708 5518 8293 3003 5319 4501 6774 2778 8417 3846 6299 6466 7054 7048 5451 4421 6262 5188 8144
3324 4908 2714 6644 2477 7505 4758 1823 1853 5825 5587 3404 5600 5955 4630 5753 3720 5941 5138 8213 2214 6310 6146 7462 5857 4210 4495 6662 3510 8639
1773 4600 4470 5727 3285 7117 4752 2372 3008 3715 5188 3917 5354 6234 2402 3757 3064 7003 5125 6313 2820 5222 6379 5639 4934 5696 6686 6559 4921 8249
1415 5288 4007 7606 2121 7301 7522 2986 3338 8080 5524 5120 7454 6567 3003 2853 4503 6554 2733 6547 2216 5933 5401 6648 6354 3076 4125 4161 3976 5583
1948 4253 3700 8748 3328 7329 4679 3430 2679 5410 4181 2804 5678 8544 4156 5617 4970 6108 3889 8774 4218 7107 7675 4552 4249 3351 4361 7372 6503 2527
2342 3652 4489 7627 3917 5354 5236 3295 3470 6384 6501 2586 5416 6550 5671 4650 4331 5682 2985 7116 2330 7043 4987 5880 4642 5745 6607 7366 6725 3670
4657 6009 3511 8031 4168 5535 7426 2152 2211 7014 3898 7778 5714 8568 6455 5375 2003 5513 2955 3145 1835 4455 3912 7001 4801 4851 5007 6358 5604 4741
7292 5614 3576 6901 4278 5736 5948 1623 3536 7811 3553 6356 7068 5777 6654 2870 2400 7392 4174 3760 4485 7130 5222 5915 4717 3537 5250 6284 4260 3697
6120 5605 1481 7841 2935 6732 2120 3139 4381 7379 6093 7034 6794 7693 6991 3353 2264 5388 3799 3695 3159 5062 4948 4863 6944 4752 5747 4362 5069 1901
5975 7611 1656 8382 4702 7359 4621 1693 4238 5456 6059 6322 7200 6868 5543 3812 2863 6067 4463 4747 4578 5336 5160 6793 5704 4283 4911 5727 6270 3533
7155 7797 1594 7522 3505 7250 3752 2064 4400 5909 5977 5973 5861 6983 5695 6021 4169 5074 2473 3109 1971 5763 3747 4406 5015 4995 6790 7023 6067 2445
7591 6820 2257 8623 4935 7172 3255 4236 4577 7466 3591 6787 5815 6482 5248 5780 3048 5849 3041 4350 2423 2782 4408 5993 4612 3824 3809 4138 4221 4636
7981 7843 3397 8055 2127 6014 4135 3467 2187 6995 4017 6894 5373 8731 4330 4611 4378 5824 2657 4574 4013 2889 4314 4898 5578 5421 4170 4522 6052 3888
7384 6326 4430 6821 3661 5642 4387 2693 2469 5978 5471 5728 5702 7198 4971 4921 2017 7528 4191 3904 2148 2976 3796 6353 4884 4930 6469 4873 4768 4259
8760 5589 3606 7207 4785 6031 2858 3593 2408 5177 6362 5356 5727 7113 6588 5900 5230 6683 2063 4154 2476 4673 5346 4823 4343 5563 5845 4425 5872 2476
8359 6637 3215 5703 5074 6188 1988 2501 3708 5666 4534 6700 7365 5796 5617 5512 5223 5922 4581 4103 3884 4415 4197 7351 6090 3006 5034 7048 6303 2561
8134 7064 2874 6926 3593 6503 3770 2537 4214 7030 6371 4594 6787 6877 6411 3120 5757 5309 2282 5625 4272 4659 5535 6679 4498 5476 4746 4531 6341 4053
5572 8150 2117 6066 4622 3637 3960 1187 2741 6607 5381 5912 5255 6728 7126 4236 5170 4515 4031 4178 3881 5185 4553 5773 4151 2942 5650 6309 6143 4651
5623 8120 4540 8407 5101 4836 5219 3814 4893 5132 6499 5108 6388 8689 6386 4158 6360 4575 4942 3057 2277 2687 3654 5391 5687 3848 5033 4305 5356 2047
6603 5148 3761 6051 5155 2259 3801 2089 1997 7331 4870 6226 5872 6087 7158 3895 6314 7333 1929 2707 4352 4512 6193 7406 3030 3160 6130 5759 4104 2445
25 22 28 10 67440 0.9912137089355783
28 0 14 5 65812 1.0161617724931435
17 16 0 23 83783 0.9064467251442787
22 9 2 15 82655 0.9538391477687866
0 23 24 15 111341 1.0266152750168984
1 0 25 28 153218 0.9345851449381286
9 20 0 14 39182 0.9779482722902806
0 7 13 15 57568 0.9999093887191259
16 22 3 2 97479 0.9495783969913537
13 1 29 6 66533 0.9204350797873394
10 9 10 25 59633 0.9194039404430703
23 7 9 8 40053 1.0699406224211017
27 27 6 20 100024 1.0170453045644932
25 18 22 5 57494 0.9258165393322989
8 19 14 0 67478 1.0544419387367652
14 11 4 24 76827 0.9613651151563034
7 25 27 20 77766 1.050526941080147
1 27 19 2 112647 1.051099624515924
26 15 22 21 32407 1.034131223581503
5 27 26 6 122646 0.9014377695292939
7 10 2 23 49521 0.9538096441457753
5 15 5 5 38048 1.0274553943096305
23 24 5 15 84207 1.0625706810531446
2 8 9 14 33083 0.9354219533194282
23 17 13 18 40572 0.9077140185308047
9 22 17 6 65607 0.9955506890722234
29 12 23 26 80335 1.0027607572386907
19 1 12 7 36445 0.9083228566723165
7 14 13 3 45824 0.9357921128988138
14 29 10 6 79514 1.0324909566890548
23 16 0 15 82232 1.0288913629709764
27 10 18 18 61470 1.0367378655975716
28 10 18 1 64319 0.9730775532723825
3 27 20 7 103350 1.0537730513056847
29 23 26 7 86284 1.0634626861276035
20 28 3 29 76372 1.0312737033660642
9 8 25 3 63386 1.0522162697464148
9 13 8 26 37873 1.056619363505362
17 25 16 13 36667 0.9189964108865246
14 13 26 18 58376 1.0696316031393642
2 21 27 5 111786 1.044255074871199
22 1 20 10 33988 0.9244261203756176
20 24 4 17 78873 1.052875000750651
19 25 10 26 43485 1.0345374020473417
6 29 28 19 95979 0.924914138628105
29 26 7 14 105785 0.9572029522106704
19 5 15 23 72732 1.0733840602330393
8 2 19 15 67145 0.9386179724414692
23 11 2 21 105599 0.9485413244026697
1 29 16 22 78868 0.9763955116201618
12 26 10 6 61253 1.087069348617677
26 15 13 9 73222 0.9542518478869527
19 11 2 6 77120 0.91090565743518
3 11 25 23 105544 0.920813450851908
11 13 1 3 65020 1.0773051052737321
5 19 25 3 107293 1.0680643667938432
18 20 28 17 45496 0.9652621841190735
14 16 6 8 44858 1.0147631918991697
22 15 18 1 56229 1.0495806102941496
11 26 26 9 107379 1.0050043695406634
5 5 17 2 53138 1.067700768430138
17 12 26 22 57372 0.9668549590462991
8 26 12 18 33165 1.0868937299150112
8 17 20 12 61318 1.0651756427385475
3 20 10 8 56755 1.0011098636806424
2 16 17 13 59551 0.9548168568457958
23 28 15 18 61739 0.9137383457550178
10 17 3 1 73975 0.9859403098337806
4 1 27 16 117530 0.9094272644078668
0 11 22 9 79621 1.0809973564266502
9 25 16 2 89404 0.9449791912507317
27 5 9 28 120340 0.9039568630056681
11 28 7 11 61391 0.9099491388249404
29 9 21 15 58092 0.9812013291227335
6 9 26 26 117707 1.042635446973526
3 4 7 21 73880 0.9702127270905219
0 4 16 22 98664 0.9757204308300435
21 8 28 27 90846 1.0216998016771148
19 8 16 1 31525 1.0956947769339436
16 29 27 14 87466 0.9282709408198355
18 15 29 29 83974 1.0598273682274308
26 20 15 19 38781 1.095123959037014
20 29 27 26 42981 0.9927293760144484
8 7 29 7 59951 1.0192682687242973
8 18 15 29 55200 1.0417363240540038
27 14 13 23 82053 0.927559504038589
9 21 13 8 48636 0.9383326858048515
9 16 27 5 83241 0.9292683666258338
13 22 13 1 68536 0.9465239276739794
23 1 27 15 70947 1.0220982522775812
17 22 3 1 98925 1.0432505838488624
10 0 16 16 63429 1.0391980070609188
25 28 27 15 65374 1.0550857028142953
20 6 17 21 50402 1.050811769155064
24 7 24 17 38656 0.9149682218726035
17 19 8 21 31547 1.0529658760798528
21 26 28 1 109543 0.9012654370355702
18 16 2 21 68679 0.953417478259087
28 29 13 21 83021 1.005597172518564
24 19 19 27 45759 1.066386247861583
21 27 29 24 43740 1.0202212422932477
10 17 21 9 67620 0.9471324257622764
21 16 15 7 40335 0.9924550483216823
25 7 10 17 70149 0.9893956188140461
15 18 1 21 62348 0.9440301772979462
26 12 12 4 76500 0.9989747110017047
25 25 22 14 46604 1.0560533055685644
10 15 19 25 57592 1.057958486324027
11 3 4 13 52506 1.084021336084439
0 11 27 20 103647 1.0936186136546857
21 11 6 2 76331 1.0146084476601587
4 12 22 10 77400 0.9352523444860263
26 29 5 17 107757 1.0640392490623949
16 3 7 7 42254 0.9349307521816579
0 7 20 21 95647 0.976903305781893
27 10 7 1 98765 1.0181657297461895
12 4 7 20 59272 1.0446155708231157
24 9 10 24 97838 1.0174881193300513
6 15 26 16 80380 1.0350796249147867
16 3 29 5 55923 1.0815652778909812
23 6 7 26 101220 0.9710728597734414
1 13 22 21 81060 1.0389692713816696
2 14 24 29 108742 1.0218649080447793
11 26 20 2 91958 1.0535419580872016
1 26 12 18 68679 0.9474551277138634
29 23 14 6 100091 1.0722777530704197
10 11 6 26 58843 1.0203759061167628
4 24 20 12 98550 1.0739448828293816
3 2 26 18 114261 0.9029229894635223
19 25 1 2 120945 0.9225309676951408
2 29 4 1 82744 0.9814774982115306
12 8 15 15 31037 0.9694475012808752
29 5 13 8 59529 0.906985135184479
19 23 26 1 94662 1.0101815977047734
26 20 27 11 54162 0.9105889333492275
26 16 28 6 61801 0.9561611594120287
16 29 2 1 127951 1.063851503789426
3 5 14 23 91422 0.9528367697812837
19 11 1 24 101448 1.0943717006945208
16 17 24 26 55279 1.0625787454771296
26 7 2 9 74893 1.0550956197994346
15 2 21 13 56288 0.992230192065241
13 23 14 3 71982 1.0000956691338847
9 8 13 20 42890 0.9485889125256518
24 26 6 24 88497 0.9056216154608808
1 16 17 0 88846 1.0688649901215883
17 6 9 29 87680 0.934930941193583
17 4 28 6 45332 1.018136077238967
10 28 19 13 83385 1.0594120557985411
19 15 3 17 66465 1.0118183176138704
20 18 28 24 51856 1.0861594277845805
8 7 25 18 79241 0.9480126880987111
22 0 27 16 75010 0.9592184161581595
28 29 7 13 114009 0.9254445336510144
6 26 14 29 44218 0.9747539617008079
0 18 26 23 108826 0.9051627259308263
9 9 20 14 59313 1.0324161148059927
1 3 7 16 60023 0.9283729076124315
11 23 25 10 87229 0.9344244486150475
13 26 24 9 92186 0.920289734760077
11 2 0 5 46926 1.0573141078963186
8 16 10 26 34062 1.093201764774442
8 2 1 17 71538 0.9901979628850347
13 6 4 5 39920 1.079883183587406
3 28 21 19 81845 0.9180861817533822
16 10 29 6 53811 0.9280938250565329
23 13 29 4 64202 1.0974510964411708
26 9 23 20 54084 0.9524971014103106
11 18 5 0 74351 1.040738252951105
21 3 6 1 55023 0.9201221440030939
2 24 10 9 61764 0.927855571747033
21 26 17 17 43866 0.9698668933963858
0 2 2 14 49073 1.0504077145076427
21 24 29 22 45089 1.0519831939432094
16 9 0 26 101509 0.9540074547691312
10 19 5 10 44959 0.9773582837986062
11 15 19 20 39463 1.0186448009877715
1 10 10 26 69164 0.9020936500616294
8 28 1 14 54704 1.0985762875249805
10 22 4 13 43412 0.902724082254815
0 15 14 6 67963 1.06013077072172
16 27 13 5 78118 1.0531882678612936
17 17 28 4 75273 1.0722944354852006
1 13 9 27 59957 0.9228226177430535
27 12 15 28 97175 1.0021982521449895
14 10 0 14 53744 0.946318973165984
9 20 0 28 49801 1.0933251124055277
21 26 5 9 101750 1.079919124538
19 6 10 21 69226 0.9992194045670609
29 10 13 16 84262 1.0416382522935896
14 20 6 14 38145 0.9475585455014157
13 29 17 15 58190 0.9919695495337826
21 7 29 11 48357 1.0348485575677486
19 1 26 8 42842 1.0056917749437726
10 23 24 2 99589 1.0361233001156043
27 12 23 6 46530 0.9978283383284237
5 26 11 22 44961 1.0388521080685948
13 24 25 24 61579 1.0882210456082586
22 11 0 29 125651 0.9090855862486807
2 19 21 8 85271 0.922488789720668
15 13 11 6 34694 0.9859018393164464
2 21 16 18 60988 1.0038199772360425
10 10 0 5 53265 1.0054484079517239
11 18 22 29 71295 0.9790151376342816
7 1 23 19 102571 0.9701735850348133
19 22 3 22 75057 1.060137265069782
11 16 23 28 78700 0.9523855171795462
19 16 14 26 49619 1.0713925501815516
13 13 16 20 30946 0.9966131941066203
0 0 8 21 82980 1.0481651181199758
28 24 6 3 137220 1.0089788636167583
16 17 10 4 55347 0.9640894575443165
9 16 8 25 29240 1.0259494046552375
22 28 17 18 49842 0.9129900568648613
25 6 16 17 60157 1.0590992168035938
22 0 7 17 87072 1.0791447905133655
1 25 8 13 52274 1.0834926242567036
27 12 27 1 71784 1.0271294295864393
5 4 17 10 53469 1.0463260107694878
8 11 2 0 51283 1.0097156955532436
2 18 15 27 77702 1.027575532674454
27 8 24 28 83097 1.034596625719352
7 25 19 19 56265 1.0988931623490341
1 13 25 21 91493 0.943797037760329
14 26 22 15 63759 0.9322559648056346
23 24 18 29 37195 0.9091043704723393
28 14 18 8 65572 1.096853984210375
18 26 9 1 99014 1.006641034011839
25 13 10 10 76728 1.0630179342427792
25 25 22 4 79842 1.0497507195944977
0 4 13 26 98528 0.9016979601484321
7 6 27 0 90129 0.9574836211394979
20 26 21 10 61543 0.917800550618996
16 29 28 9 110389 1.0504550939338602
23 2 5 16 85773 1.0389472054005031
9 19 10 28 31697 0.9483072346283006
2 28 20 10 109342 0.9639017420625751
19 7 4 2 55355 1.0542608722398155
9 9 0 20 56859 1.0913578624552964
19 25 24 4 89479 1.0686331277566066
18 23 29 0 111684 1.0184699942650088
4 15 0 3 55696 1.005325868378147
3 19 9 13 37368 1.0286055593310555
1 10 9 16 35979 0.9578260207307487
1 12 9 22 47338 0.9425566816292898
9 21 17 27 44065 1.0852763873610718
10 10 2 1 54509 1.0977228328687318
4 6 16 1 53698 1.0195411020944876
25 26 27 10 75916 1.0843786590906943
1 19 7 25 45061 0.9268191525723751
8 8 4 17 40693 0.9784288882402129
10 21 18 6 64605 0.9258082953904553
13 26 0 27 61922 0.9014435938700346
16 8 20 0 37023 1.0355399645634473
0 21 22 23 95237 0.9471437619411418
22 2 17 26 77486 1.016968655231702
20 5 23 18 57182 1.0747516038781164
2 21 11 29 58134 1.0411426602439815
7 28 14 12 66449 0.9899010863835277
9 12 14 21 47688 0.9537932728025831
24 29 1 25 97054 1.0318337647624354
13 4 27 0 60674 0.9705345358891472
2 5 17 1 61880 0.9910282037155096
28 20 17 22 39691 0.9616618775754079
3 13 14 25 62105 0.9694461984204434
25 29 1 8 128979 1.0021123043308817
3 6 29 10 103680 1.037099147156638
4 0 26 0 78611 1.065910092337096
11 13 26 6 65051 0.9040934349869626
20 12 7 4 62455 0.9069632856488224
22 10 20 2 31850 0.9733635682582827
18 14 28 1 77449 0.9939257695947008
17 2 7 27 97915 0.9493899727133273
4 24 15 25 55439 0.9304511290781552
17 4 2 20 80112 1.094440775708197
21 20 17 28 33602 0.9396877213987418
6 5 21 27 118301 0.9863571796545451
9 20 17 5 64278 0.9126207191479782
3 24 24 29 94914 0.9051274007287671
4 27 6 3 90817 0.9460348380374157
2 16 13 21 48950 0.9258988644838091
8 4 11 20 58666 1.0303132355598765
8 20 13 4 56628 0.9240592548643556
12 6 20 29 88153 1.095384261757872
26 26 2 16 108149 1.0020768482368405
2 7 29 15 115998 1.0973700684024326
20 27 18 14 58661 0.9972848103651314
19 29 10 23 57596 1.0004835315788845
14 27 19 8 76846 0.9403298219645739
23 13 12 12 63074 0.9672844279043216
15 24 28 9 98708 0.9582842624806596
29 29 13 5 120743 0.90402510667114
28 13 17 23 71821 1.079126315315351
25 24 8 27 85959 1.0280339539815788
1 11 19 22 82681 1.0955663654003847
20 27 11 0 106251 0.9559607299285512
23 4 8 1 56628 1.0733901978027476
7 1 29 27 152808 1.0822009330447258
22 7 19 22 57594 0.9020538887079378
21 13 5 18 80116 1.0930318250852407
22 10 3 18 94445 0.9825298613845027
25 18 16 25 47632 0.950510660515173
25 28 29 5 108521 0.9545341349609454
6 12 1 23 49519 1.0184811538448284
2 5 6 24 79180 1.0043083228255818
24 28 8 16 85351 0.9739312359664618
1 27 9 22 47118 0.9331336124460105
27 26 0 4 148187 0.9982039118365067
17 2 3 20 90955 1.0430976012029245
9 21 29 8 99675 0.9186053800211327
18 24 29 17 64127 0.9354069588395465
2 13 28 11 111613 0.9742382704286934
12 10 6 15 34691 1.0807849619287084
1 27 17 16 87586 1.048263405951794
7 22 25 26 85637 0.9899506187761787
10 23 15 12 56731 0.9300699016734764
23 1 5 18 97727 1.0104701469431687
14 29 14 8 75480 0.9749900974307383
7 6 18 16 58754 0.9356262175643807
28 21 27 0 111222 1.0433917689270005
12 2 27 28 132826 0.9868203319315434
7 18 10 25 31596 1.0156704954678948
19 28 3 21 88182 0.9358692788989917
15 28 10 14 63266 1.034598445464466
26 8 1 2 94343 1.096556165505163
19 29 17 5 78077 0.9459563183733658
10 9 15 0 38805 0.9943257239622784
23 1 14 22 90097 1.0436213970665515
26 28 14 8 101586 0.9873341237894201
12 14 14 6 27976 0.9215085372857713
29 6 26 16 65539 0.959459391214996
28 13 15 1 85111 0.9333374978304085
23 4 16 0 29606 1.0353008731368314
13 19 4 21 42796 0.9497049757128282
10 0 6 20 79230 0.9144536212783206
6 29 14 22 54975 0.9038351075801975
28 16 11 11 80987 1.0170793290481777
12 11 18 18 40292 1.0207424655367459
25 26 12 24 64230 0.9413634548443284
15 3 29 9 68234 1.0874264528091266
23 7 13 16 55212 1.0514149926401788
4 18 10 25 45907 0.9412569124053345
24 20 4 1 108868 0.9012292571424647
19 10 28 25 83388 1.0273325279132313
20 15 16 26 47906 0.9057119340366543
24 17 14 27 65585 1.0395087989371334
20 20 26 7 61813 1.0624223814874554
27 9 12 15 73571 0.9037438110459255
10 0 14 20 67571 0.9588941671698871
17 11 4 18 67155 0.9781798116287123
20 19 8 23 46598 1.0061979152695009
18 28 19 4 80735 0.9592630257998546
15 5 7 23 77219 0.9279044375509787
13 5 23 15 61227 0.9539189012791229
11 19 27 26 78680 0.9881165183583934
13 27 0 0 111130 0.9736929040216836
25 18 2 6 106762 0.9474770946160598
22 14 5 18 78318 1.0140234501235605
1 25 0 2 82155 0.9181301470857021
2 14 2 3 41561 1.0940673254870912
24 26 1 22 109092 0.9403812650898624
26 14 6 3 102843 1.010945717427307
13 0 25 26 116356 1.0184370925678117
16 21 11 2 66826 0.9442444912167107
17 4 8 17 60106 1.031361449046094
2 18 2 6 34558 1.0487299704928725
14 9 12 0 38680 0.9824699155668681
18 8 16 17 32861 0.9496352835574147
26 16 2 2 120668 0.9536732235263832
16 7 1 19 73643 0.9305038418141467
10 4 23 25 96680 0.9251951931330135
17 18 29 20 45411 0.9202492379685736
24 24 22 15 36707 1.0223252134472829
16 10 21 2 34619 1.0219586422270899
12 15 23 2 62071 1.0582155007740217
4 5 0 28 72345 1.0328392515531877
3 21 9 13 41994 0.9875925419179933
5 19 18 29 74971 1.0952769500714548
27 2 16 11 58879 1.0198636513052288
7 7 9 22 46785 1.078562744026169
0 17 15 10 70769 0.9689878385502468
25 23 1 18 101534 1.087322571595325
9 23 6 11 43239 0.9614742844745106
9 8 13 17 36716 0.9430360250666
29 22 21 26 51269 1.0804608721266555
0 18 17 3 85803 1.087093130084529
21 14 8 15 57693 1.036475396014467
26 10 22 25 65067 0.9492990225694123
25 16 13 9 66224 0.9477677411634475
28 19 11 20 57619 0.9229924322543783
17 8 29 25 87711 0.994998341603643
27 12 29 2 66638 1.0129994525204722
4 19 22 21 69830 0.9426831895307705
4 0 2 8 30503 0.9077768865931276
19 22 21 14 36853 1.0215944480073949
23 1 10 0 46651 0.9828179735715916
8 21 13 1 70333 1.0583443812919526
14 20 21 11 57334 1.0993967650181777
2 5 20 12 82400 0.9611015665607593
25 27 2 0 145956 1.0777487761948732
25 1 4 29 139704 1.0750776828453406
4 17 27 19 93134 0.9277653221336476
15 0 15 15 59503 1.0371475918144735
19 10 17 1 36714 0.9751925430143207
7 14 10 23 35663 0.9169726523160633
22 18 7 4 81468 1.0052043218485462
15 27 3 1 114553 1.0288055235566218
2 18 17 19 60868 1.0968464086222314
7 3 25 1 72341 0.9581198308542388
18 22 6 15 56608 1.0727898644767446
11 19 20 1 76882 0.9559700613910076
27 29 8 18 93896 0.9461810400943735
21 0 10 15 73831 0.9000086640976325
16 11 9 5 42079 0.9927579223341617
17 11 7 22 63358 0.9234658705261604
21 3 19 24 85204 1.0142639741550117
1 0 19 18 101555 1.0840959265359256
1 9 19 4 68490 0.9756749627628327
22 5 4 14 75188 1.0584728997574544
10 22 1 14 46718 1.0684865422583472
6 2 3 12 47870 0.9868697805510965
28 28 0 21 133585 0.9582542748587883
21 22 16 4 71402 0.954411189949777
27 9 25 29 94050 1.0312016845283871
1 6 27 1 98165 0.9803533569755649
29 16 4 21 111136 0.9666126461364027
20 4 12 8 35195 0.9874000547948328
28 24 3 9 129377 1.0569230328735715
2 21 25 27 110491 1.0119311495724597
6 11 14 1 57086 1.0079059453889119
15 5 9 16 49850 0.9903026013966391
15 21 8 17 32510 0.9785535240747743
8 4 21 0 54882 0.9150268305342443
9 8 16 13 40730 1.0662301520654167
22 17 10 10 64533 0.9684463101000997
1 7 14 5 54144 1.0004898042335948
24 11 16 22 59362 1.0134299080967852
0 9 26 11 102362 0.9056254848552642
10 27 19 22 56768 0.935387030229762
0 7 6 25 71313 0.9579468822548575
14 25 2 20 60825 1.0164487181329098
11 4 14 24 66988 1.0285346432325944
5 20 16 17 47692 1.0210104156652031
24 21 17 8 54803 0.9549313265295892
9 17 16 0 69698 1.0414910091497334
5 8 27 19 98292 0.9036633796576671
6 20 4 6 56872 1.0365680347380533
3 13 16 21 58023 1.029469085921386
18 28 17 16 40080 0.9804905366130838
13 21 5 24 46387 1.0864828037342484
0 27 9 26 42195 0.9030322706312319
19 21 1 26 89264 1.0839406114117958
13 11 21 1 55561 1.005617092258548
26 6 19 9 35772 0.9014389489607131
6 24 15 20 41336 1.0739391758857124
14 28 6 22 56851 1.0687727732695524
28 1 10 21 110822 0.9818681968988541
23 29 28 13 79472 0.9976578028498101
14 14 25 0 84909 1.0314151570723675
25 18 2 22 94936 0.9744818974812313
6 9 12 23 58720 0.9659854314615582
2 18 0 3 51825 1.06343602798803
1 11 19 14 76372 1.0082581040285494
6 28 17 28 48712 1.05969728805868
1 26 21 1 121490 1.0594706926834379
3 20 21 17 75553 0.9892359970400283
15 15 17 1 45977 1.0004534189702596
8 27 17 7 77516 0.9987468739967572
21 9 4 8 59259 0.9871549125894075
24 15 0 1 115641 1.045217509984459
5 18 12 29 60273 1.052063391703531
12 23 26 11 83499 0.9095616741689804
11 19 24 16 55873 1.0720090324397094
4 18 0 25 36760 1.0007545653590098
23 6 8 25 94988 1.012575250981377
24 2 12 22 87800 0.9398754776140837
6 11 0 19 44542 1.0942505371319224
3 19 4 4 53253 1.0174251359878783
23 12 8 19 77889 1.0052028628258602
17 22 9 0 83881 1.0632118782501847
2 7 7 1 44591 1.0239864786642232
1 7 10 26 77982 0.9863828140166563
22 16 3 10 79485 1.0825105431424598
10 27 8 18 34185 0.9490170691822138
19 14 4 8 66027 1.009545300122318
22 13 14 18 44860 0.960041382768879
5 11 17 4 55016 0.9193019737920377
14 27 9 15 53868 1.0555679640208788
1 17 25 18 95343 1.0715521553516023
14 16 8 8 38312 1.0343074160561652
14 24 27 4 104787 0.9417515545231143
22 7 28 2 35032 0.914105356179272
19 1 28 15 78949 1.0347266764792376
8 6 0 8 31989 0.9093937624934718
11 10 22 24 77324 1.0773488627249126
14 26 0 5 101604 0.9754942001029184
17 16 25 18 31980 1.0911363363777788
18 22 6 27 66869 1.0111460404912478
0 15 20 12 87126 1.0098248622224393
9 12 8 28 47429 0.9238118304382225
25 8 2 5 83120 0.9283921055510549
18 2 7 11 54110 1.0108813456600196
0 19 22 22 92808 1.0908301406890808
0 5 10 17 68012 0.9953033246170164
27 26 10 3 119536 1.0144397741336595
28 2 16 28 108742 1.06687389926555
7 14 12 2 49264 1.073094070718102
8 6 23 13 70549 0.9491972300048155
6 2 6 27 100290 1.0268270631451109
8 25 27 29 81194 0.9940752281054196
5 17 20 15 63823 0.9852470365168697
17 22 12 27 35640 1.0419440714719017
4 13 11 6 45335 1.0824833522943424
0 2 29 5 109927 1.06797748707592
28 15 7 11 92070 0.9401274089973737
5 27 6 17 39703 1.0140910521877042
19 12 7 17 65336 1.045830450151391
5 14 6 29 53696 1.099400496888332
17 8 23 22 57213 1.0997759557133457
4 1 25 17 110782 1.0987769774958547
8 12 24 16 64228 0.9164325727725261
12 11 8 2 35457 1.043525985371922
10 1 26 21 105502 1.0959490029197885
14 1 9 11 47444 1.0665396571876085
13 11 9 2 37128 0.9858405090132301
6 7 23 19 83123 0.9190248858932104
16 25 17 2 66809 0.9029476198606324
21 21 4 20 62490 0.9316118921764343
6 29 1 0 108640 1.007628822562575
24 20 27 12 45109 0.9039008585079626
3 4 28 19 117863 1.0977361887086208
17 29 10 9 83368 0.931459651591489
16 6 2 13 60159 0.9436007207829675
18 6 20 21 56768 1.0790442628196313
14 4 13 15 38938 1.0268126361315046
5 29 16 14 82258 0.9687267015601984
29 28 10 10 126654 1.0976235469206628
24 20 17 0 76802 1.0899445315377694
15 17 5 23 59598 0.9894983265831279
23 23 11 23 60970 0.9183587095041018
14 29 28 22 78567 0.9671792733745181
12 11 24 15 58149 0.997830986136798
23 2 14 19 74367 1.088737147968061
16 24 21 4 76493 1.0440679668249033
29 25 18 25 47448 0.9549677698354255
11 15 23 14 53254 1.0301226024424168
17 24 7 24 48805 1.0122673083782165
10 27 19 20 55440 0.989259000315102
27 26 8 3 131932 0.9228016844176355
12 6 18 22 61290 1.0116255765055038
13 23 29 22 73406 1.037137975923991
7 6 29 7 69180 0.9876287126193384
22 13 13 10 51976 1.076365297024258
6 23 4 2 82825 0.9606861705881089
13 10 23 10 49341 0.928618944024811
5 0 10 25 96523 1.0108688401450605
25 28 4 23 105046 0.927630990841665
14 10 6 0 53852 1.0506371980678368
26 22 2 1 133887 0.9239988283194539
8 3 6 14 48381 1.0436142182274883
20 13 5 25 89406 1.0049514282487568
1 23 12 12 60862 0.9741796698306249
5 22 18 2 91478 0.9828318265251621
26 0 3 11 100383 1.0259893040183115
10 24 25 20 62142 1.0115201948333121
29 12 23 0 78854 1.0418037601504797
1 27 4 18 36754 0.9837972381314826
19 13 7 10 66427 1.0977015199448599
13 8 27 14 77464 0.9165599473185193
21 6 24 17 49693 1.0878034454885033
13 1 26 24 112994 1.022593745556665
6 3 8 19 61558 0.9165646827257856
6 14 13 23 45949 1.0153224424986496
13 15 8 4 42815 1.053864230667269
17 15 26 26 65554 1.0332236453920216
18 14 7 15 51151 0.9526490372199611
27 13 28 26 78425 0.9510181149961621
17 26 11 14 50021 1.034064417143845
12 26 25 1 107276 0.9580367701626403
21 29 28 6 100480 0.9465680356832756
13 28 7 8 74911 1.0858011027547259
14 8 24 15 56797 1.0253728555929578
24 8 9 7 45379 1.0794620265895747
12 25 1 25 52742 0.902424277944302
23 6 15 14 55048 1.0390072095324028
19 1 12 16 59551 1.0638599797666801
2 16 20 9 76588 1.031695181410367
10 26 27 13 104665 0.9183364997573347
0 19 11 0 88401 1.052002038316517
15 8 4 25 85740 1.0891369045688897
16 24 7 16 52154 0.9328694081035529
16 6 29 24 100694 1.082582636948733
13 22 14 10 44488 0.9703349496689277
15 18 4 0 81174 1.0381097233640588
3 14 6 1 54305 0.9027022474331758
4 11 19 0 77283 0.9098256797675984
4 19 23 9 100621 0.9915081599119873
7 27 8 1 90271 0.9119790543578318
25 19 2 19 87259 1.0966406135195912
2 11 21 27 102457 0.9560138443663575
29 19 26 26 42166 1.0626170808915545
23 25 10 23 66495 0.9018880492200751
25 7 13 2 48698 0.9684082643125435
18 9 13 24 66449 0.9234098659505349
7 3 20 17 78952 0.9693205235429665
23 3 17 19 67140 0.9628692704369066
15 20 10 28 43132 1.0415494544119044
15 1 29 17 100759 0.9090545850785389
18 29 3 14 84418 1.064071208418003
18 9 6 18 71781 1.0900793945267626
29 28 19 6 113780 1.0840936335960822
19 19 26 9 63153 1.0300509996189993
6 0 16 3 38553 0.9979904865239706
7 4 0 0 27658 1.0757919973980445
24 27 4 23 103459 0.9912841059676757
15 25 18 7 60711 0.9600101927087944
13 4 21 13 55702 1.040155234317178
17 8 2 8 44520 1.0688815286155693
12 12 29 14 81941 0.98534622810576
7 17 12 9 38221 1.0034004503587788
27 26 3 14 110015 1.0364240088094716
9 11 27 27 115201 1.060656989291704
10 6 6 27 77975 0.9271799739037451
18 12 0 13 75284 0.9024085461534238
15 26 21 16 50783 1.0270558201872042
4 5 12 12 43258 0.9762471863684474
17 23 3 17 64292 1.0486706785965356
5 13 20 15 60395 0.9946914421144051
2 23 18 24 79779 1.0882840212890488
14 0 2 22 89012 0.9511753847374133
25 20 22 3 64273 1.0413821902804292
21 25 2 16 85938 1.0420451004500577
24 9 11 9 47064 0.9780765840317125
6 25 22 23 75605 1.0358363605279755
15 24 10 6 70421 1.0532347868137746
6 1 17 23 99384 0.9019185767075204
4 7 7 22 63833 0.9923198512132538
5 2 24 24 124395 1.003608886480756
27 26 13 26 71649 0.9227780559348109
12 10 7 16 31123 0.9260339988274626
15 27 24 19 55484 0.9735619931001849
27 19 19 27 59665 1.0455137733514634
14 14 25 16 47519 0.9721653108342201
4 15 2 2 60468 1.0930647280704695
0 25 7 18 51071 0.9678672210813511
18 23 7 21 48151 0.9481499406798195
16 1 16 19 61066 1.098112900437482
4 13 10 29 64902 1.0352909609431484
15 11 6 3 52532 1.0684801597246811
28 9 8 27 120928 0.9342779466652069
15 24 8 27 40116 1.0233631945283088
8 27 5 2 88978 0.9415145233260926
9 27 16 14 65677 0.9038139896757813
6 23 7 5 72188 0.9254600409090551
28 11 17 25 83273 0.9095436219503021
2 7 19 23 93926 0.903109584038346
4 24 15 14 75078 0.9730547307592285
23 17 6 29 88232 0.9957653544946259
10 26 16 13 67461 0.9077263356096895
20 13 11 1 61835 0.94916412562029
21 20 24 12 34302 1.0135493208853168
5 0 17 12 68546 1.0025995931833518
20 14 12 9 50659 0.9744956904089709
22 6 4 17 83384 1.0069977179975624
21 16 11 3 61902 0.9569808082642618
9 22 25 4 101119 0.9430837598084704
2 8 8 17 39699 1.0374909848843745
26 6 16 3 41279 1.0361900362279435
13 0 27 20 102414 0.9691854356045733
19 27 9 6 90048 0.9671443172621631
2 23 16 3 92318 1.0931324663018307
14 13 26 27 91423 1.020811349947282
18 16 27 1 75648 1.0914549008849515
1 1 19 26 127890 0.901918832835723
23 2 13 29 107937 1.0229333088115418
4 1 10 18 70955 0.9477690697168459
13 24 3 15 61043 0.9772197565567077
18 26 16 2 76424 1.0174826922430218
0 1 29 17 142358 1.0501524788778638
21 18 20 4 55895 0.9333137897427637
19 27 12 11 68556 1.013074935359727
12 10 6 26 65576 0.933736078741358
26 0 24 15 72169 0.9182209800170457
21 20 5 18 58720 1.0235836163350174
28 3 8 7 77060 1.091256280215289
24 28 29 21 46891 0.9681444682711546
26 12 4 3 102432 0.9908655696795685
12 9 6 27 72062 1.0099303696757116
13 22 25 1 98853 1.0301893776020032
3 4 29 8 87364 1.0235573269912541
9 7 18 20 60861 0.9525062680672575
13 2 12 25 67503 0.9500467680171967
19 22 1 4 105009 0.9152489472724183
26 19 12 24 61785 1.0906095363345447
3 23 0 12 44408 1.046524459203543
12 25 23 1 96001 0.9696061613741445
9 27 10 15 43654 1.0795860221741453
25 27 17 16 62778 0.987371546486417
18 8 11 17 46811 1.0319334602548644
27 4 20 17 71807 0.9950978580061233
27 26 21 13 70721 1.0755075363563005
11 17 3 29 68814 0.9213066452125926
4 20 28 12 114406 1.0544579773091955
13 12 15 26 57917 1.004498235859811
2 10 23 17 86254 0.9451979647614219
3 24 3 11 41641 1.07362017011238
16 2 3 2 51118 1.0546154590360495
27 10 9 11 80586 1.0014850384280378
6 12 27 12 107437 0.9980236145485375
22 0 19 23 82661 0.9444475911428578
19 4 12 25 78829 0.952745123425185
2 20 29 9 117680 1.0448202988060808
15 12 24 10 54668 1.0109225671785447
26 12 21 3 57338 1.0065256248113312
10 29 21 13 95017 0.9027636173309943
14 29 10 0 97340 0.984350408486168
13 3 18 26 81596 1.0327366630400185
6 23 19 11 84303 1.0602628177881368
19 4 27 14 71122 1.058419675841884
26 23 28 5 93449 0.9783111570263207
17 16 2 3 79891 0.9233085771388239
5 10 23 17 84145 0.9918996331828552
0 19 21 15 91038 1.0459991348944002
0 9 29 23 127211 0.9510985455668441
28 4 20 7 41427 0.9979894873854136
3 27 21 1 124283 1.0570730613044708
21 12 17 20 42988 1.0992475030250288
4 18 21 14 78029 1.0163682093215618
2 13 25 14 89763 1.0903568603956648
10 26 29 29 80033 1.0208238830348455
21 27 12 29 39946 0.9209193156105184
23 24 8 18 64779 0.9205928807173794
15 26 1 3 111196 0.9921487679258105
19 26 0 6 114003 1.0259611568367397
16 15 22 7 38313 0.975674336357454
7 23 10 1 78894 1.0984646603231978
1 1 19 14 96507 1.0720543309548205
24 21 6 9 90306 1.043415929288079
8 22 18 18 41193 0.995752763982488
29 29 4 23 112066 0.9152253992802053
15 8 22 18 46914 0.9146607697243717
2 29 29 20 111710 1.027517644228053
16 7 28 12 60812 0.9633194117878175
1 29 17 26 77401 0.9305332983217
15 2 0 21 96313 1.077423016956799
15 1 6 11 60543 0.9179901236791348
27 5 2 26 127888 0.9117617099917579
13 21 18 26 39034 0.9261166469654284
28 15 13 11 73729 1.0252628632814866
4 9 21 28 111907 1.0811227293328967
18 25 16 5 63150 1.0498303677910783
21 9 7 0 69066 1.0231627480802719
0 23 11 15 61875 1.0688697452991343
25 18 2 12 86876 0.9765873337994446
6 11 24 0 83744 1.0911285899825234
16 18 29 15 57685 0.971689041778872
10 11 14 20 39654 1.0466144990896202
20 16 10 17 39572 0.9877624582308112
11 20 0 18 47719 0.9187958845163869
5 22 27 5 114127 0.9986197985943404
29 23 1 9 123990 1.0745524861928368
7 11 5 26 61956 0.9570498304724115
10 19 3 11 47112 0.9804379983140203
6 18 17 0 83902 0.9138236070846323
2 1 22 11 88101 1.0995805202048432
3 17 24 16 79951 0.933186756494093
12 7 28 6 50016 0.9766563162946771
14 6 11 21 55298 1.0231597028439692
26 2 4 17 103732 0.9836090200988629
7 3 21 4 56574 0.9387250869216859
12 23 18 0 83891 1.093101503246358
27 3 22 20 78785 1.0393279907739321
15 4 26 0 48034 1.028930835816854
0 11 18 25 87022 1.0394902414149143
7 4 19 17 71766 1.0897448858775791
14 18 7 22 35536 1.0592901703094835
8 1 22 4 52967 0.9681425177671638
15 14 21 2 53487 1.069800686830584
5 0 18 10 69231 1.0454441183192678
1 26 9 8 70900 1.0775731000350872
8 15 7 27 38601 1.0516515157427992
11 26 8 2 85984 0.978980796817933
8 18 24 19 56310 0.9553294989430547
23 12 1 2 98045 0.9286155517635224
14 19 25 7 68850 0.9874952261275965
19 22 28 6 79525 0.9479314638542992
2 11 28 5 94799 1.085053690032813
8 13 4 4 42258 0.9054512379608993
6 13 12 1 60366 1.0033768322705927
0 5 25 23 132230 0.9158413788070784
21 23 9 22 55953 0.9890601530064062
26 7 17 18 56919 0.9254580023621185
27 22 26 10 66206 0.9100189816605883
7 4 10 19 59752 1.0787873833021455
6 2 1 29 90467 1.097265416217727
27 16 10 29 104966 0.9988541295605502
18 24 17 9 48001 0.9818928144129473
1 10 11 21 58945 1.0758763085277914
5 15 20 9 66788 0.9170132710307052
16 25 28 20 50047 1.0890149025103162
8 0 13 24 85149 1.047861937210864
2 26 12 6 77808 1.036464589984736
5 2 5 26 88730 1.013034990213483
15 28 0 25 72712 1.0634089908644808
19 10 3 11 69400 1.034567810284377
24 8 29 15 47152 1.048364981314331
21 5 29 28 113227 0.9265529481948284
22 19 14 25 45498 0.9536065203407578
6 24 18 14 72917 0.9400878892957385
17 24 7 20 39610 0.9766158356115529
10 9 29 27 121319 1.081253588572127
0 14 18 20 66305 0.9260715659367075
4 7 19 23 93228 1.0511268608857487
14 3 28 12 85210 0.923801260106155
4 0 27 28 158195 0.9383839591067057
16 18 7 20 33055 0.9806786586549716
28 6 18 27 96132 0.909464175864959
6 23 10 4 74058 1.0297390813207992
15 19 18 8 41896 0.9827846087521399
9 2 26 27 127212 0.9875402706857125
0 8 12 9 37286 0.9109415421191113
5 11 28 22 107747 0.9967954827353127
29 29 24 15 66416 0.9407529030197868
1 19 0 7 41759 0.9001870592695584
4 4 12 25 81684 0.9941466256737529
10 19 23 17 56787 0.9300275900842497
25 7 24 25 69146 1.093423705422154
21 19 26 8 54050 0.9438037543240636
2 3 13 22 87607 0.9318115300478937
19 23 5 26 74052 0.9457878131534012
15 19 5 14 44637 0.9612285188334265
13 0 9 22 74299 0.923732835812023
16 0 26 28 122320 0.968316819036497
7 21 15 26 51017 0.9554877914774035
8 15 14 0 56803 0.9395579882655518
15 18 10 7 42685 0.9175692019727472
21 1 4 3 65578 0.9594502876143355
16 10 4 14 50198 0.9461347301251404
20 28 10 0 114335 1.0043742811241143
7 21 6 0 85526 1.0390611968846448
22 20 2 26 86984 1.0077669394573874
29 10 15 1 75663 0.914206452329383
8 21 28 9 104467 1.0233280930080755
13 27 25 10 96018 1.0448324979203187
7 10 11 29 70350 0.9265772720610037
19 27 17 9 59489 0.971365160734539
3 1 13 14 64383 1.085258090461108
29 2 19 19 89804 1.0366967545671604
24 2 9 4 52342 0.9698073637936376
9 5 20 4 42394 0.9691687262657998
6 16 14 22 43400 0.9114226253554527
20 17 11 0 72845 1.0572263877328247
19 28 22 1 98808 0.9919376053381948
14 26 1 2 109099 1.022434833491404
16 14 26 28 82441 0.9670895795952745
4 20 27 8 106767 1.0441479355480383
3 24 24 10 120019 1.0990431368239977
5 19 28 10 116747 1.026076019829779
10 25 6 8 62029 0.9450814652980917
19 19 27 28 64851 1.0412469011816925
12 4 29 18 92090 1.0671023933156003
17 24 9 29 50120 0.9110008642645951
6 28 24 18 79511 1.0484498520506607
15 3 3 25 102364 0.9903973844262537
19 13 22 6 38721 0.9656521920984252
6 5 28 25 132346 1.0431964340994857
10 26 21 2 97356 0.9015431785237649
24 18 15 22 41829 0.9223164830814786
22 1 11 4 40360 1.0888441564529456
22 4 27 28 106069 0.9662416066805155
27 2 21 18 71514 1.0277730632590902
16 26 11 13 57640 1.0591890210117936
29 1 10 14 92699 1.0334288278402466
26 23 19 7 78602 1.0331376805376111
2 12 19 22 76124 1.0433551498354001
29 19 12 11 79388 1.0852728890649832
2 25 1 7 50552 0.9204759506794142
14 8 3 28 87138 1.0296038142263426
16 23 6 16 51039 0.9025461257778282
22 13 17 5 38720 1.0092054545844866
28 8 24 23 70169 0.9476876726066139
10 15 17 26 52386 1.095990240704048
8 18 25 15 72277 0.9687333533226756
24 28 17 5 90964 1.0105942633294767
17 1 8 25 89239 1.0595981073063427
28 7 0 21 114970 1.044445418896519
8 12 22 25 78838 0.9237407160183239
9 28 24 10 102536 0.9271511471367522
1 17 10 20 44466 0.9905598972356184
16 8 20 17 36594 1.0336082037044283
5 20 8 4 62547 1.0435439522800254
16 29 28 6 104626 1.0178389907308536
11 24 1 24 54141 1.0358441209745946
16 18 7 2 73866 1.0410953413067543
8 23 8 9 37353 1.0858096368082364
28 1 12 6 66266 1.078798140329731
14 7 21 21 61001 1.007124889372414
19 6 28 20 76133 0.968701308994245
0 24 16 27 85249 0.9006547396280192
12 22 3 4 76557 1.084764615381758
18 20 24 27 41882 1.0240768272349527
29 28 17 29 44145 0.9388193496440074
8 3 7 21 69107 0.9242555188911902
6 18 16 4 72740 0.9026402217546424
14 4 27 22 98488 1.0730088598502354
28 29 20 2 114612 1.0784078771072274
7 26 21 0 110562 1.0604609424861722
28 26 13 3 117498 0.9075061037042716
17 23 26 10 72782 1.0258459976409653
11 2 6 7 33744 0.9777401482911201
13 16 8 11 29402 1.0963948171481583
16 22 9 11 56664 0.9243785010551407
2 22 27 3 124851 1.013488710034025
20 19 8 5 76454 0.9169337281513827
14 20 11 10 39731 1.0135492377224433
4 28 29 3 149431 1.0562724826533145
16 8 28 21 73821 1.0977211762185823
28 18 22 4 70789 1.0162600364577614
9 18 15 24 42811 0.9533217891256407
9 21 22 22 49287 1.0736489996368943
14 23 28 0 118581 0.9895827253546627
9 25 22 1 100833 1.084574319577531
4 21 11 6 69735 1.03022428696468
13 15 25 29 83919 1.0027662961025683
29 7 8 4 66779 0.951244565057211
8 3 24 7 62554 0.9259997522725724
15 11 22 26 72372 0.9610865791821261
5 7 17 16 57532 0.9771682313909336
6 20 17 19 39957 0.9938591517334155
8 5 28 20 102939 0.9227250212637396
10 24 20 7 78354 1.0625988264699249
21 20 2 2 110938 0.994502758539342
1 27 28 26 119660 0.9526360461231589
0 0 28 25 152510 1.0156711633790454
21 6 17 14 33417 1.0498797476118968
15 17 29 24 78723 0.9611050080947515
15 24 9 12 62736 1.0576792106478732
9 12 26 8 65684 0.9022598294962165
14 25 4 15 60817 0.9965149388803114
14 5 16 28 80409 1.088111881370619
18 8 20 17 37439 1.0107161960940776
10 9 10 21 48439 1.0377658354690245
4 25 8 6 73917 1.004694738046722
5 29 13 4 92404 0.9992001494614734
17 7 10 23 67080 1.062955033421697
28 21 11 28 85516 1.0256591729473428
4 29 10 7 83083 1.0313976154901288
16 12 1 16 64044 1.0026037951912634
26 9 23 28 86425 1.0719711655434947
21 13 9 21 67182 1.0916877232767064
25 22 6 10 95793 1.0543223164862525
29 3 20 9 55845 1.0800734646858978
21 5 17 13 37065 1.0623023694551086
10 10 20 8 39176 1.0566539376575133
29 28 12 18 93912 1.0729252208175057
5 12 17 16 51255 0.9418977658085457
14 1 29 1 56380 1.0452519315625055
2 21 11 14 41469 0.9824346377648324
13 3 29 28 130470 0.995691414742569
16 4 5 19 76635 1.0756064791846758
10 26 2 16 55080 1.0522708643982828
22 12 19 27 64711 0.9107883004915643
17 27 10 2 86425 0.9527211385652351
23 24 26 15 45653 0.9802184337026318
17 17 17 29 39347 1.0308558841757756
24 5 20 11 34834 0.995552388976501
23 22 19 5 73557 0.9838611373422144
4 13 16 17 53201 0.9270366254274036
10 26 12 9 57972 1.063252642720274
23 5 18 19 66912 1.030912862037117
12 21 19 14 49213 0.9168603903769303
6 25 10 12 55443 0.9261613918663447
17 21 22 16 30461 1.0334749994407957
24 10 15 24 73041 0.9169185503003355
7 29 9 14 46637 0.9110273855723977
15 8 3 27 90690 1.0048081639408504
9 5 29 15 100051 0.9700606372424714
22 15 24 0 57356 1.0127024052144353
19 15 3 23 86450 1.0360551932793634
29 25 13 29 71642 1.01523935077871
8 1 7 26 85027 1.0383427869118902
19 18 18 29 45464 1.0859672209507396
7 23 19 16 58599 0.9059610899850099
9 24 17 16 49732 0.9797045541555122
3 10 23 13 89234 1.0881781200063558
19 19 2 22 73573 0.9685465708563936
8 14 2 29 54920 1.0123351559311617
18 29 13 14 63652 0.9039036268158884
7 18 10 25 31596 0.9361555801386121
11 24 24 20 52401 1.0829938074507066
3 28 27 26 108266 1.03951333539048
5 7 15 27 90761 0.9671637700631713
7 28 1 19 47308 0.9083428296908226
0 25 12 25 57383 1.0977363547009018
16 5 2 5 55408 1.0219302625106415
2 9 17 15 62559 1.0634047004213705
17 23 6 2 94618 0.9343349821569032
29 10 23 23 76205 1.0184497728326527
4 3 9 9 34879 0.9484823860213106
2 20 26 22 94009 1.0370981945362283
