6544 7596 7400 7987 7468 8673 5859 8733 5217 5287 3788 4531 4165 3845 4786 5743 5675 4956 3619 4188 5833 4798 4649 4519 4496 4822 5833 4537 6009
6296 6420 7141 7298 5118 6705 6969 7589 5540 7224 5626 4686 6428 7540 6204 7522 7631 4165 4371 1927 3620 3666 1946 1605 3196 3638 1403 1973 2664
4789 4864 5109 3080 3273 4306 3332 2750 4406 3619 2967 5079 4625 3579 4432 2612 4522 5014 2662 3219 5164 3332 5007 3476 5786 3897 2645 4724 3391
6876 6421 4480 5823 5340 5199 3733 6222 5218 6368 4688 6809 6499 6899 5587 6969 4239 6662 6584 5337 5951 4139 4580 3892 5074 3964 3011 4986 5305
4195 3263 3983 4310 4639 3989 4206 3370 4453 3097 2481 4283 3525 2052 4963 3525 2530 2096 4560 5357 3494 3938 5427 4685 2717 3822 3649 4896 2289
6292 4513 6581 7597 5991 6822 6818 5575 5966 4320 4339 5353 7552 4224 6021 4560 6957 5706 7389 5789 5346 4720 7369 5433 4761 6986 7832 5871 7507
5448 2405 3083 3613 3261 2535 3869 2924 3805 4110 4161 3537 5337 5557 4001 4928 2855 2816 2641 4279 2538 4413 4441 3567 2560 3205 2799 5572 4052
5893 4022 2920 5691 3468 3532 5724 3349 5460 3134 2965 4239 4188 3730 2941 5544 4864 4366 2808 3607 5016 4482 5796 4651 5393 4478 6659 4958 5295
4189 3432 3798 5078 4159 4342 4182 5405 3446 3518 3719 4148 5047 3973 4499 5741 3578 4014 4492 6021 4156 5255 2995 4932 5316 6169 4790 6697 4303
3196 1796 1784 4056 2325 3729 2547 4493 3557 3540 3682 1881 1445 1454 3659 3072 3905 2369 2671 1783 3876 2160 3351 2719 1897 1846 3458 2634 2170
4719 3731 4432 5573 5408 4877 4841 2939 5298 3265 3553 4827 5151 4507 3253 5825 3722 4062 4464 4306 5282 7182 7611 6652 5175 6179 5101 5577 4454
1868 1705 3808 4224 4271 4166 1713 3535 2655 4550 3444 4449 4750 4958 3735 4766 2410 5133 2548 6298 4501 4863 4014 4929 6116 4835 3372 4034 6507
2310 3303 3734 3566 1755 1888 2665 1472 3477 1711 1473 1561 1216 3455 1786 3000 4466 2853 3032 3488 1782 2534 4020 2951 1995 3192 3744 3813 1796
3050 4477 6886 5565 4891 5880 5066 5628 5718 3522 4461 5265 3957 5416 5464 5510 6074 3894 4065 4453 6867 5353 6192 4463 4071 5332 3649 4911 4373
7550 8181 7733 7771 5074 7057 7721 7735 5212 7548 7244 7315 7382 5942 5435 5168 6082 5636 5643 6354 5299 5972 7405 7332 7890 5058 6680 6383 4656
4235 5501 4426 5302 4768 4605 7472 6103 6113 6708 5103 4104 3915 2267 4245 2809 3513 3243 2868 2464 4927 3501 2458 2057 4684 2658 3365 4990 4083
5378 6461 6066 6051 6784 7145 6705 5166 8305 7884 8193 5183 6335 7490 5483 5472 4457 5450 7287 5168 6210 6676 4974 4863 4849 7240 5826 6871 4723
3923 3007 4766 3537 2508 4446 3815 4354 3752 1760 2478 4919 4754 2876 3595 6835 8239 5744 5207 6584 5263 5423 6388 5549 8057 6528 8179 7205 5757
5776 5319 6301 5469 6224 3360 6396 3891 3344 6547 4157 5575 4686 4776 5455 5507 4356 8110 7072 8393 6024 6759 6068 7188 8135 6907 5230 8237 6387
7172 7234 8594 5897 7273 7391 6738 6056 6516 7634 6718 6119 7354 7444 8938 8566 8958 8700 8891 7607 7980 7993 5647 7112 8890 5523 5357 4806 6827
3858 2498 1335 2767 1546 3020 2256 1987 4205 2426 2734 3084 1561 1830 4507 3223 3545 1247 2768 2760 1231 4459 2459 4836 3156 2919 3726 4615 4663
3332 2723 4178 4695 2198 5272 3085 3016 3606 4341 4424 2222 5539 4037 5385 3963 5059 4624 3234 3939 2942 2126 2905 5390 5246 3470 3814 4749 2617
3610 4643 2095 2841 4254 5114 2771 4264 4460 3646 5037 5145 2889 3418 4106 5091 3937 3124 3091 2412 3959 2596 2504 3615 6248 3989 5789 4033 5987
5006 4692 5171 4026 3996 4627 6937 6167 6205 6399 3993 7088 6972 4782 6827 3955 4041 6481 5805 4393 4075 4192 4673 4299 5860 5357 5558 5718 5764
5201 5855 4566 3748 5788 4706 6485 7201 6166 5550 4579 5858 7042 5402 7547 7816 6809 6818 7838 7663 7395 6617 7620 6969 5068 4946 6423 6157 6263
4407 4198 1617 4603 2560 3595 4668 1919 4650 3910 2294 2255 3407 1783 2593 3343 3099 4514 2591 2297 5317 2356 2171 4971 2594 2102 4181 4082 4515
2269 4028 1508 2688 1498 2836 4393 2123 4196 3250 3787 4406 2214 3789 4117 2602 4295 2080 2114 3938 4478 4183 1688 2550 1256 1761 2607 4278 2446
5900 6261 4059 4767 4499 6166 4106 6527 6209 6256 7156 4768 6665 7621 7797 5883 4974 5292 5972 7172 5395 7216 7439 5718 6252 6063 4926 5954 5226
2764 1548 4427 2278 2143 3273 3709 4139 2028 2630 4487 3147 4141 5961 4887 4934 4531 4197 3905 4150 5391 5274 4843 4483 4414 4862 3170 5127 4279
5951 6711 5602 7306 6493 7048 7403 8252 6021 6801 7261 6589 6293 5495 6724 7442 8200 6877 7649 7840 5701 8211 8009 5578 6707 6651 8648 5649 3944
7671 7329 4377 7213 3244 4637 5248 4668 6546 4503 7160 5429 5357 4387 7632 2673 8929 4829 6085 7059 5396 5087 7198 3096 4962 4809 3831 6373 4892 2983
5940 7511 4594 6293 3240 4296 4160 5333 4089 3643 7140 4682 5350 6290 5721 4143 7962 1953 5357 5075 4238 7800 7595 1878 2602 3762 5784 5966 4118 5868
6942 6142 5463 6774 5449 5480 5389 4979 4553 3922 7453 6212 4594 4898 4261 4508 7088 5036 7700 7311 4250 5431 5508 1386 3205 5647 3702 4067 3140 2998
5679 8577 2338 6373 3109 6972 3964 2860 5265 3014 7258 6155 7086 6048 7280 3079 7925 2519 5258 6749 4702 4570 6202 3170 5449 5496 2772 6788 2761 4769
5586 7634 2908 7274 4701 4091 6196 4154 6227 3432 7361 7579 6298 5973 6880 2849 5883 3362 7918 8339 4092 6253 4649 4415 3313 5794 1940 6761 5172 3529
5973 5826 3390 5367 4371 6760 4748 3348 3488 4414 7692 5030 5932 3959 4975 4383 6816 2008 5175 5629 5452 5549 4688 3222 3652 4766 2691 5420 5468 5819
5467 8603 5105 4620 3098 5076 6283 3169 6168 7805 3914 7407 5222 6195 4937 5084 8331 3557 6021 5853 3764 7901 6517 2367 5722 5487 4375 6979 4534 3219
7860 7846 3319 6436 5343 4482 5370 3137 6708 5864 1952 4933 5920 5471 4395 4912 5723 4101 5366 8211 3923 6812 5592 4123 3609 2902 1489 4391 4841 2722
5899 5465 4639 3959 3006 5585 3487 5632 3550 7540 3456 5079 7053 5243 7195 4503 8126 2972 7430 7986 5432 5530 6667 4043 4436 2450 2456 2447 3991 5781
7229 7991 3196 6223 3332 4183 3316 3902 6573 7928 2900 5101 4898 5968 5756 5215 5906 2388 7661 5759 2721 6778 5764 1877 5369 3111 2859 2459 5209 3316
7127 5332 3796 6392 5288 6992 4746 2808 3945 8542 3392 3331 6006 4418 7238 2883 5175 3865 5179 5661 4974 7049 5509 3045 3009 5586 2127 2655 5445 3414
7714 7614 2085 5094 3385 5527 5652 3262 6555 7435 4491 3610 5211 3578 5579 5386 4553 3288 1215 6900 4729 4772 6866 1254 3123 3422 3480 2064 3764 5054
6134 8066 4030 5065 5303 6954 6262 3482 5468 6966 2022 3924 5998 4251 5062 3852 2363 4948 4246 7666 3120 5430 7535 1910 3895 5818 1445 1944 2829 3235
6572 6988 4096 6648 5825 5601 6078 4748 7113 5797 4762 5275 4867 5934 7246 4661 3490 5237 2912 7210 4608 7285 4287 3331 4402 3168 1385 2963 4252 3283
6489 5880 2194 5220 5114 4945 4313 4230 4284 8230 3410 4613 5135 6869 7075 3591 2203 5352 1524 7969 5724 6185 6817 2498 5962 4730 2621 3947 3705 2897
7420 5638 2968 5582 3412 3718 3293 3845 6554 7802 3252 5954 5256 7254 6217 6450 5089 4441 3771 7471 2899 6411 4583 3882 4810 3087 2278 4632 3497 3688
6008 5759 4175 5009 1279 3223 3178 3412 5676 8358 2319 4029 6432 8164 5860 4491 2363 4998 3121 5774 5476 3222 4295 3486 4229 3416 4270 1819 5206 5353
7967 7727 4149 5241 1969 4354 6052 4636 5955 5765 3467 3877 5254 8195 5009 4406 4488 4732 3344 5378 3253 4590 6795 2127 5924 4141 3333 4308 4014 5160
5503 7777 5043 6780 3767 6163 4721 5546 6570 7235 4682 5665 7116 5275 6337 5566 5028 4536 4492 5445 5802 3231 5415 1631 4087 5355 2278 3394 4019 2979
7653 7580 4469 6842 2370 3830 4330 2738 7002 8455 1630 3417 5430 4942 4700 7039 2826 5096 3238 7733 2783 3905 6444 3782 4122 2685 2891 3664 6200 2730
7680 5332 2829 6006 1441 3576 4367 5153 5125 5529 4253 3042 6500 6294 6326 4850 2268 2624 4236 7378 4875 3774 5610 3078 3871 2566 1676 2191 6813 4386
7054 8090 5215 6291 4278 4545 5169 3168 6835 7958 2428 5633 5890 7855 4803 3978 5183 4768 3815 7853 2832 4671 5060 3616 3404 5790 4376 4047 6092 5343
6145 5407 4483 6434 3881 3597 3791 4472 5928 7708 3742 5999 6191 7204 7553 6660 4432 4011 3759 6921 2602 3250 5043 5386 4456 5156 1578 2910 6742 5788
5462 7715 3631 5880 3870 3165 6201 4639 6781 5857 3340 3888 4858 6934 5008 3693 4964 5316 3129 8384 5520 5298 5277 4230 2480 5262 3072 1912 4270 6766
7667 5399 4508 5040 2041 4654 5081 4491 4758 6792 2114 5411 6029 7616 6547 5081 4805 2654 2991 6875 3025 4954 6662 3330 3874 4499 2788 4809 4353 8671
7037 6628 3250 6130 4072 5542 3371 3624 6748 8480 2166 5634 5052 7346 7307 5024 3265 4638 3782 8291 2727 5778 6575 5125 1424 5577 3332 3293 3752 7148
7244 7000 4349 6879 4607 4384 3810 2244 4619 8122 4487 5189 4303 6892 6180 4421 4693 4731 4193 5238 4100 2802 6353 5987 4071 4745 2335 4098 4451 6274
6934 2358 4509 4777 1881 5842 3809 2563 4567 5639 4906 5570 4384 6813 6657 4465 4590 2774 2939 7497 4076 3756 5652 5966 1770 3605 3003 1984 4755 6813
5264 4653 3688 7186 2626 3874 5118 2759 4672 6786 2984 3710 4641 5304 4785 4927 3417 5118 3212 7983 5298 3880 7296 3468 2493 2864 3154 3221 5352 7672
1 1 16 28 127628 1.035237358388176
5 7 24 8 82528 1.065633369376528
21 8 10 6 49470 1.0174051574400496
17 19 8 16 39725 1.0217313898165188
12 25 22 27 33230 1.0695589515419623
22 9 20 21 38817 1.0048981436518285
27 17 20 12 43408 0.907619526591783
22 17 12 18 35287 0.9775738845524291
26 18 13 4 80368 1.0740313763300733
29 21 25 29 36373 1.0187906947941503
5 24 27 20 78432 1.0748243184275534
17 7 23 16 48467 0.9006378214415921
5 7 25 2 82336 1.0919506134223902
7 18 7 5 54036 1.0371586243756081
0 4 20 15 99794 1.0256299338286747
4 5 20 27 109707 1.094697217613645
12 5 4 20 64933 0.9987795839989737
3 22 18 4 101793 0.906173882202873
10 29 8 2 84018 1.0109103221188516
20 19 9 11 57226 1.085439433616579
23 29 17 10 80027 1.0025222035733274
20 28 18 4 76237 1.0336244040357032
25 24 28 16 34491 0.9637846336973772
24 19 18 6 64433 1.0158367581384116
15 2 20 16 54904 1.0469115635326849
16 17 6 0 78762 1.0787847332064124
22 25 27 6 75677 0.9286340567477678
12 17 18 2 58837 0.947224456628409
29 29 3 11 132202 1.0395111689077383
6 7 3 18 48385 1.032892431329259
9 23 26 16 68245 1.0893286942064364
5 22 25 23 68125 1.031643877048197
20 18 4 18 57138 1.0154491610025245
19 24 13 13 60644 0.9934370026832657
12 0 20 29 102190 1.0331062387722059
25 13 29 20 36421 0.9539838809319869
15 8 3 4 60278 1.088772204741939
1 16 11 5 74647 1.0065810033273739
5 4 18 25 100581 1.0235163865417085
5 28 26 14 102781 1.0501164734997828
3 1 0 28 107052 0.900996212861144
10 5 19 16 58773 0.9436016294566487
21 2 10 18 74119 1.0827281135883975
14 13 8 18 38628 0.9794973945032773
27 7 25 23 51999 0.9981698992855862
3 7 2 22 62961 0.9526417725215673
5 20 10 29 45417 0.9740111342350791
18 15 9 13 46048 0.9708810756833429
5 11 17 5 63188 1.0169690731408096
26 16 12 10 60361 1.0376177843016112
8 12 10 3 40380 0.9387793373567146
11 28 5 20 46231 0.9568207126631323
18 12 8 2 61679 0.9137858375135116
10 8 26 10 59228 1.098280840044555
26 3 9 2 64193 1.0178738738118078
29 20 24 29 48175 0.9196301756798041
27 11 20 17 46676 0.9870946545147556
14 17 24 20 46483 1.047646417227675
20 4 6 9 63986 1.078610554900935
22 22 19 11 40133 0.9376082446664395
11 7 23 23 79315 1.0480364412026861
14 5 15 22 64831 1.067342178314436
17 0 2 4 68387 0.9008908401704459
16 13 1 6 79961 1.0153066235859534
7 2 29 17 114582 1.0922402964338758
23 5 14 11 50678 0.9799213462192728
11 27 20 0 96872 0.9055607303370722
1 16 11 14 50303 0.9111112979323398
13 3 10 17 44918 1.058366637766482
0 7 22 23 116196 1.0527961100041283
26 25 27 1 80326 1.0255215093154317
1 23 8 9 66886 1.0290017713967325
20 17 9 29 58471 1.0175239038931538
10 26 7 1 82640 1.0088519219923615
0 25 27 24 84541 0.9084576560504618
10 24 25 23 51370 0.9413420897751745
15 10 1 1 77715 0.9461467682130963
26 16 6 9 84576 0.9739176600265712
21 14 16 4 40360 1.0721680712970478
10 16 27 0 100523 1.054906709231395
14 22 10 29 36605 1.0448492699246348
2 20 9 15 41427 0.9018049565802212
12 12 28 1 78203 0.9206439879335018
1 27 16 2 107472 0.9253249749795396
9 14 16 22 47802 1.0280087714560304
16 3 25 21 80246 0.9574053750154506
8 3 29 22 126793 1.0212260892798837
19 7 27 5 35025 0.9062670865825778
19 29 29 0 118859 0.9696103944319083
10 7 1 29 87421 0.9243336572975941
11 18 6 4 57445 0.9598451758317575
1 18 15 21 60008 1.0963105085290712
2 4 9 24 84308 1.0343385890067398
28 25 13 3 111061 0.9544071760329204
16 28 8 25 30065 0.9539601189442641
20 23 13 0 87190 0.9639302750156702
4 26 18 29 52598 1.098141452041645
18 2 8 7 50252 1.0618474847894408
21 22 16 14 43111 1.0314755171443692
17 17 28 24 56481 0.9940178961053472
29 2 14 29 126815 0.9063224967892021
22 9 8 25 81624 1.0690618880710523
0 23 8 4 86205 1.0286132971508843
25 22 7 28 68217 1.028903718124791
2 0 22 10 98385 0.967369609987379
19 21 6 11 77053 1.039477482813641
10 2 22 0 52943 1.0566576769770708
20 7 17 28 75166 0.9366218698638122
26 8 4 1 94979 0.982170152611846
21 23 9 21 37412 1.0044214284348378
21 20 26 27 33062 1.0957295802862528
28 27 19 1 97905 1.0214272033862475
12 16 0 28 68290 1.0444066644555177
16 12 28 6 57597 1.0113119283588854
17 7 28 15 61764 1.0646769290270852
3 0 10 13 68933 0.9669181291727311
5 15 19 26 70930 1.0130314738074904
28 19 12 26 64631 1.0484424676098016
13 0 4 16 76062 0.9437564878844826
22 11 11 22 69264 1.0293913905021055
13 5 17 13 46083 1.0226278967074096
3 25 10 28 30988 1.0609077029033853
0 9 18 29 117777 1.0725408596283619
4 5 9 10 35858 0.9275772658879885
15 27 4 12 71935 0.9812169799880301
7 27 14 6 78886 0.9605400971087085
12 13 0 23 64292 0.9201534078727132
20 19 3 1 105366 0.9275209350040193
3 2 28 26 136509 1.0912306172314252
9 18 24 10 67383 0.9382401772461925
29 14 5 10 102393 0.9688242136492586
13 28 26 15 75154 1.0097556314959124
16 2 23 19 75370 0.9300723190410519
22 5 7 28 107632 1.0030885083826298
28 11 14 24 86905 0.979357023814274
10 9 9 22 38122 0.9076287204388918
9 3 4 18 61441 0.9854237569309866
21 20 7 20 58616 0.9029413441120736
28 29 21 18 55139 1.0483349357783553
1 16 15 0 99170 1.004364473925552
3 21 24 20 80887 1.0871732957465623
4 1 21 4 65987 1.0338779357046328
12 16 0 6 69142 0.9236005488258366
23 9 11 20 72237 0.9597395914634499
23 6 10 29 105772 1.000197732820283
1 23 13 15 59807 1.0050431883391469
23 6 18 16 48294 0.9447785585154038
14 1 16 13 63454 1.0847220338744008
3 24 22 14 86839 1.0787226523242042
23 14 21 25 48785 1.0620727987415741
1 15 15 21 65120 1.0429708981591077
16 28 26 4 104739 1.092742628673861
24 14 0 18 103235 0.9524690529709221
2 5 28 9 107159 1.0407596590945634
28 4 13 6 57993 1.0636275757015843
4 14 25 22 93862 1.0001324390296287
0 27 26 8 129167 0.98437358362758
6 11 10 0 51121 1.0058004279161192
17 11 14 4 32918 0.9321957605562222
7 16 0 27 59209 1.0573689622947993
25 13 29 23 47568 0.9641432465902808
10 20 25 5 92515 0.9500777346348643
9 23 22 4 85390 1.0441312975476598
10 7 23 11 52690 0.9422204724091581
12 26 3 19 55382 1.03218969130753
2 15 9 28 58406 1.0977303331026855
7 15 25 24 82544 0.9653446636572269
22 7 17 12 34115 0.9330578310743516
2 11 0 1 49409 1.0331480874339467
4 17 27 17 83565 0.9111614404492333
1 12 15 18 68704 1.0106957687218436
8 15 23 9 68823 0.9975930937912378
16 29 12 13 60131 0.9975132687434314
19 25 22 17 32993 0.9210186053175855
8 9 22 5 64992 1.0106800512806184
12 11 22 26 67884 1.0739076333526376
9 27 7 9 53770 0.9810293816291256
0 2 11 6 55329 1.0764251738201123
14 9 21 5 43778 0.9286999577233841
17 9 29 21 73235 1.033417340260822
22 25 27 15 49896 1.0649694661564566
18 19 28 9 66599 0.9138913455627072
18 0 14 27 103489 1.0533831049220084
15 16 26 16 44711 0.901548510317841
4 5 27 2 94330 0.9136066904320173
9 7 4 26 66311 1.0342287581303422
14 22 0 25 52779 1.0160103668789888
6 28 28 27 70988 0.9052355610836186
23 26 20 8 60580 0.9175454627390413
13 11 5 22 59739 1.0238438920816546
18 9 29 2 58666 0.9397746050285003
17 27 20 9 63452 0.9289495423514937
16 21 21 8 54999 1.0267076205648396
6 20 14 17 39668 0.9982164090927772
3 6 16 22 88311 0.9239302425201114
25 26 18 4 81386 1.087855761094169
5 4 8 11 34460 1.0779665757390084
26 11 19 8 35463 1.0848361030195521
12 24 19 6 76210 0.9615564554915889
20 17 18 3 47530 1.064659257085248
1 19 16 11 78044 0.9864873517101086
29 21 12 12 82560 1.0155874449486024
3 1 26 0 98534 1.0338228044035642
11 7 17 19 49324 1.0889992498016243
26 25 3 9 112222 0.9050641773838491
10 15 4 6 49205 1.0816153656895178
1 11 10 25 75976 0.9126560294998222
14 15 23 27 66270 1.0696096989590262
15 0 18 10 48257 0.907553724845903
8 5 3 27 82470 1.00736994823014
8 29 20 26 42008 0.915682015912436
5 11 17 1 70034 0.9639283765421107
11 14 24 23 70865 1.0913719934306394
29 13 9 15 91108 1.0856981928458986
25 12 18 23 53417 0.9820305250619195
3 11 10 29 77283 1.0793252058614076
29 4 21 13 52102 0.905888133726475
2 7 11 25 83991 0.9892205795779481
29 29 29 15 66080 0.9894204079051684
5 27 21 0 115658 0.9439752811879036
8 14 24 28 87520 1.032566539680149
27 10 4 22 109226 0.900167461551072
14 12 29 16 75782 0.9899090990400794
13 6 25 3 52036 1.0772178802344743
3 0 23 28 143313 1.0141544907099267
2 3 12 4 44162 1.0238841004739077
20 26 1 1 130826 0.9332145665816128
12 17 23 23 52436 1.04162971586285
7 17 0 0 91686 1.0160536916681335
13 1 25 6 54958 1.0051422102092906
21 24 0 2 131259 0.9947473079240943
25 4 21 29 90126 0.9842664300934862
8 13 3 29 68559 0.9023893671952762
28 13 10 23 88704 1.0206108864833534
18 17 24 5 57926 0.9063724281064363
9 29 29 3 129930 0.9337084788267993
28 19 8 23 72949 1.0470358913532452
23 8 28 27 73385 1.0994266786850382
12 18 12 29 32347 1.0107404730327207
5 16 14 25 55593 1.0030165621774456
5 8 16 16 57144 0.9344453465255365
28 9 13 17 76538 1.0166578299076152
8 24 11 4 64350 1.0275018473769535
18 17 2 22 74815 1.051660966781803
23 14 1 10 103048 0.9239541888436418
15 9 29 23 92610 0.9367479205048513
22 14 11 1 69797 1.0391364634093656
17 12 29 27 83488 0.9508283684066173
11 9 8 24 53305 1.0534684132494974
9 22 2 17 36414 1.0952404944122067
10 16 26 15 65097 1.0646557405138248
22 8 1 12 95282 1.012896597373155
22 21 27 14 42397 1.0796294334801984
5 2 14 9 56850 1.0283489714298406
4 24 11 28 31882 0.9860407897720064
5 27 13 29 35259 1.073571293654042
26 17 19 21 34087 0.9696420620080958
15 0 1 16 99170 1.090006622931741
1 29 12 17 61596 1.079729120522951
6 13 27 1 108513 1.0889172907206122
9 12 23 4 65980 1.0747383956857564
28 25 22 19 36926 0.9647554344225793
4 28 22 1 122927 1.0033222209435462
25 2 11 16 79759 1.0619599512910973
11 12 19 24 62820 1.0971681540735005
16 8 5 16 72255 0.9092886973619437
16 22 23 10 60357 1.0172294086085945
2 16 7 11 37613 1.0870204977783162
15 17 15 6 49659 1.082723914311315
17 26 12 15 45312 1.0638969275344459
4 17 15 24 48182 0.9267638904704942
10 10 14 28 64944 0.9662553856373108
11 28 13 16 42518 0.9406742242458966
9 26 9 6 55907 0.9601839354953554
5 5 12 18 61544 1.0826599036610143
29 10 21 12 32813 1.0521364491944691
13 13 2 29 77490 0.9454560497228288
23 1 6 7 77087 0.912022601746792
3 14 18 0 104599 0.9960684162594023
16 11 14 20 41106 1.0610550744107705
13 16 16 27 46063 0.9959762521138642
18 24 18 8 64212 0.9931126547507472
2 1 29 16 134432 0.9056520937235241
12 17 1 28 58932 1.0087778443950246
26 15 27 1 51415 1.070087658401302
25 18 28 4 48955 1.0733348432239302
22 25 23 6 74275 0.9014027471159413
15 6 24 20 73019 1.0749164600149976
23 6 24 18 52708 1.0234569978159653
3 25 11 17 48612 0.9994801681257879
13 22 24 28 56986 0.9013383855311711
14 26 7 4 78956 0.9067111814232944
22 24 6 24 53232 1.0993336818958408
0 25 6 29 33479 1.0646918620948636
14 3 9 17 53954 0.9414137599790543
4 29 15 18 59961 0.9785574557224893
2 6 17 10 63008 1.0532173297242577
25 15 10 27 77809 0.9744947879208508
17 11 0 6 74894 0.9216194479396974
17 20 10 15 38589 1.0868172455628695
16 3 24 16 64662 1.0887684103976765
1 4 13 13 65791 1.06753235394953
2 19 17 17 64943 0.9425107820015775
0 5 5 15 53913 1.0702929702084967
13 20 12 10 29450 1.0894507749812719
25 14 16 19 51137 1.0271753238498778
19 4 28 3 30719 0.9188576925635595
27 22 1 12 125467 1.043761853483576
8 5 20 27 94039 0.9133581558818373
25 12 12 5 57183 0.9609708677636314
4 14 5 2 47296 1.0198755184597348
22 24 26 18 31185 1.0649613502285635
3 10 18 0 91263 1.0582647053863108
22 9 28 20 51921 1.0661311165441179
25 26 17 5 85863 0.9512184208802528
5 15 7 28 55531 1.0870652502610105
10 3 4 22 83639 0.9704045774738495
6 6 24 22 105495 1.0954925769820985
18 28 4 1 121259 1.0689402934691754
8 2 24 13 90443 1.0453403055415225
8 6 22 29 104170 1.0589308801133392
10 1 18 27 91769 0.9201668266145032
13 28 15 4 82019 1.012335466029142
17 9 9 4 42498 0.9454014482385039
14 1 19 12 59588 1.0445690457634516
7 22 17 0 95486 1.0741994628330929
29 19 24 12 44788 0.9508095933930371
19 22 1 26 62359 1.0507405906797276
13 10 12 27 48570 1.0995876003315666
28 18 19 24 49137 1.041707901407126
27 8 19 24 74474 0.9264247513896228
28 29 24 16 53863 1.006267953684483
19 17 5 9 70008 0.9951087266358669
6 23 26 6 106769 1.0272238266038922
16 19 25 8 67650 0.9172278389337851
1 0 16 0 76959 1.0140040974867104
15 20 15 0 72959 0.9607067214201485
17 12 28 16 61276 1.002094961297391
7 2 29 27 129159 0.9696615725075588
2 23 8 1 91326 0.9214927071355513
3 22 16 26 47963 0.9898759243989382
27 20 9 14 79323 0.9335677237009969
28 4 10 4 63783 1.0990452955314696
10 3 8 18 55180 1.0938724561711284
1 22 7 28 37140 0.9224850373711063
24 3 5 26 114362 1.0579607043538661
20 6 4 29 105352 0.9171547124649548
3 24 9 16 45347 0.9199609259191476
9 6 22 14 64918 0.9117662480652958
27 28 1 9 130138 1.0036040795605914
18 17 8 15 45339 0.9727237208695547
2 16 13 24 56836 1.0200786363402174
22 25 28 7 74134 0.9341489392034119
7 17 0 27 54345 1.0403677547064942
5 12 8 4 42575 1.0360597867601553
18 22 11 3 76892 0.996139085255406
6 26 25 19 70932 1.053435307317639
5 7 21 5 64244 1.0949611545368856
27 13 9 29 98563 0.9434101167345359
13 8 17 29 80390 0.9538610696963769
0 29 2 16 43632 1.0750102767719116
17 25 22 9 65908 0.9422600507807082
9 16 13 0 56851 0.9070340838166788
26 19 20 6 54180 0.9910425326895655
17 24 29 5 91772 1.0405932784292602
24 22 8 17 67523 0.9506000080836526
28 2 9 13 90462 0.9612742688606069
14 13 25 13 59174 1.012005246212909
13 0 19 22 91003 0.9914446313705899
26 22 6 20 77201 0.916625106184177
3 1 25 12 103435 0.9877604099885883
3 12 27 19 107787 0.9334008544028537
9 24 9 7 49617 1.0512223272358772
25 18 5 6 100250 0.9034183635755275
20 8 1 2 82487 0.9971766015380352
14 28 10 7 69791 0.9887554816549508
6 10 26 8 71138 0.9733418558507759
2 10 24 10 81923 0.9457411964061765
14 20 20 24 36354 1.0039066950906286
23 0 11 12 74065 0.9324010854560711
1 5 14 3 63930 1.0848492470388587
3 12 19 16 77921 0.9370590054818762
15 4 12 21 57322 1.033356008088658
2 7 12 29 93171 0.927011987443061
1 11 26 24 119615 0.9837923812028375
8 16 24 20 66949 1.0747099710653811
5 17 1 3 64194 1.0842094544249605
5 0 8 18 76432 0.9026707991106179
24 22 28 29 36159 1.0934908644087533
19 27 1 7 113292 0.9511983008082666
6 1 18 18 82352 0.9746056256724658
16 23 2 1 107658 1.0885032230404548
2 26 2 8 69949 0.9430117233540856
28 23 2 28 85695 1.0165667854333904
4 18 13 17 32585 0.9010445513652378
18 14 25 1 61615 1.0560924395406217
0 22 12 18 53381 1.0342712011699267
3 7 19 17 80311 0.9528008139492724
24 19 12 7 74570 1.0383380932332618
15 18 13 27 33272 0.95897093413659
24 24 8 11 82773 0.9032399562695214
21 26 10 27 30640 1.0704254483793754
22 13 9 20 65622 0.9109634869274364
11 27 24 20 57571 0.9845209334624792
17 21 23 8 60931 1.0312056632025919
18 15 10 25 61581 0.9237025285978208
7 23 18 22 37644 0.9543462988464567
21 6 10 4 46623 1.032204577735753
26 4 28 26 72619 1.0288763685665558
8 21 11 13 38351 1.0906470675708897
3 4 14 4 46761 0.9714133296726866
21 0 15 19 70991 1.0636556761552156
28 12 14 21 82696 1.0091408036488632
17 21 6 26 44289 0.9311704044700533
13 27 25 19 58003 1.0478830082862705
24 24 24 1 83984 0.96596551457971
2 26 16 7 89694 1.0800154313905375
18 4 3 15 82634 1.0910035332881627
3 18 16 9 70391 0.9891609880651803
24 16 8 23 68182 1.0815505701857482
0 2 19 10 89392 0.905118817279552
1 22 17 22 51801 1.0283351127773999
20 27 18 8 66248 1.0626514956261592
14 25 28 0 114176 1.0481644622614064
26 5 5 9 89014 1.0359566865729413
19 23 6 13 69222 0.9923473206597686
24 8 19 1 45635 1.0721995128230533
23 10 10 24 77561 0.9432542499424941
18 1 6 20 92848 0.9719942717314276
29 9 23 19 56188 0.9868945134776274
24 29 10 19 77763 0.978491942739529
19 21 24 15 34987 1.0552842843190047
12 28 16 5 82792 1.031813937545846
20 2 1 11 94138 0.9095336473830019
24 21 13 1 94215 0.9823936511507232
26 15 23 29 55048 0.995301742511669
27 24 20 14 51622 1.0094126042346236
26 13 22 2 47503 1.0912189229935245
10 15 29 18 74904 0.9675931785555402
10 3 9 29 79128 1.042623241232969
14 0 7 17 71177 0.924737179107836
23 19 22 4 60505 1.0409109259425589
1 26 23 0 136178 1.0738944230817973
4 3 13 29 104244 1.0636709288453163
13 23 28 29 64211 0.9531702889309149
15 23 28 9 80382 0.9158556165947733
18 14 8 2 69785 1.0436357692430662
4 13 13 23 53366 1.0005880439551187
25 1 5 5 88441 0.9834223109682638
16 15 7 17 37604 1.0718541104874715
15 21 11 13 36890 0.955831125219037
21 6 20 29 74564 0.9050713471461487
2 9 28 4 104839 1.0374452735587671
0 25 17 17 76564 1.0650628925879089
16 22 13 0 77471 0.9427722058290952
4 13 6 27 51699 0.9729285758010828
19 12 28 16 50751 1.0957757966468418
6 18 3 11 35219 0.9798097783189564
19 27 17 13 61008 0.9257770174384362
28 21 28 11 45244 1.0479248458954653
12 6 16 17 37826 0.9111356710598187
7 22 13 26 28389 0.9070958197840181
27 21 9 16 75772 1.0936844816977487
25 26 10 24 45310 0.921881813584266
15 11 1 27 86255 0.9248713036819839
13 17 24 3 79130 0.9755552826611931
12 17 5 1 67268 0.9051813938055222
26 18 11 16 56911 1.0790306559556158
14 27 26 10 85070 0.9368455194784112
2 7 11 26 82126 0.9201113387445977
24 8 4 17 92730 1.0213715340503167
18 4 13 15 49213 0.9304652878891144
26 2 11 22 102275 1.016719349629472
25 0 19 5 35712 1.02675794255076
0 10 16 23 91580 0.9923707378043126
3 0 6 14 65227 1.0786974397756075
12 17 10 26 31454 0.9904759650307513
20 14 11 9 43794 1.0727795401624498
13 23 29 23 57072 0.9512422273323139
5 17 14 27 50639 1.0288804328630452
19 23 2 13 78904 0.9949550127833403
10 16 8 3 49305 1.096494058420191
4 18 26 17 80930 1.091971416081739
8 11 10 27 49084 0.9573311795122649
24 26 12 18 54197 1.0443489236264267
22 16 10 16 45029 0.9047623227985354
14 3 24 2 42088 1.043099867761981
2 27 27 28 79195 1.0408938056187345
24 29 28 0 103250 0.9806744657198617
11 22 18 29 45496 0.9039067459139466
9 28 5 8 68587 0.9604363785595106
9 5 1 20 72935 1.0625834779427943
17 21 14 3 73213 0.9183721114522626
26 14 13 26 70711 0.9730668336932388
9 24 24 14 76887 1.0069079881766205
6 0 28 6 94325 1.0364231819272207
0 1 1 26 104345 1.0940969519565287
18 27 27 16 60028 0.9648220381032371
6 28 20 4 102824 1.0034112328736373
12 29 7 9 66343 1.0924435969522925
23 6 19 28 82016 1.0196805292912914
19 11 12 4 40753 0.9649039921470158
28 18 7 29 90423 0.9171186076257514
11 2 26 27 105087 0.9149598869274643
0 0 20 14 114371 0.9814585662290719
29 13 13 26 90647 0.945427963176622
10 8 27 14 78846 1.0067238538248975
13 3 22 13 61518 1.0514450045217079
16 12 20 21 46904 1.0321241668721801
27 12 15 25 78096 0.9676556093787697
21 12 17 18 33487 1.0914287006927756
11 16 27 23 76806 1.0965690319456785
9 13 16 9 38171 0.9772611101901124
5 15 18 0 93464 0.9401365893048529
10 25 29 19 84297 0.9508185111491698
9 2 12 9 27634 0.9426742316337648
24 24 28 10 58424 1.0372838317212554
13 6 28 27 103843 0.9842211924319861
1 7 8 3 43858 1.0402302295579409
23 17 0 0 134907 0.9554337048109467
28 7 19 9 41683 1.0907170368668266
26 29 15 14 79017 0.9685411547209697
10 27 7 14 47922 0.9381172547810586
8 8 3 29 80744 1.0942779944642806
14 18 28 12 67883 0.985766579436125
3 9 15 21 72637 0.9050967997138911
19 24 19 10 45996 0.9617446412798167
0 19 22 11 101572 1.0158159604410832
0 4 8 20 80736 0.9375911818388203
14 27 28 6 103155 0.9576067100834504
24 29 8 24 63925 0.9637713089305341
29 5 14 12 72967 0.9107498179968366
7 7 23 2 69226 1.0928195687693012
20 13 9 0 67260 1.042739741234903
24 28 29 2 96363 1.0512060835151937
15 8 21 4 33676 1.0569225297451263
29 10 23 24 63888 1.0020721006441096
18 24 11 13 58416 1.0982163434370673
25 20 1 6 119354 1.0835985337343164
3 0 0 8 49080 1.0052027950333593
6 26 24 27 51646 1.0692782898485778
14 4 26 26 93128 0.9768365335147878
25 0 15 25 102833 1.0940519711177412
28 24 1 27 81030 0.9011025308098203
9 5 8 15 34490 1.0635434116261868
23 1 16 17 71371 1.030619905165145
26 21 21 12 50427 1.0829476425479263
4 7 13 19 64193 0.9749391474060819
3 1 25 23 134418 0.9421601823708559
25 18 14 18 37420 0.9901591088573825
3 19 17 11 73355 1.0434272666411895
25 0 14 8 66855 1.0506743477924858
29 19 20 23 48066 0.9929216574238119
26 6 29 20 60505 1.091208030575478
24 23 17 2 82376 1.0290315049328127
27 27 10 6 103213 1.072004922205516
18 22 3 9 89078 1.062328235215147
1 3 20 5 81040 0.9570015003057692
11 26 11 0 72210 1.0283265548599874
2 20 29 20 106283 1.061708350121489
12 13 25 16 57743 0.9003080175931456
11 28 11 14 49888 0.9621887118012258
27 29 8 10 106006 1.0691113971927293
6 14 27 29 105866 1.0001611387742895
15 20 23 1 80299 1.011130549760359
9 10 25 9 56114 1.0403473351900707
15 14 26 20 57185 0.9208014986683563
13 23 4 7 71057 0.9016354293339691
6 0 25 4 78349 1.0457958451815577
4 23 21 24 55461 0.9503645134275263
20 19 23 28 39985 0.9363654611706131
13 16 0 23 58414 0.9737031217929634
0 29 12 10 81536 1.0922601713683875
15 4 29 11 62908 1.0347024047349829
5 6 19 28 106173 1.0966383373592221
1 29 19 12 101554 0.9375288200385636
10 6 19 9 46906 1.0492861129240936
8 29 12 2 81615 0.910187810602889
27 0 13 5 65421 0.9312035877150096
11 6 0 25 86691 1.0718975191847324
22 13 15 5 49772 1.026931296893328
4 18 23 8 90062 0.9423092807769022
24 8 0 3 116047 1.0472186602718616
24 2 18 27 90927 0.9257795949412694
2 19 13 9 62482 0.9042356357462861
28 15 24 8 39560 0.9218906172834832
20 17 10 4 65527 0.999712313522946
6 5 29 26 122002 0.9861496642185227
5 5 22 11 78687 1.0040431682259834
10 25 19 18 52169 1.079967845268874
15 24 16 0 89857 1.0926403318639888
0 21 20 11 96800 0.9203039561243023
25 2 6 5 77483 1.0725350951035277
22 14 19 22 36769 0.998785864334478
13 27 29 4 111507 0.9335791813018812
28 17 2 7 116072 1.0244843176225913
25 16 12 23 59525 0.9704309874673618
16 15 23 29 73486 1.0116200508303335
28 29 14 11 102499 1.048572537117433
16 29 2 16 79883 1.0489920181815107
1 22 6 13 49968 0.9588971915868151
9 7 29 23 110280 0.9244858311002716
27 14 3 19 108287 0.9702850361549421
16 19 4 25 56103 0.923167111302219
1 14 1 4 46897 0.9988097278820485
21 6 15 18 54938 0.9009756160730059
15 15 4 22 59526 1.0883198690600382
3 21 26 29 91027 1.028660998158187
15 9 4 14 62026 1.064442970669687
28 0 8 4 80999 0.9654081414171382
6 16 13 2 63490 1.0444813090348763
19 15 21 29 52498 0.9126059670561636
16 7 25 19 64813 1.0618953355377732
23 4 14 25 86827 1.0069755012788413
28 23 25 7 62535 1.0972746197413328
1 14 23 14 102729 0.9913005552948887
1 2 26 9 107938 1.054353567356715
2 13 26 16 103636 0.90258846443137
29 6 0 4 113210 0.9718258681523034
1 2 29 27 152957 0.9466184575431267
0 12 8 22 65458 0.9462479330331175
28 24 5 18 91227 1.0043623262290957
11 13 5 7 39746 0.9647648956624335
20 7 11 27 79592 1.0557642543174297
15 29 29 24 55432 1.0772780573661784
21 26 24 15 49121 1.0830953828877963
13 1 29 8 75220 1.0773029511630174
29 25 4 2 141032 0.9125173132666482
19 8 4 29 104293 0.959975646044216
9 14 16 29 62442 0.921452935146587
15 16 10 5 41805 0.9875276199990345
11 25 0 21 48616 0.9471937696465732
26 2 6 7 81036 1.0467213613437847
13 28 4 2 101515 0.9115800722751878
12 20 9 2 55675 0.9962766934448202
22 0 3 25 124728 0.9238724081625342
3 29 4 13 64595 0.9219959548176487
5 25 10 11 56948 0.9383188674760243
13 0 0 12 89242 0.9975498233638244
0 24 11 8 79976 0.9947113718499496
3 10 25 12 87413 1.0910152311217574
11 28 23 28 47635 0.9741470268854228
21 23 12 16 47900 0.9119670097420822
4 15 21 22 73071 0.9520466461231571
28 23 19 19 50215 0.9014535673937483
20 12 5 20 77581 0.9067790293804316
0 12 16 18 74101 0.9910399710857927
7 7 24 1 78712 1.0021108529126452
23 23 19 0 79848 0.997301979206226
2 25 20 7 102633 1.0749719908525264
15 9 26 24 78818 1.0582996585804525
8 28 4 9 73131 0.9784930320528017
3 28 17 29 56360 0.9801332025612225
16 4 12 18 52432 0.9216153466820837
23 22 1 14 99069 1.0324614142505222
24 27 3 21 79233 0.9897719894442477
22 1 14 9 57029 1.008509010676018
6 8 24 14 85727 1.0778985052828216
6 5 23 18 91917 1.0830438401863667
24 28 23 9 72156 1.0854444321868664
29 23 14 25 55840 1.0630577262273424
22 26 25 4 76427 0.9099339387498069
15 21 21 16 35178 0.9963350154399926
22 23 13 9 67955 1.0358018515939427
5 24 14 25 34091 1.0541381950395172
21 1 27 9 48416 0.9696118323158418
3 16 21 9 81964 0.9167324196129704
5 28 7 0 107833 0.9302093095935916
27 10 3 6 90739 0.9519524152565241
26 7 25 26 59422 1.0630277297537716
12 22 3 0 92489 1.091743771429797
28 3 5 23 121775 0.9869330997462018
17 18 1 8 81687 1.0507597190759344
6 23 18 18 50483 0.9125669123193654
29 24 20 26 27944 1.0542798897644257
9 7 16 12 40922 0.9730421570367762
25 28 29 14 59485 0.9908409535146251
27 16 7 7 90455 0.9851101535852284
12 22 9 3 59675 1.0152434129366734
20 20 12 6 59986 0.9742014158741813
29 18 8 13 88431 0.9034722208878578
29 23 7 16 93305 0.9632112669936407
26 18 12 14 59140 1.025859571811738
0 24 28 17 102626 1.0682643451494398
14 12 1 14 70277 1.060857134257994
14 3 7 10 44438 1.0451142803874376
3 11 8 4 44414 0.9138627797108609
0 24 10 18 52049 1.0774260165514866
11 12 17 24 55678 0.9093229003745857
23 16 1 4 109514 0.9652790661200391
9 4 2 1 37106 0.933195914634408
3 25 16 1 107008 0.9765308053701958
24 29 2 20 97823 1.057903529481718
18 21 11 11 51693 0.9473709808992784
16 28 1 20 65453 0.9061307204939061
15 22 20 0 78672 1.0242485352952455
10 18 17 14 39114 0.9172798293095454
11 21 21 2 80799 0.9770486049759723
22 29 27 4 96003 0.9008978305675732
1 15 7 20 36655 0.979368966979846
11 23 5 1 84655 1.0970553811297716
16 7 8 1 46251 0.9781735053448847
22 3 4 17 91251 0.9247277729199909
28 21 28 10 49731 1.0876892342285411
12 25 9 17 27332 1.002641731050902
22 25 1 3 135818 1.034956937175755
1 18 1 28 27345 1.0773928142014526
6 28 13 16 53867 0.9022398462858768
1 15 26 10 99002 1.0533111314862706
15 29 26 4 107176 0.9909213388346529
20 23 26 17 35127 1.0928626262745422
15 29 7 22 44538 1.0708492809603412
25 22 11 4 91977 1.0420989370851041
2 0 5 22 93395 0.9073088209123418
12 28 28 12 94403 1.0586391345070276
28 25 4 24 75390 1.0825794410151985
26 7 2 27 120375 1.0047496186570795
19 18 1 15 69589 1.061545347647335
18 17 6 20 55620 0.9823874560920708
3 8 27 24 120255 1.0087635537953323
2 19 0 1 81934 0.9369149273452599
23 2 11 10 60613 1.090766253827677
24 0 11 11 75892 1.0739442895577376
19 27 5 21 61663 1.0450474333047857
19 0 18 27 90269 1.0721239437048389
16 5 3 21 94215 0.9406501763487439
0 10 7 18 54866 1.0513726295999573
2 0 2 16 62822 0.9196098182632172
9 22 26 1 107357 0.911727285790071
27 13 4 23 103815 0.99662591393333
20 14 7 9 54078 1.011692820255265
23 24 10 22 48189 0.9868849953878267
10 25 29 27 60838 1.0945105041802514
23 0 5 24 122259 1.0656552112801099
4 17 10 5 57147 1.0606591988317051
26 13 16 20 60334 1.0036088246750505
26 3 15 27 100791 0.9414283797975769
12 14 24 11 51553 0.9762165294776535
21 23 24 4 66205 1.004320299725683
0 22 0 1 100179 1.0060257889364757
2 24 13 24 38751 0.9403563465345163
1 10 17 14 80548 0.9945014523600434
26 0 22 11 45188 0.926293584157513
2 28 13 20 50888 0.9595847913959324
12 7 2 2 49847 0.9456083315902075
27 4 15 16 76363 0.9738211922163797
20 5 28 16 57994 0.9238612170298396
5 16 23 3 99912 1.0834586547837597
12 4 28 19 90741 0.9757202031616794
13 10 22 25 74296 0.9260149214375133
27 11 15 28 90134 1.0904744682892438
0 6 28 19 134424 1.0775865103863733
1 18 10 3 77867 0.9361048776576003
7 2 18 18 74842 1.0626036930310312
18 13 14 27 66815 0.9614629409838448
24 29 18 2 102152 0.935233549507388
23 27 11 5 91553 1.0715663353346623
1 19 13 9 65295 0.9376666896732221
17 29 11 2 92087 0.9253657502656808
15 23 24 2 84525 0.9779449825373078
6 24 27 6 112293 0.9423355548857781
26 20 22 0 75186 0.9175755451087357
26 7 18 24 75621 0.9667025678969581
27 18 15 9 67443 0.9482389722668664
21 14 28 24 57278 1.0254161081088071
24 20 22 29 45783 0.9441394728250686
0 23 27 4 131561 0.940669556069431
29 2 13 20 104416 1.005071958699538
23 14 11 3 73869 0.9443114419947304
19 8 13 3 44917 1.0123281437954745
25 13 8 14 74867 0.9767730167700195
4 26 13 15 54616 0.9342850367501719
4 4 24 3 78781 0.9743097148547071
26 3 28 11 29506 1.0296262454393976
23 4 22 26 77411 1.0003353541789932
29 25 5 1 142637 0.9522526404381209
16 5 22 24 73803 1.02280995818099
4 2 10 24 86216 1.0149591902255157
24 26 7 3 113020 1.0519999807588778
12 18 23 23 49583 0.9524111720130899
28 28 29 0 102402 0.9990611590980163
11 7 20 29 86231 1.0035789660479995
18 16 28 2 72870 0.9807442222804946
13 13 8 28 57388 0.9241180025458355
24 24 1 10 119742 1.0579677504570184
10 16 14 10 29003 1.0390584464827441
20 27 15 18 44393 1.0747699045416035
25 18 0 17 87309 0.9320606400912141
29 1 6 28 141662 1.0174850736181849
10 27 14 0 89664 0.9860859705956886
29 11 6 8 89197 1.0394882895979465
26 27 18 14 64212 1.033334193177534
8 26 13 10 51782 0.9095662965509648
10 6 4 21 68058 1.0464101828429992
27 29 9 19 78412 1.0308748393018534
15 28 0 22 60469 1.0686486141135603
29 21 3 19 108908 0.9070880134599585
24 5 25 29 83861 1.065791489286391
5 5 14 17 66160 0.9618065801361438
12 17 11 28 35689 0.9562956259748515
4 7 4 17 34279 0.9755403061597561
10 17 26 29 79566 1.0578529397139564
18 6 5 15 76334 0.9408624217508528
3 6 26 1 99159 0.9253487114132125
28 9 8 26 103215 1.070489081279201
5 6 8 17 50848 1.08933689557797
27 27 24 18 33227 0.9348381972373612
15 5 29 8 59483 1.016433686523329
15 29 29 26 52802 1.0265531861210433
28 9 19 7 39259 1.065679398422351
6 14 25 27 91110 0.9104568812663665
0 0 5 22 106853 1.0797123538841895
22 24 29 13 64215 0.9640773803934835
20 20 19 29 34794 0.9907320473345487
6 21 14 4 72283 1.002177188061359
16 13 22 3 51804 1.0597510718189813
18 9 10 25 71859 1.0518696748254996
4 19 8 28 51422 0.9444998297117754
13 18 21 4 61014 1.063489194671089
9 15 18 24 53785 1.0353485625386682
8 5 24 14 84715 0.9820139146570515
3 29 0 15 57920 0.9160111021179878
9 21 25 19 61661 0.9294673461533032
18 28 2 19 80248 0.9925832460779492
20 16 16 27 45906 0.9281252637176771
15 24 21 13 51087 0.934793023734632
27 25 29 2 85863 1.0647269100277836
8 15 18 3 67796 1.0768624147329768
6 29 26 0 136193 0.9537916411239854
23 6 28 16 54652 1.0828323268507603
29 3 18 29 115021 1.0284700413756789
24 1 16 5 38461 0.952220406862308
0 4 22 7 91748 1.0371822833018838
10 22 25 25 55008 1.0638203424120145
9 1 20 7 50540 1.0084972734451254
1 26 6 0 102887 1.0607941184018164
22 17 22 4 49035 1.0679560071276877
1 24 24 13 105372 1.0660471034714232
28 22 16 29 62897 0.981351652383371
6 3 18 18 77572 0.9715518784205115
12 10 1 17 51215 1.0926199746339724
9 2 14 29 88020 1.0757987946521226
13 25 20 2 84221 1.0778333891759748
1 2 27 17 130488 1.0710729759270636
27 16 20 21 38436 0.9638826111349434
23 11 19 4 32226 0.9904687442286475
12 22 24 3 88848 0.9046643699428903
14 22 9 0 76805 1.0247657782368256
4 6 21 5 72604 1.0590639066759948
5 26 15 8 79152 1.0758396373833603
29 12 20 14 48015 0.9030874736067297
11 11 8 22 43374 0.9518489704406737
15 10 19 19 47582 0.9235299698965546
10 4 0 0 58685 0.9640560855028257
11 21 3 11 62052 0.9982013082532204
29 11 17 4 58217 0.9993463552183633
22 1 29 25 96945 0.9981646802588884
8 15 16 17 36997 0.9550054212631873
24 9 22 1 43037 0.9656345983455393
4 1 16 22 97615 0.9500995465550476
5 1 17 14 81103 0.9254238337841962
24 27 2 8 117102 1.0093100196691702
28 2 9 29 127032 0.9028676003750602
25 15 13 7 63895 1.0743796126871121
5 16 19 11 73087 1.046081315978851
27 17 12 2 89655 1.0549456376946953
3 18 18 6 84559 0.9340920110946473
12 7 22 12 46092 1.0885243066268602
25 5 9 4 59115 1.0027400548531658
12 12 23 14 56326 0.9973314097170505
3 29 13 1 104633 1.043326232170003
22 9 26 16 31782 1.0970412057569414
3 20 29 11 119599 1.087927269479775
24 6 28 20 59307 0.9986857278731012
10 24 29 22 73231 0.9181387883708497
12 1 11 27 72183 0.9635578863304886
28 15 12 22 75956 1.0904653371774975
27 21 22 7 59749 1.0400017358671345
14 8 20 29 90843 0.9177487734754374
23 17 17 3 58970 0.9909868642603984
28 19 15 17 53958 1.0189724899995265
2 29 5 17 51889 0.932626577631806
21 16 11 16 34671 0.9189825231696783
15 0 18 7 39560 1.0547449546708831
16 14 5 4 70579 0.9969596717489496
3 8 24 8 91316 1.0445101672538402
10 9 14 20 45206 1.0314864193690254
26 2 15 26 98934 0.967056535913543
7 8 21 20 80321 1.026687383532823
22 8 19 16 34552 0.977071502902394
15 7 12 27 65668 1.03495521265355
6 6 6 27 76919 1.0227670911422129
16 10 28 14 56365 1.0401964627501772
17 24 13 5 71668 1.0189021952474815
2 15 11 23 50774 1.0704994381430737
26 15 20 22 40804 1.0006755540707244
14 6 25 28 102316 1.083549790434965
18 22 8 25 36544 1.0137896572714624
28 11 12 12 60501 1.0946436418880028
24 8 29 0 40514 0.9212015300556237
13 9 29 23 97596 1.0670183178601158
18 16 0 11 86997 1.0283165091844306
14 8 6 5 42367 1.0564572671070203
2 15 2 26 41242 0.9606914789626113
26 6 8 4 67967 1.0798660419396937
15 12 2 1 80405 1.0658439463147173
18 3 2 19 98277 0.9311086326755158
11 20 5 8 54341 0.9932644590874302
19 19 9 2 79401 1.0376337904893862
6 6 28 4 84358 1.0412454865067229
1 2 19 24 121744 0.9908534969654642
14 22 23 29 57653 1.0304096937098763
15 6 3 9 58438 0.9430589845061692
9 18 27 13 85087 0.9567292968792676
5 9 19 0 83952 1.0557740462815275
27 2 13 16 83966 0.9113976770005818
1 26 9 7 78569 0.9367897606075755
5 9 28 16 98273 0.9117963926765155
27 13 19 19 54885 0.9171315137500039
11 1 1 22 91450 0.9459678655601333
23 9 12 2 62634 1.01842051734746
18 7 2 20 90424 1.0804166812646925
9 21 24 28 60842 0.9108766020453823
8 0 8 24 79385 0.9818890749133403
0 22 27 9 125366 0.921666787024957
8 27 18 22 41845 0.9657042277500709
9 7 19 18 58663 1.0374310530468065
24 5 28 25 76804 0.9503411447445413
26 21 2 27 79068 1.0180651629778799
28 5 11 5 64535 0.9768249284695001
8 7 10 24 59221 0.9302154119549813
18 9 16 20 50526 0.9619138101501895
3 8 1 17 42347 0.9267663218569473
15 12 3 8 59327 1.037215650779339
1 16 8 4 71243 0.9255890596610894
12 7 2 10 47040 1.0470098799838201
0 19 14 19 64107 0.920640022500449
10 15 13 24 37429 1.013108860352285
15 29 24 17 68388 1.0443139660726304
3 0 21 3 79706 1.09797725385042
3 18 7 5 59865 0.9188718157243373
24 8 27 22 58717 0.9020543094368673
13 6 20 15 54038 0.9947399174807448
5 17 29 28 97863 1.0772939599279368
8 27 19 8 86413 1.0354520765451771
21 6 17 25 70822 1.0603739436482906
4 16 16 7 67202 0.9067893208605364
1 10 15 1 83037 1.0946760170150804
5 27 23 18 74969 0.9560091475877934
23 12 8 26 83023 0.9823409552294411
20 17 16 7 43541 0.9227772845553618
21 6 14 16 54177 1.069021610715198
15 16 22 23 43766 0.9632118545240201
5 13 11 29 69277 1.0397595387052831
19 23 2 16 69328 0.9820100578889576
21 28 9 23 45054 1.0200128250158544
21 15 8 16 53847 1.0423458021415695
3 3 13 0 46813 0.9261443015772592
5 21 29 8 116046 1.070923553394504
25 26 1 29 73706 1.0483259806864538
10 15 19 19 47635 0.9774649685984665
17 6 29 0 57273 1.0401748674024738
7 7 26 25 105281 0.9776717907778376
29 20 14 21 63830 0.9737480018324196
15 26 26 10 77758 1.0737700694353403
28 6 13 4 55223 1.0289389393501107
12 11 7 2 38776 0.9951598984040889
20 19 27 16 34445 0.9662180879643048
2 2 12 16 68998 0.9457718015479759
18 18 2 22 67683 1.0417744369952968
14 22 0 9 89611 1.012121997122432
6 21 17 3 85625 0.9211623312433044
14 3 4 15 71932 0.9049761142485094
18 20 8 24 43584 0.9435120154833434
25 2 2 19 119653 0.9520889902600432
3 13 2 0 57097 1.086883046208704
6 0 11 9 47497 1.0328700493175476
22 25 5 29 63809 1.0951268878882978
18 18 16 2 65485 0.911426176864733
10 0 15 15 54648 0.973980815667763
16 13 5 22 69428 1.0243088212291296
4 17 0 3 65930 1.0982570020581939
20 6 6 19 78212 1.0761814265621406
19 2 12 25 86535 1.0492018501123253
10 7 5 17 46138 0.938147026554492
21 10 22 26 56624 0.9612395246862326
17 26 7 5 86293 0.9655068119786727
8 12 23 28 89778 1.0563236020582805
6 21 26 26 71024 0.9266286283829032
27 16 14 12 67775 0.9369413206708199
16 20 8 3 68522 1.0086346514834101
22 6 11 26 88356 1.0923360285622057
14 18 22 24 42285 1.0868138900938795
12 27 22 14 66286 0.9496193152132892
25 7 3 13 101020 1.0660550388089405
1 19 13 16 49623 0.9422131525246447
2 22 20 4 107404 1.0711949877120988
28 11 6 8 85487 0.9523443777824497
21 16 28 23 50891 1.01890909869498
4 26 8 19 38569 1.0201033677468723
