3869 3590 4880 3214 1818 2976 2355 4758 3566 1634 2220 4190 3697 3943 2259 2458 2987 3465 2274 4980 4937 5017 3065 3916 3689 4008 1978 2455 3840
4437 4510 2992 3385 5474 5454 2842 3383 3628 4430 4289 5325 5209 4511 5678 2929 4800 6371 7332 6774 7169 5075 7202 7836 6614 6547 5274 6024 5455
6486 5872 7718 5340 5950 7575 4956 5576 5612 4469 5451 4110 5801 6605 5586 6159 6865 3963 5304 6153 6884 6072 4763 5491 4505 6592 3840 4454 3756
4821 4066 4136 4611 4684 3251 4216 3251 3381 3684 5678 5537 4897 3941 4932 6496 4621 4058 4496 5202 4677 5639 3930 5642 4728 5910 4933 5630 4191
4929 7625 5236 6044 5541 7944 5522 6203 3854 5413 5293 4434 3857 4843 6216 4931 4311 5784 4295 6609 4035 6766 5237 6132 6199 5491 5953 6445 5592
6554 6542 4472 4291 4480 6629 4443 6924 5853 4929 6106 6202 4182 6781 4497 7017 5540 6429 6479 6132 6415 7244 6845 7730 7304 5455 7175 7615 6416
3357 2839 3861 3090 3588 2962 2237 3323 4263 3486 2969 3076 1849 4682 4963 3119 4537 3425 3465 2534 1832 3831 4076 2412 4393 5299 4715 4454 5303
5743 4508 6680 5629 5269 5568 7028 5398 5058 7661 5169 5171 4595 5261 5158 6753 6846 6387 7159 6897 7195 7597 6101 4789 4460 4703 5380 5566 6101
6668 6594 5915 6026 6661 4281 7445 8631 5914 7729 5934 6693 6286 5668 6919 7074 6684 5578 7829 6472 6925 8608 6922 8088 7147 5891 8509 8104 8514
4225 5866 3381 6385 5410 6319 4304 4826 3627 4238 3791 4523 6244 5260 6319 4230 5744 4796 4247 6353 5462 4221 6048 4501 5553 5011 6091 4539 4925
4499 3744 6182 4429 3462 6238 3807 3952 4407 3779 3272 4476 3919 5137 5577 6164 3683 5567 6179 4903 5704 5757 7884 5765 5148 6268 6055 6286 7850
6566 3517 4099 5120 3468 4327 6087 6124 4781 6078 3361 4495 4666 6527 5670 4572 5457 4395 6473 3607 5427 3619 3592 5861 5630 8065 7903 6479 5682
3860 6606 6178 6437 5230 3960 5608 5807 4624 5749 4311 3681 4976 4983 3681 4747 3901 4363 6449 6670 5663 5623 5307 6260 3721 4668 5189 5004 2797
5719 4734 5445 7373 6396 7585 6584 6162 4797 7305 7520 4461 3935 2697 4374 4689 4360 3216 1509 3887 2652 3000 4004 3466 3021 4253 3629 3265 2701
4756 3984 5622 5992 6516 6453 5035 6273 6364 4975 3705 3756 4991 4767 6518 4846 4471 6410 6148 6670 8792 6908 8487 6784 8021 6887 6358 6875 6234
4378 4532 3444 5838 2855 4274 4144 3201 3894 3106 2957 4900 3518 4137 3923 6060 5845 5631 3620 3960 5943 3440 4767 4810 4262 4188 5925 5865 5180
4989 6239 6924 5030 6892 7318 6938 7685 4991 6578 6406 6433 6149 5565 7692 7473 6255 6405 5261 6628 7892 6713 5471 6381 5630 5655 7656 7791 4886
3805 4093 1765 3816 1963 3086 3414 1777 4432 3861 3352 3847 3316 2976 3357 4932 2638 2674 2696 3216 1736 2458 3739 2484 3297 3317 2280 3455 3807
5334 5517 6076 3908 4156 5414 4972 5214 5517 6587 4743 4766 6487 5489 4610 5063 4336 4488 4543 6781 5124 4999 5714 4708 4427 6948 4505 3853 5066
3383 3845 4660 4047 8659 7644 7388 6912 5531 6775 6047 7017 5421 6456 5833 6719 7208 5866 7065 8237 7981 5658 8291 8316 5688 6112 8109 8072 5472
5595 6513 5899 4401 4991 4964 5260 6517 7399 5812 6109 6087 6734 4947 4467 6375 5663 7753 7777 5203 5617 7899 5669 7155 5897 6812 6816 4948 5388
3096 3014 3243 4565 2440 3875 2033 3518 2862 4799 1581 3916 1950 1495 3741 3696 4311 4235 1882 2299 4241 2074 2411 2194 4067 1561 2970 2762 3802
2360 3773 4337 1568 4287 2473 3533 2705 1337 1988 3124 2300 3760 4288 1729 2584 2864 2405 1219 3945 4245 1944 2724 2883 1211 1632 1366 4086 2505
5125 5943 5599 4937 5810 5632 5658 4203 5322 5335 3547 6211 4005 3316 4706 3261 5473 3141 3819 5267 7702 6132 6899 5859 8099 7935 8191 6382 6686
2174 1929 2571 2490 3097 2148 4272 4690 2373 3429 4103 4307 1852 4007 3958 4693 1596 4663 3204 6179 3676 4437 4955 4055 5643 4033 3503 4697 4802
3002 3466 1813 4144 7057 4554 3814 6236 4113 5566 6140 4088 6620 5686 6573 5211 6054 6137 4604 6407 4832 5129 6336 5253 6208 4555 6300 6088 6503
7401 5542 7185 6995 6696 5907 7437 7482 6957 4989 6518 5986 6709 4570 4408 5302 7403 6520 6842 6378 6907 5648 5408 4571 4998 5939 5279 7270 5479
6876 6758 7483 7464 6257 5843 3100 4845 4472 4191 4749 4849 4168 2569 5036 2848 3184 2977 4707 3432 4223 3333 5325 2272 4165 4583 3084 4311 2879
4450 4344 6176 6477 5358 4390 4136 4895 4149 5156 4027 3639 4927 5223 5337 6141 5019 4242 3497 5829 4986 4636 4558 3762 5359 5574 6534 8507 8604
6272 5242 6381 6006 3863 3683 4714 3142 5533 4201 4972 3944 3589 4388 3988 4442 3600 5445 5970 5257 3775 5629 5343 5947 3976 5645 3338 4651 6580
5296 6499 4824 2381 5995 6375 5129 7603 5945 3943 5721 6125 7573 4430 3504 5819 5941 6989 4431 6235 7365 6277 4550 3632 5610 6533 3294 5850 3172 3526
4371 6065 4790 4211 6422 6750 6936 6764 3195 6411 5067 6844 7130 3270 6780 5637 6582 6445 2023 7421 5327 5542 2475 5952 5014 5720 1360 8428 4738 2603
6345 6066 5733 3958 6698 6161 6541 6827 4735 4384 5637 8051 4819 3668 6473 7281 5836 6861 2190 5244 6055 8464 2818 4951 5372 7669 3071 6982 3585 2650
4531 6334 6746 3871 6753 5927 6189 8533 5753 4370 5185 7988 5424 2712 5024 7114 6892 6600 3765 5825 6035 7081 2512 6156 5492 7144 2133 8432 3990 5764
6745 5701 4683 4096 5435 5567 7371 5876 5291 6164 5701 3573 6978 3103 5556 6961 4211 4694 2839 4951 5994 6942 2131 4680 3621 7493 1209 7408 2493 5611
7565 4862 4660 6462 7355 8508 7694 8735 3434 5897 3860 4800 5859 3282 8048 7523 5903 5983 4583 4951 8072 5345 1332 5453 3249 6413 3699 8556 5513 5502
6013 5316 7719 5582 5625 5503 4995 7717 3999 3716 3919 2255 7692 3242 5193 5017 4684 7128 1898 7682 6567 7473 1758 6250 6233 7241 3208 8419 4834 3611
7330 5449 7856 3625 7074 7649 7245 8681 3577 6468 5970 5049 7714 5322 5249 5925 5262 6025 4433 6079 6864 7557 1431 5768 3668 5943 2556 8220 2831 2719
6383 4170 7026 4989 7370 6799 6488 6459 4334 6204 3408 3647 5962 5875 6816 5896 6156 7168 2614 7205 7583 8160 3221 4763 4544 6098 6545 7511 2671 3787
8588 5729 5894 5676 7665 8180 6461 6207 4771 5546 4728 4788 5288 4287 7842 6233 3648 6384 3364 4551 5585 8419 3602 5867 5220 5448 5801 8017 5228 5063
8333 3830 5564 5198 5678 8397 7114 7297 3661 6937 3465 2333 4689 3632 8028 4843 8039 5516 4314 7455 5518 6411 3467 5248 5833 8148 6207 8659 2988 3657
5868 5796 7952 5656 7804 7343 4952 5480 5332 6045 6458 4423 5211 4204 8189 7977 6110 7117 3184 7303 5890 8303 2748 4531 3833 5627 3369 7832 5590 4062
8339 6281 7217 5395 5535 6929 7566 8351 4529 6906 6527 4806 7375 5997 7552 7977 5749 7536 2671 7229 6841 6987 3289 5306 4725 7459 6195 5872 5302 2748
8901 7230 5543 6680 4726 7348 4322 7329 3621 6344 4534 4701 5045 6095 6467 5849 6615 5163 3244 5894 7595 7987 3406 3438 5184 6964 5614 5845 2987 4430
7520 4901 5464 3830 6723 6200 3748 6101 5012 5394 3887 4975 5616 6563 5510 5089 7812 2964 3418 4802 7363 5995 1702 5608 4138 5308 3584 6382 3504 3177
6211 7595 7835 3976 6328 5819 3104 8339 5593 3156 4391 3027 5781 4420 7243 6103 5389 3472 3380 5029 7841 6348 2911 3817 4223 5408 4984 6108 3019 5333
8603 5028 7487 5445 6826 5973 2145 6728 2970 3880 4132 3558 5928 6115 6629 5781 5855 4594 4398 4670 5106 6053 3663 5760 4448 5999 4054 6523 2659 3395
5715 7373 6121 4346 7803 7239 3006 6254 3016 3222 3611 2082 5202 6542 8023 7554 5382 3858 3993 7681 8322 5484 2107 5987 3727 8306 5727 8304 4205 3006
8136 6219 6665 5239 5248 7945 2450 5061 4098 3726 6450 4776 4739 5346 5645 6277 5810 4896 3744 5906 6131 5876 2075 6642 6535 6801 4252 5702 4136 3844
7302 5651 3642 5760 7615 7247 4352 7637 3080 6114 6140 2145 5410 3524 5251 5207 5787 3044 3767 6468 7808 8111 2984 7586 4753 7198 3366 7013 3503 2769
6150 5964 6707 4974 7550 7711 3067 7676 3366 4296 3740 4728 5577 5191 5569 7031 6497 2924 2379 7619 5623 7353 3394 6726 6151 7756 6348 7104 2426 4285
7497 5516 5363 6343 5579 7879 2452 6691 3869 4094 3902 2574 5202 5512 7716 6721 7680 3529 4760 6693 7940 5611 2465 8233 4423 5960 6024 6689 5283 3161
6110 6987 4671 4614 4708 6009 3031 4769 3711 4668 5438 1817 7400 5671 7670 7166 8368 2690 4405 6095 5765 7763 3756 8459 5819 7095 3697 7464 2545 2607
6303 7770 6288 5050 4959 5134 3205 7933 4499 3986 3604 2803 7878 6700 6312 3207 6761 3546 6989 5078 7122 5761 2049 8404 7186 7593 4109 5768 7007 4226
6444 6176 5673 6716 6367 3138 2463 6213 4002 4415 5507 4502 6207 3689 5242 4398 6669 4452 8515 7189 7474 8307 2350 7145 4221 8300 5932 5870 6939 4275
6750 6448 4251 3552 7657 4945 2939 6386 4894 3834 4804 4462 7294 3877 6813 2850 8388 2276 6314 5946 7953 3770 3960 5932 6009 6696 5247 6322 6449 5201
8336 5535 6706 4571 6044 5700 3480 6526 5191 3045 4716 3977 6702 3551 8124 4122 7993 2918 6149 5788 7337 3705 7305 7077 4920 7893 3679 6298 7620 4951
5651 6571 3900 3573 5430 4310 2453 5546 4023 6064 3847 3665 5885 4092 7513 3165 6519 3312 6869 7238 6082 5472 5557 6501 6631 7406 6403 8541 6540 6322
8077 5218 5282 4069 3400 4431 2082 7487 3133 6130 3921 3265 7080 6713 5812 2703 8175 2845 7966 4587 5478 5879 5685 7408 5304 8694 3884 4398 5957 5719
9 19 26 15 72918 1.0669630948253404
10 23 1 20 41408 1.038300916291544
4 6 25 17 119248 1.0195239965865457
23 11 6 3 87602 1.0696507262948984
10 28 22 15 76852 0.9003149741280606
15 9 5 5 59760 1.0069954706413589
10 9 28 20 101466 0.9111049124947965
1 24 16 12 91186 1.0561017980839789
21 13 26 0 54751 0.9173188455182942
0 20 21 13 94642 0.9205996805946786
19 4 28 5 45050 0.9865961658805873
3 4 19 18 110488 0.9637500536861183
11 8 0 13 56248 1.0734382449688316
9 4 5 12 51832 0.9288453866239741
26 21 29 9 56026 1.0744254582553616
11 27 29 21 88673 0.9089096260158961
21 29 26 21 36622 0.9485405901114883
27 13 25 4 47755 1.0059974089615016
3 25 12 27 45826 1.043282766710198
12 24 24 7 87400 1.0632459931150378
26 24 14 9 87007 1.0248529344725383
20 2 17 22 77434 1.083454407242389
19 25 3 23 62281 0.9068680599888123
15 23 14 1 93116 0.9349774423570566
15 7 19 28 80502 1.0506454551789397
24 25 14 18 54616 1.0900756188809235
0 10 22 21 102879 1.0937457136639854
13 29 29 22 77129 1.0441427670215946
15 16 24 29 62927 1.090546604503936
4 28 27 19 105992 1.0304182088975418
10 2 22 27 117528 0.9092929569296709
2 0 22 25 146765 0.9215569478249653
9 10 13 23 62346 1.026724081363807
29 26 18 17 68740 1.0418734058990946
17 3 6 18 86359 0.9573825725944343
27 9 1 26 126604 1.048385373730106
6 3 25 19 124602 1.0818421731813144
7 4 16 14 83330 0.9345899723072336
1 3 29 3 134741 0.9566949438830803
17 21 28 17 47767 0.9347139015949948
17 7 28 18 66616 0.9718826953405385
29 28 12 22 77386 0.9780675722153719
11 17 0 17 44314 1.011292491668221
22 20 4 17 73931 1.075719234088819
8 7 0 21 79260 1.066598715356923
20 2 2 3 92326 0.9379813191069503
14 27 0 25 62129 0.9776130989558335
12 2 9 21 104327 1.0451060017750884
21 8 3 10 81592 1.0110778452969436
19 27 22 0 92553 0.9303466034597963
4 18 3 3 68499 1.0645870955135768
18 23 11 16 46258 1.0565636609855709
27 5 26 23 79954 1.0027045147169464
29 25 25 15 54833 0.9616688843578729
15 26 6 13 75039 1.010676532028383
3 10 28 25 137694 1.0363078800456418
7 0 1 8 53678 1.0856080783526152
28 18 18 13 53885 1.0171644806901623
23 19 11 13 68947 1.0303770084714337
5 3 23 21 123623 0.9186044790843945
23 1 24 28 90703 0.9794005654756509
11 28 7 0 123202 1.0217761876090625
14 12 8 17 50041 0.9826923881491707
7 25 16 9 89729 1.0099810810404846
1 9 29 9 124343 0.9112680409643886
4 21 25 10 99965 1.0823561899530167
6 23 24 13 82547 1.0342619279481073
7 5 1 18 65794 0.9748886756220272
11 12 24 18 74688 0.9044267584586431
10 2 21 8 66841 1.0871552897383114
3 9 28 6 101277 0.9846074925185786
10 4 28 21 121542 1.05205661917372
8 0 22 15 106626 1.0544554364444712
2 24 24 6 113476 0.9661849389306281
13 16 16 3 63376 1.0124499363981503
27 21 4 5 135610 1.0489403704265396
19 7 9 6 52256 1.003392680889124
14 0 1 13 101986 0.9559922397078887
1 18 11 26 63689 0.938634271867369
4 18 29 21 95417 0.9275157506264041
4 15 24 4 106189 1.05038429129374
22 20 13 3 81834 1.0914962585936936
9 18 13 29 48920 0.9516919701030606
15 7 10 23 75790 1.0685347419543412
28 5 18 15 65443 0.974182783711407
6 25 28 13 102473 1.0949598038600672
2 29 22 19 92699 1.0919464236376306
0 8 21 18 101051 0.9741141210625212
9 5 19 27 121534 0.927345478016654
27 29 0 12 132192 1.053269522295665
10 1 19 5 62783 1.080017901896037
29 13 20 26 68962 0.946765202287839
5 28 6 5 87415 0.9481057622754888
7 25 6 16 36732 1.049097161209278
1 15 12 27 81505 1.055302956908167
15 9 10 17 55917 1.088381247044039
17 21 12 13 46434 0.9870453645320095
7 25 0 13 63713 0.905331459772395
0 26 7 6 89082 0.9457712477977136
10 4 4 11 53029 0.9779410934210141
11 18 21 23 41556 0.9877261480613748
19 27 2 20 81718 0.9942993474702303
27 15 24 5 45896 1.0987210464722856
24 15 20 29 50136 0.9445827183195544
15 12 26 13 46135 0.9495718974690431
17 27 13 7 80300 0.9043811942070805
25 0 11 26 119719 1.019294781204718
16 26 4 4 120566 0.9113660412620193
22 1 26 23 77931 1.0700839844474896
13 8 11 16 47391 1.0344384657983667
21 6 20 17 36826 0.9148954837020774
4 13 1 20 43453 0.9589890834478703
28 0 7 27 157734 1.0202419829135636
18 9 12 2 52729 0.9175164951247422
14 12 2 4 82638 0.9665308539368844
28 22 27 8 60295 0.9854470545152321
10 5 29 27 142597 0.9611546533914864
20 21 10 16 57214 1.0152328980094811
10 25 2 27 36720 0.9289228357601877
7 24 25 13 91292 1.0559857348588604
4 26 8 2 99441 0.9309958350358583
27 0 0 12 143601 0.9370884288697685
24 10 15 0 64502 0.944291978960149
12 23 18 6 73966 1.0021514985406879
4 5 3 24 86175 1.0981766944946818
18 21 2 6 114405 1.0514722675941368
23 5 14 6 32806 0.910952095801523
11 17 4 28 66035 0.9081455685004998
19 12 26 2 55402 1.0759734225120847
10 23 27 27 73782 0.966434769396367
19 29 16 19 41309 0.9498522489342592
0 6 1 29 81217 1.0566904265604584
14 16 4 26 64502 1.0571552183522885
27 17 10 8 88003 1.0241945238648904
11 27 24 18 79310 0.9973619893009272
29 25 2 1 178728 1.0274101255782566
22 28 15 4 85577 1.025520471963375
26 1 7 23 123631 1.0676950642818763
5 2 19 18 104745 0.9827694469197534
3 22 13 22 25491 1.0878323535192966
4 29 0 4 97028 0.9577145161714277
4 7 29 2 121271 1.0412307113097765
12 17 18 27 52833 0.9665271534752035
14 29 13 10 75069 1.0221173153823186
28 12 28 27 69298 1.0046752599382625
29 27 28 9 84120 0.964590984666318
25 6 16 2 42143 1.0161622794949337
24 10 7 9 77761 0.9288896638588455
18 2 3 12 93990 1.0188302244054444
25 28 10 9 112138 1.0506930829406382
17 27 6 28 45068 0.9951133243042686
6 18 26 26 83320 1.050117170525911
22 8 1 10 94520 1.0551301509445192
24 3 10 7 66056 0.9852550046853601
21 20 5 13 78990 1.034893990225126
25 24 17 28 45074 0.91152425013948
27 3 7 28 141156 1.0345561820094222
15 1 13 17 71736 1.061593838321727
17 10 12 18 44203 1.0440324137816417
6 10 3 21 51896 1.0566229542275436
5 14 22 29 95393 1.0941105723395428
2 4 23 26 140563 1.0493433867540416
1 3 10 20 90398 1.0240053593809608
13 10 0 6 74715 0.9559816088970033
25 2 18 5 39950 0.9126249823271768
12 25 15 17 38307 1.0546232128418394
18 12 17 0 42212 0.979402506565102
24 3 8 23 105897 1.0727695418575958
12 21 28 12 85915 1.052671949061959
11 15 25 6 83601 0.905188374778393
17 23 11 27 43971 0.9549904557211217
29 13 6 22 94139 1.018076149271543
8 18 24 0 102369 1.042177815315119
14 0 5 2 56056 1.0395843513796554
16 16 7 17 48037 1.0547264452552845
4 13 16 2 88435 0.9184975962414326
26 5 11 19 94372 0.9525348693012787
5 2 18 10 80959 1.040575244854482
5 15 22 10 82261 1.0182714512021418
12 24 9 10 70537 0.9280806290389739
26 2 3 21 126273 1.056833174449928
0 5 27 24 143096 0.9029089732942299
4 24 9 19 35804 1.0865713359680471
8 6 16 22 89844 1.0216853956533913
20 20 10 5 99377 1.071604710596932
26 21 0 19 92029 1.0319467006410612
21 9 25 23 54728 1.0957692504692051
23 13 4 29 114064 1.0542711391018003
8 6 3 17 62530 0.9765747419651022
3 8 23 9 85311 0.9049229889408644
21 18 1 18 66201 0.9313117742004766
11 4 26 9 73437 0.9282911586839729
20 17 5 26 75655 0.9959383997913192
12 16 25 28 77083 1.0062277555153802
28 12 10 27 113218 1.0523953765111767
3 21 19 29 72041 0.9633967315912983
22 23 15 29 39476 1.0517875764511717
26 3 18 12 55700 1.0762316090198703
21 16 2 28 95386 1.082507823903243
24 16 15 15 45537 0.9598026149781058
15 24 24 25 48208 1.0097240201275184
8 26 1 17 55377 0.9461501067905222
14 11 8 2 65692 0.9367405723366051
29 7 26 16 49049 1.0306251609665178
6 0 17 12 83384 1.0653011934198373
10 15 25 17 70766 1.0805466655227607
22 27 18 10 60065 1.0998413507707965
18 25 5 26 65454 0.9545015042967819
5 11 28 12 89532 0.90189328532286
15 22 5 0 105477 1.0273680394072844
14 26 5 13 75544 0.9622453881497928
24 19 10 19 61823 0.9480576409564444
25 12 4 20 100794 0.9350195443655932
27 24 29 1 99990 0.9318282633405627
13 27 3 10 92917 1.0481617385518507
8 28 22 18 76898 1.06651279476876
13 28 21 26 32171 0.934023019150588
17 26 25 22 34017 0.961278914064451
3 0 12 21 111804 1.0552251086157105
7 9 3 19 51505 1.065303182558895
21 0 10 27 127323 1.0843519502164158
16 2 5 22 101329 0.9744326766458086
20 27 23 11 55872 1.007514852079785
23 0 24 20 74038 1.096087947562896
19 25 16 14 51514 1.0607154920870006
26 0 25 23 92300 0.9320744497438086
15 14 4 11 57402 0.9358537890922729
24 19 18 24 41437 0.9827999045782866
6 17 15 10 61820 0.9275927345600156
22 22 7 1 119470 1.0020363430438848
24 14 16 26 60157 0.9812526653519155
28 7 1 25 139172 0.9584505294597595
2 21 21 21 58697 0.9156767014376296
12 23 27 14 74011 1.0336046114286568
18 24 11 19 40322 0.9345553915097546
2 24 27 17 92910 1.0246860781611002
12 16 1 14 60519 0.9354172497517605
2 12 13 4 84797 0.9611867737900066
27 3 9 20 118520 1.04656434885733
2 15 11 11 47953 1.0423155150574188
19 6 17 19 48728 1.0684421835628357
12 29 20 1 118484 1.0197146130935721
27 25 15 6 95583 1.0056126691753764
10 13 16 5 56688 0.9410956030858139
22 7 6 4 79643 0.9329470056376684
7 1 29 8 108382 0.9110939577333476
23 20 7 2 123582 1.0136031557305403
10 28 16 22 43537 0.9207371842170875
12 26 14 9 72384 0.9830467716756678
1 26 15 28 56576 0.9126985690919076
7 22 22 28 56367 0.9179443941443435
28 4 27 19 63896 1.0183997079682747
0 5 7 14 54364 1.0258675331166178
19 4 17 25 78026 1.090660143874944
9 17 27 18 72553 1.0607264800364775
27 28 0 2 164645 0.9928042374990557
20 6 7 16 91189 1.0588702932646559
1 28 23 28 84030 1.0218448976446326
8 27 6 8 78484 1.0625497169330904
7 15 22 17 73941 1.0182120316883014
10 4 21 22 100552 0.9960936695556425
4 25 0 17 50596 0.9141457957768143
1 13 16 11 60964 1.0342036704129947
17 8 20 0 42831 1.0969855981112226
25 29 13 5 107716 1.0924095916783902
0 0 22 15 135180 1.0798590499724763
9 6 22 28 112611 1.0479488361489093
28 0 25 7 43881 1.0392216674216204
27 25 17 16 59480 0.9516245785766576
13 12 11 0 67218 0.9704337281292202
18 10 2 27 102001 1.0573733531418905
14 10 8 29 90481 0.9979405453615935
19 7 5 13 75116 0.9757399254052579
0 26 0 5 72394 1.0366387098788907
29 20 14 22 57186 0.9833593760164085
7 25 13 7 97672 1.057619548954592
17 24 0 4 111240 0.9821114241124702
3 16 24 26 92007 0.9989840844914278
21 5 23 29 69311 1.0338688944561012
24 0 2 15 122865 0.9232948766113609
1 18 28 22 96262 1.0118493947174527
10 21 26 5 100405 0.9646841197676617
11 7 7 27 99063 0.9313544528402691
14 21 6 26 46010 1.0771206736578043
7 25 29 10 118272 1.0518765790817048
26 23 17 12 60547 1.075969090360277
15 17 28 21 60102 1.0523948545409518
3 12 5 21 47896 1.0555147669193383
14 1 21 17 77870 0.9857841655209842
6 4 27 28 142873 0.9528546188431701
11 16 29 11 88711 0.9549015404489161
10 9 5 18 53024 1.0560971221742697
2 6 13 14 77182 0.9249457442230404
26 0 2 28 156618 1.0319136130167472
2 28 23 29 80673 1.066081654443556
17 27 13 5 86703 0.9561891409820465
2 1 29 24 174752 0.9959630103351844
15 28 4 24 61003 1.0970568732086292
10 17 29 9 102001 1.0948691691237527
9 0 28 19 132624 1.0465328749114087
6 15 14 2 87597 0.982631843164496
23 29 17 20 36233 0.9761492132369738
2 25 0 3 84532 1.0691229127797561
5 13 9 3 48321 0.9337794713277194
25 28 26 7 92579 0.9266823070900632
17 20 28 4 84368 1.030358986796477
2 27 2 3 92512 0.9805249728183086
16 9 23 24 69390 1.0931950936745922
14 29 16 8 81068 1.0023563790812666
2 2 22 15 122160 1.0398493804001143
9 6 18 27 109513 1.0773721888577459
1 6 2 20 58560 1.0826744060124822
3 22 18 25 51550 1.0652863259776648
0 7 10 22 76682 1.0249280089423163
12 4 3 7 63425 1.0067406088734934
28 21 9 2 135028 1.0161906224515946
27 1 1 18 140085 0.9786355964932679
21 1 27 11 49837 0.9971002086928322
13 5 24 6 42467 1.0019490737173786
6 22 7 4 65766 0.9560389187069811
13 10 0 4 79509 1.0120201139740168
5 1 17 19 102745 0.9949956883046328
17 15 8 24 60231 1.0885796057313126
26 15 4 18 85038 0.9912526694348912
11 11 25 1 78914 1.0789881084002748
2 0 26 21 157001 0.9436956405588905
27 8 14 13 64530 0.9328889816639917
29 1 1 9 137621 1.0865325439007125
8 18 2 14 42281 0.9926290743958
2 16 6 28 61216 0.9918585842885597
16 17 29 16 48484 0.9779146497296322
16 15 4 9 76977 0.901518819875774
26 17 0 14 101807 1.079723708121061
15 6 4 19 88204 0.913357168527802
3 22 4 10 55818 1.0483541463431698
29 5 17 2 49293 0.983182010381929
17 2 13 22 72994 1.083719263181801
24 13 15 26 69148 1.0186072845424528
18 14 11 4 68630 0.9215062810581441
28 0 17 21 104651 1.0477123262471093
28 6 20 25 80434 0.9211126360835391
20 26 21 0 85447 1.0933294699884835
22 18 6 16 63523 1.0354229169851346
18 27 25 6 83838 0.9713152937452358
26 8 5 28 129789 0.9473771746376859
26 26 22 7 67872 0.9012986003593048
27 1 20 5 47113 1.0205734400441595
15 7 10 0 53592 0.9766019272736833
21 1 7 19 110614 1.047650146489975
1 29 2 6 91270 1.0348845219994058
12 26 14 2 107516 0.9172297434196439
15 12 12 4 46315 0.9275300306592947
23 14 22 24 34212 0.9171256752032451
19 0 6 26 128398 0.9337638281517713
2 24 22 11 94553 0.9199514703327559
19 8 9 5 58036 1.0300320030687014
0 11 22 24 104322 0.9882143413467768
13 8 26 26 99481 0.919259553457509
17 1 29 4 57249 1.0930767856959769
25 22 6 9 96146 0.9581864170764364
17 25 23 3 79457 1.024277345992514
6 14 22 9 74371 0.9416246527444969
15 5 0 28 123776 0.9468373066181281
29 4 6 20 121055 1.0149352767775586
16 24 29 24 62297 1.0581519455349875
13 25 8 16 49948 1.0813078361214792
17 27 5 7 104704 1.0149746970257145
11 13 24 4 74186 0.9097054149218028
25 8 0 29 132802 0.929576091708755
17 20 0 8 93080 1.0917223746841997
6 6 1 29 94536 0.9475308260366808
22 7 14 19 63804 0.9411442091239133
13 19 15 9 44279 1.0111719668666825
17 23 18 9 48020 0.9069229830852894
17 11 5 5 71310 0.9631083398802706
2 18 15 1 110807 1.0492108259011248
4 2 8 26 98379 0.9818952301133639
17 5 25 1 43060 0.9018947726426986
14 25 4 11 82657 1.0152427404504567
25 8 12 17 78032 1.0212914476758324
1 28 22 24 87931 1.0841171967100873
11 26 20 29 42053 1.0664314448108065
22 4 14 9 43789 1.0005089392203295
14 10 2 15 65588 0.9241103699301145
6 16 25 26 86035 1.0788819513420802
16 28 12 3 106034 1.0451968214029215
4 17 25 23 83582 1.005223038400231
3 11 23 4 100168 0.945822329350871
21 6 14 14 53174 1.0301958431905058
6 13 7 4 33378 0.9579870636717112
27 15 9 7 93694 1.051971609242695
8 18 24 12 73854 0.9227335701870945
5 20 24 15 84241 1.0496170971102643
6 1 27 10 112204 0.9081875114795604
18 17 11 29 56890 1.044312028177236
29 19 25 1 82975 0.9870796771963319
5 11 23 5 85621 1.040299123977595
24 0 13 17 85301 1.0217088509644072
8 1 27 0 116857 0.9308046698782931
5 10 0 25 70630 0.9692689656680855
5 11 0 26 72584 1.094285740302894
10 1 19 9 66769 0.9208037289543402
20 24 29 26 46368 0.9359801318196042
7 12 20 20 89168 1.0712138748272109
18 6 25 24 75327 0.9822552503545271
12 26 25 28 61302 1.0805034543711605
22 7 13 16 61300 1.0144391178014966
1 28 20 2 146733 1.0467088177884887
28 23 23 17 41979 0.9772119281222025
6 17 28 15 86347 0.9753919149890041
23 5 1 29 137620 1.0898156936914316
13 26 15 12 59724 1.0565444420639851
21 6 4 18 95638 1.0646132095219962
5 24 9 8 69657 0.902317982365892
16 6 26 11 43743 0.9545236193481195
3 4 1 18 62187 1.0586118804203455
24 25 3 12 110894 1.0001496521988025
9 19 6 5 58083 0.9260737712918271
14 14 11 28 66684 1.0450022374445247
21 15 22 4 32908 0.9763763784184817
0 20 18 27 80039 1.0147258474319631
25 19 12 24 61425 0.9482918056613701
28 28 10 12 116905 1.0036649338119759
2 24 27 23 87870 1.0442748092894134
28 27 2 12 137916 0.913519499759595
27 1 21 29 100168 1.0251768616877885
29 21 8 5 136272 0.9475032252257114
27 21 22 27 30575 1.0100385878806648
20 10 29 14 44307 0.9792221494523001
27 18 19 13 43962 0.9419529538793101
0 28 11 15 77638 0.9722705707236672
4 3 24 7 100004 1.077678291883454
23 2 2 0 122716 1.0206463890258677
21 22 11 18 39145 0.9730749778089214
26 29 21 6 79138 0.9717080792085017
15 9 21 29 76821 0.9411646160883114
12 3 18 27 107872 1.0686037375582147
27 9 6 18 98814 1.0926177405776702
24 15 1 14 104082 1.0029967934736614
0 3 14 11 82899 1.0199229627445565
5 15 22 24 80096 0.9825616041871739
21 27 16 21 32274 1.077693298539097
4 19 25 25 87566 0.9230277066866812
28 23 19 1 104274 1.0120490364361348
18 0 11 29 115177 0.9913235819299748
25 22 8 23 56111 0.9398276115717733
4 8 21 10 77345 0.9842429690322612
18 6 8 22 81697 1.0382237981384603
25 19 6 14 91186 0.9724437906094952
2 15 22 20 91089 1.014753571306357
26 13 16 14 51418 0.9579772980212742
28 19 8 11 97021 1.0206596954516636
15 26 10 6 92694 0.9298047429301881
10 1 3 26 113667 1.0555973457890644
23 28 11 7 104309 0.9650992197192282
7 0 6 26 95481 0.9918301393543645
22 20 27 7 55999 0.9726266342847084
6 13 23 27 93891 0.908225881554409
16 6 3 25 104300 0.9765892450399781
6 8 27 1 103387 1.0967040234462233
15 1 24 27 105248 1.0272415308246485
1 3 16 5 83741 0.9230053548259096
14 14 11 22 40191 1.0502702979780958
17 13 4 26 78969 0.9031143791685023
29 2 21 14 61993 0.9147090167796398
12 0 21 14 82571 1.0483389567669876
15 21 4 16 57243 0.9546120831884999
15 0 20 8 45955 0.9587501224079469
27 3 10 13 93805 0.9571329094015364
22 1 27 27 94606 0.9854194883896646
9 10 25 0 89801 1.048189617402863
11 25 28 9 106620 0.9831730805414411
10 25 22 0 113265 0.9503680620236539
8 0 26 14 117464 0.9473731128491305
12 29 17 18 46296 0.9779290573398173
28 14 23 3 56840 1.090147872518952
13 24 15 3 85494 0.993177705966315
12 11 29 15 72741 0.9298520776946109
8 0 28 6 99433 0.9634013566675603
1 10 3 2 40137 0.9953496533355843
1 27 8 0 119557 0.9817436303510975
17 24 24 12 55348 1.0598989687167122
29 18 15 13 70173 1.0531147792629971
2 26 28 21 96746 1.0733443068187554
18 27 6 25 64139 1.0793049887712036
29 21 24 26 44991 1.0134590115855497
25 9 3 5 104430 1.0240608041006507
15 1 29 0 92537 0.9403845269302512
29 6 19 3 43719 1.0763981264386655
20 25 26 5 79330 0.9755905111301536
22 27 3 24 69586 0.9907529024925209
29 29 1 25 122974 1.0508244106346774
26 21 7 10 105478 0.9533397445864643
4 17 23 9 98354 0.9079776963157928
12 2 23 9 67454 1.076680360634322
9 26 26 7 121112 0.9727932746114508
22 20 28 12 46107 1.0013919294094014
19 16 26 27 62323 1.0308484119980308
15 15 16 1 58600 1.0170691673921053
2 7 14 16 88321 1.0370184240881302
14 19 5 29 70921 0.9577390507747492
14 2 21 24 92971 0.9534564560365533
16 27 11 8 90522 1.0463421257363106
15 20 25 6 75194 0.9685335919403234
26 24 21 8 63695 1.024799385037544
15 23 19 2 85133 0.9547687873097921
28 22 4 15 103310 0.9082136475542041
24 8 1 10 102730 0.9515890226072586
11 20 29 4 108711 0.9411513217939088
14 2 14 15 60744 1.0966337449393406
1 2 2 22 75146 0.9880760210020496
28 19 19 22 44495 1.093345524686163
25 4 13 15 77992 1.0273837866792062
18 4 10 19 83940 0.9592861878604534
14 28 7 1 119388 1.0782309695688268
29 6 0 15 123226 1.0586355527394307
25 29 25 8 77325 0.9208829418957886
24 14 6 4 97481 0.9473397471286781
6 8 17 18 73287 1.0843005251165474
5 5 19 29 125488 1.0680236375787777
6 7 29 22 126239 1.013949263704541
27 15 4 2 128490 0.9988183068680602
18 10 1 23 90339 0.9225117910013456
4 21 19 26 64243 0.997371498533079
22 19 4 13 83891 1.054735134188184
13 18 2 16 46683 1.036223203330069
4 6 27 21 133463 0.9717099523307932
23 16 9 7 86697 1.0019255298404983
22 9 1 7 91956 0.9961874982115888
5 1 3 12 55711 1.0737886940275663
3 16 28 5 123691 0.920501259067793
6 28 28 24 102869 1.0840810168138244
28 2 28 23 97652 0.9289382980780712
13 0 9 24 126583 1.0862648143341476
27 27 13 23 62909 1.006877604903851
24 5 11 15 83286 1.0450829969158835
8 10 1 21 66514 1.0682824872130117
28 20 12 5 103146 1.0963830674606039
0 14 15 25 81125 0.9387256585682386
17 0 0 7 101057 1.0755715042130776
7 29 15 15 80208 1.0941516421565218
13 13 2 5 77356 1.0698071207022801
4 20 23 2 119793 0.9916630456239809
28 28 17 0 122874 0.9981961634710653
2 27 7 2 104943 0.909530916196382
24 10 5 12 77525 1.0265184573211625
4 7 11 0 64099 1.0839267356074724
20 14 17 5 43684 1.0325365529340242
25 25 7 25 83059 1.0953965609362535
11 28 2 12 94855 0.9686614661438041
21 16 16 10 36013 1.0758486562055687
27 17 1 21 90206 1.0130314312054023
4 14 26 11 89604 1.0765113693983726
6 13 3 1 53474 1.0097561860560809
12 4 19 27 108815 1.0130457493483958
20 19 22 2 59543 0.9306351922465661
27 12 1 11 113533 0.9042154118777088
20 17 19 5 51889 1.0798312413002007
4 1 20 13 107275 1.0757002021109159
22 7 4 21 94889 1.0619489370096824
8 29 9 7 101728 0.9130530001054088
24 16 9 13 76516 0.9522884232325276
4 5 23 0 114262 0.9920172660306712
2 9 9 21 73727 0.9493271483431462
10 22 1 8 75929 0.9888169591780532
7 23 19 8 88146 1.0606722793106484
11 12 26 28 105813 1.0294796466884866
25 26 17 0 100013 0.9310258092908636
19 15 24 8 39622 1.0299794475949375
17 1 6 18 92217 0.9224888223897975
15 1 27 10 73233 0.9658940356148511
24 5 11 9 59580 1.0269822207030677
19 9 21 25 59302 0.9805245290244698
28 16 22 12 39438 0.9366951849783623
29 13 20 5 55194 1.0604734870234958
26 4 27 27 98195 1.0599193291982414
4 28 25 20 95694 1.0536528313091869
6 13 13 17 46420 1.055955890466711
6 8 2 14 35013 0.9039231250859928
2 19 22 21 72904 0.9756461933323648
29 9 13 5 69273 1.0074327586359748
25 19 11 8 89752 0.926340724809403
9 2 29 19 129855 1.0017659751439216
25 16 2 5 129879 0.9615470171925405
17 24 7 13 73051 0.9646002910428988
14 2 28 9 73202 0.9789778922361053
19 16 3 11 89543 1.08333605857455
0 29 25 24 102028 1.0138280789099245
14 13 15 22 41587 1.09759811443032
2 12 17 5 85144 0.9068580544989413
15 5 27 23 93420 1.0161113595255054
15 26 1 4 122465 1.0376958017647715
9 19 28 24 86832 0.9548449575499004
27 23 12 27 73552 1.0854844967876802
12 6 2 22 93128 1.0522080378471887
27 24 10 28 82052 1.0763943568305632
19 18 0 3 110026 0.9613897621614352
13 1 22 15 77492 1.0754949759527768
20 23 2 23 57589 1.0828792028195597
5 23 15 17 50084 1.0742247958045459
4 13 26 23 100519 0.9837694606719266
6 2 3 28 100876 0.9312178860599732
27 8 9 11 76834 0.9944847591867838
6 21 24 11 83957 1.0242200047542063
22 10 8 17 77739 1.099654790341903
6 6 0 22 69409 0.9855200019758162
6 7 13 1 54999 0.944331268366715
11 23 0 13 63676 0.9054071497412141
1 23 26 16 96818 1.0539981692016032
19 6 28 28 98890 0.9538084826399011
9 26 16 3 110893 1.069952841284541
21 21 16 7 63073 1.0388049150013452
26 22 11 15 68149 1.030212081681933
11 9 17 5 38955 0.9822106175806022
5 28 20 26 66206 0.9153741220624264
11 13 8 22 55925 1.0600713753284832
28 24 6 4 137661 1.0018288797868486
17 22 20 0 85576 1.0963529937410141
12 25 13 1 113125 1.086969346268715
20 28 18 1 101560 0.9455926524266921
25 9 29 29 95805 0.9878457385137424
12 24 14 6 81000 1.074163877902357
11 17 25 27 71634 1.0460741193535368
3 0 17 10 95550 0.9294596487141661
20 0 0 14 125623 1.0351004196357039
21 11 7 23 79941 0.9303266808214488
0 8 19 2 102893 0.927592674064365
1 18 18 29 83645 0.9130471946238443
1 13 20 10 79634 1.0267755004902828
20 13 17 28 60667 1.0361267754101267
22 13 6 5 85167 1.03527653087494
1 16 11 23 55304 0.9018527903438619
9 20 0 19 41650 1.0749462124994462
12 24 2 22 35558 0.9000795198297605
23 29 28 22 43991 1.0005415417712245
24 2 5 21 113311 0.9303553070484791
19 22 11 28 45815 1.065457078354466
26 21 7 7 118705 0.9492316626664983
25 7 20 20 59257 1.00379727445283
23 0 28 27 111617 0.9288789919829036
3 22 25 3 114855 1.0442439414238638
1 8 24 0 109810 0.9943482972869068
13 3 0 18 102183 1.0834550367198699
17 29 10 8 94922 0.9443166295326111
0 8 25 5 106632 0.9886590667280757
22 9 8 19 81978 1.074578586340392
19 25 24 1 86103 0.9535166466211041
4 5 24 14 107968 0.9138974854006486
12 9 13 19 44107 1.0227479122627545
11 7 19 24 91322 1.0040309865614798
21 10 13 7 44579 0.9687571948946069
4 28 14 26 49958 1.0169795395292445
25 21 13 16 56615 1.0283986158052831
5 17 21 28 78793 0.9904046886840778
17 24 26 29 49530 1.097878606943875
11 24 12 15 42220 1.0429803623132772
11 24 17 19 34582 0.9266695552412089
20 21 7 3 115076 0.9802241502938137
21 14 1 7 100747 1.0255498251055122
6 19 21 10 78469 0.9788269287038284
8 13 20 4 81589 1.0749733822923937
16 19 6 25 53877 1.071701803679505
14 12 22 16 46282 1.0316906173235654
3 20 27 19 88928 0.9154277196955939
23 26 29 4 83316 1.02233036663569
24 24 26 1 89880 1.0615953829486138
19 15 3 2 115372 0.9594097037421454
8 0 28 4 109181 1.001161825935853
11 0 8 23 110953 0.9686147954362867
12 8 23 16 68107 1.0157908692083601
23 27 19 12 60363 1.0254095768730624
1 26 5 19 40800 1.0307790164717856
15 2 0 28 135913 1.039261860563693
25 5 17 22 68517 0.9763849651239147
27 0 8 15 128932 0.9545219955911097
24 5 15 13 52164 1.009154427882734
22 28 6 6 111716 1.0647303888138473
10 3 3 21 94717 1.056976030023851
4 18 9 24 36043 0.9567905319554515
8 1 17 8 65288 0.9186879583877046
3 8 23 12 92675 1.0728778276646094
22 8 0 22 97773 0.9621692610608051
2 17 22 23 75949 0.9526242771192505
1 28 13 21 60617 0.963812051639007
29 13 11 15 91393 0.9362247682898296
14 6 12 29 95869 0.9884184790655655
17 3 1 3 78650 1.0767497002890656
29 10 0 21 125515 1.0623847263788715
20 22 24 2 66371 0.9794912898446642
5 25 16 24 55465 0.9041589450622026
20 0 26 18 78531 0.9607419252536269
23 6 27 0 39144 1.0571971928181698
8 14 5 6 42649 1.0541003055835496
25 24 26 13 54386 1.0060640958230322
3 24 15 22 40171 1.047138564570916
0 16 14 9 74374 0.9419268594811783
25 25 5 24 79204 1.090765210784502
28 22 4 26 90288 1.0465698424360648
28 4 12 6 63531 1.0301477917908322
15 19 21 28 43634 0.9921238617301656
21 2 13 8 48225 1.070213424618133
4 11 22 23 92633 1.017509874315146
14 7 28 3 61742 0.9191108372773779
18 13 4 21 74652 0.9063232019839269
18 21 27 25 46954 0.986109724770953
1 24 21 21 67893 0.9612571374543036
25 18 1 3 142420 0.9960005180393738
2 3 22 26 134291 0.9803314839615425
11 17 24 28 69459 1.0265897720096298
6 12 15 28 81882 1.0820060979772688
12 6 21 10 46972 1.0293588252979389
1 2 28 26 164146 1.0317814270644918
29 22 15 9 90181 0.9587609877937958
15 27 23 21 50480 0.9394493899266121
16 19 0 8 88031 1.0057461881348915
2 28 27 12 126254 0.9675239120703328
0 17 21 1 125699 1.0025444604583074
12 5 27 13 74755 1.0133632445401513
18 3 5 23 103268 0.9887655135747575
18 13 1 21 80766 0.9511510142397441
4 27 28 3 147617 0.977767713630351
8 12 23 11 61073 1.0966749621037402
28 9 18 24 82133 0.9691152958061398
2 19 26 27 102911 0.9733383854413346
24 22 1 10 112461 0.9897947429994737
17 23 28 12 69060 0.9527822099869382
19 7 11 20 78852 1.0224013012895972
3 20 15 21 44355 0.9518830504990488
6 18 14 8 69594 1.0169043468704098
18 29 23 12 65365 0.9760635038561813
17 19 28 27 63174 0.9457941562741651
28 9 25 27 85721 0.9925969805605372
3 9 27 27 137133 1.0896581925872548
20 22 28 26 43376 0.987400104478686
13 13 18 27 65135 1.0563996058174108
15 10 8 20 70112 0.9579681478074172
21 10 14 20 60807 0.9225445900325505
9 16 16 25 58470 0.9870372246999122
29 25 14 3 123920 1.0442198348129943
29 29 12 29 69449 1.0558765843473852
13 6 3 26 113885 0.950705938606795
9 9 1 6 44170 0.9693023143979024
15 14 11 6 50445 1.0721437656604325
25 14 11 14 76788 1.0077728022870471
19 29 10 21 56172 1.0713079601823323
23 24 7 27 76012 0.9742783591111974
6 12 28 2 112487 1.0292323178800826
4 28 23 29 73098 0.9275234905764351
1 12 9 2 69664 1.0340386551610345
9 5 3 14 56019 0.9370562263744453
26 23 1 14 107912 0.9839157870221082
8 16 27 6 106365 0.9362128208137103
12 4 21 7 44270 1.0414373726367037
16 25 2 16 79738 1.0799816898912828
13 19 11 4 72696 0.9278884766943789
9 10 25 7 75225 1.0844211262011887
3 23 0 6 68513 1.0957354096635357
20 15 2 24 86861 1.0903490982546096
20 9 2 15 92679 1.0760771547212014
11 9 16 4 44077 0.9745777014737483
12 1 11 10 49397 1.0842195049290972
20 1 12 16 89857 1.0795320243471782
18 17 13 24 35790 0.9520713564426195
6 21 19 0 115663 1.082708692807669
2 10 18 10 73739 0.9395241263740668
24 16 14 11 51302 0.9512454293311379
15 18 14 7 53273 1.0331011123234515
1 8 2 23 63420 1.0555675189103302
20 18 0 23 71691 1.0965846329914883
21 10 15 19 49484 1.0622863174869077
17 2 29 1 69549 0.9648213080914732
5 21 27 26 83913 1.039360580196416
29 22 9 14 100033 0.9254689003631907
10 21 1 2 98175 0.9817410046219166
4 26 6 14 48794 1.0218527259236045
27 6 8 20 111143 0.9282354481728561
27 12 6 20 97331 1.0412682283146375
21 17 7 13 76352 1.0572667551954682
26 1 8 0 112215 1.0319570731851764
19 0 15 13 61127 1.0623625473914609
27 27 22 21 36142 0.9419736428720976
19 21 0 19 71790 1.0777758525567596
5 19 1 12 46048 0.9960285952614061
19 13 8 24 78452 1.0290541411465073
14 12 0 20 77879 0.9644806171008353
28 11 25 21 49109 1.0540533512388481
22 4 9 19 90117 1.0191435969542038
22 25 1 19 81327 0.9998051256487965
1 24 25 4 130102 1.0524341011751273
23 2 14 11 57673 1.0022940826877338
23 27 10 11 91974 0.9506382844341659
8 20 5 29 54876 0.9021081695837138
9 24 23 15 73544 0.9282431851801964
9 19 17 13 48797 1.0362450031696813
14 18 13 27 32665 1.0466598580256459
11 20 5 1 89834 1.0096450691845218
13 26 19 0 107446 0.9631359603825471
14 26 23 18 54242 1.0651249731070682
0 27 14 16 75888 1.0982511564821897
8 18 4 11 40355 1.0456231721118803
5 0 17 2 75439 0.940106548209119
13 24 0 14 69648 0.9927908894417566
25 27 15 19 55763 0.9366638560492386
4 16 13 8 68019 0.9689627186585419
22 1 23 15 48368 0.9174627427103522
1 20 12 24 50277 1.0830003841372162
17 25 28 21 48776 1.0810641502143707
6 27 8 16 50465 1.0050725701322367
11 22 9 8 72244 1.0407252014749004
13 5 24 1 54702 0.9724753246187411
5 15 7 1 57419 1.0176579145065527
10 2 7 29 120965 0.9759392909371332
11 24 0 13 69537 0.9756547164168098
12 21 1 15 63012 0.9327504387881902
18 28 24 10 68501 1.0475895566508342
0 28 27 7 141340 0.9211545433459567
10 17 4 24 42896 0.9039792338687329
19 6 25 17 50771 0.9656062553655179
17 9 20 25 66946 0.9119750460037276
10 7 9 29 105621 1.0353937043353514
29 8 12 0 90378 1.0674881771459335
3 9 21 10 80273 0.9585051704809276
1 21 19 0 128561 0.9198504702936939
18 29 29 24 64588 1.097178171404542
2 28 12 5 122881 1.0493790258573776
9 13 27 15 86311 0.9858411184041704
10 8 27 27 119766 1.023599607608178
10 16 19 27 70920 1.0506909273392293
1 28 18 22 71406 0.963159497589227
20 19 6 11 81850 0.9912288414162944
12 4 14 28 103500 0.9598514014106324
0 28 22 16 95774 1.017022870631028
19 2 11 17 88376 0.9107023865228961
19 18 1 23 67511 0.9592535943570597
13 9 16 19 55492 0.9840983281057311
14 3 15 17 62482 1.0151533822858836
0 18 28 9 124709 1.0001187266349978
23 27 21 13 47426 1.0319583639221126
0 19 8 3 77543 0.9681439418230198
22 27 1 18 81101 1.0402113940780908
21 14 11 4 68661 1.0959065614441637
26 19 9 13 95010 1.0102627269883253
4 16 25 3 120326 0.9818565071160592
25 10 10 9 65409 1.060062895288123
6 17 19 15 62377 0.9532613209542047
24 19 12 2 99526 1.0035105024857323
17 28 10 0 123951 0.9035073578593422
5 18 28 24 93765 1.066875241289428
12 13 17 6 45170 0.9748317176509645
13 19 7 10 56526 1.0138657575519845
9 27 20 24 63180 0.972767299581469
3 7 10 13 51682 0.9564093453053715
21 5 7 8 64181 1.0525984787500262
24 0 4 24 122196 0.9029774742858904
19 18 29 5 66859 0.9598949350275456
4 24 7 2 88169 0.9359386922376489
16 29 13 0 119576 0.947244112897526
16 8 9 3 55312 1.098163601887276
13 26 6 29 35242 1.005165705659593
13 3 8 23 109463 1.0553535590166296
10 23 21 24 41724 1.0856354786546174
27 2 7 10 105262 0.9632595472668684
20 19 18 3 70985 0.9545313967000578
27 0 16 4 69377 1.0266692967397146
26 20 18 25 49728 0.9181894785133132
15 5 11 29 100457 0.9514743747814194
19 20 3 10 100649 0.9908632763322669
24 4 11 7 58732 0.9399974781218052
19 17 25 8 45549 0.9694272547123903
8 18 0 25 44481 0.9409853404436679
5 29 14 16 79386 0.9457276816178901
6 2 24 19 121274 1.0955294840523513
16 4 28 20 90176 0.912137591239948
16 5 7 18 84655 0.9896139752733315
26 18 15 2 86683 0.9185142942268957
14 7 26 15 67735 0.9949234133350824
20 5 1 12 99949 1.0052509895409516
10 19 27 4 109143 1.0231579857092772
12 20 28 1 119230 1.0392111667106931
17 2 16 12 37241 1.0516956970471474
0 28 8 23 42127 1.003255485992062
16 15 28 20 64364 1.0508460342209482
7 14 17 22 64097 1.0805629849501657
19 17 14 23 38297 1.0427245671049736
28 10 18 10 44219 0.9582809294389154
15 0 16 27 102892 1.0535389783987323
21 0 29 20 89674 0.9636425417666611
11 21 27 20 59345 0.9627205150023876
29 4 15 6 47775 0.9715341409692424
8 10 2 22 58964 0.9323048595213687
4 9 13 23 78755 1.0146357437546694
22 3 8 29 118082 1.0363661380916174
26 12 29 22 53811 0.9509769967712952
7 3 0 15 62734 1.03126351760963
19 8 9 10 50468 0.9804697961231572
21 3 23 15 45262 0.924864201261133
19 8 22 16 31425 1.0860295886023095
22 8 14 10 35539 0.9397596934525441
23 2 3 0 116371 1.062536609332291
24 1 13 29 108908 1.062685952427231
23 14 19 22 37448 0.9112416178632732
21 3 1 15 113912 1.0631759124905689
8 11 21 11 49989 1.0251659734838878
1 19 27 6 125905 0.9118229965638208
1 28 19 6 125437 0.9074365381539217
29 1 16 25 117342 1.0222369596761198
17 17 26 19 44577 1.0986220483777995
18 4 15 24 78152 0.9524366446554497
8 10 18 17 64155 1.0717134099196057
6 7 0 27 83828 1.0568728946389887
22 9 14 16 54200 1.0001730778399427
28 5 9 3 86703 1.0493590644772273
4 22 15 20 37470 0.9235173131497737
13 24 25 10 77690 0.9306626347600756
17 3 15 21 69490 1.0996068447419993
17 1 8 5 64904 0.9615196907343377
10 7 9 20 63897 0.9328870751509801
29 8 14 10 64808 1.0237666559927208
10 22 2 7 82183 0.9098089482306765
6 21 27 16 80878 1.037053209412536
3 20 28 21 86745 1.0856175390870078
10 8 26 18 91605 0.950407180566103
25 15 1 2 134517 0.9342609373951325
22 12 16 29 65850 0.9185671171081423
14 5 28 26 112264 1.0645229731294594
12 12 6 4 49004 0.9783034868238338
29 27 7 23 93305 1.0997783666877528
3 1 18 25 131437 1.070730373332939
27 6 17 5 33531 0.9888330479671619
7 16 14 25 61279 1.024253525107248
14 23 4 25 46515 1.097294325062907
21 26 13 28 32171 1.003879353802662
5 11 19 22 77493 0.9394463934760514
24 5 18 19 60194 1.0449645492758213
17 4 12 17 66201 0.9185589887713508
25 27 26 3 93838 0.9716341696846269
20 29 27 0 109998 1.0863477065739573
7 9 16 18 68342 0.9745803562459228
13 1 11 24 112699 0.9294926299875931
9 12 13 18 41389 0.9364864984066793
20 0 27 18 77906 1.0818332430614808
10 15 25 24 79913 0.9894375944642818
24 21 12 21 43861 0.9591574275111221
2 2 0 15 46793 1.01336831718335
21 20 12 15 48186 0.9239213841930015
28 13 24 29 70609 1.0232260848114905
28 7 18 15 65189 0.9600270336052987
0 25 15 3 124028 1.0878641244654128
13 27 5 3 107582 0.9031534255813868
18 10 21 23 52643 1.0526774008470026
23 22 20 11 42341 1.0955198125092314
10 8 25 12 67806 1.0133183569438484
11 26 29 2 132216 1.0741239021738833
2 1 12 24 118693 1.0200827321973047
25 26 19 20 44399 0.9170352622524672
5 19 26 21 74425 1.0121735993417318
20 4 24 26 75700 1.0181066819043914
24 23 10 24 56109 0.9040535324442227
5 3 9 21 80324 0.9365823319169365
27 8 14 7 52422 0.9044593133371547
29 12 25 21 46679 1.0356675045428625
8 22 16 29 52361 1.0162164373471678
0 0 10 26 122641 0.9576999237861871
1 10 10 3 65538 1.0054714530604456
29 15 21 24 48610 0.9152138492225932
20 18 29 25 57917 0.9199539128940802
21 22 5 16 67285 1.0316456364972535
25 24 28 11 63493 1.0399768486169614
28 12 3 16 114123 0.9570776000586304
18 16 19 3 59096 0.994771286261606
28 1 18 26 112050 1.0893507501944513
14 4 29 19 96160 0.9156292646644776
0 4 21 29 135344 0.9725566628948226
27 12 4 21 101897 0.9169011294980757
28 23 3 2 155554 0.9298623281426204
17 22 14 9 51888 0.9994712096725535
19 28 3 14 101067 1.0296734152859701
4 6 4 21 75600 1.079620753649487
2 7 24 9 99375 0.9378101832310437
10 16 18 8 66367 1.064997195172865
26 21 13 5 97255 1.0049556744476147
4 0 23 3 109520 0.9513844996441023
23 2 29 11 52573 1.032764203363859
26 7 23 17 50242 1.0398767451007414
21 22 13 15 45555 1.0852498564058546
20 11 3 26 97268 1.0354980144852184
13 15 15 26 46448 1.0975177997164163
6 5 23 4 86747 0.9772173828784845
2 24 14 26 58921 1.086149447899712
21 13 2 13 80849 1.080007847825336
29 16 8 6 113725 1.0983981920442123
25 25 13 27 58732 1.0634283511582137
13 0 18 28 116579 0.9085898041328245
17 25 19 3 78652 1.0505400126337747
6 15 16 9 60426 1.0494642668384524
25 26 4 25 85968 0.930104108196004
7 20 19 8 91575 0.9663916084831512
10 4 14 22 82665 1.0094603435951182
21 14 0 1 124021 1.019142093710886
8 15 1 24 57746 1.0130318306327903
