7772 7942 8089 8354 7953 8367 8306 7681 7692 8116 8368 8217 8216 8178 7869 8878 8178 8611 8272 7723 7741 7831 8053 8075 7773 8858 8832 7950 7879
4995 4868 5066 5315 5039 4776 4789 4516 5386 4713 5497 4959 4817 5318 4504 4745 4962 5179 5409 5350 4983 4434 5340 4444 5377 5428 4519 4427 5533
2465 2276 2889 2342 2106 1887 2436 2622 2598 2170 2560 1802 2078 2464 1833 2090 2856 2323 2711 2385 2387 1818 2009 2809 2145 2031 1888 2343 2318
8046 7996 7809 8408 8649 8022 7647 7482 7579 8371 8480 8013 7776 8605 8037 8273 8523 7481 8606 7500 8082 7541 7530 7438 7592 8223 8385 8270 7792
2580 3120 3266 2996 3362 2867 2694 2944 2723 2900 2401 2905 2858 2844 2626 2292 3259 2270 3189 2681 3193 3191 2573 3287 2522 3203 3132 3242 2359
7412 7589 6862 7066 7654 7731 7674 7155 6732 7758 7016 7002 6849 7108 7000 7264 7021 7419 7689 7452 7394 7849 7736 7100 7391 7195 7289 6789 6807
2073 1620 2346 1715 2533 2172 1464 1617 2428 1440 1533 1999 1855 2097 1696 2260 1572 1544 2120 1684 1785 2509 2411 1667 1759 1384 2419 1449 1647
4720 4455 4711 5319 4615 4452 5333 5350 4320 4159 5036 5226 5027 4569 4224 4969 4923 4959 4552 4982 4277 4213 4764 5097 4923 4359 4880 4814 4309
2878 3527 3017 3027 3364 3131 2933 3317 3057 2825 2877 2529 3557 3230 3726 3404 3494 3024 3578 3097 3231 3297 3040 3762 3603 3012 3196 3656 3735
1321 2448 1808 1342 1690 1912 1594 1652 1922 2476 2248 1584 1921 1382 1564 2341 2512 2300 2090 1285 1491 2252 1501 2235 1975 1392 2500 2231 2100
3526 3104 3914 3303 3552 3593 3025 3740 3225 3333 3658 3882 3321 3260 3139 4081 3099 3256 3184 4026 3330 4044 3294 3857 3472 3530 4151 3188 3635
6605 6346 6180 6392 6007 5959 6915 6029 5965 5878 5830 6888 5814 6927 6239 6633 5877 6138 5795 6289 6803 6188 6561 6873 6389 6427 6096 6681 6974
4557 4156 4669 3580 4387 4410 4680 4056 3665 4121 4795 4803 4761 3942 4471 4683 3633 4090 4651 4398 4018 3656 4566 3608 3727 4583 3816 3651 4124
7169 7242 7764 8178 8051 7966 7739 7780 7298 8114 7091 7785 8193 7790 7655 8156 7950 7737 7316 7509 7318 7991 7521 7182 7772 8013 8250 7893 8086
3847 4518 4840 4075 4716 4687 4249 4750 3848 3948 4388 4465 4442 4836 3978 4188 3854 4095 4228 4938 4421 3773 4339 4443 3730 4689 4555 4408 4647
5370 4605 5665 5042 5124 5804 4614 5283 4780 5753 5073 4904 5025 5735 5683 5341 4837 5164 4936 5035 5316 4809 5544 5428 5382 4731 4697 5473 4858
5255 5585 5519 5516 6073 5633 5051 4988 5155 6108 5412 5986 6201 5428 5705 5962 5451 5185 5503 5696 5632 5781 5780 5611 5657 5594 5528 5415 5427
6274 6257 6734 7370 7167 6528 6366 7104 7429 6433 6415 6880 7043 7209 6410 7165 6275 7306 7429 6442 6826 7143 7076 7173 6973 6688 6910 7121 6388
2690 2630 2261 2483 2786 2595 2388 1994 2128 2782 2047 1777 2195 1667 2066 2660 2019 1642 2487 2653 1637 2056 2651 2723 2654 1878 1985 1919 2650
3411 4038 3539 4115 3958 3343 3202 3353 3979 4078 3823 3573 3609 3252 4088 3461 3345 3446 4187 3914 3070 4209 3196 4080 3219 3280 3145 3838 3375
8382 8158 8030 7936 8624 8671 8500 8356 8388 7948 8126 7911 8656 7841 7670 8215 8171 8181 7706 8781 8062 8276 7763 8370 8386 8769 8798 8417 7876
6832 6888 6686 5984 6198 5969 6303 6102 6632 5805 6062 6706 6373 6936 6530 6504 6580 6270 5926 6243 6206 6240 6831 5935 6953 6796 6042 5938 5903
6782 7096 6875 6120 7052 6914 6524 6718 6437 6279 6670 6936 6613 6869 6951 6219 6422 5932 7140 6791 6684 6920 6435 6407 5932 6405 5930 6837 6439
6943 6884 7029 6604 6887 6613 6573 6379 6630 7246 6236 6518 7149 6510 6375 6626 7226 6744 6595 6344 6698 6948 6332 6905 6654 7459 6449 6639 6510
2490 2157 1973 1864 2254 2542 1688 2724 2572 1614 2561 2176 1615 2285 2368 1915 2674 1978 2378 1898 1810 1951 1998 2040 2002 2194 2400 1550 2303
4345 4171 3509 3248 3131 3466 3154 3861 4244 4253 4174 4103 3975 3185 3757 4077 3572 4320 4240 3419 3591 3259 3946 3936 4085 3944 3185 3548 4131
4171 4267 4159 3806 4084 4086 3919 4732 4581 3976 3942 4507 4877 4546 3989 4340 4250 4529 4135 4596 4494 3847 4329 4030 4586 4403 4195 4235 4439
5054 5510 5344 4545 4499 4603 4683 5511 5669 5595 5567 4963 4646 4866 4678 4649 5361 5466 4734 4917 5260 5534 5304 5641 4948 5240 5623 5105 4821
3403 3733 3043 3685 3079 3707 3992 3429 3657 3943 3681 3680 3264 3664 3438 3402 3808 3109 3913 3930 3720 3155 3544 3753 3071 3785 3947 3461 3041
3708 3464 3173 4385 3731 3365 3965 4216 4182 4240 3937 3277 3492 3755 3168 3471 4262 3929 3477 3877 3715 4372 3993 4035 3199 3249 3829 3439 4256
6851 2082 3443 2075 7076 5852 1809 5046 1707 4447 5808 3097 7484 7586 4237 5782 8586 5335 3964 6241 4245 6459 5383 1599 1846 4714 5485 6428 4644 6471
6712 2539 2975 2948 7623 6087 2037 5004 1699 4053 5261 3472 7194 7634 4305 5142 7858 5567 3345 6704 4616 6383 5617 2293 2639 5129 5281 6355 3624 6738
7491 1662 2562 2944 7617 6204 2195 4354 2558 3446 6063 3350 6986 7450 4101 5738 8034 5539 3568 6230 4117 6978 4729 2090 2555 5129 4719 7272 4650 6183
6958 2327 2478 2132 7632 6297 1894 4888 2145 4318 5038 2818 7733 8271 3891 5082 8256 4752 3269 5475 4044 7113 4783 1332 1952 5420 4981 7160 3727 6317
7006 2480 2918 2772 7154 5407 2205 4486 2102 3730 6013 2857 7328 8186 4200 5217 8892 5394 2981 5619 4640 6354 5253 1711 1786 4488 5097 6767 3758 5718
6425 2256 2877 2266 7053 6358 1668 4786 2693 3661 6097 3243 7312 8319 4362 5839 8985 4951 3327 6093 4398 7443 5218 1820 1600 5006 4570 7407 4662 6830
7240 1591 2849 3211 7446 5442 1993 4538 2007 3941 5273 2387 6809 8026 3523 6009 8701 5344 3916 5630 4234 6313 5476 2036 2665 4912 4456 6705 4230 5959
6870 2545 2785 3075 7334 6151 2361 4233 1935 3293 5295 2843 6899 7946 4042 5501 7863 4873 3261 6193 4472 7069 5282 1305 1788 4495 5234 6406 4673 6031
7315 2112 3157 2766 7413 5863 1799 5205 2384 3427 5139 2499 7098 8308 4215 6098 8202 4628 3313 5626 4087 6715 4498 1922 2543 5002 4738 6774 3577 6444
6471 2406 3380 2525 6948 5500 2327 4021 1942 3560 5243 2710 7527 8368 4504 5554 8171 5268 3676 6335 4840 7345 5179 1285 2722 5433 5265 6527 4396 5912
7483 2401 2784 2364 7165 5418 2728 5102 2320 4078 5370 2908 7127 8170 4526 5284 8447 5564 3906 6334 4824 6266 5387 1487 2584 5012 4836 7372 4519 6529
6789 1830 3047 2702 7138 6254 2647 4699 2480 3403 5717 3584 7657 8329 3577 5794 8694 5052 4096 5470 4973 6465 4716 1538 1849 5288 5313 7139 3905 5922
6347 1787 2407 2625 6650 5992 2113 4420 2470 3885 6093 3363 7726 7399 3975 5286 7813 5321 3214 5480 4654 6526 4740 2390 1651 4612 4956 7106 3898 5769
7303 2202 2906 2134 6607 5846 1935 4511 1768 3816 5590 2565 6676 8077 4529 6051 8434 4722 3873 5939 4519 7309 4923 1938 2175 4817 4357 6762 4247 5743
7163 1642 2744 2955 6948 5611 1921 4966 2401 3785 5206 2900 7163 7948 4017 6008 8184 5034 4123 5507 5045 7271 5213 1901 1867 5123 5319 6653 4657 5944
7440 2609 2732 2027 6586 6533 2603 4788 2158 3440 5787 3031 7351 8015 4609 5011 8958 4741 3937 5899 4122 6720 5191 1844 2227 5388 4930 6852 4274 6598
6290 1736 3089 2722 7650 6457 2712 4412 2107 3540 5854 2587 6591 7920 3883 6079 8766 4849 3732 5570 3884 7392 4511 1862 2265 4270 4284 6559 4678 6736
7209 1918 2954 2850 7437 6426 1961 4539 2528 3399 5274 2373 7706 8472 3876 5698 7881 5267 3407 5576 4731 7369 4727 1773 1754 5127 5303 7196 3890 6425
7492 2215 2773 2213 7504 6561 2390 4793 1921 3839 6204 2538 6975 8308 4181 5059 7788 4606 4064 6331 4484 6419 4595 2274 2383 5298 4384 6503 3860 6528
6576 1737 3083 2072 6997 5396 1834 4762 2321 3519 5510 3320 6974 7731 4043 6093 8603 5574 3907 5692 3994 7300 5229 1457 2424 5279 4357 6400 4521 6461
6448 2529 2739 2092 6914 5474 2666 4081 1753 4002 5074 2473 6680 7817 4084 5703 7770 4517 3450 6035 4147 7060 4974 1560 1689 4983 4916 6277 4516 5889
6725 2374 3126 2743 6452 6264 2525 4279 2408 3504 6148 2772 6787 7389 3644 5291 8674 5695 3290 5943 4856 7354 5664 2331 1997 5002 5471 7297 3967 5737
6723 1488 3241 2928 7197 6137 2464 4799 1648 3515 5905 3529 7489 8029 3584 5348 7990 4784 3500 6111 4356 6993 4712 2102 2444 4587 4919 7353 4791 6410
6669 2704 2461 3110 7251 6096 1696 4307 1639 4359 5621 2552 7486 7411 4689 5561 8563 5624 4013 5825 4035 6312 5665 1489 2445 5218 4615 7234 3938 5654
7502 2666 2534 2649 6658 6574 2180 4019 1606 3444 5442 3327 6738 7582 4321 5902 8720 5549 3848 6411 4444 7097 4744 2054 1845 4983 4674 7236 4403 6142
6646 2722 3514 2803 7079 6394 2595 5033 1714 4219 5039 2982 7710 8421 4262 5727 8034 5239 3055 6485 4724 7461 4550 1801 1685 4572 4287 6923 3958 6387
6859 2315 2523 2236 7023 5404 2772 4928 2568 3738 5162 3577 7641 7904 4484 5218 8090 5637 4124 5739 4128 6450 4771 1270 2002 5161 4701 7414 4097 5820
7260 1784 2465 2915 6523 5818 2631 4806 2164 4266 6256 2831 6986 8173 3608 6064 8359 5342 3140 6017 4930 6293 4737 2207 2138 4405 5172 6895 4651 6137
6370 2303 3448 2295 7133 6392 1842 4444 2756 3760 6017 3579 7272 7684 3648 4945 8443 5504 3294 6407 3892 7454 5659 2275 2038 4729 5099 7182 3941 6254
20 12 21 28 61738 0.9008621611759804
12 12 14 3 41191 0.93611563017121
3 22 24 12 66251 0.9148026678344835
11 4 23 5 46350 1.0642380286376942
26 22 13 3 75713 1.0136329623357008
1 2 11 3 29298 1.0629803867384036
4 22 21 11 61226 1.075544301869666
16 5 14 19 55098 1.0489141366744585
1 17 7 5 45042 0.9749623665102456
12 25 28 1 86084 1.0187739016514943
11 14 24 13 54877 1.0421510173059403
23 6 2 26 83745 1.055517709002505
26 3 7 28 93719 0.9161783770762487
13 22 12 8 49227 1.0848121167470948
19 8 19 27 49138 1.0108857724495155
13 29 24 1 96816 1.0928027210929696
14 7 12 17 47862 0.9571087001954695
15 8 28 27 70789 1.08379639071337
22 22 26 12 44241 0.9044451693755987
0 9 22 17 86829 1.018155137632031
28 8 10 22 69085 0.9475913625281611
28 19 23 14 31704 0.9270073923123265
6 4 23 10 55775 1.040319956390131
3 13 10 1 46375 1.0540532732956183
26 9 1 27 91357 0.913652833489696
10 0 4 14 44280 0.9839476457984927
2 20 8 12 39023 1.0879349891870023
23 26 23 3 56826 1.0835190703188216
5 10 14 17 51823 1.07017601415318
1 6 9 8 19398 1.0017120168372917
6 14 15 29 61485 1.0541318030726043
0 0 2 24 65844 1.0730249765576267
9 28 6 13 35274 1.0823555891039836
15 22 3 22 32233 0.9215777038821004
27 17 19 29 56135 0.9148069700497005
11 7 0 1 39248 0.9184257492412816
8 1 17 11 44062 1.0291660526698623
7 22 21 4 79915 0.9494926667770507
13 24 2 1 65857 0.9354562624752533
19 28 13 6 63000 0.9050555032829845
3 2 21 9 59239 1.0206352667231475
20 15 13 22 45599 0.9027814178148286
4 18 16 24 37918 1.0487853596681145
22 22 12 16 54777 0.9039895212803294
11 26 4 5 59720 1.0509683511331867
28 2 6 10 66139 1.064329449419046
2 23 14 26 32379 0.992853387568877
19 23 27 1 63637 1.0629575694636157
6 11 11 4 30860 0.9481213142670198
25 20 10 18 49729 1.061327244325285
9 1 14 15 49068 0.983313143827279
12 14 29 11 63805 1.010857501102745
21 4 24 28 65243 1.0994263178252877
28 3 29 15 46444 0.9167861132470507
28 17 20 2 63646 1.0904167064600068
15 17 6 20 42188 1.0785899242473134
11 23 3 20 24567 1.0474601308044995
26 22 27 7 50488 0.9816377968483374
16 29 6 11 69967 1.074693312899267
2 12 28 27 84914 1.0121828904865389
14 1 2 17 59009 1.0405415424695688
16 22 5 20 34529 1.0736733625616663
29 23 25 29 28238 1.00874212023883
14 20 1 24 38633 1.0647874585543458
16 14 0 6 61736 0.9831187652174814
20 1 20 23 57287 1.0109620756011957
11 3 23 15 62703 0.9705320661554686
27 4 12 26 87039 1.0402901006997292
28 27 3 1 102370 0.9185926205721215
10 5 15 10 32330 1.0549226971046124
11 13 23 25 69602 0.9782387584101455
3 3 12 4 27393 1.0675504446592399
5 15 16 27 59604 1.0946989095887578
15 2 19 28 70768 0.9483006779480566
16 5 10 14 41190 0.9192040756299019
0 7 5 26 58898 0.9776514833289428
5 20 17 6 54846 0.9903036663801932
26 7 3 25 85334 1.0996152702471598
17 11 8 10 29024 1.0010798725034677
7 8 18 2 37674 0.9158781711355383
3 10 18 26 65607 0.9959208656658299
8 5 16 12 41869 1.0177470141616214
16 25 18 0 64693 0.9317904734257663
5 28 16 16 63314 1.08089918064564
2 26 2 13 29861 0.9456874745431775
27 11 19 28 61164 1.0625422078739688
28 13 17 4 55167 1.0270677374596884
11 24 26 9 64608 1.098700026861652
4 28 11 5 65490 0.9214256477226365
19 17 9 2 54119 1.0406260205551314
14 1 27 27 91330 0.9809276663224225
0 7 24 20 84809 1.041098969638488
24 3 20 23 50347 0.9176682394525634
24 14 6 29 61789 1.0798231122473592
15 11 25 5 36696 1.006685420984171
27 15 9 5 67590 0.9540182245629267
28 9 26 18 39253 0.973772070014437
4 4 26 16 81100 1.0362511791723346
26 17 6 20 60666 0.9888869316775921
12 14 19 27 59510 0.9700427650532819
19 4 27 9 34455 1.095429418024518
27 21 26 4 61947 1.0327728516071082
7 14 28 11 69066 1.0060090243652637
12 26 21 22 35094 0.9429182869087173
10 11 21 16 54292 1.05643763729849
17 1 8 22 60925 0.9019768562409145
17 25 6 8 59272 1.0484603692610701
7 0 21 17 76035 1.0158805266674786
7 15 28 6 70468 0.9759554628346743
8 24 24 5 70756 0.9124681524011223
2 9 8 22 44820 0.9667229872277507
9 15 12 28 38925 0.9264829419946976
29 9 7 13 69095 0.9620991651089235
0 20 21 12 83856 1.0743367740845002
13 18 16 2 60605 1.0570871334147172
4 24 15 6 56102 1.0380073074053735
19 15 24 4 40619 1.0279975445034049
12 16 17 10 43521 0.9252767488849545
29 14 14 12 58939 1.0834204303676056
25 13 15 10 41621 1.0027217722143775
16 15 24 3 48822 1.0752001401774953
14 0 21 27 88276 1.054217304299835
28 14 18 22 49509 1.0228439952716817
2 20 18 0 76320 1.0713622405463368
24 15 6 19 57485 0.9631856056202619
1 26 2 16 28755 1.0345593710883942
23 0 25 8 25967 1.082457608739917
23 29 11 9 79959 1.0450029459322148
20 25 23 3 64976 1.012955534777212
25 29 15 14 62083 1.0363554332059555
23 6 18 15 30923 0.9107889020426038
1 13 23 29 87625 0.9487436492743716
27 1 16 22 73649 0.9091452755999934
9 11 27 20 68509 1.081542290644649
0 29 23 26 76839 0.9399371847132739
3 0 11 22 70902 0.9315130399333071
24 2 20 11 31118 1.0136728724413229
5 12 20 23 53857 0.9853253158997474
25 2 29 13 45260 0.9732154380667283
26 28 7 8 78966 0.9474501367215394
25 11 6 19 68808 0.9148937305945447
12 5 18 27 63744 0.9271448955396245
29 14 17 23 52279 0.9092209086969391
27 20 24 1 54532 1.0828764973180587
24 29 7 29 61267 1.0112763497209882
28 7 25 21 45550 1.0958582617713242
21 11 17 17 25982 1.0277791831744627
5 25 13 18 37206 1.0576468872810958
19 13 18 29 41113 0.950025024108549
28 17 4 12 91630 0.9873172937533408
26 19 1 16 83132 0.9480220893448872
23 21 5 6 76437 0.9714348866360054
1 2 14 15 66182 0.9553056648580388
18 24 27 26 29102 1.0157348027827573
24 12 12 21 54013 1.0287640505064963
2 13 20 20 65932 0.9687162160015583
27 2 12 13 66646 0.9550827601395554
28 18 11 8 63527 1.0567128892962292
29 3 12 17 83019 0.9329934479853802
3 12 8 23 42234 0.9989327579093052
11 26 2 24 28357 1.075382260459512
14 15 3 12 54443 0.902822689753968
3 28 8 21 30503 0.9103733306405343
10 29 27 9 86198 0.9480126262068117
12 8 16 21 53802 0.9436470119304997
2 27 23 20 57912 0.9818881735825968
29 1 16 28 89725 1.0217093203300531
7 12 25 8 50684 1.0009695947318464
11 12 15 19 49341 1.0073903559475226
6 23 26 17 53961 1.0895580495176247
23 11 13 28 71276 1.0385334156791843
17 5 2 28 80859 1.0463998156586856
21 13 0 3 77260 0.9793441346647263
11 28 23 0 96380 0.917532105400576
18 11 16 29 50664 0.9706897600036921
17 26 5 15 55563 0.9676202648801608
6 26 2 6 44786 0.9016762164175889
12 4 21 8 32419 1.0006482879123142
19 10 17 25 42375 0.9494386704124622
23 15 21 7 32549 1.0543267720702427
18 21 19 3 42219 1.0525834667590792
27 21 26 9 49681 1.035501594010636
15 3 1 15 59628 0.981234273314263
9 18 0 7 47161 1.0664717052516972
7 8 10 20 32784 0.9162115175773995
19 13 3 15 65691 0.9845969423386117
12 27 15 1 73627 1.055409012447403
22 15 17 4 52699 0.9391819099213696
2 2 27 25 94214 1.0569357082882163
23 28 12 11 67666 1.0338118631890325
3 9 24 21 74657 0.9607268539416273
5 11 28 29 86284 1.0561096744492844
1 8 11 18 45355 1.0085391974328715
6 26 25 19 50926 0.9062007528835065
7 5 7 18 31866 0.9767316485665994
14 23 15 4 62433 0.9050628374528945
5 28 7 11 39259 1.025695118245095
6 16 20 28 54446 1.0811563353988425
11 23 13 3 50047 0.9782060171684337
12 5 0 7 38099 1.0436155637061906
28 4 23 12 37193 0.938678212307122
1 14 13 27 64083 0.9984433606783566
0 26 16 15 75365 1.065078851073323
7 17 28 10 74967 0.9872487008314808
9 20 12 11 26181 1.002623566685641
12 6 10 18 34874 1.0166183755658402
28 2 2 2 62020 0.9161295877714968
11 10 20 4 47448 1.0426366787683499
21 28 0 27 73744 0.946129107257318
25 29 5 15 72849 0.9654896664285211
14 5 22 16 59984 0.9054952896824763
18 18 5 6 52224 1.0135774359523924
10 26 15 21 30466 0.9509967738041168
15 11 4 16 45190 0.9321512200713333
4 7 3 20 39634 1.050130018152174
22 16 17 11 37134 1.0835197910229022
22 8 8 15 47772 1.0111609413405918
20 21 0 17 69748 0.9366937205356429
1 10 29 2 84793 0.9798626494110241
8 27 20 14 57649 1.096940043265752
8 17 24 7 57166 0.9418941688023776
12 23 2 0 63063 1.065723025033441
28 17 22 5 54520 1.0867537843878188
12 25 29 22 43202 0.9734302500334779
1 24 20 14 61575 1.0987181608033774
19 23 15 16 34835 0.9465503420502335
9 2 14 19 53241 1.0605715171690708
18 25 10 15 42721 1.0634555389252602
15 17 13 6 49712 0.9524962499253509
4 29 22 15 79462 1.0645510786660233
21 4 26 15 48659 0.9425726286993333
16 11 12 29 65033 0.9942572314514014
27 9 5 2 64463 0.9583686101653618
15 13 26 29 72173 1.0432553175837211
17 7 7 20 56934 1.0437640788959521
26 18 20 6 42424 0.9131873760419543
22 11 9 17 48428 0.9001711923737011
22 3 16 28 73560 1.0040519067065328
27 9 0 13 85673 1.0416271210691943
27 27 11 11 78455 0.974662954638061
28 24 12 28 48768 0.9669718494870398
3 15 21 4 76860 0.9531312130064377
10 11 0 2 42359 0.9993971570557822
1 29 23 15 81680 0.959011685912257
3 18 15 15 56977 1.0217039684614002
22 2 29 8 29555 1.0533877612314306
27 21 11 11 71035 0.9411040146359921
13 12 26 21 69995 1.065102328082042
24 17 28 5 38077 1.0557698184748794
13 14 1 24 51380 1.059643121461487
27 21 10 8 74005 1.095237099185375
10 18 13 0 51965 0.9549791097861304
21 13 7 16 69768 1.0962690221186577
28 27 5 29 70162 0.9189672378175536
27 0 18 15 54311 0.9594083032488592
5 5 8 15 34254 1.004353162536521
9 11 15 21 43115 0.9392857128063536
5 12 8 26 41580 0.9059591988136999
20 25 8 10 57221 0.9810328247639842
16 20 3 26 50598 1.0576365327751702
1 5 25 24 83168 0.9605029104138239
7 4 6 14 25493 1.0244083018949626
13 7 16 28 70649 0.9662916557922028
6 0 29 15 88945 1.041942920822063
15 17 5 14 49818 0.9055226653954537
24 3 4 0 49272 0.9069462684666447
1 23 14 6 58374 1.043597456042423
19 3 10 20 61772 1.052179753852783
23 3 13 26 80373 0.9500835393565781
15 4 26 16 64011 0.9739120536971873
25 10 10 17 64710 1.0131984276401622
2 15 26 9 71094 1.0764582769469422
28 11 3 26 86016 0.966001319624106
19 9 22 0 38674 1.0532790631622517
4 17 5 0 48967 1.0749468408051728
12 10 28 16 68389 0.9837976308030605
3 15 13 25 51240 1.0486263031148417
2 17 10 4 48655 0.9637398743554169
5 21 17 24 35729 0.9384185107002503
0 18 10 1 59718 0.9233601105957301
15 28 15 7 68544 0.9464237360936705
11 19 22 8 61563 0.932705645130081
19 26 14 11 48006 0.9770531788480755
2 12 22 6 58224 0.9706418466397753
24 6 0 11 65997 1.015446448279992
22 16 4 11 74611 0.9430507191421855
23 10 20 2 34419 0.9494682312141675
29 3 3 12 84299 0.9327559745603053
11 27 14 18 48900 1.070534001108192
22 7 9 12 43525 1.0106963885500146
25 28 11 28 57552 0.9123815284870348
14 22 0 4 76908 1.0505381779806908
13 0 21 12 56407 0.9300919139954206
0 22 26 12 87254 0.9431495636557641
17 3 8 20 55956 1.0323628290807574
17 12 6 3 52203 1.0871097159006282
10 7 11 28 53790 0.9689007312898946
3 2 9 21 51554 0.9804946860554234
8 26 0 8 54572 1.0341247476190074
0 19 1 6 44864 0.984534352918964
11 8 15 0 34346 0.9812821744125306
11 8 10 24 38088 0.9706466213022148
16 26 6 11 55884 1.085448773792921
27 25 2 6 84990 1.0634941198021062
1 19 12 3 62092 0.9854740931112609
13 28 21 26 39307 1.0369905607952221
29 21 16 24 35927 1.065539207308959
29 8 20 10 34014 0.9163332938452576
18 5 18 26 46699 0.9834829826536496
1 11 10 7 32297 0.9602636576346609
26 13 23 25 41359 0.953631601213108
28 8 16 13 43846 1.0783307250801641
25 12 7 19 75187 0.9228714272163024
9 23 20 27 37168 1.0904252276741202
11 21 25 5 79059 0.9161813144463915
20 19 11 21 46429 0.9393562095295406
19 5 11 24 59093 1.0105579569827918
25 22 29 6 50971 1.0814955443879917
8 18 2 0 50258 1.0772376008842242
17 29 21 22 32356 1.00207672339416
28 7 22 12 31245 0.9793683084665414
6 15 13 12 35726 1.0946686079029124
7 16 19 17 56345 0.936530896679824
6 7 4 18 26349 0.9432639378101815
11 15 6 0 44702 1.0920593892486907
15 3 16 25 64711 1.0675484299333373
5 21 7 13 28196 0.9831673857684952
1 20 11 23 25818 1.0972893510922548
14 8 4 8 22101 1.0879299643275941
15 10 7 29 66873 1.0835588380532197
2 9 22 0 64698 1.0951930580036713
19 22 14 2 60437 0.9186130089379392
18 21 25 10 45488 1.0008936450523942
28 26 9 20 49041 1.0527320640260487
2 21 12 21 28575 0.9239686822663613
10 26 6 8 45063 1.0576018656204484
1 1 25 15 82723 0.9075167319620554
25 15 13 1 59257 0.9806225179595754
14 8 6 29 55437 0.9133984555340887
25 21 19 16 37262 1.0258885887071163
17 15 29 20 56359 1.0244083303333993
10 9 10 20 30103 1.038065273624341
4 5 0 25 60302 1.0110096456630646
16 26 8 6 61003 0.9477371895395685
5 8 0 24 45671 0.987902457937567
0 2 26 4 68633 1.0122778789967504
15 13 24 12 37280 1.096950527884734
19 24 25 20 23222 1.0320496306947693
20 23 20 12 41413 1.0343799323950058
22 16 22 27 50543 0.9628062339555472
24 6 19 23 45144 0.9122276368748929
26 15 16 8 41720 0.9168692680287065
28 22 3 20 59902 1.057223101584376
18 15 18 28 28964 1.0202543146579055
3 1 28 4 63307 1.0442692089765746
10 12 3 15 36542 1.0808303147014628
9 27 4 5 52119 0.9203774319793189
6 21 24 24 39454 0.9242574081677316
21 15 16 5 46122 0.981920895537898
19 17 21 6 35219 0.9416303637325781
15 8 4 0 39391 0.9574923852119919
27 26 19 0 78998 0.919462178950013
6 2 19 9 44239 1.0929273097993946
25 4 2 15 76382 1.0422599278287348
21 1 15 23 61564 1.048565703188262
6 8 10 28 48925 1.099897549445163
9 3 4 26 53100 0.9024279812890359
18 8 7 20 52358 0.9304270673859333
17 20 26 14 49613 0.9134899650983754
25 1 8 16 69289 0.9981791962463531
15 16 7 29 62897 1.0926355756521615
29 7 25 15 35925 0.9137392859457062
15 9 24 21 51107 1.0983002334945773
1 27 15 1 80825 0.9042976379280473
20 18 26 26 38847 1.0843158914770972
0 8 14 9 34058 1.062641166889939
1 4 24 22 86084 1.0507603335974462
3 13 26 28 88299 1.0465796820190607
19 22 19 7 39685 0.912534785235792
5 12 25 12 67079 1.0540055392316523
23 15 13 21 56177 0.9452529554408251
15 22 4 25 28921 0.992547919261549
29 1 28 23 66117 0.9279821106569395
19 22 9 6 53603 0.9278772841952255
18 2 20 22 54147 0.9917828543568834
27 29 29 7 74282 0.9834869087808039
8 18 24 23 39163 1.0661840047583837
0 21 25 26 67026 1.031201282435821
23 10 26 17 32003 1.0281828954726677
14 20 19 10 43309 1.077912028315839
1 27 22 17 75387 0.9411279570062159
19 17 6 5 55692 0.9559062902286428
17 25 12 18 42055 1.0458202229884825
8 15 20 12 51655 1.0007767693666687
6 11 29 27 78051 0.9973723869741185
6 0 11 24 57177 1.0756126670597634
29 14 9 13 73109 1.0381922752616244
5 15 29 18 81714 1.0559482961052882
10 1 24 8 44374 0.9077920690639858
10 10 14 28 57717 1.0682728359048972
15 20 12 13 42000 1.0322238952838418
19 26 29 23 29125 0.9515495745973235
25 25 9 18 43820 1.0123778164078028
2 6 25 4 57414 0.9895955703301812
13 1 19 9 33144 0.9773866110502204
18 19 25 9 41010 1.0873429887247048
25 8 11 6 33570 0.9831698464344526
20 29 16 9 62133 0.931015907527911
1 2 26 25 94825 1.0235617794176255
4 4 19 10 49653 0.9734924587479812
11 18 25 4 72244 1.0247370176104973
11 29 3 14 60171 1.0281945006372941
13 15 26 13 63768 0.9380250673138891
28 9 2 1 70992 0.9268797713930729
26 25 27 6 53908 0.9193529059656627
12 6 27 2 44024 1.0214678019743808
12 5 22 22 68561 0.9603218659818417
15 14 4 23 51258 0.9480029398659497
14 2 19 13 42703 1.016416573385824
11 29 4 11 59769 1.0979514612067613
18 18 3 18 52851 1.0951283213514862
29 23 23 15 31770 0.9183079477252394
22 29 12 20 58410 0.9711508951636281
27 24 4 2 86641 1.0825117040489058
28 27 23 13 49179 1.0348110579210896
19 28 18 4 57249 1.039708495405768
6 21 3 12 34658 0.9257419239594306
25 0 16 27 87589 0.9128983714155939
19 9 5 8 35093 1.0587599998812585
19 11 4 11 42388 0.9009918426892055
18 8 5 21 57956 1.002970863337464
20 21 10 28 47726 0.9624738056259546
19 12 25 28 56510 1.0797374895439595
19 19 6 7 57351 0.9633655318319398
20 5 7 29 85543 0.9739055820277308
4 8 16 29 80163 1.0275261878193953
27 20 2 1 98613 1.011529242412589
0 7 25 18 84381 0.9425136751411087
14 22 9 1 54292 0.9323257588784847
15 10 26 26 64346 1.0000479072384116
5 6 25 24 70061 1.0114603046500583
18 17 10 15 42366 1.0199677049544502
18 22 27 4 62567 1.0192639542376571
27 18 18 22 34926 0.9823699717751991
12 21 7 3 55432 1.0546479608490789
15 7 7 28 65704 0.9947221156594754
14 23 4 19 29070 1.0379270684657387
29 7 8 19 74029 1.0845677519543473
10 15 27 25 61077 0.9291274416479193
25 28 12 5 80109 1.012096060673321
17 9 28 23 52283 0.9093822683049168
18 17 16 9 24152 0.9817765528439468
26 25 2 16 66092 1.0932422203199972
22 4 4 6 53114 0.9476050318128921
14 3 9 20 44165 1.0346077643516358
18 15 8 0 52272 1.0893830797924386
20 15 29 28 63969 0.9451934598900857
15 23 9 11 32762 1.0564176830940706
28 4 4 29 105120 0.9002056485153247
4 19 9 4 40757 1.090815889387071
29 12 15 6 49537 1.0752232375844828
14 1 1 12 54317 1.0101302774870966
2 1 29 0 62049 0.9290780146444958
1 17 6 9 33931 0.936771809981287
10 16 23 3 65874 0.9458289912343473
10 19 17 27 45318 1.0592754393311015
12 25 19 11 46437 1.0462540556982747
26 18 5 6 71592 1.0495249695291973
12 25 19 5 60971 1.0540579474546434
18 15 10 7 36634 0.9374123926674469
11 11 9 26 33443 1.0238597707846384
3 0 25 7 68224 0.9579815410529411
5 22 6 1 45207 1.0537669583650726
25 1 12 14 66840 1.0614783476182972
12 8 11 27 57410 1.013599336491104
4 22 11 26 27070 0.9203051273738098
20 24 10 21 29601 0.9353359570181946
23 20 8 11 61747 1.0212447105403133
20 21 24 14 38667 1.0278419753219228
16 27 24 13 54838 1.015960074243625
8 16 18 2 55954 1.014903906646968
23 28 10 15 62681 0.9824496826378523
21 18 22 3 49671 1.0085342094564569
20 20 2 8 70599 1.0246341296731694
17 22 6 1 68884 0.9179207794461482
10 26 5 18 29966 1.0058303708530354
0 1 29 13 93585 0.9244083706261994
0 13 25 15 95017 0.9355195817191231
6 4 7 26 45985 0.9785570265372694
20 15 27 1 59399 0.975034961089893
12 16 27 5 74688 0.9360295671468223
19 0 2 4 46637 0.9454076900523419
28 19 8 5 79878 1.0157129355540508
26 18 1 6 79923 1.0273532596503703
9 3 21 2 33760 1.017052440539817
14 3 7 23 52636 1.064177145798189
25 24 19 7 48800 0.9374877953010488
26 18 3 11 81170 1.080005423489756
20 8 6 10 34610 1.0104342507089512
9 25 13 15 41900 0.9627410426740204
12 19 26 15 67357 1.0617868910779458
20 28 20 3 68538 1.077257861229364
29 25 15 10 64734 1.0926935418567678
3 4 2 15 32173 0.9129538968313521
24 19 8 13 59669 1.0488873909256222
3 26 4 2 62334 0.9399437911367922
1 12 6 4 33043 1.085409329507236
20 26 0 7 86761 1.0762070352525055
16 22 15 4 61640 0.951180953265
10 14 2 6 33398 0.9847744368105978
9 27 18 26 29493 1.0700922558706465
24 26 1 10 80260 1.0938187907407406
16 28 3 18 61094 0.9050906122930235
28 29 20 6 72571 0.9560174229720239
8 4 29 0 57125 0.9829165105965799
27 27 13 19 65386 1.090748454219128
13 1 7 29 71286 0.9824627427063418
21 27 24 18 37318 1.0636317881444042
20 29 11 16 67865 0.9159002812833141
19 5 1 18 70828 0.9012052236150595
28 26 23 12 46922 1.0063585869227498
27 11 21 0 45233 0.9940576792662432
15 29 28 25 50259 0.9693860042908874
29 20 15 7 70339 1.0611594853411994
0 27 11 22 43003 0.9593717385214876
11 15 14 1 47007 1.0827013233514289
2 26 5 11 40511 1.087758417621316
29 19 12 10 74747 1.0868599041625067
28 7 3 3 66334 1.087602911602968
26 9 3 17 77845 1.0508917944361955
2 3 11 12 42848 0.99812447755891
6 10 16 6 29376 1.088397563055999
21 27 23 15 49446 0.9717582641710534
23 26 12 18 55061 0.9289704858843791
10 6 10 28 49171 0.9800529121955661
20 23 15 1 59598 1.0885571978017115
17 0 22 5 35375 1.057012641344658
22 23 20 0 68063 0.9509186058283128
13 22 24 24 29895 0.9503923816584082
24 1 21 12 37508 1.0889419884866676
5 29 19 18 53984 1.047912847197694
13 4 25 18 66885 1.0342804300210882
20 8 3 3 47405 1.0262580265303907
13 29 12 18 50567 1.0971756577029506
4 14 4 3 31494 0.9579996497954444
2 16 6 1 40560 1.0436629627522718
14 29 25 15 66582 0.9995295538367022
18 6 23 24 50509 1.0618753537040821
28 21 24 27 22667 1.0743866052954505
29 22 21 24 22526 0.9358831369707774
10 8 27 10 46961 0.9956459004291276
26 6 6 10 51245 1.0123733954339733
2 17 17 27 58303 0.9086884576600568
4 9 13 23 45859 0.9191933256681979
29 24 4 8 77970 0.961154025725345
27 29 14 7 84892 0.955334490579536
16 9 26 27 67245 1.0906413313057988
24 24 0 20 56562 1.043830339086497
25 3 14 24 67563 0.9972476663346083
15 8 17 25 49764 0.9513626066394538
5 3 26 21 85225 0.9378524462543169
22 16 14 29 71414 0.9474977707939098
4 15 7 5 32066 0.936270606489163
21 2 25 15 42774 0.9937228146850903
6 11 16 21 52739 0.9770455193217564
21 14 3 7 64031 1.046398962991712
11 15 25 6 62391 1.010221698181183
25 2 19 23 56311 1.0320426797321907
24 26 2 9 77169 1.0029606070753034
1 15 1 4 37321 1.0321995078536808
18 7 29 6 27983 1.0375634208020466
8 7 7 25 44530 1.0894218611115833
8 27 4 18 32748 1.098008962851266
28 19 4 20 66663 1.048178857851581
7 23 21 3 69567 1.054089456239985
0 0 1 27 78263 0.9625335779473527
24 27 10 1 79588 1.044232523498148
28 16 19 8 46107 1.0942803831937225
16 13 8 17 46210 1.0870841233269168
23 26 23 11 38449 0.9917761202767759
5 11 19 4 48516 1.0904240401241725
22 4 7 3 43985 0.9135973453045906
13 14 27 22 62427 0.9702390232857894
15 21 0 27 54562 1.0441596286697128
28 10 4 28 91036 1.0708869194782613
1 7 12 0 41335 1.079954218030183
7 18 3 24 21430 1.010726311939449
14 9 17 20 42890 0.9580274781121991
20 0 26 17 63247 0.9330605660522076
14 17 10 8 45052 1.003523232178616
9 29 13 3 59708 0.9850525944921893
14 12 5 19 48560 1.0912820615074383
1 0 10 17 58171 1.046019135728918
9 29 28 0 98216 1.0275418243247179
22 3 7 28 87254 0.910763175171564
28 16 3 25 76608 1.0206777306371144
1 10 28 3 79392 0.9831382361103965
18 28 3 28 53265 0.9184583194600692
21 12 28 19 48650 1.084443514018974
12 1 24 12 49066 0.9503167575035385
20 2 8 9 44560 0.9072168164575787
6 11 8 23 26873 1.043759220172409
14 27 3 1 79344 0.9226119166938819
8 7 24 16 54671 0.9970523479268705
12 10 23 18 53851 1.0116607846416361
4 17 24 25 55623 1.0190498895106146
23 8 28 26 49998 0.9322765891128709
17 29 28 27 49366 1.092954548186683
11 26 24 12 62368 1.0079503370586864
2 10 24 9 55028 0.9679779033925708
4 25 23 15 62232 0.921189920165442
28 3 4 24 91015 1.027680263026237
16 3 24 20 55542 1.0711990543905368
14 25 28 20 43530 1.0683317719404666
5 3 9 25 50173 1.0638834689321994
25 16 11 19 65500 1.0333838601981413
28 6 22 15 40690 1.0070223818926556
10 19 6 3 42929 0.9340275609513222
9 2 4 26 54908 1.0051315189289425
21 23 3 10 63643 0.9988184354038364
26 27 4 5 90002 1.0848690118291975
24 10 2 8 51874 0.9396559383380927
9 11 22 18 54758 0.9171032151408649
24 16 29 22 28287 1.0590659431313616
13 5 26 11 48226 1.0773619211678371
15 26 9 3 60783 1.0420288158455284
2 13 17 13 61448 1.0570143296279697
26 5 15 24 65248 0.9496766523161699
25 11 6 17 65144 0.9505616808131019
0 22 29 19 76912 1.074911724813787
22 12 7 7 54839 0.9931937491590225
25 26 5 19 57886 0.9620264603706358
25 4 26 24 50552 0.9198055372055931
2 18 12 17 39403 0.976945297901352
6 29 7 8 41265 1.0686238092783304
12 23 6 15 25458 1.0311250649607282
12 14 2 17 46927 0.9726430585567507
21 1 15 9 35191 1.0165630422852643
25 28 7 17 61649 0.9955092048835468
5 7 25 18 70199 0.9941972859986024
8 15 12 9 28314 0.996574165324071
29 13 0 5 91119 0.9090122876215787
25 22 10 4 74818 1.0935152616270176
26 10 0 18 88945 1.0074980330404946
11 5 9 17 32210 0.9145550111744559
12 11 11 25 44866 1.0547121217695086
0 29 21 26 75653 0.9913940286809886
6 22 27 8 70600 1.054132106398795
17 15 1 26 63801 1.020980223364145
22 4 23 18 48309 0.9616756023546891
24 27 28 6 55019 1.0626185735396776
7 15 18 22 45826 1.0217190288162983
18 22 3 0 80506 0.9278862877489451
25 26 3 29 69178 0.9994865808989644
6 29 14 11 52941 0.9894691233191563
22 0 1 23 89992 1.0875724172926957
2 24 22 4 90026 1.0596325493992367
16 9 26 26 63050 1.047628986509643
19 19 13 23 24060 1.0037389179128875
26 21 21 13 45726 0.9603749278036782
4 1 0 28 73371 1.0569808987789702
19 3 20 19 49385 0.909004285360974
11 16 22 1 70400 0.9749459274313635
26 21 1 2 96700 0.9992625320694606
7 4 21 20 75395 1.0631097937705394
23 27 3 14 78398 1.0970029622773065
4 26 18 25 37436 1.0533918166940333
19 27 11 3 72716 1.033321268962529
22 27 10 13 70601 1.0925620644452436
0 18 9 4 51714 1.0966435926190559
25 18 22 2 44353 0.9959317930467808
6 7 0 22 49448 0.9677528688945282
9 12 17 28 51706 1.072329408843927
17 25 28 15 56238 1.0168162886792484
13 21 10 1 62779 0.9125957064205017
13 23 13 3 53975 1.0200840367866117
1 13 18 2 67683 1.0202658191538334
12 29 10 13 52377 1.021588090422689
2 18 28 5 88056 1.039822181695663
24 16 2 18 65444 0.9397261739603355
23 25 24 5 48007 1.0947300740188268
25 28 26 15 42820 1.033839193691696
29 9 4 16 78012 1.0602104047067016
25 27 17 13 55318 1.0884361436976477
1 8 11 28 64641 1.0552445327983264
18 8 29 7 26714 1.0747756256188115
16 24 7 7 54376 0.9853361415041975
9 15 27 20 62058 0.9726583225069995
0 16 28 13 107943 0.9939913965428866
24 7 8 21 65531 0.9924576788878176
22 8 3 16 67991 1.0397356934135271
11 3 0 28 73446 1.0518672916977572
17 24 26 15 43921 0.9244238291563559
11 28 11 12 53977 1.0935163798074885
6 14 27 3 68302 1.0044643536638729
4 29 24 3 94816 0.9382188582506292
6 3 29 24 82676 0.9465436422740077
29 28 7 13 82857 0.967818690372286
23 29 5 23 52457 0.9610252713960065
7 7 22 21 75533 1.020772699171181
17 22 5 11 53359 1.0766821184819468
9 27 26 16 61050 1.041445480971387
10 13 24 9 49913 1.020309151396198
20 22 8 29 44362 0.9946919562627672
3 29 29 27 80293 0.9256406153282485
1 23 10 15 35835 1.0256036532344273
26 21 10 28 53991 0.9410487530247823
14 14 26 27 66223 0.9121098201345335
29 23 4 25 49676 0.977221543396916
12 29 22 18 60758 0.9665166643378031
10 29 8 6 52259 0.9571103018466169
11 25 2 8 57135 1.0239840917653478
29 15 9 26 71991 1.0386960614007221
26 5 12 26 79251 0.9074765492656327
2 20 17 29 54682 0.9267700713736505
2 19 15 18 49234 0.9826216007639245
26 0 6 21 83584 0.9858450319780883
7 23 0 13 46121 1.0888886459344829
6 20 25 29 57830 1.0976490951290008
9 8 22 6 33608 0.9789866211612571
24 0 8 21 77457 0.9290389672789148
12 2 27 10 60068 1.092994331304833
9 12 14 27 45357 0.9401542229836424
2 17 13 20 47053 1.0378124976774745
23 13 9 27 63999 0.90942388696638
19 10 1 14 63028 1.0603781975938444
12 5 29 13 63408 1.0354574836029062
27 28 22 2 73184 1.0982989813670083
21 2 14 18 59284 1.0213831458393279
28 28 25 10 56521 0.9596739217906564
16 4 19 19 49995 0.9111855504334428
10 0 29 22 88078 0.9740074243259625
21 0 4 0 45408 1.0841133238261615
27 26 23 0 73914 0.9776209789187553
4 16 6 1 38299 1.0707109390673604
7 23 28 12 71901 1.0930283128850309
4 19 17 22 41753 1.0757535258564743
24 6 6 16 57910 1.0025541403320781
26 10 1 16 84957 1.0350519039293662
9 20 0 19 39004 1.0448330654092335
0 13 6 29 54410 1.081514604581065
16 12 1 0 68646 0.9568773576775399
8 20 23 5 70397 1.0661874045627815
2 24 29 6 90279 0.9972550065324578
7 20 20 28 49361 1.0812410094042686
28 20 13 6 70972 1.0989863394861714
19 2 18 21 45040 1.057826908952276
15 23 20 29 30334 0.9162038348876285
14 27 26 22 43207 1.0363436234681116
18 3 2 24 74786 1.0167075395762044
13 24 25 11 52597 0.9885669628514211
23 0 1 1 53329 1.0085249142898247
19 0 3 26 86494 1.0853504401726823
17 9 5 14 46274 0.9488338229545171
6 18 15 15 47400 0.9183156892059923
17 24 23 16 38940 0.9548489892366623
16 28 15 19 43843 1.0672676769806304
3 27 2 4 59280 1.0537624759213602
12 8 1 17 48584 0.9643159068885114
23 27 2 15 73896 0.91904239109144
16 28 23 18 44988 0.953647446308699
4 17 23 15 73744 0.905901288116314
4 21 7 4 47936 0.9305782187317897
23 6 10 26 74320 1.0701423122136087
7 11 10 4 24706 0.9751947665565327
23 24 8 17 44634 0.9348984333477001
19 17 21 8 29942 0.9912400187353485
1 18 12 0 64542 0.9535147805862009
23 10 24 23 33228 0.9983778219677096
20 17 24 4 49608 0.947865687495763
24 8 4 13 55454 1.0677456208591711
12 0 1 29 84795 0.9124124360871226
27 21 3 5 93508 0.9276262549966727
13 5 27 12 56766 0.9192854575099508
20 17 1 11 72054 1.081023939729481
29 26 16 5 76367 0.9195246605901822
0 14 19 17 74920 1.066831684290518
9 18 18 16 37625 1.022671573265642
27 1 12 2 36800 0.9695729191785043
12 25 21 17 46212 0.9217947276281355
6 4 23 25 78314 0.9058710904291619
29 27 22 1 73212 1.0152426973077597
3 17 11 28 48350 1.080498006391815
12 6 29 29 90830 0.9491105189146136
8 28 16 6 62299 1.0664346382239533
4 7 16 8 29604 0.9702935088381297
3 2 6 26 53863 0.9978536350692976
12 7 22 11 35548 0.909492949286651
1 15 23 24 65615 1.0410320659305943
13 16 0 10 68087 1.0211563510314956
12 15 10 27 47033 0.9996457205992765
24 26 12 20 41397 1.0193926771124096
9 8 21 23 50178 0.9498698325671883
22 20 11 23 37071 0.9880560856703353
28 23 18 19 27542 0.9012621662447093
3 28 11 6 63258 0.9932135530483694
7 15 10 6 29587 0.999486018676393
11 1 8 19 44394 1.0823854177550305
19 1 26 12 43597 1.029215807675626
29 26 26 11 49551 0.9078865826854017
27 18 12 15 67943 1.047724297314097
2 21 4 0 53384 1.0671941880433835
6 4 14 11 35880 1.002247499968032
27 3 29 11 35667 1.0024889284718537
11 12 6 24 41659 0.9640463874422822
9 13 22 4 56485 0.9136988295697794
16 13 4 3 60751 1.0431590983735461
22 27 20 10 66198 1.0846198348327951
20 22 11 17 47832 0.9763555127026853
13 6 25 18 52810 1.090774190671656
16 12 8 26 59610 0.9639358214822356
23 4 12 6 38624 1.0541993708508284
2 18 1 29 31582 1.0272371787340973
16 25 26 11 54967 0.9404223907963263
17 22 27 1 69138 0.9478195887631038
12 5 7 29 65774 1.0626998077934797
28 16 23 8 37977 1.0771655587675797
18 29 29 0 87515 0.9053636525184577
16 12 10 8 33139 1.039819565560615
25 8 28 28 57373 0.9883496385205022
8 23 27 2 82562 1.0328124109171455
2 15 21 27 73733 0.996870000138659
17 14 24 20 38763 1.0621608055538112
23 5 14 9 35916 0.9503822875892618
18 17 2 17 54993 0.9735156678752555
15 27 14 14 58934 1.0910642215902704
26 18 14 29 61016 0.9182236547002339
18 26 9 24 23626 0.9879513307469323
17 11 1 3 56148 0.9863774726788318
7 22 22 0 83474 1.0653718943114519
21 15 3 15 80448 1.0595940667142696
28 0 5 27 105682 1.0508752470032885
6 2 24 11 56776 0.9679011674208312
6 19 16 18 39435 1.0197693703161803
20 22 24 2 60083 0.9906499400081765
20 4 22 19 63904 1.0690375488531851
28 10 19 11 31044 1.045532742007407
12 7 1 8 28321 1.0626795357097623
0 21 18 16 60048 0.9584193640311882
20 28 27 18 48460 0.9923521349313491
25 29 2 26 64861 1.0981976944756133
18 22 0 2 79550 1.0549858889617
14 25 7 0 66166 0.9543419538360661
19 15 14 29 55729 0.9664792704963512
5 7 26 26 82389 0.9440229930995355
16 15 19 2 43340 1.0934719748545292
20 1 19 27 68306 1.0907065547544113
22 1 3 6 48506 0.9624676603984379
10 13 27 20 71386 0.9359641003817889
17 7 27 8 24111 1.0979453509517054
10 22 6 28 18520 1.03361896096409
3 27 0 14 45099 1.0366694866097674
6 4 28 10 61620 0.9619975169470052
20 29 2 17 66722 1.0503243850604398
27 17 10 19 66623 1.0161696766582704
28 18 1 11 93877 1.0431759676648684
29 23 16 19 40963 1.0805833821337538
12 23 29 20 44564 0.9095238217828219
7 8 17 28 64255 0.9002520101975142
16 5 1 23 68531 1.050803862248356
0 21 6 25 27048 0.920097866702237
1 11 9 9 28193 0.9831099967140573
21 11 15 21 45550 0.9653693347581667
15 15 25 12 48304 1.0493490527462965
16 7 4 24 59712 1.0801323660808733
3 27 7 0 69781 0.9131352911963712
8 6 7 18 29775 1.0143892426545704
1 0 19 6 55044 1.028489893162448
19 25 8 10 51942 0.945042425587226
21 6 2 20 73736 0.9522795502790109
29 25 16 22 35575 1.0610383952821907
21 11 17 24 38318 0.9223467906075493
2 9 14 27 68420 0.9350744829452754
29 17 3 12 102812 1.0773398389030646
6 9 18 24 50509 0.9369949972449679
9 11 28 9 50219 1.028916080542103
22 6 22 20 42997 1.0933902926927141
10 13 26 16 70686 1.037541213390553
8 23 26 18 46091 1.0687400898045818
1 3 7 28 62167 0.9194583146611965
6 26 25 20 47507 0.9910270469610973
19 22 12 6 52038 1.0815212722659167
5 27 25 12 76738 0.9038339333986948
5 15 20 3 60254 0.9362147497747602
22 10 28 29 64812 1.041103525119119
23 0 23 28 70278 1.0466112683081557
10 17 14 11 31702 1.0191228622881747
12 12 11 27 58027 0.9188389319266407
6 17 20 22 44033 1.064950244841027
16 3 26 16 59243 0.916518188930735
19 3 1 8 50492 1.0678351065321083
25 24 8 5 68161 1.0594262483525634
20 9 19 21 38907 1.0237141161494936
9 2 26 28 84645 1.010299271208194
13 21 22 4 82754 0.9789524032005397
14 1 24 4 26946 1.061900777186241
2 8 17 4 51100 0.952639331616563
9 2 21 23 60176 1.0839895703230862
21 8 12 11 29771 1.0466978628352246
7 22 22 16 62558 0.9123151014898189
16 13 18 22 30407 1.0013779114386614
21 22 25 3 58267 1.087639859256308
6 28 14 18 41325 0.9105373184684252
15 27 7 3 71321 0.9696195735783284
19 6 1 29 87543 1.0987585735213894
3 22 28 2 99255 0.9322021186816215
16 10 3 5 49238 1.0894216170432989
28 15 18 8 44626 1.0526314462929238
21 26 10 9 67403 0.9983109939641871
0 29 13 5 88653 1.057598333824119
6 9 22 10 50047 0.902137799640452
22 24 4 12 64342 1.0025276597012855
24 21 5 13 64440 1.0358893479798363
24 14 9 10 49085 0.9292855289296567
20 23 2 22 33974 1.0626663690973635
22 13 4 20 76461 0.9590943609726006
3 25 27 5 93844 0.9369432840874771
20 3 16 19 50156 0.9337273349446508
2 24 28 18 66256 1.029008879838084
9 20 23 17 50112 0.9958231845291444
29 29 3 25 75209 0.9052234838339958
18 9 14 22 42058 1.0919859676055288
21 9 26 0 37088 1.0831909518616363
10 12 17 22 49487 1.0746169500091012
5 14 27 14 79794 0.9342960819904185
19 19 3 6 64574 1.0966621731807256
24 6 20 24 46820 0.9955665307883708
21 0 11 0 33642 1.0257113121555137
26 5 3 23 82423 1.077484080339385
15 20 20 4 59930 1.0184413240271184
9 2 9 28 49200 1.0536301719340673
21 14 7 17 64773 1.0775199667044848
5 18 20 5 63061 1.0512955847423924
10 6 5 24 42972 1.0752725071627438
15 14 5 29 64882 1.0447333676655426
24 13 0 0 82214 1.0024075039631248
23 24 13 0 80540 1.0393254326217112
28 4 12 10 54284 0.9032685277497899
20 14 17 21 30757 0.9766516285002276
11 19 3 10 48066 0.9390489555840767
26 20 8 19 54313 1.0753688998457602
7 14 27 14 75492 1.0616953253210828
4 21 14 19 40667 1.0409577654929525
20 28 2 13 70650 1.064581469352003
16 15 0 9 73156 1.0430176975142302
10 29 16 2 77212 1.0809179649104736
1 17 28 26 75213 1.0798671302258225
20 29 23 4 82926 0.9395901725223645
23 28 27 4 66978 1.0024968792038114
9 6 14 11 25022 1.0308031279240812
14 9 13 19 48361 0.9630924845049048
2 6 23 11 58524 0.9564754282610677
6 3 10 20 44284 1.061282276030282
29 18 8 1 85641 0.9980614277996943
3 20 16 5 65787 1.008362755039781
4 23 8 5 43030 0.9952267676588552
24 19 2 8 71824 0.9075507284415237
15 21 29 13 70093 0.9220374671115837
1 24 14 4 70730 0.991910970502744
1 13 26 11 79586 0.9662827264642003
0 8 25 8 52700 1.0085599174406337
19 26 0 29 66380 0.9984248722741562
0 14 14 19 64272 0.9709299170053112
19 29 2 21 50455 0.9937824060808705
27 26 20 1 73850 0.9671633715320018
10 10 29 29 85542 0.9139131896978983
28 11 21 18 38531 1.0633046327282911
3 0 29 26 107264 1.0030917884450257
13 0 3 16 67115 1.0700425945189804
13 22 3 11 51329 0.9717454884481334
3 27 12 28 44122 1.065285065743824
15 27 22 14 59602 0.9171282037142977
21 22 27 1 67451 0.9396158642007907
19 9 24 17 33528 0.9486223233552928
22 18 25 8 30877 0.977759951725916
7 11 21 22 55705 1.0250397616040943
5 19 3 6 35485 1.0188543532904344
19 13 17 29 47538 1.0227800801751346
25 2 2 9 65865 1.0920095029657746
4 22 1 12 38143 1.009855164348991
21 23 28 17 33233 0.9108022828744536
11 27 24 3 88005 0.9361760087380285
21 8 10 18 50095 1.0033433190912597
21 6 23 28 57014 0.9155782775400239
5 6 15 26 62669 1.036904134103469
21 21 10 1 78101 0.9738807830475179
29 12 27 26 58695 1.0863748258512071
25 8 0 22 84791 1.0392250669234593
23 20 29 24 21542 1.063974950524182
21 6 29 20 57670 0.9823955870186926
4 10 15 2 43672 0.9491902084998127
16 23 4 20 30134 0.957551682111732
28 16 21 0 64938 0.9389189820660215
5 19 16 10 55438 1.015009772783113
12 11 1 14 39848 0.9208711638803593
22 23 13 9 55941 0.9096793489515023
27 16 13 3 71841 0.9960602089131751
22 0 21 27 85252 1.043984068990394
20 3 15 27 72777 0.9532827152449663
18 20 20 2 46486 0.9041601040636805
