4506 4263 4407 4423 4279 4362 4324 4557 4462 4547 4570 4492 4448 4534 4486 4451 8914 8582 8647 8663 8600 8589 8779 8836 8764 8944 8885 8970 8687
7936 8236 8119 8171 8343 8401 8204 8419 8112 8198 8409 8244 8243 8173 8434 8259 8197 8144 8055 8150 8103 8112 8395 8280 8060 8377 8328 8206 8290
6350 6278 6276 6636 6537 6316 6236 6460 6352 6296 6437 6326 6491 6456 6470 6506 6269 6510 6566 5047 4779 4879 4902 4873 5079 5056 4918 5032 4964
5814 5649 6000 5753 5912 5649 5719 5681 5674 5775 5795 5657 5969 5800 5956 5842 5884 5682 5976 5862 7059 7155 6866 6994 7201 7103 7246 7062 6901
6526 6485 6668 6666 6638 4943 4867 4867 4790 5022 4910 5057 5063 4824 4857 4994 4859 5108 4907 4838 4954 4826 5020 4747 4703 4748 5026 4886 5066
7102 7395 7292 7041 7153 7030 7127 7387 7191 7286 7169 7298 7137 7029 7179 8466 8651 8588 8509 8631 8717 8850 8663 8662 8856 8684 8724 8678 8665
8617 8587 8601 8866 8719 8537 8590 7629 7524 7678 7533 7504 7455 7741 7632 7525 7818 7797 7637 7489 7564 7443 7693 7465 7634 7651 7712 7655 7606
5933 5886 6234 5882 5860 6007 6128 6167 5160 5437 5418 5243 5517 5473 5338 5325 5270 5200 5410 5486 5268 5468 5345 5127 5377 5180 5118 5130 5163
7838 7837 7749 7690 7854 7845 7680 7848 7618 7527 7876 7676 7573 7663 7893 7589 7686 5843 5701 5781 5801 5756 5837 5807 5569 5663 5612 5469 5847
7635 7364 7371 7341 7349 7611 7368 6008 5684 5669 5850 5729 5649 5787 5986 5683 5907 5956 5664 5618 5676 5852 5661 5879 5936 5740 5865 5850 6015
6153 6038 6347 5982 6063 6256 6073 6042 6164 6054 5975 6129 6080 6242 6023 6260 6283 5987 2091 2195 2296 2160 2184 2281 2006 1973 2202 2132 1994
4651 4566 4704 4687 4689 4699 4602 4720 4796 4746 4743 4589 4618 4618 1362 1446 1368 1122 1161 1239 1394 1164 1252 1173 1202 1228 1411 1253 1221
5694 5698 5681 5448 5782 5581 5669 5502 5841 5836 5436 5684 5529 5620 5775 5656 5541 6151 6361 6396 6316 6382 6284 6299 6070 6074 6385 6082 6173
8554 8554 8418 8325 8609 8396 8271 8510 8347 8372 8586 8544 8532 8632 8409 8632 8391 8367 8442 8550 8395 8411 8507 6151 6049 6180 5814 6103 6010
4053 3784 4033 3738 3943 3956 3778 3856 3891 3705 7265 7257 7272 6994 7226 7144 7371 7041 7152 7329 7290 7183 7306 7073 7121 7328 6987 7382 7268
4149 4188 3994 3963 4067 3925 3935 3938 4106 5169 5035 5110 4917 4929 4974 5070 5047 5238 4939 5213 5051 5161 5094 5068 5251 5223 5291 5167 5009
4149 4200 4037 3865 3859 4007 3942 4205 4192 4105 4766 5114 4810 5102 5035 4974 5028 4779 5091 4761 4887 4777 4805 4942 4866 4812 4964 4978 4900
6029 5800 5918 5998 5881 5903 6015 6136 5982 5836 6182 5896 6183 5839 5936 6096 5899 5984 5973 6072 1774 1640 1721 1809 1510 1848 1640 1743 1561
8677 8684 8421 8496 8294 8522 8489 8588 8558 8637 8307 8319 8329 8660 8535 8572 8499 8447 8653 8580 8350 8550 8633 8350 5763 5683 5474 5707 5698
4341 4237 4140 4317 7337 7632 7329 7320 7622 7557 7521 7561 7466 7315 7455 7587 7613 7394 7585 7612 7290 7616 7405 7627 7563 7287 7410 7331 7490
7504 7523 7714 7369 7396 7607 7447 7356 7637 7415 7554 7459 7462 7663 7533 7871 7697 7623 7790 7572 7785 7895 7608 7698 7882 7908 7752 7706 7674
2258 2038 2350 2199 2255 2177 2283 1982 2274 2090 2142 2011 2178 2039 2287 2197 2171 2122 2260 2250 2247 2288 2085 2170 2175 2216 2256 2229 3241
5960 5961 6270 6228 6059 6194 5942 5900 6156 1630 1371 1502 1621 1284 1325 1496 1458 1501 1541 1493 1456 1363 1547 1383 1662 1623 1636 1316 1421
6758 6784 6879 6774 6864 6801 6536 6623 6707 6748 6489 6606 6843 6522 6503 6661 6548 6766 6668 6635 6750 6597 6712 6481 6622 6742 6705 6634 6388
5628 5786 5844 5838 5878 5872 5795 5810 5796 5588 5605 5607 5610 5770 5956 5564 5587 5956 5706 5676 5866 5898 7158 7027 6873 6790 7179 7038 7020
6976 7150 6995 7316 7174 6996 7232 7106 7139 7203 6993 7218 7027 7202 7299 6990 7008 7121 6989 7011 4392 4119 4143 4218 4025 4019 3999 4270 4171
6586 6636 6360 6580 6557 6485 6482 6526 6391 6446 6534 6321 6545 6292 6607 6547 6349 6451 2492 2474 2428 2507 2564 2438 2400 2175 2416 2184 2252
3542 3310 3404 3337 3409 3565 3385 3447 3579 3593 3640 3257 3466 3261 3370 3482 3577 3566 3505 3321 3334 3412 5581 5561 5498 5504 5603 5572 5447
5478 5191 5290 5239 5214 5478 5435 5214 5153 5320 5198 5184 5384 5393 5438 5273 5216 5143 8864 8715 8946 8901 8789 8664 8733 8876 8721 8628 8627
3811 3863 3975 3684 3774 4008 3903 3853 3914 3676 4008 3945 3850 6265 6297 6489 6247 6122 6213 6300 6345 6294 6328 6392 6143 6462 6129 6448 6279
4875 5302 7904 3857 2218 2141 6431 5324 2197 7648 7330 4352 6572 2983 5794 8308 5787 6981 5818 1692 2908 3714 8080 8346 1139 7216 3783 7136 1830 2171
4900 5349 7838 3639 2322 2466 6175 6358 2453 7972 6984 4460 6532 3025 5532 8324 5885 7220 5632 1537 2865 3182 8072 1276 1291 7231 3858 7160 1456 2479
5024 5284 7723 4012 2266 2484 6093 6713 2414 7980 6985 4191 6505 3085 5809 8523 5789 7040 5422 1703 2740 3436 8112 1229 1433 7514 4099 7158 1782 2459
4777 5388 7767 3732 2148 2268 6418 6462 2205 7715 6998 4297 6728 3102 5664 8626 5694 7255 2888 1493 2993 3136 8246 1348 1124 7280 3834 7532 1748 2165
4794 5008 7893 3102 2534 2163 6292 6452 2411 7969 7183 4227 6654 3190 5457 8613 5727 7254 2677 1511 2797 3394 8319 1289 1455 7417 3830 7300 1741 2324
4890 5168 7835 2887 2273 2097 6099 6693 4700 7765 7230 4550 6579 3066 5753 8586 5766 7135 2856 1550 2869 3096 8099 1379 1071 7433 3907 7188 1745 2116
5029 5223 7795 2914 2501 2290 6158 6725 4459 7961 7205 4543 6877 3182 5496 8446 5791 6945 2875 1581 3039 3235 8343 1268 1205 7492 3929 7513 1716 2332
4957 5109 7726 3001 2531 5681 6469 6393 4535 7825 7084 4452 6515 2989 5404 8703 6007 7197 2977 1837 2895 3116 8282 1317 1453 7334 3974 7167 1543 2184
4717 5173 8057 2909 1785 5953 6452 6525 4440 7950 7027 4210 6682 3237 5437 8403 5722 7108 2839 1586 3035 3304 8350 1279 1178 7221 3797 7366 1616 2364
4763 5102 8015 2881 1619 5870 6132 6439 4425 7977 7081 4457 6699 3141 5777 8669 8677 7001 2717 1839 2989 3228 8060 1418 1310 7559 4094 7485 1696 2365
4844 5179 7945 2946 1648 6001 6463 6618 4399 7848 7332 4464 6613 3253 5529 8396 8699 7081 2917 1654 3028 3135 8254 1229 1129 7347 2404 7380 1650 2481
5049 5081 8034 3112 1828 5950 6264 6365 4358 7618 7289 4259 6898 2703 5771 8599 8479 7270 2857 1559 2827 3219 8205 1358 1450 7417 2409 7495 1823 2392
4742 5006 7798 3188 1818 5943 6426 6703 4401 7642 7159 4532 7095 2659 5427 8312 8524 1392 2678 1666 2929 3260 8324 1110 1161 7559 2630 7463 1541 2331
4877 5406 7916 2894 1973 5770 6131 6422 4614 7670 7219 4179 6742 2396 5546 8626 8586 1382 3025 5131 2969 3327 8260 1157 1108 7498 2464 7484 1529 2120
4739 6822 7855 2950 1747 5858 6336 6662 4731 7601 7295 4398 7008 2577 5625 8356 8759 1414 3008 5443 3018 3137 8062 1313 1333 7274 2430 7470 1628 2174
5037 6815 7914 3185 1867 5952 6148 6735 4680 7675 7212 4480 6841 2371 5766 8489 8827 1473 2666 5415 2906 3444 8000 1359 1110 7515 2615 7339 1606 2422
5042 7161 7828 2800 1614 5836 6261 6720 4539 7807 7208 4173 6775 2525 5478 8423 8567 1278 3012 5165 2688 3141 8372 1182 1410 7364 2505 7290 1725 2442
5084 6841 7929 2938 1671 5732 6246 6734 4353 7875 7004 4515 6709 2604 5616 8628 8765 1311 2970 5478 2959 3449 8236 1337 1278 7373 2593 7476 1522 2211
5007 6805 4837 3189 1758 5822 6323 6403 4357 7912 8521 4455 7076 2312 5807 8546 8558 1319 2933 5425 2845 3263 2539 1036 1074 7212 2404 7457 1626 2420
4705 6881 4437 3111 1650 5852 6391 6718 4379 7951 8719 4166 6720 2599 5530 8712 8530 1233 2961 5286 2695 3324 2535 1070 1456 7558 2314 7327 1727 2289
5014 6795 4453 2881 1979 5951 6382 6547 4710 7874 8595 4180 6750 2641 5506 8346 8633 1188 2825 5378 2876 3250 2642 1364 1218 7382 2345 7672 1511 2474
4995 6906 4468 2930 1866 5861 6419 6621 4424 7969 8483 4486 7089 2559 5535 8497 8758 1225 3003 5463 2808 3199 2484 1274 1153 7331 2616 7884 1486 2411
4706 7040 4652 2975 1870 5703 1625 6657 4677 7797 8631 4315 7102 2645 5596 8370 8795 1161 2966 5289 2924 3185 2695 1294 1405 7272 2668 7970 1551 2287
5018 6981 4824 2921 1605 5944 1450 6375 4588 7828 8620 4512 6898 2428 3247 8334 8685 1306 3003 5184 2926 3232 2636 1286 1102 7332 2647 7660 1622 4986
4844 6755 4782 2940 1932 5771 1669 6683 4353 7753 8597 4291 7071 2594 3495 8544 8611 1224 2957 5343 2878 3212 2505 1286 1287 1993 2451 7868 1711 4982
4914 7132 4682 3068 1821 5733 1416 6598 4446 7826 8428 4435 7070 2604 3154 8453 8473 1307 2993 5496 2928 3089 2465 1205 1392 1813 2433 7722 5917 4785
1691 6982 4437 3024 1905 5982 1678 6694 4731 7722 8727 4440 7037 2609 3518 8437 8687 1464 2693 5527 2744 3334 2325 1278 1360 2040 2647 7909 6123 4725
1701 7080 4782 3034 1938 5746 1366 6725 4668 5559 8702 3531 6946 2671 3252 8624 8624 1180 2677 5184 2826 3465 2624 1070 8507 1678 2504 7600 6090 4990
1948 6894 4546 2804 1678 5895 1277 6614 4473 5526 8551 3831 7026 2602 3472 3067 8667 1202 2765 5310 3094 3443 2397 1292 8178 1745 2637 7655 6122 4884
22 12 0 26 59952 1.0569447249194377
29 18 11 16 36819 1.088564402029724
15 2 25 15 61368 1.0005468303576213
2 27 22 28 37993 1.0023323957429804
21 22 7 8 69892 0.9138382378819759
10 10 2 21 55303 0.9786384451933805
18 24 10 1 79740 0.9500807381659063
12 27 10 0 94177 0.9353275805218325
29 20 24 5 61222 0.9831699489686666
7 21 20 2 74047 1.0975662779202189
6 27 24 7 77522 1.038155254230586
25 10 16 12 43284 1.0753538514112286
6 0 26 26 102011 0.9914062626254183
13 9 4 14 59262 0.9481376304143946
2 6 19 29 101596 0.91793616497533
10 5 24 5 36835 0.9151330062752773
7 20 25 18 45597 1.0123604763790304
16 29 13 12 48947 1.0323795308105295
4 20 26 29 52982 1.07221312073359
28 9 15 29 67587 1.041838370684459
3 3 19 1 49762 0.9532478478427439
0 4 12 20 81190 0.9594730757893593
11 28 20 11 45219 0.9720067930273726
17 17 11 7 51215 1.0259772998252992
8 23 22 4 55767 0.9618500166950427
6 8 15 7 44300 0.9358362852872109
6 27 25 13 57834 1.0103853551632997
12 6 25 21 70574 0.9387008473045821
25 15 27 4 48573 0.9929183210224227
13 3 21 10 31979 0.9319673868629985
25 24 24 12 30324 1.0967233533726035
2 7 5 27 99016 0.9470158975588889
11 24 22 16 25092 0.9634176743448211
27 22 4 22 37719 0.9635529226314354
23 27 5 13 62576 0.9555888252968753
9 28 22 19 29032 0.9947270475103621
1 23 15 6 71703 0.9432765917746495
1 17 25 18 65685 1.0959669131359082
9 13 18 10 46019 1.0854872620310363
7 27 21 11 52674 0.9774184028448119
23 0 27 15 59581 1.0498089316792107
6 26 15 8 71527 0.9810083420133737
16 22 11 2 75779 1.054066402127001
18 25 6 21 34220 1.0539096853780987
11 18 28 18 34312 0.9889468774694032
18 4 21 17 33473 1.0687527588337091
14 26 25 22 26479 0.9261687893310572
23 19 11 20 28518 1.081333590298803
28 2 7 3 53892 1.0878660136076124
16 0 5 13 86554 1.0944166961199513
6 21 29 6 80748 0.9480100983141798
18 11 12 25 53767 0.946083865390265
23 3 0 17 92945 0.9970191141125203
1 4 9 17 85335 1.0807531009029343
20 13 9 8 55062 1.0990167761475413
19 22 17 0 71184 1.0694201849136695
19 7 4 0 77810 0.9763583759325066
3 7 28 22 97056 1.0139704176240472
27 18 17 12 34489 0.9382455269637537
28 13 27 3 37349 1.0653747298583374
28 29 20 26 30681 0.9598585173697224
16 7 12 17 52992 0.9061115255744538
9 19 16 5 62417 1.0497822438544002
7 6 25 10 77155 1.0875452978127562
28 9 0 2 84523 0.9574333036797377
13 2 0 19 90144 0.961673420402706
17 15 1 9 86964 1.031597167450022
29 12 14 17 38007 1.0196025705514444
20 27 7 18 44493 1.0025568179251538
8 13 28 13 53128 1.086478403859065
4 16 25 2 97021 1.0626031456473226
28 2 15 0 49355 1.0692003276307918
24 25 17 1 71952 0.9448944187317181
18 2 21 19 49391 1.0610797757557053
19 28 24 12 37491 1.001348672915609
22 26 6 24 23311 1.0085620745498733
29 24 6 1 100231 0.9845289241644045
7 16 22 9 55214 1.0015648304812568
29 4 19 16 52735 1.006624331767661
11 12 17 20 33358 1.057110695551344
21 0 21 23 46534 0.9173143227442073
22 25 29 17 20790 1.0788690130553515
27 26 3 7 98244 0.9485565729812848
15 7 0 2 51968 0.9638985326092419
7 4 18 29 79978 1.032247195982715
11 1 26 10 72566 1.070763838488802
19 7 29 18 49030 0.9372436185972639
19 7 0 1 73512 1.0592091200484346
18 9 5 19 67820 1.0494764004159403
16 9 24 16 47652 0.9523798592662072
28 4 8 6 51593 0.9293386768695288
5 15 27 29 81350 0.9001341333849974
26 12 2 14 79463 0.9351318054398025
7 12 0 27 68023 1.0562499717579121
14 7 0 15 83994 0.9761913814517215
13 9 24 4 44721 0.9360153124519625
13 13 29 16 43238 1.02169247272928
21 0 20 19 46691 1.0751259159929845
9 19 9 29 20818 0.9374424826342066
21 11 0 0 74552 1.0143395142348295
8 24 26 24 22554 1.0225955694724778
24 11 23 25 35824 1.067499212911625
28 9 6 28 74907 1.0636531250186128
23 29 20 12 37279 0.9487963821680767
1 27 18 20 46739 1.0103187879166315
17 25 0 17 50516 1.039055134112796
24 22 5 13 55432 0.9668072706413813
0 4 12 2 36802 1.0603949439084859
15 23 12 10 39966 1.0368218033290684
8 12 26 24 53440 0.9232858636189463
27 28 2 26 55728 0.9255974430526869
8 28 0 22 40736 1.0853555365628764
2 21 11 4 77859 0.9656124667345766
2 11 10 19 53397 0.9410233475213685
20 2 12 4 25079 1.0116584766645234
28 11 7 11 74460 1.0506382497390352
24 15 9 20 43224 0.9021063746913054
7 17 17 16 37880 0.9575549955676987
29 3 5 18 83948 1.0635582777553327
3 29 24 29 45356 0.9779716484896372
7 1 20 16 78038 0.9027312190396786
23 21 14 7 60653 1.0033999848876336
21 29 1 21 49712 1.0183184843302662
23 19 1 14 77053 1.0681454262410068
10 27 11 8 47827 0.9908796497900906
1 17 14 21 44929 0.9930766463645331
19 4 27 14 41721 0.9698452520578739
25 9 21 25 48677 0.9471937238032928
20 23 26 13 27373 1.0133593453285958
5 12 25 15 72973 0.9726541824743871
18 1 2 11 91655 1.0746206009294683
8 13 12 2 64790 0.9393114002001584
12 24 24 19 29576 0.9620774448212268
21 6 14 24 43398 1.0515980555180064
18 6 7 8 60622 1.0230566265311716
1 13 6 6 56179 1.0892281264433765
29 1 13 17 64821 0.9002069367133126
18 15 26 18 33485 0.942761684747861
25 0 20 25 76459 0.9339825481417666
26 8 28 22 55718 1.0350783738608484
23 15 23 25 29635 1.064923148386947
7 27 12 19 24510 1.0718354412262843
5 29 2 12 72134 0.9560291601478805
19 17 11 29 31659 1.0465209869189736
3 11 13 4 57335 1.0036986539153798
26 11 3 17 73716 0.9083617594748711
5 29 19 20 39690 1.015920752410642
10 8 1 0 69105 0.9430647691262077
21 7 1 22 64687 1.0190215254992547
10 1 23 4 40777 0.995009627376257
3 26 5 17 53842 1.0937537122857544
27 20 6 20 47670 0.9150764491279768
11 23 22 26 18209 0.9140151371641599
20 13 9 27 48687 1.0872830610231934
4 16 15 0 97847 1.058657815192678
28 7 1 3 72259 0.9401677138882146
28 15 6 2 88530 0.904110419348123
11 12 16 5 50676 1.0981390437039118
7 0 24 20 87322 0.9260340636733414
9 8 20 12 62524 1.0602666797632625
21 0 12 26 64832 0.9742897277680245
27 3 11 14 63733 0.9264103917301441
29 23 18 17 22577 1.010500767940005
7 2 3 24 89125 0.9138972431299798
9 0 12 18 83190 0.9045132522159393
12 21 18 16 32154 0.9671688643826153
15 12 0 21 57805 0.9708908722724993
3 12 14 10 60571 1.010741978711209
26 8 8 24 63158 1.0688944881513658
25 13 16 7 47464 0.9358565345681902
2 26 14 27 37462 0.930971607629547
8 28 6 18 31431 0.9273512000994003
21 22 9 11 48269 1.0677354816001499
15 11 7 22 47076 0.9522971814641696
21 27 7 24 24315 0.9522024267889694
27 27 23 7 57438 0.9635677320358572
20 26 8 1 91920 0.9206115911803057
6 5 26 12 72405 1.0630757913032092
6 21 3 14 46671 0.9155479387316848
11 17 15 1 70030 0.9235136319927081
15 13 26 21 41793 1.082874176446111
14 15 5 7 77919 0.9811520246561071
25 10 11 17 49282 0.9368296528503688
0 13 13 11 52251 1.094401578864522
5 6 7 22 89640 0.9230962862991972
19 1 3 29 91503 0.9299947408682361
6 0 29 17 90810 1.043617326634442
9 21 27 16 41279 1.0793161489577825
3 4 18 29 89434 1.0353791510186712
29 10 19 10 52571 0.915214623752472
3 11 17 26 64704 1.0194566070168511
28 18 9 16 51809 1.0146820785182944
0 27 0 9 102196 1.08528275255107
3 25 19 7 74824 1.0150399658137763
21 5 10 24 50022 0.9682062835137656
4 24 11 3 72989 1.0414818744489205
23 10 9 1 71344 1.090804866357521
12 18 20 14 30302 1.098655617756485
23 9 13 12 45037 1.0895131985775588
2 8 18 14 78014 0.9504738263342819
18 11 9 4 49176 0.9386510869348718
13 6 13 24 65357 0.9072327526615664
9 21 19 9 63479 1.0826690958468306
13 12 27 23 49929 0.9819709665386367
18 22 15 7 67327 1.024177197355602
20 16 3 7 86082 1.0239618373045785
25 7 18 16 52031 1.025292695105463
6 5 27 0 58230 0.9466333492631412
29 8 16 15 60665 0.9579712886549809
13 13 9 3 58075 0.9055411717783536
20 19 14 12 43355 1.0371933571054488
26 1 5 1 79890 0.9993913131248503
15 23 5 22 21491 1.0896623310827322
24 13 16 0 51947 1.0252654206544616
19 15 20 26 37019 1.0938950988999971
12 0 29 19 86206 0.9472504634880612
27 10 19 0 50541 1.0623685147794322
18 2 10 5 34968 0.9616549740434923
16 23 17 4 50736 1.056954101788837
22 1 2 5 56143 1.0544463013263743
4 22 1 2 110226 0.9821918559225999
1 10 6 2 63878 1.0976540175238498
9 4 11 24 62768 1.0793126235647699
7 4 20 2 34490 0.953374224919863
8 15 25 19 66183 1.0842614178193128
15 16 3 12 56428 1.0768885590259072
26 8 27 25 55817 0.9453192530916559
0 17 13 14 52869 0.9317850544701598
23 9 27 1 43104 1.0743001248734534
8 29 18 4 70002 0.9159341064934037
11 24 24 20 24949 1.099175404089778
5 9 2 2 47637 0.9338755436005584
9 21 6 4 72359 1.0783532200310308
19 26 7 26 31554 0.9839194743013724
21 11 0 17 69638 1.0093112394934094
15 16 20 24 26729 0.9218190134335844
9 10 0 28 64538 1.0260145107049814
19 21 16 10 51257 1.0578780697189456
16 1 10 9 50608 1.091572121030044
1 12 16 9 71014 1.0811696637855692
11 18 28 3 65838 0.9670563470717402
15 20 8 8 60815 1.0825315273980953
17 26 12 8 56079 1.0127992361257157
5 7 8 28 83296 1.0564855452924198
22 15 2 27 51951 1.0541352125616978
0 7 26 22 98047 1.0243233788224926
27 18 9 24 36101 0.9517240634509481
22 26 19 4 44712 1.0217925270552692
21 23 10 22 15699 1.0254282878038292
22 17 9 4 48686 1.0616608624187402
11 12 21 9 38426 1.068727930664919
17 15 1 15 74883 0.942195045724058
13 28 22 12 36876 0.9329168890211222
27 19 18 20 28945 0.9559163018453689
23 18 4 3 71443 0.9017035650641824
18 10 19 20 46194 0.9701118398622444
21 19 12 27 33553 1.0108559745744332
7 20 17 22 24957 1.0513883023940063
9 17 6 6 74817 1.0604384439793786
3 5 27 23 82930 1.0255820270826097
9 14 9 24 26426 0.9322371364024247
7 17 5 29 43799 1.0158290191692587
13 6 21 24 65267 0.9702063646332417
23 26 18 11 41349 0.9928400149786345
13 26 2 24 18827 0.9484242450986855
14 19 12 2 74592 1.0510434079777649
25 28 2 6 97885 0.9267480159053467
21 7 25 15 36157 0.9604953959104672
17 7 10 22 65373 1.0297310364949537
4 23 13 11 43303 0.9683828379995237
22 17 5 3 64685 1.089877717900578
29 2 25 17 53479 1.0352112560614568
28 12 6 26 69688 0.9844546225479134
11 17 6 12 32051 1.0641970790354338
18 6 7 16 85052 0.958423378711821
3 8 24 7 74501 1.0643761441452304
3 21 24 13 55258 0.9446952898143797
28 11 22 6 29013 0.9484094527338165
2 29 21 23 38754 1.056128722403748
19 11 8 4 46506 0.9505342706405527
25 15 11 8 70460 1.067257997020578
23 5 6 10 78052 1.0329332184224698
13 20 16 6 61912 0.9407692356767148
13 15 11 2 73752 1.0913784387512246
29 10 5 19 68334 0.9638387040806131
18 11 10 8 48934 1.0903531721234916
24 25 21 10 34117 0.9139448286138114
6 28 29 28 55081 1.0905856433825885
23 14 4 10 71914 0.9705226017582758
27 14 10 23 40581 1.0190763593968006
11 25 26 20 28505 0.9466717271965052
18 11 13 21 51507 0.9607961205627122
0 14 15 9 69353 0.9457208479649812
22 24 0 21 43357 1.0120913055211478
15 2 9 23 71118 1.0668415220818621
24 27 1 21 55422 0.9057974984149031
19 16 4 29 54824 1.04682409404392
29 10 26 26 55564 1.015058461874255
24 17 14 8 53033 1.0238740289767567
10 4 19 0 32959 0.9509606810531032
14 26 1 24 22582 0.9579545618786638
22 8 4 26 59729 0.9447707687101548
6 26 5 13 55723 1.0811192706945632
27 14 15 11 43779 1.0926462610307295
24 10 14 25 50555 1.0693294204078903
26 21 16 21 22725 0.9052117380571131
7 4 23 6 37964 0.9407715813019951
25 5 13 19 66581 0.9753074028939727
9 10 29 1 82929 0.9143806036027332
14 1 2 7 54471 1.022201139419184
11 7 20 28 64699 0.989673496775154
24 23 7 3 70365 0.9305131627699721
16 16 1 10 80288 1.0384333222511666
22 17 19 6 35855 0.9994168653822435
10 10 13 17 37102 0.9883623595138553
4 14 1 24 52958 0.9281869990286074
14 26 23 13 35579 1.0207539629509217
28 10 20 14 38436 1.0049259370924224
25 23 0 1 95124 0.948400009622044
5 25 25 19 51040 1.0038545796860254
15 5 19 15 54008 0.9622792721726541
1 27 29 24 59829 0.9072864330349711
1 7 29 26 110990 0.9983760371194381
23 29 16 6 64281 1.0427768012058083
9 13 25 17 39364 1.0795674784410747
16 6 21 25 57664 1.0817166485551946
15 29 29 9 68824 0.9775476317813594
3 4 14 20 80282 1.0484089122506348
29 11 18 7 58205 0.9456230326925751
3 17 24 29 59613 0.9503478496434592
14 1 27 12 62138 1.066880312062421
28 21 8 3 81814 1.0601316447092135
6 19 20 11 47103 1.027887475500881
11 15 20 10 45694 1.0973078509697067
17 12 14 23 41165 0.9347639328062252
2 19 5 12 43072 1.093566165279619
8 3 16 19 74932 0.9140424531556667
6 24 11 16 16148 1.0161503789738682
5 19 18 21 29385 1.0693521090826685
12 23 6 8 61338 1.0472186616110506
25 8 27 22 50322 1.0314112487339813
7 2 16 24 82991 1.0396132220971852
11 6 3 0 49643 1.061326163209516
24 4 29 23 50467 1.0745737649203813
18 19 14 6 67765 1.069238348640824
19 0 4 25 83216 1.0516607339792874
28 11 1 16 91449 0.9391946175491237
20 6 0 14 85516 0.9643031650550523
25 4 12 5 29132 0.91456860870126
12 26 0 24 18627 1.0703474632394787
11 11 19 19 49819 0.98195135787935
20 2 1 22 80404 0.9979858121902976
7 2 23 8 55402 0.9698000165615895
8 4 13 15 69413 0.9131605201282101
18 12 24 27 50066 1.0837903075813669
26 22 28 0 70343 1.0748103211904128
24 12 16 3 45171 0.9734359610058987
23 3 10 23 59308 0.9272215591154935
29 28 4 5 105822 1.0089523329016463
7 16 15 0 94618 0.9212666282931794
21 5 21 26 41087 1.0922141776285514
5 1 25 20 92635 1.0732037898717803
9 17 28 29 58719 1.0444691036111085
6 6 29 9 74461 1.0730522686265258
3 6 21 26 89157 0.9429758650805898
25 27 12 20 36611 1.0575315932985325
16 21 2 11 70763 0.9751005704401012
20 2 13 6 35318 0.9644098981601681
6 11 10 3 56637 1.0847396832077376
28 17 20 10 30690 0.9615208670588726
4 17 11 23 26622 0.997676509865707
6 13 26 12 60564 1.0919907425787703
8 7 24 5 57555 1.0142128257072593
2 18 16 22 37471 0.9673831044675251
27 3 16 6 30874 0.9166662916684929
6 4 6 19 71860 0.9386921652317279
3 20 16 10 57386 0.9779289342768966
28 24 5 27 52542 0.9750109104516972
23 6 3 11 84070 1.088796253618998
21 22 0 13 64750 0.9246413320644498
14 9 1 5 52254 1.0742194516667465
28 16 23 25 31169 0.9563751989012443
15 13 27 22 42035 1.0321563086355656
17 29 14 15 48938 0.9194753952673379
20 6 13 20 58574 0.9041152813127519
20 22 7 11 56519 0.9088230718384573
17 20 7 10 57538 1.0592724519958583
3 28 5 10 75490 0.9721830509644938
14 14 28 6 55206 1.0308931397238925
10 23 23 29 26098 0.9581289998087518
26 7 14 28 70306 0.9292777964525113
27 12 12 0 75810 1.0594246712755513
18 15 27 14 38927 1.0046410710991294
6 19 2 0 106621 0.9960580971114577
5 18 11 14 22479 1.0899837782290474
28 18 15 10 50941 0.9286170992336706
27 0 24 11 51377 0.9042611429843753
3 14 5 1 79321 0.9501285537371299
27 29 1 25 55798 0.9697698778987835
18 16 28 28 50322 0.9888709029658008
23 5 25 15 52181 1.0596335459255635
23 24 20 2 48205 1.0178135608572274
8 16 17 0 99125 1.0820896094943542
15 21 22 13 30491 0.9877151400804642
5 10 7 26 72568 1.0393507589507933
7 11 16 10 44197 0.950801498158886
7 27 15 0 94710 1.02919160731551
26 29 23 8 49417 0.9343625367117431
10 18 1 19 16728 1.0074992482888412
21 23 1 2 93293 1.0788117405320552
24 4 7 13 62740 0.962050426788752
2 19 19 19 45833 1.0228096034273109
9 19 14 14 26696 1.0761291014758736
26 28 13 8 77662 1.0807117160388267
6 22 26 3 79853 1.0539999105647406
9 22 3 28 28030 1.0012481049615105
18 0 8 23 77472 1.0506680836386526
0 11 6 6 44973 1.0860370209379429
1 26 21 27 44596 1.0410431911899687
20 8 7 28 58760 0.9765445049184309
12 17 7 7 61626 0.9736167568272717
28 13 25 5 37128 0.915169403280194
19 7 4 16 82611 1.0620567917629609
5 8 15 4 44447 1.0921030757234524
17 11 4 18 54345 0.9837440311880944
25 26 5 20 47640 1.0445160526906092
8 22 21 25 25709 1.038042643983981
2 6 15 26 93877 0.9792267147146582
17 3 8 7 44329 1.0013645099410784
11 12 0 23 42122 0.9261975514442756
15 10 0 16 73121 1.0983810555788498
22 23 12 22 18486 0.9310218304589675
13 16 21 19 23371 0.9048088556916917
18 14 10 7 60428 1.015854615665665
21 22 16 7 55198 1.058639301068477
29 0 7 12 91157 1.000236782487188
15 9 13 21 50755 0.9586574886841668
14 28 3 14 58156 1.0406053584568231
13 23 18 5 61188 1.081862360407482
6 18 20 28 40563 1.0606483141151806
24 17 13 5 51980 0.9947664707499957
0 4 15 23 86787 1.0495574627026576
21 10 28 21 38106 1.065906456154294
5 5 14 18 78508 1.072146079903935
26 23 15 29 25799 1.016030851422204
17 5 24 20 50838 1.096465919378144
0 5 24 14 78107 1.0557202293860257
8 28 16 26 20174 0.912281557084375
0 28 18 13 58751 0.9264861389568396
0 21 15 10 67950 1.0477205799947482
26 0 5 27 101169 0.9078385543570627
18 8 2 22 71382 0.9633588438576702
18 19 4 8 85513 0.9792387304997461
4 1 8 25 103397 0.9609122409568251
2 23 17 19 30442 1.0705842310087774
14 1 22 15 48401 0.9677464537280231
7 5 23 16 66199 1.0378090953069168
28 24 0 9 98079 0.9448653755010532
26 7 6 24 72052 0.9354047613631553
29 5 23 23 54185 0.9944982745653964
17 5 22 17 40453 0.9053354448622745
9 13 28 13 49891 1.0782261389708558
1 16 6 4 73060 0.9406090229738653
2 18 17 21 37209 0.9760073500265438
27 16 19 4 41182 1.061837923499961
17 7 16 16 48773 1.0554171839364943
21 24 6 26 32154 0.9353053204750319
24 21 19 28 21671 0.9601107280452753
11 19 20 2 58631 1.068524609362066
27 5 25 23 53671 0.9679942167459165
24 12 19 22 31261 0.9019218449841729
9 26 14 12 41257 1.051448716684962
19 20 19 0 58853 0.9410223199259137
19 12 10 5 56300 0.9041438011512856
18 5 25 23 53962 1.084981985925174
10 10 27 25 60322 1.0933007750783375
21 12 9 26 42862 1.0621997953783855
11 5 15 21 64166 0.9649354109670832
15 4 22 21 44044 1.0655224722664716
3 0 23 28 103746 0.9626515333389739
9 11 22 24 48822 0.9172638188381851
2 27 2 7 100641 0.9051441641909659
27 20 5 8 93554 1.0840094334386303
7 24 29 19 47337 1.0980877426015971
19 28 0 0 108108 1.0777388780998391
19 16 14 3 54144 1.049580735186996
20 21 0 20 50532 1.0034878751576966
2 11 8 18 54635 0.9620211773642253
20 25 20 1 61433 0.9548678734562872
9 25 1 17 47087 1.0733207607366486
11 13 16 8 35693 1.0327957582189577
4 11 22 0 81137 1.0646885176982983
27 27 10 13 52314 1.0995247105847386
21 24 11 5 61545 0.9759293833245319
0 17 20 5 88537 0.9805451194992011
8 16 15 28 40667 1.084267357886607
5 1 12 8 57021 1.013162124774192
1 23 0 3 99628 1.0428972742649099
13 19 16 9 45803 1.0984751140092368
18 24 26 27 17078 1.041372330443494
7 15 12 21 33925 1.0442814575884556
20 26 2 13 63785 1.096477679978585
27 22 2 27 50056 0.9284416522651201
10 11 29 7 74821 0.9390318612380734
21 20 1 4 74250 1.0426316822805115
12 23 12 11 30950 1.0465510898360373
7 2 18 16 77929 0.9333955468150388
9 27 24 28 30093 1.0555360560894402
0 26 23 28 50673 0.9872814180972322
15 12 1 3 72231 0.9666276012037948
4 19 24 7 67244 0.9265551909097091
26 29 21 15 32490 0.9240511233425147
4 28 14 28 16600 1.0821127327822686
16 2 2 21 88086 1.0289651389114658
10 25 19 18 33510 0.9347277806253788
23 15 13 28 41016 1.0125980209704548
13 14 2 11 54416 1.0304681041611252
27 4 20 11 30382 1.0419444478337347
4 10 24 5 73606 1.0539630461358125
21 21 1 17 54198 1.0789123126288744
29 21 6 22 48044 1.0318030447664677
28 25 7 29 40706 1.0998871689692484
7 20 17 19 34443 1.0117878079235292
1 2 1 21 112291 1.0177965232755792
25 14 7 21 54277 1.0907479242818172
25 5 6 5 48085 1.015482352440109
6 3 23 24 73487 1.0080285527098196
11 16 20 28 29061 1.0443667490262123
21 27 25 15 35773 1.0659668992034697
8 17 29 27 58795 1.012800685752588
25 21 12 9 66552 1.099634519212067
18 20 4 19 32180 1.083097135297502
20 27 24 12 42002 0.996946327629947
21 18 18 7 43161 0.9855336074341526
28 11 2 2 89270 0.9000952106504254
25 27 1 22 51401 0.9636469358681037
26 24 7 7 81798 1.0071727573202225
14 3 0 6 41843 0.9569845680582306
26 16 21 22 21185 0.9836941625284084
6 3 10 16 74706 0.9352500314249304
3 23 8 12 43857 1.082631184891561
16 14 26 6 45322 0.9784161018699823
1 6 0 26 116823 0.987463641842242
7 6 4 16 63183 0.923616116220689
11 18 22 19 24649 1.0641031840238642
20 12 1 5 69080 0.914070104839243
23 10 19 26 39175 1.0193262441695108
15 5 13 14 49740 1.0922246530341586
1 10 19 21 87213 1.0395032417760346
11 14 4 7 56385 1.0674727159177178
20 19 24 7 43903 0.900707452844086
2 14 13 6 80148 0.9366965648598888
12 28 1 1 108658 1.0129192929396875
23 2 8 12 75652 0.9623863109095345
3 13 13 16 49589 1.030382133087798
29 12 3 4 78859 1.0273592163848566
6 27 19 14 63520 1.058147820292302
0 9 14 20 73351 0.9829448530421915
13 28 4 24 17259 0.9800099775750881
14 17 1 8 72810 1.0816908115887252
26 20 14 24 23985 1.0269000603365632
16 22 12 3 70008 0.9027488891164412
24 24 6 25 30167 1.0953061411516154
27 10 23 27 51748 0.9741658328889675
21 20 9 18 30417 1.0421215349929571
10 18 20 15 36013 1.0780955776607908
19 11 25 25 38760 1.0308546928770947
12 18 4 23 18246 0.9746358168365388
27 24 16 14 39421 0.9943395447823573
4 17 10 7 66583 0.9068612868923932
19 11 29 3 41848 0.955313725311387
15 2 3 19 81176 1.0177904282704122
23 16 17 6 53693 0.9802670595598475
16 0 25 27 77771 0.9430309772006699
27 10 13 4 46236 1.0964887592393984
11 17 15 6 51339 1.0390948265574835
6 24 0 8 79743 1.029780674982133
15 2 1 18 92471 0.9107813724782833
11 8 13 27 54074 1.0299085517839655
0 19 11 8 52552 0.959150990283182
16 24 23 13 26081 0.9868193105299252
15 22 6 21 28466 0.9679958073945295
18 0 10 11 73069 1.0173430878908702
21 27 20 14 31470 1.074716281539257
2 29 7 3 98261 1.0940201527663405
19 3 28 29 72072 1.0349197262968675
3 5 11 28 86238 1.0132161484678004
11 14 19 11 39792 1.0378561173108887
20 14 2 21 57384 0.9569530094109961
12 25 19 2 68255 1.0287037243378885
19 5 15 17 45436 1.0194717704237477
9 24 28 25 27494 0.9866594779676756
26 14 19 24 33882 0.9196363684766627
14 10 9 21 49515 0.9690897157719525
5 28 3 6 92864 0.9666849402985144
13 24 25 5 62665 1.0982409260209958
12 1 10 9 47928 0.9886775191800787
11 28 15 15 35174 0.9310170240667518
18 12 20 21 36443 1.062079998617988
22 14 24 22 16964 1.076997677884473
1 3 23 18 79466 0.9102547882216596
28 4 4 20 78962 0.9562469740830486
1 1 9 19 99012 1.0722629117376579
17 29 21 20 21538 1.0154581411510444
8 16 28 13 64723 0.9677927475027807
17 11 2 2 74699 0.9854812489620488
1 21 29 7 91065 1.0773203096724937
20 4 9 24 55566 0.9598735504540297
7 28 25 21 38460 1.059769247142595
19 0 10 13 66596 1.0685957575644083
0 29 2 2 121663 0.9989697807037758
11 10 0 9 52642 1.0195845585292913
21 7 14 13 30306 0.9071115489582658
8 8 1 3 50108 1.0806120676742068
11 5 26 6 39605 1.0830980836512605
17 29 6 12 56430 1.080942340361908
0 14 21 5 81311 0.9055486458823646
2 8 29 1 83331 1.0688620593356357
2 13 7 26 61171 0.9466154412044089
5 27 9 15 52122 0.9151096393870868
27 29 10 23 37491 0.9418942786486904
24 12 5 21 60237 0.9055060102810576
27 12 19 21 37673 1.045078789349581
2 2 6 10 60348 1.043148191784874
29 15 29 3 51177 0.9791737865142731
14 6 17 14 47437 1.0024284447214147
26 27 29 13 46177 1.0320081621506785
6 19 16 0 83049 0.9985358093593029
8 12 13 24 37114 0.9628003630575377
8 9 24 18 73990 0.9551378526450219
9 3 9 28 78452 1.0310616711969403
26 13 1 18 62948 0.9030240937469923
22 6 8 29 66602 0.9730372176883104
24 3 29 29 80035 1.0919386651400846
29 5 3 6 64204 1.0729325780361887
25 28 26 5 63551 1.0467988835185338
18 18 23 29 30450 0.9233861075070054
17 24 11 0 80490 0.9861581389310391
11 12 26 24 40854 0.9309889945991621
10 6 6 26 76132 0.9308335276723333
9 16 4 10 48150 0.9633904101120914
1 1 2 16 83579 0.9079920852802961
20 8 24 16 31581 0.9472937288744934
25 29 7 28 33284 1.0348393420646103
4 23 20 2 68156 0.9298683871004367
9 17 24 4 65399 0.9666740437818606
15 15 16 29 46351 0.9425081862987582
21 12 6 9 69761 0.9773620899804853
7 1 19 17 73997 0.9222887310670639
17 29 26 14 44536 1.053267739675855
15 22 29 20 34950 1.0042173283654294
2 4 20 29 87551 0.9694258310934094
3 26 15 26 34449 1.0929045675558093
5 29 11 2 88991 1.097781434667117
1 29 6 9 87269 1.042936506099764
27 2 13 19 70594 1.0612544787868186
11 24 2 2 91718 1.0878392022693384
7 1 11 12 63169 0.9673352517282481
24 19 18 29 33967 0.9245862833100336
24 24 8 19 27559 1.0212677360914562
29 12 18 6 58618 1.0394343201042595
0 15 17 16 70968 1.0770913581068062
8 13 1 21 48470 0.9876480539261301
13 4 19 11 37808 0.9459394723512828
18 19 10 26 30160 1.0750618440563362
3 22 13 7 73574 0.9191680185375294
7 16 25 7 82094 1.0025041416772602
15 7 5 25 72111 1.084130871020333
21 6 27 1 25482 0.9458277078918123
28 26 2 22 46494 0.9316991783487529
27 25 10 25 26512 1.0674193117178719
13 16 0 6 89479 0.9911180415203629
27 13 10 18 42967 0.9180400349122121
13 10 15 19 50937 1.072378868078033
2 28 13 15 48561 0.9958911807125314
25 5 12 16 59344 0.9831075825492004
3 10 12 21 59199 1.0571517257749552
18 8 28 21 55916 1.0996307334247395
12 14 4 29 40319 1.006030762146949
20 29 28 19 37745 0.9677884171110833
9 29 21 0 71096 1.0424129392202943
25 10 8 29 65898 0.9074697217108841
14 24 19 5 57378 0.9386667465805274
11 7 21 3 34094 1.0147187533911517
13 9 26 15 73846 1.022307953098289
14 28 29 13 51879 0.9820183794382801
1 5 11 2 36602 1.0954449165428688
29 12 2 21 71564 1.0519855422727626
12 10 21 29 60021 1.0071465369164179
18 13 6 18 42076 0.930758255200488
3 0 17 28 108878 0.9663805616814263
26 1 2 22 94665 0.967464803565069
21 17 27 6 37911 0.9048711905641776
9 26 14 15 41992 1.0704106673030913
3 17 17 2 93312 0.9843539160694796
13 26 11 9 43464 1.012394734750424
5 11 26 19 75693 0.9249322939370784
11 7 20 19 66026 1.0000823120265006
19 12 27 25 40738 1.004151038577683
11 11 7 4 40578 1.0042116674119015
1 17 11 2 95160 0.9809488232817843
27 26 9 28 34599 1.0092760094917923
4 5 0 20 83084 1.098253549735079
19 8 15 14 39765 0.945206252121412
21 4 1 12 83915 0.9038764238496567
22 15 10 0 65917 1.0392195189682714
5 14 14 8 62762 0.9351376806847553
7 8 7 25 67141 0.9035659835381202
10 11 27 10 64860 1.0346100251127166
16 23 7 14 39952 1.0495168349275101
11 11 14 18 27683 1.004050967502813
27 4 11 9 52410 0.9820313789191607
10 12 22 11 40402 1.0796938829661211
29 5 9 3 46805 0.932439772682546
11 0 26 16 75374 1.0197997124520168
23 9 27 18 29512 1.0602686094753828
3 9 14 5 52111 1.0198208677997134
14 0 1 20 97172 0.9141942044222725
9 4 18 29 75662 1.0655556618506452
17 20 28 15 36849 1.097147339788167
21 12 14 2 37271 1.097306291088665
18 21 25 24 18068 1.0227082610699547
2 26 11 15 32812 0.9132021082244673
26 15 7 4 70609 0.9971006851840485
2 0 6 19 106621 0.9931730991784453
16 29 6 25 31663 0.9343108481394782
1 16 17 27 58776 0.9154260520665656
7 9 18 1 70680 1.0947934373603514
24 2 27 21 64571 1.073329909655652
22 26 11 25 18238 1.0027458369954874
2 26 17 19 41352 1.027020835361494
14 9 18 25 65059 1.0332732617910119
0 26 19 24 39058 0.945819159660913
7 14 17 8 58325 0.9237999374769396
2 19 11 28 26070 1.0830963664922124
19 9 10 0 66765 1.0476397124881447
9 7 20 25 74885 0.9099752597540639
8 24 2 16 43938 1.0777474102249365
28 4 24 26 59335 0.9094227035160131
13 22 14 6 71600 0.9621795453529309
24 17 11 10 45696 0.9526429260492894
17 18 0 25 47181 1.030792369698302
15 23 8 20 17800 1.0629746844378338
11 3 12 22 69968 1.0269918609857764
25 28 16 11 52132 1.057596702452339
13 0 21 5 35026 1.0223404082487497
6 24 0 15 61074 1.039638850846034
11 20 26 11 50246 0.9037049253401511
13 21 29 4 73356 1.0187182568920408
5 19 29 7 76047 1.08413755406078
3 27 29 28 67377 0.9053490288306776
6 18 25 16 46631 0.9229204447370872
27 26 18 9 62972 0.9996178585720938
14 10 5 4 41105 0.9980307481258756
17 9 27 13 48962 1.0778087641922944
16 8 27 28 71923 1.015165343338997
11 9 6 18 42937 1.0180324586773093
7 26 2 15 62454 1.0077202482220213
3 2 14 9 53835 1.0255913052689278
12 10 24 27 65731 1.0045540963236093
25 28 10 21 31596 0.9365911259785705
2 2 20 11 69505 0.9849755483447638
8 25 8 12 43689 0.9072407858854052
5 23 1 8 77988 0.9183717371008963
3 25 10 9 60125 1.030441025212033
7 5 18 5 34255 1.0767991401924697
17 12 2 6 79439 0.943932708874622
7 2 26 25 82988 1.0490161053857145
19 22 15 28 21659 0.9818912653241254
21 29 20 9 44770 1.0377732425732673
2 27 3 10 84932 0.9980136066483128
8 17 18 11 55550 1.0198618719297998
7 11 19 22 56763 1.062322224347152
19 21 27 11 40930 0.9100897548195704
0 16 5 28 65408 0.9475617941113834
7 18 18 12 47530 1.0694939666530257
13 11 29 4 61474 1.041062344829729
7 13 22 12 42187 1.086521837603886
5 18 21 6 61217 1.094229479608325
0 13 12 24 53002 0.9783642642547558
29 26 25 12 48090 1.0156754332938152
16 27 0 4 96554 0.9792174657175924
7 1 23 13 68086 1.0760402753068667
20 2 20 13 31035 1.0488542822271383
25 15 28 0 63867 1.0899882318859044
2 15 10 18 41042 1.0791705405560241
19 12 6 9 69809 1.055026693466009
6 16 2 27 60124 0.9806076410646212
1 16 14 29 59364 0.9952421532504538
23 22 2 14 68629 1.0885977244730218
16 1 5 29 92021 1.0228067673450432
26 24 10 5 68600 1.0101447957732244
7 5 26 27 81323 1.042270371452968
4 20 26 10 71937 1.0052145889090174
20 4 29 8 30351 0.9387779329643818
24 9 0 19 68063 0.992466257197198
2 17 2 5 71781 1.0858547856084777
15 9 4 29 69732 0.9101472955959767
20 1 14 13 50403 0.9189814712964942
27 8 19 13 38214 1.082589377844824
16 27 16 15 44846 0.9166567438465089
28 21 29 5 61899 1.0430046060629277
22 21 13 0 66276 0.9153491008724474
10 29 0 19 32943 0.9246997501049773
21 13 3 22 47976 1.0691908828714105
6 17 16 23 34296 1.0522214137514085
9 9 12 23 46775 1.0992255470043033
24 16 7 12 55470 0.9818828225938457
3 27 0 17 66418 1.0210023616858808
26 9 9 3 64343 0.9941371133614052
29 20 16 19 39899 1.0893918662163835
2 16 7 6 74127 1.0677779255908133
22 2 27 16 46570 0.9852068347557668
7 19 15 5 64463 0.9445452465552688
8 19 13 1 80938 1.0797229011595555
2 10 19 1 78907 0.9509977697783613
3 21 17 25 32416 0.9302430007603171
11 13 18 3 55914 1.0285080481731699
7 0 23 10 78624 0.9339257799645134
0 23 23 0 89899 0.9148428782387555
14 2 5 27 94943 1.0218057069674211
2 6 11 2 40452 0.9126789031518572
5 19 17 18 28454 0.9059915602869549
13 20 26 14 49534 1.0011935689544231
12 9 25 27 70838 0.9463627651423979
7 7 2 18 75332 0.9402234552567439
23 11 8 0 74841 1.0871269369652317
14 23 4 27 26485 0.984566828172827
23 9 7 7 67988 1.0334780120502955
21 26 1 28 37416 1.060335083438813
1 23 3 0 111615 0.9815201729531743
28 2 27 29 81658 0.9381341965648619
15 10 5 22 58076 1.0331845961903665
23 5 18 29 63799 1.0871915354402963
14 18 2 3 86619 1.0424352698307562
15 21 26 14 44699 1.0977753200214606
6 12 19 14 50719 1.0620540132344023
25 28 1 25 45581 0.9982783649949452
16 1 11 26 74352 1.0384620031237985
21 2 9 13 55722 0.9508345187211285
0 16 18 13 65559 0.9155091002248095
4 22 25 10 65457 1.0289829271484439
13 12 14 27 48113 1.0943249597364875
12 11 10 22 32471 0.913929938022138
13 17 16 8 47395 1.089680373768009
8 4 2 26 86046 0.9724442801178129
20 14 10 0 68294 0.9142399101196129
19 22 23 8 37535 0.9823526797075944
29 10 13 12 61072 1.0640808402055066
3 9 14 12 63075 1.0334626486476683
9 5 1 12 65429 0.9248269577224932
29 28 1 27 71759 0.9371829944062554
20 9 14 21 52482 1.092786145662518
0 23 0 10 85267 1.0458409124633485
3 29 25 26 47380 0.9558047309021114
22 8 28 21 41496 0.9616074179708465
8 7 21 14 67767 1.0150739448247141
13 23 27 5 60897 0.9809952124874615
26 3 18 18 54601 0.9629208118236274
25 0 26 20 72113 0.9950631402679513
2 8 23 2 70863 1.065349816941739
4 1 20 5 58032 1.0687105909590269
14 19 20 14 35361 0.9181672534884376
8 10 17 4 56761 1.002331658905808
25 11 7 1 76297 1.0684266444711612
12 12 12 0 66595 1.01169310741946
7 17 16 18 30884 1.0126665539653577
25 16 3 3 78910 0.9241020520376595
8 11 24 9 71677 1.033248258031068
23 9 0 6 74896 1.051963174412545
27 8 17 17 42254 1.0340751567409425
26 13 1 14 77660 0.9050971670682405
23 5 14 14 53324 0.9810259044338185
19 27 18 14 52231 1.0287206481954965
8 6 24 2 55525 1.0574760221158734
27 28 25 20 28163 1.013664020868061
23 23 1 26 41378 0.9413782214625069
1 29 23 22 46749 1.054572769171203
18 27 24 11 45401 0.987564791771113
3 27 14 12 57940 0.9132060416968669
9 20 23 19 34535 1.0463346416240273
18 23 29 11 45156 0.9613527919555458
4 7 25 21 90842 0.9333228006309093
18 24 27 28 25385 1.0567639628173975
23 3 6 2 50989 0.9578945161558048
11 11 20 2 59902 1.0874739443670802
28 25 22 13 27151 1.0751283455640863
14 9 29 10 67672 1.0834479806521824
1 16 27 18 72780 0.9313818635799228
4 5 4 23 86882 0.919365755918185
1 22 18 14 64048 1.0815639406265056
1 7 26 26 103202 1.0805948013518023
24 14 14 13 30315 1.0031303500752893
7 0 18 29 103913 1.0682998639268397
4 23 14 1 82995 0.9715892667643135
10 22 21 25 19359 1.090235718135079
11 2 20 10 48952 1.0977211704682142
0 9 9 12 51565 0.9982708993279965
10 2 28 23 75716 1.07778260217182
14 23 0 8 75920 0.9046000773249241
12 25 20 13 39418 1.0428675329051482
2 17 17 0 106114 1.0660973107608562
16 4 11 11 42228 1.0389744467620454
8 23 14 9 53199 1.050776378633603
6 4 27 17 61965 1.0904297207076323
22 1 3 26 86727 1.0274887785482127
15 0 13 23 74340 1.0737366505983115
1 1 14 20 105483 1.08720719427424
18 5 3 14 89226 1.0124786904021668
9 6 18 8 52365 1.0606516004784607
20 26 2 28 35783 1.0893833891806683
9 4 29 17 57530 1.0904251074502027
9 25 6 16 43136 1.0293070301417182
2 29 20 17 51342 0.9834133801316711
12 18 17 26 21170 1.003304239600905
26 13 22 19 18876 0.9129693234158794
0 29 14 3 97117 0.9280498556658807
24 9 6 6 70357 0.9190969666418137
21 15 17 29 30358 1.06630543440041
12 26 0 8 78307 1.08505915616856
25 7 16 18 50900 0.953859797126449
27 4 10 19 62282 0.9961691827877761
15 21 5 26 38448 0.9350548723033223
15 21 28 6 63633 1.0001775734396114
8 2 25 20 79173 0.9267552819615489
4 12 21 0 80745 0.9312872979510949
24 8 13 4 36645 0.9730926388240954
6 27 19 19 48173 1.0195035068107274
15 23 9 4 66209 1.0474084781417816
17 8 21 0 35341 1.0111852198741205
0 2 8 29 105643 0.9305834839679262
11 4 19 10 48280 1.0520658803608722
23 1 10 28 78345 0.9865280293383656
15 10 28 8 65152 1.0112194476908958
22 27 14 19 33250 0.9104262542889289
21 4 6 10 67452 0.9484197738059075
8 28 18 23 20045 1.0317546346087905
11 3 23 7 41604 0.982533922721279
25 24 11 2 68888 0.9134819628762707
29 7 29 21 62843 0.9814614011590993
21 5 10 2 34137 1.027474248091095
21 21 17 9 50835 0.9978892883637
1 7 29 7 84558 0.9671592899669275
1 11 12 7 66429 1.054117770812632
24 2 9 0 62989 1.073742007424502
23 20 28 26 23585 1.0360367858966992
6 18 0 13 42370 1.0990702484231283
18 15 7 17 50363 0.9391527045858846
17 11 5 16 67116 0.9825135538598366
3 1 27 13 87177 1.023838400159371
6 21 0 15 53301 1.0085519977789608
16 11 29 26 58560 0.9034421175742351
15 0 13 10 48389 1.078198853219694
14 9 7 28 62045 0.9298965707599601
5 15 17 29 62135 1.094029373347563
18 2 20 15 48987 0.9623058433327627
18 3 8 9 58428 0.9552114668385393
26 12 16 29 49586 1.090349284279077
22 19 13 11 44820 1.0714005936825692
11 22 23 19 25960 0.9771927217034028
4 22 26 13 52494 1.0969603820109366
16 10 2 12 62132 0.9736391458925535
20 25 13 7 76616 0.9445940971258837
15 0 14 9 37465 0.9427723766809071
27 17 21 22 16300 0.9534490102990525
16 21 3 10 72367 1.0019508213329709
14 2 13 29 81494 1.0221935576423735
7 12 21 28 56135 1.0110734771347398
27 7 5 0 80318 1.0997813037009598
2 2 28 17 85278 0.9966922267922428
5 5 11 29 83646 1.0110357635586662
16 14 3 12 48937 0.9419206155670693
4 22 21 29 39192 1.027630382117949
17 24 1 13 56141 0.9345281756205707
11 1 15 11 51498 1.0952424363434703
5 11 23 15 71398 0.9870378856817339
25 27 23 10 44022 0.9394105405818057
15 7 26 1 50498 0.936350889803283
2 20 6 12 51503 0.9026182148178882
25 27 13 12 59994 1.044288922127464
4 4 10 14 66588 0.9963013493610156
1 19 29 25 49313 0.9247104272501627
27 9 15 25 56633 1.062308419220419
10 22 28 25 29641 1.004338803756539
9 26 10 3 76059 0.926893247499659
29 18 24 2 59349 1.041500511067069
10 20 0 18 27171 1.0519249475336665
3 7 25 28 96957 0.9254532752401032
4 2 25 8 72869 1.0055857582466659
0 18 10 7 71640 0.9025667620013164
25 1 14 0 56004 0.9760172269411225
24 8 4 19 61434 0.9605713898977881
26 25 8 29 34804 0.9551023940105852
9 28 19 28 16346 0.9654909452092735
0 25 5 20 36095 1.0160888911090227
15 2 21 27 64094 1.0519138892470585
11 18 20 22 23223 0.9603350900090961
12 3 21 19 53993 1.0014603869011023
15 16 10 27 32046 1.060775935666101
26 17 3 4 67456 0.990495484295581
