2391 1894 4159 1860 3440 2332 2470 2229 3632 2834 1515 2839 3976 4007 3745 4292 1853 2515 3403 4028 4079 3130 3428 3097 3894 3712 1962 2146 3357
3633 2923 2313 2615 3258 3343 2754 3411 2091 1893 3738 3199 2952 2518 4069 3084 1951 2833 3149 1738 4048 4112 3548 4186 3874 3934 4198 4140 2183
7228 4751 5683 5865 5607 6393 6838 7403 5536 6085 4702 6113 6620 7356 5518 5713 6651 7288 5246 6794 6706 6216 6677 6281 5023 4641 4829 4673 5847
2671 3975 2701 2337 2772 2962 3509 4070 2071 1625 3155 3459 1549 1988 1618 1603 4053 3567 1715 3976 2738 1642 3600 3768 2847 3704 1802 3627 2879
6522 6682 8253 7041 7669 7300 7434 7093 6020 7980 5891 6665 7266 8710 7770 6320 6997 8358 6936 6387 7879 8153 6000 7009 6744 6849 7827 8466 8349
3733 3688 6250 6156 6195 6154 3776 5049 6136 5239 3623 6242 6156 5373 4914 3952 5684 6341 3651 5109 5910 5705 4633 5969 4409 4913 5657 5753 4241
4903 4102 3994 4093 3646 5438 3516 4602 3785 4761 4541 4586 2933 2775 5340 3919 3388 4237 3961 4771 4398 3280 3511 4818 5275 3517 4415 5043 3716
7424 7808 5840 8016 7329 8309 6452 6898 8237 6766 6463 6495 6867 7091 6646 6574 7931 7952 7747 7288 8200 8385 6428 7069 7494 5773 8412 7252 8073
5039 3737 4975 5324 5164 3232 4659 3963 3850 4933 4309 4076 2848 3061 3046 5100 5262 3397 4446 4493 4492 2564 4432 3500 4354 3011 5122 4733 4910
3581 3807 3787 4025 2825 3273 3239 2498 4408 3913 4922 2825 4568 4040 2215 4910 3808 4482 4665 2568 3002 2191 3230 4201 3242 4939 2254 4431 2503
3308 1521 1524 2990 2831 2028 3984 3085 2300 1769 2960 2448 4208 1676 3173 4163 2855 1579 3881 4241 2774 2068 2464 3895 4083 3834 2299 2853 4225
4590 2906 3939 4087 4368 3154 1908 4636 3944 2506 2656 3319 2704 4642 4421 2808 4170 2362 4064 2274 3737 4193 3903 1921 1788 3653 3985 3477 2276
3184 5261 5692 2999 4806 4639 4117 3521 3257 5571 4780 4547 5284 4877 3310 4669 2976 5278 3454 4004 3671 4174 2965 3133 5575 5382 2918 3298 4638
6014 7429 6805 6055 8162 7922 6325 7551 7101 5715 7671 8178 5665 5848 6053 8291 6175 5951 7070 6915 6357 6398 8427 8229 5888 6043 7621 6573 7931
5418 6341 5343 5487 6539 5857 7670 5557 5099 5817 5452 5452 5746 6396 5759 7062 5819 5612 7751 7609 6148 5701 6706 6348 6657 6710 6431 6335 5438
3675 3201 2339 2936 4144 3053 4112 3471 2567 3766 3668 3829 4305 2845 3482 1954 4691 2082 3106 3362 4391 2272 4240 3845 2898 2819 3360 2160 2582
7172 6173 6267 8219 6897 7150 7628 6952 7579 5535 6605 7227 8072 5679 6486 7962 7769 8417 5618 8397 6839 6652 6710 7949 6964 6754 7465 6506 7106
3547 3699 1253 3674 2921 2688 3631 3022 3166 3299 2323 1980 1320 2107 3808 1824 3315 1761 1722 2657 3008 1271 3428 3168 2518 1652 3062 1246 3647
3277 3605 3750 3014 4909 2139 3076 3961 2917 3335 3638 3153 3822 4048 3547 3754 2376 4817 2271 3892 4906 2468 3501 2829 4592 2817 4500 3484 4690
2185 4385 3320 3210 3699 4387 3268 2636 4408 4667 2340 3664 3462 2869 4176 2821 2394 3161 2301 2538 2453 4703 3779 2620 3767 4136 3997 3291 2180
6534 5067 7682 6560 6066 6787 6772 5202 5068 7306 6752 6094 7449 6803 5688 7679 5423 7925 7262 6811 5499 7188 7091 5297 7683 6898 6743 7737 6123
3788 3090 4629 5100 3011 3212 2927 5449 5441 4029 5286 3086 5364 5206 3271 3366 5285 4621 5140 2848 2897 4585 3710 4287 4117 3679 3276 3122 4994
8653 8084 6292 6651 8088 5975 8665 6579 7977 6048 7273 7529 5999 7608 8118 8330 6157 6610 7088 6603 6971 7379 6067 7916 6229 7921 6746 5946 8343
3905 5139 3629 3842 2956 2865 4487 4070 3245 4639 3801 2751 4985 4921 2996 3130 3505 3432 3912 5002 3773 4422 3500 2755 4854 2836 3236 2452 4769
5976 5913 5815 5391 7176 5702 7334 7890 6596 8054 7009 7470 6490 7511 8002 6449 7753 6885 7400 7045 7094 6423 6067 7696 7111 6314 5484 7015 7879
4228 3740 6143 5765 3577 4361 5220 4052 4581 6309 6417 3866 5990 5017 5343 3632 5239 5254 4771 5433 3929 5042 5407 3953 5617 6305 4030 6205 4893
6019 6114 6156 4188 5810 4408 4497 5760 5848 4857 5422 4162 5143 5634 6394 4749 4587 5624 4486 5641 4269 3982 3901 5478 6383 5910 6450 6685 5078
5492 4701 5738 4697 4269 5415 5451 6683 5937 4662 6555 5610 5756 5245 4843 6999 6314 4355 5495 5869 6737 5334 5024 5272 6509 6041 4395 6132 6579
6517 8212 7104 7027 8045 8243 7572 6866 6435 8226 6023 6960 5756 6395 7677 6631 7483 8085 7840 7580 7288 6771 6045 7875 6441 7946 6515 8066 5856
5644 4776 5105 7409 4880 6028 5259 6133 5579 6854 4643 7534 6807 6943 5813 6936 7127 6190 6966 4850 4998 6766 6308 4649 5447 6982 5763 5933 6660
4555 4894 4532 5465 6813 5124 4046 1662 8265 4575 4196 3519 3497 5655 4694 4071 7497 5713 5474 5225 7999 2687 4901 1870 6429 3853 4682 6787 5101 2104
5592 6174 2738 5055 5344 6061 5017 2976 7964 5012 3472 5044 3356 7751 6854 4247 7702 4112 4417 4728 8107 4527 4719 2795 5694 4318 3628 5984 3602 4093
4726 5324 2873 4247 6154 4771 3624 3233 5450 2588 3783 3340 1236 5398 4990 3016 5879 5267 4006 4790 6879 4703 3826 2440 5243 3221 2902 5529 3489 2075
4552 3677 4828 3439 5450 5221 4305 2576 7250 5248 4261 4674 2013 7092 4334 3917 5469 4150 4336 7043 7303 4207 2797 2237 6115 3810 5144 6761 5365 1833
5701 5055 4902 2965 6751 5250 2644 1629 6112 3028 3654 4482 1499 7782 4336 4115 7597 5141 6078 6470 5728 2550 4567 2315 5612 2620 3865 5197 4621 3349
3935 3590 3549 4081 6679 4922 4645 4244 5911 4923 4890 3154 2203 7203 6403 3244 5817 5744 4917 6448 6722 4926 4882 1946 5636 4969 4804 6026 4395 3263
5599 3896 3207 4239 7041 7592 2284 3874 7595 2936 3711 3077 2888 7119 4403 2694 7240 5013 5016 5789 7239 4124 4640 3491 6797 4748 3476 5010 3403 2618
4392 6364 3558 3790 5087 6091 4784 1751 6511 3331 5100 3943 3213 6502 5709 3167 7630 3894 5764 5598 6202 3091 4139 2971 7123 2505 5183 7557 4046 1866
4086 4299 3063 3786 7339 6209 4204 2424 6354 2522 2686 4697 1968 5041 6987 4291 5810 5520 4976 7234 5394 3496 4276 4107 5863 5118 4720 5823 4286 1335
4523 3728 3268 4885 6461 4914 2306 4263 6397 2813 2940 4728 2155 6699 5522 4811 5079 6210 4858 5275 6554 2722 5566 3291 4937 4707 4591 4952 5842 1836
6238 4022 2991 4323 5096 4825 3009 3014 6132 4237 2844 3220 3326 7032 6614 2309 6552 6522 5019 7441 7506 2685 4014 3573 5655 5131 3554 7379 4650 2478
3666 4696 4053 3072 6414 4902 5050 3545 5984 3724 2662 3716 2010 6418 5089 4467 6139 4177 5573 5291 5429 4087 2877 1748 6850 4434 4000 5555 5451 2285
5795 3700 3133 3898 6030 6210 4625 4073 7635 4419 3620 5029 3179 6357 5999 2907 5644 6110 5045 6658 8000 5029 4577 2372 4898 4384 3253 7012 4059 2096
4352 5488 4143 3078 5228 7353 3950 2853 6081 5025 2799 3162 3723 7238 5386 2634 6587 4663 4389 5470 6998 3974 5592 3220 4351 2301 3652 4866 4543 3411
3478 6388 3736 4263 7058 5294 4849 3375 5540 2344 3106 3376 3026 6307 5267 3342 5925 6050 5780 6923 6776 2790 4371 4617 6680 2580 3208 4841 5771 3474
3383 4101 3502 5163 6539 6585 2997 2117 6782 4954 4389 5438 2727 6068 5394 3780 6766 4307 5298 6448 8090 2889 4618 2390 6248 5101 2851 7641 3787 3804
5351 4358 4083 3567 5223 5856 4474 2507 8055 2481 4935 3333 1381 6915 6940 4052 6170 4354 6163 6384 7211 4636 4598 3020 6780 4647 4564 5513 4655 2963
5147 4920 3005 5145 5443 6669 4214 4051 5678 3617 3284 3145 3213 5839 4664 3408 6117 4309 4314 7320 5773 4789 5318 3145 5911 2318 3060 7136 5722 2799
5111 5863 3893 5411 6380 6478 5066 2808 5732 4136 3840 5114 2060 5770 6602 3572 7737 4982 4899 7435 6874 4050 4595 4311 5704 2361 2339 6429 4050 2231
3609 4837 3976 4546 6834 6287 4233 3457 7500 4776 2674 4203 2472 7243 5664 4426 6728 5996 5603 4642 7105 3555 4234 2684 6680 4049 4946 7644 3726 2913
4745 5122 3282 4603 6167 4848 2618 1815 7292 4378 5131 2820 2607 7204 6773 4977 7809 5245 4005 7227 5588 4343 5379 2839 5641 3519 2279 5019 3304 2508
5548 3716 3679 2772 7837 5052 4739 3677 5664 4235 3558 4761 2580 7858 4326 4620 5571 5923 3670 5817 6606 4377 4225 1863 4457 2656 4344 6555 5328 1464
5875 3984 3301 3960 6357 5397 4008 4043 6980 3499 4327 4047 2675 7403 6866 2725 6550 6239 5348 5723 7264 5436 2988 2105 4849 2675 2767 5214 4871 2219
4906 4216 3501 5367 6259 5921 3509 4185 5376 4567 3498 5037 3783 6518 5579 4001 6412 4139 5695 5924 8009 2864 3340 3852 5042 2479 2819 5155 5136 3857
4312 5815 3808 4370 6116 4960 3224 1983 5396 4679 3770 4467 3368 5392 6376 3667 7465 5509 4110 5804 6132 3069 3383 3117 6608 2407 3999 5388 4052 2852
3993 4227 5125 4768 5523 6815 3425 3096 6075 2943 5066 3975 1704 6377 5739 4877 7751 4867 5646 4923 8129 3627 3253 2904 6418 3274 4692 4778 4206 3745
5353 4201 4641 3111 6955 7081 4498 4255 7927 4259 2923 5598 3551 7426 5609 3424 5187 5085 3682 5217 6575 4976 4988 4591 6959 2883 3362 5754 4801 3778
5879 5641 4658 3675 6465 5140 3594 2333 6753 4111 3802 5244 3364 6758 6301 4023 5993 5292 5809 4943 7485 2969 3597 2289 6673 4497 4024 5019 4849 3414
6078 3885 4545 4119 7006 5193 3634 1636 5842 3041 4884 5599 2894 5043 6308 4911 5449 5044 5712 7372 7668 3645 4143 3314 5800 3461 3438 5450 4897 1960
3 17 21 15 69740 0.9490134081213599
8 7 6 23 63001 0.9427896288932143
28 22 3 22 83906 1.014391396602365
20 14 0 28 99020 0.9632779670995333
18 5 2 2 68665 0.9738925242481996
12 22 0 22 39177 1.0324695455523858
13 29 21 12 65518 1.0749953287657503
4 13 15 5 57779 1.0891963991573717
12 26 0 27 45492 0.9142628559992819
25 11 7 8 68869 1.0463628964453053
7 17 29 20 101689 0.9992614885972069
15 2 23 26 87319 0.940878564605432
3 1 22 8 82888 1.0530624142517415
9 13 12 24 43545 0.95703133578058
9 4 15 13 44519 0.9396250620708919
18 4 29 14 71936 0.9082429653425235
13 22 19 16 40593 0.9294205721847559
12 18 20 13 50906 0.9971636459081906
11 6 21 28 86749 0.9293145357311204
19 9 26 17 55057 1.0140782388886034
16 6 18 15 32538 0.9639497398186698
20 22 1 10 83780 0.9291261974789395
13 3 11 29 89443 0.9915868809792142
9 4 14 20 71637 0.9023388378472049
22 10 0 2 92351 0.947906178734291
11 4 28 13 78823 0.9587380975398554
18 1 9 20 83317 0.9733603502887177
11 15 8 27 49719 1.0321431327053636
21 22 24 9 63049 1.072685559236977
24 15 11 3 78287 1.015638808901326
15 25 6 29 32320 0.9135196899576691
22 17 13 5 74820 0.9829554411957083
24 22 4 10 94621 0.9674136553702685
13 2 29 11 84682 1.0352015808597925
13 21 6 7 64771 1.002688505819586
17 25 9 12 53434 1.0817069220951823
25 15 10 0 86297 0.9289548673305436
17 16 7 2 64239 1.0715132299527117
28 23 13 19 65658 1.0439363327612639
28 8 13 22 93459 0.9493506202851513
12 29 7 0 99267 1.0286370117343444
18 0 8 29 103040 0.9555821005020616
6 2 18 25 92612 1.0076685512585166
16 15 15 0 53161 0.933626197385923
3 22 5 9 40964 0.9664867161347832
27 23 25 4 95354 0.9340247145511968
6 13 0 2 43495 1.00477547748472
29 8 12 1 80953 0.9135661796922198
11 13 24 6 59813 0.9873849238224015
23 20 15 23 34052 1.034168051261291
7 24 5 10 58484 1.0245357368888253
23 20 17 25 32252 0.9978297265822337
2 23 10 21 27330 1.0646297771430266
29 11 7 23 99335 0.9342902064338897
26 10 6 23 95067 0.91628294547106
0 14 15 16 57365 1.0358784750621892
5 13 8 25 58531 0.9047293569684705
28 6 23 19 67240 0.9140159044357768
3 16 27 21 101970 0.9162193891179725
28 25 10 18 75172 1.0585982600563026
18 1 2 14 78405 0.9072192269564904
27 6 9 18 93743 1.0404087334506442
0 9 21 15 74206 1.0781019036260533
24 4 24 25 88739 1.0766509700652638
25 9 13 20 77904 0.937520319900422
10 15 10 5 27631 1.083228957766342
12 24 7 0 84763 0.9055291953038525
2 25 23 20 79776 1.0444930401873709
1 25 0 13 44346 0.9195801471087746
8 17 12 27 43715 1.0860186588586112
7 1 17 27 97824 0.9238497773246815
0 3 4 20 58060 0.9680600161752818
20 20 17 29 37511 1.0309812765789157
20 6 11 5 37892 0.9841943770511747
29 1 4 6 106020 1.097819731078668
29 29 14 5 106127 1.0199686289774395
20 20 9 0 88656 0.9326910593015395
21 13 1 13 58571 1.0840889408393697
0 29 27 20 103349 0.9209748653317084
25 3 8 25 118852 0.9996140257235487
23 10 15 3 50674 0.9728374162690264
25 13 6 28 102144 0.9236007831982342
9 12 27 5 78801 0.9595251999713453
6 12 17 25 61503 1.0940998355306535
6 5 26 15 94254 0.988545499750926
13 28 23 22 48773 1.0434531179315087
27 22 1 7 115867 0.9831622711541571
19 17 13 21 32728 1.0422728382879358
18 5 0 24 96577 1.0173819870207668
21 19 14 2 75495 0.9619181727360867
0 29 14 0 118750 1.0064696777913777
16 29 29 12 78748 0.9473936658968016
0 3 1 22 56550 1.0671789775009255
10 5 8 22 55906 0.9802441815734863
17 19 12 12 29893 1.0932863228952352
9 9 18 11 34405 1.0907042393919226
0 26 27 17 115944 0.9476020873448514
13 17 8 10 39665 0.9703569408911958
3 8 7 29 68049 0.9674298923474675
7 11 14 2 48709 1.0479016935658425
2 11 17 11 44090 0.9820915591219002
24 7 5 22 104909 0.9134105852281925
6 25 2 11 51439 1.026808553827335
5 3 24 17 103526 1.0217608045792792
26 16 12 18 70660 0.9577906696754864
25 17 17 24 53357 0.953343396992994
10 22 24 19 62972 1.0634794505485885
10 20 27 14 84162 0.9121185998765058
19 21 19 8 41254 1.0436915991551607
22 2 5 18 100564 1.005207305694701
2 9 25 4 89450 0.9177799775838955
12 1 6 12 46382 0.989730632513675
13 27 16 0 94595 1.0292449050296808
19 23 9 12 55204 1.087725423074229
9 11 4 3 46008 0.9486997198295068
19 9 0 10 62812 0.9616953771239432
25 17 14 26 66074 1.0537496478278623
14 9 27 19 80585 0.9460075591856871
22 16 14 18 46982 0.9974346307327605
20 26 27 23 32794 1.0309906338866561
17 29 3 15 78132 0.939491414233073
14 18 19 11 37834 0.9454688871684778
25 22 9 6 91615 1.0493060624252553
22 4 27 19 82768 1.0180545865185944
1 8 6 0 43680 1.0857742026692976
0 15 26 22 105490 1.0393149032616678
15 22 6 15 52480 0.9563749495354299
8 17 17 11 44792 0.9289607980948675
26 0 4 9 100995 1.0463149827450642
15 7 25 10 43697 0.9180505198190507
23 10 4 14 65341 1.0317773102562813
1 22 9 2 78120 1.0715488244430895
20 14 1 3 83473 1.0060156966064389
14 13 15 29 56396 0.944299961022843
1 7 13 3 47394 0.986174051446246
17 8 17 22 33561 1.0772770543650736
26 18 13 12 64884 0.972540205979779
29 13 14 21 72915 1.034041965641403
4 10 29 11 86418 0.9254531210517668
7 20 26 19 86699 0.9770558852468793
28 1 27 11 59749 1.0727647169032641
19 22 22 11 43804 1.0574628266925001
26 23 8 11 80612 1.0048848157785912
27 23 2 27 90359 1.0899670468531146
23 2 9 13 75188 1.079261927273868
7 18 28 23 82869 0.9687861449608852
28 17 26 4 77648 1.0976053749802237
7 29 24 10 92719 0.9243501206433042
9 18 18 13 47949 1.09114911860396
27 18 16 14 63466 1.006617200600972
10 7 6 21 54545 1.0213345265962177
3 13 6 27 51023 1.0688107463307497
25 12 14 2 61492 1.076681511127625
2 26 18 14 80460 0.93549816908452
1 24 20 16 82979 0.955284488659028
8 13 5 5 43179 1.0842823817386165
3 27 29 4 142736 1.0209624396560333
28 11 5 17 89528 1.0389803957842987
28 24 27 3 117228 0.922857723520319
28 10 17 11 42751 1.0164585489094846
20 0 12 15 68657 0.973603614714258
3 16 25 21 93391 0.902267721729131
17 14 24 29 56078 1.0744049940583533
4 3 5 17 49501 1.076467664080991
9 19 27 15 80941 1.0332681414994918
11 2 9 14 39673 1.0449475055303283
17 27 29 18 71133 1.098636452779731
23 6 10 6 47192 0.9270648470308702
29 20 9 2 122301 0.9520053856491214
8 13 22 28 84252 1.0220268386497193
3 16 10 3 47092 0.9205566281492886
21 22 8 22 48426 1.031516117442077
26 7 29 21 84166 0.9475924005586148
9 2 28 9 81993 1.0128550426177223
19 4 28 8 47064 0.9474422699753688
10 8 19 12 34122 1.0082810609822597
13 10 5 12 26961 0.9323210167989237
14 23 3 19 43227 0.9883778550071531
15 5 17 14 29006 1.007579019802688
27 16 8 15 78802 1.083396842612682
28 2 11 21 115753 0.9591414747846998
25 2 2 15 99884 1.0024403145336407
7 13 8 4 43536 1.005005839105712
1 6 24 8 80505 0.9191770085277424
18 29 14 11 55626 0.9927347038971464
21 28 16 12 53962 0.9854699886001322
0 23 20 13 85659 1.0920318751421387
12 22 29 13 85883 0.9872663700978963
14 9 19 4 31219 0.9610703213149382
13 18 17 1 64942 0.9323479001068864
23 16 0 21 98858 0.939654843782893
3 27 3 1 72806 0.948581769852815
22 7 17 29 71071 0.9881281107817762
19 3 29 4 48700 1.07791196779112
27 8 6 21 108613 1.0671143605892872
2 22 12 9 58696 0.9329648713775559
7 11 6 24 52743 1.0296962238071192
14 0 17 9 37750 1.0192351694068167
27 2 17 9 58566 0.9487314766238119
13 16 5 23 48257 1.058346020595541
8 10 1 21 49422 0.9489399204319325
25 11 29 2 59368 1.004492978356921
22 4 11 12 58913 1.0296265993008569
1 11 14 6 54839 0.9386585297449892
6 26 23 14 91963 1.041018962448773
9 4 14 12 37188 0.9957225674568934
2 3 14 21 90017 1.0605674991658496
19 29 9 7 82741 0.9434531614351278
15 16 1 6 64287 0.9260138008143739
7 2 25 12 77938 1.075682599521739
8 22 12 5 62872 1.0099500891027153
8 19 12 11 40667 1.096131999423853
0 26 9 9 71301 0.9595416036092834
22 0 0 17 112484 1.0166491859288682
2 16 11 24 53022 1.0789586689543853
13 5 17 22 61019 0.9138622367283841
21 11 9 19 59620 0.9612386169628054
7 7 11 1 24636 1.0546776883005917
1 19 20 28 83730 1.0227529233780865
29 4 20 6 44157 0.989798386627696
28 18 24 11 51659 0.9080297155401363
7 27 26 11 103353 1.0093678124333076
7 20 14 29 49909 1.0350956790330785
24 19 15 13 56825 1.0550494565650788
26 0 18 17 85046 0.9710727355120796
1 13 19 26 81813 1.08109700589666
14 16 26 24 65422 0.9963298744454279
11 21 26 16 78714 1.0150364268764567
1 10 10 22 58086 0.9859402105678877
15 20 18 1 64152 0.9436547539055704
2 20 19 7 82867 0.9331781426739958
17 22 25 8 63110 1.01319312099602
6 13 26 9 71208 0.9933209092456237
13 7 27 8 50905 0.992417897087075
19 18 7 28 68065 0.9809571677181121
17 10 0 28 89579 0.9420367725717805
20 3 28 21 97152 0.9535586620875023
11 10 21 16 49005 0.9122839508582186
7 15 13 3 51933 1.0350362481061304
17 0 28 25 100228 1.09711467468925
26 13 14 22 65295 1.0796277509718821
12 25 9 2 73985 1.0253631538554715
27 29 8 4 120704 0.9664401207872315
18 1 1 5 72423 1.0056342436319181
15 23 15 0 73505 1.0743425220913703
22 7 8 6 45705 1.0230679171652801
1 10 26 22 103484 0.9762921219335432
9 28 3 20 43210 0.9202200997772038
16 18 8 28 60822 0.9571695237924851
19 12 0 22 75622 1.041987408125829
27 20 1 28 103428 1.009667383045325
27 3 26 23 102473 1.0760573268267384
21 24 3 0 114105 1.0238866656557928
9 22 8 6 56519 1.0846951937736045
23 26 29 9 87199 0.9469674736600515
26 25 20 29 27644 1.007473271203185
27 15 2 10 89565 0.906834920636327
2 14 10 29 64229 1.0662791405763226
13 24 14 1 91094 1.0005999513205666
13 26 9 1 82438 0.9590108969563392
11 6 16 23 63409 0.9333373285627338
27 23 11 11 76997 0.9659301707790712
26 3 20 27 111966 1.0947336235306957
16 20 29 8 80087 0.9886183479648678
28 27 19 10 84259 1.0760362783173711
2 6 19 15 71039 1.0204464246781526
24 8 29 23 83105 0.9778970678447471
6 0 9 14 58783 0.9917507795011142
17 19 7 20 48667 0.9980020896751989
1 8 23 17 85968 1.0402662061445636
10 8 21 22 71168 0.9621368951075868
2 25 1 3 68779 1.0235706766030819
24 10 10 23 72818 1.0705540020646007
0 8 9 12 32693 0.9383720564934791
29 25 17 10 72789 1.0433439337274981
19 1 17 18 53375 1.0755034355749522
26 4 23 13 47470 0.9453808240549464
25 21 27 29 48975 0.901382960778672
2 19 27 6 108053 0.934015549281676
24 13 14 11 37193 0.9954252451443244
4 5 19 16 78419 1.0387684931668912
3 6 27 17 107944 1.0301287345300543
25 12 8 15 55208 1.0713814297598854
24 12 21 26 63412 1.086345318722674
5 16 4 28 53326 1.0528252771379452
26 5 15 4 53953 0.9029034881830592
2 22 22 18 82458 1.0689522385909864
19 12 21 27 54732 0.9194572763847734
6 28 14 22 44995 1.0071715758093125
22 4 18 15 53451 0.9235305783841334
18 22 23 4 71486 1.0802601315337428
6 0 28 27 143375 0.999369091078776
6 12 0 23 40869 0.9633710584520571
16 8 5 29 90605 0.90958115203052
3 6 17 29 94714 1.028542917994756
13 23 27 15 71930 0.9026089399203377
24 18 0 23 91654 0.9138793180546937
6 1 25 4 83106 0.9852329558257819
20 13 13 19 52649 1.0454801967244114
3 7 25 16 89500 1.0813137418028218
24 21 2 11 92568 1.0898022490304555
28 10 24 20 64824 1.0694257142932817
4 21 12 16 43184 1.0128222403131377
26 4 16 16 72808 0.9598111056198119
28 11 23 25 73917 0.9595420652474829
24 11 18 26 60014 1.0009887296606585
6 13 16 27 74663 1.0118402174991894
10 21 24 19 65040 1.041482485691807
28 9 16 20 71467 0.9717004171536672
0 6 15 6 52074 0.9457752217280393
5 5 28 3 101448 0.9106739062202616
3 21 26 13 87723 1.01506590953591
4 21 22 25 66970 1.0089383578053783
2 23 10 1 73868 0.9355061564330815
7 25 21 19 65344 0.999754117174921
20 17 19 5 47088 0.9149250428367905
28 25 7 3 120948 0.9739963786684832
21 15 21 2 56011 0.9281059623788452
25 2 9 7 68359 1.0891985117354541
3 9 29 27 123344 0.9919923726521457
3 12 22 0 89850 0.9677198777968555
6 27 11 9 74277 0.9682806899594992
12 16 29 2 103663 1.0863116720931967
29 4 8 23 121814 0.9220830434706593
18 3 8 25 93191 0.959461211985575
14 7 27 13 55558 1.062786400074938
6 22 17 13 63005 1.0157628622599395
4 16 17 14 50965 0.907302289872584
12 15 23 20 59424 1.0328475061943396
15 26 18 14 40694 1.062091233285484
29 29 14 19 75631 1.0533824141774133
19 26 5 27 54777 1.0737989431539634
7 5 20 29 101208 1.0730512002445718
4 10 26 19 102688 0.9831963914111987
8 7 27 3 78900 0.9581320925827156
5 15 3 26 41245 1.0132303785063677
29 4 18 23 96621 0.9289842384462648
11 1 26 16 96637 1.0663952996660775
6 26 25 2 128876 0.9257044960225321
23 29 11 1 106482 1.0136928117990274
20 25 11 24 33702 1.0775034306339741
16 28 0 13 89898 1.0563171747835944
5 22 19 24 51455 1.0572202138401268
1 13 13 22 65569 0.9935589926266325
8 24 10 16 30760 1.0297432785735197
21 14 6 28 85815 1.0420428781480195
7 15 19 16 45561 0.9137507931855966
0 0 8 2 34472 1.0704460151053805
9 6 29 24 106108 0.9610008454783433
10 24 3 6 70191 0.9093224716637505
1 14 5 5 38577 0.9550643407989188
7 28 23 25 59823 0.9366977449770642
14 0 11 14 60161 1.018265463508689
19 27 20 8 67857 0.9044304751639152
10 19 14 12 33773 0.988226396189941
12 10 26 18 75157 0.9139970256355865
2 14 28 3 111991 1.090597667705145
9 11 15 25 59043 0.9898919769667057
20 26 12 16 58053 1.0277883821318552
8 29 15 13 67004 0.9961662457859959
15 1 22 9 51665 1.0827239272725004
5 24 23 16 87208 0.9923155066232983
29 5 18 20 86662 1.0791142648929846
15 28 29 18 80821 1.014913158970936
18 17 10 26 46439 1.024618026012046
1 21 5 14 34354 1.0698904528913813
11 0 20 19 84958 1.0334949219991878
20 9 5 9 56238 0.9040651722115506
5 18 26 20 95626 0.9716600881558319
21 28 10 12 71953 0.9778234419865746
17 16 11 9 33586 0.9656027221244419
11 1 3 12 47401 0.9750461848096472
1 16 29 1 128909 1.0331901121312932
3 10 26 25 99570 0.9742299146614861
20 0 1 29 129327 1.071218743938735
10 9 7 23 50628 0.9935029908896652
14 15 18 5 41097 1.01247863038812
15 22 24 29 42934 1.0663469511959636
26 0 19 11 63204 0.9754417881859161
18 22 21 29 30967 0.9421344726977101
20 22 1 27 77788 1.006899744286089
17 27 22 8 70479 1.028673749694649
7 13 26 5 84614 0.9337664086953266
28 20 1 5 132719 1.0989686840654176
9 23 15 17 38274 1.0727817116087661
8 25 20 1 106151 0.9972291060272783
26 22 13 5 94870 0.932290700780225
6 16 10 26 49969 1.0650976894485402
13 14 29 16 75428 1.0438141970506
1 3 16 9 66792 1.0649023876522918
12 6 14 29 84081 1.0369566010811044
5 23 1 13 40145 0.9323483449855829
22 7 3 5 64524 1.0684633006653301
26 5 5 15 93324 0.944173046135228
5 22 28 16 110524 0.9025562076775021
13 26 24 16 70442 1.0518623697949234
10 23 22 21 46379 0.9272543413615635
2 6 0 18 42870 1.0529976695896006
26 26 9 18 75763 1.09004153219641
25 11 23 25 62204 0.9542509815040389
27 28 6 2 134368 0.9121286965377561
19 8 27 18 67515 0.9378182894545076
25 16 11 6 73977 1.0516320679359348
24 5 2 21 109161 0.9689670254951849
29 4 15 15 81995 0.9484796398650603
25 16 13 13 56331 1.0580656093686245
7 14 23 27 89670 1.0651117373063577
13 16 25 19 69725 1.0050997495400533
0 23 1 10 42524 1.0026291724140166
21 27 7 27 57252 0.9513060427534469
10 14 5 22 44261 1.0765673912107807
24 5 14 2 48805 0.9817248848509634
21 10 23 26 67650 0.955572957510926
20 18 5 14 67571 0.9913363565720333
8 7 5 26 74461 0.9625163719761199
5 21 7 6 58193 0.9628020540569733
2 19 18 3 87132 1.015629277835289
1 10 22 15 75078 1.033707262416948
20 5 24 12 40996 1.019517743715436
14 12 23 16 38773 0.964277012185601
18 18 12 1 69720 1.061235198118517
17 25 22 0 86446 0.9637410024188536
12 29 17 12 57262 0.9721515737845917
17 9 4 20 70285 1.0971524703110735
26 28 10 2 116471 0.9217933835351468
3 12 19 10 46588 0.9704683470864539
24 7 12 3 54144 0.9515693841538311
19 21 9 4 74205 0.9379264741820985
4 8 19 7 53621 0.9698786759987409
5 28 5 16 57947 1.0513387059799226
28 11 10 8 67186 1.0440031925843594
5 23 24 4 112601 0.9532230004669011
14 26 0 6 93303 0.9354608514924594
22 23 7 2 96243 1.0103581234007846
28 0 25 16 90989 0.9072445658403351
22 10 24 26 67721 0.999454144863714
4 3 18 9 64482 0.966623050438579
7 4 27 19 119115 0.9332893998665338
2 27 22 24 78080 1.0949294684306425
9 7 21 21 73978 1.093345192275705
28 15 14 15 54894 0.9914879285026712
10 2 6 13 39076 0.90308906421679
9 24 29 29 73456 1.0580398255732766
16 21 7 10 61664 0.954983434282073
9 19 23 26 59864 0.9633193301060693
6 10 24 9 69877 1.0506659795913857
28 20 18 27 58247 0.9110753601362261
5 29 26 22 75069 1.0101876945001753
2 27 15 23 53538 0.9535069934265852
29 25 4 6 123396 0.9150596262775419
10 7 26 27 99881 1.091814573099837
3 22 13 21 38559 1.0657034795913058
28 8 16 26 90300 1.0799479658207927
0 20 10 20 43886 1.0468062478637488
4 15 18 24 70773 1.006301212284707
8 25 18 26 40464 1.0211176302149971
22 18 25 0 79879 1.0252922894223564
24 29 26 11 81354 0.9649811817229672
9 7 24 12 55587 1.0529378330423478
1 17 29 18 121994 1.0300266834476681
6 22 23 15 80818 0.9250321865145213
21 8 18 24 60389 1.066369886495254
11 4 20 26 85594 0.9646305442960672
20 18 23 4 63634 0.9039452630081362
28 18 14 9 80899 1.060122648454658
8 6 16 20 68153 0.9288315335969105
25 4 26 24 96241 1.009668691902244
29 18 3 11 108000 0.9417384573215992
11 19 13 28 35744 1.0022546842982145
9 17 3 27 49326 1.0436421300107002
29 10 12 8 72507 1.090828942936313
22 25 20 8 71712 1.0723639067233366
19 17 29 10 56104 0.9295840843697125
15 8 21 20 57213 0.9594890344704076
26 9 15 19 64902 1.0376932516577368
16 19 1 28 76572 0.943610638122813
15 8 19 25 54190 1.0128164779166937
18 6 16 27 63010 0.9424652076825593
25 16 11 13 58559 0.9174071629247164
7 7 2 24 63473 0.9173708532565502
1 22 9 1 80101 1.0850176588213531
23 2 28 12 52055 1.075468759814717
15 2 28 15 82878 1.064190069742997
11 10 24 16 60072 1.0874024037237189
13 11 3 29 77028 1.0825950301612506
0 18 14 24 62792 0.9416504148135364
3 20 23 22 69725 0.9372013972900795
20 0 26 29 111136 0.9948883387735423
16 7 12 27 70302 0.958479637225393
10 19 9 9 31525 0.996460547344607
22 10 9 27 83631 1.0117236983837725
22 7 11 27 84492 0.9914446023724034
23 23 12 22 35531 0.9592013176398155
17 25 26 19 47925 1.079142053940682
16 10 5 14 47163 0.9669169910011358
3 21 21 20 70499 0.9318816216084633
17 18 5 1 79759 1.0762685902027205
10 21 1 23 30125 1.0571647836865237
22 3 26 22 85814 1.0196651652298148
20 20 29 22 42987 1.0258922356954248
26 16 5 26 110069 0.9491601830629145
6 16 24 13 68110 1.0726283038128428
22 10 2 18 75977 1.0503075816044904
0 20 7 27 47275 0.9058275012359832
28 25 21 15 59569 0.9309121390396673
21 25 23 14 46044 0.924796175212641
7 12 28 27 102691 1.022877856906997
10 17 6 23 30867 1.0022012011216619
25 26 2 12 95686 1.011240077417327
8 28 22 8 103642 1.0644301008877826
16 20 10 7 57659 0.9869751591726603
19 17 20 1 60364 1.0912659721650935
29 3 10 22 121897 0.999962471280142
23 19 18 29 48410 0.9739818039332327
1 6 24 4 87093 0.9037160209206978
10 20 22 16 65530 0.9497805357045863
25 15 23 27 52025 1.029536281809764
29 15 23 24 58334 0.9767037268116082
25 27 23 12 64871 1.035420947324785
18 12 9 29 67074 0.9969549765618039
11 16 1 2 63320 1.0319548351179986
19 0 12 6 44899 0.9587645978193582
0 0 20 20 108978 1.013541641265313
7 6 20 8 50199 0.9464809811707517
8 5 5 19 63950 1.0851689976635115
24 10 2 15 69139 0.9789097076374873
13 0 2 6 57387 0.9245864571404576
1 0 1 26 81167 0.9782950095176671
13 25 23 16 61527 0.9037376717582113
21 17 9 9 60033 1.0274554582247544
25 8 16 1 51903 0.9587573919192274
27 19 18 14 58562 0.9958773381711417
6 24 12 4 82106 0.9679420410233991
22 17 11 5 73916 1.0099516064076524
18 13 22 21 39110 1.0943918436471
0 1 20 19 101586 1.0750873751374008
19 10 4 16 58815 1.0933201174484022
14 10 2 20 60220 0.9914404472547047
7 6 29 29 122078 0.9445927004918434
19 26 22 8 72816 0.9532017060714196
11 26 0 14 68807 0.9940134870498808
25 15 27 23 44359 0.9956528209754331
24 9 8 18 77574 0.9869509725749256
14 18 27 18 64213 0.9221417549581427
1 18 15 29 70301 1.0616225612442527
27 2 25 26 114201 0.9415949845216972
24 21 28 7 72878 0.9446632059668547
29 1 11 25 125393 1.0197922098707173
6 6 20 11 60119 1.0986957261442185
18 2 28 24 98758 1.061776052288897
0 20 12 14 63750 0.9774498961538269
16 2 11 12 48052 1.092282343637479
10 16 28 23 74502 0.989401281531037
9 23 28 10 91223 0.9580514750568426
20 12 8 2 59367 0.9081467121144565
13 15 18 9 31638 0.9124154573835049
1 13 5 22 39357 1.0168748588872554
16 15 25 23 46954 1.0800747685238223
1 5 14 18 76673 0.9369330072081637
24 27 4 25 78943 0.9085677519488087
20 12 26 21 53078 1.0530525288833608
0 18 11 17 55520 0.9129414826965927
29 6 4 17 106619 0.9460240959947869
22 16 8 17 67381 1.051458871560407
9 26 29 8 113457 1.0788319754454527
29 24 18 12 70924 1.0061543806433701
24 1 13 28 113742 1.0984869907238923
28 22 3 1 133176 1.0833144829228103
26 28 18 9 82102 0.9948353275972089
13 0 26 26 113259 0.9177224488065835
5 10 10 22 52205 1.0217217187151708
26 11 5 24 97560 1.0037436578016956
4 14 6 0 56907 0.9250943824579164
26 27 23 20 37766 1.0163565393374194
24 22 20 13 52992 0.9119408998711331
3 15 16 16 50618 0.9938601231447552
17 20 7 4 74425 1.0389498386936884
12 1 25 24 105361 1.0866812615782862
0 29 14 16 83867 1.099025945046807
5 4 28 9 98693 0.930184063567233
26 25 21 4 92054 1.0126146699728766
22 7 2 3 73880 0.9831562112277508
11 3 4 28 93819 0.9853208043500985
4 27 19 27 57121 1.0768952762299793
13 23 6 27 37421 0.9800827276634316
17 15 28 24 60561 1.0988380495381267
28 28 28 0 149542 0.963656007009778
18 29 6 22 56403 0.9221785480916268
24 28 7 21 71705 0.9408105979872536
18 19 2 24 67391 1.0206391699545734
8 17 29 26 94612 0.9529983278550338
26 6 17 5 37724 0.9176285323578873
26 29 14 24 51513 1.0682235787632524
2 21 26 24 83541 0.929273532413851
27 8 11 25 94865 1.051807488276138
23 6 4 7 63474 0.9792018124929399
10 2 20 7 43076 1.0171134928738885
0 27 25 7 122898 0.9481379407315079
11 23 15 7 62002 1.0040233129027873
15 15 2 20 63691 0.9135816198804908
15 10 27 24 74509 0.9890067546009916
17 14 12 5 40898 1.0546921604633441
29 3 2 27 153282 1.0012447652946725
23 28 2 22 80512 0.9906250469343942
22 26 4 10 95140 0.9083114383888262
29 9 10 3 80242 1.0540047065974045
26 17 16 21 57340 1.026096042901246
24 26 18 6 76016 0.9749059945334677
7 1 14 17 75125 1.0158806769298523
29 12 7 13 67116 1.011791118123825
17 9 0 15 59402 1.0833626543529136
4 9 25 18 94483 1.0462365866851089
14 0 26 29 111454 0.9982547036847752
2 15 7 3 48855 0.9183295664328045
18 11 11 25 52422 1.0567357640223922
2 20 29 2 137630 1.086258612406847
23 27 29 6 98512 0.9191333823907749
7 22 8 13 40000 0.9639145936597853
12 15 2 25 60995 1.024145028413717
0 27 11 29 32353 1.029831301544522
3 28 29 9 127891 0.9962099703455153
18 4 28 28 107074 1.0863337980247756
17 9 7 2 48837 1.0577478960282094
16 29 29 17 83354 1.0092136477039821
15 26 27 8 88542 1.083132990967882
25 4 14 29 103980 0.9950255715727512
25 6 9 7 56285 1.0906181883105095
22 2 9 28 111290 0.9949200897538798
27 3 23 29 114264 0.9568938787323353
5 1 13 18 77576 1.0575712296951818
0 7 29 24 123781 1.0670572087499728
29 15 23 10 43736 1.0759833598875443
14 23 2 28 49386 1.0808218367814455
23 1 1 11 96005 0.9099182278434843
3 12 24 6 76374 0.9327319183875706
7 8 28 18 105763 1.0327205649151345
19 25 23 8 65814 0.9011801803202214
16 26 5 4 101648 0.9479241216371272
2 16 26 8 92475 0.9162590174482186
20 20 11 7 66795 1.062247226134958
20 4 7 2 55792 0.9146626975891605
10 13 15 19 32341 0.9163492832323485
21 11 3 19 64842 0.9059968567612093
28 28 5 23 89675 0.9102876006890925
25 0 26 16 80971 1.0199867548078219
9 19 20 5 80732 1.0117007824139512
9 7 18 13 43232 0.9567737276044187
14 15 22 2 63874 0.9182949029046749
29 1 2 14 121934 1.0529656221251777
26 7 14 6 42700 0.9626926876268062
29 4 28 28 134916 1.0178086502875483
2 9 23 23 89306 1.0256640556896288
9 28 18 6 86374 0.9158458119787554
28 7 23 22 74436 0.9300819851338937
23 2 17 27 85714 0.9302627844862783
4 23 15 6 79759 0.9098467612705415
0 23 20 2 109296 0.9620183519067182
5 28 22 5 114255 1.0811558237258647
14 25 18 1 75521 0.9352157967774465
12 23 28 23 49319 0.9884171010073378
28 12 27 28 91183 0.9279111379478829
17 4 8 3 39709 1.0559805908354294
9 11 17 24 53741 1.040247924224428
6 24 11 7 67336 1.0632809965553776
29 27 15 7 98208 0.9903136842922526
2 26 18 26 58836 1.0451431745591488
17 17 24 21 38562 1.039322826280119
15 27 15 14 42502 0.9553009542087009
16 26 21 5 70142 0.923093571564576
8 16 20 23 61831 0.9628356564321017
26 28 25 3 115498 0.988146343170806
22 4 24 19 67976 1.0753957436207673
21 24 21 5 73593 1.025505824382383
5 1 28 18 129142 0.9317004807073991
21 27 14 0 94811 1.0276562018718947
20 25 15 16 41613 1.002916104729681
17 1 10 22 81281 1.0631481842605228
4 29 23 24 66817 0.9749347625799892
22 2 24 18 68250 1.0871999409045565
4 19 8 9 48270 0.970234081486383
3 27 16 4 103379 0.9063183858653069
8 23 17 14 51132 0.9045204805594326
15 15 4 4 69728 1.0729801707196702
24 0 13 10 68257 0.9586885214329026
1 29 11 18 60017 1.010149263105837
5 11 1 21 38975 1.0839470731549772
24 1 22 20 84787 1.0975633297318474
12 20 28 19 79169 0.9001349788483337
24 10 25 1 44280 0.9056574988152203
14 15 14 28 50293 0.9257454054307305
9 11 17 0 57739 1.0877897673464523
23 9 11 4 55066 1.0429986374705997
20 19 3 16 71603 1.0730401032582337
24 1 20 24 98612 0.9980818748595877
1 22 12 22 37427 0.9753015182964551
24 6 8 3 66916 0.9557446283944082
6 22 21 17 72483 0.9063809820852801
7 19 10 26 37145 0.9921066862262984
16 1 10 21 79827 0.9014478575129207
13 19 26 25 63382 0.9482567241428339
15 10 7 24 70959 0.9202694653278038
16 5 1 19 82546 0.9290635830048877
3 29 12 26 31717 1.0024587429830205
22 24 14 17 50281 1.0452693488407703
26 2 29 28 136148 1.031742498771113
27 15 4 29 108754 0.9619591509154681
29 2 27 26 130834 0.9742296698777808
1 4 8 17 59412 0.9962422390725563
27 6 8 1 80418 1.0689387086278164
3 7 24 16 87742 1.0540584301823244
28 15 4 26 117628 0.9243245259335403
19 18 13 28 50858 1.0334905821193963
28 29 24 10 92176 1.0514713692775277
22 19 9 27 67752 0.9613355226584309
10 14 23 28 77438 1.067702920310762
3 19 15 13 51601 0.9952764414718767
10 14 3 1 54459 1.073693666338486
3 17 18 0 83966 0.9398939591542746
9 8 0 28 79817 0.9864557503983513
16 28 26 24 42736 0.9080367830169445
14 4 11 11 39770 1.058889312756679
9 1 7 25 82007 0.9236384058814975
6 5 17 15 60435 0.9477057471524596
0 16 21 9 78845 1.03989112232096
2 25 20 1 117094 0.9539391032382405
6 8 13 0 46787 1.0463971145597193
6 0 12 5 38825 1.0283096101306881
1 28 14 16 82235 1.0561837178906808
19 13 4 4 73119 0.9839450344956701
14 28 26 28 44786 0.9924124637256959
1 2 13 20 89619 1.0583133085231125
20 23 7 21 44921 0.9560366192393629
13 14 4 17 48720 0.9873466929241905
15 22 13 5 69545 0.9406317100207373
28 25 0 14 115092 1.0932856424618618
0 11 13 27 84200 0.9771879899443441
19 1 10 13 62820 1.0281230692759142
18 0 10 11 55652 1.024940059252105
0 17 20 11 71085 0.9208034676528707
18 26 14 9 54000 0.9252945207622518
21 1 23 18 69324 1.0023587830896423
6 22 7 6 65324 1.0353496782125122
14 22 12 9 59454 1.0702377854018454
2 26 11 11 62877 1.0913583884663185
15 6 28 17 82562 1.0539776004747248
13 17 11 25 34529 1.0907791424166053
16 19 17 6 39662 0.9081719747399984
25 14 13 14 55676 1.0267967582288224
0 6 13 2 51934 0.9519912236707921
14 18 3 29 65128 1.0933035447741575
23 15 5 12 60308 1.0755868035759684
22 14 11 2 73530 0.9670440681451193
17 4 5 7 47280 0.962983589730994
22 5 7 11 65838 1.080299433958979
7 2 8 15 48886 1.0449847012246338
4 29 5 18 44545 1.0141410237735238
26 9 16 27 80813 0.9564670103644439
8 15 29 10 78105 0.9215939835976422
22 13 25 2 52268 1.0522583226855244
18 26 4 29 45793 0.9567415118161618
16 23 0 17 65966 0.9939740164795812
18 12 15 1 41412 1.0969910903879874
10 6 19 7 30246 1.0389928362591023
3 16 26 25 94013 0.9373014317055581
2 20 15 15 63691 0.9535778454582802
7 14 23 12 50720 0.9763310594021358
11 15 1 19 46828 0.979513121411724
8 8 0 17 51618 0.9095116415807748
12 17 28 15 68080 0.9060080134080724
26 9 14 2 62539 0.9542508608450327
4 27 17 15 79166 0.9410527532308802
1 28 21 13 101915 1.060015769983066
28 0 14 10 83339 1.0017036960133743
15 28 8 19 49055 0.9628327105285086
10 10 7 20 46382 0.9158162278417676
2 6 24 13 82704 0.9443359800593689
16 1 5 22 99029 1.085310495854415
23 14 10 25 71917 1.0711431516106056
2 3 14 17 79440 0.9600504669635068
23 18 9 16 66528 0.9418282517352026
9 6 25 21 91751 0.9678468344628139
5 28 8 8 82767 1.0224413100278296
14 16 6 1 71553 1.017429035035055
24 3 6 11 84073 1.0337552585178793
26 27 27 13 74972 0.9892112310786896
3 15 12 0 60436 1.081844369082076
25 23 0 20 82956 1.075564852814784
22 1 27 11 58981 1.0298544193271988
8 6 3 12 33113 1.0720119986695622
10 8 17 12 28849 0.9298433210761553
19 14 28 5 63985 0.9240442066580686
24 1 28 27 123325 0.990858797684506
7 24 26 20 77052 1.0239155945777751
28 5 8 10 82929 0.9902156286991977
1 18 3 7 34666 0.988134057481757
1 23 23 9 95393 0.9413262663061917
15 14 28 14 54786 1.0723938537218314
5 17 29 5 113566 1.044433639435158
0 11 22 12 59171 0.9497761180132712
8 28 24 17 86936 1.023285584758817
1 2 8 15 53978 0.983652127943043
29 29 19 20 59636 1.0074592663160433
12 22 18 13 48573 0.9257655633443361
21 23 24 12 51329 1.0721665447996422
20 15 24 9 39831 0.9154794503554885
10 20 20 20 46757 1.0642763236197579
19 23 17 1 65333 1.0699547965496274
7 29 29 17 105939 1.0134129505494691
16 18 13 6 51265 0.9741318521050091
18 9 1 0 78498 1.0674431326970992
24 17 17 4 62313 0.905146074640979
12 21 22 18 48727 0.9497332296531955
22 0 8 29 119735 0.9040826010908845
15 25 23 13 58966 1.0206900268320394
29 29 29 8 122841 0.9098213751221217
21 20 10 13 60714 1.0881381114426845
5 15 25 8 81872 1.0173583266289516
27 12 17 24 57402 0.9610783945209426
25 8 21 27 87615 0.9850144798220077
8 22 7 6 64784 1.0783905033875403
27 28 25 5 111993 1.0352964302323857
1 16 24 1 107932 0.9711991168652213
17 5 4 7 45988 1.0706453435734409
17 28 7 11 69381 1.0187240563880882
8 27 6 17 46607 0.974955146433167
5 24 28 26 87087 1.079253884251126
28 23 1 4 123511 1.0393603345185662
18 13 8 15 39485 0.9597085502471894
2 3 18 29 109831 1.0243160461575336
23 10 5 12 53958 1.03950702303749
15 21 4 22 44727 0.9894179919520604
8 11 28 8 79748 0.9794678602951057
24 21 0 24 79233 1.0231713257725887
27 5 2 10 97319 0.9610052776500604
11 28 20 15 62583 0.9857671396134134
21 10 12 5 48097 1.0390534171920467
27 11 6 0 101015 0.9091626044020226
10 25 28 26 67264 0.934659625499594
26 27 1 0 143021 1.0289676369058303
9 0 16 8 46035 0.9603416560758783
6 23 27 27 79543 1.0068534212416402
28 2 8 2 74841 1.074325797554162
10 21 7 9 44393 0.9967816242673364
12 1 25 29 113628 1.0654014589532386
4 6 9 1 35489 0.9879729829154129
26 9 5 3 89307 0.9964884149935717
14 0 1 0 62112 0.9404961953833688
16 26 3 21 52251 0.9219382125554512
6 12 11 2 39134 0.9869132689197198
10 0 19 13 58855 0.9486354450240735
17 28 28 25 39078 1.055997128739914
21 11 2 14 57276 1.0952890261684576
5 14 29 16 101434 1.024452344986253
7 4 14 22 84217 0.9493653655489513
20 5 23 26 86250 1.0353845287002512
16 6 12 19 60302 0.9400209295834238
24 6 9 17 82131 1.084504308271632
25 10 21 25 69770 1.051378553818806
21 3 5 0 68492 0.9887619383344074
12 12 9 4 30286 0.960233363968571
6 7 11 23 61529 1.0642020284707923
28 6 9 21 105787 1.0470069433053502
18 7 1 16 68613 0.9200692660226333
7 3 11 18 57257 0.9260004400559675
18 4 22 24 75868 0.991543276045424
15 6 25 18 70907 1.058071700961008
6 3 23 6 71436 0.9180113718813335
6 22 23 29 67738 0.959145247819107
23 9 28 16 50095 0.9184715110517802
27 0 11 27 128651 0.9903929796815836
1 10 14 3 57867 1.057358303045346
0 2 19 0 75627 0.9034957661967673
22 0 0 1 90635 1.0922672769565231
8 12 4 18 30530 1.037350944414514
7 0 13 11 52064 1.0062314267393022
4 18 29 2 129396 0.9664340353290747
18 5 9 23 73467 1.0392534849715105
29 4 20 9 53082 0.9602790323102408
27 14 18 21 57278 0.9181282326990406
15 1 21 10 48825 0.9082181768527041
16 8 1 22 82487 0.9686555652342461
23 4 22 22 71880 0.9089314840106706
18 22 13 15 34684 1.0575495216669826
14 9 14 24 59537 0.9327846772551902
10 27 14 3 85959 1.0316335235961631
12 26 4 3 92741 1.097461870004347
16 8 20 29 67119 1.0669245497388196
11 3 18 17 62460 0.9150852217546068
8 6 11 20 50100 1.0274982558909074
18 26 22 10 58901 0.9853262263802712
12 15 25 11 50247 1.0725760174664003
11 0 15 11 49343 1.0595060659158004
23 14 2 19 81707 0.9100061191981439
23 2 13 4 44456 1.0681843997974731
7 29 0 13 69804 1.0988955218535552
13 15 19 23 40250 1.064044314743552
29 23 12 0 117690 0.9013414599665378
14 8 23 17 57624 0.9103591455418282
4 1 18 4 60441 0.9625949148542483
18 24 6 1 94684 0.9743906006091942
23 2 24 12 40068 0.9173097057140205
11 20 15 9 49373 1.0409428489535435
16 26 18 10 45710 0.924938161231592
10 1 2 13 50326 1.0292327710768219
0 14 25 11 76691 1.001909629034164
8 9 23 8 56125 0.9034900299715797
20 1 17 18 58033 0.9169025530481415
5 4 21 1 70214 1.0017171014461668
20 22 23 8 59882 0.9520543249052725
1 28 29 0 169939 1.0172957147223665
19 21 3 18 68133 0.9383100084361938
2 23 5 7 49074 0.9164350533227648
27 2 13 11 77012 0.9362798956521003
2 14 10 25 57838 1.050919624451816
1 16 14 24 64233 1.0918263094881353
27 0 18 19 94436 0.943254955639633
6 28 21 6 102203 1.0713548502013786
17 19 1 28 70619 0.9973685465425866
22 18 1 16 86682 1.0888448279750724
20 23 4 4 100745 0.9737816255478682
1 23 14 2 89462 0.9819247432266811
10 3 11 25 64759 0.957687520785476
4 2 29 10 108368 1.052796827920454
14 24 17 11 44136 1.0422010017070271
11 5 28 16 91833 0.9878006461056392
20 27 27 3 115077 1.0768758940135585
15 14 23 19 49021 0.9904257757312339
8 5 20 28 95632 0.9262780658343651
6 24 8 14 45190 0.9181094577121535
0 20 17 29 72980 0.9523371584333413
21 8 18 29 72507 0.9014420430040114
19 23 25 0 96553 1.0419174061635124
6 9 22 21 80309 1.0294618451906339
23 19 7 15 73467 0.9452490051635418
6 17 21 12 55970 0.9065641448633585
0 24 28 11 111899 1.079396782194242
2 20 13 28 60427 1.0563599908542953
5 5 28 9 93290 0.9992506160474937
29 8 22 13 47429 0.9922800579621882
0 21 4 3 61307 0.9537503916405227
16 26 7 24 42839 0.9582084405797973
19 24 28 28 48234 1.04205278126506
19 11 1 7 63172 1.0915807159984667
25 10 21 4 36092 0.981837851025636
13 17 28 28 86150 0.9592483585926876
14 26 26 20 54559 1.0964908977227361
11 24 13 10 53110 1.064842223516624
21 4 21 15 46282 0.9190249383598211
20 22 27 6 82211 1.0598689194886528
8 23 3 5 61860 1.0896857374181106
25 22 10 28 60605 0.9833316145629422
25 20 2 28 90927 1.080280603319806
16 10 10 16 38048 1.0997536295997836
0 23 8 28 40785 0.9014673922327375
6 18 29 3 122127 0.9610624387593465
24 13 7 14 60993 0.9271620475732711
27 19 5 20 99273 0.9062684088717124
22 20 19 29 43312 1.0865087373590356
26 23 7 24 65198 1.0277173753139957
0 27 11 7 79334 0.9806346483168631
28 21 12 5 102570 0.9924258007274682
5 17 21 9 73944 0.9239814127992774
8 1 1 7 42770 0.9152774920772458
28 18 14 19 74258 1.0786515311766678
6 15 2 1 52716 0.978904156073835
23 11 12 3 62256 0.9810527853401443
16 16 18 27 38230 1.0014802496869009
20 25 27 0 114351 0.926590162019434
4 27 27 23 91248 1.0566116497512739
29 2 8 7 89752 1.015915078665564
13 6 25 13 59715 1.000198657070351
17 13 1 18 56917 1.0455680155973819
9 5 1 14 47452 0.9085636049373861
28 15 12 4 90157 0.9706717112443838
21 29 29 7 103053 1.0787713687096954
11 29 19 10 70824 0.908078272702906
3 3 10 17 57974 1.0545455643922321
23 25 26 13 62669 1.0666445304865344
25 16 12 29 84393 0.995131154443913
9 14 19 4 62097 1.0987562654879388
1 0 25 7 94712 1.0899253255847103
3 3 15 13 61468 0.959768185835456
8 9 14 25 63995 0.9683416538512312
3 17 23 14 71635 0.9280983969678844
12 28 12 2 87196 1.0453407643820225
26 20 15 0 103297 0.9207231459466937
0 10 13 11 42795 1.0737806917221693
29 29 0 17 116666 0.9719386299880712
15 8 14 22 50691 1.0981661043322237
12 10 23 27 76687 0.9531530375076918
19 20 7 21 46691 0.9423836918175097
24 19 17 2 76369 0.9090874784379429
1 0 28 18 138592 0.9223919748741353
21 20 16 9 49692 1.0488389533628713
16 1 7 11 59747 0.9665762920113696
7 24 20 12 72344 0.9170520357841128
0 19 28 1 138074 1.0090786720791391
11 20 5 12 39471 1.0885269406204976
22 7 4 20 92240 1.0150535359914132
2 10 14 18 62049 0.9981038665906099
