1982 1985 2198 1755 1890 1753 1911 2122 1755 2166 1879 1846 1724 2165 1941 2018 1846 2181 1834 2579 2924 2806 2535 2888 2816 2545 2902 2523 2889
4113 3806 4178 3888 3940 4016 3990 3774 3975 4053 3918 3787 3882 3928 3905 3961 4142 4145 4109 3964 4007 4011 5654 5276 5521 5403 5278 5282 5613
2609 2300 2540 2662 2374 2481 2227 2668 2428 2508 2538 8049 8018 7829 7899 7849 8240 7875 8062 7831 8200 8072 7895 7782 7774 7798 8147 7841 8031
7916 7785 7854 7598 7759 7999 7849 7762 7962 7905 7993 7726 6524 6713 6960 6849 6967 6909 6862 6825 6835 6882 6578 6745 6725 6494 6495 6794 6881
5278 5208 5170 5179 5160 5093 5413 4981 5129 5114 5087 5414 5127 5204 5182 5450 5433 5344 5046 5124 5173 5090 5142 5195 5220 5257 5131 5422 5347
6389 6134 6393 6291 6401 6366 6158 6238 6485 6164 6496 6200 6424 6260 5160 5244 5131 5202 5508 5281 5469 5348 5580 5490 5351 5139 5483 5582 5212
5623 5217 5638 5654 5225 5220 5598 5337 5385 5253 5573 5440 5371 5459 1304 1388 1297 1291 1644 1376 1703 1542 1257 1484 1688 1711 1609 1614 1274
6805 6883 7058 4153 4151 4131 4277 4278 4228 3971 4239 4068 3976 4201 4304 4246 4317 4324 3986 4284 4064 4319 4365 4136 4091 4204 4286 4348 4239
7002 7294 7046 7464 7034 7375 7164 7182 7085 7322 6987 6995 7319 7424 7426 7047 7180 5517 5697 5529 5585 5502 5914 5880 5881 5708 5619 5951 5932
1716 1787 1863 1697 2000 1828 1835 1714 1973 1685 1606 1995 1595 1654 2041 2025 1638 2026 1900 2051 1774 2445 2144 2528 2163 2490 2347 2378 2352
3750 3480 3297 3735 3579 3429 3675 3604 3518 3580 3634 3369 3340 3751 3319 3661 3598 3733 3308 3345 3397 3614 3569 3511 3377 3519 3699 3505 5290
3058 3016 3395 4008 4027 4197 4152 4050 4020 4139 3906 4170 4333 4028 4242 3979 4114 4062 4171 3964 4201 3884 4118 3928 4293 4049 3972 3955 4280
1580 1591 1556 1508 1836 1551 1975 1851 1887 1873 1970 1859 1719 1502 1517 3279 3338 3295 3341 3322 3402 3261 3454 3420 3265 3140 3365 3399 3167
7101 7413 7194 7156 6998 7107 7375 6957 7268 6944 7103 7103 7377 7136 7019 7136 7072 4245 4382 4316 4066 3957 4238 4119 4042 4409 4021 4412 4169
2215 2089 2378 2035 1937 2392 2188 2237 2096 1926 2191 2196 2396 2357 2076 2315 1993 2207 2258 2249 2401 1994 2407 2339 2164 2321 1728 2064 2127
6951 3761 3583 3781 3560 3944 3911 3918 3846 3958 3728 3858 3895 3710 3989 3641 4021 3988 3991 3986 3689 3903 3986 3726 3868 3621 3721 3789 3941
6180 6203 5798 5771 5975 6009 6126 5914 5958 6123 6176 6205 6028 5849 5788 6056 6106 6119 6022 5893 6006 6233 6207 5757 5755 6132 1177 1047 1181
6942 6743 6652 6746 6896 6889 6937 6562 2954 2705 2703 2519 2862 2899 2683 2663 2810 2879 2520 2913 2587 2560 2769 2985 2520 2574 2912 2976 2789
4781 4412 4847 4637 4522 4658 4590 4633 4481 4869 4550 4844 4541 4863 4624 4816 4693 4851 4737 4488 4473 4422 5130 4991 5154 5187 4962 5040 5265
3177 3199 3153 3178 3163 2922 3231 3203 2886 2957 2975 3061 3072 3031 2983 3193 2841 2828 2817 2777 3190 2770 2857 2779 3102 2819 2962 3648 3492
1154 1519 7887 8124 8007 8135 7988 8152 8155 7958 8297 8133 7877 7950 8002 8239 8019 7984 8100 8172 7875 7971 7980 7917 8161 8177 8084 8205 7869
1279 1233 1250 1246 1144 1515 1329 1447 1504 1496 1511 1302 1556 1532 1340 1408 1144 1342 1374 1135 1263 1297 1428 1334 1195 1364 1339 1230 1557
6767 6923 7040 6799 7042 7104 7064 7028 7093 7085 7010 6894 6886 6793 7161 6985 7010 7010 6902 6961 7207 6800 6859 7095 7133 7072 6729 3482 3389
6417 6589 8266 8531 8256 8214 8283 8330 8484 8261 8454 8507 8368 8529 8072 8399 8344 8184 8496 8350 8414 8210 8357 8264 8237 8216 8431 8212 8409
1243 1444 1492 1184 1208 1189 1459 1358 1305 1478 1201 1331 1382 1410 1262 1272 1149 1291 1266 1128 4169 4212 4274 4098 4290 4252 4335 4165 4348
1378 1148 1599 1225 1243 1442 1358 1569 1595 1352 1250 1465 1323 1544 1472 1118 1524 1310 1547 1518 1467 1408 1173 1323 1805 1851 1797 1727 1821
8329 8177 8146 7974 8225 8287 8201 8158 2952 2992 3031 2626 2933 2825 2916 2894 2655 3080 3014 2743 2885 2871 2702 2761 2786 3064 2719 2947 2680
5351 5280 5077 5428 5296 5085 5314 5356 5346 5209 5182 5145 5274 5274 5278 5104 5117 5298 5075 5207 5062 5263 5275 5251 5418 5166 5249 5130 5418
7996 8167 8345 8025 8024 8156 8200 8300 8198 8025 8148 7958 8256 8026 8192 7948 8313 8187 8305 7970 7985 7950 7898 8141 8290 8340 8103 8077 1302
2708 2719 3142 3229 3496 3626 3262 3344 3173 3370 3537 3402 3367 3632 3270 3628 3261 3343 3643 3544 3283 3625 3229 3382 3506 3624 3647 3398 3253
8389 7436 5054 3119 3532 6839 4832 7343 5441 3771 6031 1840 4380 6699 3495 4844 6496 5264 6960 3722 3440 3048 1746 4493 7577 5757 4996 2003 7416 3343
8489 7642 5095 3315 3640 6553 4464 7411 5502 3877 5873 1833 4501 6853 3516 4912 6413 5350 7211 3792 3550 2974 1978 4499 7321 5966 5171 2327 7162 3435
8294 7642 4908 2894 3627 6849 4808 7650 5156 3683 6023 1767 4438 6894 3619 4887 6532 5497 7320 3532 3242 3303 2133 4449 7620 5950 5131 2160 7253 3461
8289 7540 4694 3038 3846 6708 4762 7739 5401 3778 6010 1859 4513 7067 3353 5022 6298 5445 7266 3523 3465 3360 1786 4709 7166 5906 4984 2087 7220 3221
8317 7699 4935 3016 3563 6790 4638 7639 5380 3913 6286 1960 4418 6752 3594 4689 6469 5480 7108 3681 3219 2931 2016 4378 6457 6111 5149 2179 7425 3172
8542 7476 4633 3314 3475 6906 4665 7610 5550 4053 6169 1948 6577 7081 3336 1501 6599 5128 7274 3543 3474 3077 1673 4560 6678 5882 4862 2197 7263 3571
8301 7390 4881 2981 3460 6674 4656 7725 5353 3603 5880 4670 6789 7086 3229 1585 6677 5122 7249 3644 3185 2971 1748 4563 6553 6176 4847 2006 7325 3211
8113 7509 4991 3301 3505 6900 4814 7385 5299 4047 5911 4308 6468 6631 3162 1539 6257 5691 7148 3580 3350 3295 1735 4540 6370 6036 4967 2168 5970 3205
8422 7631 4765 3023 3687 6477 4512 7525 5405 3847 6260 4522 6820 6597 3286 1369 6286 6104 6978 3505 3284 2936 1798 4671 6487 5935 5167 2179 6000 3196
8380 7452 5080 2896 3721 6704 4878 7655 5360 3975 6004 4249 6438 6599 3197 1319 6331 6010 7102 3634 3549 3248 2080 4441 6517 6067 5194 2026 5949 3240
8418 7486 4982 1525 3555 6600 4615 7812 5470 4039 5897 4285 6752 6963 3442 1736 6302 5750 7263 3707 3567 3205 1857 4325 6377 6036 5112 2310 6201 3498
8514 7807 5088 1969 3770 6883 4654 4549 5348 3924 6141 4523 6403 7071 3437 1492 6251 5768 6969 2292 3540 3062 2112 4653 6545 5805 5007 1896 6209 3324
8439 5463 4781 1825 3430 6843 4910 4483 5356 3827 5993 4525 6660 6964 3314 1564 6563 5989 7409 2170 3283 3123 1906 4421 6628 5536 4973 2120 6283 3541
8385 5158 4612 1849 3599 6768 4919 4628 5262 3673 6239 4595 6680 6820 3193 1619 6536 5689 7040 2226 3534 3120 1854 6528 6581 5123 4783 2735 6272 3606
8149 5109 5086 1591 3871 6942 4676 4752 5202 3740 6120 4317 6534 6607 3584 1338 6626 5879 7111 2204 3447 2945 2025 6786 6246 5163 4946 2900 6139 3456
8481 5186 4663 1531 3411 6756 4517 4634 5473 3905 5998 4510 6548 6828 3156 1412 6669 5748 7019 2329 3155 2568 2069 6618 6318 5398 4777 2576 5952 3617
8103 5490 4640 1854 3802 6845 4731 4613 5522 3640 5837 4359 6769 6889 3513 1293 6361 5945 7339 2292 3420 2813 2137 6686 6247 5162 5128 2953 6281 3306
8420 5139 4719 1956 3486 6718 4823 4665 5268 3967 6133 4246 6428 6817 3532 1441 6413 5928 7411 2088 3355 2722 1926 6698 6608 5376 4824 2681 6031 3569
8222 5254 4608 1488 3449 6600 4475 4396 5212 3785 5950 4679 6678 6776 3383 1324 6430 5898 7131 2117 3542 2893 1759 6843 6212 5212 8354 2596 5894 3499
8101 5379 6481 1609 3598 6518 4522 4698 5623 4031 5927 4716 6752 6604 3555 1474 7756 5764 7088 2079 3238 2854 3879 6608 6584 5190 8053 2892 5951 3611
8064 5114 6466 1671 1460 6587 4694 4607 5344 3564 5794 4697 6834 6884 3313 1534 7941 5953 7335 2266 3506 2818 4136 6678 6660 5297 8065 2569 6232 3234
8543 5374 6699 1548 1390 6809 4748 4760 5208 3398 5900 4686 6713 6735 1295 1550 7946 5857 6995 2393 3482 2799 4025 6836 6250 5467 8381 2947 6092 3497
8297 5249 6876 1569 1534 6482 4649 4466 5259 3688 5867 4573 6434 6805 1280 1532 7881 6008 7144 2004 3532 2559 3994 6714 6449 5215 7939 2551 6039 3418
8524 5255 6777 1522 1585 6539 4820 4638 5389 3503 5909 4333 6729 6977 1702 1357 7725 5728 6949 2202 3621 2636 3764 6629 6455 5157 8426 2901 6064 3492
8137 5514 6928 1729 1585 6549 3180 4815 5279 3826 5763 4578 6860 7083 1382 1374 7749 5722 6999 2212 5843 3003 4055 6654 6346 5401 8135 2766 5937 3274
8170 5467 6684 1893 1647 6639 3328 4538 5515 3577 5699 4309 6785 6897 1332 1480 7945 5859 8717 2058 6144 2656 3993 6549 6451 5162 8095 2526 6234 3241
8476 5213 6630 1501 1575 6735 3239 4530 4107 3588 5699 4370 6384 6672 1584 1622 7617 6096 8629 2420 5950 2767 3796 6695 6220 5187 8355 2844 6180 3112
7470 5119 6692 1699 1733 6471 3517 4617 3804 3706 5779 4700 6863 6804 1407 1494 7715 5863 8576 2179 5899 2711 3859 6411 6382 5210 8284 2711 6076 3498
7128 5263 6529 1591 1875 6447 3482 4372 4023 3681 5770 4594 6566 8544 1524 1558 7642 5985 8868 2147 5722 2985 3987 6581 6333 5439 8005 2800 6010 3126
26 1 22 24 47937 0.9231341264250056
3 24 23 19 59041 0.9641754767565606
22 4 29 19 33379 0.9694592457618925
5 7 22 12 67536 1.0180992070125663
10 26 3 16 47979 1.0562888328316877
21 5 0 4 53910 0.9994100433354834
25 8 13 25 52794 0.9422939567052547
4 28 17 22 38868 1.048532804334021
19 10 5 24 53813 0.9313280846444545
5 0 19 4 53197 0.9378093688830116
26 1 13 12 52160 1.0264756092956882
25 22 18 25 33358 0.9107759961815861
5 4 22 28 73651 0.9435084358088974
0 20 29 25 86060 0.9331992467672533
29 17 4 13 54333 0.9457648498036444
12 7 17 24 44763 1.0023742598019263
4 29 18 4 72952 1.079876223073256
18 11 2 26 66235 1.096685548417381
8 0 28 20 77390 0.9768367386800351
21 6 8 27 57220 1.0247460676859612
16 23 16 13 39321 0.9092828096076652
28 14 9 10 37759 0.9533768820544769
3 0 8 10 56302 1.045902846486412
0 12 18 4 62524 0.9694850110960517
16 15 9 3 32103 1.0901594901385918
17 20 8 7 47346 1.0916832881992984
13 9 17 26 49311 0.9434489253471459
21 21 16 28 22695 0.9647293529995719
2 22 11 1 54797 1.0228344826458233
14 29 8 3 62943 0.966094055825626
9 8 24 28 58282 0.948318725453551
11 12 11 28 49480 0.9711174244066382
8 18 1 12 43692 0.9437163965921022
19 0 2 19 71610 0.9111287546491941
25 27 23 4 35383 1.0261214206088012
0 21 13 7 52080 1.087678883670384
11 24 7 9 44312 1.0303884675497434
14 18 10 2 37537 0.9803540559265427
21 24 4 19 46608 1.056349668601057
26 25 13 29 46072 0.9308473097668285
12 10 12 28 46380 0.9509398133452186
0 15 1 2 30159 1.017000722787575
20 29 2 8 74983 1.053812430052305
3 9 18 12 60462 0.9477527442770566
0 18 5 26 32477 0.9719344943296269
16 29 22 16 38080 1.0407679920795472
9 19 2 12 39598 0.9015083552574462
26 13 9 17 32365 0.9306027251129901
14 26 2 15 50661 0.9028289412043599
28 13 3 19 57754 1.039755892932985
23 15 5 0 73303 0.9413936761850057
10 10 0 22 40961 1.042714095817453
1 26 7 19 32242 1.028176357851497
19 19 5 2 66852 1.0383635553552253
22 23 6 27 48675 0.9215669602612063
6 28 6 15 19604 0.9174589196717545
29 3 9 5 38513 1.0707228361231476
27 4 13 13 44814 0.953993838518977
14 19 27 28 47028 0.9488468810063595
10 24 17 3 57264 1.0337025403592472
15 19 17 28 29417 1.0295656010775467
20 25 19 9 34549 1.0974176498844346
10 7 24 7 42824 1.0181562455315338
24 21 6 15 36753 1.0766813026946316
9 29 21 1 67212 0.9208150381282657
4 1 17 29 92752 1.0992456654669076
10 11 15 23 40016 1.0117554684664947
14 3 3 8 49199 1.078578776586566
0 14 10 20 39899 1.0569819271781389
23 2 5 10 65908 1.0720549569210973
17 24 11 15 32077 0.9561043103317568
19 6 3 10 69345 0.9113089648791666
1 24 6 17 28072 0.9785208445400045
27 7 25 17 23280 1.040662680293887
9 18 26 29 53678 0.9529891672090867
14 0 26 21 51234 1.0704327904066226
19 17 8 15 21941 1.0206829851465784
19 20 26 25 29789 1.007961984122484
26 1 14 13 44211 0.9341762600238024
3 11 8 2 40233 1.0788780769092559
3 22 29 17 56611 0.9906503823450219
23 27 3 5 87888 0.9251975549083118
24 15 18 6 30907 0.9294775545326044
3 22 27 10 61734 1.0335687274778596
0 14 22 23 61483 1.089759452106777
11 5 21 28 54439 0.9884438126174422
3 1 1 19 53424 1.0973875853112018
29 16 29 3 33304 0.9132187522901655
19 10 7 10 50014 1.0620663083497561
26 21 0 2 83920 1.028661143197209
9 21 20 4 46096 0.993102674541408
22 20 21 11 15615 0.9335891832047877
16 19 25 21 22638 0.9938148438918948
19 13 17 3 32205 1.0523034111634826
11 7 3 24 56806 1.0205556277211059
27 25 13 24 55624 0.9820783775158952
9 24 14 0 54482 1.0413254162378143
29 1 9 1 44327 0.9381652905520397
20 21 1 16 57495 0.9604051229233673
5 25 5 6 59790 1.0508164535141644
18 28 26 2 58751 0.972147056991664
3 23 11 8 49009 0.9623109686530358
8 3 18 7 38397 1.0338711495305783
18 27 26 0 57723 1.0758542308290833
6 21 27 16 44757 1.077946211401582
8 11 3 6 33689 0.9157506985135067
10 22 24 2 54576 0.9543265976939691
15 18 3 10 55263 1.062665075001461
21 5 12 18 37443 1.0068222837068086
11 2 11 25 59574 0.9621692817335354
24 20 20 28 25544 1.0472479202073686
26 20 19 2 38445 0.9496436289343488
6 20 25 8 44563 0.9728309554374707
21 28 1 1 88405 1.0335979120050887
26 16 21 9 18684 0.975265913922556
8 21 26 25 55416 1.0448519774351235
20 16 4 19 41588 0.9796394621365896
1 9 11 27 61450 0.9324520625279438
25 8 16 16 28650 0.9478203913740154
15 15 1 24 44318 0.9978281777112119
11 28 6 6 63902 0.9052589946525055
19 24 17 4 49413 0.933787350038675
1 10 7 16 36690 0.9136127779911271
17 27 6 24 30877 0.9403081625739631
25 19 20 4 27425 0.9583050925070181
25 6 15 26 53723 1.0975839755258656
0 7 7 3 28986 1.0297413237938493
20 9 4 7 67736 0.9656751648969968
22 14 13 16 21206 1.0287518159318556
15 21 13 7 38212 0.9842415477771493
9 7 29 19 51925 0.9755366169650348
5 27 21 1 61631 1.0215041433295455
4 20 22 26 56661 0.9682352775736224
17 9 27 18 43009 0.9491830836509639
19 20 5 2 69629 1.0453813972976451
27 4 5 14 50424 0.9736722766326419
10 5 0 12 43673 0.9252948505083232
25 9 10 4 37150 1.0801729758901322
20 18 7 4 55893 1.0292246601495265
15 6 3 21 54629 0.9382196656391105
5 4 18 14 51891 0.9380328354742541
8 9 12 15 18970 0.9210874521136102
15 28 19 20 32723 0.9611482414595686
6 20 24 15 33474 0.9781009069843545
26 7 26 26 38527 0.9306781367438406
4 16 26 6 55462 1.0678034618242143
16 11 20 18 32324 1.085946337358323
21 27 26 3 39264 0.9396488096129623
24 26 29 20 29764 1.0949171420654327
15 3 25 29 53210 1.0617483765706024
15 9 28 15 37107 0.9136894335011053
26 18 9 8 46017 0.9409741002002424
12 0 1 2 40177 0.9512729908706407
15 15 27 13 23667 1.061406968231071
3 24 23 0 83903 0.9471468031560353
19 29 18 6 51963 0.9870938028013734
19 25 9 5 58879 0.9397399501942928
16 23 25 2 51484 0.9719713626372499
29 28 5 18 71222 0.9110562614880539
6 0 29 23 95716 1.0368298543424221
23 1 27 21 39239 0.9058425901550354
28 20 9 16 45510 1.0029282622793663
10 18 28 9 52023 0.9797115827877311
3 1 19 21 85308 0.9342824458363324
12 26 2 9 64094 0.9075547906523403
22 13 10 1 46430 1.050560220660376
1 23 26 20 63633 1.0668325671303067
9 18 1 3 52194 0.941848432702546
4 24 20 28 58888 1.0024576503927356
10 3 6 25 43682 0.9643584830891244
9 4 7 22 36408 0.900410965944954
29 10 0 0 88399 1.0381735569076405
7 11 28 23 68841 0.912089339447693
7 2 28 9 58801 1.0523999817716578
1 8 19 24 77079 1.0156094293585285
9 26 13 12 39129 0.9403992034208757
16 23 13 13 36971 0.9247686817839256
24 22 21 11 24416 1.0303844389549905
23 7 22 21 30185 0.9832152338548097
8 1 14 12 40543 0.9073715909515955
15 4 5 18 50384 1.075077292412628
4 4 18 11 63275 1.0344211087616293
5 14 13 12 25078 1.0467681526489891
16 20 26 17 31846 0.9592600652878606
13 18 28 28 57837 1.0776788118103935
9 4 13 19 38655 0.9091790701438954
14 5 19 17 34897 1.023358919227847
28 22 8 25 64990 0.9877882211231884
24 6 21 23 26932 1.0993640684417072
17 9 27 24 53016 1.072841161851325
8 27 27 19 56077 0.9681617446296734
22 26 28 16 41022 1.0321233420890472
10 18 18 2 50721 1.0058685621084604
28 12 17 29 58537 1.0377790325906882
20 17 14 8 33559 1.0746934801870847
19 0 25 27 52362 1.0043014618076447
1 5 17 23 77711 0.9267381408140003
27 7 14 28 63019 1.0846687718540606
11 4 13 15 24874 1.080102096393988
14 27 16 11 44228 1.0574621960893604
15 7 9 20 39597 0.9913185841150571
13 18 3 28 48742 0.923644303341064
1 23 18 21 41843 1.0078366079481031
2 16 18 17 51164 1.0238287106532984
16 11 29 17 39951 0.9708451135939401
13 2 17 21 50983 1.0430478849523894
18 8 9 9 38945 1.0010043531205222
12 14 7 23 26618 1.0231682214530093
18 23 28 25 47596 1.0979392322230868
3 8 7 29 61827 1.0942049526894788
10 9 0 3 43023 0.91651683137756
8 7 4 29 53902 0.9343096183484805
10 7 25 12 48390 0.951455846602621
25 20 5 0 82028 0.9857477045437326
18 0 1 11 68241 0.9716540607242246
22 0 23 13 36948 0.9110986054457525
19 22 5 19 33170 0.9413478376042581
24 28 4 5 88509 1.0047006707482362
24 6 6 3 39221 0.930919649383601
12 28 27 8 67613 0.9534668614778797
4 10 27 18 68191 0.9481444620841535
15 7 8 1 34649 0.9977809529102873
5 19 14 11 30411 0.916777550605922
1 24 28 28 86063 1.0640600820536528
9 6 1 2 34585 1.086976713216172
15 16 21 2 30291 0.9579521134366925
14 0 1 19 64135 1.0155579267628743
4 28 6 9 54354 1.0296395425634628
7 29 8 3 53228 1.0943487146207191
4 17 25 29 62534 1.0971882034900124
29 15 25 21 14638 1.0446631221540794
14 1 21 4 17413 0.9083888489129833
21 18 26 6 25677 1.0076587722515178
15 1 28 22 60705 1.0174891194295046
23 16 11 4 47790 0.9290535641274142
12 3 24 13 33040 0.9390563283279537
15 2 11 27 64310 1.0262379784713274
16 5 21 16 38654 0.9391398754828464
21 17 10 17 26038 0.9467075423559631
7 12 2 21 34080 1.0381631098278723
17 8 25 13 32901 0.9364961216037502
3 5 18 29 95521 1.0279515801208752
9 7 3 3 26033 0.9626548363792409
8 13 28 28 66193 0.914215812831155
18 8 29 21 49606 1.0960019571095534
3 15 23 25 56853 0.9798289269133708
10 13 11 26 41879 0.991944943559071
27 22 12 20 44086 1.0314668944395888
0 7 4 16 38272 1.078913613079257
25 25 6 11 58337 0.915763745335693
12 5 1 4 37603 1.0597638429994276
10 7 16 28 61607 1.0336879575686662
24 27 9 2 64571 0.9177404818797559
17 11 6 17 29914 0.9706923012396943
1 6 10 3 36444 0.9062542237868196
24 28 9 26 45165 0.9068301542164546
8 18 2 0 63306 0.9308462211350718
21 20 18 27 17277 0.9436860077092115
1 1 10 17 63067 0.9162583172756308
16 13 4 15 32745 0.9239865587544689
27 22 17 23 35090 1.0859757264433099
25 11 22 19 16160 0.9860513053209418
3 5 5 21 58583 0.9178217774967804
22 29 13 11 45343 0.9726505875519067
2 13 1 4 33370 0.985833567707141
15 10 19 16 27071 0.9792589687030036
21 24 11 16 30195 0.9979231490979821
24 25 9 5 60879 1.0482401050883554
4 13 21 11 41207 1.0725962253288992
12 6 5 9 33201 0.932322410174547
6 16 28 1 62983 1.087280017697955
22 26 16 9 48449 1.097917710542704
19 22 24 28 27239 0.9561399689498031
6 17 8 29 24609 0.9477777667497984
6 20 17 27 36863 1.0133457255780993
13 12 25 3 43946 1.063597805700668
24 13 8 11 36380 1.061970844388261
0 23 3 14 31294 0.9911683312254821
2 10 25 23 65281 1.0565625523517976
24 11 2 13 54814 0.9198335564947961
25 17 17 6 39746 1.023383167186645
7 20 13 0 53435 1.052806216139432
5 19 24 23 54402 1.0542561489369098
21 21 2 9 58577 1.0144500355184545
19 0 4 26 78103 1.0644482990489617
19 24 10 12 47790 0.9112283921620706
5 6 12 25 64792 1.0852505610171987
24 28 12 22 40915 0.9519017900663148
4 21 12 23 22334 1.0205923767325076
21 19 11 4 41577 0.924388023015699
3 2 19 26 88231 0.9998033844118857
29 29 2 24 90656 1.022206128155855
20 18 11 17 33813 0.974552239952739
18 26 16 4 59913 0.9949479529518286
20 14 8 11 32883 0.9952697343025734
26 5 16 5 35546 1.0173052378808722
7 5 17 9 47274 1.0889458842046247
12 9 23 25 47041 1.0131689980263203
5 0 14 18 67403 0.9497995241776895
10 3 13 14 26339 1.0190127770009514
9 12 1 5 43878 0.9550863309989533
29 19 7 9 56132 0.9298102196437186
23 26 6 13 58354 1.0223968891328186
15 27 19 14 37881 0.9762337253820941
19 28 9 0 68784 1.0882292592423388
1 18 10 23 36607 0.986320182425787
6 22 17 27 33618 0.981864633407583
4 21 13 12 35145 0.9115451396820573
7 18 14 29 41631 1.0854524124658547
14 18 3 5 63466 1.0097432968176745
2 17 16 4 66780 1.0685077510123178
27 11 0 21 66428 1.0007722786519009
15 16 25 29 39321 1.0664054040577406
0 18 13 15 39851 1.085668469331838
26 27 2 13 71254 1.09228349090335
16 26 7 1 80884 0.9731428117854719
13 9 14 29 47382 0.9494056799058747
9 17 20 2 45847 0.9254463773098349
23 25 8 6 61758 1.00210733724274
1 28 15 1 76919 0.978517695406403
22 21 15 24 26844 0.9351413963741697
27 26 3 24 80263 0.9540641962932681
7 6 8 25 52053 0.9042515113563544
8 5 5 12 38766 1.0405686483096104
1 15 17 26 63421 0.9648102686456187
12 11 28 24 56850 1.0110810743182062
3 16 29 10 66761 0.9086368401704713
16 9 4 2 51399 0.9688903007741656
7 3 26 16 54174 0.9942198886894584
17 7 8 1 43896 0.9913260583421363
23 25 24 3 41892 0.9057646894609824
8 4 4 17 41399 0.9747026440305404
19 25 26 7 45042 0.9468114660326581
5 17 29 9 58337 0.9140090764282982
15 26 10 11 48182 0.9418557546688207
2 20 14 19 38379 0.9975611605163923
10 16 5 1 51749 0.9653984300249818
24 2 21 26 35898 1.0824883045113287
22 2 13 12 45527 0.9284402432914197
9 10 18 23 45325 1.0913806467405642
29 23 22 14 32075 0.9147799745953157
27 7 0 1 74399 0.9569317410876795
14 23 8 19 21991 1.0799013948188332
23 4 3 25 73208 0.9863516922132614
8 16 12 29 42590 1.0464890466624905
26 14 3 8 66446 0.9901642099480994
0 14 18 28 70800 1.0564586349696419
15 19 4 29 41318 1.0741356441426362
1 15 20 18 54279 1.0676563663354934
28 29 7 24 70998 1.058741605808061
15 2 25 28 54972 1.0914377097179375
20 28 25 17 29485 1.0511812106747496
4 8 12 18 49627 1.0990683924190303
0 6 9 9 37831 1.0813385669215825
14 0 27 22 57775 0.903940857985339
15 4 10 9 27617 1.0234086146628423
4 27 23 18 59505 0.918065987620914
17 25 0 18 51070 0.9763512862858915
26 17 4 0 81796 0.9373319823617354
18 2 28 22 52867 0.9577028422506686
23 20 26 12 19461 0.9123582326917422
29 21 8 13 53254 0.9868703130466194
15 10 8 27 51457 0.9695006554892601
22 15 16 23 29687 0.9517037690204984
9 22 15 26 23986 0.9839924745635755
2 14 7 26 36434 1.0532175457202468
0 25 18 28 51990 1.0783954605663106
9 3 23 24 63110 0.9911514890552249
5 27 2 20 26591 0.9045244425266293
10 24 21 6 53059 1.0331588704667476
24 19 14 13 23666 1.031456455677663
4 26 15 23 37252 1.0223099726632863
17 26 2 20 48814 1.0176416590627841
1 21 4 0 67359 0.9274920512292223
12 13 29 20 39678 1.0556564348387756
7 8 22 28 62296 0.9038949863708567
7 13 25 11 40290 0.9953346801067169
10 11 21 24 40129 1.084172276453283
29 24 9 16 55223 0.9011717887429936
23 16 18 25 40100 0.9971692809730104
15 9 29 25 65856 1.014373226955895
6 18 18 9 40580 1.013762096088341
14 6 20 13 38998 1.0363422470058732
4 17 23 28 63423 1.0931402735701892
29 16 0 26 69991 0.9971922739752618
2 9 24 9 63330 1.097397969530874
25 26 18 21 27122 0.9519562200873033
18 10 12 23 46433 0.9998876785801205
15 0 18 16 50474 1.0394962594630397
25 6 19 29 43710 0.9711722968641079
14 2 24 8 25047 0.9538258847257075
18 23 29 6 55018 0.9379278357467994
27 10 3 0 85889 1.0355693334023095
13 0 27 16 56685 1.0545709939548937
27 14 11 19 35192 0.9473987558598249
12 25 5 19 29633 0.9959576380043376
22 15 9 21 30510 0.9185641014715561
16 14 13 2 37681 0.9017463734175231
14 7 21 26 41575 1.0011327971157589
22 1 2 1 56028 0.953971751776044
7 0 10 9 36923 0.9531667295244363
29 8 2 1 76069 0.9709091693194734
20 17 4 20 44233 1.0122936258812656
28 17 12 2 57630 1.0248451656829476
24 15 1 2 71162 0.9509024913272994
27 25 24 15 25916 1.047057554573572
15 8 1 23 58144 0.9609781148744467
21 3 12 13 32940 0.9024663550545748
1 5 24 6 61725 1.0694853624483391
19 25 4 16 55625 1.0807669489910907
20 15 2 6 56700 1.0068824084295172
23 7 28 27 42661 0.9164478521832828
26 5 0 8 74418 1.0636485705458896
0 19 12 21 34232 0.9692506444870439
17 27 14 4 57018 1.080763297289763
22 26 15 11 45823 1.0259651785261905
11 12 0 29 56506 1.0959118244674466
10 20 28 18 52888 0.9922310448052262
18 19 12 5 37890 1.0896079608414455
11 0 4 20 53695 1.0838470540417928
29 10 14 28 63638 0.9690343893453761
26 20 17 5 49655 0.9366213940684204
9 15 29 28 55479 1.0867090076389043
11 28 10 15 35141 0.9258907147935285
20 3 14 20 39431 0.9832260908625773
18 22 9 6 47402 1.0220532562231361
8 1 11 15 35959 0.9087261166120538
11 20 18 8 48061 0.9679632499271631
9 18 29 25 62393 1.0176888909295174
27 8 13 22 51656 1.0986298880819598
21 29 10 7 56934 1.0784908116769512
23 14 20 24 22300 1.0174013205849537
9 13 22 7 37689 1.0236433784454833
14 6 2 2 40535 1.0254083838608596
16 0 20 8 38784 1.0142493372145376
2 14 12 3 45294 0.9407118377011642
0 5 27 24 91996 1.028480240838155
9 0 21 21 51718 1.0807428194338664
26 12 4 6 71018 1.002186016599486
26 23 12 8 47726 0.9171092812180552
21 20 7 14 31161 0.9511908500917476
5 25 16 27 32118 1.042209461878204
24 1 27 9 20077 1.0924985007369075
3 16 15 22 45294 1.0202282827052547
17 5 6 9 51226 1.0777969649560932
7 23 14 7 45759 0.9553096956029832
13 26 24 27 34077 1.0693864461321454
6 0 19 18 70806 1.0650394760596125
16 14 3 6 60358 0.9787413477938711
7 8 15 27 59704 0.9560719611980757
25 22 1 20 61690 1.036358214647798
10 9 2 13 42079 0.9014476043294712
4 23 21 21 42279 0.9958220530162841
5 3 18 25 77270 0.9902582147841942
13 29 26 1 72183 0.9765908404178859
20 0 10 2 30916 0.9637953971933975
16 0 11 16 50494 1.0859730287906568
18 27 29 25 37374 0.9722966146703182
16 24 27 2 62013 0.9403279406045643
28 21 26 9 28601 0.9755731397002646
23 23 2 21 62212 0.976613017370884
0 3 28 27 96504 0.9745793970997498
5 1 3 20 68416 1.0292718937513694
27 12 1 10 72079 0.9591883884330733
10 14 13 5 29909 1.0076218564855124
12 22 10 10 34803 0.9941875301460461
21 16 28 19 19328 1.0169330724434849
10 17 26 22 43184 0.9524984841658037
0 27 9 18 34153 0.9934095860594514
29 13 27 1 38272 0.9219026355061938
12 4 8 24 49105 0.916727205189307
29 26 23 13 43392 0.9267894575681472
9 22 15 13 30626 1.0216106359531756
21 11 11 4 31844 1.015156875992608
18 6 17 18 40833 1.0035827368036077
8 3 14 7 21639 0.9408543304823569
7 20 8 8 32628 0.9799171466035457
9 25 28 22 59055 0.9878465769113981
11 0 10 16 39375 0.9053015746134613
3 22 13 15 26320 1.0199393787124906
15 11 0 29 61920 1.0750738566991431
6 3 11 22 48724 1.0894486741411733
13 4 23 7 31583 0.9429782945936629
2 2 18 25 88758 1.0841840435045
5 27 21 10 49467 1.0674275330633425
20 9 26 16 22248 0.9541404958021146
8 11 19 25 52760 0.9275836396051413
23 10 11 13 38831 0.9355647280201953
23 13 4 23 53555 0.9126024077653869
4 12 28 21 63035 1.041420946062915
6 11 19 12 44409 1.0293860024425012
10 22 9 10 24830 1.0162454654539432
1 10 23 10 68466 1.0354715968412362
17 28 20 0 55010 0.9288887038796612
10 5 23 12 49195 0.9360904461255546
15 22 1 5 70736 1.0752161038415327
25 29 14 14 39094 1.043042647212235
19 29 23 15 28337 0.9703117323844619
22 21 11 21 30913 0.9463743602327727
4 16 6 25 26310 0.9129887856943689
18 22 14 10 34790 1.058135065752057
29 29 28 16 46910 0.9356748687109157
17 21 25 5 38850 1.0417237244193662
18 18 7 22 33636 0.9398409828024972
2 20 10 18 32212 1.0880416070413987
25 9 0 20 63275 0.9251965453812008
9 5 22 10 41042 0.9641666691115222
5 2 28 22 84028 0.9208098602478583
7 1 10 21 54787 0.9121600903289931
19 23 17 7 49019 1.062444413512807
19 21 11 9 40701 0.9910400842956737
7 1 8 25 66754 0.962849951701889
28 11 19 1 40160 1.0877030996216726
7 22 1 11 38784 0.9816181036273688
8 6 6 14 26407 1.001845603424175
6 1 21 18 62740 1.099138797810079
2 9 13 1 51407 0.9490584530384988
20 1 2 5 55964 1.0599925147415032
26 28 19 2 51459 0.9095665227773733
16 11 20 2 41015 0.9757975516766897
5 8 3 22 52820 0.9869277350592425
4 17 29 22 64373 0.9170555109277262
23 24 14 29 39589 1.01621575905499
26 2 17 15 35804 0.9187025978869109
20 19 12 15 20533 1.0634676555562401
20 27 10 8 53112 1.0545705541623636
11 8 10 28 53284 0.9290315131143452
24 2 14 13 35863 0.9881024482071736
3 12 29 4 72470 1.0432874826375462
5 20 17 14 29419 1.0899699955988353
13 5 17 20 45558 0.9095580035654713
10 12 22 28 48689 1.0050129232791236
8 26 22 1 70676 0.954176650631064
0 5 15 10 62293 0.9884183057237194
5 5 2 13 49010 0.9565450396357428
2 16 27 12 66450 0.9799424734482006
18 18 8 8 45490 0.9437248138979466
23 15 16 10 28358 1.0553760015740372
26 23 3 1 93347 1.0412741398595267
8 15 3 5 49931 0.9318778954011753
6 10 27 28 77934 0.9226718360706634
6 28 16 21 31960 0.9258053503400309
14 20 9 29 30606 0.9854418238049387
5 19 5 5 54110 0.9226764202244664
13 13 9 21 25944 0.9373347949517814
6 11 18 14 38623 0.9313668456425497
10 25 25 6 61874 1.0860048145606807
13 29 10 22 26485 0.9715595840166252
23 28 17 16 36527 0.9280956202357403
14 8 25 29 52256 0.9273007364854597
29 24 12 14 50168 1.0419685209570744
28 5 19 8 35475 0.9264296630280208
5 23 27 15 47012 1.0340582975979598
5 15 20 4 40676 0.9171027958305015
8 18 28 17 55014 0.9098943904405516
15 25 7 23 29780 1.003748498650046
25 29 14 0 61483 0.9306888653803884
8 23 0 14 38858 1.0507580070765135
16 24 27 4 55539 1.0048564348686322
13 15 22 9 23570 0.9220294628674707
27 12 17 1 49634 0.9833712619624989
4 6 17 6 59162 1.0288632272231724
18 9 7 28 60948 0.9562223891224699
7 0 28 10 76259 1.0811941176173727
4 12 23 19 50269 0.9297544252028147
16 4 1 11 56052 1.0910751507064058
2 13 25 10 57655 0.9641309539186494
8 14 25 5 42770 1.0931252060286465
12 12 1 12 40310 0.9760770749055365
11 2 27 11 46566 1.0529162998276589
0 21 0 6 30891 0.95666608629733
25 22 11 27 45032 0.9086911262883517
12 10 26 9 39076 0.9691038346857453
0 18 6 1 58503 0.9566837742712939
1 13 28 20 70628 0.9882619237850407
26 6 4 11 64022 1.091765764131552
24 2 29 11 32043 0.9224205573269821
19 14 5 23 38072 1.0092398750294351
2 25 18 4 83850 0.9561891292744018
6 6 6 27 52563 1.0557425907340479
0 1 6 27 62359 1.0097711431657193
27 6 13 21 51381 1.0642333060907132
6 27 4 15 24180 0.9097091363328043
2 14 24 4 56183 1.0923176938551542
16 7 12 27 58092 0.9733605845057214
28 11 15 21 49044 0.9848579802691748
19 22 13 9 42148 1.0101170554860355
25 6 27 28 41269 0.9183364112573497
27 29 1 12 82126 1.0512488171743788
26 8 18 14 29373 1.0066435726210168
19 25 28 2 58593 0.9233471966861239
13 27 4 4 71499 0.905579873101653
13 24 1 29 46925 0.9852280351794227
17 27 8 2 70786 1.056644056442034
27 27 6 19 56683 1.0268794080128072
11 18 17 0 63682 0.9938507956702208
27 1 19 8 37148 1.0474972992465854
14 29 26 10 56895 1.0656719555294418
5 8 2 25 70404 1.055079431805694
18 22 27 15 26782 0.9865777300397979
14 29 27 28 44657 1.0966937621643122
7 12 2 24 46236 0.9629597557551881
6 12 21 3 51095 1.0719030341123061
26 18 6 21 46660 0.9578815936036582
13 22 16 4 48545 0.9098045320621413
20 2 5 24 66337 1.0470487954485457
6 9 7 20 36747 1.0837551704714354
27 17 6 25 55647 0.9640915218449644
21 3 15 25 52501 1.0886076542219256
7 22 28 25 63965 1.0156647304537108
7 8 19 1 44614 1.0378790665500062
10 10 10 25 41291 0.9264760752597174
15 17 1 17 50337 1.0859352030989202
9 4 26 26 65704 0.9906048214969367
12 4 25 21 46836 1.0696675018214195
3 0 25 28 100354 0.9243029604172786
6 27 17 17 39729 0.9563555247010844
18 14 10 18 27511 1.0755805785153667
15 15 7 21 25231 0.9579857176389952
14 5 4 16 45918 0.9805351219279785
9 18 19 26 39452 1.0065059978537507
16 1 17 24 63048 0.978051758548463
1 27 23 9 66802 0.9072581900122384
26 1 4 14 60235 0.995237268117282
11 7 20 26 54075 0.9907950276405173
24 2 5 1 53041 0.9453110227979209
7 16 12 27 35864 1.0300315197582572
21 16 10 15 17635 1.004642918022915
1 23 23 28 67389 1.0940941436414182
12 5 20 24 49088 1.020359362619015
28 14 29 4 25294 0.9791852813563997
0 14 2 23 29656 1.0255078577457424
3 9 25 7 67435 1.0912779749512198
24 10 9 9 39063 0.9483727224416046
1 20 17 27 51222 0.9094713935895141
24 20 5 8 60702 1.001063819251984
5 24 21 5 56231 0.9300452017164078
29 17 10 16 38744 1.0382500313005842
18 9 2 9 61614 1.0920090006618426
13 7 24 23 54860 1.0550831524296367
22 14 10 4 39480 0.9774732330445738
4 29 24 18 57811 1.0829152268946263
5 16 7 6 36662 0.956267004675538
18 29 26 0 62797 0.9763641522151048
24 25 12 11 45003 1.0870140015657395
7 2 27 18 70147 1.0585396118914017
19 15 16 1 40509 1.0298530471748553
29 14 24 26 31165 0.9786863067162674
29 0 3 11 76990 1.0063079599918305
2 2 17 4 45893 1.0817842407686435
21 10 10 0 39076 0.9954007076673317
23 2 26 16 29784 0.9229996101701865
1 4 17 14 63185 1.0938962439215505
14 27 0 26 33295 1.0176646480035203
12 0 6 23 46313 1.0622158063520888
14 16 27 6 37153 1.0984382138301314
14 0 2 8 50725 0.9579629474581376
22 9 14 17 26259 1.096916554438552
8 16 5 26 31414 0.9478254954665952
8 8 14 20 36706 1.0818170036401897
11 18 27 27 52757 0.9739370533900954
17 13 6 0 64761 0.9717973167124687
6 12 0 29 48489 1.0588197470260667
24 20 29 4 29104 1.0132159296449645
1 8 3 21 41624 0.9012062944926253
20 15 14 0 36838 1.0498107849711042
2 24 11 16 45053 0.9957798790708192
19 4 9 22 52139 1.0754667467243875
13 7 20 13 41270 0.9418156466878522
8 27 20 20 42774 1.0338583744060466
12 11 24 21 34310 1.039859390405463
21 17 28 0 46681 1.0832573810803063
13 2 8 12 35880 0.9677897010443207
3 8 25 0 71392 1.0951288826481145
13 3 19 16 36057 0.9699735847511901
25 11 17 19 25149 1.0029821183819612
21 3 13 10 32750 0.9436113818041276
16 25 25 17 39629 0.9667559751533737
29 1 6 1 60837 1.0808161465783663
0 1 4 26 70672 0.9428511626332409
16 1 26 6 33932 0.9784937855901011
17 7 6 11 54561 1.0488988726459887
28 13 12 18 42259 0.9596102906207865
14 11 22 24 36816 0.9653335356378335
25 1 5 15 48035 1.055789742888199
18 0 1 27 83674 0.9147360405362838
29 10 7 16 51484 1.0982697186633086
2 21 6 8 53321 0.9266708297487719
17 2 20 11 29265 0.9389248483688171
18 24 22 18 31057 1.0906764510149058
8 20 2 28 33993 0.9101584600182154
29 16 18 14 24551 0.9625072592418885
27 1 9 4 43256 0.9064023307155142
1 4 17 24 79279 0.914225461211208
0 0 10 18 65699 1.0738873086573115
25 27 2 9 74565 1.0195466567161426
22 11 16 5 36202 0.9639716187466696
14 27 29 23 55372 1.034161690821096
5 29 4 0 81856 0.9797764945991333
1 27 8 1 66337 0.9121927539876186
28 6 21 27 44162 1.03738523058209
29 8 18 10 48389 1.0680110753908605
9 22 17 24 21794 1.0512126358525344
29 1 0 4 70433 1.0692931614749075
11 9 23 10 44213 1.0698773990464605
29 11 16 18 44711 0.9364780873118812
0 24 29 17 67891 1.0343877545108133
3 17 29 20 64437 1.0611281277532991
3 11 18 16 44582 1.0228964599488726
25 28 3 13 65720 0.9521437613065028
23 19 14 7 36956 1.0338095541415164
6 0 23 12 70560 1.045786322903153
17 18 3 23 43132 1.0794967747889568
29 24 8 7 74986 0.983427543365769
28 23 20 28 45058 1.0928188885514374
1 11 6 4 33568 0.928803154783281
23 5 4 4 53577 0.9537819495846587
23 4 23 18 26829 0.9397119088977198
9 20 7 4 36758 1.0929899529143554
24 26 12 18 46201 1.0276781441524951
14 5 0 28 67744 1.066298356310495
26 26 15 9 54930 1.0129431204125399
6 7 15 10 49355 0.9606092027962791
6 0 10 16 52386 0.9746417660971866
16 5 23 17 48811 1.015761715936546
27 1 4 11 73305 1.0155607833543956
25 19 3 16 51289 0.9156568387257028
24 20 20 4 26658 0.9662362065201408
28 15 14 11 29250 0.9742270587348059
11 29 21 22 40123 1.056660031806835
14 18 25 13 24874 0.9852805764827495
3 20 29 5 70042 1.0291647252786789
24 22 29 29 28529 1.054350891087244
6 18 5 4 42522 0.9381133027197809
27 28 4 10 81480 1.0430609655642449
13 19 2 28 47567 0.9630106856932602
11 6 12 16 24086 0.9445569488879401
20 15 7 22 32494 1.0250126378782443
2 26 17 24 50645 1.067678529962774
25 26 23 10 29913 0.9655609081612535
12 0 3 2 36616 1.0102202536015243
16 23 21 7 39825 1.0422743321322185
25 2 15 21 47681 1.0767104428720415
2 24 27 3 80707 1.0600011478065388
22 10 11 22 44246 0.9871638968154037
13 20 16 7 41417 0.9624128159660273
23 3 9 7 32241 1.0495863103789769
27 5 14 8 38347 1.0610591248391736
1 28 2 15 46915 0.9627031576191338
6 17 21 8 34965 0.9367328675093627
2 0 14 0 45762 0.9123295077071519
3 22 14 13 32372 1.060709617863682
6 23 13 14 25369 0.976380861805703
8 15 24 24 43462 1.0318490322598497
15 19 9 4 38633 0.9790614682906849
11 21 1 1 72356 1.054098697414937
4 22 15 17 35153 0.9423388162879082
14 28 27 29 42297 1.0989551177732433
26 21 22 10 29854 0.9426503576207876
8 8 22 6 44896 1.0356881649219327
23 20 29 26 33831 1.0278980620561113
0 23 17 26 46036 1.0178008280711306
20 11 25 0 26087 0.9122131896913704
3 9 24 0 64870 0.9313464242127443
13 3 23 0 30891 0.9719593232992274
17 0 19 17 52072 0.9359251272662673
23 26 5 19 60754 0.972241639377011
19 20 17 10 30887 0.9956377954706873
16 10 26 23 47676 1.0048720897543053
2 24 17 5 85906 0.9757722169056553
4 18 23 12 55067 0.9597503227511132
18 7 26 11 37901 0.9045736844130026
23 21 11 12 37164 1.02662055451774
2 20 14 8 47857 1.0628624826480935
16 10 24 12 33685 1.0734087522042375
22 6 0 10 69182 1.0323414283901529
11 0 14 25 57996 0.9338995184655774
10 27 24 0 68152 1.024886888961891
2 12 5 22 39430 1.0008400618005604
28 7 0 26 85178 0.9831375682469772
7 23 21 16 39508 0.9513757754672854
8 16 12 26 37448 0.9405838878527852
16 11 1 28 64297 0.9158262805631912
10 8 19 26 58966 0.9935353908042701
20 17 10 14 28051 0.9627963670447582
15 13 27 15 25092 1.072989576307979
12 1 6 7 34642 1.0437349432780556
26 17 7 20 45062 1.0056373703225339
7 26 2 1 71062 1.046909128608548
6 29 1 23 25877 0.9569953055981963
16 27 16 3 54814 0.9099524417057379
23 23 26 1 49400 0.9646808346129834
4 11 6 3 35774 1.0783256382172572
15 15 3 28 44808 0.9871186685453461
23 16 8 20 41951 1.0596106825448286
29 27 7 21 64298 0.9561725059583894
28 21 28 2 46894 1.0855693321079403
22 8 12 22 44442 1.025447916955957
24 1 16 19 39168 0.967501540627859
17 0 9 27 80113 1.0024105255916549
11 12 29 8 55798 1.0376182769900737
6 27 3 3 62779 0.9830896748835288
4 17 0 8 38896 1.0794974862216156
24 3 0 10 67327 1.061484805689526
27 8 1 21 70446 0.9774138248070801
3 21 21 26 49252 0.9643906834092959
19 25 11 18 36157 0.9513328978478084
13 26 18 17 38810 1.0206791464714164
5 17 1 11 34754 0.9613190073297048
28 6 14 3 31809 1.0880318413424677
25 17 15 3 34463 0.9723894076893219
6 29 11 12 41029 1.0547299192214281
8 9 25 2 44625 0.9533360888678102
14 19 26 14 26920 0.9183488329268903
0 15 25 25 66203 0.9714974614385735
20 3 10 3 17197 0.9814736932418251
21 16 2 21 44817 1.0044362194743994
12 13 26 28 45145 0.9140243495774348
24 24 21 15 24547 1.0496288497461146
26 13 28 3 24616 1.0196533101231358
15 10 16 1 34704 1.0674061437964006
16 6 3 15 52291 0.9148079304113128
1 19 5 27 31514 1.0526969269310913
24 7 8 21 46978 0.9613004755214601
21 2 29 25 56307 0.9556004073981744
23 4 6 23 52137 0.902357186968989
3 19 25 16 45337 1.0165264924791313
27 12 8 27 64666 1.03709370413649
16 5 9 15 42595 1.0422524589338586
21 26 26 15 21577 1.0578767457951281
20 16 10 12 33342 0.924281794426123
2 12 25 27 73209 0.9970788151855053
13 12 8 5 38127 0.9820414409145757
22 4 28 15 23672 1.0967168616106433
8 17 11 6 35121 1.0958192239119684
12 18 26 25 45779 1.0230612214436852
24 4 3 23 63271 0.9893541679841333
27 0 9 25 78766 1.0445105610921637
15 7 25 4 32344 1.0219667753936708
6 6 25 6 51296 1.0962610241881665
16 0 14 24 66491 1.0194573989133875
15 27 18 7 57279 1.0229310749083287
15 0 14 28 69298 1.0838343108657715
8 26 13 21 26404 1.0507091178135641
0 13 14 6 56268 0.9211158570759762
26 21 10 11 45357 0.9936223866605031
29 0 8 25 81176 0.9744398095583291
24 7 13 6 32594 1.0497904747541544
20 15 7 11 32127 1.0569249189690697
13 1 9 20 43845 0.9622130277595827
12 10 24 14 27183 1.0879500186494817
4 29 9 10 41005 1.0333477861480311
1 5 8 29 70674 1.093920227200636
29 13 16 9 41522 1.038369964650861
10 0 1 27 68479 0.9890776351359485
5 0 21 25 83141 0.9314990909382825
26 0 3 21 74149 0.9431851092683485
26 24 10 20 51266 0.9863978203243403
19 18 7 1 63525 0.9484920165643227
16 22 23 6 43291 0.9018408535384301
23 13 18 1 38670 1.0390292679943216
1 7 4 23 51664 0.9405719333974598
18 29 10 1 71321 0.9484112356921488
0 2 6 8 41844 1.0535326370383329
9 12 6 26 26164 1.0421640132652392
29 20 28 10 40397 1.0142556238597122
10 0 12 13 32050 0.9223721195830179
7 1 14 27 74231 1.0204699030459126
0 6 22 20 69256 0.9242156592024452
3 3 13 9 39498 0.988967777131919
6 25 17 0 73745 0.99285570928965
17 10 12 26 50165 1.088980001246735
9 12 23 3 41214 1.0477529813045934
20 0 1 13 70362 1.0766700045939925
19 5 8 28 74051 0.9606709734233685
26 28 1 25 74876 1.0314021322399691
17 18 11 22 21861 1.0990785197778519
24 4 19 29 44193 1.0763420645500446
26 11 1 4 71091 0.965186534404751
16 4 9 20 47692 1.0709607955806149
24 12 24 1 14649 1.0382332108272299
26 28 29 6 49808 1.0230638694401581
8 17 22 23 44540 1.027500481127217
24 29 7 22 51127 1.0943136417506714
3 12 28 16 63474 0.9779209735279064
9 18 11 7 28963 1.066521243101906
21 1 28 20 44321 0.9565051494122245
7 13 28 20 54898 1.0919400069827419
23 15 21 5 17614 1.0863320528568738
4 2 10 25 68824 1.0883224887786782
6 2 5 15 42560 0.9081765941867945
2 24 2 0 72287 0.9540082869432593
9 10 15 5 31728 0.9681883337251059
24 6 17 2 21528 1.0733011253105964
8 21 0 8 48717 0.9589351871736219
4 15 29 3 56661 1.0098519231760346
10 7 26 28 67651 0.9942488484604237
1 25 18 10 71594 0.9678035255079813
20 20 9 26 38248 1.0269529447345473
29 10 17 9 47684 0.9994791864903666
29 20 22 1 47416 0.9180531387900369
2 18 16 13 54516 1.0139035335083766
22 27 28 13 37918 0.9305335036022845
27 26 23 20 29922 1.0528061389661765
29 3 0 7 70126 0.9440470564188979
6 28 17 3 58342 0.9925033062695319
0 21 22 13 55846 1.07845672106239
2 14 16 18 46757 0.994536445687113
22 16 17 26 35811 0.9317955065392675
3 11 18 10 58084 0.9327767435535927
12 28 28 25 57292 1.0875863947069015
12 15 24 26 41356 1.0263092815464077
10 23 2 4 63503 1.0339995231370744
11 17 5 9 37274 0.9129435376931798
19 10 1 1 72890 1.0550923565163988
29 7 17 15 40775 0.9994877847937325
15 18 26 25 39829 1.0294542197900558
5 16 1 8 44751 1.0972434963932405
21 18 29 14 16740 0.9556698867605755
8 10 25 28 58078 1.002038659469166
12 20 5 11 43029 1.0769834285701423
20 3 18 21 34824 1.0539486323037208
22 11 10 16 30304 0.913418873787229
20 4 13 19 37951 0.9190778881681384
10 9 23 24 55826 0.9270079007870005
8 25 21 12 48603 0.957098265050211
16 29 22 18 34643 0.9486985705446157
13 19 5 16 29967 0.9885676846039296
17 14 10 10 28948 0.9475773675206652
8 4 29 2 43342 1.083244517146703
1 0 13 4 48307 0.9144710545046507
21 19 23 28 22823 1.0848807723545042
6 20 22 3 47505 1.0410123809861336
28 4 11 26 70991 0.9565314607313049
4 25 15 3 62016 1.00757858337677
14 15 3 21 30290 0.9492238831401183
27 16 0 10 65436 1.0070555645470787
9 25 23 17 50828 0.9280062777821874
8 0 18 13 58112 1.0464226904057048
28 20 24 1 40203 1.0303330113495528
10 11 25 4 45973 0.9180525881628298
19 21 6 23 29033 0.9241463821361745
15 25 9 1 60493 1.0170298373617115
1 1 27 27 99553 1.0319211889013975
12 14 25 19 25828 1.0485774378030754
11 19 21 13 28149 0.9732635211154375
28 16 18 14 27313 1.0313544263468604
8 6 18 7 45411 1.0147977680435836
21 3 29 25 55057 0.9704074477882513
2 25 27 22 81920 1.0341637986842034
12 9 19 12 29517 0.9872616130947931
18 1 9 21 56874 0.9191501989859452
3 24 19 28 60103 1.0412290022019568
7 10 8 21 34704 0.9392699164687777
4 22 9 17 19166 0.9270141879202998
2 3 20 12 62659 0.9630858164392523
14 17 26 28 43251 0.9054723946971905
2 5 9 24 60152 1.0368097595867618
21 16 1 22 43274 0.9927138215844384
10 0 15 9 34320 0.9634439959577105
9 25 4 16 33997 0.9616016374607436
13 10 27 26 61544 0.9394485377940573
21 6 18 16 22165 1.0388148894988263
25 15 8 8 41313 1.062913810373455
6 21 1 3 55001 0.9618345388753796
1 4 8 1 39150 0.9308804340788184
21 0 14 24 50663 1.0492464939687396
10 9 12 19 31656 0.9917080387346349
19 3 0 2 48683 1.006755000455085
28 0 29 16 49001 1.0566312350952516
10 24 28 20 59003 1.007557518837483
22 29 28 7 52689 0.965081056117667
19 15 29 14 15854 1.0596088284528125
11 13 26 12 36070 1.0615663436915237
28 10 16 1 53173 1.0972331430151527
19 26 27 28 30088 1.0081497745290355
6 2 2 24 74585 0.9039056667122756
23 10 15 28 52529 0.9745245341594357
3 4 5 17 53768 1.0315156444558449
3 29 14 2 66982 1.0962084783924886
0 18 12 14 39804 0.9072138084665345
7 27 14 18 33747 1.019205961578897
13 28 17 11 48529 1.0032972476047337
26 28 3 5 95894 1.0769737997049151
16 8 27 25 60975 1.070141660749898
21 24 22 5 33066 0.9239507681637816
0 5 24 12 69533 1.0106364470391889
16 23 9 27 31782 1.0191097257711974
5 24 2 13 42695 1.047357060395983
21 29 26 16 28597 1.0165413718166794
10 6 13 28 59271 0.9622481361362696
23 14 11 2 38895 0.9427619176071156
14 13 1 25 52225 1.031450075870749
5 25 15 5 61058 0.9794506822149667
23 10 28 27 39791 0.9541355260818437
17 4 3 6 55358 1.077858584167179
7 6 8 23 46098 1.042135775055031
0 2 13 14 58799 1.0801608789039188
27 25 20 28 32123 0.9346802488026188
4 8 0 14 27044 1.0372993574560792
