1631 2323 1485 1671 2273 1781 1553 1843 2316 1775 2235 1274 1683 2315 1984 2415 1524 2317 1373 1578 1532 2300 1272 1314 2412 1527 1538 2402 1712
5413 5913 5363 5790 5216 6171 5565 5680 5446 5410 5629 5785 5199 5789 5605 5873 6291 5808 6349 5428 6168 5568 6044 6005 5409 6278 5831 6304 5746
7098 6595 7302 7635 7732 7831 6875 7218 7708 7496 7807 7610 6737 6613 7730 6750 7607 6892 6881 7641 7191 7706 6626 6989 7053 7190 7207 7498 7596
3863 3248 3892 2944 3656 3285 3011 3047 3328 3167 2998 3893 3375 3463 3488 3219 2771 3161 3483 3294 3708 2988 3189 3901 2901 3658 3685 3683 2976
2549 2459 2279 2586 2019 2281 2678 2120 2414 2498 2503 1996 2768 1975 2754 2003 2397 2621 2296 2391 1705 2274 2357 1960 2558 2538 2100 1741 2090
3400 2355 3152 2524 2738 3347 2642 3428 3044 3197 2257 3190 2984 3065 3213 3020 3426 3108 2656 2639 3205 2442 2847 3090 2412 3103 3076 2941 2658
5317 5381 5106 4680 4809 5411 4947 4643 5429 5038 4930 5282 4492 5420 4943 5440 5176 5082 5322 5500 5444 5435 5182 4472 5513 5375 4797 4706 5074
2035 1535 1803 1709 1501 1396 1332 1795 1885 2037 1536 1493 1736 1551 1406 1825 1110 1946 1772 2278 1282 1870 2176 2130 1416 2262 1268 2089 2250
4152 3990 4717 3927 4711 3957 4835 4941 4144 4316 4763 4589 3866 4177 4249 4500 3888 4037 4645 4338 4904 4760 3906 4635 4430 4906 4061 4389 4669
6018 6111 6325 5934 5419 6067 5750 5982 5894 5419 5918 6298 5894 6182 6153 5263 5721 5548 5734 5314 5408 5353 5944 5848 5910 5848 5495 6280 5985
5686 5686 6741 6739 5981 5675 6176 5698 6105 6521 6867 6375 6864 6271 6037 6799 5999 6581 6143 5812 6022 6472 6214 5890 5920 6769 6288 5793 6387
7251 7627 7214 7165 7718 7779 7579 7198 7308 6766 7853 6623 7833 7814 6891 6664 7693 7370 7563 6865 6948 7598 6760 7476 7166 7820 7575 7751 7038
6528 6436 6256 5808 5859 6429 5928 6600 5876 5433 5796 5537 6412 5874 6564 5645 5870 6595 6157 5542 5375 5933 5874 6212 6254 5816 6043 5637 5447
6861 6518 6918 6788 6678 6787 7530 7621 7386 7089 7055 6863 6755 6642 7622 6725 6825 6549 7346 6966 6864 7615 6639 6517 7601 7298 7728 7206 7080
7360 7906 7242 6910 6788 6772 7240 7357 7425 7568 7074 6767 7528 7859 6822 7634 7521 7940 7432 7150 7535 7359 7335 7533 7007 7267 6932 7178 7352
7589 7533 7030 7246 7050 6460 6808 6737 7317 6857 6687 7251 7350 6690 7488 7356 6693 6607 6987 7281 6826 6901 6868 7571 7450 7421 6652 7080 7376
6949 7037 7040 6496 7224 7240 6860 7142 6361 6956 6236 6395 6277 7005 7158 6554 6467 6426 7224 6693 7109 7396 6389 6511 6467 7200 6199 7251 7380
4288 4140 3464 3818 3677 3951 3756 3944 4014 3837 4282 3937 4094 3481 4123 4087 4243 3665 3273 3568 3172 4334 4057 3583 3889 3992 3577 3376 3330
4477 4082 3977 4517 4613 3878 4178 4068 4280 4405 4438 4067 4886 4172 4165 4576 4009 4492 4066 4075 5103 4756 5024 4160 4276 4099 4268 4492 4563
8720 8811 8613 8145 7694 8322 8040 8783 8413 8886 7953 8564 8684 7876 8137 8667 8397 8829 8380 8782 8257 8342 8721 8751 8732 8611 8321 8865 7864
7285 6698 7643 7060 7608 7021 7735 7113 6793 7405 6999 7034 7676 6634 7313 7609 7320 7188 7407 7763 7688 7488 7107 7123 6628 7251 7762 6864 7065
6265 7037 6555 6361 6388 7037 6254 5824 6256 6456 6397 5894 6319 6310 6385 6341 6376 6947 6603 6841 6660 6353 5863 6665 6257 6318 6662 6536 6472
8452 8498 7539 8182 7781 8694 8583 7826 7544 8716 7946 8173 7663 8645 8430 8103 8049 8718 7797 8043 8325 7861 7542 8022 8204 8019 8384 8037 8674
3821 3241 3279 3262 4040 2977 3998 3169 3843 4050 3101 3942 3333 4005 4141 3676 3173 3210 4034 3631 4129 3796 3022 3505 3341 3309 3358 2952 3530
3567 3776 4250 3653 4329 3362 3460 3899 4290 4230 3778 4024 3464 3468 3859 3860 3827 3522 4446 3720 3330 4429 4364 3821 3582 3788 4083 4319 3299
2650 2703 2330 3010 2712 3165 3037 2598 2306 2743 2159 3191 2505 2813 2663 2384 3100 2158 2779 2194 3085 2979 2324 2126 3156 3002 2610 3063 2953
2052 1863 1097 1758 2131 1516 1186 1392 1097 2215 1825 1157 1874 1042 1049 1425 1486 1416 1959 1998 1082 1401 1661 2026 1360 1483 1329 1168 1873
8061 7864 8196 8373 8419 8712 8047 7843 8066 8661 8009 8360 8320 8313 7750 8803 8101 8199 7921 8478 8251 8910 8150 8202 8528 7989 8611 8303 8171
8669 8720 8667 7948 8035 8587 8563 8460 8393 8739 8753 7854 8236 8202 8351 8638 7623 8099 8708 7722 8264 7866 8182 8296 7743 7791 7644 8372 8056
7907 7628 8478 7878 8257 8106 8284 8636 7507 7720 7819 7628 7920 8354 7779 7923 7520 7664 8033 7886 7894 8030 8306 8103 7694 7444 7961 7480 7437
8540 7035 2224 8153 2372 4730 7045 6440 3380 7228 4214 5078 5457 6766 5366 6843 3254 2729 3100 5674 2165 5370 6451 3200 8162 5761 7917 6376 3848 3193
8357 6502 2221 8184 2952 4336 6990 6881 3417 7212 4322 4907 6162 6516 4696 7576 2984 3394 3868 5279 1831 4719 6538 2130 7943 6025 7646 5359 4428 3103
8098 6997 1834 7867 2588 4586 7742 6198 3831 7747 5092 6073 5611 6067 5199 6700 2889 2685 3367 5634 1214 4237 6304 2206 8122 6518 8822 6511 4895 3019
8530 6404 2239 7568 2777 4993 7195 6319 3669 7059 4365 6048 5395 6909 5661 6750 3544 3225 3526 5194 1265 5043 6101 2248 7533 5696 7936 5875 4656 3342
7896 6611 2460 7254 3121 4359 7807 6162 3832 7439 4958 5231 6001 6619 5045 7114 2820 2380 3215 5254 1659 4626 6389 2807 7831 5892 8312 5539 4015 2928
7702 7349 2222 7408 2867 4262 7250 6346 3657 7166 5043 5930 6044 6101 5103 7561 2857 2644 3039 5045 2215 5275 5590 2555 7818 6389 8656 6314 4492 3229
7709 7369 2266 7277 3322 4233 7420 6503 3683 7085 4723 4940 6461 5978 5033 6948 3635 3238 3647 5143 2244 5253 5550 2987 8569 6218 7857 5404 4148 3669
8522 7313 1584 7009 2508 4273 7338 6667 3103 7631 3985 5995 5820 6658 5707 7362 3548 2976 3294 5505 1882 4701 5955 2865 7826 6446 7782 6545 4720 3401
8004 7439 2013 7045 3116 4840 7712 6842 3615 8261 4003 5287 6048 5954 4838 7631 2895 3483 3101 5728 1223 4723 5419 2525 7843 5955 7650 5473 5052 3011
7967 6725 1747 7241 3470 4911 7207 5929 3197 7179 4825 5975 5395 6355 5329 6762 2776 3111 3123 4873 1294 4885 5996 2421 7850 6249 7710 5498 4186 2784
8484 7422 1705 7831 2420 3989 6819 6715 3213 8094 4013 5243 6518 6436 4759 7293 3645 2488 3788 5358 2162 4732 5679 3267 7747 5483 8159 5922 4905 3589
7963 7035 1519 7687 2427 4438 7563 6492 2763 7670 4295 4895 5901 6857 5478 6879 3242 3307 3820 6079 1649 5046 6330 2400 8498 5533 7624 6154 3936 3157
7873 7390 2344 7917 3146 4739 6974 6329 3338 7588 5029 5696 6262 6429 5736 7247 3283 3114 2834 5153 1663 4982 5873 2119 8039 6258 7741 6150 4829 3651
8781 6795 2110 7772 2514 3982 7436 6155 3757 7623 4326 5784 5871 6490 5347 7161 3513 3293 3082 5751 1989 4934 6070 2294 8129 6479 8053 5864 4540 2886
8745 7014 1658 8089 2994 4944 7364 5983 3040 7504 4297 5845 6265 6499 5034 6687 3174 2845 3574 5629 1435 5361 6566 3201 8221 5905 7622 5453 4360 3149
8399 7290 1667 7996 2566 4252 7219 6832 2759 7195 4778 5533 5888 6067 5787 7673 2804 2310 2795 5051 1755 4628 6150 2648 8089 5368 8841 6496 4188 3305
8052 7528 2033 7157 3013 3864 6968 6721 3770 8254 4688 5841 6491 7092 5387 7066 2755 2392 3421 5629 2323 4270 5820 2941 7799 5581 8808 6147 4153 2891
8413 6838 1579 7526 2382 4421 7704 6423 3934 7106 4719 5814 5539 5973 4831 6622 3509 3140 3380 5506 1753 5078 6440 3044 7998 5761 8019 5385 3955 2959
8457 6915 1656 7673 3257 4325 7097 6067 3753 7208 5101 5394 5548 6343 5317 7224 3181 2810 2857 4945 1901 5120 6208 3045 8477 6428 7668 6022 4992 3393
8344 7623 1350 7685 2587 4647 7550 6809 2889 8224 4286 6077 6173 6014 4805 6857 3223 3450 2930 5516 1923 4323 5796 2609 8086 6533 8494 6497 4637 3861
8803 6805 2307 7495 3243 3882 7649 5899 3399 7649 4352 5035 5781 7062 4732 6679 2786 3039 2972 6078 2101 4958 6309 3104 7731 6193 8038 6352 3880 3432
8511 6825 1326 7924 2372 4969 7477 6663 3768 8268 4175 4963 6128 6815 5922 7261 3799 3254 3619 5564 1318 4354 5948 3055 7760 5620 8180 5943 4175 3789
8796 7567 2373 6979 2963 4054 7274 5938 3731 8265 4039 5619 6445 6040 5203 6856 3368 2718 2805 5682 2092 4207 5652 2198 7516 5639 8318 5668 4849 2680
8384 7423 1470 7419 2824 4999 7656 6412 2933 7229 4223 5667 6212 6874 5302 6738 3532 3182 3122 5863 2040 4443 5447 3232 7717 6076 8298 5890 4953 3410
7768 7637 2513 7230 3086 4833 7663 6803 3118 8114 5008 5545 5864 7124 5510 7614 3879 2565 2958 5144 1320 4740 5420 3269 8367 6394 8191 6019 4264 2819
7859 6537 1429 7679 2482 3858 6860 5961 3540 7297 4917 5778 5631 6627 5557 6534 3560 2648 3835 5462 1559 4762 6250 2762 8277 6376 7755 6155 4929 2699
7808 6627 2008 7678 3361 4105 7051 6301 3894 7127 4615 5715 5813 6140 5863 6702 3736 2617 2865 5954 1668 4660 6483 2126 8493 5321 8200 6324 3954 3554
8178 7393 1809 7957 3425 3934 7885 5953 3824 7248 4184 5120 5407 6863 5068 6935 3246 3298 3218 5732 1362 4303 5714 2146 8499 5833 8151 6117 4691 3172
8668 6838 2038 7107 3376 4920 7713 6622 2830 7820 5148 5256 5447 6424 4789 7601 3011 2907 2763 5301 1675 5047 5544 2531 8450 5644 7651 5371 4546 3858
3 29 20 10 99017 1.0951229303088885
29 5 22 21 48851 1.008464948313931
26 13 7 5 56644 0.9707684430652368
29 10 0 11 91616 1.0789324829049225
13 3 14 23 71160 1.005007863427531
23 15 7 4 72786 1.0510061227096374
13 4 29 16 64185 1.0489758389046377
3 24 21 2 73986 0.9473902129916214
10 18 16 26 56747 1.0303865300830393
24 19 19 25 44842 0.9284245680811551
11 2 25 13 50844 1.0171470690647935
20 5 20 22 74371 0.9942420108528903
24 18 9 6 77421 1.0279017182644508
18 7 2 24 85029 1.033395083559985
5 12 18 11 68591 1.0531396822325338
9 21 17 27 46282 1.0454510776650368
13 3 0 19 62112 1.0283267204234665
4 25 18 17 47993 1.0999370219909745
15 27 3 15 78100 1.08457522371016
28 18 10 15 66546 1.0151590371467387
12 2 28 3 38299 1.0849673984380777
4 23 10 29 28960 0.9516147200272256
17 2 29 3 30336 0.901162495520968
14 19 26 14 38003 0.986724558336496
12 1 29 15 70931 1.0960449757284054
15 25 13 9 88631 1.035674706030995
17 28 24 3 79744 1.0905398688474341
10 2 22 9 55627 0.9955363346385275
3 22 16 19 35824 1.0353095580646703
11 24 12 13 65177 0.9576897821791633
25 3 11 11 72778 0.9040681627608185
28 2 29 13 40492 0.9014569072193851
27 3 22 12 46107 0.9515428430284195
20 21 21 10 55711 0.9522962746376593
28 1 6 21 80077 1.0758968987875277
3 23 20 2 67778 0.9080005490744468
28 2 20 12 55252 0.923432301136551
25 8 24 19 28682 1.061297842828955
29 25 4 20 63828 1.0273302060365075
21 21 7 14 42050 1.030608242124162
3 20 14 7 58301 1.0269043945864202
18 21 10 8 54721 0.9892289645973551
20 17 25 8 34116 1.025841498682982
21 27 0 26 86612 0.905899911876003
17 26 0 7 77627 0.9713762034394455
28 13 18 19 41707 1.0257702710493724
0 2 1 26 51669 0.9248368402917655
22 24 19 5 75646 1.0314463279359471
19 26 9 21 54488 1.030860623344435
27 5 4 21 67947 0.9835049844176728
19 16 5 15 47837 1.0221873901133918
24 12 0 15 78926 0.9825032599681915
26 13 12 24 57360 1.0576028563130242
24 28 7 20 54085 0.9926305659708249
23 6 25 23 42207 0.931324806751033
8 13 5 25 34918 0.9066699035994352
27 15 12 15 60138 1.0537433303418342
24 7 6 2 51753 0.9773385732973295
10 21 24 5 66333 0.9635157090694739
25 20 8 9 56777 1.022860640312408
17 19 0 26 43893 0.9103442405348022
5 7 3 17 31793 1.006652691239601
25 3 25 20 31819 1.0548027463304468
7 0 17 12 60630 0.9861271736505758
27 8 12 14 74153 1.0623036111602138
3 4 16 18 64047 1.0285594040035786
10 18 20 0 72527 0.9348397057983227
7 9 18 10 47010 0.9474714404076005
29 13 0 27 87672 0.979134865353972
14 28 5 7 77917 0.989006450905413
24 24 26 11 27402 1.059964774784971
27 6 10 18 69110 0.9901782733826513
7 0 27 1 46443 0.955455417122427
4 17 18 1 56418 0.9806860585621078
6 29 4 4 56321 1.05116999036696
29 28 20 23 38177 1.092774953947571
3 5 15 29 84713 0.963400614068011
4 20 17 10 62246 1.0927209587845286
18 29 7 26 40390 0.916129232713101
1 21 5 6 48996 0.951537492890416
10 26 27 20 66687 0.9378119545726358
28 27 13 22 60771 1.0875873343294862
19 26 25 21 46018 1.030197372510461
19 27 11 2 91967 1.084324185058576
9 29 14 24 43251 0.961387090664434
0 15 26 11 68588 0.9293970287561174
2 24 1 0 63312 1.0884595187527077
29 1 10 16 80090 1.0109493212013112
0 9 20 26 91704 1.0625149080926348
14 21 20 0 82079 0.9382026583347736
20 23 8 19 40092 0.9238624811979735
29 22 5 8 80550 1.0403043776208718
29 18 14 16 50044 1.0834660291551574
1 17 7 25 29464 0.9736394204569868
17 2 4 0 30336 1.0908507483868721
10 27 1 4 74146 0.9784002768015287
25 1 10 28 93588 1.0803916678242782
7 27 26 19 47784 0.9998682916093602
4 27 28 13 78370 1.0167683318257401
5 13 20 8 63897 0.9606415700233157
6 12 18 24 56227 0.9252647723000013
29 8 21 23 47751 0.918302543188433
28 18 23 3 38440 0.9409868339695382
25 16 3 4 73297 1.029824107357069
2 25 26 2 89027 1.0980517216965193
27 13 7 12 63521 1.0475351731266591
21 15 2 7 88230 1.0322782390644925
17 27 28 8 68872 1.0601801147084184
15 11 8 22 67220 0.9322521309223663
12 3 18 29 96461 1.0543654044019664
8 18 12 5 45643 1.0958675140245675
22 7 29 13 46293 0.9824438916244291
4 20 24 2 66670 0.9370490058915862
2 10 12 6 53960 0.9470549726484556
5 26 29 9 89455 0.9149151280628721
16 19 9 11 48144 0.9196418765702083
26 15 4 26 61176 0.9389444837028426
3 17 11 21 30160 1.0016274388145927
21 20 0 26 48003 1.0216709077353736
23 5 6 14 64359 0.9952345577388139
2 0 12 2 32964 0.9986591953946442
1 15 26 4 83735 1.09163271270914
17 3 17 25 82132 0.9816700737838358
25 26 17 16 45869 1.0653617420214883
4 22 27 27 60145 1.045497895238027
26 12 9 21 47934 0.9058415173578355
3 28 18 4 85162 1.0820236730416886
22 17 5 9 68632 0.9698372951849232
18 2 2 26 84054 1.0728691500760539
22 21 11 25 58325 0.920870997876213
3 25 8 14 37548 0.9284443317371232
10 12 15 7 48716 1.055068737032885
2 15 12 23 47812 0.9963330585046848
6 26 27 11 71496 1.025189211815345
27 21 6 24 51911 1.0721949883839905
1 17 23 28 76465 0.9944263979167275
13 6 3 16 60705 0.9185695397057293
29 21 14 6 84696 1.0228056807092414
28 4 16 29 76870 0.9584046024682642
27 1 26 17 30740 1.0754866953427331
29 16 26 28 28362 0.9976752396543406
23 11 3 15 84194 1.043399847917055
19 1 16 28 99110 0.9566844209566725
3 18 14 29 53382 0.9247896339193572
15 3 26 7 34421 1.064688116422945
24 3 4 13 67578 1.070712944895
13 10 7 20 42803 1.0383799189442378
24 28 6 28 65045 0.9277227731548384
29 13 28 27 52585 0.9845977636246597
19 5 27 13 47784 0.9651096969377159
10 20 19 23 30628 1.0833755131063176
24 13 4 28 79430 1.0597942006654828
17 24 4 4 68430 1.0262556295681247
23 22 3 0 82797 1.0253317084607436
13 29 27 0 94002 1.0669794770787613
8 8 27 22 66026 1.099910071098799
3 13 17 28 76819 1.0523162191208686
4 20 12 28 43410 0.9910116442733845
18 13 2 20 56540 0.9632536198701703
6 9 2 19 42013 1.0159934637250059
24 29 20 1 64640 0.9114461462709115
27 10 6 6 65219 0.997796654126865
25 22 0 23 55584 1.077861288292242
2 29 27 19 73136 0.9179013644777166
24 20 2 24 54400 0.99958860638569
9 0 28 2 46732 1.0946828547582514
26 17 15 3 48983 1.0874744627056685
3 21 7 10 27744 0.9735814461404222
27 16 16 25 51218 0.9162479005717449
5 8 0 16 34126 1.056521586289701
7 2 22 21 64807 0.9764509961304476
27 29 13 8 79871 1.0203429247556188
28 27 10 28 73539 0.9312026595946828
24 28 18 5 72898 1.0452874170896702
23 23 0 29 68012 0.9312294047990255
21 10 0 20 83568 1.0134224304989592
20 4 15 25 87729 0.9850388253773139
11 22 11 10 54586 1.0466585493640763
22 22 6 29 62452 0.9307199053392771
25 21 4 7 68775 1.0303684010592764
0 3 15 21 64626 1.0032228205115343
14 9 21 18 65382 1.0859265060590186
12 28 9 20 40397 0.998974551275595
27 1 27 16 32990 0.9259878961094469
20 19 28 15 40114 0.9560908599481219
6 3 11 20 41162 0.9813081131168466
28 5 16 22 60009 1.055989677491795
24 17 4 10 71341 1.058737807355945
10 24 28 21 62375 0.9331919020585209
25 14 28 24 31602 0.9961118245690633
28 22 16 16 48191 0.9589542656608383
18 11 17 1 43664 0.9884994124534598
5 13 21 4 66433 0.959747997150247
18 17 29 27 55041 1.0869373883453712
14 21 25 3 59315 0.9622806364173133
13 3 1 15 64327 1.0576205677756123
6 0 21 14 91344 0.9055542609408925
17 12 0 21 62034 0.9655118851387348
18 25 4 0 82485 0.982784688646001
2 20 25 28 58418 1.0976446399952515
14 1 0 3 37879 0.9393431782737977
10 20 17 15 31812 0.9577363894037292
18 1 7 6 30450 0.965596640660184
26 5 17 25 57679 1.054145259741222
13 25 26 1 82258 1.0502018700967575
15 11 13 3 56710 1.0621559630950739
3 24 28 17 63273 0.983301622560565
24 18 17 3 49481 1.0555517266040946
2 21 13 7 62753 1.0883615778107125
24 8 4 10 73046 1.0098904207779222
25 17 14 5 62600 0.9692953084621156
4 8 29 29 89096 0.9325354799897434
17 12 21 3 49228 1.0316506271295864
14 21 16 6 74320 1.0558030120852377
22 14 0 9 88597 0.9092988574296391
21 11 5 0 81515 0.9056453705511212
16 27 15 14 66884 0.918378784313692
6 14 1 26 46237 1.0521690522621066
9 8 3 16 33043 0.9612987617313137
9 14 20 28 81821 1.053789050012689
15 21 27 21 32653 1.0625882241870375
24 1 0 9 62605 0.9070528589428143
0 24 18 11 75907 0.9595215680755039
6 2 7 27 44781 1.0897152097251768
6 18 1 2 42950 1.0151263888551623
1 5 8 14 44812 1.0786501779982045
23 12 8 10 73969 0.9016381891133916
28 3 2 15 92367 1.090600250626737
12 24 22 27 55651 0.9698110818622458
12 25 28 10 77269 1.0756401235714568
25 13 27 4 24016 1.0662736818132592
22 8 16 22 61198 1.0519861041508327
12 5 0 24 65410 1.004962436778793
25 1 7 18 61718 1.0350861051217148
23 7 8 2 44943 1.070072859334786
17 8 1 11 66982 0.9136266431644479
19 2 16 20 58721 1.0588189367076706
1 14 15 9 74225 0.939339133889017
12 23 3 10 52993 1.0928069744279414
26 25 13 9 77850 0.9258398211015839
17 24 11 10 66000 0.9912500762564807
13 27 3 14 74220 0.9557292165214115
19 2 15 8 32374 0.9727413430508579
6 3 0 17 46328 1.0760707345421803
18 19 1 13 56068 1.015408201677566
10 28 11 18 45807 0.9107224267044269
20 28 23 2 71595 0.919343659933285
28 20 12 2 56468 1.094637745806329
24 14 21 2 38468 1.086952253396912
22 12 10 9 71600 1.00049109199793
16 25 8 20 40109 1.0805082807298771
0 22 6 8 40683 1.0116741868770613
5 29 19 22 58836 0.922968253497776
12 14 4 16 37627 0.9180244955206069
19 29 20 0 89097 1.0659999121688646
8 9 2 17 33130 1.0180034085438918
18 19 11 24 40470 1.0211837778563122
10 18 12 28 50860 0.9199160221238082
4 23 15 17 43067 1.038925409774256
23 15 4 28 69538 0.9607600851118825
12 13 27 8 80027 1.0536632224873204
24 23 11 22 42650 0.9039469961186478
11 10 26 9 64430 1.053756097895187
4 6 20 8 59101 1.0945769788967903
29 4 2 9 82852 0.9978302718598155
8 15 26 4 65780 0.9195219760828326
18 14 8 17 42233 1.0564165031958972
13 29 1 4 80562 0.9072572205698587
9 10 0 23 42338 0.9681592935624281
9 27 18 11 81318 1.0917265270016514
12 1 27 15 58292 0.933081250387857
23 0 26 8 21554 0.9473144862254854
12 1 28 4 41892 1.0022740575864335
5 10 26 25 67331 0.9911288733923669
8 24 26 24 52380 0.9912040262248724
12 15 23 8 71131 1.096740538512642
18 23 15 14 48740 1.0196478372267805
25 21 2 26 68892 1.0138394706356786
28 2 3 7 62742 1.0577909028313177
5 29 1 1 70258 0.9191263056136576
17 19 27 29 36512 0.9721850266783009
12 29 25 18 64839 0.9731000896601157
20 4 18 24 73316 1.0415836017678828
26 15 7 19 43944 0.9549148293384457
8 23 21 11 80383 1.0465053784410885
0 21 14 26 59151 0.9220571992958735
6 27 26 14 60523 1.0773519749363998
15 28 21 13 84202 1.0838289139218236
23 19 23 0 48647 0.9749410989904186
16 19 27 29 41960 0.9958145677664897
4 6 3 28 55303 1.0990021358278204
28 1 18 19 58489 0.918554970676425
10 7 1 12 53364 1.0226180294520413
28 19 11 9 84379 1.058484735809811
12 17 3 12 40682 1.0069253279497303
6 18 29 27 69233 0.9635633107157521
23 17 16 7 63295 1.025399837958772
10 18 24 27 63454 1.0680517550988655
25 25 26 14 21521 0.9018772181105269
7 19 23 18 38406 1.009178862009141
15 22 13 14 59147 0.9457488357633788
12 3 2 29 76737 0.9851614236851662
21 13 0 2 96286 0.9667641931639506
24 4 25 17 27611 1.0030035352764728
0 8 14 19 54394 0.9887544053510902
4 2 27 2 43339 0.9379632895095041
25 2 4 28 85785 0.9992958537753637
24 1 26 14 26008 0.945414812052358
29 19 18 24 44169 0.9971320903028691
14 7 7 11 35801 0.9977107862788595
8 8 29 26 88832 0.9004508949620585
28 27 17 11 73261 1.0501624642610814
21 17 29 7 46721 0.9985801813807854
0 17 4 29 31066 1.0037595847412097
27 6 16 6 50490 1.0538204283621617
17 21 8 15 35701 0.9970276764727102
19 4 29 3 36745 0.9570135038034303
25 6 5 18 70854 0.9138788822181688
6 22 16 12 63102 0.9647831632638806
6 16 27 1 69513 0.9371964007202348
10 23 15 16 46321 0.9146592351790529
28 2 6 9 56706 1.007613946542744
4 0 0 8 24132 1.093051873193279
25 10 6 15 69409 1.089892435689368
4 4 23 18 72037 0.9961762536463664
17 3 12 27 93951 1.0436781629435665
20 11 10 9 57224 0.969049132464336
21 16 0 5 84779 1.0794339282611674
21 26 7 11 75097 1.0482295112128508
23 11 14 19 56896 1.022623086220916
15 21 29 15 51686 0.9024606651914358
20 7 23 0 43118 1.0660326682599062
20 25 10 12 82274 0.9438887150050609
26 20 25 4 27250 0.9837279841220307
23 2 4 19 66265 0.9690828297583263
13 0 1 22 76566 0.900939597747959
23 23 3 13 68874 1.0123033912183124
11 25 0 19 44603 1.0792832859434587
9 10 16 16 46415 1.0174601530923
29 12 19 1 53620 1.0076925433871815
18 1 25 15 44379 1.0702758395258036
25 0 27 9 24086 0.9969948430761918
23 1 4 19 69506 1.0476851036579446
2 6 16 15 77544 0.9034410188223855
5 28 4 15 32956 0.9567115385926537
23 6 16 14 57673 1.0100046092050632
29 22 2 2 92280 1.055660248150009
7 1 22 11 67844 1.0272219475449784
22 28 18 6 84425 0.9445396052319867
27 14 17 14 47384 0.9505875956901971
18 4 6 8 40263 0.9903425122297148
0 22 5 7 46183 1.0586020495509139
21 4 8 19 69469 0.9003856673294552
21 24 18 14 55689 0.9127622587601382
13 18 23 17 34645 0.9253963614326027
14 11 0 29 82594 1.0608746441100014
16 19 23 23 31051 0.931176685547797
21 23 1 5 86029 1.087936936840097
19 18 21 27 56062 0.9274004482831626
23 11 4 8 76195 0.900542136210991
17 11 25 24 59433 1.0135437924880564
25 8 20 13 44237 1.0920620575673161
0 4 13 7 52873 0.9753369982574442
2 4 26 13 68809 0.9545513132227178
28 11 14 8 56606 1.0044726581916334
16 1 4 27 75105 1.0458456592700407
25 10 3 2 60879 0.9679661898056603
6 23 21 5 80945 1.0126633187989436
10 8 27 8 57599 1.0760317874798273
25 3 7 16 58289 0.956362707695315
11 11 18 0 66012 0.9498574963045631
24 29 7 9 70973 0.9525964133181576
25 3 28 22 44940 1.098152577518174
16 4 23 21 62025 0.9415433773774918
25 20 9 9 61883 1.0737511110627578
5 22 23 3 72467 1.0538749037333022
18 10 23 23 63228 1.0843533792917792
10 24 29 15 77105 0.9504514130456493
15 28 24 23 47045 0.9288764076451111
16 3 19 12 51366 1.0016779936985376
21 27 12 23 50907 0.9683359739216247
2 18 29 25 75237 0.9902654891629828
14 17 9 24 44334 1.077331970555308
24 22 10 28 66713 0.9001221484884282
12 20 3 11 41577 0.9715728207714294
1 5 29 21 91270 0.9844358741830583
14 1 2 5 43760 0.9243736094549387
5 20 16 29 50135 0.91182977460929
22 15 20 25 57635 1.0707023088887477
28 8 17 20 42268 0.9176067545463723
4 0 0 7 22289 0.9505591871455739
15 1 5 8 39089 0.9706520049367364
26 22 14 12 67668 0.964412050372643
11 27 4 22 41220 1.037505921161166
28 20 28 0 50554 1.0282475386840817
25 22 2 6 87103 0.9140717741982036
13 25 20 29 47821 0.9239181421346719
16 10 11 15 54127 0.9303514079544559
20 20 25 3 40690 0.9308860713553935
19 3 3 19 71016 1.0560983529134664
19 7 6 9 55594 1.0238074459668374
4 3 19 21 67781 1.0435177794943418
17 18 14 6 63929 1.064492077782256
10 5 25 1 49620 0.9272208223668262
10 29 13 16 52434 1.0794043040033898
15 9 13 29 90254 1.0215887922845734
17 23 9 25 33049 1.0471375258322202
18 21 25 5 45852 1.0537865642461148
5 22 23 21 42698 1.0568577267188088
29 1 20 14 63999 0.9973641509275176
29 7 25 28 54166 0.9757627020085473
1 13 20 14 86758 0.9582948858657234
15 4 6 17 46436 1.044068994408539
4 5 5 23 44838 1.0491738816837832
22 29 0 0 106417 1.088555944255528
7 13 14 0 46511 0.9798191412910773
28 16 7 9 65913 0.9541300277222226
19 10 13 20 56075 0.9121763527437294
3 4 19 23 73713 1.0921492333450915
0 8 13 27 83528 1.0260804743897904
5 17 22 27 70469 1.0752354703837343
9 28 22 3 88513 0.9634891078002032
26 5 10 2 34025 1.046395654878801
23 18 25 8 27596 1.0468756167759057
9 26 2 21 41896 1.0257974069325937
18 25 20 1 81593 1.0415608610266793
26 29 29 5 48979 0.9456382374112843
11 4 28 3 52429 1.048139500319541
8 20 14 3 52257 1.0126333500698625
22 17 7 16 46122 0.9915120025823904
6 23 22 10 75115 1.0858645674372758
2 28 29 4 101214 1.0023902004641285
24 27 29 11 52013 0.9066967608698774
26 27 22 3 53289 0.9081674928923084
1 5 22 13 99351 1.0282221336992932
2 14 29 27 92809 0.9351634715815518
7 25 20 28 56607 1.024636861940595
29 16 8 14 66278 0.9185092122910001
5 7 8 26 50261 1.070015808467639
2 2 22 14 85266 0.9039722474081795
16 22 18 11 52847 1.0927375979602238
18 24 0 7 73367 0.9768457493489119
29 0 23 29 71324 1.0478935587261287
18 16 28 10 44499 0.9573647052879442
16 9 3 5 56913 1.0256681818170679
19 0 8 13 61856 1.0149923698657803
18 20 12 15 37676 1.0484293545723484
16 5 20 13 53833 0.9036773883437048
2 29 1 16 32351 0.9789616317915986
6 2 27 27 80938 0.903723750735544
8 17 14 26 53998 0.9437593601600529
8 7 26 19 63999 0.9627907268636159
4 19 21 12 78084 0.9901330894992051
1 6 4 15 39070 1.0621150545503428
4 26 18 20 38638 0.9440941232877118
16 17 7 3 49239 0.9155893741201647
26 1 1 6 65967 0.9007958734465833
19 9 14 19 65466 0.974251616858435
2 16 25 6 82921 0.9913377122257305
11 23 29 17 57368 1.0319160909565102
14 2 9 28 67398 0.9054648066761413
22 10 6 10 71595 0.9490906543326721
11 22 17 13 51800 0.9674301425611954
19 28 17 1 90963 1.00871670109654
23 15 0 7 83412 1.011128157220423
21 11 6 18 79887 0.9038367465562441
14 12 9 3 65821 0.9346280589934716
14 6 2 15 73547 1.0177915846856997
21 22 23 6 56643 1.0482883903860465
23 18 10 9 72115 1.0164817644582969
9 26 13 13 74052 0.9925027704855556
5 1 12 4 24296 1.0275142654453555
0 8 12 9 47236 1.0396819183809662
20 26 22 11 78781 0.996178525128444
6 7 20 28 89812 1.0648731017376523
14 28 9 9 76634 1.0596716932279677
24 24 11 28 67860 0.9374150042873988
23 3 29 17 39763 1.0583859348081102
15 20 24 23 29329 0.9681833817169414
16 21 21 13 53323 0.9959459221308847
9 22 25 27 57535 0.9769142252168872
6 21 17 4 61308 1.0705609426232936
25 11 8 22 60348 0.91830805707891
16 29 12 16 66479 0.9955539263272529
15 21 18 2 68958 0.9775990102217834
23 25 15 19 40240 0.9139235824155963
4 2 13 16 49342 0.9208481067176815
10 27 22 14 85451 0.9984750152347076
9 14 21 25 74544 1.0987551161540194
2 14 9 27 55695 1.0281152433593834
25 20 7 17 37819 0.9132641756835461
25 1 25 14 27979 0.9090989440492934
0 6 25 12 78064 0.9873054995612145
15 21 7 26 31259 1.0735348383642704
24 1 14 10 60061 1.0141664394737429
18 3 9 1 26450 1.0030417061753911
29 14 17 27 67664 1.0477277940762522
6 5 28 9 68181 0.9906395888221715
11 25 18 14 68204 1.0062600823718115
21 19 10 24 50842 0.9369296766538355
11 8 2 11 42648 1.0224700803169648
14 24 4 21 38404 0.9272447992641246
8 9 22 5 60389 1.022014112405587
5 10 25 9 72426 0.9507657006286575
0 9 5 16 29172 1.0492874070945362
17 19 28 19 30327 1.0323171427322189
0 9 20 11 88819 0.9876562746333383
28 10 17 5 47209 0.9777956851879852
0 24 5 13 34716 1.0051764293940546
8 11 25 22 58999 1.0092939791230517
17 0 7 4 30320 0.9592630853371162
2 29 27 21 70926 0.9477128548784076
0 7 15 1 46442 1.0566740010227251
25 2 18 22 53165 0.9132563411252165
0 21 15 1 66449 1.0430904944104924
1 22 25 26 70659 1.0300262499447062
1 0 29 19 99165 1.05235058835614
0 15 13 15 50512 1.0986304065237575
24 20 1 17 51093 1.0824236234971878
0 29 20 23 64417 0.9711113514726651
18 0 2 10 63595 1.0354610733592515
9 10 0 21 38766 0.9283891354197998
29 22 10 18 60191 0.9076137507209966
10 13 19 18 54757 1.0022780514899448
2 25 24 1 92350 1.0945745228752797
0 0 12 5 42732 1.0509129406169613
9 20 21 8 65910 1.0252818125380574
16 28 1 13 84373 0.9898154412551012
27 8 9 11 73633 1.0114429012246668
17 20 20 5 64772 1.0870945508644945
17 26 0 19 54573 0.9334131212494645
14 16 26 18 41198 0.9896581967804109
17 13 19 23 44092 1.0344081892161654
18 16 3 2 67336 1.094668221918735
17 22 15 7 67376 0.9746274608983065
18 17 1 0 81142 0.9041831548769174
13 8 24 12 54055 0.9485344508659557
22 8 23 24 48777 0.9088517619493979
0 5 19 10 78522 0.9202136905186913
15 4 16 19 69572 1.019280992344511
23 15 3 11 79554 0.9162644160912292
4 8 29 5 73036 1.0269639230058945
27 11 9 23 63221 1.0318402896076475
4 20 0 2 39870 0.9021396005294361
9 3 12 24 63175 0.9676863320687228
26 16 0 24 59252 1.0507267558911941
11 15 7 4 39021 1.073115511919781
10 9 24 7 57051 1.083607591428935
2 28 14 11 86894 0.9853427626270914
6 12 12 6 41831 0.9267513643713674
15 29 16 2 88829 1.0150205039694267
19 11 17 19 41347 0.911176981293366
2 12 20 2 64090 0.9966360703667672
0 26 28 12 79801 0.9956795770109416
5 27 15 23 38315 1.0321436660902452
2 27 24 22 72258 1.060204625588672
27 26 26 2 44836 0.968292103034763
15 29 7 22 39219 0.9542174567206175
27 5 20 24 55629 0.9961130197455095
29 20 6 12 58172 0.9383490681723258
12 22 20 15 52141 0.9198332000390917
17 25 2 2 77542 1.057505714729801
22 29 28 9 56812 0.970865862098315
6 28 20 7 89460 1.086917690594676
4 6 1 20 37724 1.051897496644827
9 9 5 17 29946 1.0485478013352798
2 8 12 0 49740 0.9616605898477618
8 16 27 13 60551 1.0419623039316392
1 12 18 21 57470 0.9018186973160159
27 24 4 10 77676 1.025328286121435
14 29 21 13 88536 0.9441224743626363
5 1 20 12 80535 1.001445527584806
29 17 6 11 67634 1.0110358139570481
23 29 19 16 52428 1.0602790444814587
5 18 16 26 58945 1.0761174972341547
22 19 1 20 44842 0.9400080937615858
18 11 27 28 68226 0.9072992778249667
2 22 5 1 57337 1.0929863582661372
1 2 24 22 81615 0.9270533930947294
9 11 27 25 72632 1.0730898505782194
20 11 0 8 86503 1.0399504506956625
13 9 23 3 56106 1.0524036574190738
6 25 6 10 36468 1.0405256409329195
2 19 27 0 88966 1.018265062875299
12 25 16 16 54736 0.938420952250181
10 15 4 9 41827 0.9794964724616786
29 22 25 15 32056 0.9694123276391099
2 25 18 19 51225 1.035975930910301
9 6 7 24 46210 1.0978627906671132
18 6 8 18 64554 1.0676336251468723
20 6 14 17 69069 0.93254496298311
17 8 17 26 69631 1.0006124706674382
28 18 1 7 87087 1.0050776923722882
4 1 12 26 76606 0.9433045469362503
21 7 9 26 99497 0.9795187611805811
29 24 5 2 85544 0.9107753215534474
3 24 19 9 87155 1.073044776741946
5 22 13 29 39397 0.9787537186789044
0 5 24 19 74782 1.0449602142546643
5 7 29 12 84852 1.040384362816174
27 8 11 4 51975 1.061027729727818
20 28 6 10 82315 1.0144910181795666
0 1 2 11 29240 1.0623578488498626
14 5 8 18 52232 1.0261460426314684
17 1 0 16 64589 0.9847962559877904
25 6 7 4 47683 1.0908983169135218
8 5 12 15 44016 1.075414779607719
12 5 14 25 84158 0.9307020107796582
17 22 1 25 52065 1.0324589987220862
8 29 20 26 59963 1.0482488005676895
26 28 24 19 18109 0.969290810124523
4 27 16 0 82054 1.0565056346145576
1 28 8 2 62433 0.9372283012654224
28 14 13 24 65435 0.9194936178033716
18 13 27 10 53228 0.9122507869119871
20 10 5 7 65280 1.0197758512681223
29 0 22 11 56650 0.9514151171098569
22 7 14 20 58761 0.9278934240967798
29 19 18 13 56400 1.0364221895228751
16 19 1 7 65410 0.9360221585363964
23 25 17 7 73805 1.090802999741266
26 24 9 17 52007 1.0821097745678654
19 10 12 15 54998 1.0326968465814699
16 28 25 27 39842 0.9345866096985175
25 21 0 23 52605 0.9021057551027347
13 23 6 7 49798 1.0802378421345042
19 7 2 18 78979 0.9748729352581347
25 13 6 3 65265 1.0059008220334424
23 19 20 9 52586 1.0841404272497512
23 26 21 1 67333 0.9647761823355067
3 13 25 25 74957 1.0831343651104537
1 24 26 1 87911 0.9281273179297213
18 10 0 29 89449 1.0508173487572854
27 14 2 13 84109 1.0438709610727617
4 16 6 5 31537 1.023122103666602
0 11 18 15 68662 1.0188132567307022
19 26 16 15 58868 0.9893741430507439
22 24 6 26 63225 1.060634910921269
23 27 2 9 98024 0.923160793787241
23 7 6 7 60771 0.9009681852699102
12 17 8 3 42403 0.9073338440549976
4 5 13 16 50211 0.9173133862035923
5 28 1 18 33774 1.049941266302192
25 13 15 3 50243 1.075233733389277
13 19 4 11 44158 0.9977588098099291
10 29 14 7 76857 1.0892844262928134
15 9 8 24 66746 0.9741991825645662
5 19 18 21 31329 0.9005811640366379
15 19 0 14 44362 1.0647753046168977
4 27 11 15 48244 1.0581479201004638
16 24 17 5 79270 1.0737429610298055
19 6 9 23 83125 1.0952985825376451
25 3 18 15 55305 0.990894235626393
6 7 11 0 36171 1.0902845249482063
27 16 3 29 72760 0.9532922771899648
4 11 24 22 65581 1.0330472157558623
5 3 14 26 80338 1.0453790151244111
15 29 0 19 56542 1.0185821941963646
15 18 25 17 33017 0.9239386842964192
9 1 8 11 30697 1.0201231150016303
12 3 27 25 72545 1.035439279005776
25 11 28 2 23285 0.9901843948072608
9 5 11 19 47637 0.9531258398389589
0 13 29 13 89283 1.0814162299818726
21 22 5 19 45164 1.079549478469565
16 23 1 2 72421 0.9523002295786708
3 18 11 20 20721 1.0606181963812278
12 3 28 16 59817 0.9439651905181666
18 17 24 21 27338 0.976046802871157
10 29 29 10 88499 0.9746296811797996
14 9 17 24 75230 0.978142116745023
12 5 4 0 35268 0.9323811618622028
8 13 23 10 77267 0.9686457039737434
20 15 26 27 44845 1.0957992117263524
29 22 10 28 81086 0.9675695064876804
13 20 6 3 44474 0.9384450052750763
9 0 25 4 46826 1.0061136724768
22 1 1 16 76830 1.0743289209086695
12 26 25 15 70111 0.9981348649145427
12 8 24 2 51335 0.9196848038479304
26 15 9 0 62254 0.903405807132722
19 9 6 15 66569 0.9915045321012877
15 19 4 25 37550 1.0645739677424912
6 17 20 18 42290 1.013454237272383
1 15 22 5 90103 0.9235373066214302
26 6 11 12 78850 0.953955299819442
18 2 7 1 21494 1.0047910873370025
12 23 17 2 67297 0.974422672925509
8 29 21 15 70705 1.04486089709609
28 0 25 21 52168 1.0923708573377648
5 12 19 3 58792 1.0870723270345497
28 7 22 25 58081 1.065428607982938
24 10 0 22 74963 1.0616393360038114
14 6 4 25 75130 1.0347474008049442
23 10 27 25 42230 1.0825652081736692
27 18 10 24 59152 1.05932529417555
3 8 1 18 33566 0.9484276659518498
20 20 2 2 64084 0.971426330116119
9 15 0 22 35237 0.9534740113325915
6 15 16 27 66005 0.9894446656712405
21 16 4 22 54317 1.0043831955693523
7 18 19 25 50896 1.0818732365157457
10 6 25 12 72438 1.0029263763399299
13 18 29 2 69198 1.0453857949561556
9 13 6 22 33202 0.902201386406254
28 14 13 23 58918 1.0035187958091827
19 11 10 29 88229 0.9445691503096496
1 6 19 18 75949 1.0730326612606493
19 11 17 23 56478 1.0504941793700173
21 11 6 23 80505 1.0150180845050032
16 22 21 4 67828 1.0888101769689091
25 24 8 19 44793 0.9667699775775342
15 5 10 15 65156 0.9741363024521787
12 13 21 12 59712 1.0260556882864107
29 22 27 12 37315 0.9362194750792283
29 28 1 10 93588 0.9701372975751462
26 1 4 27 84478 1.0347046641218738
29 21 3 3 87611 0.9343620871780094
6 28 9 3 56798 1.0184088254129444
3 24 15 22 42458 1.0739048354352474
19 5 25 25 64207 0.924253723362417
10 22 19 3 77232 0.97615299828607
29 12 26 26 37929 1.0754180212922826
25 10 16 15 52301 0.9166745906620316
29 13 19 28 72999 0.9301256262461034
4 29 10 9 61428 1.0564251343379796
22 21 29 5 48851 1.085437910264078
16 13 5 16 56089 1.0594363425683095
28 1 15 9 64996 0.90169279423842
24 19 19 8 48520 1.0372936852317671
12 1 18 26 89632 0.9535236397497195
13 25 26 4 77540 0.9518695514663273
0 1 29 3 66505 0.9027854567927702
27 18 10 22 48299 1.0908586219115362
1 0 27 19 90530 0.9916655160917949
14 10 15 26 89921 0.9447935757139371
11 0 17 21 72585 0.912838532622819
20 5 9 9 56761 0.9319477708066897
2 18 3 29 34074 0.9575237502350348
20 2 1 19 68932 1.000796312626178
24 19 28 1 46759 0.9876725358120958
15 28 10 1 90888 0.9506350729359245
6 6 17 7 47046 0.9929864056026183
7 8 19 26 72760 0.9761925868260043
0 29 13 16 55097 1.0809869394035352
21 17 3 7 74225 1.026140055633833
23 5 11 22 77694 0.9625282337722794
17 13 10 4 54572 0.989445848368912
1 26 18 13 78810 1.0338520089838956
1 26 5 17 34437 0.9674002001313251
17 2 22 18 51944 0.9726878312176758
4 15 25 9 74099 1.0680947523655888
29 7 3 0 77245 1.0262280794710454
28 10 7 6 61983 1.0104139456351302
14 13 7 1 64937 1.0564217895375145
8 25 21 24 51348 1.0687392066886061
10 29 17 13 69754 1.0048953160244916
17 5 10 23 71589 1.0061215035322881
16 15 0 0 77859 0.9317956905949654
21 24 25 14 40215 1.0561718885045037
14 9 25 26 81792 1.038079857141553
24 28 11 21 54472 1.0476909453027323
2 4 29 4 64578 0.9362559939572355
7 23 14 27 46630 1.0915629648836314
13 26 7 12 55965 1.014533964433594
11 7 23 4 55745 0.916514280040743
24 6 5 26 85417 1.0923321897510192
29 19 19 12 66834 0.959893463167425
10 13 18 4 64234 0.9493621622138135
5 11 10 29 51926 0.9608657092519157
3 18 18 15 53766 0.9125510152835813
21 1 25 25 55959 1.0722802059089878
15 27 3 6 96988 0.9049331205518253
10 10 25 9 65097 1.0668238314696388
26 23 0 13 63625 1.0429159556939824
4 20 23 13 60451 1.0932179615051993
17 28 13 19 44448 1.077816548896233
21 2 8 9 42055 1.011818333597671
29 7 24 26 59093 0.9698192311779817
4 22 18 16 45127 0.9115406626966974
12 23 28 20 43803 1.0133757745123328
12 1 12 28 82407 0.9194641775294956
17 3 10 28 80406 1.0709141122959434
13 0 22 13 76472 0.956281453113733
3 14 12 10 48279 0.9641814082860894
12 8 25 21 70916 1.0001715103469093
27 3 26 29 47587 0.973789604752729
1 1 4 27 63499 1.0171308156276557
27 27 23 11 47062 0.9374723927185671
13 3 13 15 66949 1.0044015534278083
10 28 23 10 91212 1.0292090155662676
12 12 0 9 64161 1.0597941743203878
26 4 11 2 30189 1.0439621509415047
18 3 19 26 93645 1.0414655127331807
13 24 25 27 52051 1.0646099204899013
21 8 2 12 78119 0.9018754753296953
1 27 23 24 73779 1.0681890503444398
21 29 18 12 77475 0.9856702045605696
3 27 20 16 68919 0.9316325642402575
11 25 25 14 71534 0.9837193408383241
15 19 4 28 43929 1.0167826338530301
3 25 3 3 58821 0.9057715355027991
16 11 27 8 52933 1.023577116501154
17 29 6 22 50965 0.9887839959942568
28 23 13 18 44136 1.0429936458666087
0 28 16 0 87334 1.0807691966092183
10 27 5 10 56339 1.0218278457869814
25 23 8 20 38329 0.9200004875067508
20 28 14 3 94786 0.9343719868251729
1 19 23 7 80541 0.9724182623298532
21 26 3 15 82566 0.9756918548699611
8 22 2 27 36662 0.958528331064647
29 14 18 21 44410 1.082334153472955
10 23 23 19 45152 1.0862242164430347
17 1 0 4 41142 0.9599661827984087
12 18 2 26 53893 1.0763734426971916
19 25 27 18 48678 1.0918819411512906
26 1 24 9 21891 1.073247531025676
26 3 6 25 75000 0.9316810375460036
14 0 9 7 49538 0.9024911974755556
7 23 18 17 36349 0.9117300965571735
10 28 5 10 54870 0.9123650399022613
28 12 0 3 77928 0.9164241799884962
9 19 23 8 63725 1.0842850376951008
24 6 4 25 82914 0.9388062332832279
4 23 19 0 79540 0.948376036059143
17 25 5 22 42542 1.0732715964407293
25 25 3 6 86967 1.0380576961919026
13 5 19 13 60997 1.0427803891272251
4 18 14 19 29817 0.9456328100361926
17 20 28 15 37928 1.097161995991991
4 11 13 21 44056 1.0333765050673756
5 28 23 27 67976 1.04748070576424
23 3 25 26 51504 0.9233916622049341
11 5 28 5 59744 0.9932523854489616
11 24 22 15 70310 0.9329361440239111
27 0 1 20 83156 0.9044378291652676
24 16 2 19 61584 0.9495805601352831
0 21 20 2 67201 0.906159285832556
17 0 9 17 57382 0.9908301065855867
17 13 7 8 52719 0.967545887632739
15 3 7 16 44715 1.0754254442759474
5 3 16 3 31027 1.0954272700581191
28 5 26 14 21343 1.0322125161048024
13 6 26 8 55973 0.9752232296412121
9 15 16 25 60803 1.004406605743543
12 0 29 1 52262 0.9547487815779755
20 23 2 12 73965 0.9828394940928549
22 3 1 0 58705 1.0048256123093697
16 1 9 12 51739 1.068417087024341
19 29 23 10 65452 1.0476191439844145
14 11 4 13 59541 1.0047927918576984
20 14 25 27 57112 1.008023961349463
8 28 22 12 83324 0.9867547583703323
6 7 3 18 37286 0.918587455028348
3 28 24 6 93949 0.9278517833287201
24 3 20 28 72549 0.9163967325378426
27 23 23 9 38247 1.0025865265251255
29 23 21 13 52565 1.031948497944787
23 24 1 14 72065 1.0360756366171753
18 15 19 6 45756 0.9837708232498005
29 12 0 26 85248 0.952674532954339
4 16 20 17 49141 0.9733463851335793
25 2 6 19 65930 0.9848229306820273
16 10 9 21 63119 1.0179370428928471
22 11 4 6 82422 0.9461623602493135
24 21 13 7 76764 1.0475907016957593
24 16 13 6 75096 0.9414565464091325
11 10 27 22 75827 1.0638561046983148
28 19 14 5 75013 0.997883422978656
6 16 14 14 40993 0.9114864606248468
3 14 24 23 68700 0.9840967807472033
24 25 21 8 53211 0.9042405490296843
28 13 3 12 87478 1.0267937292198193
5 15 29 18 62803 0.9291034788105481
6 23 0 2 51568 0.9494428321223434
12 22 26 8 55023 1.058468370707453
23 2 0 27 83570 1.000661606454081
6 27 9 13 42308 1.0068092335323806
23 11 0 22 78033 0.9258676126608305
6 5 27 26 79926 0.9254193524496888
12 8 7 24 43924 0.9706635685195519
8 27 24 0 86844 1.0752279735299441
12 19 17 25 33742 0.9925678276233723
2 17 29 21 65317 0.9211263141699729
15 24 0 17 51852 0.9558530571619159
6 2 6 29 52789 0.9172224870809276
13 26 5 7 73684 1.0830243599922345
1 14 19 27 83957 1.016254900103965
5 16 10 22 30491 0.9871439211556894
9 1 2 11 48764 0.9434967606244623
20 16 0 24 60445 0.9716026566442025
28 27 11 10 89644 1.0911621837366918
15 0 3 28 87920 0.976117870266475
12 10 2 2 45600 1.0103708761693984
1 18 4 27 28018 1.026547515562688
3 3 25 3 48363 0.9754210540987736
5 27 15 18 50116 0.9639464218975475
22 10 23 24 50330 1.0320590969239247
25 13 5 13 72810 1.0812552082882094
6 11 18 16 48095 1.007593560239474
14 10 8 1 49508 0.9563777960418277
29 0 10 3 57170 1.0360608699556053
15 4 1 17 60764 1.0085379820050484
6 9 10 1 29536 0.950373047763191
28 11 11 14 80545 1.0869883883277702
28 10 29 29 47997 0.976305215281418
2 24 27 14 72475 0.9442727611916442
11 16 2 19 36208 1.0344787999118947
11 11 18 2 57453 0.931784934566012
20 16 27 0 53411 1.099426563876069
8 17 25 18 45768 0.9044320920186952
0 26 17 27 65108 1.047777824376075
16 0 23 3 29889 1.0712040031914793
1 4 0 18 29660 0.9753002745714574
1 5 18 14 86221 1.0567082246900497
12 24 1 9 65312 1.0766468945355416
22 14 16 23 52660 0.9477863732618883
28 29 2 0 106511 1.0562592244354638
2 1 15 15 74053 0.9638774482742662
27 25 17 6 70159 1.0575665139638437
12 18 26 9 54317 1.0379629934512928
13 22 6 14 39722 1.0410734853320909
23 10 12 23 70152 0.9354990580667739
10 3 28 16 63526 0.9043308082552227
9 10 22 11 66069 1.0118536345709828
19 1 4 13 63313 0.9149568144273023
5 13 17 26 63298 1.0087085164629834
24 18 18 5 54586 0.9818685873030555
12 17 29 29 64434 0.9063280359457233
4 22 10 29 31317 0.9856750967189415
14 19 24 23 37914 1.0409201840169322
3 13 24 3 73580 1.045564724313016
11 3 7 11 29257 0.9820920959481558
11 7 27 12 69797 1.022027379075665
15 29 26 4 73389 0.9960601945357498
27 13 22 29 41506 0.9837450198435054
0 14 2 24 28614 0.9452806430773586
9 6 20 23 76388 0.9974219901316899
29 9 26 20 36598 1.0597749606648
20 12 24 0 62720 0.9307917273437856
9 14 27 7 78691 0.9763328853190745
19 6 28 23 67160 0.9678006731316764
6 24 13 20 22660 0.9984576619145226
19 2 3 25 73230 0.9380210956049915
20 28 25 7 63241 0.926421398414056
17 1 25 6 29931 0.9137624069782929
5 3 9 17 35775 0.9808937578061045
24 15 0 20 61799 1.0865995652899574
6 2 18 21 56608 1.0560432566414195
9 2 2 26 67692 0.9358438626351646
10 6 5 15 44770 1.0575048473105615
29 16 3 9 87588 1.0285211512549934
6 4 29 10 67556 0.9732613412895282
11 5 3 21 54202 0.9981459555990204
15 25 25 13 62523 0.9947927942212386
27 3 3 2 52345 1.0958699445444577
10 28 29 1 102939 1.0461687558099533
19 19 16 29 46974 0.9910971847841384
16 26 21 15 65002 0.9917496503112325
8 5 19 4 36016 1.0549124946340185
24 5 2 28 97612 1.0896907830644653
6 17 27 2 63744 0.9898966343585434
15 13 0 18 70260 1.0594744826924556
8 2 8 23 39888 0.9867512977763401
19 21 5 7 60629 0.9599695190643094
1 11 18 5 70133 0.9935316527186133
7 0 15 16 52651 0.9167042010501122
17 4 13 20 64646 1.076333550916827
26 1 17 25 64528 1.0139021958731633
26 19 7 3 61811 1.004919967295956
20 14 2 26 87877 0.942481036391507
12 8 3 18 44879 0.9535315875036968
23 20 24 6 37479 0.917976443786552
22 1 14 8 48895 0.9953293854903059
18 9 2 20 69941 1.0988553783551753
6 7 23 12 77263 0.9684385549740708
18 6 0 16 78604 0.9154885690994138
5 8 0 23 44027 0.9769367511688035
8 27 29 22 71584 0.9391483285065876
20 8 22 19 53264 0.931951746246241
27 9 14 16 57284 0.9297109678947816
19 3 1 1 49383 0.964678696867716
8 26 15 14 66944 0.9424166979631454
10 13 28 4 81214 0.901044891991125
10 3 25 28 79842 0.9495730134753376
29 22 17 19 38828 1.0010686349807252
29 14 17 24 56206 1.0411028499273767
19 4 11 28 93768 0.9724776745459432
20 7 11 27 106661 0.9160757559498897
25 22 6 20 40131 1.010486270246036
2 21 11 1 60115 0.9999908294639812
10 19 1 23 29249 1.0931044193255968
9 1 25 7 49722 0.9289936389865896
10 1 3 9 38735 0.9657388273804502
6 2 2 20 40974 1.0597658312670648
18 16 3 12 59351 1.0616694837813478
5 19 15 6 65438 0.9544128456648853
22 15 3 10 83912 0.9049582508678016
9 19 19 8 68896 1.0161205732981868
