8576 6487 5700 7792 6487 7323 7625 8685 8329 6484 7117 6424 7557 8556 5773 8910 8911 7415 7354 7097 7190 6036 5710 7678 6261 7020 8365 7553 5911
3404 5409 3183 5372 5833 4636 5768 4359 4173 4555 6515 5320 5357 4034 5990 6531 6133 4633 3093 6222 6056 6115 4182 3756 6025 6470 3437 4637 4872
2913 1355 3591 2539 1240 1668 3623 3646 4224 3170 4599 3186 3228 1285 4447 3186 1244 3470 2588 2216 2543 3482 4619 3065 2983 2128 4244 3632 4072
3635 2739 1766 2202 4587 3081 3220 2468 3706 2635 4250 3097 2093 4282 1901 3572 1552 3392 5086 4845 1721 2527 3572 2817 2998 3745 3028 4528 1687
1783 4592 4410 3443 2537 2190 1446 1271 3622 2784 3277 3962 4370 1994 1602 1466 2028 2138 2572 1174 1570 3867 4534 2530 4623 3694 2567 1449 1796
4777 4465 4669 4184 3660 5231 2914 4620 5378 4108 5517 3245 5231 4327 3308 3726 3968 2559 4852 4409 5394 3372 2718 3232 2728 3509 4701 3362 5703
7012 5894 4609 5451 4127 6274 6002 7097 4289 6324 5760 6589 6683 5355 6292 7302 3937 6946 4608 4396 5698 6439 4295 5148 6930 5120 5309 4104 5739
3806 3690 4992 3859 3948 3729 4189 3750 2315 2760 3840 4124 3478 5209 5692 4745 2849 3634 5669 3632 4234 4101 5472 5749 2275 3979 3414 4711 3779
4138 4732 4412 6142 6576 5685 4059 7536 7436 5938 6553 7142 4371 6202 5914 4295 6808 6946 7116 6441 5234 5313 4266 6289 6704 5270 5911 6364 6076
6629 4937 6018 6440 6425 3719 5509 4592 3303 6151 4071 3822 3587 4596 3496 3456 5344 4596 5669 6464 4440 5561 6679 5819 5388 3250 6544 5365 4571
5345 6646 6217 5583 6482 5845 7217 8209 5972 8579 6356 8114 8483 7527 5385 7173 6161 8447 6542 6936 5826 7586 7018 7872 6081 5994 6620 6653 8561
4105 3999 2864 4062 5856 2539 4727 4447 2839 4001 2914 5708 2590 5222 4379 4333 4985 4677 5801 3068 4180 4715 4936 3975 5744 5797 3478 5262 3299
4243 6395 4521 4598 6747 5155 4225 6638 6795 4460 6915 5392 6653 7146 6173 4863 7397 4461 5599 7057 6259 4745 7113 4326 7452 7500 7477 5755 5829
6346 3866 3582 4386 4686 6031 3403 4588 5918 5712 5892 6332 6143 4120 4452 5031 6462 3469 6609 3323 3382 5939 5698 4687 5801 3575 6010 5826 5739
6734 6787 4409 6937 6786 5624 5578 5760 7417 5404 5260 6176 6896 6041 6423 7096 6771 4839 4763 4502 4383 4080 5829 5699 6977 6223 6200 7562 5652
4822 2897 3357 4065 2149 1784 4075 1412 4262 1534 1893 1766 3352 3449 1692 2912 2461 3301 4175 2836 2258 4263 1666 3647 2789 4485 2583 3543 1757
8389 7915 8299 7366 7348 8204 8743 5194 8311 6028 7367 7527 6729 8055 6744 8485 5292 6119 7193 6739 7907 7869 8223 7100 8483 6193 8557 7223 6072
7009 5091 7260 7459 6112 8429 6098 7694 8457 6511 8519 6817 8110 7475 5231 7883 8326 8202 6244 7586 7685 5138 8236 8157 6149 8382 7068 7789 7355
5342 3497 4569 4882 5199 5412 3240 2266 5289 5089 5229 5173 4932 3672 2471 4404 5163 3621 4878 4866 3478 2741 2162 2758 3452 2494 3077 2586 3424
6111 4680 3393 3929 6387 4278 5490 4600 4582 3156 4950 3849 5917 2934 3877 6121 5262 4717 6281 4629 4854 5358 5483 2979 4558 4851 4965 5335 3901
3133 3763 4452 3547 3397 2445 4023 2439 3080 2090 2186 1835 3230 5205 4224 4895 2815 1986 2341 2422 3570 5127 4281 1681 2273 4388 4250 2709 2278
6463 8195 6635 4912 5167 5911 4980 5848 5499 7832 5458 8251 5962 5463 7058 4960 6438 6453 7117 7935 5215 4976 5231 8118 7784 6916 7464 5591 7528
4615 5577 5830 4601 3327 4966 2816 5960 3017 3122 4944 4709 2691 3662 2825 5901 4096 3640 4408 5355 3509 3406 3371 3108 3001 2636 3257 2797 4140
4669 6125 5616 4445 6845 4918 4343 6301 5465 6141 5904 6434 6746 6183 4319 5572 7021 7159 6141 6551 5680 5287 6836 5461 5996 6619 5343 4436 4246
2697 4517 3960 3608 2975 2276 4006 4758 5119 5141 5227 4640 5059 4367 4505 3434 4443 5398 2380 3631 2998 5599 3341 3805 4060 4458 5060 2617 5513
2718 3781 5134 2467 5204 1930 3783 2056 1891 2708 3196 2338 4316 3088 2093 3335 2367 2256 3375 2009 4296 4030 2065 3262 5161 3483 4646 2431 2712
6817 6405 5204 7392 8002 4953 7574 5243 7268 6056 7527 6107 8519 6912 6222 7489 6645 5348 5571 5706 6806 7372 5435 5702 6013 8067 7253 6661 4988
5103 5336 6713 7456 5372 5594 7293 4947 7578 7257 7751 6736 5362 5730 7494 5280 7502 7664 5754 7585 7750 7661 5664 6247 7306 6812 7951 5922 4821
4566 3844 4995 6177 4209 4900 4204 4465 6550 6512 4871 3562 4902 3985 5716 6310 4626 3638 5428 3797 6582 4549 5942 6360 3661 6003 5763 6534 3641
5714 5452 6911 7475 5359 7351 6516 7960 5921 6867 8280 5931 6048 7530 7431 6436 5441 8484 5556 6040 7154 5761 6065 8372 7992 6455 8383 6282 6386
4265 3243 5463 6188 6496 4525 4598 5872 2851 4986 3829 2444 2946 5771 5098 5114 4619 7181 2675 4553 5073 4470 3946 4820 4639 3858 2310 2472 6754 4758
6643 3477 3287 8261 5602 3603 6086 5765 3105 5503 4130 3350 3176 5476 6592 4670 4206 5705 4003 3124 5295 6225 4558 4279 2273 3988 3880 5175 5191 5031
5102 2009 3525 7104 8628 1970 5600 7509 4993 6486 3887 2463 4970 7007 5018 4469 5539 6755 4762 5008 2808 4925 4169 5972 4568 4976 3689 3191 7353 5960
4476 3057 3139 7065 5249 1549 7475 8778 3802 4515 4705 3661 6067 6506 4955 2564 6588 8190 2011 5094 5133 7659 1629 7053 1584 6582 2282 2081 4940 5984
6452 2656 5022 7213 5458 3525 7520 6790 3514 3470 3900 5322 4066 6007 4108 3413 6316 5969 3171 5361 3772 6296 3279 4542 4333 5012 2638 2899 7285 6330
6970 4646 4994 5439 8075 3561 6090 8049 3991 6322 5214 4116 3353 7009 6431 2363 4112 6274 2572 4143 3931 6297 2301 3833 3832 3816 2727 3978 4870 7298
7195 5313 3860 7619 6769 2015 7817 8104 4909 5999 3784 3075 4856 5154 5264 5396 3866 6371 3720 5983 5174 7618 3669 3805 4452 5745 3509 3969 7518 5174
5006 4724 5326 7829 6515 3937 6686 7835 4786 4340 3714 4931 2751 7194 4476 2301 4663 4849 3448 3052 2999 5488 1412 3807 3893 4429 1481 4614 5325 4792
5425 2806 3746 6780 6435 1723 8046 6745 2704 5231 5975 4616 3387 6523 4490 3297 4688 8238 4847 5960 5195 5565 4168 4492 2464 6552 2076 3342 4878 6036
7103 2525 5549 7388 8254 2673 7511 6155 5572 6135 3944 4952 3479 5205 4617 3980 7156 6298 4335 4233 3263 7494 2098 4918 2573 6200 3269 5033 7179 4231
6524 2593 6066 7648 7419 3891 5655 7841 4033 3394 4261 5311 3797 7971 7385 3136 4536 8278 4188 4506 2354 6746 3687 5890 2731 4329 1457 2788 7173 5222
5465 3840 3868 5842 5440 3548 4898 6270 3960 5516 5586 2564 4600 6632 4991 3517 7440 7235 2187 2861 3591 6999 1505 6138 4780 4362 2617 4136 7302 4487
5233 3327 3881 8263 7507 1635 8134 5691 5808 5979 4910 4342 4283 6741 5758 4904 7207 5431 1875 3995 4282 6447 3999 6420 3227 4129 3643 2552 6474 6668
7107 5179 6064 4878 6968 3521 5622 7643 5723 3744 4825 4155 3168 7315 5443 5101 5580 6640 1889 4451 2739 5526 3468 3731 4755 3897 2665 4685 6469 5550
7455 2744 4102 7579 7452 1281 5214 6193 5875 5283 3792 4038 6079 7187 6298 2716 4089 7507 3562 4940 3999 7186 1990 3790 4252 6388 3040 2039 5931 7087
4231 4107 3593 7970 5562 3895 7452 5349 4733 4739 3799 4119 5644 5867 7337 2665 4692 5555 3711 5560 2021 6087 2961 5757 2562 4074 3538 3949 4941 7138
5741 4442 4872 6022 7007 4015 5475 7031 3819 3549 6195 4547 3559 7520 5492 2263 5007 4994 1898 5801 2521 5075 2727 6803 2695 5239 3587 4901 8059 4787
7115 4604 5764 6761 6534 1989 6770 7179 3896 3799 6056 4710 5809 5125 5762 4759 7326 6900 2281 3436 4082 5218 4370 5660 1467 5890 3385 2117 5647 6602
5832 4468 3635 6573 5964 2838 5386 8645 4637 3811 3447 3187 5045 7114 5673 3245 4962 7398 2862 3148 4099 6180 1829 7047 4479 4949 1388 2044 7140 6442
5291 5067 5072 7841 5165 2486 5856 8163 2858 4891 6093 4221 3359 7700 4429 3337 4409 5598 2304 4568 3289 4285 1427 6945 2675 4898 1994 3030 7790 4315
5283 3534 4171 7238 7520 2947 5106 8641 3174 5154 4328 4770 4000 5539 7391 2098 6339 7596 4772 4192 2159 4510 1988 5914 4231 4457 3138 3080 7961 7101
6374 4842 2910 7977 8336 2452 5103 6781 2884 3069 4214 5146 3719 7060 5123 3802 6767 5332 3410 5483 2437 6887 3675 4277 2329 3541 1768 4996 8128 5723
5674 1837 4263 5648 8346 3851 4664 8744 4734 3187 3796 2920 6021 6112 5624 2980 4948 5574 2590 4984 3754 5466 2177 7010 4192 6395 4565 2977 4802 6820
5897 4873 5036 4776 7955 3836 5157 6407 5916 4973 3235 5069 5054 7224 7395 2813 5179 5771 2985 3798 5002 5431 4514 4081 2943 6374 4603 4745 5701 6330
7645 4221 3008 6572 6960 2063 4676 6219 4998 6314 5865 2515 4263 8260 6816 4825 4385 6338 3410 3834 2975 4175 1768 5570 4447 4001 1701 2094 7828 6624
6009 2992 2961 7691 7362 1835 6909 5232 3126 3984 6399 3555 5286 5993 4421 5345 5659 6954 3357 4095 4916 5435 1629 5071 4935 5187 4640 3508 6927 6269
7748 4181 3996 5330 6908 4125 6417 6057 5172 5638 4984 3489 5240 7532 7430 4220 5546 5383 3912 2637 2155 5334 2267 7165 1396 3439 4357 3158 7921 6975
5720 4529 4677 7633 6840 3961 5471 8747 2946 3067 5243 4873 5081 7594 5339 4144 7382 4800 3717 3505 2003 4744 3594 5062 4705 6039 3625 3164 5094 7404
4299 2194 6213 7980 6909 2516 5397 8672 4471 3645 3471 4515 4334 8491 6843 5256 4332 7630 3801 6145 5008 5634 2930 4715 2607 4249 2719 5303 6374 7526
13 9 26 27 87771 0.9934435892755332
1 10 26 24 109218 1.0346776664579955
13 1 17 27 90993 1.0127549789842383
11 22 27 12 80089 1.0563917278466668
3 20 1 8 42756 1.0433965206037117
8 20 24 22 55876 0.943059263663592
15 1 1 0 52300 1.0582264370214232
24 22 2 16 75447 1.0527715931655641
7 10 20 20 72659 1.0235056920536922
17 6 0 19 95209 0.9023765043089249
6 3 0 24 77495 1.0878161891427927
15 0 15 25 72817 0.9758935935007295
14 22 2 28 52603 0.9501331415331427
2 5 14 21 78518 0.9826803428345889
18 5 17 14 45277 0.9924280417164578
14 27 21 19 42107 1.0982021466642335
12 16 5 1 76422 0.9917676335568323
6 0 22 15 97087 0.9241619518260564
29 5 14 9 59625 0.9421742801814336
4 10 16 6 51859 1.0986174124204362
28 28 23 14 68265 0.9113295725399586
9 22 17 24 27317 0.9315084255726587
15 15 9 24 47383 0.9167376338244648
16 23 19 0 91048 1.0584552061491221
10 24 8 14 54083 1.0226832961780943
11 6 13 18 51868 1.067042469528697
10 24 7 10 67376 1.088044959333165
8 7 17 9 47837 0.9021054426509567
5 20 0 29 47682 0.9445643954624411
21 4 25 10 29737 1.0540202771751515
27 5 17 25 84941 0.9198688475534763
27 24 6 22 65090 1.0323551681529968
0 5 7 15 49337 1.0232065725854846
26 23 17 0 105909 0.9452981081961273
8 13 28 13 93597 0.9745956551962259
1 3 11 17 75281 0.9392094452127089
26 25 7 17 83429 0.9080043663829386
19 2 0 25 122504 0.9128798128707165
20 26 3 1 107117 0.9816781106641543
27 4 21 25 81879 1.0687256776528662
3 20 19 20 56697 0.9006422033687829
9 3 16 28 100493 1.0315080887611892
12 1 19 7 46223 0.9107842546892572
8 21 22 28 58553 0.9689719009801742
6 8 15 19 68999 0.9895197854905796
0 29 14 21 70544 1.0973620649513014
26 0 5 11 104351 0.9499122556680388
6 1 2 10 37424 1.093379330189563
14 18 1 21 52577 1.0261777675488617
8 5 27 2 67089 0.934060048173853
2 6 19 0 72697 1.0018375517795812
7 26 21 10 86586 1.0733048332064885
1 0 27 5 86767 1.0895219308215345
22 0 0 11 101191 0.9949549322657834
12 13 21 12 47599 1.0746553170572424
12 29 16 9 76661 1.0045529324074078
13 2 23 2 44446 0.9059057798563434
6 4 14 13 55616 0.9918210007250754
24 14 0 16 91635 0.9961749454638312
17 11 4 11 56088 1.069925429512102
16 0 22 6 47109 0.9269565466572887
1 7 15 2 55456 0.9314987593328584
1 14 9 1 68125 1.074673469015711
1 9 5 28 68016 0.9983436453463596
29 28 2 10 128149 1.0003718480516506
15 7 6 4 34210 1.0469669915969237
10 27 2 6 81668 1.0918024810012876
4 20 14 23 40852 0.988531923061753
2 21 15 21 44920 1.066467906500389
3 19 20 4 89177 0.9522688055784964
17 7 24 2 44784 0.9127081657495548
0 0 7 14 62437 1.0137167818215056
29 17 25 7 51478 0.9171104813442964
17 21 13 4 62619 0.9904216920396272
8 14 24 25 85614 1.0733057461458524
17 29 2 10 97572 0.9902347759732015
14 28 9 14 72296 1.0054663279302016
3 24 22 0 124034 1.0633791899191534
10 9 24 8 63962 0.9409075853603386
20 29 27 21 46275 0.9156281438982494
27 27 2 28 79130 0.9116989668742121
17 26 2 18 62564 0.9854828132244035
1 5 5 29 75978 0.9879346900490524
2 16 1 0 51868 1.0933353251628624
12 15 23 24 61396 0.9519323959293866
2 1 29 15 120290 1.0269486622120527
13 20 5 3 81826 0.9933336005741409
8 23 19 21 42426 1.0736048675722116
8 4 9 22 75726 0.951625157334129
2 29 10 1 105662 0.9824389975217946
26 15 10 6 81295 1.0679654423314089
29 0 0 21 153521 1.0364945965915018
23 11 7 22 81318 1.0072197901471212
18 11 7 9 52043 1.085486242948695
2 8 9 25 71717 1.0354101028642044
6 0 22 23 116293 0.9640801352440423
28 2 2 9 101484 1.0234938916457446
21 4 4 23 100514 0.9721399051686822
28 10 7 25 110263 1.0051797961309457
27 20 23 28 44426 1.0532796373398443
5 7 20 9 63140 1.0041335308901562
15 7 1 22 83367 0.9858273019595108
28 6 12 26 106855 1.0242449636002635
7 4 27 26 119719 1.057102627451881
1 1 7 19 63003 0.9987205427399074
3 5 15 22 74458 1.007752825774454
0 6 21 7 74935 1.0750348042593507
10 27 29 29 77633 0.9273302540202775
1 16 3 4 45948 1.08312263528784
7 27 17 15 63383 0.9668762484325945
11 29 23 2 121979 1.088052691933231
2 18 23 3 104431 1.062985290113966
21 16 8 17 54025 1.0588319249726597
16 4 3 18 73182 0.9394479924606953
24 17 3 6 96998 0.9717526407888134
25 29 9 14 92139 1.0960514714428382
8 4 8 29 99295 1.0427107336846841
20 18 11 10 50002 1.0489731451907482
22 12 6 15 65695 0.9639492185103928
15 19 16 3 52252 0.9099880617070707
3 0 25 25 127311 0.9681208964233605
15 28 2 10 83890 1.0274659975269653
26 10 17 18 54002 1.0684777968987016
12 26 26 0 120024 1.0289596318152927
3 0 19 16 92060 1.024861301296341
2 8 13 11 53998 1.0182595297350832
13 19 8 29 61254 1.0682456400703932
21 3 2 6 64746 1.0560981672543392
10 7 1 16 64045 1.0015398860144702
5 3 11 19 75601 0.9297690005258861
3 1 20 25 107216 0.9246333492624743
3 1 21 20 98024 1.0366926355072423
12 9 25 23 77220 0.9874956937585893
3 15 5 6 34412 1.0867311144462048
10 29 23 12 95655 0.9878841560975304
23 10 24 26 60152 1.0530044627598638
14 29 24 26 42936 1.0886324553594167
11 26 21 2 102767 1.0421452311866437
21 26 2 7 102933 0.917403320288913
5 25 28 24 77046 1.0518177404837574
26 16 16 19 43987 0.9400177882767148
23 9 3 3 76040 0.9649020861197098
6 4 21 20 82222 0.9737498190471305
10 29 9 14 79701 0.9257350615812819
6 7 22 29 119069 1.0486303988959849
4 17 17 15 48546 0.9862300363713739
23 12 29 21 53392 0.9284711121279333
9 7 13 20 68723 0.9849037576377011
0 13 18 27 89466 1.06937278820954
22 12 3 19 80721 0.9831506484207597
21 12 13 15 40745 1.087945539153906
18 2 28 14 74598 0.9096626668768748
22 5 3 23 98466 1.036128724934966
16 19 26 13 52837 1.076876285781094
15 29 20 10 69893 0.9819883169641206
3 19 7 26 32424 1.0525744225146203
27 15 22 29 62002 1.0292512324901644
7 21 3 8 51017 1.0565255905698023
3 9 14 5 42444 1.040295959910532
21 4 19 21 61185 1.0658651160408938
20 22 2 19 55791 1.0949280695402779
19 2 6 14 87313 1.0764066664692868
23 8 22 25 68092 0.9547502203700046
20 1 27 20 78120 0.9920654593758087
20 17 5 6 81951 0.995600710762784
3 9 7 15 31994 0.9160784938857894
3 18 9 13 32505 0.9988040477321597
6 20 23 23 63826 0.9467792890133536
25 15 16 28 67230 1.061361204949284
25 21 15 19 39087 0.9185376519815804
5 10 19 5 59260 1.020196193320844
12 13 1 22 65290 1.0910609226829484
26 16 0 21 101114 0.9695935665173144
14 3 18 10 42502 0.9372925126712822
23 1 4 9 80434 0.907485955376934
22 2 1 23 120881 0.9819062247221476
19 1 20 18 60679 0.9996706982585799
7 16 10 2 70446 0.9180127820110922
17 7 26 27 93457 1.0578468731992998
15 20 25 21 36251 1.0127425226262183
14 26 23 10 76897 1.005020115708603
21 23 13 28 43281 0.9014426694306923
18 23 8 27 41434 0.9774185246842105
24 7 3 15 94983 0.935505973875802
22 24 16 15 46053 1.0818626239640243
13 25 21 21 34938 0.9712596249394269
23 3 14 9 51014 0.9422649173947314
17 28 22 11 68375 0.9022392441987337
2 0 0 19 62879 1.054557014294321
9 24 9 12 59707 0.939534090969655
18 22 24 8 63674 1.084902250070769
19 20 12 14 46435 1.0006102753087243
20 12 8 26 76756 0.9419341088729252
20 2 21 14 43726 1.0158110013543311
1 7 15 16 74016 0.9031267398291157
2 12 23 22 81541 0.9275200186375222
28 29 2 15 112314 1.0124555978049514
7 7 4 28 69345 0.9315820390154824
17 24 8 29 49475 0.9293731667207181
1 26 2 4 67669 0.9643822247721378
16 0 2 20 96558 1.0558480494680373
26 24 8 20 67906 0.9865532461791786
10 17 20 29 66282 0.9104363393269328
23 3 22 29 93258 1.0536321083472868
0 6 6 16 53640 0.9420815614076723
10 18 12 26 45021 1.0635589719588863
24 8 16 1 55924 0.912504114243609
8 20 21 23 50741 0.9827498315932592
17 6 22 24 74070 1.0918429392933027
22 19 4 20 64612 1.047889973615046
9 29 26 11 106525 0.9448397194879421
25 23 13 9 71241 1.0954571800472057
10 18 9 29 61285 1.000668887561654
4 5 29 7 87986 0.9638148920251253
21 11 20 28 62002 1.0120004740280104
6 24 15 3 89078 1.0587327786509646
0 28 12 17 77151 1.0313822021578198
9 1 9 15 66543 1.0560412907166206
3 18 13 28 57171 0.9460540219496494
20 18 28 8 55999 0.960580105745131
28 11 3 27 115486 0.9686899299050209
27 0 21 19 83095 1.0723139708607874
7 9 16 13 49652 1.0636061071696694
9 0 3 5 41125 0.9740778228055398
24 17 8 2 96460 1.094187506303737
19 9 21 26 62578 0.9611425752624365
8 3 18 24 90452 0.9480668279377682
3 15 9 22 32208 1.0207698403348018
17 19 8 28 62278 0.9640191417692738
16 21 21 6 69036 1.075398844768008
14 7 13 26 66051 0.9977305627404042
28 23 7 16 84035 1.006948566995805
4 13 22 29 86452 1.0178352073007717
25 5 28 25 69091 1.022732981402368
7 8 2 19 46376 1.0719445895226223
13 13 8 1 64554 0.9097019330997929
14 5 16 29 76314 0.9275039659521059
9 13 28 6 90912 0.9366295242431624
27 9 29 27 82779 0.9080855512446124
2 9 19 19 81511 1.0333497625597141
17 7 2 23 95808 1.0023824807035235
18 9 26 19 57415 0.9376057374209906
13 10 23 13 49651 1.016137068770043
18 12 1 16 75311 0.9358724226793554
26 26 29 17 54575 0.9452548141976883
19 18 10 6 62824 0.9444953279841186
20 24 20 5 59875 0.9199676516636562
21 24 12 27 36643 1.098072665009523
2 13 23 6 87829 1.0102370311438815
27 0 4 4 91764 1.0162037865969316
21 8 8 0 66132 0.9518691868220233
8 22 21 0 107138 0.951960153272054
25 8 16 14 56455 0.9467810743028363
28 11 9 16 83349 0.9611413395639481
1 17 24 15 85254 0.9729695813488886
13 12 28 28 95654 1.0071850468346153
18 10 0 25 105268 1.088932431602219
1 17 17 29 83509 0.9021909066810191
14 7 1 24 94063 1.0985376039555355
8 16 26 27 89048 0.9189361893696265
21 0 7 24 117757 0.9574144160577865
20 8 13 23 67321 1.0076287729724351
24 16 14 9 50365 0.9097476675205866
26 7 1 7 87202 0.9819962731176485
22 23 6 20 58184 1.0384608054845164
14 19 26 23 47061 0.9117542660334853
27 29 9 29 82451 0.9569299250562229
9 21 14 1 77544 0.9294888567651058
16 8 23 29 86074 1.040676423142815
26 20 25 7 39944 1.023215035977861
6 15 15 8 52296 1.0850409287563954
1 0 24 18 111141 0.9957770628482745
23 18 15 26 46406 0.9016073771589397
12 26 23 26 32711 1.0367736031699881
7 22 13 6 78804 1.0228856240429227
1 7 21 10 79513 1.0663859812184247
24 4 14 28 102458 0.9875192267400036
10 10 17 20 52760 1.0260736771709051
2 11 19 12 73958 0.9829254498907679
27 28 6 27 72090 0.93295685126301
14 3 1 6 51731 0.9404149738424763
19 17 11 13 48578 0.966324601652659
8 12 4 29 59000 1.0086604669305748
28 27 1 24 84178 0.9320622480394022
23 19 1 18 76539 0.9027286461220548
9 29 29 24 82831 0.9091540528260805
14 8 29 2 72853 1.0548790331763713
17 26 10 17 55392 1.013595955938464
29 11 1 28 132015 1.0644426492541537
24 6 3 26 117989 0.9449711011918583
14 14 8 22 51111 0.9202720377571831
0 19 20 22 63468 1.0504956416397728
6 11 1 16 33818 1.083211957344445
13 9 26 18 64967 0.914833960131669
12 29 15 3 89669 1.0950359153224833
27 0 25 14 54168 0.9519684518809811
16 7 21 22 60481 0.9290137505720835
22 17 2 21 74792 1.0727957814295712
29 23 2 23 85914 1.0301553740203546
10 21 22 23 44583 0.9047728198649242
1 29 11 11 87893 0.9129540978283318
26 20 29 2 76309 1.0037004535475704
10 1 10 14 61746 1.073471795148949
17 21 4 16 55751 0.9851980490713669
2 13 0 24 39057 1.0804407542727654
13 14 6 11 39174 1.0156950172362305
4 0 28 29 149023 0.9903616642299334
21 19 1 27 79621 1.0211310713665696
4 5 25 10 74050 0.9494066284562823
23 29 7 12 103160 1.0431241428096656
11 21 7 3 83570 0.9419025171224654
17 29 0 10 105531 0.9238217790767808
18 6 2 21 92891 0.9641333574996281
15 5 3 26 87404 1.0431423147733638
28 8 24 23 57651 0.9435784657967927
13 5 11 15 44549 1.0347568793818083
29 9 3 11 105927 1.0643945065131426
3 6 19 17 85302 0.9396604387329405
15 28 29 13 95849 1.0973404256518557
18 15 9 29 77651 0.9392778634439944
7 10 12 22 63242 0.9432712414233236
0 26 27 22 81475 1.0565579141366999
0 13 14 20 68693 0.9116248781302331
19 17 15 6 47578 0.9784817647149058
21 18 8 14 56438 1.0426412294748304
25 9 26 26 58018 1.023566972076711
2 14 18 19 63677 0.9299817881365697
26 3 15 2 50489 1.0999721531251023
22 1 28 5 33754 1.0837340358128709
18 6 22 13 32602 1.0996019241001183
21 12 18 24 47991 0.9201567828544731
0 10 11 19 66672 1.0583660014096479
0 8 2 21 45342 0.9559211851026308
21 19 2 19 64744 0.9800991081261073
12 2 19 19 71146 1.0715260877557578
14 21 23 16 49315 0.9219607776700826
11 24 24 26 47140 0.9663699221353214
28 16 15 26 69256 0.9746408881510963
13 6 28 1 68171 0.9703699636191688
11 2 1 2 38970 0.9389335552604422
20 26 9 21 43673 0.9636232384022707
14 2 26 5 45880 0.9252456610684263
2 28 6 0 95241 1.066040101152314
22 8 28 17 55329 1.0870657294400967
28 4 1 26 138466 1.0847426270765614
15 19 22 9 53920 1.0578887939490402
4 23 10 16 46170 0.9104264028264367
2 10 22 3 78797 1.0148505644618826
29 20 21 2 79638 0.9128439384042382
4 7 13 12 49021 1.0730797713205336
6 3 9 12 42438 0.9437508055571083
23 9 16 26 74430 0.9559374971134631
13 14 24 2 74120 1.0522546432172408
1 1 12 24 90612 0.9246997407411969
22 4 14 13 51214 0.9696392397216016
16 27 20 5 78130 1.0102892387113696
0 14 27 6 113339 0.90343289705577
0 13 24 29 113786 0.9797776278272592
22 26 22 15 42431 1.0033555659582185
11 6 16 15 40408 0.946656909067343
11 16 27 27 78717 1.0047274881914343
15 21 6 15 50887 0.9362744051218832
4 4 12 12 50911 0.9944856158632125
8 9 21 29 106942 0.9057141026174479
8 9 27 24 105154 1.052425071334286
25 20 16 27 46665 1.012105841093993
2 16 18 6 82667 1.0821928645811802
23 20 10 12 65263 1.028835123554183
12 22 1 19 36144 1.012999122987209
22 15 8 5 65660 0.9658147260538545
2 0 19 27 111170 0.9748997018229044
22 8 8 17 80489 0.9195778124642396
21 17 9 1 86868 0.9614234956579599
7 14 3 5 40596 0.9005506198450275
17 23 26 19 39630 1.0076690063940479
1 4 8 1 35492 1.0013196641343138
24 5 16 13 54254 1.0542549892124873
24 3 8 4 59740 1.0159112528997891
8 28 15 8 83783 0.9125163590286022
17 22 24 26 32692 1.012621021560514
3 18 8 11 35042 1.027063539275207
13 0 20 5 41960 0.907948022692553
14 28 26 6 102399 0.929076881595789
14 28 6 7 103426 0.978370452540023
10 15 6 28 63171 1.0016198513451504
24 14 10 8 71612 1.0378589587207623
24 3 15 2 43276 1.063828238149517
13 22 22 0 96256 1.0229509179189278
22 3 15 10 41617 0.9418509119196592
18 15 6 11 56923 0.922911618423781
15 20 5 5 68689 1.0792108744475724
11 0 9 26 107574 1.0039772743220359
0 9 8 11 41826 0.9994923140631345
26 16 21 29 60484 0.930721086130914
23 21 17 4 72212 0.9409899830736749
0 14 5 1 56766 1.032333700712675
13 26 4 12 59026 1.0532505803520424
21 1 22 13 47201 1.0650586108243099
5 14 21 27 80796 1.0173258422218372
3 17 22 29 82627 0.9443342189032764
18 17 13 26 43335 0.9296170097977791
20 6 29 24 81711 1.0241926319070105
20 24 5 12 77614 1.0413053661256797
22 29 28 16 63729 1.0863453706827997
16 12 5 11 48503 1.0231425346821232
10 27 18 21 39890 1.0765684417676387
12 3 10 16 63128 0.9904161056110586
1 13 21 18 75498 1.0572608279947275
22 0 28 18 74791 0.9065012933287421
9 24 25 26 54145 1.0095708089500657
28 9 8 10 91002 0.9199269522615238
23 8 5 18 88017 0.9476904981002434
15 13 25 26 64487 0.9760818199473285
3 11 9 26 54011 1.0088412995697116
8 10 17 22 70346 1.080281029237288
16 26 22 8 72158 0.9407602180979598
17 23 26 29 47137 0.9645034473010967
27 23 17 9 75260 0.976179671140656
10 3 17 12 51870 1.012700351005278
9 29 17 27 40019 1.0615414568282522
4 15 26 4 98037 1.039522792036602
9 6 1 3 34039 1.0819189219667376
2 17 25 18 76260 0.925261046913905
28 18 23 2 63985 0.949778180399313
4 6 2 22 44941 1.0833410478764962
15 29 5 23 43836 0.916531468780266
7 19 11 26 37725 0.9282921357771012
8 28 27 7 121881 0.9524535606964082
14 6 23 8 41436 0.9248516246389579
25 2 28 20 62620 1.031295727330531
18 9 3 9 67345 0.9884776062101934
9 16 3 22 36109 1.076902714679538
2 2 24 3 77091 1.07240887155264
26 6 27 16 46918 0.9838122907437875
28 27 26 5 79349 0.9562250925396611
16 1 25 7 52660 1.034924443708687
3 21 27 18 83886 1.017509242819082
27 17 24 26 43470 0.9778424940805981
4 24 11 5 69722 0.9323420751190902
25 15 20 8 36706 1.073839060448385
3 1 8 8 34950 1.066619760307319
27 23 7 17 77314 0.9912424635234818
9 8 18 25 82412 0.9113651663966731
3 13 22 19 75245 0.9716388610937695
21 15 4 25 80244 0.9933915691584451
12 17 18 11 44096 1.005422281526027
23 18 7 28 74779 1.0389036918971362
15 19 24 21 35198 1.000309948277759
7 0 0 10 54502 0.9787982665396446
0 4 28 7 97564 0.9799869511321829
0 10 10 14 53841 1.010502305595608
5 11 10 20 48989 1.0113423786001325
8 19 18 9 64112 1.070613585555299
12 21 7 2 90097 0.9515920889164197
4 11 8 27 55837 0.9048665393257118
2 4 13 5 31267 1.0382564722766683
23 26 11 23 46512 1.0967376038105636
12 5 1 23 80744 1.0574872064901069
18 4 4 15 72926 1.0612997308135819
29 22 19 24 33179 1.0119446678117683
5 8 9 0 48170 1.065425227142312
21 25 7 20 56583 0.9828828822854941
28 7 4 23 120000 1.0078433701001754
27 4 2 23 124764 1.0880169819585268
4 9 20 23 81975 0.9311182301278224
5 25 19 9 88765 1.0286604710644707
29 8 1 24 130884 0.905841693288465
9 15 29 24 87383 0.9955513356870478
12 3 11 22 76169 0.9183694635481431
23 28 14 8 82970 0.9605661480148756
23 7 0 3 86791 0.9906382094016082
9 14 3 8 43576 0.9618199581062092
3 28 6 3 80314 0.9815520890495784
22 10 20 2 32500 1.069952551072197
8 17 13 28 67869 1.060971383774925
22 5 1 6 63205 0.9336894623202928
19 23 4 9 81750 1.081268278415022
3 2 24 26 118452 0.9008907072669733
2 27 9 9 74434 0.9748998975255794
7 8 2 1 29565 0.935995668594445
16 19 7 27 51166 1.0311742742241148
22 18 1 10 87793 0.918562793539043
15 9 8 15 40337 1.0710285738697056
24 26 4 13 85426 0.9638114721538903
16 14 22 5 51486 0.9363127560092903
12 2 21 19 74819 0.9879728258778173
2 28 26 3 141318 1.0241219368210701
26 5 20 29 85620 1.069875001113695
20 13 1 2 82037 1.0813945494001602
1 18 18 12 76006 1.0313270929249638
22 0 14 15 71308 0.9497183512457383
7 25 12 9 84707 0.9088017769506735
2 28 25 6 124026 0.9737344684265214
18 28 1 3 112114 0.9614249623456345
2 5 28 21 115903 0.9128698206824464
22 29 8 21 62693 0.922575672320881
20 25 26 15 49370 0.9651615895438892
0 9 24 15 102744 0.9566966284765323
14 20 28 15 62900 1.0012362690743988
25 1 3 15 106033 0.9643992858061958
23 29 3 29 73479 0.9529734399289271
25 4 19 22 69820 1.0786615024080428
15 23 7 21 28094 0.9500036446220532
0 2 29 5 93758 0.9833201867230441
9 13 17 25 68967 0.9448250944801492
29 6 0 9 106190 1.0553596616439902
7 18 5 5 45138 1.0645841601908306
11 21 3 10 58331 0.9298267290793677
28 18 15 29 68875 1.066882320835806
20 10 16 29 74434 0.9418290642210548
2 14 29 29 122749 0.9121612721735926
22 0 3 4 80819 1.0694629752149365
24 17 21 2 64232 0.9995706982797272
23 17 18 28 50641 1.0261045766694676
21 20 15 13 33793 0.952338950426041
13 13 14 1 47328 1.049715128669487
16 27 23 1 103502 0.9042778537225634
25 23 1 22 71433 0.9104859111428313
16 12 1 17 71429 1.0260380741459016
22 14 6 24 79908 1.0451178189305326
14 10 11 25 63767 0.9624970597162061
25 16 23 0 56451 1.0224144521982181
27 8 29 28 89628 1.020798224073084
11 7 2 27 88720 0.9249940523234176
9 13 20 8 57524 1.0186578420094698
24 28 2 20 80128 0.9993287333752442
17 29 0 23 70861 1.0986188981976552
29 20 1 29 108400 0.9335097707159307
24 21 28 7 54654 1.0150288416569009
29 1 19 9 60656 0.9466684920074068
14 9 27 24 77090 1.0686319600367784
15 17 3 5 63451 1.0690952155490037
23 16 9 20 57921 1.0094199531081194
3 12 27 27 103241 0.9076940644035097
0 13 26 0 123257 1.0489698536930623
20 13 29 4 54273 1.06256521056983
14 4 8 21 75964 0.9507717915863145
13 14 9 29 80233 1.0225495128405682
16 28 29 12 96668 1.0499559883512841
7 3 26 9 74032 0.9690511123247814
8 17 25 17 62308 0.9784899650716568
18 11 7 4 54493 1.0580585709419954
1 11 16 11 61015 1.0045526758742536
6 6 9 14 43116 1.0185259778885158
4 9 15 15 58113 1.0556517014776687
13 29 25 20 65142 1.0190739807267493
29 7 10 18 95187 0.9095756869032543
10 24 7 1 93176 0.9235363936096073
5 16 26 29 101213 0.9995383008663138
14 28 28 20 65753 1.0206296883830204
22 0 9 24 115975 0.9379488347722242
14 19 5 15 44077 0.9779795787052652
2 16 23 0 112620 1.0382250094082004
21 0 24 19 75969 0.9812022553997645
29 20 24 1 71946 0.9627066359095163
29 18 7 23 83732 0.9336973181929178
20 2 29 0 42680 1.0753823829407783
5 18 11 2 69428 0.9709085720289834
6 15 26 0 113935 1.0311736737411525
10 25 23 23 53504 1.093107055280022
3 23 19 21 54022 0.9880277927073431
8 6 29 4 72125 0.9526791230512717
19 22 26 10 58647 1.0767741930021362
6 1 22 1 64115 1.0093184018000119
12 16 0 20 59843 0.9297367416671802
5 27 13 21 45666 0.9014504927214758
19 13 6 22 67945 0.9132189035386112
22 17 17 12 39363 0.9515998046352313
14 10 29 14 74857 1.0229458742724162
16 4 5 7 43641 1.0319735649299489
17 9 16 27 63299 1.0049534147532577
0 15 16 8 79622 1.0604655145155155
13 13 22 4 56065 1.0847760452392747
13 6 3 8 41248 1.0943391347846294
2 14 0 23 36736 1.0005561317121419
6 26 0 21 36640 1.0300197587411275
21 6 8 1 57464 1.0328331272763573
1 5 24 7 73023 1.096057962620254
14 11 17 25 53222 0.9946757473724319
22 29 25 14 54530 0.9250422368116618
6 7 20 12 69821 0.9135915905053039
3 8 19 3 63072 0.9083859891917407
12 1 1 0 41050 0.9606297242736989
12 26 16 9 62566 1.0363792070848423
22 20 26 0 77785 0.9429467795633473
20 23 2 3 97802 0.9623972053997448
24 12 0 7 103872 1.0119932123673452
1 17 22 26 79598 0.9040562922913673
4 11 26 24 96017 1.0561155105664763
24 24 0 17 91375 1.0585338023033022
20 0 14 9 50331 1.074183528326879
6 11 25 3 83910 1.0663544434934191
27 0 5 24 139589 0.9507166089505115
3 8 19 27 94023 0.9599037138642853
5 9 16 19 72620 1.0730168218996448
25 6 13 18 69101 0.9374569764797908
9 1 16 14 62748 0.9823138596271187
10 27 1 26 32171 0.9844261811186408
6 4 8 16 51824 0.9192610312633519
6 11 16 13 47962 1.0952775786011317
21 12 1 9 88365 1.006827524266477
17 24 4 13 60557 1.0305251103199922
19 17 8 13 60281 0.989286671110123
10 4 2 20 67643 0.9371080726102101
27 7 10 14 90421 1.0050108689744972
21 13 10 5 55966 0.9324928900676744
17 19 26 23 38963 1.0358931266395213
16 5 22 1 34863 0.9169142360000485
2 23 15 17 58695 0.9520781010384936
9 17 4 0 68853 0.936650739888555
10 24 12 12 60192 0.9602907384524609
25 16 13 28 69762 0.9170958747435539
27 26 3 28 76742 1.032446039607961
19 6 20 23 61605 1.0707441730083518
29 4 4 3 85458 0.9133272959062522
15 1 21 23 78690 0.9992054197822601
4 29 9 11 66209 1.019907918926501
18 5 2 1 53453 1.0995227424653795
10 8 5 3 38150 1.0243293910311644
6 3 1 26 79574 0.9472233365830411
0 12 28 14 112312 1.0408938604167297
29 10 2 19 115430 0.9717835586695212
27 7 6 23 112270 1.067026826242134
8 14 21 3 83054 0.9799650199321364
14 17 29 1 97631 0.9982372477972843
22 13 14 7 47149 1.0731054301484035
19 5 23 28 81999 1.0207720795155055
23 25 1 1 123482 0.949749700990672
16 2 2 7 53284 1.0632313140567258
5 17 4 26 30294 0.9356005902579474
29 15 14 15 54468 1.0798297419597354
9 9 28 3 84351 0.9874756127706866
8 13 29 23 99086 0.9663495834971275
2 22 26 18 81877 1.0345805141916216
25 21 13 1 92628 0.9623373313347263
25 26 26 17 36386 1.0704650311440322
16 0 21 12 58842 0.9996410919780532
5 14 12 18 38858 0.9676364007423766
14 15 26 28 73624 1.0859099548756088
2 1 21 18 95275 1.0558761264994094
22 16 25 9 34258 0.9507901163938668
4 8 23 16 92157 1.0300870364690136
5 29 13 15 74645 1.0778796776329165
24 17 19 23 39270 1.016798354252473
9 28 28 10 115187 0.9180747007982131
28 16 0 23 111330 1.085866286115209
19 8 2 13 82794 1.0548240022763447
3 3 25 23 110748 0.9165162361345985
10 20 4 11 45640 1.0497037138684167
27 25 15 22 46400 0.990194255639683
14 12 23 5 47278 0.9025574922618097
12 0 21 7 55715 0.9278611389007384
8 26 28 9 107159 1.0458895171599452
10 21 19 2 86901 1.0662186407611904
6 25 27 21 76730 0.9571339284974458
20 29 28 23 48150 0.9833787641884851
26 24 18 17 43782 1.0826851405534832
15 4 7 0 41863 0.9228015778688196
15 12 0 21 77776 0.989980579522069
8 1 13 17 77503 0.9156957650418827
10 10 2 13 42346 1.013720094129008
11 17 21 9 60866 1.0926050043881106
24 7 3 21 108651 0.9837415774773529
27 18 11 11 71524 0.9243548086956782
11 13 17 26 66353 1.044096552118633
2 23 9 19 40645 0.9053086278462521
5 22 5 9 39553 0.9122969202208995
19 3 7 18 83277 0.9276784579569779
0 12 19 19 77460 1.0427078185391747
19 17 22 25 32775 1.05589116241286
27 14 28 4 51287 1.0410544014516645
11 29 24 17 78538 0.9971499953985756
8 18 28 19 66147 0.9212402232389892
26 22 7 19 63359 0.9648122780070445
23 21 5 16 70540 1.0328861042286088
28 17 6 6 109238 0.9471673447870854
9 0 25 12 86787 1.027492732177478
27 9 25 17 33063 1.0278660505659576
10 21 27 2 109272 0.9886771633162301
2 1 18 26 103136 1.0674814826421188
19 4 29 6 43499 1.087758359772463
7 13 21 14 65278 1.0594469600046046
27 27 8 10 110668 0.9414415639122908
16 15 25 9 47861 0.9625348648657381
21 28 10 28 47565 0.9701061042797597
15 5 1 23 87181 0.9529723983522439
1 24 0 4 73049 1.0099462327005098
10 1 29 0 79288 1.0871209310382663
2 6 20 19 85787 1.0505262867983405
24 4 19 17 60126 0.9769859742839965
11 4 16 29 90874 0.9084309385331909
20 12 18 23 41233 0.9985621614211092
0 10 9 1 58226 0.9150859624324663
12 7 24 26 96532 1.0675030814550528
10 27 12 2 99580 0.9145990184205596
29 0 24 12 58356 0.9806705204186936
21 25 11 15 61310 1.0082647117279557
6 1 15 13 64089 1.001991590559881
13 28 10 5 89021 1.0859146095157302
25 22 13 17 46709 1.0627815406433838
1 4 2 27 72674 0.9092959396127364
24 21 24 0 66534 1.0819837340679135
9 25 18 21 41600 1.0681510971617598
27 3 16 12 69807 0.9523338527330776
26 0 16 11 72073 1.0491264712528252
15 19 3 24 48951 1.0303331252871097
24 21 24 10 38892 1.0409268739921065
18 3 0 25 116038 1.018926584664384
16 21 18 6 59932 0.9998632517445272
3 29 18 19 69768 0.9641573118062478
4 4 16 24 83321 0.947151650284521
0 29 8 9 86696 1.0369578634781553
4 1 1 21 67477 0.9994302891087502
6 18 22 16 59025 1.049264576460801
27 18 10 21 64054 1.0783972523052
19 15 26 5 49089 0.9473048114050358
22 22 6 1 107234 1.0014906061222006
26 1 29 19 74692 0.9434331805940257
3 10 21 5 64530 1.0749718214077697
21 13 29 10 45153 1.0358550854587532
28 20 4 3 114403 1.0415435983008505
5 13 0 2 47488 0.9140587392629955
26 26 7 28 62680 0.9376051018612696
0 12 22 26 92780 1.0262455909403574
8 29 21 24 61728 1.098407964278424
14 27 4 20 50273 1.0135741192742111
12 6 1 6 40035 1.0597289268461554
28 16 14 1 93002 1.0913074198656962
29 10 1 16 119430 0.9173293709609687
16 2 15 25 68691 1.0018305467544266
11 2 21 28 104478 0.9340450386841542
2 4 29 16 118191 0.9000069768419671
17 15 3 7 69307 1.0050614907508244
0 25 7 7 73363 0.985618311334071
29 6 23 2 37430 1.0874288027077543
27 22 0 3 125988 0.9423390875708642
18 20 22 14 30572 1.042419746092549
6 5 24 15 77405 1.0655834014253578
19 18 24 5 55843 1.0563531518937608
24 6 2 14 90308 0.9550198974299366
16 6 27 4 46013 0.9592448103944067
28 27 19 20 49819 0.9929356255947724
19 10 8 23 79036 0.9764242295112493
6 16 12 2 75744 1.0949279130941854
4 29 2 19 30498 1.024629136260659
22 24 27 29 36119 1.0748701860075995
11 21 22 3 85005 1.0159849687944358
27 24 6 8 114271 1.0826380585430122
25 23 25 8 43363 0.9211697866107214
15 29 24 17 62417 0.9478280078490577
29 21 0 28 104638 1.030087012447114
26 26 24 10 59856 1.0464826569885537
23 19 7 15 66191 0.9645450220336553
25 18 27 26 36678 1.066654899237497
25 18 23 29 46985 0.947461472627027
18 21 12 16 38297 1.076769098358192
22 2 15 13 53778 0.9448921132677068
9 11 26 8 76959 0.9809121558753906
11 1 19 17 76128 0.9346847377157199
6 6 24 27 115173 1.017984346717566
16 29 21 16 59198 0.9089456356640416
26 22 11 13 72527 0.9093443588225584
29 0 8 8 98319 0.9977884050387963
20 12 1 23 94926 1.097319937490313
14 2 23 18 71394 1.0613609315651513
21 8 0 28 122515 0.9880678097334373
4 26 15 2 97595 0.9594489410986489
5 4 1 24 63377 1.054772394908442
15 16 28 9 66127 0.9213927683639302
7 14 8 28 65481 0.998128381442375
25 29 4 11 102806 0.9555736834783304
9 9 20 22 75586 1.0301071534925854
27 6 17 24 84228 1.0656531515972956
2 1 17 8 59377 1.0940920223148376
4 9 13 7 44471 0.9402163849445299
24 2 19 22 77222 0.9234342735938459
24 8 24 29 75137 1.0639705122297691
4 1 25 4 81868 0.9124395736343961
1 13 18 28 86281 0.9744681714468857
18 4 8 2 50500 1.0846733205805708
2 23 28 3 133739 0.9694749886945883
20 21 8 24 44809 1.0128725556267515
10 7 27 7 72466 1.0512494240589445
14 29 26 29 57732 0.9330682218969503
29 8 22 16 51864 0.9531340447594191
23 27 10 28 49916 1.0826016084698258
27 17 11 13 76324 0.9268675149196474
10 18 2 3 61541 1.005957897651455
9 26 19 26 28589 0.9492783370948383
0 23 17 5 99911 1.0512069026589983
9 4 19 15 61125 0.9036306074887851
5 11 29 15 103104 0.9201307634440009
24 28 26 4 82232 1.0262230527931901
18 8 27 17 61899 0.9946566709900706
24 18 29 28 56408 0.9501173242749984
17 25 8 12 75941 0.9724485618767064
25 16 28 6 42878 1.0936051604865462
19 17 1 15 68598 0.921749533466279
17 16 18 27 46016 0.9790134892800192
14 22 27 20 44823 0.9896980013208967
13 8 1 23 87599 0.9773533212952011
0 18 21 21 71647 1.0000654807839366
5 22 22 10 89312 0.9858631245851759
14 18 29 1 96987 1.0326293239591737
29 23 10 25 71333 1.031250932340463
4 27 8 12 55755 0.9224401398820724
3 29 20 3 118814 1.0587270756848157
10 16 0 27 69122 1.032979313902929
12 15 5 25 54175 1.0934339256342638
11 18 28 20 52733 0.9602069043243804
4 8 28 14 106519 0.9132031305614053
7 4 28 9 78878 0.9133953751811512
13 5 16 12 27172 1.063183028506697
4 23 17 28 58710 1.098054168174882
3 27 18 23 50526 1.0173289489991901
10 27 18 14 65182 1.0883259280448576
10 28 26 3 125609 0.9170980454986097
11 28 0 20 57778 0.9120938484091867
4 9 19 27 87484 0.9496013203856668
24 4 23 23 63295 1.0375842724823592
13 28 29 15 92062 0.9544500818980368
5 7 25 1 81571 1.02689067529257
27 22 11 28 60897 1.0683717913946482
2 12 17 24 70957 0.9870092492648029
6 26 21 29 53987 1.075428698893472
7 3 2 12 40808 1.0713502336257166
2 6 12 23 75752 1.0337772377774646
10 24 11 12 55592 0.9888690213348782
27 10 5 17 99777 1.0415242280062642
17 18 12 26 41076 0.9378185035897233
21 22 25 4 66405 0.9242365781007623
11 9 23 11 55634 1.0680386631926058
0 21 7 17 37912 1.0105930226490711
26 13 15 6 60367 1.0091534587231146
10 9 6 0 56086 0.9781046373058968
10 2 27 23 110075 1.0055090622736576
8 5 18 25 81186 1.0457051568996583
1 29 24 27 79473 0.9705708984476706
13 23 2 19 42717 1.050843774822407
4 10 15 17 59932 0.9988867388896203
13 5 5 9 38507 1.0162849122764517
24 3 4 3 72182 1.068081123149663
5 8 19 4 58855 1.0211249490475978
1 19 27 13 105166 0.9774686191186586
20 19 1 10 81952 1.019324323380181
23 2 8 27 122653 0.9329991516227918
2 8 4 22 43208 0.9999407142087754
21 7 2 16 95110 0.9415702103729227
18 14 4 17 55776 0.9377284526055604
26 6 4 27 122031 1.0217560128642944
17 0 23 12 66467 0.9929143075312563
8 28 17 27 39789 0.9339055247930401
9 7 8 24 79496 1.0919516446801363
0 12 12 29 81444 0.9942441751948569
14 26 10 9 73500 0.9062768309804482
10 29 10 11 92682 1.0548875178609367
19 1 2 7 70209 1.0918846342877726
8 19 10 27 45940 1.0776903025110969
26 21 25 0 69776 0.9503103173674414
3 29 7 11 61287 0.9255818437677279
10 26 29 4 116581 0.9331177866903311
12 1 2 24 95865 1.0216325563056774
8 3 25 24 107999 0.960203904050889
22 0 2 20 118410 1.0861725956569146
8 15 15 20 40932 0.9711223501846209
14 2 29 26 113579 1.0455345836392227
2 23 11 22 31031 1.0098489708449578
23 12 18 20 42946 1.0968808272203365
23 4 13 9 51878 1.0302486570333267
0 3 24 9 94422 1.0199789739658194
3 20 11 0 83240 1.002163096862393
3 7 7 0 37073 0.9711932707618555
29 10 23 5 38231 0.9940417411759723
6 6 14 14 60323 0.9673900594370214
0 29 18 12 110009 1.0019032306475093
2 17 22 29 85000 0.9988950179371398
6 13 4 26 46808 0.9234262182864991
25 22 19 7 63737 1.0721245595140678
10 7 2 10 44681 1.097266019882341
26 13 25 29 56602 0.9295840519257225
7 29 4 16 46955 1.0464998053920604
21 24 8 25 48821 0.9470652604682941
24 11 14 6 55099 0.9441595428127678
13 25 6 15 60411 1.040265377014553
0 29 22 4 135065 1.0884438065387783
15 19 3 3 77716 1.0456515581892842
4 0 17 18 87577 0.9535787945781633
14 0 1 26 116166 1.0544109560208526
19 23 14 11 52137 1.0807335239116074
17 20 8 1 80136 0.9992544228437875
12 2 29 6 71497 0.935961281870123
26 5 15 6 33991 1.0023709066502104
13 14 2 18 49164 0.923770043057861
8 3 29 5 73799 0.9059898238193512
0 3 25 22 122092 0.9370317783830702
29 25 18 4 99012 1.057494513955266
7 21 14 12 59673 0.9836545794803296
24 21 8 7 96078 1.0423162682830593
11 29 19 20 53240 1.026208081514984
10 15 26 29 90932 1.0897967277069824
9 4 18 21 75980 0.9006057533546467
25 12 1 12 99580 0.9070218082467264
21 17 0 14 85237 1.0325265550905331
2 1 27 9 93208 0.9281888167327729
14 25 4 18 52900 1.0260211015956289
20 28 11 3 95652 1.0167278961310586
11 14 18 26 59402 0.929079834358599
23 26 11 18 53881 0.9049516618958382
23 1 23 16 62294 1.045172452006962
24 10 14 16 55032 1.0220247658768362
15 24 0 9 86362 0.9399187122144835
26 8 5 11 91250 0.9639824007398459
19 22 0 4 101653 1.041565537583127
22 3 26 21 68150 0.9991658600588605
16 15 29 6 75062 1.0506530134767758
5 16 16 18 42861 1.0203405566954638
6 23 28 3 127101 0.9676569289039914
25 7 23 22 49636 0.9927404806343357
24 8 24 21 43943 0.998566937418158
21 5 0 12 79502 0.9014980697427847
7 24 20 19 54694 1.0398491280268167
9 9 25 0 82031 1.08130743242646
11 6 29 14 89669 0.9664103908090519
28 6 14 2 58866 1.0171456896989832
16 0 29 17 107891 1.0179823923161821
17 9 5 20 71946 1.0021212904636572
13 29 27 24 62868 0.9901147982139765
10 2 4 22 77049 0.9707707332979163
27 15 17 21 55318 0.9800185921971036
4 3 26 28 127591 1.049951106604216
4 9 25 0 88198 1.0774779521837787
4 8 9 13 35178 0.9753450104489296
3 10 5 19 31752 0.9640339099782531
6 24 5 0 76809 1.0670860478994495
11 6 10 23 79291 0.964522946801021
6 8 19 0 74986 1.0845342648571057
0 15 23 8 104757 1.0777394460756593
12 22 7 9 66002 1.098244879982704
3 19 28 18 84100 1.0072192721872142
11 4 25 13 68431 0.966780440209221
6 7 11 21 76357 1.0033357205388898
21 9 8 4 57212 1.002649899459635
28 24 16 12 76963 1.0665277146798997
6 0 17 26 116836 1.069523347994314
27 22 0 13 99738 0.9327082304387042
4 22 13 26 36245 1.0815024650597547
24 16 12 27 70836 0.9807300990027332
28 2 11 16 99284 1.0408287596096333
20 25 12 5 73675 1.0266342110088365
20 5 8 16 71388 0.9111186607808524
12 27 1 17 59350 1.0309792191721907
9 24 29 27 71482 1.0672457117746963
4 6 28 1 90838 1.0604424911043313
28 6 22 25 79150 1.0144704250897032
6 16 6 0 67065 1.0183117578227923
28 7 18 5 39498 0.9293784134779722
19 5 27 23 76262 0.9809892250097888
18 17 16 29 50926 1.0193120139131255
3 5 24 10 76217 0.9999406889101132
22 6 2 4 61657 0.9006984140682205
4 8 22 28 100327 0.9461071792096838
4 25 13 5 79528 1.0961674776144044
19 12 1 5 73804 0.9012322250978299
3 29 16 15 77223 0.9095481142019972
25 2 1 1 88891 0.9038467165280258
3 1 17 16 81983 0.9262012002633323
18 5 28 14 60403 0.9338362182273895
18 13 27 14 43187 1.035854675815926
15 14 23 16 32413 1.0442735348242032
6 8 17 27 97314 1.0056019906602796
13 15 0 29 85595 0.9490839881920852
17 10 2 29 101604 0.9935744260426943
4 7 26 17 103236 1.072066887727632
4 21 12 25 42957 0.9527180386448967
22 25 6 5 96927 1.094016943653995
26 17 14 11 59399 1.080355993956358
29 7 1 28 147053 0.9408310885083484
3 8 0 28 74066 1.007189357925718
26 1 19 24 91404 0.9470590180098388
1 18 17 6 88947 0.923873967514221
3 11 20 7 71252 0.9395275671026806
13 12 2 17 54001 1.0791363821684208
13 2 7 23 92680 0.9326695125479075
7 23 16 16 51785 1.027221545745542
26 25 8 2 122759 1.004010980226104
7 27 20 2 110293 0.9463014737866201
2 5 29 19 118131 0.9359841614832738
17 11 3 2 65040 1.095171616051118
8 25 8 10 69054 1.0489569164128805
25 20 3 6 103979 0.9580724214762499
16 0 14 29 96503 0.965409961526221
7 10 10 18 43512 1.0887632393158162
18 27 2 5 97488 0.9980005889124273
21 29 27 16 66030 1.0631227302378115
25 16 29 1 61211 0.9664111145886359
10 4 24 29 113163 0.9103596497511486
5 0 8 8 43785 1.0542953844157212
9 21 8 6 73294 0.926058404460858
9 27 21 17 68451 1.028083587069915
16 21 8 15 49277 0.912432465237823
