3371 3479 2812 3282 3155 2797 3731 3692 3648 3458 3469 3661 3692 2958 3384 3210 3018 2866 3180 3391 3544 2753 2787 2917 3224 3265 3616 3404 3207
3628 3454 3414 3967 3622 4152 3994 3911 3747 3903 3407 4056 3732 3568 3598 3688 3766 4146 3826 3740 3801 3391 3682 3349 3270 4117 3429 4105 3350
7200 7744 6873 7159 7781 7403 7321 6961 7448 7672 6951 7690 7746 7707 7088 7269 7430 7699 7069 7699 7372 7795 7277 7020 7174 7720 7814 7149 7372
6296 6341 6264 6264 5761 5608 5566 6243 6082 5801 5509 6192 5846 6262 5617 5374 5742 6032 5391 5415 5867 5348 5590 5437 5452 5880 5498 5908 5836
2163 2977 2434 2841 2819 2033 2313 2031 2446 2659 2252 2549 2474 2862 2839 2797 2312 2779 2602 2726 2051 2144 2394 2661 2708 2679 2332 2119 2460
4751 4392 4484 4564 4381 3976 3916 4076 4372 4115 3969 4599 4339 3871 4348 4171 4069 4632 3890 4822 4361 4313 3875 4657 3930 3897 4714 4223 4500
6925 6468 6536 6549 6407 7044 6533 7144 7180 6309 6963 7210 6601 6639 7201 7130 7054 6620 7133 6700 7131 6261 6711 6662 7105 6401 6878 6922 7161
6045 5626 5464 5784 6134 6011 5945 5758 5450 5516 5677 5863 6274 6021 5597 6200 5831 5657 6005 6219 5886 5873 5441 5686 5465 6282 6389 6306 6094
5444 6241 6041 6272 5743 6202 5857 5684 5947 5887 6049 5689 5492 5569 5820 6131 5569 5640 5973 5961 6143 5723 5639 6075 5543 6047 6265 5433 6152
6556 6507 6287 6452 5963 6651 6786 6574 6459 6214 6212 6144 5845 5958 6361 6169 6673 6801 6426 6510 6012 6579 6781 5827 6397 6800 5919 6564 6520
3856 4366 3658 4237 3649 4428 4357 4130 4159 4547 4104 4030 4106 4112 3954 3676 4192 4238 3919 4230 3949 4115 4250 4012 4120 4584 4035 4306 4017
2301 2018 1907 1845 1778 1745 2509 1863 1711 2229 1969 1961 1755 1632 2335 2511 1995 2336 1684 2253 1922 1773 1763 1980 1968 2185 1705 2208 2108
5489 5304 4701 5055 5482 5586 5121 5585 5451 4915 4678 5430 5182 5015 4956 5133 4963 4860 5484 5633 5242 5112 5583 4910 5169 5599 5176 5428 5380
5267 5076 4998 4561 4970 4657 4760 5403 4488 5256 4846 4977 4455 4683 5338 5304 4617 5397 5035 5336 4986 4994 5124 5359 5047 4601 5203 5303 4997
7226 6965 7319 6984 7842 6951 7563 7431 7111 7272 7331 7691 7605 7264 7670 7897 7141 7206 7682 7352 7420 6905 7407 7237 7658 7239 7721 7365 7500
5234 5397 5391 5347 4814 5615 5058 5157 5572 5562 5544 4997 5301 4970 5246 4952 4932 5460 5490 4864 5147 4814 5367 5506 5158 5254 5246 4898 5030
6965 7041 6686 7377 6895 6940 7388 7212 6657 7339 6794 7437 7006 7556 7012 7033 7156 7046 7526 6668 6926 6876 6914 6901 7228 6911 7633 7625 7225
7891 7813 7880 8480 8005 7759 8373 8410 7739 7867 7944 7936 8153 8377 8120 7716 7670 8141 8146 8213 8384 8260 7875 7782 7759 8065 8256 8276 8430
2854 2646 2673 2735 3294 3003 3299 2598 3361 3330 3376 2486 2893 3400 3044 3136 3394 3387 2565 3334 2777 2542 2583 2736 2634 3186 3272 2562 3241
2549 2414 2983 2599 2495 2360 2764 2827 2300 2275 2569 2569 2927 2609 2374 2633 2518 2990 2555 2619 2436 2672 2693 2684 2851 2145 2662 2631 2600
4682 4128 4276 4470 3713 4253 3884 3978 3826 4520 4298 4414 4592 4682 4317 4236 3922 4273 3738 4068 4326 3743 4214 3951 4408 4385 4434 3803 4246
4812 4845 5206 4534 4805 5116 5262 5090 5174 4687 4544 5375 4819 4751 4689 5281 4811 4875 5373 4500 5160 5120 4985 4841 5255 5041 5136 5235 5338
6873 6638 6556 7325 6471 7361 7413 7350 7402 7208 7351 6485 7044 6761 7159 6899 7232 6870 7268 6659 6954 6912 6489 6621 7218 7257 6717 7332 7095
1544 1287 1845 1475 1288 1421 2018 2018 1258 1259 1274 1316 1393 2026 1785 2238 1563 1839 2080 1460 2164 1898 1918 1687 1253 2153 1932 1972 1595
6459 6850 7080 6411 6225 6902 6534 6766 6383 7050 6665 6450 6587 6308 6421 6698 6810 6540 6201 6742 6429 6813 7051 6804 6236 7087 6982 6294 6364
1497 2114 1560 1847 1793 1279 1451 1630 1696 2088 2090 2112 1327 1843 1992 1608 2018 2151 2028 2027 1574 1454 2074 2040 1844 1996 1664 1423 1796
6423 6131 6407 6858 5988 6743 6171 6710 6082 6036 6880 6030 6560 6868 6624 6873 6684 6027 6761 6089 6935 6804 6613 6736 6171 6173 5982 6659 6309
7953 8057 7133 7129 7932 7883 7122 7622 7845 7477 7152 8058 8004 7675 7808 7881 7823 7702 7357 7705 7540 7960 7406 8052 7882 7973 7746 7770 7873
5547 5840 6485 5780 6139 5806 5895 5606 5578 6016 6277 6480 6032 5754 5607 6523 5853 6040 6308 5922 6517 5786 5738 6063 6192 5654 5765 5889 5544
7000 6512 6882 6417 6707 6462 7163 6459 6764 6701 6625 6976 7169 6884 6486 6813 6791 6751 7169 6939 6568 7300 7399 6886 6781 7369 6903 7198 7031
6775 1211 4897 4079 5201 7262 2966 1391 7178 7814 7512 6664 3902 6227 1735 8225 7709 5809 8638 3072 7842 2866 8069 6787 4754 5271 3318 5037 5186 4037
7168 1480 5013 3767 5410 7749 3098 1364 7533 8403 8065 6185 3903 6395 1206 8328 7949 5759 8309 3268 8210 3073 8394 7264 4329 5355 3912 4662 5116 3638
7582 1291 4712 3513 5225 7815 2455 1703 7086 7897 7409 6921 4518 6378 1288 7939 8215 5813 7995 2947 7783 2900 7873 6946 4451 5144 3326 4365 4506 3473
7022 1906 4732 3670 5332 7599 3247 1555 7377 8179 7291 6582 4662 6107 1391 8109 7600 5485 8837 2628 8214 3324 8370 6520 4311 4581 3964 4856 5002 3158
7179 1760 4213 3680 5315 7548 2560 1958 7973 8094 7472 6781 4658 6865 1325 8824 7830 5510 8736 2809 7995 3657 8170 6636 4940 4548 3121 4817 5034 3884
6978 1233 4615 4216 5449 6841 2725 1441 7760 7814 7304 6542 4669 6740 1841 8523 7765 5826 8683 3479 7951 3419 8054 7221 3971 4491 3485 5212 4608 3213
7510 1805 4019 4249 5310 7039 2773 2110 7214 8460 7457 6885 4203 6750 1391 8495 7747 5504 8844 3205 7862 3298 7719 7269 4214 5330 3271 4950 5051 3358
7606 1329 4557 4015 5257 6959 2805 1467 7675 8593 8091 6863 4612 7077 1269 8531 8268 5694 8053 3231 8324 3034 7780 7100 4809 5417 3837 4800 4728 3953
6730 1633 4234 4112 5495 7603 2876 1587 7512 7681 7618 6953 4442 6884 1535 8244 7948 5811 8359 3330 7659 3619 7836 6762 4276 5040 4036 4935 4936 3646
7526 1141 4432 4011 5944 7226 2683 1669 7529 8150 7357 6689 4632 6536 1485 8248 7865 5699 8771 2640 7496 3117 8103 7213 4478 4618 3092 4944 4793 3798
6968 1120 4325 3922 5712 7559 3049 2090 7209 8013 7767 6138 4458 6402 1884 8427 8359 5552 8676 2654 7676 3324 7618 6757 4377 4605 3481 4283 4404 3274
7168 1623 4866 3856 5533 7349 3043 1670 7826 8415 7694 6341 4694 6287 1456 7972 7762 5312 8424 3021 7919 3557 7540 6872 4586 5305 3221 4746 4803 3897
7266 1884 4501 3650 5327 7480 2520 1388 7738 8514 7439 6670 4455 6186 1626 8624 8220 6176 8946 3259 8056 3071 7826 6925 4099 4633 3987 4706 4884 3464
7424 1880 4115 4221 5408 7790 3248 2113 7754 8127 7746 6393 4713 7040 1446 7891 8227 5941 8393 3435 7715 3265 8455 7241 4882 4966 3730 4305 4505 4072
7238 1149 4629 3408 5883 7633 2862 1906 7203 8432 7275 6528 4702 6875 2182 8743 7979 6092 8508 3236 7929 3123 7834 6314 4906 5171 4070 4738 4983 3973
6809 1567 5012 3746 6085 7238 3260 1294 7497 8433 8225 6924 4524 7084 1881 8699 8550 6146 8354 3489 7619 2763 7938 6466 4233 4992 3543 4318 4836 3972
7397 1247 4576 3810 5660 7008 3153 2105 7990 8046 7737 6924 4134 6487 1366 8816 7691 6188 8935 2728 7547 3543 7614 6477 4445 4626 3155 4907 4656 3200
6791 1625 4798 3917 5129 7615 3201 1612 7813 7930 8007 7012 4752 6642 2129 7970 7950 5795 8832 3051 7420 2959 8216 6709 4279 5051 3254 4233 4460 3256
6771 1633 4215 4026 5345 6853 2562 2138 7330 8020 7616 7045 4542 6512 1262 8849 8150 6185 8792 2962 8256 3311 7899 6419 4183 5311 3836 4565 5205 3814
7259 1289 4041 3594 5140 7347 2428 1784 7498 8302 7613 6917 4180 6397 1633 8660 7750 5862 8258 3225 8162 3297 7645 6373 4725 4590 3660 4682 4614 3247
7001 1594 4616 3720 5902 7388 2776 2108 7989 8123 7826 6882 4288 6117 1585 8427 8349 5623 8319 3312 7732 3168 7956 6683 4365 4536 3896 4411 5121 4043
7535 1088 4711 3489 5411 7416 2766 1712 7822 7997 7651 6874 3947 6859 1878 8199 7615 5943 8138 2793 8188 3322 7920 6657 4519 4735 3943 4636 4881 3673
6823 1147 4136 3552 5797 7273 2393 1303 7358 8102 7316 6275 4524 6652 1613 8275 7883 5937 8310 3244 7486 3295 7471 6832 4938 5269 3872 4386 5295 3852
6814 1765 4962 3409 5340 7688 2689 1611 7911 8158 7683 6895 4623 6765 1606 8385 8091 5441 8516 3099 7986 3041 7790 6540 4777 4779 3720 5065 5100 3993
7476 1050 4919 3615 5859 7683 2640 1190 7611 8134 7825 6582 4080 7052 1203 8169 8306 5807 8752 2704 7914 3196 8180 6721 4218 4643 3762 4277 4472 3747
7200 1835 4160 3734 6053 7615 3304 1340 7128 8588 7952 6475 3837 6594 1875 8629 8070 5433 8116 3528 7948 3331 8236 6607 4778 4720 3459 4635 5242 3486
7124 1859 4892 3524 5557 7087 2559 1379 7993 8009 8017 6202 4597 6962 2037 8199 7745 6071 8785 3175 8214 3288 7945 7046 4904 5378 3256 4358 4643 3519
7573 1600 4064 3983 6005 6896 3132 2166 7461 7949 7469 6544 3908 6656 2090 8032 7993 5274 8351 2736 8196 2743 7924 6551 4457 4751 3344 5120 4551 3855
6887 1453 4509 3329 5287 7572 2399 1754 7408 7822 7311 6676 3999 6457 1493 8588 7999 5425 8727 3034 8277 3153 8428 6555 4585 5276 3946 4950 4487 3488
26 0 19 16 42667 0.9140924568288952
14 29 14 6 66345 0.9685153036808608
29 7 2 4 60617 1.0168185535281602
25 23 22 15 28507 0.9298414779277981
13 21 16 14 30255 1.0004750159790836
25 17 10 4 51848 1.0776247535818644
29 18 9 6 72166 0.9241648274025726
10 24 18 20 34951 0.9140830154443202
9 6 21 24 68007 1.0134922776955657
0 27 0 15 37771 1.0190202738043834
11 6 0 15 35363 0.9651678255744132
18 20 19 1 51071 0.9616731153564513
8 19 2 8 53545 0.9264131176235679
15 1 11 7 18338 1.0751329235151834
23 7 4 13 44193 0.9124095367007504
1 15 13 26 50126 0.989817217203649
14 11 28 23 72236 0.954665040609511
22 15 5 11 47817 1.0806041463909797
18 22 19 13 26587 1.0414602345751456
10 4 20 5 35415 0.9424322054523189
1 19 15 11 54880 0.9293492995637127
11 24 17 16 46345 0.9191739010916229
20 5 11 1 29457 0.9374608270103949
0 2 25 9 52575 0.9606547288303363
6 17 28 20 75843 1.0705516012530447
13 11 6 18 50251 1.043132621048723
6 0 28 6 52082 0.9001698748877152
6 10 24 22 76361 1.0678687544027685
25 5 15 4 35074 1.0477112816861354
7 25 26 13 73503 0.9333623656881743
11 23 10 10 33656 0.9146875271029262
1 6 5 26 59702 1.0633820267515777
21 20 0 21 72848 1.00329037167799
15 20 10 2 55905 0.9557185305476015
28 19 23 11 26780 1.0866415871444322
24 5 1 8 53115 0.9481391487054002
1 18 26 0 80821 1.0839548900901212
25 3 4 29 88105 0.9186351529456336
28 10 16 11 60532 0.9171784712119776
27 11 17 12 39784 0.9811906890574857
0 15 1 24 32420 1.0003626285570688
23 2 15 11 43938 1.0043124034689253
19 20 8 13 39510 0.9924487858993394
12 8 27 12 45899 1.0712406531630345
2 22 23 26 84950 0.9805873098026994
18 26 27 0 75585 0.9332572704148066
29 23 14 2 82603 1.049582686613343
24 9 0 4 60585 0.9189018768465638
19 21 1 0 74721 0.9185900265927728
20 15 6 23 63698 0.9736545455154324
26 13 28 5 33789 1.0232094945357877
22 14 6 6 47020 0.9497177150567324
17 0 27 13 50541 1.0868723851907867
26 1 16 22 66051 0.9825155216018042
25 9 16 12 35419 0.9234284101813164
7 27 15 5 76242 0.9667468721551116
26 29 28 4 66099 0.9484775583064866
29 12 20 3 45721 0.9665669515005587
4 23 24 19 66035 0.9287735268431372
16 3 24 20 58373 0.926715876315092
6 2 2 10 43104 0.9377815319809084
5 20 13 8 53271 1.039938872464619
4 14 10 9 28289 1.0289918931584487
13 7 2 2 35822 1.0760532475349387
22 24 8 2 71309 1.03918894144972
12 29 19 3 72187 0.9777863468089453
20 4 2 14 53514 1.0842409396010504
26 10 22 23 41910 0.9413074911340217
19 25 16 14 33782 1.070267644255228
25 11 4 27 71902 1.0705029320468435
21 4 6 27 94535 1.0210631631643485
19 9 3 26 71683 0.9258643495845333
20 21 1 3 80569 0.9922695855486612
5 26 15 22 48701 0.9991661451256068
17 28 12 1 83830 0.9284090735920791
7 3 19 27 84237 1.0023881573271058
7 4 2 17 59035 0.9087915799289444
0 5 25 26 82155 0.9061758916163415
12 18 25 29 63913 1.050663855835347
10 13 0 16 25172 1.0301282604180895
28 28 22 23 36930 1.0981335258328444
17 19 13 29 46394 1.0460164605609625
6 13 0 26 52964 0.9937587163171122
28 22 6 8 79099 0.9512515844784871
4 10 5 24 40382 0.976300872383941
1 12 26 29 75956 1.0007597424438215
11 23 29 16 62232 0.9554635135307553
11 16 6 27 44454 1.0379171938912457
11 27 17 15 44487 1.0271297473664274
7 11 20 21 59101 0.9168434645865897
15 17 22 10 41802 0.9620597406571473
14 27 27 9 89090 0.954640798916478
23 14 10 12 27902 1.0281486968778029
25 13 20 2 31035 1.0922715569441828
2 8 10 25 62786 0.9599693305984738
20 4 12 12 41412 1.012643387974956
10 12 21 22 50903 0.9280276708803651
2 26 25 12 74748 1.0412898759270715
13 25 0 13 51766 0.9395390235158394
16 0 0 27 97495 1.0695536702572137
4 8 17 8 33239 0.9584322389596562
3 24 11 1 65268 1.0449047863728531
7 26 15 16 56059 1.0542258933340425
20 9 11 0 37917 1.0080840582405648
27 28 9 8 80597 1.0346170691426846
24 25 13 17 56898 1.0483719715887572
16 21 14 1 61124 1.0014599231245256
22 25 6 8 72898 0.9266404754817196
25 23 19 16 31451 1.0050152804352939
5 9 2 27 63135 0.9518917400880208
23 4 17 21 46375 1.0801305400462562
27 27 19 16 47988 0.9050909382309276
18 2 5 29 90511 0.9309423344870404
16 0 17 15 54686 0.9897732193919667
14 0 17 25 83134 0.9953588250630225
18 2 20 14 34351 1.0141779879292474
12 9 2 29 72925 1.0541139993729978
5 14 13 16 23129 1.094272459388191
21 21 5 1 65611 1.0689949076483316
18 14 29 29 52817 0.9719991812298882
29 27 2 20 103732 1.015289363387173
16 9 27 23 70563 0.9300272463355241
28 10 9 20 73800 0.9936074300327313
15 13 28 14 27128 1.054767373205809
24 16 6 7 52714 1.0536900878996114
20 18 6 12 51812 0.9915561728510219
22 25 13 27 42797 0.9042043714450558
4 8 5 23 44522 0.9491014604624208
24 22 24 0 50919 1.0400653421881914
1 22 13 2 73795 0.9585788880142302
28 0 23 10 27525 1.072489666335098
17 8 24 27 58646 0.9818729878901136
20 0 21 22 53255 1.0033175102700245
16 13 3 14 28268 0.9934200462999819
0 26 16 22 71167 0.9939543609664703
9 17 28 15 52567 0.9223214970941013
3 20 3 7 40200 1.0561560174955036
9 17 21 3 61936 0.9506346916908397
6 15 18 14 26851 0.9112141408194271
27 8 2 19 73377 0.9708999152989309
28 5 25 22 43890 1.0979581799595193
2 1 16 26 81396 0.9536126493847744
8 6 1 24 67931 0.9750857922729828
8 17 19 8 51021 0.9858706968371519
16 16 3 18 52831 0.9943616562386721
18 10 7 13 36435 1.0110979851332549
6 1 16 10 48409 1.0490743449933402
6 14 2 26 41148 0.9700411669575483
22 8 9 7 30939 0.9732639346634692
17 2 1 22 83609 0.9310176215089122
3 25 24 10 77073 1.001203430158467
28 20 1 14 62639 1.0048998684079917
18 26 25 12 47224 1.0239389238983767
28 0 4 21 82427 1.0806663632945979
19 29 24 21 32264 0.9955419246785484
5 4 20 14 50738 0.9734027933115857
18 25 13 12 50274 0.9972611335334617
3 23 20 29 77807 1.093936099302325
9 25 24 17 62827 1.0056078743282348
22 18 19 29 42591 1.0114340929611756
18 4 4 22 65784 0.9304452875664995
5 5 29 14 60237 1.069132409424457
7 6 15 8 24992 1.0231047091712644
28 0 24 8 28841 0.9621594592144334
24 0 28 29 68888 1.0824852281700792
10 17 4 23 36166 0.9988734420838645
4 16 1 29 42236 0.927873489827788
29 6 13 2 42097 0.9291010899627736
5 19 10 27 38371 1.0306784760700232
17 24 1 16 67764 1.0389213998585254
27 26 29 5 61614 0.903859339602278
4 19 26 21 63654 1.0041847252125784
29 3 11 7 44874 0.951662491951957
3 27 22 9 84037 1.0026970354579332
23 6 15 24 61525 0.9826513682321145
8 15 27 21 53607 1.0141270703040177
3 15 17 12 40869 0.9416352832334431
24 17 16 6 40158 0.9453288201207308
28 7 16 19 46750 1.0969595715230485
27 18 23 3 43412 1.0852920181778616
11 23 0 5 56555 1.065603838715297
18 25 29 29 49106 1.0270333476373152
14 2 24 23 62667 0.9329586722129208
15 27 1 14 59520 1.0960171013578799
10 10 16 27 64307 0.9684246037952174
14 7 18 23 53692 0.9382804357988651
25 26 22 4 46683 0.9297653340635063
11 3 29 7 38450 1.065479501144408
9 14 16 2 43435 1.0352155734783899
1 1 9 28 77435 0.9390032005514634
21 3 29 12 42001 1.0867438644795122
10 12 27 16 50126 0.9375289915987508
8 29 4 15 49172 1.0025144948334457
21 29 1 22 88784 1.0327388512045288
27 12 20 20 37335 1.0033218248452447
24 26 8 26 58496 1.0680790513366487
0 8 1 19 39616 1.0447080779607494
28 27 19 23 46310 0.936561053116661
12 27 23 3 67959 1.085294883747094
21 9 1 29 99344 1.0084389129473537
5 21 11 29 35501 0.9908211950307495
7 20 21 21 51037 1.0687275598421662
10 15 20 12 28902 0.9932140636775506
9 23 23 9 59867 0.9183572240448935
21 16 14 2 52643 0.944043503005584
11 20 14 6 37300 1.0656307792836093
10 8 29 25 81641 0.9860857712583491
16 5 26 22 61968 1.0559888006893832
8 23 1 15 50359 0.965529316483043
21 0 18 10 34715 0.923395184183996
23 1 28 12 34093 1.0941534608742058
3 23 19 21 60118 0.925757670513708
2 9 27 20 86673 1.0745491354690102
25 15 18 10 24927 1.0828870897856777
13 1 27 18 60763 1.0129002343651958
9 1 20 1 16158 1.0039823236262784
5 16 18 29 74149 0.9401888745493088
28 0 21 7 26005 1.0073816957141022
4 0 26 3 40133 0.9768790696519867
29 16 16 9 60778 1.0772539041873974
24 3 18 28 67234 1.000499772654872
13 11 16 25 64784 1.0104297030113774
20 5 28 12 38019 1.054849198256539
2 20 27 26 89720 0.993573253393145
17 25 10 18 47925 0.9646057094355566
16 1 5 22 69831 1.0147661687739131
25 25 8 5 72615 1.0799525713966416
26 17 17 11 37622 0.9869576244109897
28 17 20 25 51680 0.9720432696564285
16 18 26 22 47935 1.0200063221768558
10 1 23 2 20133 1.0685624172780628
18 24 28 17 54638 0.9487823740293474
24 25 27 16 37668 1.0310946893153252
3 16 27 24 74626 0.9299282054012623
0 12 3 25 44864 0.9008600366577463
22 25 17 11 48916 0.9387814623559809
13 24 24 3 69449 0.9816748345529567
0 14 20 16 39884 0.9041638901737127
29 16 28 6 44026 0.963512343956728
14 9 12 24 57971 1.0212475538868853
22 15 14 13 28339 1.026757617974224
0 10 21 8 52341 0.9621523791921524
26 14 21 4 31163 1.020714913173236
19 14 0 5 51331 0.9219968130005864
19 26 3 27 60307 1.0286331948472855
27 19 17 1 47563 0.9411489593329927
13 9 8 14 30973 1.061596818816849
27 20 14 27 68448 0.9994448548026589
23 22 3 18 65279 1.0660578926054505
21 6 14 12 43162 1.0495037571943246
28 10 22 17 42601 1.0293573334761357
9 18 13 0 56277 1.0190608870472158
24 5 9 1 33570 1.0049325704220355
2 5 16 11 63576 0.9378092849818066
0 11 6 25 52983 0.9490291224325307
11 28 21 26 40265 0.9521917232651993
3 9 17 12 54836 0.9731173094775166
1 1 25 2 37353 1.0201121310182524
24 24 28 13 34940 0.9100673994838265
23 17 20 25 28839 1.0759744064910364
2 13 0 4 40225 1.023260036285038
12 4 14 26 60328 0.9055443012339254
14 3 24 13 50003 1.0525724038042976
14 7 19 24 53305 0.9487464805285711
7 6 29 22 80457 0.9329943161279872
24 14 13 6 34985 1.0338996567978807
27 11 26 1 32060 0.994030888837404
0 29 11 1 87561 0.9116827533026827
17 19 28 9 55206 0.9762623721615968
22 22 5 7 64539 1.0049023109097384
27 7 24 29 46941 0.9240858011873423
20 13 1 18 49476 0.9817371061362742
8 13 28 16 51471 1.0708192741052074
0 17 15 22 58828 0.9443368127358525
3 27 22 18 84402 0.9468521459683394
8 22 2 28 45676 1.0742001457985777
1 15 28 10 69348 0.9494126141821772
3 10 25 5 53413 0.9725572131975205
2 29 29 20 107039 1.0832949077738672
15 4 7 25 77884 0.9564816842760682
5 14 10 27 40098 0.9029029511050068
8 18 16 2 65524 0.9078391299461341
7 8 23 15 46033 0.9977244128181798
19 1 4 18 58987 1.0913139974088486
11 8 22 9 34374 0.9392216810581215
24 29 6 10 85074 1.0184198148195818
2 10 16 28 88196 0.9045576857822686
19 22 21 2 54464 0.9622711024255862
17 18 0 2 78189 1.075009223202888
18 6 26 8 23084 0.9355434828688067
15 27 28 1 84430 1.098931511268166
7 24 9 9 64201 0.9695789707257011
25 4 10 0 31038 0.9798297657859416
10 24 20 15 44227 0.9766360128044348
25 24 9 8 63785 0.9965955997155216
6 24 16 25 49189 1.0281649351439497
17 21 8 25 41069 0.9828512283379064
20 28 13 20 46902 1.096552687234417
24 21 12 12 44308 1.034221380511898
28 21 11 19 56487 1.0793246527607034
4 1 8 28 77694 0.9410086688728884
28 23 27 2 64052 0.9815509078198953
26 2 18 24 61441 1.045162085606269
14 12 24 28 59362 0.9534638146388092
29 4 2 23 106256 0.9783877770453605
7 15 15 11 33748 1.0666549824639224
3 13 14 25 55807 1.005560761306725
28 0 23 23 50479 1.0604268488647937
28 14 18 1 35440 0.9985821500945213
18 19 16 3 56079 1.0777789084734077
10 0 6 11 50216 1.0770224165602953
24 12 1 26 80723 1.0386661872326348
16 8 28 4 44913 0.9463783159646248
27 7 1 12 58036 1.00103076930157
29 8 4 19 70559 1.064078086310011
4 10 22 11 51934 1.0210829879037995
5 8 17 11 46205 1.0637278037560478
0 17 7 14 19789 0.9452863957973592
21 29 8 12 71084 1.0282111062620538
2 12 16 7 41810 0.9483692311342615
3 18 18 12 48574 0.9508842693132878
5 22 29 8 83306 1.0808625876066598
15 20 24 4 57484 0.9523616968405678
12 0 27 19 60779 1.0959351932064154
20 10 17 28 63587 0.9884963010272407
6 10 19 13 49444 1.0291834769355421
23 15 15 27 54658 1.0765510867295838
8 9 14 22 61931 1.0349913625353584
26 19 7 0 65006 0.9233344286599132
3 18 12 28 51927 0.9398801192654169
29 8 11 21 61536 0.9138231845600718
16 20 10 29 41669 0.957514891168772
15 3 27 11 54294 1.0734789143916443
23 8 1 27 84636 0.9775696596713254
7 18 4 1 60532 0.9994061370607026
28 2 26 26 60097 1.003225193419346
5 21 9 12 40927 1.0312679892022054
0 3 23 15 61589 1.0719374353212061
9 21 5 7 44961 0.9483033492273364
1 19 24 17 63986 1.0077512233272106
20 12 22 25 39504 1.0895912672324095
17 14 15 29 56089 0.9125057023367519
27 11 10 1 51162 1.088796770467125
21 9 23 22 38394 1.0379979500439944
16 24 7 23 46332 1.0366770757857657
21 15 28 22 39535 0.9912766237384902
12 25 9 17 32235 0.9072466544866463
14 3 27 16 67488 1.0555995708551664
14 24 11 3 55116 1.0870052460137232
9 13 6 25 50371 1.0587895830605871
17 5 20 24 64919 0.9849596631510704
19 7 1 2 44180 0.9225065480907401
2 22 17 28 79736 0.963603240103664
11 28 8 11 50272 1.0277060893005492
8 4 0 11 45058 0.9770120767098962
13 20 5 1 55660 0.9797149458697095
10 0 26 12 48290 1.0638729452680433
2 16 29 15 64613 1.0507847861613118
1 10 17 10 57889 1.085636101800217
26 4 16 25 72238 1.0249950848426002
18 8 22 0 28997 0.9949551572291585
20 20 0 24 77303 1.0085726302919815
5 15 18 14 25839 1.0329997088923362
22 28 13 7 59856 1.0476567873377203
11 26 18 17 42015 0.991522510629145
19 1 29 29 69842 0.9654677438268868
9 15 13 24 38967 0.9734966613375704
11 21 28 4 70576 0.9964877134913276
0 6 23 28 79685 0.965295653336995
13 7 6 21 47606 1.0707864309966715
3 16 5 7 31613 1.0891407064378986
20 12 9 25 54807 1.0274259625279318
23 3 16 7 18964 0.9951642968514772
9 8 25 29 72508 0.9451328551576199
3 17 11 4 43315 0.9609026304864934
10 26 29 17 78637 0.9106951161112132
27 23 28 10 58848 1.0361708673580843
17 1 24 17 39281 0.9681368021389974
25 15 22 4 25869 1.0566871484976847
7 1 28 12 57042 0.9343028792384918
11 19 25 8 44883 1.0130495351420354
26 14 21 26 34537 0.9355555900913098
18 0 11 22 55560 0.9472146815062699
13 12 19 5 38232 0.9495061840692058
0 5 10 4 35207 0.9884335093837628
6 20 17 16 58414 1.0261514614899854
14 10 25 18 52012 0.9536915352469015
15 9 18 24 61248 1.0823903350117967
0 25 23 1 90559 0.9023892605369729
24 28 8 2 78781 0.956304945352119
29 0 19 9 37930 0.9469555438435292
1 22 22 9 76951 1.0782459042324986
13 27 27 28 62616 1.050623504754702
12 14 3 1 38305 1.0146451524991467
25 7 21 21 33091 1.0477303047856412
23 24 14 6 51152 0.9189432476537006
29 28 2 13 88798 1.0776033897277084
4 1 4 23 55334 1.0657050910189199
24 20 5 28 87952 1.0492650120623845
20 21 24 12 30956 0.9805219547166754
23 8 4 27 72337 1.050446376538646
15 20 8 4 64858 0.9430344072391097
9 26 8 6 55515 0.9633916858439422
2 13 29 24 81672 1.0039888323971637
26 5 24 16 35037 1.0702507038801432
26 4 1 9 59112 0.9469847306076642
29 13 18 14 25159 0.9212206460807553
21 2 24 16 39072 1.0643110164162866
0 8 11 22 51956 1.0554487070123049
17 26 10 0 76309 0.9937330550864983
5 1 10 25 60308 0.9913095248832563
12 27 19 14 44504 0.9940593436457957
0 10 12 22 53835 0.9180407138188533
6 5 21 9 50882 1.0669462509540724
17 22 21 11 50357 0.9932933671386951
2 20 24 2 80943 1.027507197331355
15 1 28 24 66982 0.9343534792420627
20 13 15 7 28461 0.9282387996615097
19 16 18 7 25221 0.9964273448625346
28 11 24 4 37107 0.926694783357191
13 28 17 2 80390 0.9360152702886304
21 2 5 17 67251 0.9017318775341813
2 7 25 29 77755 0.90819572272273
26 0 7 26 90159 1.0614925317973847
17 24 25 3 60000 1.0346495819314516
20 6 25 1 18066 1.0185888696418168
20 19 27 2 49181 1.0072350431430086
29 6 19 26 63599 0.9396870715425425
10 14 26 25 50280 0.9554253694768112
14 25 10 3 62343 1.0467616653851965
17 21 20 5 51916 1.0939857658508738
23 7 0 18 59429 0.9349637312625116
5 27 25 12 74607 1.059981348340156
1 28 17 19 76071 0.972640837860939
11 6 18 17 37289 0.9979741728126212
13 16 12 29 43887 1.0757359032775562
13 14 26 1 41503 1.08283641343021
19 29 3 11 77608 1.012597581555805
12 7 6 17 42609 1.0923772224579282
10 3 7 20 53854 1.0697566349390009
28 0 18 16 47685 1.0557225996008102
11 3 9 16 36896 0.9234951191867626
17 23 4 28 67860 1.0788632514608676
19 4 11 6 24354 1.0264480259033242
5 6 27 8 48555 1.0192481139980814
17 24 5 7 69347 0.9458284794915396
16 20 17 3 64716 0.909845885036346
12 14 5 18 28081 0.9197075998126836
12 9 18 23 56809 0.9970217955203934
22 4 0 9 57332 1.0509752548680473
8 11 26 27 73625 1.0880990472480512
29 3 1 5 67940 0.9879886764871838
3 12 16 19 48029 0.9178619597323427
15 1 18 16 45219 1.050950635777347
10 2 15 25 69824 0.9363926343558158
1 0 17 19 73277 1.0751731541917138
26 28 16 1 63445 0.9410129430258398
8 28 20 14 57732 0.9499403366819565
14 7 1 2 35125 1.0848188092509723
6 17 17 23 67103 0.9099668355603393
9 13 4 28 48462 1.0523397778968864
15 8 20 24 61281 0.9972659128230554
12 1 0 8 35452 0.9468658264687547
18 28 1 15 71451 0.9631743106281228
22 27 10 23 57729 0.994620800633881
16 17 24 4 50139 1.064136729025714
15 1 28 16 52009 1.0342256397788
10 21 5 13 31636 1.090941072858808
10 19 22 3 53870 0.9562168034638611
20 20 16 0 59388 0.9205789533184416
5 13 14 4 48696 1.0116769054415586
26 0 18 12 44396 1.0213132632393822
5 5 8 16 43899 0.9677233922353654
21 15 7 0 57052 1.0705199097118825
10 0 13 29 67985 0.9349680033569175
26 19 1 19 69093 0.9038392615380206
19 6 24 26 45973 0.9730045926719506
0 25 27 12 85094 1.0192653883724603
0 19 26 13 63311 1.0145503682817791
21 3 4 10 51216 0.9351240793292628
27 27 7 28 85080 0.9516423921536366
11 8 2 23 58097 1.0052183986631689
6 2 6 14 41707 1.049361027883721
16 25 8 8 71737 0.9505515648040644
6 6 8 26 63890 0.9254140314693458
4 13 0 21 31075 0.9684713036312614
1 17 16 21 56482 1.0301840563069256
21 15 1 18 51068 1.0553199872690167
2 5 4 29 70294 0.9389056942740592
4 11 28 25 77140 0.9835720153222303
14 8 19 15 36936 1.0602022957695794
12 14 3 5 38066 0.9048955820933349
0 22 20 23 75230 1.0691948939347353
17 6 6 24 74374 1.033450626556756
4 1 21 11 56039 1.0487769069595414
0 3 13 15 52840 1.0208855121833549
7 28 13 21 39071 1.0566042445932373
25 16 8 25 63249 1.0781238399558664
22 23 12 17 55987 1.0678001628853404
4 10 18 24 62451 0.9812109596698183
10 29 4 20 43400 0.9879173992010806
1 17 14 28 68477 0.9777927963672743
29 13 20 17 34739 0.9751752810608144
24 6 13 25 67766 0.9757894286973544
20 25 25 19 30723 1.098287184210991
17 0 6 6 40720 0.9361465378135786
0 17 16 18 60789 1.0117301079124243
13 5 17 24 71458 1.059484261513764
12 19 22 13 39087 0.9290867937650658
24 1 19 12 30546 0.9779958134230722
2 4 16 13 59311 1.0870904883827623
28 24 18 13 47285 1.0898176762188339
7 24 19 21 49048 1.088667124131872
13 3 24 4 34240 1.0025174254486537
16 20 7 6 59847 1.0980906929076875
6 8 26 23 74086 1.0619075289337438
28 25 26 14 37534 0.9923817484745071
13 5 2 11 47688 1.0317244870711406
16 3 8 17 62302 0.9611970395258702
11 11 27 0 51762 0.9642379928866809
9 10 1 14 35405 0.9681608085252771
10 19 3 6 44517 0.9286948735411151
0 29 8 7 76158 0.9267422575297977
17 24 11 28 35217 1.093026448672469
10 4 1 26 77488 1.0602502089477535
0 19 14 5 63145 0.9448419471916125
7 8 13 28 63996 0.9180513461526866
4 14 22 12 38730 1.0489633207751883
0 16 3 2 46659 0.9796312885496339
10 6 21 2 32678 0.9225250378214134
15 28 14 17 58381 0.9174779862962925
9 18 20 15 41879 0.9392276323005786
1 12 19 17 42788 1.0497683870690346
22 29 9 9 77155 0.9380711314666382
26 26 15 1 60142 1.0584171990327436
14 23 9 1 66206 1.0671315526030791
8 6 14 24 58356 0.9624247864587303
10 0 14 23 68921 0.9850597808083867
0 26 28 18 102299 0.9185899115307036
8 20 29 26 84527 1.0905498441897938
10 9 4 16 33925 0.979082014725805
2 28 26 27 96230 0.9513503349122693
13 14 22 7 28822 0.9389808773982499
26 17 21 9 37227 0.9580251853055533
6 10 7 1 42040 1.085901550182138
24 22 8 25 70109 0.9992353437610679
11 1 24 17 48631 1.0206171413713876
5 24 25 24 82120 0.9245247260900459
18 4 11 26 59509 1.096740097616325
4 28 27 8 89616 1.01430204256354
12 27 13 12 43376 0.9815875965561539
6 25 25 20 78979 0.9982102138242783
5 20 9 7 46796 1.0570430972812987
22 29 11 12 54833 0.9883277679279902
25 13 11 27 51119 0.9161956158478534
19 6 11 23 48682 0.9355900674575982
13 4 21 12 46563 0.9635964131111081
29 5 15 4 51651 1.0795290812064005
3 7 8 21 50342 0.9238816642033912
28 1 7 21 76174 0.9810294617215897
1 27 2 4 80318 1.0701127685582736
14 2 12 10 36763 1.0271430902875198
8 24 18 5 65193 0.9612065876486994
14 18 19 13 37675 0.9251692023682497
23 29 2 1 78359 1.0862106542189058
15 23 16 8 66936 1.048683766773579
11 17 10 4 31705 0.9339773383253311
1 16 26 23 68300 1.0087023690356325
10 16 22 7 41418 0.931697846803444
7 1 28 25 81295 1.0435926126244375
1 10 15 26 69091 0.9915839071300683
22 7 1 21 70037 0.9023700714127437
7 8 4 29 66143 0.978271107258568
10 9 0 6 28265 0.9388143923262121
18 27 27 11 65285 1.041244946162061
27 18 17 10 54799 1.035486191732876
21 4 2 26 93947 0.9101418792208456
6 11 25 10 58252 0.9528886833204815
22 15 29 25 52516 0.9035543379089811
29 23 26 12 47619 0.9577839715724397
17 16 25 11 30192 1.0229898449578239
0 9 10 22 56063 1.092865727402833
1 24 15 17 69745 1.050824095760802
25 9 12 23 57770 0.9878608368298973
10 6 3 26 64064 0.9306452370566527
15 13 1 24 60235 1.0392702038213657
9 1 16 10 43642 0.974067510620862
12 3 17 24 70716 1.0001169355331145
24 17 7 8 55275 0.9585355714023309
16 22 23 4 56794 1.0274260909787518
8 15 25 22 48442 0.9993056853277549
5 16 4 25 29644 0.9775454203246307
18 27 3 22 70041 1.0633119126130413
8 15 26 16 45260 0.9037967648576504
11 7 8 22 43939 1.0071277192476382
1 29 15 18 73701 0.902478899501063
14 23 7 11 63354 1.0228989334253535
23 19 11 2 49127 1.0207305735725998
3 29 9 24 37666 1.0339090359015963
5 16 15 3 54056 0.9328686126480581
24 7 8 5 40063 0.9987241113551157
19 5 28 9 30901 0.9085725969084566
26 29 25 3 50331 1.0518161840750668
14 8 25 12 35810 0.9122880729943854
15 5 3 15 48608 0.9429596339224261
10 9 24 10 43730 1.0902731741020881
21 29 27 7 51126 0.91733086732417
22 27 25 3 48071 0.9588650719071858
22 29 17 8 61000 0.996721808363162
22 23 22 11 34787 1.0903500878164474
6 1 27 23 78020 1.0645464382083045
24 21 9 11 54402 1.004944019939001
5 7 27 5 49495 1.0281281948710066
22 8 15 2 34574 1.0513037072475027
23 11 24 22 27552 0.9024116974442985
12 25 8 4 64007 0.9287141958861973
20 14 0 5 52964 0.9874712819459118
25 19 4 0 62394 0.9896537659740352
24 4 18 16 34762 0.9524271484825751
0 18 19 28 78639 0.9995928261807195
10 6 20 7 21568 0.9212097356994569
19 2 8 26 75258 1.013920688113525
3 12 27 19 60094 1.009966968937439
4 13 9 24 42999 0.9604693720636471
7 21 10 9 45689 0.9006413413252322
4 29 29 4 107749 0.914388747577409
23 8 2 1 42296 0.9082480930284313
13 13 10 23 33094 0.9164296557448665
7 2 14 26 71414 1.0632134515287364
2 24 3 1 68663 1.0071680698653407
25 17 6 11 56498 1.0537110284752984
17 27 6 24 55732 1.0349761556767465
7 13 29 24 72750 1.0204053132257105
28 18 6 20 81031 0.9483978455373576
3 21 11 5 49534 1.010628688576758
28 19 29 1 48813 0.9006653932448486
26 8 11 0 40212 1.0920796948369373
26 11 14 2 45418 0.9242512420692798
26 7 18 27 59202 0.9922833263901926
8 11 26 1 61730 1.0607220896058898
25 21 12 23 52049 0.9027608087294303
6 17 26 2 73311 1.0652420172372454
22 17 26 25 31392 1.0834005756831437
16 22 28 19 48637 0.982621222203131
9 15 10 27 40423 1.0151723149544574
3 3 19 22 73263 0.9631552958031401
11 26 13 8 46286 0.9188678600580709
0 29 7 3 91333 1.0460988171962453
3 28 11 5 68249 0.9186438726724708
23 19 4 14 40292 1.0805636374093948
1 20 26 29 90683 0.9906336658353596
27 29 27 16 46909 0.9637335764840126
20 15 14 23 53146 0.9751127066514014
13 5 28 17 63241 0.9902044261135782
4 8 13 21 47636 1.0812916943850779
4 23 3 0 63536 0.9580318124691742
2 17 4 28 38493 1.0966805932070696
15 23 2 8 73894 0.9576795792091662
1 25 20 29 78558 0.9864059686487493
14 15 22 0 51097 1.056464961842425
24 26 23 3 42504 0.9643801631327399
14 26 0 17 61605 1.0647995226613167
28 5 20 12 38937 1.0058619650798515
5 19 28 20 74892 0.9071351369539848
24 7 15 22 54379 1.0268910069062502
2 20 19 2 77277 0.9943969282425225
5 20 10 14 29806 0.9605567543294843
28 20 4 26 89446 1.0806267848284237
26 25 18 14 36310 0.9893156700009866
8 1 28 3 39350 1.0492437921575812
20 1 20 11 33792 0.9221655306813757
14 10 22 13 46582 0.9971881675112175
9 5 18 26 75416 0.9404556378437765
18 19 3 15 45350 0.9242184136708494
27 13 7 16 52423 1.0811370416121382
28 17 12 25 73087 1.0379935008605536
1 22 18 3 79063 0.9368362490550104
13 24 12 9 47198 0.920747583286812
18 22 22 28 34407 0.9822542531821213
14 20 3 0 71073 1.019188493293741
18 13 7 5 47375 0.9592833222717547
14 8 4 21 54558 0.9402929272985756
21 28 2 25 80551 0.9979580881087724
7 8 21 8 35779 0.9179596144790713
4 10 6 28 54922 0.9237489940663224
22 7 8 19 51389 0.9539765797229993
9 27 22 12 63637 1.0911545424681126
12 4 28 18 71595 1.0033701350046242
12 2 29 19 66364 1.069037720934067
10 16 21 5 49944 1.05397604686857
12 0 18 18 57081 1.0592532416633706
19 7 1 23 72552 1.059829402157357
25 18 22 11 21588 0.9216584957999822
10 21 23 17 44003 1.0957973254948588
15 14 11 20 19824 1.0452064588671552
11 0 18 5 24624 1.069231357665292
10 3 0 2 26292 1.0756780185677375
22 2 17 15 40947 1.053077803097643
0 24 12 8 66483 0.9303682780053593
21 19 2 5 73815 0.9000408213667688
8 15 28 3 61737 1.0513055496148385
22 21 2 3 76643 1.0943391311700117
20 3 1 6 48976 1.0485039686054978
28 29 4 1 88983 1.02238358482795
18 12 15 19 31087 0.964834110183373
3 22 18 5 69018 1.0891050922049135
5 1 8 24 66866 0.993944282922377
23 12 9 28 61291 1.0615758097044425
28 0 25 11 28389 0.9111810476104684
10 8 15 2 29955 1.0814032903540658
8 14 20 27 56766 0.9964032989484757
3 16 25 13 47821 1.0090636088592222
16 19 22 3 48818 1.0580761453246037
19 26 11 15 46853 0.9714961454475036
28 20 1 1 80269 0.9059737482955881
27 23 29 8 56463 0.9755269934363076
17 18 29 24 60429 0.9319949351810427
6 13 28 22 65615 0.9688495860663002
28 1 17 17 51327 0.905692981093247
7 25 21 3 86044 0.9090729224233666
3 12 13 27 56590 0.9640610561955854
8 16 24 4 57523 0.9661229659458906
20 27 2 10 87429 1.0282628848695332
8 27 5 19 40151 0.954421609976306
21 10 14 19 51243 1.0454854479582325
1 21 12 26 45655 0.919155748601411
23 9 12 19 41207 1.0518928758485993
2 23 25 7 80242 0.9683861804142605
26 0 18 16 45102 1.0890233272256225
9 24 2 15 49904 0.9807920897401403
18 21 27 10 54295 1.0448612330349778
29 23 17 9 74807 1.059484447470442
5 24 14 4 76395 0.9813006217870398
13 11 21 2 52921 0.9537608261305286
26 2 5 19 72360 0.9823135907885197
27 20 14 6 59534 0.9231127937259553
17 13 11 6 33963 1.0476678766943415
23 26 13 12 48151 1.0296482582785333
19 11 6 4 52283 0.9355159378102749
25 6 26 23 37770 1.0202112638477165
20 7 26 1 19107 1.0194375080308515
7 4 25 17 65007 1.0389611307761
2 4 8 14 40821 0.931400414731295
28 19 15 15 40638 1.0437233050584402
0 23 21 8 80811 1.012118644736272
3 25 26 11 77947 1.0378562981164292
17 2 2 10 63123 1.0523337896162546
3 7 18 1 36654 1.0126906067592205
25 28 5 17 70752 0.9688941598645897
29 8 15 9 40684 0.9073315941866998
5 18 0 0 60039 1.001640876427095
12 19 19 14 27230 0.9578645119897535
4 26 17 21 53314 0.9056502022485372
10 7 25 5 28754 0.9627842869705467
7 2 18 14 47857 0.9157319109308973
11 26 16 5 60160 0.9154123048640818
10 20 19 11 39198 0.9547394844843969
12 2 7 26 66921 0.9191460008471546
5 13 24 28 64375 0.9829181974253871
17 3 28 20 63579 0.9062958593802782
18 25 19 1 63636 0.9845786542259644
29 15 19 7 34241 0.9737048245971955
17 13 9 26 49612 0.9654035437021106
1 4 14 25 79256 1.0214954090669826
12 26 1 5 66136 1.0506004795817563
15 11 14 20 49906 0.9220386157581398
20 16 6 15 38299 0.9106965644924002
15 6 6 18 58309 0.9127723525454133
13 26 0 28 53071 1.0683804103563421
27 4 18 0 29551 1.0835428661065383
17 2 18 22 63769 0.9470256968821966
3 25 25 14 66190 1.0613983263997622
17 5 21 11 39331 0.9670815243792047
29 3 11 26 79047 0.9807499254931785
17 1 4 12 45411 1.0626880255461995
5 6 3 19 38103 0.9399065832145577
26 2 5 17 67485 0.9033517884974186
6 22 8 14 37269 0.908285062280166
15 3 8 0 26662 0.9649054025008393
8 28 28 8 86644 1.057441171680539
7 15 23 29 59364 1.032824871919568
13 9 28 4 52905 0.9971116371775859
20 13 5 6 47063 1.000149139715987
2 14 29 8 59909 1.0189541615546656
15 16 5 1 50091 1.0222713840965658
17 23 10 7 60767 1.078403839676176
12 0 18 11 43667 0.9961383924676607
0 9 21 24 81734 0.926793813949692
12 10 23 3 40832 1.060935956291988
24 20 11 3 58505 1.0735432213806542
20 28 1 17 80092 1.0578030134866507
13 1 29 24 74596 1.045376151354499
8 14 14 25 42328 1.0572850005670553
24 0 11 27 74569 1.0045190160190722
11 2 21 25 69511 1.0735691749656955
8 24 15 16 50591 0.9125840840393765
7 25 13 4 72212 1.0358261162154563
23 26 21 15 30218 0.9045514262116885
12 9 18 15 33091 0.9378207388489258
26 9 2 1 54993 0.9994354918287016
24 12 7 14 34272 1.0281941732395417
6 26 14 0 79957 0.9169124899545353
28 22 1 27 107465 0.9206384414153022
11 5 24 11 38091 0.9334315717505779
0 22 10 24 47437 0.9984202636604897
7 19 20 5 59507 0.9017528290348458
18 21 24 10 41837 1.074874615551547
24 7 11 16 37058 1.0900983665769144
20 6 13 18 54190 1.0363700418558128
21 14 8 19 36051 0.9601842374200448
2 11 28 4 81285 0.9357680837945455
29 27 18 4 75416 1.0624815640610403
5 23 5 9 50170 0.925415988166946
17 4 23 26 56241 0.9917375710408727
4 5 17 7 27144 1.046948107655238
11 16 10 6 23524 0.9666314793015484
8 18 23 19 52352 0.9535862907855561
17 14 8 26 45271 0.9280314187511586
6 20 20 27 69332 1.090529494887759
0 13 5 29 50065 0.9812639736824216
18 3 21 20 51737 0.9229408694927457
14 2 29 12 57396 1.0944363132775536
8 9 18 3 41396 0.9646116464219714
12 0 8 29 73478 0.9610376668463246
8 12 5 4 42559 0.9011924890197585
20 11 23 29 46301 0.9755335610191598
29 24 21 20 42306 1.0613485697168956
6 27 0 5 72867 0.9418837097167962
29 9 29 29 74685 1.0380459071290504
12 3 12 15 31265 0.9542039813661463
16 9 10 14 37244 0.9368557166039576
19 24 21 3 56670 1.0197360730148648
26 6 7 3 48751 0.9988229081512453
8 1 15 21 56868 0.9659219350272898
3 21 13 23 43538 0.992503268753041
14 18 17 28 50272 0.9103738074749845
7 10 27 21 72891 1.0809090549571858
9 21 18 22 31264 1.0208684808736042
4 28 3 14 36534 0.9616150739684663
27 4 17 0 36213 1.054388231533716
9 17 14 4 53512 1.0242019897533619
24 22 12 24 58464 1.0716536150219476
29 25 2 15 84298 1.061928478622172
26 18 25 29 28036 0.9287050519243887
5 28 21 26 66491 0.9851372287833015
16 25 9 10 70028 1.0488644673155667
4 26 20 25 59854 1.0660184618103006
20 25 16 4 74103 0.9154724222046913
1 13 27 11 59008 1.0470573624231228
9 13 23 26 51422 0.9677455850671899
28 27 2 29 101292 1.0011208067864084
19 3 12 17 49717 0.9051484069870422
1 14 19 13 30572 0.9913099615384837
1 16 8 10 39796 1.081137793738724
21 21 11 24 37573 1.0390604429622172
18 26 23 19 31740 1.0796678843289544
16 28 23 24 37563 1.0768964383978408
7 19 15 0 59408 0.9424447206190498
13 14 8 23 39540 0.9194811471798271
20 22 18 2 55932 1.0662298309563911
27 21 15 22 43328 1.0583078978963185
4 11 25 11 46763 0.9958000268450335
28 19 2 12 67348 1.067032612488815
18 10 28 18 48479 1.0480151539882092
23 23 25 14 19754 0.9454367020739836
9 23 19 25 49776 1.0884183896797555
3 24 21 23 77140 1.0510225755166007
7 0 17 15 54267 1.0647944319694223
23 29 7 29 59134 1.0363215197868918
8 18 22 27 71203 1.0260274086766472
20 28 7 7 74358 1.043644905038709
13 3 10 23 53832 1.0334416758242164
22 29 20 14 36465 0.9108800506472439
6 2 16 2 28640 0.90436646748782
12 21 22 3 58948 0.9968921787800396
17 12 14 21 45070 1.0066093707435873
22 25 23 14 25154 0.980368152553377
22 9 2 6 52848 1.0616419874196767
22 0 26 13 37692 1.031956710317993
22 16 9 5 58475 0.9878107998653284
15 14 8 3 39752 1.0214011752389025
25 0 28 11 38266 1.0734583051821955
8 27 6 0 79447 0.9930785090648017
20 29 10 12 63503 0.9734055561488453
20 18 28 15 36242 0.9622350513210485
19 8 28 14 29089 1.0723474602419762
12 17 4 8 38125 1.0454845255334073
2 8 9 23 68203 0.9159138633531237
4 21 5 5 44228 0.9454081569228507
5 0 6 12 43192 1.0503066754922705
6 14 25 17 36048 0.9825367786467912
21 4 23 26 48517 0.9311306936114895
25 1 27 10 31427 1.0083843434050104
0 7 19 22 65600 0.9146040790111735
12 12 26 5 48706 0.9781539533165244
3 21 4 1 54120 0.981663940218838
18 7 24 11 21749 1.060296199312603
15 13 19 26 42778 1.0265265429883965
19 25 25 20 31793 1.0259651155704999
28 5 17 0 42476 0.9153050278118373
7 21 13 5 53725 1.0930907339028888
14 12 25 26 53935 0.9132887427299653
2 6 1 19 47460 0.9546863385727511
28 15 27 3 38023 0.9505903478319262
21 14 26 24 30044 1.054836976550966
7 10 26 18 68759 1.0029655661283858
0 26 28 3 104902 0.982981454555474
14 21 6 8 54116 1.0385077914479133
29 5 23 27 56622 1.0876269496879052
28 6 16 12 46122 1.0491566914125654
18 15 21 29 46077 0.934636827622071
24 0 21 19 43644 1.0394932113978252
9 29 23 3 74601 1.059689036158478
23 0 22 16 33328 1.02095840495678
21 16 17 2 47534 0.9761242067082089
24 0 2 22 91014 1.0594939250152358
27 10 7 21 74337 0.9844499019537091
7 22 28 22 79026 1.0714390925307031
26 22 2 16 73720 1.0312596544844976
15 23 13 14 41315 1.0907189869697944
18 20 29 20 44085 1.028868043314199
2 20 1 0 67598 0.961930867675952
18 26 2 21 64321 0.9427024952830866
7 13 15 3 48326 0.966729786596854
6 20 15 27 53392 0.9352840585299547
22 10 10 6 38542 1.0184615982215415
17 18 2 20 61936 1.095303008894151
3 10 22 5 58594 0.9127307824290868
27 11 2 13 61941 1.0860014490790642
6 1 26 3 34977 0.9544874813867308
28 28 16 7 66444 0.968452893252212
7 4 16 28 90652 1.0387627475416403
26 25 6 29 81831 0.9348517368017588
1 26 11 11 57972 0.9285379277286164
26 3 12 21 62099 0.9710032109807464
12 27 2 3 73787 1.0673342233110872
16 29 20 7 68289 1.0670985487117672
26 18 5 26 83294 0.9601493415471134
25 1 20 23 53564 1.00661349398502
28 13 22 2 37292 0.9911987803140072
29 8 18 26 67688 1.0863243994495464
11 27 5 0 64344 1.0982260238176993
19 23 9 19 40426 0.9581718485238458
23 21 17 13 31142 0.9721635328561938
9 3 16 13 45077 0.9323248081865918
9 0 20 11 51733 1.0798109777724263
17 25 15 12 52830 1.0919560923885208
26 1 2 29 99549 1.0844676448298312
7 0 24 2 35243 1.0443407570415213
19 19 17 3 49307 0.9592907947432413
4 14 28 18 59140 0.9601868875280561
17 23 5 5 76933 1.030942295914335
3 15 7 9 40916 1.0522706367920345
13 2 5 29 84239 1.0339759807865971
5 2 9 28 75390 0.9866986600055994
7 20 11 28 32562 1.0908402695272092
21 0 23 11 22190 1.0288336611652107
14 27 2 16 67933 0.9331718759719267
19 28 25 11 50793 0.9334309840795978
14 26 3 8 68883 0.9723449509037505
9 0 6 14 41303 0.9133678464245706
26 21 8 14 44499 1.0877233919096714
6 19 18 23 46641 0.9718141438530056
8 8 24 5 43290 1.0007787183573467
10 7 25 8 27654 0.9536930892846347
28 23 19 21 40205 0.974279577139636
8 9 26 2 53001 1.075915051597042
10 25 10 15 32963 0.958101637552061
25 11 12 7 29768 1.0474625373421877
5 22 15 20 42287 1.042720481439498
8 15 19 6 40834 1.0028104554325845
20 26 6 13 62381 1.0358968159361273
23 1 26 15 31186 0.9920742334962471
22 15 7 0 57644 0.9292019826479878
25 28 5 18 75384 1.035633854026491
16 12 24 2 45884 1.0108903858404032
18 16 7 17 42067 1.0914312517010898
8 16 23 23 53857 0.9095429699628853
0 26 0 1 81373 1.0881674243326953
12 11 6 5 36613 1.0657480769002476
14 12 3 3 49593 0.9037290722827452
1 0 19 17 64121 1.0998760453031056
26 22 7 13 58148 1.0118249789182452
19 20 21 7 35957 0.9377005764984239
18 28 17 11 56943 1.0266005964913032
28 7 5 1 43007 0.9309741074629441
16 12 16 27 62909 1.0315166606631028
13 5 5 29 77563 1.0151598319252986
12 1 18 6 23703 1.0283285397861888
21 10 9 4 50757 0.9361699189074022
25 14 19 24 35692 0.9669972616669722
5 6 20 3 42318 0.9185988517644835
12 24 21 18 51368 1.097809385151391
26 11 8 26 69937 1.009111472881016
17 11 11 27 54287 0.9904669724607186
14 14 12 27 35684 0.9986676408715834
26 4 5 27 92549 0.9132832033212117
3 14 8 8 31324 0.985536203318882
6 2 5 13 42202 1.0473329905661921
10 27 4 6 58448 0.9124626619577333
