4138 6387 6312 3219 3227 4732 4481 6213 6699 3722 5101 5236 5082 3894 4925 3605 3502 3126 4775 6632 4465 5657 6441 4524 3829 4498 4572 4980 5612
6872 7387 5834 5923 7012 5608 7049 7061 4241 4664 6864 4513 4890 4436 2676 3444 5121 1960 2035 2455 2015 4848 1686 3927 3846 5126 5069 4942 3776
4520 6801 5254 5323 5306 6040 4902 5342 4319 5244 6622 6162 4951 6495 6900 6838 5760 4508 6782 6913 6942 7206 5477 6414 5014 6972 5445 8071 6105
4161 6066 3028 4470 3917 5802 5377 5494 4248 4762 5671 2781 2865 5452 5024 5937 2547 3804 5669 4896 3839 3480 5152 1600 3477 1443 1489 5010 3426
4856 4517 5564 4027 4694 7186 6752 5123 6198 3999 3588 7118 3997 5250 4489 5515 4725 5947 7166 6247 3687 6700 6421 3770 4164 3709 6343 7304 5303
7197 3948 4827 6624 7111 7528 4163 4493 7051 4885 5627 5101 5070 7981 7299 6381 7140 5190 6885 8399 5166 7597 6021 7017 6854 4804 5296 5952 4810
7416 6315 5579 8421 6326 5960 7067 7585 5924 7647 5120 5478 6862 5239 7608 8201 6576 6231 5134 5279 8408 7880 7578 4748 7411 6398 6868 7180 6183
7880 7559 6458 5680 5690 7127 7488 7617 5160 5116 6535 6644 6193 4142 5314 5128 6552 6675 5636 5283 4417 6687 4562 4709 7022 6276 7729 7238 5633
5622 5049 3710 5974 5536 5316 4838 4954 4732 3687 3822 5303 3710 3296 3579 5100 5703 2444 4606 2868 2675 2434 2890 5611 5449 2421 3868 5804 2915
4161 8602 6713 6658 6171 5884 6966 6169 5107 5666 5713 5113 5578 7731 4942 7262 6377 6907 6177 5334 7683 6342 8593 5737 6379 7508 7869 6295 7852
3714 5349 4696 5377 2899 2761 2622 5607 2513 2497 4442 4583 5135 2694 6205 5925 4048 3059 5314 5823 3843 4446 3144 4116 5004 4867 4218 2397 1756
4387 4807 5025 6516 7774 6715 6972 7966 4902 7937 4676 6577 7256 5653 4392 7006 6321 5350 6658 6096 4745 5323 4984 7850 7853 6341 7551 7434 6216
5567 6138 4330 4647 3695 7090 4396 6567 6700 5295 6112 4896 6752 4971 4721 6449 6120 7019 4166 5541 4029 4335 4960 3708 3594 5258 3954 1922 5263
6113 6740 5656 4427 5987 4845 3722 3976 4915 5789 4183 6202 6029 4274 6753 5825 4807 5449 4528 6183 7026 6990 4642 8055 7787 6452 7881 7246 7883
6964 6249 6484 7216 7577 8294 7692 8698 6112 5631 5558 6072 5281 5068 8820 7142 5937 7333 6564 8690 6943 6552 4497 6140 6513 7561 6502 4906 6889
5337 7689 5743 6437 5489 6563 4498 6748 5791 5484 6774 5999 3138 3256 6784 4218 6221 3356 5609 5170 5861 5795 3576 4062 5319 5772 4539 5670 6546
4122 2364 4438 4650 2679 3292 3627 2127 2931 3443 2349 3757 4755 4163 5128 3713 4012 5749 2086 2047 4546 4448 5500 3652 3251 3422 1996 2100 2572
5806 5061 5014 7138 5995 6844 4978 5903 5085 6777 5079 5372 4668 5542 7310 6796 6565 6018 7101 5106 4651 6079 4093 4697 5170 6295 4086 4175 5700
3092 2233 4745 3673 3654 5471 4811 5889 7502 5828 4971 5428 4944 6672 5181 4413 7558 6533 4686 6748 7128 4455 5767 6477 7025 5211 6113 7586 5928
4851 3561 2206 5665 4457 5031 5682 5234 3689 6079 2697 5137 3908 6024 5111 5833 3833 7087 3427 3278 4632 3598 6909 6997 4576 6682 3513 5742 6252
2798 2168 5005 1996 1890 2173 5060 2898 5646 2094 3601 2507 2321 1907 4504 4878 4800 5090 5758 6464 6564 5453 4650 4788 5426 5008 3090 3483 4488
3127 2485 5747 3429 3935 5165 2642 2428 2085 5868 3148 2122 2832 5211 3744 3689 5782 3427 4891 2925 5060 3105 3173 3329 4188 5803 3759 4185 6416
2639 5186 5672 4242 5744 3228 3947 2891 3531 2547 2480 5866 3741 3862 4540 2175 5764 4450 3119 3551 4151 3682 3751 4833 5442 4806 2022 4435 2913
2256 3336 1376 4298 1364 3596 1508 4832 1312 4799 4945 3958 4370 1573 3093 1252 2235 2688 2620 2908 3511 3373 1218 1323 3335 4364 4347 2098 4224
3056 2275 2125 3430 4383 2149 2864 4605 3989 4246 2448 5477 4869 5045 5134 5175 5091 2927 2861 2235 3907 1743 3605 4958 3942 3739 4720 4907 2076
5341 1983 4715 5045 4356 4241 4486 3572 4764 4160 4649 3367 5887 4240 6525 4803 6699 3398 6715 6013 5263 3540 3235 5569 6245 5779 6013 3034 6188
3316 4803 3686 4645 3607 5069 2886 6107 2421 3332 5792 4388 3570 4974 4789 4477 5685 5673 5057 5391 2573 3453 3675 2851 2377 5619 2210 2653 5578
4861 5249 5722 4671 4970 4607 3452 4984 4794 3230 5161 2133 4516 3589 3523 5257 5211 2753 5749 2241 4469 4462 5398 3518 2746 3721 4825 4211 3293
6613 4837 4444 7324 5287 7311 7482 6600 5805 5322 6468 4066 6012 5334 7163 6267 7686 4000 6721 7826 4656 6112 7398 5743 5955 4050 7139 4014 4674
3328 2274 2727 4991 2029 1883 4487 2385 2801 5088 3661 4769 5222 2002 2447 5018 4675 2792 4800 2241 1658 2160 4219 4154 4352 3193 1842 7352 4669
3731 6194 3589 2810 5764 7244 4534 5295 3576 3233 3541 5031 6168 6451 6451 5227 3930 3909 5027 4669 1660 3727 3248 2868 7601 6325 7699 4997 2584 8129
4004 5835 3736 4475 2758 4912 8116 3375 4298 2201 3042 3997 6117 5710 6372 4089 3310 4021 4681 6774 1980 6082 1516 2292 5680 7872 5737 2790 3284 6765
4326 6209 4934 2730 6181 7895 4727 4957 5468 4381 5545 4634 6755 4175 4772 4294 3561 2210 4657 4825 3143 3161 1317 3960 6740 6174 3193 3262 3118 7767
4293 3791 4600 2049 3914 6863 6317 5248 4115 2005 3110 4273 7769 4989 5740 6869 4583 5647 5154 7212 4249 2655 1730 2045 7768 5104 2434 3017 2221 8126
2245 2978 5089 4289 5338 8726 5364 5311 4088 4926 5643 4526 5093 5656 5840 4265 3654 3304 4060 6165 3377 3266 1864 5205 8051 6124 3468 2017 5104 7649
4208 4860 3056 2204 5913 5514 4702 5768 5593 2403 3806 1370 4841 6007 5104 3605 4571 3079 5246 5270 4915 4800 4481 1741 5051 6102 5880 3284 2809 8747
6684 5521 4899 3159 4232 3725 6378 3616 6099 2870 3199 4339 6925 3231 3863 6818 4456 3302 5186 3743 3740 4297 2442 4103 7032 7688 3538 4219 4342 5129
5826 2992 2707 4099 6242 6225 7905 4632 3221 2558 5074 3705 7476 3420 3924 3262 7295 4804 5426 5666 3763 2611 5672 1804 4971 6527 3080 2931 3073 2817
6989 3352 4041 3038 3081 5939 5779 5381 5370 4327 2777 5705 5619 3452 5304 3915 4725 3610 3966 4992 2242 4008 5047 3993 6612 4262 3148 1521 1838 2847
6742 4182 4338 5468 3659 3334 8146 3060 5290 2132 3588 4391 6758 3161 3867 5264 4169 5189 3829 6882 2159 5228 7133 2476 6113 5533 5795 2158 4316 3286
4868 3253 3625 5334 3337 3946 4616 4841 4973 2084 4945 5648 5630 2934 5295 4980 7567 4617 5124 3585 5210 4856 6189 4266 5940 4310 4995 1851 1265 2480
4315 4025 2468 5657 5539 6049 8209 3666 5435 1881 4069 2322 4878 2961 6135 6073 5734 4542 5040 5091 5175 4813 4722 5132 5331 6698 4771 2163 2182 1919
3243 3571 3095 5590 3985 3418 5060 3089 3542 3055 5607 4121 5453 5082 6690 4105 5580 3462 6059 4075 2876 7758 6691 2022 5641 5826 2992 4974 1406 2272
6624 3496 4921 6171 4848 4151 7338 6069 6441 4993 4245 3314 6727 3782 5426 3361 6757 3919 6050 4739 2535 5837 4337 4360 7429 5733 5098 1890 1733 2001
4524 3020 4166 3682 5266 5498 6475 4013 6398 2525 3849 2703 6694 1976 3118 5925 7371 3208 6424 4492 4804 4538 4082 2146 6261 4412 6077 1251 4866 3716
4163 6307 5101 6343 3709 3515 7896 4619 5738 3805 5362 3501 5476 2864 3574 5108 4856 6374 6111 5663 5254 7089 5702 3877 5733 7437 4577 4328 4778 1756
3315 6330 3080 3871 6269 3447 7244 5432 3448 5462 3632 2122 8380 3552 5094 6430 6417 3121 6311 4258 2656 4755 4246 2003 8739 7378 6121 3307 4748 2736
4011 3842 2505 5078 5134 3217 8146 5869 3058 3380 2432 5829 6687 1485 4767 3790 6252 4940 3476 5615 4024 5028 7080 6481 7526 3937 2721 3051 3732 4456
4085 2370 5668 6185 3170 2928 6722 5855 6420 4053 3616 5631 6517 5099 3444 6448 6142 4838 3559 4131 4074 4234 6232 6251 5769 4097 5811 3781 3792 3765
6888 1809 4662 6313 4019 3052 7780 4105 4837 3923 2796 3878 8379 4229 6551 3679 4155 6121 4431 6828 1729 5339 6078 4710 6253 6650 3360 3633 1459 3023
5999 3162 2133 5939 4760 4771 5587 3790 5401 5842 2648 3401 5272 3063 5721 4736 6350 4947 3867 4353 3076 5527 3993 4849 6152 5652 3464 4906 1619 4242
5872 2032 5694 4385 3861 5676 7054 5245 3710 5905 2261 4095 8409 3648 4788 4297 4816 3789 5406 6555 4550 5019 6106 3607 8357 6173 5648 3926 2143 3507
5216 4217 3950 3114 3888 2421 6237 6358 4241 7099 3981 3669 5197 4128 4359 3982 4778 6064 5506 2606 3807 7263 4374 3185 7224 5424 2959 2211 3809 1497
5086 2768 4957 4255 7756 3895 7258 3673 3473 6418 2313 4793 5835 2871 3028 6067 5990 2841 4563 3113 3778 5469 6166 4090 5123 4766 5912 4987 3767 4337
6689 5045 4215 6160 4696 3857 6565 5672 5338 4698 5248 4755 8407 2913 5490 5458 4773 3440 3100 5399 1307 7453 7749 4665 6847 7113 6174 2722 1691 4331
3750 1293 3566 2795 5711 4564 6711 5213 3541 5244 2246 3693 7001 1705 5006 6477 5551 4149 2999 3572 1436 5728 4269 2984 8862 7339 3262 2341 4407 4475
6125 4624 3709 3156 4591 5751 7674 5514 4402 4769 3153 5014 7999 1588 4521 4655 6078 3774 4170 3811 1801 7231 6262 4441 6891 4953 4624 3996 3770 4233
6011 3659 4466 4882 5877 3001 3610 6276 3234 7341 3579 2462 6548 4927 5785 6620 5137 2628 1828 3679 3778 5013 7362 4644 8184 4873 4447 2946 3470 4069
3462 4928 5074 4838 5128 3514 4430 5699 5741 8309 5633 3585 4965 3079 4266 4094 5078 2858 5042 3977 3448 5158 4220 6103 8696 4092 4171 1764 4508 3284
27 5 10 20 107535 1.0720881541560259
16 22 10 27 34278 1.014008853060642
28 28 24 3 93440 0.9978236260040105
7 0 23 28 141473 1.0500918556216559
4 21 27 28 91937 1.0377247012768496
29 0 24 15 64735 0.9862652991456564
0 21 25 14 107836 0.996213576051154
17 11 3 20 84486 0.9063995111039495
21 14 27 24 46569 0.9874784270043517
28 24 5 18 107878 1.0699470084020686
16 21 12 7 68596 1.0306134411913006
0 6 15 18 102295 1.0358098798758968
7 21 20 11 78287 0.97435945725874
21 29 21 0 98236 0.9100799980154387
7 8 2 29 96975 0.9542998241165647
6 0 21 16 111331 1.0638696327027657
19 20 27 15 42695 1.0201750515597994
11 11 27 5 72327 1.0072464315503773
4 28 28 28 76119 0.9800693474630056
5 27 2 6 87666 1.032673034458372
28 2 1 18 143698 1.0771170988302452
15 6 0 27 121739 1.0808961124169247
5 25 13 14 77852 1.0140894694584395
6 6 8 19 66251 1.0025505415358238
24 28 2 9 122095 0.991632712702877
28 26 29 1 90199 1.0815485249964714
27 16 3 9 95455 1.039195105810665
7 9 16 17 58680 1.018783190950957
5 9 6 26 80047 0.9208401156351893
0 18 2 7 53288 0.9825132231367664
18 10 22 3 37451 1.061828867981469
10 0 15 15 77724 1.0357699697735192
5 15 29 25 119098 0.913776839149732
5 19 26 26 98787 0.9717779170369055
10 20 22 3 103677 1.0180262893334577
3 16 21 10 84183 1.0630925134717233
16 9 1 4 72612 1.043493004511223
11 17 3 3 85062 0.9627744913773469
19 6 12 15 64300 0.9941879151497319
29 27 2 24 91694 0.9542914641217359
14 1 22 6 48412 0.9504661623808469
2 13 28 12 98910 0.9805538732854715
25 29 27 5 92066 0.9629256244220545
19 24 28 5 91952 1.0391350880608479
22 9 19 16 31329 0.9940259676159866
29 7 19 13 50776 1.0421415621091683
28 21 1 13 116391 0.9576721230325729
22 10 9 17 71363 0.9247449168014072
6 20 12 15 46857 1.0454096019891281
11 23 1 13 59441 1.0494724204713166
18 19 2 27 76343 0.9968135097710739
11 15 10 0 64576 0.9115622872857934
20 13 6 15 57532 0.9102180271566604
28 11 3 10 89718 1.0101911011131222
7 0 27 20 124888 0.9286699245727964
22 1 9 22 117954 0.9489189730408021
27 14 6 1 111842 1.0473370724792261
4 26 14 14 85611 1.0350113730625936
19 19 29 5 74329 0.9091185440095882
22 10 12 13 41407 0.9464413829002833
16 26 29 14 82159 1.0611850171992825
15 29 25 0 116937 0.9789435481917181
29 23 7 10 105340 1.0119239032526068
21 3 7 22 112863 1.0202154215366896
11 13 3 19 54096 1.0317577393761543
11 0 25 19 106895 1.0661230526262788
12 8 4 12 42957 0.977925331424427
7 7 12 16 59470 1.0771442667162812
24 0 0 22 142879 1.0530034258882126
17 8 9 6 41898 1.0434967237371253
23 11 6 11 65632 1.0594160566464539
15 2 4 10 67965 1.0331599550678168
4 21 27 4 134555 1.0424431409099852
6 29 28 3 145133 0.9308537189748607
10 14 29 5 89575 0.9864272879313182
18 20 1 16 73673 1.0737046409036024
9 8 13 26 92970 0.9686211073670135
20 17 10 2 85255 0.9568033254702116
2 21 19 3 122231 0.9347311488689732
25 8 17 24 84786 0.9247704403722566
20 21 8 20 49302 0.9796940734167754
20 9 5 24 101360 0.9811262226625331
1 24 23 16 93808 1.0778593444502953
15 25 8 18 49249 0.9374906600358089
17 14 9 1 77360 1.0341212705667024
0 16 14 12 69983 1.0540201197901884
9 26 8 1 108855 1.028169061272932
6 14 10 3 54559 0.9346946637075391
29 6 21 9 42637 1.0687342128372632
0 8 1 17 44425 1.0492633525329846
6 21 9 4 78937 0.926872326915257
18 13 1 12 69327 1.0224565473023124
7 23 26 3 127977 1.041899120674839
21 26 7 28 46624 1.0071424116568524
0 19 23 22 93346 0.9995983042382064
14 17 6 0 104704 0.9536824733173841
3 4 10 23 98186 0.9149176390320058
20 6 24 20 53033 0.982382718505097
8 11 16 4 45683 1.046534154413331
12 19 28 14 79188 1.0332237724799438
3 12 21 3 86467 1.0286612686169252
24 26 11 9 88338 1.0825483026268063
5 4 15 4 46102 1.099590102817785
8 19 1 24 32612 1.0187948639147446
2 29 5 6 104490 1.0582458384903493
23 13 14 2 67456 0.9101156017590406
0 8 4 25 75655 0.9530267465437543
2 22 27 10 113484 0.9697117213827869
10 3 10 28 102496 0.952225860872912
19 15 0 6 99095 0.9944719977899777
8 10 24 3 73405 0.9131138001624731
10 1 18 6 49164 1.060962279455807
28 20 28 3 69577 1.0301810479402014
27 12 9 3 90125 0.9672224198128513
24 27 10 1 126579 1.0552715614030794
17 19 23 10 55270 0.9119996309374627
22 24 27 16 40396 0.9852537944304605
7 27 8 1 112506 1.0873575272229739
0 20 12 18 49893 0.9471883624176127
18 8 24 25 68547 0.988492209817899
3 5 26 21 119055 1.0547635627718475
15 6 9 22 89940 0.9977197086948938
17 0 5 25 130699 1.0658058291262549
27 12 20 1 56086 0.9164719438368197
9 1 26 25 124888 0.9822909396107817
27 19 28 9 46793 1.0734222033152223
0 19 27 2 145936 0.9670452026507926
23 1 2 27 139638 1.005763138892556
25 19 9 23 73227 0.9307543341412546
6 25 19 6 120301 0.9496633281572726
11 2 19 6 45367 1.0458077526299219
21 15 1 10 86305 0.9271018551141145
20 26 22 13 49692 0.9715948503994543
13 23 3 6 99887 1.0505188353555712
26 20 12 7 78845 0.9190286699323282
14 10 23 23 64684 1.0520914342232799
5 9 5 20 63387 0.9570903424014098
20 20 18 28 42548 0.9094615105759354
4 17 24 15 92653 1.0954135822850783
11 0 0 3 49748 1.0596366824145724
21 20 11 20 36203 1.0208682265057534
27 28 2 7 138784 0.9721201825807807
19 17 16 27 49596 0.9688628310387706
9 11 7 25 63273 0.9879356134561679
22 13 4 13 65602 1.0415873754230096
5 20 22 29 80408 0.9385121786194667
25 19 8 23 73032 0.9495369308837699
2 28 26 3 151645 0.937131668282253
22 26 7 25 57578 1.0988609629833905
27 17 12 29 75415 0.9625262460606767
14 19 10 13 44735 1.005094721896057
2 10 18 28 110430 0.9451840346094383
10 4 10 27 94722 0.9789313947127936
28 14 23 21 38331 0.9151753493804007
7 19 14 13 51766 1.0296376160325198
9 27 12 1 114868 0.9288402632419946
21 11 24 0 40172 0.9847175824806991
26 3 11 12 79709 0.9007154973349975
0 27 4 19 40279 0.9072312078417529
16 20 10 16 37396 0.9638971062958114
9 16 0 12 57591 1.0249617258629145
21 7 9 23 100815 0.9687411455181271
19 23 4 9 104654 1.0612223546749524
4 13 18 1 86194 1.0663129200282158
7 7 26 18 93585 1.0378784963196446
9 12 13 24 69841 1.0261322726079318
23 1 0 15 121489 1.0969191166262025
16 0 1 2 67262 1.0949528040469545
21 12 2 12 78901 1.0452923508693386
27 5 5 16 114839 1.0867648835132206
16 21 27 27 60500 1.0867571391078528
22 21 22 10 38246 1.0496637941750167
12 12 2 6 59501 0.9513912764082052
1 5 22 17 116118 1.0149965372343202
9 22 0 5 97233 1.039712847982933
4 16 12 9 53608 1.0705413838834827
17 8 6 19 80556 0.9332459503586868
6 9 21 4 61501 0.9042856766176222
24 25 6 12 98824 0.985779015527601
11 29 24 4 111496 0.9725524507687566
2 23 28 17 102721 1.0767483249103205
20 7 12 2 47572 1.0450282023351831
1 22 5 4 88673 1.0338025218246933
12 20 16 10 53228 0.9084843596140264
7 21 16 7 77980 1.0581369622240797
1 28 3 1 117581 0.9878287978131035
4 13 3 24 50824 1.0619419424932137
20 13 11 6 57834 1.0251371994017222
25 21 18 6 69314 1.0698356597958223
12 1 6 14 71486 1.0693153746907336
0 12 29 22 130059 0.9813829393390573
27 4 11 12 81351 1.076351373635557
29 13 23 7 40262 0.94566116285823
29 10 15 19 72871 1.0869102262963404
2 12 13 4 69696 1.0088925384721006
8 15 12 1 67278 0.9469723966774087
21 10 25 23 48032 1.0057089043703724
1 29 26 0 162629 1.0016677103775262
9 1 26 21 112532 0.928157106279127
7 8 12 22 74084 0.9044150051847769
27 10 4 23 111721 0.9111832709662675
1 6 19 10 77153 1.0515674739191307
18 1 19 19 70575 0.9644152648825088
24 25 22 9 50919 0.9418517450864778
2 18 5 6 62126 1.0993574372841526
20 27 28 29 32051 1.0363967211981142
7 3 21 26 128103 1.075417988425216
18 11 13 18 51139 1.0592394516605121
22 28 12 29 29810 0.9811039130249886
25 25 1 19 104555 1.0642987330194487
8 25 27 12 101096 1.0428867762187595
5 27 0 19 34968 1.0607448270265274
8 12 22 1 76492 0.9837462715683767
0 27 17 0 143136 1.0107123015325312
10 10 28 14 73736 1.0066271868164338
18 19 27 3 87099 1.0917863937186878
14 20 23 15 45119 1.0556162054337308
16 12 0 4 82165 0.9469094836273082
17 26 26 24 45493 0.9623297975695064
18 25 27 11 70905 1.021274864928799
2 3 16 19 105144 1.0131918099636128
26 21 4 7 107450 0.9154404292988405
10 11 3 23 66824 1.0253053536501457
16 18 1 24 64132 1.0770244822951507
6 16 11 21 37700 0.9965323892509494
5 11 14 21 73163 1.0723206039722493
17 9 9 27 92094 0.9693724588117106
3 19 21 4 114590 1.0527080684411452
17 7 1 29 123802 0.9504725602546482
8 16 14 3 73533 0.9186945293402347
9 29 9 4 105820 0.937641730690518
16 5 24 20 65231 1.0899480630777036
3 25 21 26 58862 1.0676636496059735
25 21 28 28 32709 0.9734988273245478
1 1 0 12 58661 0.9601324031902213
7 8 27 14 79631 0.9765414476543636
12 10 19 17 57526 0.9817666021291931
11 23 23 15 66768 1.0127099402171578
12 1 19 18 89996 0.9025329861583943
3 22 25 18 86893 0.9353884940089883
11 13 16 25 64763 0.9798135542802953
28 27 13 6 109178 1.0334107209407457
20 17 29 29 66829 0.947790023122894
28 24 15 2 109371 0.969816237941213
20 27 16 6 90436 1.0994257845150337
11 15 4 0 84225 0.9185178250994398
26 25 8 6 110252 1.0814193104568957
14 28 4 2 132501 0.9176473438928442
6 18 15 5 86266 0.9526513940723205
2 13 17 25 94558 0.9630567801071028
11 4 25 7 65777 1.0578849615959123
24 15 5 24 94047 1.003420059085444
27 13 23 25 38206 0.9093485906893913
12 21 21 7 81639 0.941231445649056
24 19 14 4 74650 1.0129511127881408
15 6 2 14 77258 1.0585952677852177
23 16 16 21 38355 0.9296647883243991
13 6 17 12 36767 0.9594329615438275
6 13 4 24 58869 0.9699466580598527
15 6 14 20 65435 1.0307950263592054
27 20 0 19 94784 0.9180419117928184
27 29 21 2 100028 0.9923824800237138
24 10 29 1 47400 0.9725506350151581
29 22 28 3 69947 1.0771065862123255
21 29 27 18 49109 0.9502804132875989
16 5 26 27 90732 0.9118644482185109
9 23 27 22 76943 0.9066958754827658
24 13 11 11 51959 0.9790633043173036
24 27 5 26 65668 1.0367417753753267
2 19 16 3 106652 0.9534441062714121
0 24 14 11 92396 1.090369223109844
2 11 18 2 83203 0.9173072743825633
16 0 12 9 44608 0.9535321911302486
9 16 15 11 44637 1.0112365624499193
19 20 1 22 65140 1.0238245448027632
4 10 2 23 55989 1.0139394452206871
19 17 16 7 48683 0.9147208610128191
20 13 11 20 61907 1.044437690665594
10 14 0 11 50195 0.9665652340224057
8 27 19 24 44134 1.0260453134832606
23 7 27 1 29208 0.9388130929623808
28 10 18 18 57756 1.0914587571859466
23 17 15 28 57027 0.965258795533971
27 29 8 9 113273 1.0491068945604316
12 19 23 0 102687 1.0157867915691905
3 26 11 7 91671 0.9624103309729326
22 23 7 2 115977 0.9076769785048172
19 4 11 23 98599 1.0803117845192556
27 3 3 5 100339 1.0961567362139726
0 25 2 12 52558 1.042699858594799
5 28 20 11 106355 1.0627340336536695
11 26 19 19 57938 1.0945791721333165
14 26 1 9 101073 1.001459075240265
29 8 13 7 73505 1.0920830085020115
5 6 22 28 125694 0.9699593699742407
28 2 9 22 137037 0.9511896419331388
25 17 13 3 81785 1.0359509168734546
16 6 15 27 81030 1.0172017862981502
29 14 18 25 74264 0.9925546315206977
20 1 29 3 36729 0.9911561718097144
5 0 1 24 108735 0.9659520933055479
6 4 19 16 91751 1.018047832036315
22 0 27 29 100576 1.0167115693365607
19 29 12 22 45315 0.9667547271435848
9 23 13 3 94975 0.940179042033821
23 18 19 12 29817 0.9474136117627379
25 9 0 9 85445 0.9807082913408188
3 29 5 1 122740 0.9739274801003619
11 10 22 23 81420 0.9281045227311892
8 23 24 4 114839 0.9816034421273835
1 10 10 3 54246 0.9426778912272041
7 8 4 19 67153 1.0138417149492767
25 15 14 23 66779 1.0052089877942205
28 7 2 3 117229 1.0744420829229102
24 1 13 19 99130 1.0290132120806745
0 8 16 16 81271 0.9689177012657552
11 1 27 27 129278 1.0379140793162702
29 17 13 28 79961 0.931976687429198
14 14 23 20 50811 1.09894333136613
14 16 6 20 48308 0.9087849159056622
0 13 14 8 68302 1.0580417308621948
4 16 23 12 83732 1.0782057385878543
8 8 26 14 76442 1.0132184992723685
12 18 29 7 100611 0.9019876829844081
18 20 17 2 74706 0.9409300258606947
23 11 8 15 63233 0.9758762015109957
5 23 27 23 83186 0.9537104900488664
26 10 15 12 42755 1.056867006573724
12 4 25 28 112095 0.9375517604997661
19 20 8 1 108174 1.0540313376224058
28 17 19 11 44530 0.9150225042005063
12 21 1 29 61405 0.988490370016246
6 21 28 21 80510 1.0027854763003035
22 14 9 5 69359 1.0756294641335924
7 4 24 4 75925 0.9272300540756258
0 17 19 8 98616 0.9032239918155482
23 5 15 16 63390 0.9055682803716067
15 16 5 17 45953 1.080733217181393
8 15 14 19 43846 1.0626067253776919
6 1 15 26 135329 0.9741254776877153
1 0 16 19 123999 1.0169721291750475
5 15 2 1 78782 0.9372992904670384
22 23 4 9 99660 0.9134105256585372
11 5 12 18 66201 0.9644030121257597
1 1 0 28 122598 1.0169929961913475
22 1 22 19 59978 1.0976863013049718
9 10 7 0 54832 0.9994374563907804
1 3 18 12 89635 0.9432469600037011
17 3 29 12 73366 1.0284887289842182
0 25 24 2 148335 1.0391476554797647
28 8 24 20 50954 1.0521517178207493
6 19 5 29 52350 0.9961092739285893
22 10 10 24 94293 1.086777723198072
17 26 10 10 91400 1.0723286720335217
2 22 24 15 93998 0.966551641008668
22 29 12 10 95724 1.0558942398770819
6 11 17 24 87624 1.0743509951784789
5 26 21 7 123029 0.9213834255875649
18 29 21 8 81681 0.9969057036049503
7 20 19 19 48050 0.9418245535522011
3 15 11 29 69113 0.9049228611718927
2 4 29 24 147069 0.9052167492175132
17 8 4 26 105866 0.9097503930854212
12 27 0 4 115499 0.9324881976429992
18 29 5 8 113516 0.9327397783990026
17 3 21 15 55277 0.921674061881949
8 20 23 7 94198 1.0348015773107162
10 0 13 28 121108 1.0961550230870583
6 14 1 20 40759 1.046138642468156
17 6 4 18 92956 1.0213317473681833
19 18 0 6 112151 1.0360753372939069
13 27 16 7 80544 0.9903510312130906
5 19 25 25 96357 0.964017108111802
17 15 2 23 81149 0.9422283298898022
23 0 8 16 97085 0.9855626547431106
18 7 11 22 85083 0.9911611600298689
9 27 1 18 44289 1.012028979161608
3 26 14 5 107339 0.9661019907595395
12 27 23 22 50268 1.032554082929068
10 21 3 1 105526 0.9369970562843728
26 16 4 22 97512 0.9533581038018446
15 9 24 23 66314 0.9857864278501792
2 18 21 26 87911 1.0928201204645438
26 13 12 26 84964 1.0321318138406124
13 5 7 0 45024 1.022565185300998
15 18 5 27 67629 1.094357609356623
22 20 14 25 51949 1.0201029349290935
23 20 14 26 56790 0.9774363999681698
21 20 9 3 101271 1.0829440973175404
10 14 4 0 74538 1.0318071938869768
16 17 26 25 55248 0.9156819543968066
16 10 18 26 71420 0.9014900426958502
12 9 16 17 45698 1.0796572185325548
21 29 14 1 119046 0.9505986702862923
8 3 19 21 104047 1.088228241612412
13 8 18 3 39587 1.0311065109644109
21 7 23 20 42628 1.0488495374705233
1 28 26 6 142722 0.9150625771126698
13 8 3 20 81272 1.0968114033422676
29 12 13 23 86585 0.9061327614392186
12 15 5 25 68872 0.9667534362141756
5 26 15 14 88178 0.906944643222579
28 6 8 19 113807 1.0867606300829034
0 20 1 7 56020 0.9450633119341282
17 25 11 10 82202 0.9853563388715996
0 4 22 6 97220 1.0407133347249347
0 9 27 6 102586 1.0390275182350615
23 9 11 11 44475 0.983386745535517
25 16 13 20 56872 0.9725803786891187
9 1 27 18 112597 0.9212179082396946
23 21 14 8 66767 0.9434152901600719
20 22 2 18 88117 1.0985323342201838
25 1 1 24 147233 0.9923740969726877
22 4 5 28 127582 1.0432752083059431
28 10 6 4 93307 0.9278548563205034
1 23 14 28 42391 0.9210349405562605
8 3 20 22 113161 0.9361848046939834
6 28 3 5 104604 0.9210231634842949
12 18 24 7 86635 1.0297677742172353
2 3 2 28 107429 0.971612911730349
0 17 13 11 73493 1.0454923499299995
25 7 25 17 46201 0.9243147093351137
25 17 5 26 95072 0.9360567170846987
14 2 23 11 59988 1.0406706113971118
9 12 19 0 73525 0.9710513229907077
23 14 14 1 71453 0.9647543765100064
3 0 4 12 59273 0.9850415687438477
19 0 22 14 53850 0.9759207572636031
1 5 1 25 83339 0.9068659324073988
5 11 16 29 93347 0.9194808530618025
26 24 5 24 88613 1.0015754446847662
18 4 28 19 74749 1.0373151940672787
17 15 9 22 64448 1.0061368446708294
15 22 29 3 103521 0.9611792748921879
24 23 9 11 86719 1.078235226904444
7 18 21 3 100034 0.9215970756385599
6 23 8 9 58024 1.0841299344699011
2 28 20 22 80148 0.9571001871459482
7 20 22 18 60797 1.0204359810086738
2 22 8 15 43336 1.083392941863736
0 9 14 23 94212 0.9986227776989532
3 29 11 4 108374 0.9711727334454556
6 14 7 24 46599 1.0351120141718695
3 3 19 7 77972 0.9792665198934989
1 12 23 28 108833 1.0547910630073405
15 28 12 17 56491 1.030015228478487
29 4 8 20 114089 1.093565555023021
12 17 26 24 67178 0.9851945061950289
28 23 5 3 131704 0.9167497605361421
7 0 26 8 97776 1.0770140430988013
5 18 5 6 66117 0.9848068413579942
23 1 6 9 74609 0.9611057560756578
3 22 21 1 127064 1.0550692158195754
26 18 12 8 74245 0.996969833504862
2 28 29 4 147560 0.9305229635188815
19 6 29 8 49685 0.9926637175175897
11 24 19 11 81918 1.0501292130952042
25 26 22 4 78380 1.062662555977462
23 24 4 23 73534 1.0193774279707981
26 6 22 20 55603 0.9137952816932936
19 22 2 2 131407 0.9556755162625998
8 26 2 22 31389 1.0479004589178582
17 13 11 29 73601 0.924156890547713
7 12 26 5 91181 0.9138220778886201
12 5 3 4 44950 0.9571339902676715
7 28 17 16 72681 0.9534323211528347
12 23 18 4 90297 0.9076272216232444
11 12 21 19 67222 1.009676523007051
24 1 4 7 93675 1.011336153040158
10 16 1 27 59334 0.9685456446658782
6 28 17 22 49057 1.0323044145269653
9 3 10 13 43376 1.080145418100214
22 5 8 9 59870 0.9379264715147879
14 29 11 14 76004 1.0321859411315428
4 6 4 23 83424 1.0404852640250433
2 27 12 18 57234 1.0544607876954866
27 5 27 17 50457 1.0068759538051189
9 17 19 6 84564 1.083821467884167
23 29 17 6 92104 1.0857066205520427
3 23 7 11 63211 1.0722263055420893
21 25 26 1 87580 1.078943732429077
16 22 19 8 66053 1.00850290405535
0 18 17 8 92264 1.0474294107809101
26 1 22 24 81289 0.9617140369045926
12 10 26 0 76474 0.9838174605709684
18 2 14 23 90949 0.9977223210266685
16 28 7 6 113508 0.9406264765106124
22 16 12 12 51757 1.0654270490027333
28 27 0 24 98434 1.0984851398300735
3 4 28 23 139185 1.0156776224549227
12 16 22 3 82980 1.0164187371935578
19 27 7 24 46984 0.9681646458793806
8 16 26 28 94372 0.9275614687346005
22 15 11 14 51796 0.9742434776305755
20 1 25 12 48715 0.9678790757977802
4 22 17 15 73860 0.9624643616210543
2 18 11 10 64669 0.9655952621398141
14 6 14 20 71910 0.9982053083710704
27 18 3 8 102447 0.9363579192557964
8 20 13 15 41581 0.9766213050469557
20 22 23 4 66570 1.0460543913089582
13 17 7 13 40357 0.9209648401196752
19 24 15 0 108485 0.9714657435348963
21 13 7 19 74034 0.9469571975878391
14 12 24 8 45575 1.0993041574487512
25 10 8 27 100901 0.9365545466667141
27 8 7 8 77291 1.0468539705166844
26 19 12 14 68956 0.999388820805247
12 10 24 11 45190 1.0832924262631294
5 9 14 16 61142 1.093234229293852
20 27 25 6 83559 1.073975015731212
24 3 4 11 91167 1.0283489271876358
22 17 6 8 82812 0.9898109961956918
6 22 28 28 86800 0.9049456227969249
12 5 20 2 38117 1.0979651649360955
28 7 22 21 62514 0.9760217417382118
10 29 17 1 118718 0.9180903705803863
4 13 25 9 87467 1.0645982097834776
21 26 7 15 89793 1.0694334074950151
23 28 6 6 124186 1.0116305083185948
21 17 24 25 34398 0.918853611172097
1 6 14 10 62741 0.9180134294033061
5 6 21 29 131951 0.9665142128054023
24 21 12 19 52611 0.9140453869086099
29 11 10 15 75475 0.9425511063545936
15 8 19 21 65257 1.0620990518347386
21 23 13 29 45791 0.9288336694839678
11 2 3 6 45703 1.086108106258963
6 16 0 8 58585 1.0447333224537803
24 0 20 15 54512 0.9139465387643133
6 9 16 14 48697 0.9523857002130917
4 3 19 10 74333 1.0089742523151242
13 0 10 14 66203 1.0731995364910865
23 21 27 5 61834 0.9255985742788223
7 22 13 6 79707 1.0431880630111012
6 18 15 17 41214 0.9259336559170477
0 20 23 2 128935 0.9202759722641439
14 5 15 26 91588 0.9250172428892119
18 13 5 6 67681 1.031380215789926
22 28 7 24 56438 1.0190127504231912
20 8 29 7 41466 1.0146583531249465
7 20 21 9 88301 1.0416441756316925
5 9 0 3 43202 0.944021867383676
12 15 23 18 58036 0.9640196288594229
20 9 23 2 31162 1.09220854615534
4 18 9 7 69037 1.0965821811418561
24 0 3 17 123754 0.9229225114469236
24 23 0 12 121394 0.9852405729556715
12 7 3 15 63646 1.0643096084523367
28 7 27 26 81954 0.9731686897931382
6 25 15 28 34412 1.0144695049642114
4 18 3 4 68835 1.0758727382909115
27 10 24 22 45346 1.0641722205995938
19 3 8 4 53208 1.0993541369450195
25 13 19 23 46606 0.9914364734881078
5 11 27 8 84796 0.9773610791816508
4 1 24 26 140753 0.9846737822925071
11 3 16 8 39627 0.9421207933500264
9 13 16 28 78376 1.042135818044485
27 14 10 11 67187 1.0509856738619905
8 2 0 25 116216 0.9398413120506481
5 28 25 23 77294 1.0869969354872204
10 5 20 16 67483 0.9214535540280607
8 8 2 13 39170 0.9853837504680973
4 18 26 23 97110 1.0902406969092862
27 20 24 12 31093 1.0109531556831113
28 25 25 6 82560 1.075891914271055
7 21 13 12 56501 1.0315508076410498
5 14 29 18 98238 0.9815604135324268
9 13 0 21 56951 1.0804745293734859
27 13 2 2 114743 0.9181555533598357
20 12 24 22 37619 1.0029036980776425
5 17 18 15 64051 0.9453869184562406
3 23 4 3 93236 1.0318884295559299
22 19 10 0 104006 0.9522038843634153
2 28 22 6 130846 1.0760146567694364
19 1 0 29 151664 0.9434909805428787
1 12 8 26 66738 0.9801083690511259
4 2 9 14 71649 0.9684037841485877
29 1 2 29 163657 0.9779216737658457
14 8 20 28 93558 1.049158811029041
27 19 1 8 110426 1.049316140217575
22 18 22 28 35173 1.078932084094912
24 11 25 29 63233 0.9768037431783266
7 29 18 3 121751 1.0841394371326873
4 15 16 12 55792 0.9930298172872807
10 29 13 9 89493 0.9753180703520528
26 25 15 0 102697 0.9251152520231112
28 9 0 3 119944 1.059031184062631
5 8 15 23 91394 1.037571760110757
16 16 3 20 64193 0.9334256899845551
22 11 17 18 44757 1.096498914305721
29 4 9 18 114670 0.9835460885397411
9 27 3 7 95491 1.0775110571844175
25 21 16 18 38397 1.0903423915393842
11 8 0 3 57391 1.0617414849709874
4 0 19 26 154204 0.9401237823302097
9 11 15 4 48038 1.0879457909923989
29 24 22 1 86681 1.0525026104327748
12 13 28 6 77396 1.0786518003861472
15 0 13 18 84427 1.0768811361353339
14 29 9 16 61757 0.9124796476747473
26 11 18 4 48887 0.9475942602989171
27 28 16 12 80692 0.9638608129380876
4 7 14 1 65421 1.0806722163609819
10 1 18 5 43693 0.9402169199718128
5 26 23 18 86103 1.0431346237270513
3 11 25 15 93835 0.9055768023977452
17 10 29 12 46671 0.9829977469050393
8 26 23 0 127032 0.9853717701555522
6 13 28 12 78083 1.0986798336145054
1 29 8 10 86107 1.0299161957510194
28 17 9 11 83640 0.9379026615864466
13 27 7 6 103939 1.0009818035771045
15 1 16 16 59723 0.9798174519486497
16 14 22 24 58072 0.9487854518173681
29 26 20 25 38951 1.0668017412790087
7 8 13 17 61158 0.9908158722933413
10 15 25 19 75675 0.9850955096026012
17 14 16 26 52648 0.9995124177144711
23 11 28 20 35459 0.9769804427038448
5 5 28 11 101260 1.0355708763701656
14 3 20 25 107361 1.0013921786254056
23 0 25 13 46697 1.0270085736776275
6 5 14 9 44739 0.914072784917256
26 12 25 0 52823 1.0176880190622988
20 25 12 19 57824 0.9930752482222337
28 8 16 1 63334 0.9810694665221025
14 0 28 24 116821 1.0219403545929366
16 13 23 25 54333 1.019651802246039
17 1 0 11 90087 0.9424085654672685
8 6 25 26 117579 1.090993345432053
2 17 7 25 46977 1.044073615742914
7 8 21 20 88729 0.9610689175700713
10 24 17 2 108340 0.9084034439656822
28 24 10 6 109611 0.9468577889378278
1 16 4 26 35326 1.0813433835840596
2 17 0 3 70246 0.9643680616822352
20 23 13 13 64473 0.9538448603552583
11 1 20 27 128278 1.0440345366196084
18 3 4 21 111253 0.957264429032089
9 7 23 1 66199 1.0320051230529699
11 1 16 29 119216 1.077535145056255
25 20 4 3 115771 0.9351382547092092
11 14 19 10 42859 1.041382668191361
7 4 2 24 105421 1.0483551893414749
24 21 12 6 84405 1.0147629357666461
27 7 9 21 108017 1.0979564640052586
14 0 8 5 48507 1.034026489752596
18 14 22 29 66242 1.064592145264945
29 19 21 22 33871 0.9334603296752151
24 29 0 4 152842 0.9918881998060736
22 24 26 9 57060 0.9142940284941642
28 13 13 29 84451 0.9884756102366334
25 26 25 13 49592 1.0042741204546073
22 21 9 23 59613 0.9394458139944295
12 24 3 23 34473 1.003000778010917
10 6 8 19 57167 0.9109420533177204
27 8 6 3 99304 1.0350064750442656
24 17 2 21 88135 1.0406003058550681
2 5 28 23 139331 0.9682872017251198
11 17 23 12 67848 1.0352512486339536
28 14 15 15 56559 1.002848928990786
25 10 13 17 69526 0.9189675550115931
11 6 23 18 78772 1.056249261678714
5 13 16 15 47964 1.0994004167258593
24 6 10 3 65898 1.086714657370472
10 28 0 23 38673 1.0641633662332453
6 19 19 19 56564 0.917751541113421
25 19 15 3 81220 1.0662155673366231
18 11 10 6 42828 0.9934081020999139
8 0 28 2 81589 0.938306835913904
13 3 10 19 77592 1.0171842148207657
9 22 25 18 75751 1.0000202662312463
27 8 16 25 89711 0.9055046524380085
26 5 27 16 47147 0.951254731039093
27 28 15 5 100670 1.003574230324168
5 0 11 7 51271 0.9727773198493654
13 10 24 19 61032 1.010641039923072
23 10 19 28 61403 1.0737453864318667
9 4 16 12 47953 0.9152879130769901
4 0 28 16 134558 0.9254690320637292
10 10 1 13 43931 1.0564100513327745
18 22 23 16 36376 0.9830464177764315
22 12 25 0 49798 0.9359950808512738
28 20 14 27 62388 0.9063384786261901
4 18 0 1 92251 1.071848609570879
4 21 13 6 86575 0.9735356868863194
26 25 24 14 37936 1.0058327091244839
26 22 16 24 50152 1.0526758052318423
8 5 18 21 94656 1.0445884327810047
23 18 15 27 54565 0.9828624876416837
11 7 26 4 69810 1.0608535715823386
28 20 8 6 100902 0.9118350897789408
1 18 20 9 94367 0.913803274772447
6 25 17 16 75888 0.9870583413320446
8 9 1 21 63919 1.0225562817104124
21 0 11 5 51911 1.0275335794472698
7 11 29 15 85666 1.0057096034341633
17 0 22 24 91227 1.0814842240941822
11 21 14 5 86503 1.0047627510493609
13 26 25 19 71157 1.0264776974280139
2 13 26 12 89953 1.097745269744087
20 10 4 9 53478 0.9306839728884119
6 13 15 27 75403 0.9541936116882167
26 3 1 20 139109 0.9999798295229245
11 27 6 7 92930 1.0219401487085469
11 22 26 6 104267 0.9108141449219375
18 5 10 13 52544 1.0838309475590446
13 0 16 17 76364 0.9324359250889163
20 9 4 3 78028 0.9663810348701445
6 2 19 13 83215 1.0119409511198756
1 7 19 25 129115 0.9153646001295174
1 20 21 24 82474 1.0229277298796153
25 8 2 10 88920 0.9022413269877615
17 18 20 25 42350 1.070281054588241
16 23 3 13 85285 1.091929670150027
28 6 16 21 85230 1.0180575012064796
5 16 16 14 54470 0.9970210603496215
19 29 7 27 35864 1.047930061526381
6 6 28 9 96473 0.9270580881656958
0 13 15 9 64715 0.9464313525754826
26 23 8 23 71097 0.9661376829842442
14 21 26 19 51481 0.9199578828820666
6 28 9 8 92119 1.0720131585195076
3 10 29 15 100303 0.9658692683947149
3 5 22 17 107143 0.907142264319363
11 18 26 9 88458 1.000103209399392
29 27 2 9 130547 0.9410867465641942
6 1 12 28 127611 1.0502018114098788
12 10 25 6 63409 0.9995093286101097
1 12 0 25 46787 1.0396361329949564
27 27 23 5 77626 1.068906324147618
10 23 21 8 95911 1.0625184823440845
23 4 28 18 56702 0.9450339196336193
10 8 20 16 56493 0.94725884135318
4 4 24 2 79694 0.9353380373433747
29 5 13 23 106358 1.007110835554906
21 2 6 17 100804 0.9791670206832239
8 17 19 12 57934 1.0521862248684823
22 25 19 6 73504 1.0235618042393557
10 24 24 15 81217 1.091995213069093
26 1 10 17 104219 0.9936557732710827
20 0 28 15 73063 0.9805729978546297
20 9 12 26 91146 0.9544129059885034
23 15 14 20 45119 1.0037428570593248
12 19 24 3 99974 1.0519219959246875
15 15 9 5 59023 0.9825929770560693
27 19 2 19 94499 0.9736090064604827
0 24 14 28 49783 0.9328347724710201
5 26 25 2 142474 0.9652034725066713
27 3 6 13 101159 1.085476216052156
25 5 18 29 94182 0.9488405968367934
6 4 8 22 85077 0.9101009062289546
24 6 11 0 63295 0.9110481011243393
2 13 14 25 89144 0.9655511171968
3 5 10 18 80122 0.9384326062417647
21 13 8 5 67788 0.9190531962085597
23 29 12 10 94227 0.9744806723939243
26 4 4 28 142617 0.9413413268761932
3 19 26 28 94247 0.9211482481354109
10 25 4 7 91784 0.991557240207268
5 17 8 2 79780 0.9925432795251393
8 4 20 2 54354 0.9343609709680226
20 4 22 27 76761 0.9670389308970957
11 5 0 2 50646 1.0365214338981374
11 13 20 23 72516 0.9370240817252591
3 29 7 19 47876 0.9966958843642596
9 8 0 28 98036 0.9033249269762725
1 27 22 16 101594 1.0934274726509439
6 17 12 24 45598 0.9898270724792065
14 17 6 19 41409 1.0834268249682177
1 16 8 20 36738 0.9300955857164062
14 20 7 9 66873 1.0892676613274324
19 1 28 5 42662 1.061539627008787
1 0 0 17 84206 1.0689341583101397
26 5 5 3 89025 1.040432495369281
16 0 7 9 57590 0.9697623492568441
10 3 28 21 106354 1.0659031986459964
23 27 8 25 51240 0.9982647603691901
24 8 26 21 46982 1.0395591270629632
15 28 5 29 32640 0.9230681444629285
27 6 12 1 73204 0.9331744915494472
20 21 15 5 75741 0.9924794999407294
7 10 18 7 47605 0.9875884394762666
28 8 19 20 61118 1.0531183284967274
19 7 3 28 124643 1.072237189932729
19 2 14 13 52480 0.9660382813018414
26 5 3 23 133775 1.0599191789941615
12 1 10 29 121179 0.983424084228802
8 21 10 0 87506 1.005383816155143
18 2 6 4 55061 1.0864673050801215
0 9 25 8 89110 0.9521850176669076
10 1 17 4 41268 1.047331128567944
0 6 28 6 121474 0.9650363553599552
29 23 4 19 99798 0.9887963176977044
7 24 8 9 58630 0.989843502814394
25 25 16 13 66212 1.0601439724408228
15 22 12 4 88152 1.0056994309711615
23 27 22 16 36700 1.063789911727353
7 0 27 13 110612 0.9294366347069961
9 15 5 29 70822 1.0586863260150712
8 18 5 27 43256 1.0357103624772717
26 18 9 18 77168 1.0334319483806076
19 6 28 28 93154 1.08362050743065
13 15 1 7 74987 0.9714566277796252
26 28 13 10 91421 1.0893513352763458
22 10 12 0 66828 0.9345059450181313
9 28 3 14 71405 0.9940410936145144
7 19 29 21 79911 1.0168463050678365
20 25 4 17 87232 0.9963311145746203
5 26 12 4 108549 1.0649276738993112
29 7 7 11 90447 0.9255362719610112
18 21 22 7 61285 1.0138192910856691
28 23 12 28 66381 0.9306428074472012
0 29 14 18 83649 1.0732019360871872
26 12 9 3 87468 1.0704204457632254
12 25 26 27 55890 0.9214611577881152
19 22 4 26 70659 0.9966206464370381
10 25 25 6 120865 0.963231929351375
9 10 29 18 89508 0.9054352823886563
0 17 28 6 135120 1.0101369254778552
21 13 8 5 67788 1.0754241659550225
13 15 14 25 59972 1.0472162262557418
25 23 5 24 82778 1.02004760177237
7 27 29 7 119853 0.9126859995780273
21 19 24 11 35743 0.9556257035382241
4 28 14 24 52495 1.025304451769023
17 4 10 11 46207 1.075197187401869
21 19 7 22 59520 0.9348224380367887
10 0 17 10 60569 1.0210876975075118
21 23 10 18 61897 1.0685093931356953
19 3 25 18 63617 1.098504726978296
5 26 4 11 68141 1.0247408680748082
5 15 23 13 71976 1.026784929377123
14 13 2 5 77621 0.9940620708346213
23 18 15 5 60778 0.9256785269386455
27 2 19 9 51532 0.9521988132962381
7 27 16 14 72617 1.097384506063691
27 25 18 3 90583 0.926116738260487
3 28 18 23 61419 1.0667741131998802
15 25 7 21 41711 0.972520271206694
9 5 13 17 63818 1.005389474043175
10 24 15 3 106318 0.9268205705339903
5 12 28 15 91953 1.0990816230889273
25 25 16 12 70967 1.0114098491321915
13 19 5 13 58640 0.9842164704199329
22 1 21 21 72699 0.9037218511759775
19 1 21 29 98431 0.9656729327936553
23 9 7 12 70568 0.9780809734501347
19 17 3 11 83156 0.9157109599975116
17 27 13 4 99803 1.094528467853865
21 6 19 14 31978 1.0270216927647584
29 20 12 21 58962 1.0105014532256889
1 0 29 10 131825 0.9404550754935059
9 27 19 9 98948 1.0172510606163827
4 1 18 27 143049 1.0317912830263751
25 3 24 20 64206 0.9138391963184113
9 2 5 19 91917 1.0722379491166423
9 10 3 18 53222 1.0011362030712116
14 4 0 19 104509 0.9216672935305318
25 13 16 14 35151 0.9469061342356849
0 20 2 3 78151 1.041673662077846
14 4 27 15 74265 0.9258514648556889
16 28 16 15 46522 0.9231054840603465
9 29 4 4 121366 1.0211229144527585
28 26 7 28 68873 0.9870789184217067
28 20 29 5 57719 0.9929060363501022
9 0 15 11 63176 0.9075659479762358
17 3 0 29 140909 0.9376479846988859
3 9 25 15 89202 0.9827152140017252
26 9 7 13 74455 0.9369954568212265
16 11 0 21 88223 1.067568837204791
22 4 6 1 71408 1.0156214289846381
24 15 6 24 90037 1.0364734618874851
0 16 3 4 65288 0.9478055147134898
0 18 29 4 143817 1.0462696716020818
22 9 6 29 108221 0.9423457641500363
6 28 15 2 127502 0.9111440797019709
28 11 24 28 61893 1.0795395823000717
9 18 18 17 41071 1.0172240083675512
21 24 7 13 86559 0.9189687564479361
20 29 9 5 120784 1.0390882039157365
15 8 3 27 100528 0.9298602139200834
19 26 9 4 119078 1.021933590182948
24 24 8 11 91346 0.9062772960626702
22 9 4 22 103626 1.0885989128926306
20 27 14 12 77409 0.9566661090854162
18 4 24 26 83110 1.0245737058373598
12 2 1 10 65035 1.0548092303344532
9 3 0 16 87633 0.9505611590578229
4 20 26 24 89039 1.065906729487141
8 14 27 0 104697 0.9346467466797712
21 23 2 20 79911 0.9509303742739379
9 16 25 6 93028 1.0932183259880375
28 14 20 12 31611 0.9639806198067529
11 23 25 15 78293 0.9980738189758113
23 29 23 9 62234 0.9190485789578813
25 29 25 4 90800 1.0956110033238944
6 26 14 11 87285 1.0335057343839893
23 13 16 29 62974 1.0744449026843688
3 4 17 24 126689 0.9460118803663277
7 1 25 16 110336 1.0396503395829817
22 27 6 28 51727 0.9548236735582656
21 18 0 28 98114 1.043413444824937
24 5 18 19 68857 0.9919910437731078
21 20 23 1 63862 0.914220478565333
24 20 4 16 87081 1.0256181194718466
14 7 2 9 47582 0.961764765803107
20 25 12 1 121379 1.0730385909281732
1 13 9 27 61926 1.0621004456916583
25 5 2 27 136276 0.9529201380024968
21 25 5 17 85772 1.0920988687226143
3 1 9 25 120603 0.9242082915875798
29 19 13 21 61324 1.0804034324223943
22 29 27 13 54736 0.9704824280051195
8 11 5 23 52256 0.9940239190476265
14 19 22 21 36462 0.9370695731664109
10 27 27 20 69488 1.030033360991152
16 22 5 19 56796 0.9395576467983475
12 2 25 28 120868 1.0346070870339603
13 20 18 10 56416 1.0385666640531712
8 21 1 28 39225 0.9012261673732679
7 29 9 12 73510 0.9649513556761304
22 24 3 18 95773 0.9156987450482291
7 25 18 14 84385 1.0306742735574483
2 26 19 5 121815 1.0369983805391767
0 3 26 18 127739 1.036693056492592
9 17 21 23 65434 0.9542016313661464
23 5 18 22 71614 1.0729558803218504
11 4 7 10 33675 1.0041055057545734
14 23 2 15 67932 1.0853829761087839
4 19 17 7 95144 0.9315139563147719
15 17 9 3 79344 0.95212948813738
16 27 27 29 40330 1.0780089235391073
29 29 9 10 120252 1.0384873275933841
22 26 24 1 78914 1.061663429104272
8 12 23 29 99288 1.0362440078475852
2 12 29 7 114491 1.0283845853115852
8 7 23 9 64096 0.9913516530576642
2 19 5 1 92955 1.0443144763117675
17 24 8 20 42971 0.9184663241982862
22 11 10 5 55154 0.9636950380025257
7 9 24 26 99439 1.0964415876729192
22 0 7 6 77891 0.9400463569450295
22 1 2 8 88426 1.0005262697442994
14 25 23 12 75937 1.0181556308498794
4 26 5 9 77186 1.0369880696649527
28 15 15 5 72746 0.9864593248121011
12 19 6 25 44965 0.9607881917235287
28 9 20 20 57032 1.0593919394086542
29 0 25 13 51643 1.0125811854248903
19 1 15 12 48957 0.9417499311327215
4 11 2 20 43540 0.9766188596793118
21 1 13 12 59642 0.9564005608948288
17 3 12 23 91179 0.9147557882829257
15 17 5 5 90150 0.903687481550032
1 5 27 8 114231 1.0351881393058326
29 14 16 16 57293 1.0880258356144672
13 5 14 16 61191 0.9499170393780627
9 22 19 6 104392 0.9287645760966495
5 3 12 23 108796 1.0873837137994369
9 17 19 12 57704 1.0783219314835355
27 8 6 24 117547 1.0871051586003853
0 2 13 5 59790 1.0817037028525365
8 2 28 9 97839 0.9338525804231939
14 27 27 10 87544 1.0805764549046444
14 17 1 2 107514 1.0687628895541805
28 26 0 0 172622 0.9315137486395039
29 14 20 29 70244 0.979038950043347
22 21 11 22 52815 1.0726819383248756
14 6 13 20 74445 0.963234954988331
14 25 29 19 73545 1.0412951761646587
17 17 26 8 61934 0.9342867777567935
13 20 8 25 36721 1.0153073028623636
14 1 2 7 70256 1.069508679975922
9 29 17 14 76746 1.0206637068167352
27 29 1 10 137138 0.998270369027624
10 3 20 29 125726 0.9003944010669251
0 28 17 15 98776 1.0561962389847552
1 11 23 17 95426 1.046759985369425
10 22 1 28 43514 0.9991578546494327
9 24 28 26 82175 1.0261803405822554
5 9 11 22 70372 0.986065876874946
18 7 2 12 74102 1.0536625933371286
18 1 28 10 56550 1.0750701549744621
0 9 21 11 71094 0.9947731417053733
13 21 4 4 109588 0.97391600974827
21 25 1 10 122937 0.995900450969525
14 10 1 22 88432 1.0537154613649073
4 21 28 16 101199 1.0555790333834387
27 16 28 6 44249 0.9810771113423409
3 14 18 18 81180 0.9779528929626478
23 23 9 20 60031 0.9455813871085157
16 28 21 3 101832 1.0380936286414348
12 26 29 14 96560 1.0690115097794985
28 1 2 12 120544 1.011730522476077
24 8 11 5 59529 0.9709371847467461
24 19 8 25 77147 1.044738293132785
8 21 3 15 41213 1.0572622170066963
