7138 6117 7331 7647 8008 6109 7796 7629 7872 8137 7914 8503 8401 7278 6524 6426 7469 7609 6099 6212 8896 6343 6132 2243 2519 1771 3421 1437 1902
3645 3635 5973 5947 5778 5730 5027 3297 5671 3405 6077 4581 5407 3175 4788 3736 3654 4860 4255 4302 5117 3972 5314 3501 5542 4507 3625 3852 4582
5666 5195 4596 6787 4848 4391 6364 5633 6622 5828 5286 6518 4167 5181 1510 4331 2633 1302 3906 2267 1444 1504 3643 1912 2525 3442 1906 2987 1868
2299 3666 3137 3089 5148 3040 2919 2790 3214 2660 2453 3453 4590 4997 3593 3973 3094 3283 4218 4274 4813 6040 4133 5894 3730 5065 5090 4286 5259
3355 4515 5593 3991 5911 5215 4639 4040 2062 3728 2475 2208 3191 2407 3273 1252 1469 3413 3947 1421 3330 1066 2398 3054 1287 3625 3093 4190 1972
4057 2567 5432 2635 3252 2730 2473 4468 4396 8142 6131 7843 8571 6166 8579 5827 5917 6922 6884 8156 7739 6070 8324 8733 6959 6919 6271 7594 7096
6088 6172 5584 4805 7429 7573 6054 4434 6051 5267 6293 5730 6413 7532 4412 6676 6234 6731 7477 5102 5931 4507 4624 5828 4359 5316 5856 4780 4582
3638 4326 4340 4839 4342 4394 5740 3475 6199 6097 3472 2369 1763 4653 2617 2759 3214 1645 4217 3309 2322 2514 4286 4562 4094 4446 3104 3619 2590
5906 5490 5393 6337 4969 5038 7223 5617 6068 6542 7573 5659 5288 5004 7613 5969 5669 4240 2280 3234 1864 4183 1986 2515 2529 4145 2960 4181 4299
2790 2853 3674 2436 2577 4206 2107 2786 4844 4079 3151 2742 3995 3358 3460 4393 2997 2975 4727 4990 4944 4753 2088 4083 3720 3052 4946 3525 4712
4879 4750 4737 3885 5926 5970 4263 5423 4836 5548 6538 5113 3634 6423 6171 6787 4913 6603 5113 5491 6700 4517 5083 4673 4206 4822 6462 5091 7125
7002 8626 7289 7491 7240 6944 6392 7305 8150 8231 7713 8748 7507 5908 6145 7902 6310 6921 6483 7551 7189 5718 6831 6588 7363 8046 6786 7373 7618
4886 5671 4031 5340 5049 5330 5732 5053 6048 3476 5626 5301 4163 6172 5799 6241 3538 5793 3483 3757 6186 5241 4978 4499 6389 5368 4073 5199 2751
5488 4554 6742 5033 5391 6713 6467 4042 4363 3738 5407 4168 4961 3728 5747 6180 4183 4774 4764 5212 5464 6124 4835 4057 5290 5296 6635 6133 6600
4783 4999 2866 3772 2998 4952 4726 5660 4037 3615 5423 5743 4867 4569 3661 5240 4635 5810 3676 5772 5409 3990 5957 4282 5233 3908 5631 4840 3401
7253 7563 6569 5447 7242 7972 7562 6495 6496 5252 7376 5420 5613 6943 7049 5620 7025 7475 7431 7665 6142 6713 7295 5412 6561 6532 7351 5239 2298
5121 4087 5491 5505 4464 7672 5689 6207 7253 4623 7430 4878 7578 6546 4728 6534 7406 7740 4662 5157 5054 5762 5404 7323 6121 6606 7681 7486 4938
6489 4304 5310 5150 5624 5795 6275 5928 5432 4816 5393 6097 6729 5089 4990 4768 5760 4756 3610 3942 5146 6160 3270 4645 3647 4951 6070 3798 4984
4695 5189 3842 3582 5024 4849 5984 3565 3238 3296 5940 3129 5711 3624 4003 3676 3791 5072 4277 5483 4348 4315 3865 5295 4350 3304 5265 4710 3643
4389 5336 3392 5217 4578 4567 2927 3318 3042 4867 4748 4789 5771 5492 5231 5597 7455 6354 7792 6737 7942 6803 8584 7292 6981 8285 6981 6293 6843
6096 6995 7027 5737 5161 6247 5290 7264 5098 7571 5200 6447 5247 6257 6014 5955 6774 7919 5956 4962 6516 7056 5874 7011 5083 5302 5933 6086 7676
1323 1376 4322 1516 2416 3470 1588 3651 2401 4178 3846 2018 2001 2812 4232 1815 4376 2058 6644 5764 6947 6730 4681 4201 6426 5420 6568 7132 6644
2651 3209 4455 4976 2386 3276 4261 1970 2816 3383 3205 4489 2377 3192 3151 3266 2325 1905 3629 3833 4033 2832 2961 3656 3754 4249 2759 3264 6903
4486 4622 4171 4674 3736 5118 5408 4596 4179 4631 5028 6238 6417 5194 6303 6173 5953 4582 4826 5117 4594 4336 4294 4304 5742 6109 5592 5193 5691
4382 6819 5090 5787 5175 6554 4791 3988 4973 3813 4298 5548 5324 4719 5501 2891 5813 3928 3953 5093 4469 3083 3989 5546 4269 3630 4087 5845 5272
3607 3357 3406 4178 2623 2714 3611 3392 4908 4301 4409 2969 2930 3700 3003 4856 2402 4942 4911 4216 4727 2481 4033 2618 4521 4793 3376 3139 6574
4260 4056 3943 4101 3952 6019 5708 6054 5353 5971 5978 5951 3890 5399 5418 4211 5041 5112 6281 5123 3943 6439 6860 8115 5857 7369 5712 8351 5829
7464 5929 8435 3100 4396 3081 2959 4209 5369 3531 2739 5239 4872 5002 4568 3027 2680 2979 3823 3183 5259 4180 5280 4844 4419 4576 4728 2945 4221
5709 4783 6885 5987 4313 5014 4440 6645 3947 6775 6749 5912 6755 7821 6437 6592 7116 6914 7813 7575 7685 6317 6055 6131 6370 7062 8883 6888 5775
5930 8005 6107 7568 7448 6693 6879 7022 6536 7872 6153 5483 7824 8058 7056 6912 5481 6046 7996 6762 3920 4019 4517 4112 6014 4112 4870 6275 4935
4369 4489 4760 2863 4062 8325 3242 1606 4727 7996 6441 5814 4763 2241 5777 3344 6358 3345 7028 6424 4118 8296 2918 6682 3459 5282 5592 5948 5098 4874
4412 4155 2934 2729 5932 7388 4408 4276 5379 7761 8495 5369 6844 3408 4566 4934 5552 2793 6746 7674 5466 6684 3094 5573 6563 5178 7707 4529 6695 4692
4673 5704 3886 4600 4409 5932 5486 3760 5945 5088 6678 4824 5882 3756 4566 4577 7301 2174 6960 5521 6965 6857 3765 4838 7301 4877 6873 6302 5725 5000
2452 6153 3869 4879 6672 6639 3259 2482 5706 7774 6619 6160 5206 2033 1523 4885 4648 4282 5190 5787 5516 7958 3337 4582 8451 4732 7493 4885 7966 5670
4687 6035 3293 2995 6575 8589 5826 4670 6890 7209 7721 3336 5052 2390 3390 5471 6037 3571 6900 7579 5912 6553 4329 4610 6980 4924 5554 4908 5128 3170
2406 6957 2667 3657 2355 6087 5999 2501 6298 7997 6347 5454 6327 2391 3209 5594 5751 4239 4600 7295 6271 7011 4746 7048 7036 3360 6203 6220 5018 4822
2944 6806 3946 3780 4404 6505 5073 4256 6786 6345 6381 5758 4757 2974 4171 5747 6280 1608 4217 4958 6312 7660 4343 6776 8347 4479 7684 5298 5258 5502
4787 5645 3175 2570 3368 6559 5799 3703 6652 7892 5585 4479 6505 1679 3296 3066 5084 2115 6973 5844 6362 7817 2918 5729 7936 3277 6815 6609 7824 3735
4250 4954 2730 1961 3475 7900 3295 3712 4784 7510 6516 4500 6713 3628 4194 4555 6041 2521 5444 5696 4827 8260 2647 6477 6148 5500 6281 3608 6675 3154
4627 5721 3796 4560 4289 7480 5501 4405 6075 4936 6246 4347 6980 2660 2732 3800 6102 3306 4190 5668 5491 6509 3530 5065 8587 5758 6558 6493 7480 4283
5584 6753 4000 3727 2569 6516 6217 2662 3858 7247 6261 6137 8451 2623 2320 4295 7786 2970 4608 4365 6881 7819 2091 4843 7027 3338 5423 5461 6585 3983
7260 7765 2808 2742 2598 8428 5564 4151 4309 6683 7851 4837 8381 1902 3731 3039 5378 3697 5264 3554 7193 6136 3820 6756 6795 3186 5681 4433 5159 4861
4321 4981 4249 2539 4897 8499 5354 2189 2865 7125 7209 5051 5515 3357 3871 5040 6102 1992 6158 4201 7037 7357 4352 5918 6646 4588 5466 5231 7782 4767
4451 7791 2247 3999 2844 8498 3525 2525 3726 6055 6268 6258 6301 4108 3909 6014 6216 3701 6276 3522 6763 5921 3675 4380 8445 5471 5994 3526 5664 3378
5445 6522 2426 2953 2511 8557 5503 3517 5555 5755 5597 5719 7600 3411 3675 2966 6363 3656 6620 4646 7183 6463 2999 4060 6904 3973 7503 5419 5229 3789
6072 4890 2999 3045 5191 8217 6041 3913 4125 6305 8428 4759 5967 2103 3285 4127 6756 2231 5677 3115 7169 7564 4356 4078 7448 5245 6592 3631 4812 5796
5659 6995 3540 3452 5324 5463 3501 2948 3061 5559 8032 6326 7260 2687 2976 4228 3548 3617 4199 4309 4815 7992 3392 6859 7588 4514 7311 5402 5522 5839
4517 5277 2002 3930 4031 7781 6265 4085 3887 5017 8398 3675 6537 2416 2764 3125 2759 2559 6038 4911 5902 8033 4640 4202 7395 4719 6783 4760 5077 2996
5909 5311 3449 5357 4164 5708 5400 3091 5196 6019 2629 4933 8348 1103 4291 4885 4092 3213 5375 3737 7032 7926 3250 6233 5948 5233 6380 5251 6030 3514
4871 6472 1991 3808 5263 7130 6007 2436 3688 6887 3767 5361 8535 2285 1862 5026 4430 3005 6366 5577 4721 6228 2557 4192 5849 3289 7416 5013 4993 3492
7124 7123 3133 5398 3376 5737 6294 3609 5301 6159 2460 4515 5713 1821 2440 4248 4060 1845 6295 4240 7584 6587 2373 4169 5474 5929 8288 4286 5814 5229
4196 5476 2971 5235 2658 7058 5811 3449 3635 4181 3105 6030 6686 2837 2209 5950 2936 3558 4122 4032 5320 6475 1817 5631 6310 3010 7517 6518 5893 2838
5960 5163 3358 3473 3932 8455 5069 1668 2704 5030 3487 5541 6530 1184 2746 3529 2662 3511 6360 2849 4666 8745 4264 6528 7114 2809 7135 3635 5903 4208
6662 7151 3406 4660 3939 8315 4966 4519 4537 4265 3057 3457 7972 2033 2235 4430 2773 3165 6307 4244 4621 8130 4218 6417 6499 3568 7238 6063 4726 5030
7045 5043 4020 3327 3983 5603 5249 4205 3638 4383 1987 6389 8353 3159 3311 5393 2289 3991 6305 5388 6803 5761 4780 3803 5854 5268 6512 6538 5089 5349
6150 7003 2667 5124 4904 4326 3451 4474 4370 6272 5117 5972 8141 1155 2224 4117 3681 3594 5294 3662 4937 8679 3602 6797 8306 4425 5981 5609 5396 4801
5511 4786 3281 2780 2671 4557 4449 2054 5328 4632 4306 6289 6570 1562 3204 2973 4905 3040 6587 5305 7081 7293 4970 5602 8336 4991 6040 5612 4982 5261
5159 7549 4858 3209 3553 3339 3785 3962 4347 5671 4918 3808 7045 1699 2546 3678 2671 3426 5024 5556 6039 5654 2452 4789 6924 4033 7125 4303 6729 4814
5130 4811 2971 4989 4529 5037 5397 2967 4748 4662 1913 3556 6068 2117 4224 4319 3115 2990 5460 2873 6391 6745 4153 3876 8555 6671 7653 2391 6327 4851
22 6 21 19 44001 0.9386762238453419
21 16 23 6 35074 0.9851949119975305
15 19 1 24 72513 0.9326142467314109
4 24 15 7 81138 1.0925607231129189
20 13 0 4 87413 0.901829911807153
20 29 7 29 53587 1.0174811100573853
0 18 8 25 52776 0.9076623431081098
19 18 29 21 57976 1.0370117856222223
0 4 16 17 89704 0.9409656384476275
4 27 3 2 72554 0.9395974088510696
9 19 13 5 70094 1.0903951175333928
16 9 9 13 44673 0.9274916658542552
2 27 12 8 83569 0.9519549580934579
0 12 14 18 63298 1.0135705167234894
0 22 29 4 128966 0.9209680382670233
2 0 20 2 63825 1.0565170887841933
26 9 23 19 47574 1.0493525466151912
8 3 18 28 125529 0.9365159515599975
12 2 27 16 81970 1.0920776763124784
26 25 17 16 60844 1.048394734638125
8 27 5 13 49668 0.9799095294270853
5 2 14 23 99295 1.05570231275318
28 16 3 10 83265 0.9640287778340322
22 25 6 1 122754 1.0860246696082507
20 23 0 24 85008 1.0616617613046124
4 1 2 18 62062 1.0444699038116876
27 25 28 9 71296 0.9897163833243744
6 2 11 15 60295 1.0833924758361657
8 4 16 14 59101 1.0631954200692262
3 6 5 19 46445 1.045016058812458
5 11 27 23 103038 0.9011825650941659
23 20 2 10 90008 1.05372624264077
2 5 27 20 112807 1.0802074904722645
28 7 11 16 84294 0.9493137827922818
8 16 15 21 50859 1.017696917145222
26 21 5 24 93551 0.918225989307004
5 14 26 9 77388 0.9048125721089321
13 4 3 28 102108 1.0491169585728048
12 3 24 15 75854 1.082470979032378
17 13 15 26 71536 1.0116705430348762
7 27 23 21 71956 0.9632334798943984
10 24 1 27 50990 0.9218559989637867
0 2 0 18 77703 1.005774324962592
8 19 18 14 48240 0.9641856526387782
0 7 18 8 64926 0.9198027499031207
3 14 26 19 82547 1.0446498560439683
20 11 23 2 37531 1.0564665657570127
9 20 5 26 35939 1.0957253021838251
12 3 25 14 73264 0.9168135639961391
5 5 10 26 84461 0.9679256279611722
18 13 6 26 77899 0.9265372663499023
4 2 28 17 112809 1.077728203109936
23 6 21 23 59980 1.0207255195889768
28 28 18 6 112619 0.99593711241739
22 17 24 1 61724 1.0784814444427069
25 2 3 8 86728 1.0956310414244848
25 11 19 21 53991 0.955775549626297
25 10 0 6 97059 0.9518033463251295
12 17 8 25 35325 0.9307878876546217
14 22 7 3 90099 1.0699309753913102
23 19 12 1 84875 1.0519752666822366
16 28 5 25 60658 0.9934005297289232
26 11 16 25 76251 1.0448167289494874
22 15 18 23 35685 1.0843392054949652
4 7 24 27 115702 1.0260261603204996
6 17 22 20 54961 0.9465074330403935
15 3 28 19 91640 1.044099975991242
19 29 5 6 127170 0.9574637252332168
10 21 22 5 94121 1.0976944334825538
29 19 26 26 46210 1.034681912209228
0 6 29 25 147658 1.0506544643777773
7 0 24 6 74702 0.9162677108426744
1 4 17 27 129823 0.987213288825193
11 10 9 27 72668 1.0855829678377347
8 11 5 25 49607 1.0810936934214523
18 15 2 3 84938 1.051033294733075
29 19 11 6 98978 0.9783154072687318
21 3 20 17 42165 1.0430637807378231
15 18 8 21 40936 1.0383676790379823
5 11 19 26 100306 1.0223609204447965
3 8 19 11 68395 1.073646869014718
29 19 14 4 96397 1.0944349231872255
9 11 5 4 37352 1.0543924739524233
20 19 6 12 68480 0.9267077898359662
17 15 13 2 69155 0.925053845013867
20 7 26 12 35962 0.9731948984483606
28 25 12 0 132764 1.0079864220726644
19 26 27 17 64417 1.015994319420179
21 0 17 21 74422 0.9651193379788602
22 25 16 21 34162 0.9008177298394656
0 1 1 29 100718 0.9388892782795367
15 29 12 4 123303 0.9463348722302382
10 16 22 29 84735 1.0501088129239597
1 7 25 28 135079 1.060409209680703
4 23 27 4 113568 0.9313999291757287
28 10 0 8 107690 0.9209653704418087
11 1 29 14 92579 0.9909120989082201
27 5 5 9 88976 1.0094148662166043
0 20 21 13 75454 1.0647685075086635
7 9 19 20 79132 0.9529155117006446
12 23 8 11 55845 0.9424192019973016
9 29 7 11 60069 0.9087230402860448
10 18 29 16 67068 1.0831408265541334
26 27 9 28 87824 0.9624826950613803
23 1 8 10 80475 1.0907342986791178
26 1 26 11 46237 0.9856422368233444
1 25 22 27 99574 0.9585794814620505
8 16 0 24 48468 0.9833838974403445
20 15 27 11 33059 1.0489041647669586
21 28 5 1 137981 0.9701991549607615
29 1 25 19 83655 1.0308366315500117
19 5 1 24 110650 0.9225707232321964
22 10 0 4 97983 0.9090499020237318
9 4 15 15 55293 1.0703864084587442
16 1 1 25 113915 1.0383075654937133
14 19 13 2 78497 1.027086741594141
1 20 5 4 58627 1.0678094720710352
17 14 21 0 45703 0.9011668709205543
1 16 13 28 84740 1.0978008548315248
28 4 10 2 62642 1.0696975912546267
18 22 17 3 85570 1.0390708194414102
27 16 17 14 34881 0.9708632642094437
25 22 8 9 94794 1.0366167140804434
9 1 2 29 95522 0.9044569756679522
22 19 14 11 45733 1.0736175651362418
6 15 24 26 92316 1.0311658075853285
16 17 18 5 56982 0.984377773243539
24 8 26 20 53680 1.0183740977942795
20 12 4 24 73994 0.9977965531697143
22 27 12 24 59368 0.9989547901941118
7 15 17 22 53760 1.030599244305627
21 7 25 15 34011 0.9225400558085044
7 5 25 0 74313 0.9321171008111601
26 23 0 10 128307 0.9896287849858076
1 7 19 23 107533 1.0892855615867587
7 25 23 28 82013 0.9848533677280589
27 6 26 26 88778 1.035514741605984
13 10 26 23 87536 0.9401284538336175
7 23 9 4 67330 0.9347826936580813
4 20 12 26 50325 1.082024701617145
18 17 5 0 95392 0.9627501428989156
25 11 6 14 59719 0.9732746105920353
4 18 22 8 72521 1.0611007358890965
5 26 20 21 73430 1.0276924782493164
13 14 12 29 75819 1.0923601967058958
26 20 7 7 99360 0.9532705315679709
19 6 7 17 74382 0.9655647325850414
1 11 15 24 89056 1.066153973758289
6 10 24 18 74135 1.0648234916645327
0 27 6 12 58572 1.0467955069247512
13 25 19 17 57790 0.9099701772596515
25 14 3 8 74854 0.9977792741777084
19 20 12 24 48586 1.0105856297358389
26 9 5 23 102198 0.9609680732490824
19 6 14 24 92618 1.0438620454083345
12 7 2 4 48058 1.0732329236399138
11 25 11 10 76551 0.9294333041744722
23 5 3 2 72484 0.9049282716143852
15 25 25 29 61060 1.0837431297389981
9 20 11 8 54497 1.0857933766413912
19 18 22 29 58540 0.991066780210754
0 10 19 4 93732 0.9872222347844165
2 26 22 4 108567 0.9995252037107413
2 14 29 17 85657 1.0188769795141068
26 29 19 9 93503 0.9969650850910814
16 24 1 20 72049 0.9058342460642413
23 18 12 4 83556 1.0130357345718626
13 14 10 6 43475 1.0713086802109302
14 20 21 16 39760 0.9268351599118922
5 14 10 19 32884 1.0325512710399283
24 26 22 7 66784 0.9842140102940026
11 15 24 21 64384 0.967622345811227
18 23 16 9 70737 0.945085701014202
25 20 8 3 100993 1.0998635154396732
2 4 2 23 64625 0.9119653564809302
15 27 11 9 104866 0.9316990345710687
18 25 10 5 112541 0.996119137596201
29 19 0 8 120430 0.9798958271030282
4 17 7 8 36056 1.0048209389198433
28 17 1 18 88240 1.0255563974434123
26 11 12 10 58590 0.9541411935243264
4 8 16 14 51865 0.9116550399747049
0 24 25 24 102216 0.9705342322581082
4 25 3 14 27433 1.059456352913677
24 23 4 2 124642 1.0239222626976152
2 11 22 23 91394 0.9516366215988562
11 20 6 29 50743 0.9842404967256457
17 21 29 10 71927 1.0310137570783902
26 1 2 29 138986 0.9872523789021261
23 20 6 14 70247 1.0849526369791382
8 25 23 7 90843 0.9829460874336988
16 5 7 9 53812 0.9132412263047168
13 7 4 5 41093 0.9716831215228805
14 20 5 5 80829 1.098370495495431
12 12 21 23 63947 0.9528346450003569
5 25 18 5 107282 1.0148969848007894
6 12 20 4 71248 1.0082947695528064
16 14 7 17 39009 0.9078516995873408
24 6 10 27 117359 0.901905669417511
6 29 8 19 38849 0.9288493159467885
21 20 16 0 82431 1.038078508476835
5 14 19 12 48979 0.9008418485316262
27 21 23 14 36493 1.018514332417802
9 20 13 28 52675 1.0917171852769851
27 6 9 13 69494 1.0748239643054363
24 5 6 28 126411 0.9262664455189523
23 25 20 11 51709 1.019066632783383
3 24 19 19 80920 1.0475596351260734
7 11 1 18 34397 1.0164096934512181
26 25 6 27 95095 1.0048336015621075
18 7 10 14 53091 0.9728599900617398
19 17 19 4 52293 1.0916545279994736
29 20 5 13 90348 1.0611994566435798
16 21 7 4 94535 0.9680579765098205
9 9 3 15 34552 0.9520745300807162
21 21 18 12 44558 1.0198445158521448
18 16 26 26 64434 0.9445302589230814
23 3 25 12 41092 1.098315674350734
28 26 16 28 72243 0.949410396370694
3 12 0 23 44047 0.9214060221410093
14 13 0 12 47079 0.9598778643539303
28 5 1 13 98173 1.0415510572058972
21 8 21 29 74823 0.9596933436928516
6 22 13 19 38734 0.9316763685684826
26 26 12 19 81068 0.9957979254962546
1 11 20 1 95355 0.9693172548206885
21 28 16 1 106140 0.9372966106840874
8 7 10 23 67046 0.9500675888827858
2 17 25 5 94251 1.0205042038614285
7 10 3 2 44629 1.0812075674800914
17 19 20 12 34654 0.981817057164678
12 2 16 19 90507 1.066997894920789
23 27 2 9 114824 1.0151058067093752
17 10 24 17 43556 0.9270840465036861
3 0 7 13 51239 1.093323109514495
8 9 17 16 59175 1.0321945460915594
20 8 24 22 58222 0.9097718884622729
9 28 9 7 75395 1.042639582192172
17 1 0 24 118801 1.0570184780868894
10 21 1 25 47390 1.0469055821979387
20 14 2 3 85768 1.0401188766511056
10 14 28 25 97772 1.0413315950972202
0 19 26 14 91864 0.992613785689338
14 12 3 2 70098 1.0384745269918003
11 14 19 20 55504 0.9005281956647809
7 13 27 13 47713 1.0317786495247354
25 11 9 13 45588 0.9019528946897634
20 26 29 28 57163 0.9820570718511168
25 18 22 8 40947 1.020160473678542
25 26 5 29 98092 1.0335555893540287
20 17 24 6 45197 1.0692122294270638
1 9 22 5 88534 1.0081015713513066
9 10 0 12 42317 0.9752009410573861
2 3 17 22 104588 1.0331722315930216
29 21 0 3 141232 0.9553036478085063
16 24 17 2 102117 0.902087050620522
6 25 29 0 149284 0.9386965849817661
9 20 3 10 47044 1.0798652824769186
25 17 2 4 100804 1.0741078463644875
28 16 22 8 40631 1.050557738644741
29 21 4 13 96658 0.9907062259462779
11 2 20 12 63963 1.0909898421139
4 10 11 5 48766 0.9636198640639025
25 28 9 28 79076 1.0538421365957618
23 28 10 28 66032 0.9121303929853121
4 27 14 16 60989 0.9038169596394531
26 16 3 1 107566 0.9665510162769083
13 26 3 18 65399 0.9423474783103378
8 20 3 2 67207 1.0676540802133376
2 16 18 8 73980 1.009491326785355
4 6 9 24 65905 0.9045527983822687
10 23 6 13 42942 0.9889455087390903
25 23 9 12 80740 0.934105775540758
24 3 10 0 57298 0.9941950114893466
9 2 1 19 75871 1.0257869001399158
6 10 27 9 78079 1.048561287913998
17 7 21 19 52842 1.0834525968534578
15 10 28 13 44453 1.0000988185936752
13 1 16 27 129981 0.9076560759595601
9 18 5 3 58894 1.063207999984483
29 3 22 28 105262 0.9355687835452831
5 21 21 13 70603 0.9401932096721399
17 2 23 28 98184 1.0712714060047859
24 14 7 1 86598 1.0032820040650623
9 13 8 25 39560 1.027077439165752
25 14 7 28 96182 0.9896582782436518
2 15 28 6 96347 1.024809526679652
21 17 17 25 45798 1.0217566847016692
29 26 18 2 111971 1.0657604057873569
17 17 28 29 83128 0.944520997750896
0 19 29 5 127202 1.0869953130369927
16 29 12 13 92024 1.0540543962673237
3 26 19 28 85320 1.0748163106610735
22 15 18 21 36135 1.013140920875928
12 29 29 9 129173 0.9253883240004981
0 28 28 3 144716 0.9202422131331706
27 9 2 26 108651 0.9640409007034493
7 18 11 8 47792 1.0780270577399693
28 15 5 11 76305 0.9037910225254714
23 29 29 17 71480 0.9976045873001889
11 13 19 7 47622 0.960833155084901
4 5 25 11 86208 0.9472858151348016
9 18 0 1 77893 0.9542349905360258
12 25 28 22 72115 1.0238935414781813
6 11 24 6 75790 0.9223542627793833
29 14 4 19 83001 1.0008110795571774
23 26 9 19 76828 0.9424307837566197
14 3 9 9 36523 0.9056827426618012
21 1 8 29 118404 0.9247895083824303
15 4 1 1 55245 0.9257672106182101
26 21 15 7 81911 0.9196326873826798
18 29 11 21 61515 0.9825706851826249
14 11 24 14 36438 1.008276992844222
16 11 21 25 66144 0.9783257978153389
8 25 2 2 83179 1.007371220361669
27 22 5 27 96708 1.0169109131657703
25 18 23 7 44585 0.9942721738440612
3 22 29 8 111130 0.9923313210151766
14 5 9 29 105506 0.9878890729965795
24 1 29 27 115489 0.9829764973985133
5 12 27 0 110286 1.0538994788900307
24 21 9 25 64308 0.9457480787496647
26 3 9 10 82049 1.0747269573128777
23 19 6 5 96319 1.035096488661875
20 1 8 27 117047 0.9120451461713676
15 16 14 28 65189 1.0703082594987499
11 24 6 16 45998 1.0916588695452734
22 21 12 1 89892 1.062703272361592
9 10 26 11 60573 1.0546560018430837
13 15 19 8 48520 1.0659601620309023
25 9 3 6 84724 1.085637851219055
8 22 25 22 58761 1.0586864172286603
28 3 23 12 51413 0.9398319886894281
23 18 10 29 91634 1.0977465555600936
12 18 28 16 56476 1.0776036530210968
2 28 16 17 68901 0.9978277566746271
20 0 12 6 52479 1.0166585597522615
23 18 14 26 62212 1.0359163118399102
29 13 20 9 33642 1.0399754284886151
13 2 28 0 56840 0.9742202139159131
7 20 24 14 66880 1.0984291030537872
27 17 10 18 59948 0.947773349695801
4 13 19 13 39432 1.0630856654826848
5 13 3 22 27305 0.9353863291744589
10 0 22 28 124518 1.0513248802099198
26 11 2 17 78604 0.9499067796397657
4 13 13 29 78407 0.9857927491831016
9 6 3 25 69815 1.043054670708526
3 7 23 0 83038 1.0279158069215244
11 19 4 6 61441 1.0989757063770635
26 13 14 25 75628 1.0137920273119814
4 21 23 22 67165 1.0643283618163097
22 4 23 27 77343 1.0280116232333825
14 8 18 18 54468 1.0238327686343147
0 22 15 10 80634 0.9265562046027465
0 21 9 23 40528 0.9344424603803179
0 3 8 12 59296 0.9229607532440935
9 9 4 27 62064 0.9771940842162763
6 7 29 29 150723 1.0701158263339305
24 6 0 4 100792 0.9168178491528671
10 5 12 21 78575 0.9867853012891239
6 29 20 14 93242 1.0723251013108668
29 2 8 16 106667 0.9314832912955773
0 8 5 2 39734 0.9473430938826661
7 8 11 19 54422 0.9726418185848454
1 14 17 24 81769 0.9083847416880098
5 11 28 20 94358 1.0178759878634704
7 0 25 1 67621 1.0816179261253946
8 29 25 15 95192 1.0494620226696643
6 24 21 3 104913 0.970766935168254
12 28 16 0 139848 1.0595874766448297
26 10 1 22 96530 0.9789921929425303
21 16 11 26 80371 1.092390792696644
0 19 11 4 83596 1.050909768110316
14 18 3 7 64117 1.062660457723071
5 13 15 8 53132 1.0631985130955117
24 0 13 1 45858 1.0095133541991057
12 2 23 0 38891 1.0743967607113165
24 5 2 23 109132 0.9318735170333435
6 9 16 6 51207 1.01444761307227
21 5 10 0 50727 1.0021071273001754
3 18 21 1 92287 1.0820450133417772
10 4 24 29 130829 0.927083661591937
29 24 3 8 123806 0.9906262526467565
10 25 0 20 53671 0.9825553242080016
27 22 15 0 107433 0.9891715623948627
8 0 28 16 104164 0.9210698420939146
14 17 3 24 55771 0.9533046390314586
28 13 22 21 36126 1.0026774507706286
15 4 28 4 52989 0.9388315484048728
13 21 21 15 50001 1.0784192117860716
20 9 28 26 90165 0.9718706353179116
16 28 12 12 93242 1.0426074235689524
20 17 2 22 64880 0.9756301179340147
29 19 23 14 36480 1.0801167025396585
25 28 10 8 116804 0.9728048445384558
3 5 13 20 75315 1.0590446830651499
8 6 20 27 115653 0.9884040017143939
17 29 28 1 132344 0.9711042915970267
14 0 5 27 115590 1.022012659481947
15 17 22 28 56903 0.901055548327546
7 16 26 4 89195 0.9559062518838962
0 10 23 13 79262 0.9544956687106605
17 21 10 11 64760 1.0503490710953596
28 28 19 6 107219 1.0062094762891254
10 15 5 2 59025 0.9147351947178938
26 9 8 24 97581 1.071110785486291
3 2 19 15 87674 0.9764902533630415
9 14 3 27 55773 1.0129532310252989
27 6 21 2 33587 1.0229251834706279
25 11 10 27 102354 0.9500006411326767
13 29 22 17 76665 0.9579903126536288
19 26 0 23 92409 0.9627110504919685
14 7 7 10 39118 1.0636101985553355
9 15 28 7 77315 1.010880037324504
8 1 0 16 78616 1.042692341811746
26 9 23 24 68285 0.9177243147250479
2 23 10 28 51519 1.0053247853807477
28 21 9 19 85251 1.0400074196592075
6 9 2 29 69312 1.0401527731343416
9 16 1 8 54000 1.074306786617807
8 22 4 8 48408 0.9165985652800731
1 16 5 23 30980 0.9138192984920744
25 27 2 24 104677 0.9630044473722926
3 29 23 21 95719 1.0793925084628937
24 27 1 1 145972 0.906622821040967
28 14 4 8 76680 1.0912132927334628
12 26 3 20 55841 1.067904221546482
14 12 6 18 43929 0.9431603746891228
14 18 0 7 73759 0.9317974437611246
12 24 9 9 68062 0.9302082775046983
2 1 22 27 137512 1.062480958878899
15 13 1 6 64122 0.9852675898644174
20 16 24 25 42301 1.0494787549905267
15 11 12 29 95959 1.0827046457209928
12 18 13 1 82942 1.0807791521877868
12 29 15 5 126952 1.0277291226969942
25 3 7 26 120416 1.0907230608200913
12 27 12 11 80981 0.9048567276862454
28 18 15 18 52807 1.062845116674303
27 10 23 1 48083 0.9544531959745689
25 17 13 13 41498 1.0417117147757382
26 9 5 14 77388 1.0581172752725674
25 7 29 16 44009 1.0746649121168939
10 20 15 14 45590 0.9540221202517732
12 16 28 3 91936 0.969708417341363
10 27 20 17 76505 1.0000061864538425
0 29 16 14 88918 0.9893511985545882
19 28 8 8 120270 1.0358902215907768
10 15 6 25 44298 0.9699788124712703
5 4 23 22 108626 1.0755500842849495
12 21 2 29 59050 1.0536716517368592
12 21 23 19 52199 1.0890621154089002
29 29 4 18 129166 0.903620758317457
10 29 19 2 129589 0.9456351427486442
13 22 28 13 68017 1.0665533521568213
27 16 5 12 73157 1.044565505260328
2 2 28 5 94186 0.9887856558239313
17 13 21 29 68004 0.9629627479004323
24 16 6 25 80218 1.0096067411881837
13 6 17 20 76131 0.9142501423852926
22 18 25 25 36343 1.0770767172501743
22 16 2 19 67393 0.9986501852521558
0 5 26 15 105921 0.9906782774125877
13 10 13 23 65547 0.9814825788824795
13 8 8 20 59662 0.9288724903163887
18 16 10 7 61709 1.0091236435519166
3 29 29 12 113975 1.043765472290457
2 7 26 11 87693 0.9622297280083214
19 18 21 26 49795 0.9822716602663998
1 16 19 4 96422 1.0942240225637254
5 27 18 22 64877 1.062002178007771
5 23 13 27 56928 0.9993322929268411
7 21 23 7 81326 1.0520576989985915
25 4 9 19 90865 0.970286337298265
20 12 25 24 55955 1.0989486318802788
25 26 9 16 85388 1.0639161581685053
27 21 9 9 86894 0.9861192959574705
18 12 28 0 76520 1.0787558755057511
18 7 10 25 100964 1.0284584780768038
9 0 19 18 92168 1.0769182169390807
8 5 26 3 71218 0.9563467146489193
26 25 26 13 51990 0.9105095050325295
17 1 16 14 60859 1.0561749535326577
3 26 8 2 86530 1.0889506498166628
15 23 3 8 82862 0.9071774084807951
19 22 20 2 71282 1.0262302628444675
8 5 22 20 85643 1.0231569955185342
24 9 13 22 77653 0.9650683903225497
4 6 6 26 64260 0.9019133435491669
27 7 15 22 85603 0.9164510338729294
20 1 28 26 112175 0.9209156531854649
10 27 13 6 98237 0.9549630845081108
29 29 2 25 130335 1.0064677706633431
2 8 21 1 80294 1.0369948275530745
28 1 18 10 61742 0.9262263966970107
11 23 8 4 81135 1.0762827364352976
11 21 26 18 74105 0.9040410104138586
26 15 15 28 85141 1.034569904594406
4 27 6 9 60784 0.9051299982178194
12 23 2 21 42008 0.9190107009177161
17 11 14 21 59799 1.0333677710771938
11 9 19 21 85531 1.026364815723499
0 4 25 10 106514 0.9400723336566027
4 22 10 4 69416 0.9385791868330685
20 24 4 16 82006 1.0097963163344106
22 3 17 8 30813 1.0931157554328053
18 0 22 8 37188 0.9434906194755062
9 24 21 6 91507 1.0643986852898066
29 19 5 11 93565 0.9531587097064862
9 21 15 6 79602 1.0059533182592562
12 3 15 15 63527 0.9228219541585125
8 28 23 23 72373 1.0193178505938054
28 24 20 7 82973 0.9236138631460956
9 8 26 29 123831 1.0725000753663407
2 21 2 8 48124 0.9086977966352731
12 5 2 28 98634 0.9139808606324975
7 18 21 3 77756 0.9368504823798801
25 19 17 23 41086 0.9942636033846206
18 1 0 5 81419 1.0576611789656138
7 10 29 24 105252 0.9476285663389371
25 10 4 29 104236 0.9999871333535765
7 15 8 4 46539 1.0500009583349572
29 27 22 17 63662 1.0779489165036675
18 24 5 20 63966 0.9646397715567666
2 27 24 5 118917 0.9935184310606813
28 18 15 20 62939 0.9118013449193539
20 5 1 26 115473 1.0521838282088072
26 10 10 8 63529 1.0909712457204448
11 15 6 6 52426 1.077752238355257
9 3 7 16 48259 1.065851543085618
2 18 14 28 79699 0.9392438676054513
19 7 12 26 106182 0.9845441731906439
26 1 12 4 54397 1.0213488547027119
28 3 5 14 99677 0.9820632579493003
16 14 10 5 60314 0.9666974350717465
19 28 19 11 81233 1.0833995895188928
28 17 10 23 81364 1.0719771293221139
4 28 3 3 73607 1.0651108515774608
15 18 9 12 45000 1.032623824552462
4 2 7 17 59207 1.038003748858962
1 5 7 0 40645 0.9369690996627733
16 15 28 1 80052 0.9421967276077374
28 3 18 3 38769 1.0848065437002254
18 13 7 18 45462 1.0775622215863558
9 24 22 27 66402 0.9978474078711468
25 18 9 18 57934 0.975137716869901
28 8 24 28 91523 0.9332006402980111
25 17 2 20 78002 1.0411965495700146
26 8 19 23 72685 1.0425186497968566
4 26 5 12 40185 1.0649133356143583
21 17 22 4 41462 1.028749339682067
24 10 9 17 62198 0.9544167103454527
14 22 16 10 68162 1.0084156547208663
10 28 24 17 92567 1.0137548475479694
0 1 17 14 93465 0.9274369761200364
19 3 1 21 110289 1.0046969356810578
27 11 14 16 51337 0.9001292681980307
22 6 3 11 77014 1.0232465440953773
4 28 15 15 73385 0.9556954343250137
15 17 7 27 55501 0.9257545326603248
29 13 28 1 58188 0.9375662662602114
14 15 5 21 56341 0.9969198576387108
6 7 13 10 37221 1.003521501560332
24 12 7 17 60404 0.9217849694705519
5 19 19 24 72893 1.054499344989258
5 16 29 17 79467 1.0029904333732245
17 0 9 3 40191 1.038189064177267
2 10 6 24 60167 0.9648228601179963
20 19 0 0 124835 0.9809733847772353
23 13 4 18 59373 1.0024432530338274
5 7 24 21 101864 0.9079200951399321
29 26 19 6 99058 1.0133173543247889
29 10 16 10 53176 1.0373929721673785
20 16 6 4 85129 0.9654413391583099
23 23 5 9 100902 0.9207326006886962
26 6 1 21 110591 1.0814750166223503
12 8 24 1 62897 0.9597078572382478
13 23 19 15 57582 1.0632854891512982
11 12 28 15 57878 0.9459822441376026
7 22 15 28 55874 0.9305540688417884
7 5 22 2 56565 1.0721593837228147
22 5 29 25 90819 1.0777300444233584
17 15 2 8 70340 1.055767282557137
1 13 6 23 44474 0.9084044173514928
28 19 1 8 112830 0.9339228540649497
9 29 6 18 45266 1.0915138765513916
21 13 7 0 80234 1.0332012615368793
3 16 25 23 92027 0.9942438465888883
12 17 6 5 66092 1.0374303208410693
9 18 15 14 34063 0.9776087104330416
1 5 17 13 74642 1.0583933358436397
0 22 13 20 57478 1.016110684613828
5 2 14 25 108511 0.9614179199052786
1 1 21 7 80087 0.9876883560576756
22 2 4 24 104946 0.9835554849336676
19 12 1 17 62853 1.0251093970356413
15 18 25 8 64233 0.9548095468849739
26 27 6 16 103854 0.9145775082581367
12 27 2 13 74663 1.0896818721760135
26 19 18 16 37089 1.0760444350539429
11 29 15 11 95659 0.9255428241950219
4 6 15 9 53438 1.0280428962876762
27 23 25 10 53006 1.0719948000315713
10 21 25 3 110102 1.0039088133489131
1 14 8 1 66278 0.9829851748385574
23 24 26 8 71291 0.9725492007293353
4 21 20 8 83795 1.085992887917749
0 10 26 15 95274 0.9660055262059372
8 28 19 15 76719 1.0290058462519798
0 29 23 25 107554 1.0941265055970837
28 11 7 19 80737 0.9857435342910192
28 29 7 29 91117 1.0942985898765931
15 28 12 14 80881 0.9513277244179414
15 22 26 2 98382 0.9698518670424294
8 22 18 17 46051 1.0173626589500944
14 17 6 25 48774 0.9398801628673572
16 6 1 19 90475 1.016299111073872
24 22 12 25 56311 0.9276480215880446
5 9 11 28 88888 1.0479461855213306
24 4 7 19 90986 1.0780340045909211
22 8 1 1 85506 0.9667828933186616
14 0 20 23 100788 0.9914571687323617
7 21 19 0 106620 1.073660622279923
14 17 4 24 48349 0.9084155266888115
27 0 16 15 80957 0.9307666858057468
18 23 25 9 63013 0.9055443409266765
14 19 26 26 73345 0.9871294021657652
21 25 26 15 47554 1.0189865022485112
23 17 21 1 50057 1.0556796145180458
19 24 12 8 93924 0.9036673510162588
21 14 22 29 54729 0.9997816580129447
0 19 26 7 110732 1.069167727187582
1 13 7 4 46785 0.9014792176916656
19 26 16 1 110488 0.9295726476813844
12 19 23 27 69292 0.914604014879368
24 16 8 2 86676 1.050635234207238
7 9 24 23 91950 1.0490972171546429
9 5 29 0 85071 1.0899493334675372
7 24 2 0 88831 1.0418748711517083
2 6 9 24 72153 1.005275529420035
26 12 28 27 68303 1.0669301122880053
26 20 0 0 139728 0.9276232322750775
8 14 8 1 51956 1.015623460947772
7 2 5 12 47102 1.0657878146938575
16 23 1 8 97345 1.0839266392197906
20 0 22 12 42447 0.9126378257404455
10 17 19 22 51168 1.08503838103895
16 13 29 22 63548 0.9666398226545696
23 27 17 21 41811 0.9640409784625749
16 9 25 14 43506 1.0558103758350523
9 5 28 15 83564 1.0912970023407644
17 21 9 19 42468 0.9886577340181462
17 5 4 9 63291 1.0951512721260714
18 29 12 24 50345 1.0329970545193516
2 0 9 27 100644 0.9316876023594456
18 0 13 24 117810 0.9273428616314654
22 24 15 14 51418 0.9868441116797444
3 9 17 16 65949 0.9364521158838223
13 4 19 12 52248 1.0725145057251009
25 18 12 26 81246 1.0191400716708907
17 9 29 1 68423 0.9447882980924882
16 26 14 17 55800 0.9471457595784679
24 10 5 10 73629 1.0315892966975573
9 8 0 6 40165 1.0366498978817187
1 29 5 11 56990 0.9620755492431975
8 22 26 18 77045 0.9934910649433732
3 24 24 16 87215 1.0761094054611242
11 27 17 9 108113 0.9150216842702056
25 19 7 2 103687 1.0941172459554966
27 21 20 14 43070 0.9659191199711109
2 28 11 13 60040 0.9126415918399735
3 14 23 7 68275 1.0691290320037656
3 9 21 9 70770 1.0954162236391005
22 1 14 23 98923 1.0100669395008641
19 9 2 28 101302 1.0166110884862758
6 3 6 29 86310 1.074091392004164
19 28 19 7 91478 0.9960796466934232
21 1 4 28 115546 1.0014677894231858
28 11 15 4 70942 0.9552220602794265
6 17 22 20 54961 0.9314796352860191
20 26 15 5 107907 1.0799786957300244
14 7 29 6 56109 1.0082697358087698
25 14 2 26 93253 0.9693278665495638
18 1 29 3 45105 0.9305340458600534
28 12 14 22 71097 0.9205653955123416
11 20 23 12 68723 1.0621921267826377
1 11 5 3 39552 0.9800564525180044
8 28 17 1 117471 1.0341661235703343
29 2 12 13 82230 0.9494196799008041
25 28 27 20 40491 1.0574841247956548
10 16 2 29 57435 0.9069129117202759
23 8 25 0 35063 0.9963517785661714
20 13 20 2 36361 0.9620959297420916
1 4 20 22 117687 1.0979883420696608
19 6 27 13 38997 0.975504771021934
3 10 1 25 51067 0.9348309910638823
0 29 10 19 68648 0.948775278171695
3 23 22 16 75886 1.071655759503408
18 12 7 27 81365 1.0364857416959141
27 1 10 11 93234 1.0426030153458004
8 11 0 19 49555 1.0260193811764058
7 23 12 11 53492 1.0944713849560244
26 0 25 9 35815 0.9118505665228719
27 12 7 8 72485 0.91442103454173
28 28 25 6 97459 1.0378797934798634
25 2 5 16 101669 0.9278427659535877
9 28 16 20 57053 1.0839369645699368
29 23 20 26 53230 1.0628102466331617
2 18 28 8 97626 1.0783598922052118
14 6 14 20 67434 0.9681066857355654
24 3 18 7 31494 0.9523250158517576
26 19 11 21 69790 0.9930290026721251
26 13 10 15 49960 0.9210860411240357
5 3 20 2 48808 1.0747740737297768
17 6 6 1 61617 1.093165682926995
9 14 29 20 83034 0.9100016120748939
20 8 9 0 61135 0.9953094427292918
15 27 8 21 52489 0.9706031406538925
23 1 1 23 119584 1.0831963450480353
23 11 0 6 95023 1.006644038837633
24 8 0 0 100761 1.0035908660549822
2 6 9 13 41653 0.9480828893088775
22 12 13 27 83539 1.0047323831134698
17 22 16 6 78868 1.0998801975132722
11 9 21 3 54480 0.9590155611272869
3 21 25 18 88123 1.0028098764172702
3 3 23 26 127204 0.9476752152514996
13 21 24 7 81376 0.9128104847363265
21 5 16 13 33465 1.0818708592965498
26 9 17 22 70060 1.0884495467975666
9 15 9 1 46268 1.0490234675804624
8 8 0 13 44992 0.9460046263197384
22 10 16 19 46507 1.0934786695458487
26 26 26 5 90744 0.9988212636110498
16 2 27 3 37260 1.0112815126906254
4 21 15 15 54672 1.0098373934345048
11 14 20 3 63584 1.0085958050996913
17 4 7 11 62952 0.908774025662387
5 8 18 19 80087 1.0242737115282567
4 25 1 13 37514 1.025078508709965
17 14 5 20 63739 1.0296446853487213
23 4 11 27 121964 1.0308293487774969
4 29 27 12 101537 0.9355352215219699
16 6 3 5 56334 0.9026970713942689
26 16 18 9 42860 0.9299947538620847
2 26 18 7 100010 0.9736963684883309
20 19 25 14 30840 1.0843438493342015
23 14 3 5 77450 1.0181168237643399
13 25 7 5 93077 0.915901045961972
18 27 29 29 57740 1.060588424608667
0 0 7 23 92100 1.0256172964229415
13 13 25 7 49465 0.9377288345759855
16 8 21 18 45496 0.934758003886687
23 25 2 0 134870 0.9881545937683138
18 14 0 15 60237 0.9416002229666376
25 5 21 16 44715 1.0048216990728664
12 27 15 9 98968 1.0415671231521786
27 24 14 14 76227 1.0172776935304624
23 20 29 6 72627 1.0046183957050612
23 18 2 27 91804 1.0237967425346497
20 18 5 23 76105 1.0678147028388474
28 7 17 19 71249 0.9132443810278805
18 0 13 20 100450 1.034380649010892
5 1 11 13 56257 0.9620976377729074
22 17 29 21 43214 0.9742995708625846
12 9 18 18 56814 1.015356769930694
22 3 1 1 74201 1.0531796114226513
7 7 2 16 43468 1.0443214760608153
1 7 13 14 55554 0.9944686596128256
12 18 1 26 64464 0.9126697439390287
17 12 25 10 33855 0.9507376005114543
29 25 8 10 114759 0.9542492600256222
26 26 20 13 64606 1.0521617779663692
20 20 10 9 79788 0.9853577017715974
11 8 19 25 101868 0.9777068828169359
14 9 0 26 91317 1.076381280640892
25 23 6 19 77794 1.012307003736185
2 21 27 22 92275 1.0212503736260412
28 6 18 27 102038 1.0254552617816703
15 24 10 29 45303 0.9047900409141597
15 28 2 21 75967 0.9168649914530073
0 22 0 2 80391 0.9422635991397311
2 5 17 15 78069 1.0935423986834902
18 25 29 29 64657 1.0548277981406204
3 20 0 8 57152 0.9824424071048029
14 24 18 0 115482 1.0505274434910497
1 2 23 0 75995 1.0886094020646762
16 14 7 2 66933 1.0386567544789678
13 21 23 15 56488 0.9034899026294451
2 28 20 17 81295 1.019700663696186
9 2 15 9 45967 1.0655890644661123
7 17 20 17 38583 1.0900131966925726
14 29 17 9 106793 0.98398577674431
14 29 10 3 117054 0.9032236537060195
0 17 26 20 92798 0.9556486689865987
29 1 23 15 75390 0.9941592044402816
14 0 22 29 118270 1.0393874139624713
17 23 3 12 75499 0.9181485308024759
27 28 17 27 54849 1.0081384531473694
28 25 7 1 141803 1.0253617368145203
7 11 28 19 79480 1.0085025008883182
15 18 1 1 97226 0.9217089195058715
25 19 27 2 69203 0.9529689218306525
13 18 2 7 63140 1.0101859888039924
9 2 19 16 77259 1.0833922390094581
12 27 29 27 83188 1.0066542785367507
23 22 5 8 98351 1.0259573580960952
0 11 9 27 77486 1.0143062623609365
4 27 12 24 46929 0.9821893337858274
8 10 0 19 54133 0.9530725008730674
7 11 28 9 73897 1.0950225838350471
2 26 11 1 101207 1.0325202771336282
11 2 6 11 52393 0.9767435448034276
10 10 25 18 69607 1.031998352732117
12 20 5 11 54196 0.9207497373109309
1 10 26 0 115330 0.9962080550699581
27 27 29 6 96648 1.0562340511066344
18 11 25 29 83942 0.9267525187964103
13 16 18 8 51617 0.9203881527239713
2 18 26 10 84315 0.907877554839445
10 14 22 25 72678 1.0670152194005524
10 26 22 27 64214 1.0719557904447425
0 18 25 12 84285 0.9094555424877011
11 1 9 13 51896 0.977061811583718
1 25 25 25 104211 1.0696620573204583
12 14 6 28 64689 0.9673894288052531
24 4 9 13 66574 1.0882215421373047
4 3 2 29 80022 1.0436838090488587
17 19 6 13 54389 0.9525206436876421
11 19 29 18 71970 1.0887246338264822
24 2 2 8 88653 1.0635816372058904
2 13 22 24 85939 0.9311889270253981
10 6 27 25 118247 0.9623715874507763
21 7 2 21 85409 0.9868006770300336
13 16 14 1 69172 1.05950471890766
9 19 18 20 43224 0.9813248276152982
13 29 24 16 84425 1.0846169186425225
21 7 14 24 83713 0.9463322051380487
8 26 14 11 68965 1.0903111460404529
7 8 16 11 55618 1.0389017009536885
14 9 28 24 96743 0.9370399705145943
25 8 4 6 78300 0.9973268397429094
16 8 24 13 36257 1.0917632568884228
4 28 26 0 138908 1.000795401549871
20 29 3 17 101696 0.9654357988150571
22 25 12 19 58649 0.9315491645032437
4 24 15 10 76372 0.9151641910816802
13 7 11 17 52206 1.0188338096578744
3 1 26 15 104756 0.9849698610906934
23 18 7 21 63572 1.0940768251014286
29 0 25 23 105042 0.9657813653975643
17 5 14 29 125103 0.964486056016261
6 16 17 19 46014 0.9611058840598851
24 20 22 28 36677 1.0006080856708632
18 16 20 2 51052 1.0537079083047467
20 11 1 29 100327 0.9433872862073047
22 15 22 2 42550 0.9562262799605831
20 3 12 19 79818 0.903992498345348
9 14 27 4 79888 0.974184889797955
14 5 20 22 85146 0.9422122224697019
19 24 5 23 68510 0.9953937082409949
15 20 16 10 65302 1.0450972931792477
14 9 23 0 59463 1.0187116296970378
3 25 28 26 115828 1.041658822143832
5 10 26 25 112551 0.9921754944993216
19 10 6 21 79381 0.9093988231140668
12 24 19 21 42944 0.9246635497683391
9 13 21 6 50159 1.0948290957179225
20 29 23 5 94213 1.070820866151437
3 0 5 23 72070 1.0164276754568244
17 19 12 12 46563 0.9475721929344353
13 10 20 14 37718 0.9293391236785193
24 10 14 27 94251 1.0411743963007243
8 0 5 17 67629 1.0364069636942341
1 22 14 0 104021 1.0665496696954584
13 26 14 13 65915 1.0779618640563615
16 12 19 21 54881 1.0564903243482318
10 27 3 6 82085 1.0905832479986952
17 22 24 7 67230 0.9236643626737976
28 25 9 1 135133 0.9858781783632743
3 7 29 5 95640 0.9124363628532453
21 26 14 0 109525 0.9459014983452532
0 26 16 15 82244 0.9248357381158309
27 9 6 12 70614 0.963241382773747
20 24 6 19 70215 0.9601351541878704
29 22 12 14 80488 1.049269677595927
24 10 7 13 53297 1.0767472606464437
8 16 27 21 80085 0.9122286380534029
26 24 22 17 43430 1.0063980759342377
27 21 18 6 74918 0.9031731048522126
14 13 3 10 40241 1.0087723615685784
17 0 22 29 110316 0.9968481164604777
22 22 11 7 80143 1.0107862640479692
15 13 21 21 46053 1.081075075720891
11 1 24 18 93244 0.9693397392900763
29 16 18 18 41114 0.9886378514794151
29 28 19 7 107276 1.0294727817039824
20 28 20 10 72670 0.9648418207826677
27 20 5 19 88618 1.026914972502357
6 0 1 22 76300 0.9194979453620264
6 23 2 1 81877 1.0390341435909378
3 7 14 18 64117 1.0159697602060562
20 17 0 2 105501 0.942408587723539
8 9 24 25 98696 0.9266362803112757
25 15 2 3 98436 1.0764366284131377
7 26 11 11 64504 1.0840723903960177
11 10 24 26 95678 1.090175672809521
27 15 5 21 91064 0.9068040842110081
29 7 9 29 131763 1.064823096622121
9 1 16 18 82951 1.0927413274255418
17 28 6 9 106663 1.0836096581703172
2 6 23 13 76150 0.9511798582436596
15 9 26 12 50334 0.9917888842006802
7 12 20 22 71731 1.037688417142876
15 1 3 16 87350 1.0337788741905198
3 26 12 0 108381 0.9317911526567326
15 20 6 12 61735 1.0662549489468574
18 5 0 29 124758 1.021731456306306
3 29 18 23 79954 0.9235797861435932
0 23 27 12 97764 0.9508041952086739
26 4 22 13 42484 1.0384900764679972
14 1 0 21 108499 1.009712651030587
27 12 28 27 67723 1.0035298033889537
20 25 5 12 97935 1.0133283041325813
1 3 25 11 100361 0.9039425022480743
9 25 20 0 116766 0.9574561677257665
18 25 3 29 80873 0.9305755038939638
27 7 19 19 66369 1.056281564195084
29 24 20 15 60417 0.9275319792075148
6 6 23 24 111204 1.0853883342378592
26 21 27 8 58036 0.9038169336554474
15 21 0 8 99025 0.9213700594701189
24 6 25 19 53674 0.9253092615974229
1 14 21 3 82995 0.9204071136540807
27 12 16 0 71532 0.9478972942845485
3 13 5 27 41976 1.0301936534163976
23 18 1 26 96141 1.0004429274103008
23 0 2 2 73061 1.0862143131868152
16 16 6 21 52748 0.9055170267119436
0 26 16 22 69585 0.9996546268412554
12 22 6 2 88395 1.0166872497545492
17 5 28 14 62453 0.9234073662931473
19 28 21 16 58836 0.9945964177402463
4 22 29 14 88818 1.0416483582653508
16 5 26 21 91359 1.0369622649562062
1 1 1 28 95063 0.9816823919118215
28 10 6 2 94293 1.0456930279543795
25 11 11 7 57022 1.0064716439926475
3 7 19 26 111757 0.9110094675101064
7 26 24 3 118212 0.9231278565780638
15 8 27 13 46258 1.0015348951893777
7 3 26 12 82188 1.092899041423129
17 0 26 13 63143 0.9415199690946058
23 6 27 27 92957 1.0714297789648357
16 21 1 1 113426 0.9911624228710845
16 11 6 11 47817 0.9200732449740282
20 25 25 15 50447 0.9626269221741183
7 28 8 7 78439 1.005109732787969
12 12 3 10 36939 1.0788814800403614
6 26 29 14 106810 1.0638828295545115
14 20 19 28 55736 0.9422481867364606
16 7 28 18 69063 0.9161745509731617
22 1 2 21 104901 0.986519485832836
9 29 23 10 103232 0.9757178619399856
0 22 11 3 85011 0.9269495903376875
26 17 11 15 56456 1.0828797486028503
9 28 22 7 103413 0.9388244453451825
2 29 15 19 78887 1.0697608711805529
28 8 26 26 85859 0.9562050577350825
0 29 11 6 98835 0.9531592140406276
2 8 25 28 131205 1.0693450424514335
14 12 5 13 30189 0.9537953218805519
5 20 17 23 54469 1.0638907826359811
3 9 11 20 61838 0.991340158190461
12 24 21 7 90091 0.9534726383771337
12 1 13 19 88583 1.0095581640885138
21 6 0 7 72085 1.0450305370643562
3 1 20 5 72960 1.0028927439112862
23 28 22 14 51181 1.0302175452889801
8 0 17 7 51203 0.921512361738331
7 20 19 19 54622 0.9573598390450556
28 11 9 9 70292 1.0754032020572366
2 19 20 24 82847 0.9568394308118376
23 1 3 16 97392 1.0662184339317349
26 11 2 8 88095 1.018619996835457
22 3 19 27 94501 1.0954536209987522
3 25 14 23 53457 1.0335730451713077
16 17 12 7 55928 1.0719808998931275
25 20 16 1 85242 1.0641885191705414
5 17 22 21 63233 1.0367757650275569
7 15 28 12 63437 1.0656940972880196
1 2 29 18 127546 0.9793354293288042
29 4 8 16 101864 0.9085021625162293
0 13 4 23 35414 1.0497048951946821
8 20 29 14 80661 0.993651074364776
9 20 27 17 69343 0.9211872138291901
1 26 20 5 115473 0.9632798941798242
9 1 18 15 72344 1.0959883299940996
27 22 10 17 72769 0.9739640043655108
