6418 5632 5252 6941 4752 6609 6542 6840 6533 4646 5675 6286 6199 4388 6806 4318 6214 6118 5572 6512 4835 5889 4548 6363 6197 6169 6387 6431 6414
7613 4843 4932 7023 7220 6492 6760 4934 5213 7464 6184 4995 5992 6896 6150 7022 6098 5904 7779 5572 6709 5241 6573 7595 6878 6405 7083 5990 5667
4416 5115 5041 3849 5548 3470 4186 2665 5121 3035 2832 2656 5488 5309 5126 5361 5141 3790 4939 2570 5517 4359 3038 5268 4169 5355 3622 3768 3573
4525 4764 4551 6270 4936 5125 5220 5595 4683 4843 5744 3898 5889 3998 4025 5102 6007 4924 5453 4127 5468 3936 3807 5882 5997 3578 3578 3378 6141
8207 6905 8178 7807 6757 7015 6964 8406 7696 6374 7564 8264 7342 7235 6015 6074 5956 7450 6001 6825 7199 5846 6544 6788 8046 6588 6505 8564 6316
6322 5839 5489 6154 4757 5953 5531 5311 3714 4460 5938 5803 5566 5047 4130 4446 3568 4182 5701 5290 5454 4509 3466 5655 6161 4704 6079 4192 3873
5866 6699 6349 7861 6847 5900 6858 6157 5462 6901 5043 6069 5701 6569 7431 7296 7000 7756 7825 7008 5583 5286 6416 7228 6988 5923 6671 5127 6359
4034 4296 2863 5008 5170 2955 3032 3016 4458 3287 4223 4001 4919 3542 5366 4554 4276 3037 3331 3480 3179 3938 4057 5105 4977 5132 3372 3285 4230
6367 6307 5901 4631 6240 4180 4119 3885 5411 4624 3948 6102 5730 5210 4088 6011 6393 4971 5943 5113 4159 5051 5507 5091 5699 5449 3687 5288 4306
4684 6493 5315 6531 4425 5675 5130 4661 5605 6762 6709 4681 6305 6424 6829 5098 6000 7122 4339 6544 4744 5326 4551 4404 5353 4661 6961 6972 5427
5231 4773 3735 5228 3227 4810 5801 4839 5095 5368 4688 4356 5191 3764 5276 3420 5981 3547 4383 4437 5056 5839 5411 4079 3207 3491 3941 3775 5184
2306 2563 2606 3941 4299 2235 4196 3270 2645 2160 4000 3355 4253 4778 4710 4100 4749 4669 2139 2821 3269 4091 4389 2876 3693 2453 3566 3097 3666
3129 2923 3624 2225 1613 3270 1913 2987 2240 3550 3890 3465 3218 1312 2718 4060 2028 3885 3183 4224 2314 4212 2410 3999 4231 2183 2990 3901 2098
4170 3459 3338 3910 3779 5733 4136 4116 3939 3813 3365 4899 5301 5549 3359 4013 5375 3299 3761 3452 3801 3101 5713 5223 4120 4773 4979 4034 4601
2853 1245 2164 3675 3411 2599 1552 2773 1182 3460 1857 1184 1471 1720 4016 3126 3016 2211 2784 3616 1854 2604 1165 2221 1633 3752 3190 1389 1457
3888 3471 2944 2726 3642 3925 3972 4987 5068 4368 4572 2608 2759 2148 3043 2888 4540 4907 4832 3967 4135 4875 4589 3230 3073 4578 4833 4013 3169
3500 3470 5272 4247 6252 3817 6322 3683 5553 5032 4717 5290 4154 6062 4361 5620 4747 5172 4919 4822 6277 4604 3665 5170 4381 4535 5131 5186 5912
6230 7693 7610 7063 5143 6024 7609 7685 7361 5702 5727 7096 6725 6738 5543 7804 6895 7528 7500 7268 5746 5214 7198 6823 6437 5284 5551 6955 6968
5960 5618 4237 5254 6135 3858 4511 4524 3518 5575 3524 3829 5389 3615 4383 3996 5243 5460 6407 4140 4154 5316 5672 4201 5485 5382 4407 3648 4913
1195 1676 3016 3184 3983 2379 3090 1232 3710 3672 2082 1318 2952 1339 1579 3575 1367 1873 2896 2382 3455 2368 1038 2266 3311 2344 1278 1117 2243
3987 3669 2755 2203 4552 3845 3088 4439 4647 3631 3267 3963 3297 4295 1896 3189 3213 2708 3610 2444 4622 2484 4772 1835 1926 4318 3957 2608 4363
3518 3841 2972 4513 2214 3241 3547 3782 4477 3398 4078 4321 2208 1828 3448 3707 4766 1842 3611 2303 2980 4380 4492 2829 2759 2173 2537 4111 2436
3069 2672 2893 4511 2681 3158 4693 5269 4399 2564 4285 5386 2636 2627 4753 4300 4037 3352 5420 4963 3661 3886 4529 5266 2733 2775 3774 3913 4861
4501 3176 5184 5610 4960 4940 4832 3867 3538 5649 3354 6063 3661 3818 3848 3345 3911 4635 3197 3775 4246 5045 4221 5056 5648 3273 4191 5584 5448
2788 2436 4947 4238 5108 3341 3695 4516 2909 3652 3947 2895 4900 2360 2329 3047 4188 3469 3075 4777 5163 5033 3592 3491 4765 2617 2821 2334 2463
5212 5267 5625 3772 5775 4928 4794 4025 5324 4357 5417 3754 4110 5047 4204 4979 5763 5350 3844 4905 5427 5555 4687 3186 5449 4339 5673 4075 4469
5878 6062 6325 5971 8005 7858 5558 7492 7576 7156 6863 6552 6760 7701 5338 8079 5859 5533 8111 6203 5543 5652 5673 6992 7485 8148 5971 5317 6603
2783 4589 5107 2836 4077 3434 3420 3642 2361 4481 3840 4399 3028 3592 4189 3932 4875 2538 4578 2704 2278 4951 3523 3202 2499 4615 4792 3475 4612
5604 7059 6013 5845 6442 5607 7190 5763 5936 5024 4833 5957 5530 4881 7054 5448 5845 6415 7013 5406 4977 6070 5770 7257 6553 7004 5990 5164 6367
3922 4418 3844 4795 5348 5139 2656 4592 5494 3067 2577 4802 4690 4578 4627 2752 3467 4572 3842 3077 5490 3366 2909 5104 4162 2979 4985 5056 5185
4989 1711 5464 3106 6656 4371 4453 6917 4489 5460 6591 4924 7742 5709 2348 3601 8292 5664 5192 8435 8168 7821 3654 2138 8116 6193 4122 3413 5995 4336
6658 4100 5348 3115 5926 2181 4280 5215 3130 3991 5647 3297 7293 5768 2971 4881 5917 7474 4203 5762 7381 6504 4717 3347 5534 4173 5844 3288 5752 4591
6852 4256 7240 4733 6118 3443 4207 4270 2132 4169 5861 5773 8924 7088 4494 5986 7171 5432 5710 7669 8642 7156 6025 3722 7893 4609 4963 3638 7808 3908
5638 3162 7286 4910 6447 3610 5529 5415 2887 3551 8420 5407 7447 5666 3755 3726 8429 7512 4626 7539 7673 8221 5203 3945 5768 6306 4389 2113 7605 4231
5304 3914 6807 3407 5821 4530 6260 5066 3704 3374 8339 3792 6179 4830 3043 5744 6917 6903 4533 6818 8357 5909 6230 2011 7387 4700 5397 2361 6254 5030
6437 1904 5534 4800 6474 3757 5656 6720 2048 5755 6549 3754 6190 5836 3975 6007 7762 5908 6145 7214 6206 6664 6361 2228 5825 5346 5723 2983 6498 5024
4444 2832 7023 4264 7565 1719 4667 5189 4476 5434 6914 4020 7747 5632 3190 3357 5937 5573 5914 6961 7834 7128 4354 1252 7040 3829 4201 2443 5805 3541
5961 1960 5694 5581 7345 1895 7084 6390 3613 3680 7838 4513 7267 4166 4293 4859 6731 7004 4996 7751 8580 7250 3990 3472 6891 5337 4254 2527 8088 5402
4993 3793 7996 4524 7311 1987 4480 4110 2292 5245 8403 2946 8134 5013 3374 4070 7486 6850 4805 8515 6574 6149 4536 2492 6670 6239 5283 2233 8405 3120
5833 1707 5483 3060 5714 4610 6116 4198 3657 5673 6638 2888 7398 6360 3569 5242 8083 5438 5036 5733 8091 8123 4208 2251 6572 4163 3449 2653 7385 5349
4633 3090 7928 4740 7038 3989 5802 5433 4125 3990 8210 4259 6753 5281 3049 4252 8323 6451 5043 7159 8559 8066 5336 3483 6350 4396 5267 1360 5962 4804
5231 2563 7489 4656 6728 4007 4774 4877 4668 3512 6411 3977 8545 5449 3989 5594 7819 5084 5581 8056 7686 6237 5009 2328 6634 5512 5443 1200 6448 4416
4837 2901 6503 5402 5390 1840 6981 5730 2907 5262 8320 3483 7969 6812 3799 4761 6566 5922 3794 7146 8016 5967 5070 1738 8147 5302 3329 1774 6579 5600
6895 3426 6147 5654 7178 2103 4778 3977 3032 5450 8045 5004 6372 5165 4331 3363 6324 7162 5485 7655 6121 7235 3496 2516 7627 5915 5834 3742 6548 5798
4265 3366 8048 5419 7126 1628 4426 4389 2452 5300 8334 5443 6608 6707 1580 3756 7852 6806 6315 5781 8439 6072 5790 2545 6724 4621 5190 3701 7933 3286
5043 3299 8006 5695 7173 2014 4878 6300 2381 4175 5796 4730 8866 4688 4246 3523 8419 4775 5614 7011 8162 6149 5594 2260 7582 5152 5483 2653 6492 4894
5983 1549 7998 5017 6483 1846 5751 4840 2263 5666 7510 4920 6588 4144 3916 4265 7915 6954 5581 6184 6673 7560 5710 3799 5444 4346 4357 3909 6467 5813
6324 2270 6555 5155 6198 2480 4594 5473 2523 4290 6164 3964 6989 5268 3826 4513 5864 4937 3773 5930 6773 5934 6207 3822 6760 6255 3585 2655 7891 4582
6517 4099 7845 2868 7581 2540 6933 4710 4753 2892 7834 2895 6134 4941 1676 5746 8046 7610 6048 7895 7808 8367 4317 3771 6185 4724 3697 2510 7215 3462
7072 2771 7476 3419 7417 2579 4269 3982 3736 5309 6999 3818 8098 5294 1800 3695 6339 7548 5812 6656 8572 7955 5391 2004 5958 4614 5525 3820 6875 3948
5228 2045 5385 4049 6106 4419 6129 6011 4558 3436 5588 5577 7371 6711 3862 4856 8743 7369 5068 5957 7247 7141 4344 3214 7140 4065 5642 2000 7699 4746
6453 4005 5293 2911 5192 1823 4221 3959 2049 4363 8082 4330 6393 5207 3104 4126 5902 4981 4144 6595 8045 6197 5384 3687 7272 5878 4585 1290 7482 4785
7005 2881 6988 5084 5317 3811 4361 4104 2188 5062 7648 4956 8128 7026 4472 5923 7262 5284 3915 6194 7632 5744 6226 1452 8336 5083 5533 3089 5766 5466
5519 2675 5518 3201 5157 3892 6019 4376 3115 3535 6983 3572 6484 4501 4089 3695 6657 6125 6136 7637 6520 8641 4769 2583 5695 6237 4686 2200 7140 3894
5784 3335 6642 3955 6584 3489 6548 6737 4740 5291 8130 4067 7846 4246 3531 4353 8233 5856 4698 6178 5947 7337 5869 3344 7576 4154 3735 3467 5845 5871
6332 3057 5444 3656 5378 1749 6291 6877 2494 4991 7804 5192 8668 5541 3946 4930 6312 5252 4358 8222 7140 6946 6239 2278 8417 6458 5294 2832 5844 3124
4497 3621 5325 3638 7794 4130 5095 6285 2548 5576 7082 5041 6638 5445 4363 4246 7259 7001 6056 6617 7145 7996 4497 1745 7410 5204 4772 1815 6646 5621
5967 2657 6889 5243 7011 1890 6927 6040 4627 3566 6900 5800 7965 6497 3561 5002 8761 4976 5787 7504 8389 6303 6417 3820 7720 3863 3108 1057 8189 3126
4526 3824 6139 2933 7278 3497 4786 4678 4143 3562 6079 2855 6893 5099 2270 5716 8081 5058 4161 6781 5873 6046 5809 1195 7135 4942 4349 1465 5554 4409
28 16 18 22 57055 0.921903103939576
9 18 18 5 62247 1.0540504950499985
3 10 9 26 89092 0.9272874926670136
28 20 24 0 91735 1.025078297050934
16 9 1 14 66999 1.053627997683407
21 24 11 24 33702 1.0101674124888038
2 26 6 9 88574 0.9679780010966302
5 27 2 17 49889 0.9202711783632721
1 13 23 26 112626 0.9848247918697626
24 23 5 16 83067 0.9191558793556612
3 29 22 19 85479 0.9128903257261205
23 20 8 28 66746 0.9499151521694247
25 0 14 0 40360 0.9962161501908596
18 28 19 4 61647 1.0665339291223754
21 4 24 28 74972 1.0901771261903561
27 27 28 8 75004 0.9632796643430831
14 19 26 12 66631 1.0803347557922776
2 1 25 15 99800 1.0467926016614935
11 10 28 24 87845 1.0949961701072968
15 29 3 14 80062 1.0856502934205332
5 1 18 6 44003 0.9264978252995426
4 10 13 20 69406 0.9462178841587248
21 6 5 0 59246 1.006223806266925
2 28 11 16 64794 1.077055097718906
3 24 10 6 90279 1.0794056621628478
22 26 21 2 75250 1.0835859987877356
21 1 3 25 108968 0.957902307628599
14 13 5 23 47872 1.0387168320852354
6 11 20 15 54405 0.9492243608820765
22 6 2 15 90272 0.9694646003909628
5 21 16 21 42809 1.0552575566206865
18 3 4 29 106353 1.0563171751948732
18 28 17 19 38425 1.0195655622257709
13 12 18 21 50301 1.0643657676664597
11 8 4 17 61688 0.9140915848956341
5 12 0 24 72885 1.0777329764248067
21 23 29 2 92350 0.9018908271014718
15 13 29 19 70070 1.023262149106186
24 0 3 4 78515 1.040516074313469
28 12 26 0 56126 1.0325160763558388
29 20 5 3 126435 1.080594185131907
26 0 9 7 72648 0.9975513109849703
13 3 21 27 77147 1.0251244579064998
21 0 14 16 55641 1.0005101647817027
0 11 12 20 77643 0.9064876985698436
22 19 16 10 49543 1.0092963905254044
24 10 1 11 90405 0.9363685519485752
22 8 8 10 55431 1.0954451202344584
4 21 20 18 69792 1.0820190708133983
2 19 19 4 101507 1.0772962839635123
1 28 18 17 84554 0.971084886171803
14 9 8 3 32867 0.9074253434206889
11 12 2 28 80730 1.0111769423499133
13 0 10 17 63642 0.9388504262154065
19 27 5 21 55131 1.0366167479736212
19 6 27 24 63437 0.9100700313801618
17 23 25 8 63585 1.0512242442050326
23 27 10 11 75794 0.9209718832345671
10 23 26 5 84525 1.0729814555798434
22 11 11 2 53843 1.0901281358967922
18 28 7 18 63627 1.0625827348272265
19 5 6 1 40781 1.005345088042262
24 15 4 25 94662 0.9062297624079111
8 20 26 22 69957 0.9663741599255812
8 13 29 9 87484 0.972516638596685
13 25 10 18 35161 1.0045274597715115
28 3 18 0 45964 1.0179813505898871
22 5 6 12 68049 0.9530543364995012
20 20 1 1 98751 1.076850583183747
5 24 4 2 105758 0.9829002906037371
0 4 10 11 59187 1.0227321790767618
23 11 8 18 79835 0.9908062822555184
16 2 20 14 46211 0.9543643785030365
18 18 29 27 49942 0.9164123666371129
28 5 10 19 91788 1.0261079438830754
13 11 4 23 57542 1.065447559557863
4 4 8 23 88177 0.9350494392848872
5 14 17 23 64940 0.9066879358727037
2 6 25 26 120591 0.9171228743570562
18 21 8 15 66937 1.0987535770638777
2 3 6 11 46307 1.02362698083892
6 22 7 10 52200 1.0479750960262209
29 4 3 25 128920 1.057269700561934
24 18 10 19 76564 0.9248920565827397
6 13 26 3 95600 0.98768998389186
4 8 0 27 94416 0.9239306024759159
24 17 23 3 54326 0.9707266476803739
20 10 7 16 63550 1.0633515589564877
2 17 17 21 75045 0.9646368464426001
20 12 2 25 86997 1.0631705681665276
8 11 5 24 61328 0.9456705311765345
23 27 0 9 118914 0.9192113730970313
7 5 13 1 29774 1.0129451271243504
0 22 26 15 107140 1.0847857622957926
19 13 0 1 80263 0.9135032961474111
25 5 17 14 47289 0.9762018935409427
13 0 5 24 87696 1.0444560777544931
2 6 13 23 84174 0.9499868842298376
27 11 9 6 75422 0.9311472694726086
3 26 7 7 87557 1.0716118448347869
3 10 23 18 95339 1.0015075066145216
23 9 15 16 48781 1.010908637161625
10 12 24 21 81465 1.0137229820631575
28 19 11 15 88298 1.009810719734557
18 1 10 10 48202 1.0579890644296763
24 1 6 1 51232 1.055413669431042
1 26 28 7 133836 0.9655530545282277
2 26 28 29 79803 1.0295642237293812
10 23 28 10 96082 1.0931924753661433
22 25 6 22 57853 0.9703593668548413
9 5 20 26 79447 0.9472718736656109
14 20 15 9 33761 0.9518735596031889
1 12 7 6 40575 1.0762912202601866
1 3 11 4 46351 0.9142569739306033
29 0 17 29 109562 1.0212373822714353
29 20 25 6 63730 1.024900954825544
11 11 2 23 68190 0.9175302689283682
5 3 10 20 88060 1.034103108608404
9 23 23 19 56157 1.056162022282566
0 13 27 2 120786 1.00566419144716
18 21 2 6 98004 1.0231319320114416
0 6 9 28 118888 0.9299522674221985
23 5 17 14 39908 0.9774752369388162
16 27 24 13 58493 0.9869804111294396
2 22 14 16 51726 0.9109603464849471
21 26 1 2 117270 0.9552306670911002
8 21 29 6 114482 0.999972869866048
22 23 15 7 59365 0.9377776855431756
9 21 15 25 30668 1.0482243586141213
14 12 25 20 62242 0.9411227169378045
24 27 6 21 68550 1.083795184087017
15 13 25 26 63893 1.0852242558624432
15 17 6 20 57857 0.9485608258247444
22 22 20 3 65075 0.9110159553047116
22 24 0 0 122724 1.0894277135011103
29 3 29 27 98484 1.0293473706020768
10 18 10 28 39475 0.9240855303111833
12 21 16 10 49084 1.01830592925993
28 18 3 20 101252 1.011231051053199
7 8 26 13 79886 1.0917685400023742
2 29 5 13 81226 1.0568734262501425
23 13 19 28 47905 0.9285909145816627
29 28 9 15 96596 0.9598219791828514
18 29 17 14 42056 0.9509750024862438
4 24 26 27 74174 0.9465457988779706
8 20 29 12 110521 1.0162652029831825
29 8 10 9 64251 0.9481951514476242
1 20 21 12 97571 1.00166993941692
13 3 11 21 61586 1.0970415640539906
1 19 20 22 75310 0.9338662150632424
28 12 2 22 114345 0.9297933508136009
3 18 14 18 55958 0.9259435537575761
19 29 14 13 50056 1.0840147470781094
24 18 21 10 37133 1.0375277323740173
25 27 22 10 67753 0.9124234918581334
5 23 14 2 73200 1.0297223810808755
17 16 26 28 62024 1.047992718962446
8 13 16 3 58810 1.0586346461612188
24 19 12 24 55955 1.0129738863168225
25 1 15 14 59457 1.0347665366834846
24 5 22 29 83435 1.0764930979680722
11 14 16 2 48863 0.9288246923529958
29 19 11 3 98977 0.9317934270910038
11 10 26 24 82170 0.9801136580159934
13 10 13 26 50576 1.0744113110569804
26 27 27 11 61510 0.9720511636192664
12 13 8 28 56483 0.9162219728713505
16 18 0 29 80043 0.9362701044998916
27 15 11 29 87792 0.9465667503176868
13 21 10 0 69486 1.05095868649253
5 0 2 9 52285 0.9740031520058747
20 15 6 29 73821 1.0668413869793607
13 10 28 21 83605 0.9016232320507006
17 21 4 29 64200 0.9010050259661401
14 18 0 28 64978 0.9393312990450908
12 1 13 16 43518 0.9431585801579004
22 2 12 8 41527 1.0074779282594566
0 12 5 18 43524 0.9584840226470244
17 8 4 24 72921 0.9977742174338051
8 26 20 24 42239 0.912702303673669
27 18 1 13 114502 0.9635204239343833
18 4 27 16 67566 0.9388992491247472
26 18 6 28 91322 0.9664009880515672
2 11 0 26 77431 1.0717037656645751
12 9 27 24 78339 0.9396845790707713
28 4 5 17 108243 0.910939669283734
12 5 4 14 54327 0.9151713103583734
0 5 6 14 56581 0.9474103239645691
1 5 27 0 89211 0.9449363377802521
7 22 22 15 70165 1.0875518764091967
7 25 13 10 65498 0.9455474639089554
11 2 11 13 36960 0.9257164888657469
27 3 17 5 37825 1.0798960814177012
13 23 25 20 50666 0.9677251480141491
22 0 12 11 56050 1.0063032195364623
8 28 26 19 83257 0.9094643226305238
3 27 29 5 120162 0.9869898446541575
9 12 4 3 52905 0.9395459354677559
8 3 28 14 89771 1.0323356435956486
5 16 2 3 64027 0.9003433536374363
21 16 26 5 51607 0.9115546162581913
17 23 2 2 99418 1.055991359627849
25 17 4 15 90618 0.9569824697432047
16 26 17 16 48849 0.9591129047558014
28 12 24 19 41920 1.075634152943573
25 25 26 8 70475 1.0245185732120339
6 24 3 14 57000 0.9115249084131135
27 7 8 13 81637 1.0692363676915964
3 5 17 25 94210 0.9084558068432883
20 19 26 9 56893 1.0037299687791832
22 11 0 8 82668 0.989100293903339
0 18 26 18 121089 0.9675649963073982
0 12 19 0 93738 1.0529438465168288
15 5 5 12 53836 0.9840602973278327
19 15 14 25 39005 0.9242067920248553
10 23 10 0 76085 1.0314770085545597
7 18 21 26 64465 1.0527034237692334
10 16 20 26 64142 0.9762363912440895
16 24 21 1 75544 0.9334081141879708
4 24 7 17 33301 0.994314958151166
28 3 21 20 79773 1.071740613340781
2 19 24 10 114476 1.0510889041393505
25 2 7 13 91937 1.0705452933530222
7 20 18 25 51566 1.013333380787674
6 4 27 27 111045 0.9101190611311869
6 3 25 4 70902 1.0317867415012096
28 7 5 24 112163 0.9409510771877632
2 19 6 26 47405 0.9720437382096538
21 4 24 21 66847 0.9135465130023285
4 5 13 1 39780 1.052538422105064
28 20 8 27 77037 1.0227133949053673
5 22 26 17 89303 1.0927677226284558
16 3 12 21 62031 1.0689377725868392
2 6 18 18 86952 1.0328178300208595
11 13 5 25 65117 0.9725634472413371
21 6 15 22 67562 1.0549503851238164
28 8 5 27 111203 1.0864796339334513
7 10 29 10 84395 0.9371113906796459
6 7 1 19 71488 0.9329075778195114
26 22 5 19 80911 0.9241672321941744
7 13 17 2 72855 1.0325814899403427
16 17 10 4 49790 0.9477102450578125
22 2 23 27 80132 1.0165965194742688
12 29 27 18 74483 0.9247840756856983
5 18 23 4 95020 0.9323159069230714
29 7 4 19 124465 0.937429981226663
29 8 23 28 92884 1.0551996906908994
14 10 28 13 59085 1.0427100868280454
22 6 25 20 62408 1.027741000806524
27 18 27 28 36617 0.9126566583193605
7 26 7 15 45066 0.9671139687887269
19 8 16 27 53879 1.0974941904489086
0 15 26 19 119354 1.008409735854124
9 5 24 6 46922 1.0985450685671463
22 3 3 3 69536 0.925184385803537
29 24 17 27 40326 0.9806112922747348
12 13 21 16 36945 0.9193552922992648
21 14 7 9 59861 0.9440720251145474
14 6 26 17 68442 1.0304318466880908
12 0 2 7 54717 1.0075672191548841
25 27 6 22 66731 0.9413307881019478
14 19 3 27 45424 1.0383027038551158
10 22 12 5 61609 1.0646957849205365
23 8 0 16 99081 1.0416016056303246
11 13 20 4 49272 0.9461191039107264
13 18 28 28 69159 0.9420412184247073
1 8 19 17 75310 1.025357709949628
26 16 16 21 72674 0.9559530667251257
25 7 15 17 61708 1.0296112093000014
3 4 22 19 98703 0.9622275836979771
20 22 7 21 48901 0.9784330942951452
18 2 3 17 96893 1.0771031592729094
27 13 21 4 48027 1.0302111593109484
28 7 5 8 80300 0.9193288821165462
20 25 6 26 46726 1.0915120299628618
1 18 22 21 89581 0.909604810966773
13 6 1 18 88459 0.9651654317327791
26 10 8 0 84567 0.9415537049655189
20 20 1 3 101144 0.9692240157463801
11 8 27 5 53181 1.0259715416107533
27 3 2 10 96150 1.0525315980929828
11 14 2 28 73604 1.0475388819075064
16 5 13 18 39294 1.055938365918306
5 20 9 9 63379 1.0812661708309463
14 10 2 16 61580 1.097401188919251
2 10 21 9 72471 0.9929667809204954
8 27 12 18 37192 1.073297991564794
21 0 21 20 65755 1.0186376894151152
7 10 13 27 74598 0.9254647381448148
26 15 10 25 83020 1.0305236810310527
12 19 24 21 55176 1.0197839716709571
18 28 19 6 55285 1.0967614111081492
3 29 16 22 54174 1.0436388725671097
6 11 8 0 50655 1.0754162959116271
21 4 12 23 66164 1.0836079960533698
3 28 12 3 89534 1.0531078892681494
21 21 13 9 57154 0.943221878013136
10 29 22 0 104278 0.9798251987877892
0 0 20 10 84961 1.0008346882436117
0 26 28 10 138094 1.0911996912706807
6 19 26 4 111290 1.0020647318412628
16 10 25 9 43970 1.0006514086878888
6 17 27 7 99777 1.048191221741505
9 16 16 13 39080 1.0556501551165287
4 13 21 27 93763 0.9082065957388792
21 4 19 29 64078 0.9046785199722703
29 5 4 17 112201 1.0050116197946681
5 10 15 6 47743 0.9068002859074251
4 23 27 21 68749 0.9176571528533497
23 25 15 22 39032 1.0642614220728515
29 4 24 19 67784 0.9990387126953685
19 26 0 14 93878 1.0959836817779898
23 29 0 25 84038 1.0462701794185045
9 26 22 23 48998 1.0721649466204854
5 8 11 27 83596 0.9018091910396432
6 16 23 18 82726 1.0410999416727673
20 26 27 6 78179 0.9456558117232926
19 10 5 5 50498 0.942472074858414
10 10 21 27 76103 0.9378358757932592
10 1 21 9 49009 0.9455593595282081
24 8 9 6 54958 0.9974514066625486
3 26 0 16 59774 0.910449892650947
8 23 20 24 34844 1.045001491099366
18 27 29 15 66506 0.9486278272824715
16 23 3 16 66243 1.0835078536810725
21 22 2 29 70705 1.034078748789872
11 17 29 2 95151 1.0994194829776587
28 25 16 29 51000 1.0698122629011184
27 9 11 12 63367 0.9138007061146515
21 4 19 25 57096 1.0754179903452974
23 26 7 8 93066 1.0210435086492533
11 28 4 13 79643 1.051614913986651
27 28 21 0 95208 1.0665803729181351
22 5 13 29 80959 1.070524098067585
29 19 23 0 90009 1.0599230667733928
11 28 2 11 93835 0.9190410099170782
8 29 14 0 88890 0.984350681366978
26 11 16 28 80128 0.9736707584924376
28 10 20 0 58227 0.991493866505304
22 6 5 12 74695 1.0135061824111353
9 15 8 1 64819 0.9005227716353336
15 13 29 20 73147 1.0116211789525829
16 29 18 4 77398 1.0213272517470415
22 18 22 3 57802 1.011509937731739
1 17 22 26 94753 0.957016026266148
14 10 20 27 55028 0.9764394071376232
29 29 16 8 85088 0.9722325687998487
8 14 1 0 82205 0.924379227941216
25 24 11 4 84534 0.9898209819523914
4 12 23 29 115948 1.08777242044554
26 4 8 23 97273 1.0218630375811895
26 24 27 15 38116 1.0004756987086816
16 7 17 16 39605 0.9559333453484523
19 1 15 12 43582 0.925710432854678
15 13 0 1 70846 0.998257882535265
12 20 24 17 67436 1.0204215287715206
27 4 8 26 110112 1.019141567266196
10 26 20 18 54595 1.0297431228119502
16 1 7 4 38272 1.0812090963806527
20 17 12 14 33472 1.0867457206129365
15 23 17 7 51167 1.0374198626736553
25 25 18 2 81498 0.9076249728453004
11 21 3 11 68490 0.9050516118190212
1 7 28 10 98172 0.9136211540997534
22 22 4 21 65275 0.9204481198164575
24 12 4 11 82842 0.9335867069189167
19 21 12 26 34270 0.9638119017336666
26 21 17 12 67704 0.9471482906596245
6 3 17 17 76184 1.0931536845580359
10 14 7 28 62632 1.087670246458885
14 15 15 5 23442 1.099111455576651
25 28 7 13 94384 1.0347724529787303
18 5 11 13 39601 0.9768205935773634
16 19 8 10 57797 1.0850251493226013
5 23 21 13 65980 1.0117030593655167
19 11 24 2 44837 1.0204337765061484
8 29 21 15 74688 0.9860693101757628
11 6 18 25 72565 0.9782707326002892
15 14 4 23 49743 1.0463043883882055
25 6 29 19 60653 1.0946891309500573
15 29 5 20 52117 1.0710547880568604
10 0 8 22 86335 0.9154229103124735
23 14 27 6 41596 0.9411664250836385
29 1 2 1 80962 1.0419517071713211
15 6 0 5 49595 1.003116042908488
15 29 27 6 96204 0.9488866789287287
0 13 14 12 57759 0.9021073161912196
23 10 14 29 74665 0.9584031090328453
0 18 10 16 60688 1.0217729982235157
19 12 5 24 68436 1.0048273246759178
18 9 3 26 88166 1.0725459211895723
1 1 3 19 87054 0.9838926356479122
28 2 12 6 61782 0.9875821886228724
2 10 14 26 89021 1.0900236965737338
19 18 5 20 63525 0.9340371188005693
19 21 19 11 22736 1.013993394718863
23 28 18 6 70562 0.9142433197648863
10 21 9 10 55008 1.0589149951553474
4 14 13 11 39960 0.9865632044509465
16 9 24 17 51102 0.9428233144857441
28 0 2 11 110687 0.9436405446275206
25 3 11 25 94102 0.9022989076720749
5 13 27 17 95852 1.0044676421968646
29 22 26 5 73351 1.0001510908157476
3 0 16 29 107790 0.966288792014255
7 29 19 27 38432 0.9186529811108687
21 28 19 2 71141 1.004592958777723
18 20 27 19 48432 0.9516442148715565
14 3 21 6 27833 0.9861708912396765
10 26 7 11 66672 0.9823868091489761
2 9 18 12 70727 1.0499687696519446
20 10 28 7 38360 1.0241003496963546
26 15 15 2 68905 0.9198208283842316
0 5 26 20 127271 1.0525892581624847
25 28 14 15 65234 0.9941775361448231
11 20 6 2 82106 1.0355563441560238
2 19 12 20 51604 0.985087181211667
8 5 24 9 54300 1.0902707308954074
7 13 23 16 65621 0.9334124755671283
20 25 22 10 48932 0.916168167449565
29 29 19 17 56008 0.9665155945095445
6 10 10 1 48459 0.9784314028432344
13 16 28 15 64823 1.0977333762576567
0 27 11 18 58309 1.0841795283407905
10 7 17 10 39395 1.0931230141232742
27 29 5 26 71022 1.0323916143782599
0 23 23 18 83961 0.9111311467389521
22 15 5 0 83459 0.9176885247027806
5 0 25 14 91639 0.9762795209610194
20 10 2 2 77847 1.0441479108401552
3 19 12 24 44799 0.9097788854654577
24 10 3 0 83194 0.9025144132872794
0 3 19 25 111500 0.9322604907927488
1 27 0 15 64899 0.9661521282679253
4 27 9 11 79316 0.9516982938510223
10 15 8 23 42705 0.9369806644810945
5 5 21 21 84957 0.9753333021393018
28 27 22 6 84548 1.0011252687961174
4 1 13 10 50977 0.9765726253178104
12 3 23 7 39065 1.0329146806812832
2 11 28 5 93959 0.9253862021920745
18 5 9 8 32531 0.9460555417621204
17 2 3 28 107057 0.9704082938284065
15 9 12 22 46048 1.0817910997422153
2 29 4 14 73845 0.989380483384257
13 23 6 11 61370 1.0310609868439302
5 29 19 13 75479 1.0735774533345985
15 24 20 13 43510 0.9207813285924561
15 23 4 15 65785 0.9824117345497536
25 24 18 9 54258 0.906894937063305
22 8 10 8 39447 0.9556070438790651
5 12 21 17 76451 1.0162244263803697
6 13 2 27 75964 0.9703995348132051
10 22 18 26 41580 1.0537977557081366
1 22 20 17 76049 0.9892248981857256
27 9 14 28 89411 0.9435996019678226
5 23 16 29 43582 1.047340701430162
24 21 21 5 64633 0.9786678861930287
10 13 16 20 50074 0.9754559081589838
12 7 19 23 55577 1.0109554841797426
16 29 3 24 49568 0.9132896435759038
15 19 23 3 70337 0.9915321995295385
11 28 28 23 58567 0.918910590112259
13 2 4 27 89392 1.0167001759032708
11 27 11 10 59609 1.012873146697684
6 14 18 20 66318 0.9729974255828837
18 16 25 19 44903 1.0011363380649534
13 9 22 1 44744 0.9987361253149779
15 10 1 23 72844 1.0206223238723018
25 21 19 7 63364 1.0412830183126895
26 19 10 21 77892 0.9188354298116741
4 14 25 2 98796 0.954892427414205
29 15 4 27 102700 1.072414223553276
13 2 18 26 77563 1.0376191031375277
18 21 11 0 76973 1.0585928387908923
25 28 3 28 64136 1.049764348405464
9 8 23 21 81658 0.9417142625359968
0 16 28 8 116605 0.9480561428642164
20 23 0 11 100193 1.0379167794730342
26 14 16 0 69855 1.0849541788002197
15 17 9 5 46398 1.0802434119794282
0 19 14 25 62561 1.0103833269307676
3 29 10 20 57856 0.9269811317063886
1 16 29 9 121167 0.9372529560258271
6 6 23 26 102986 1.0109208090918378
20 19 26 10 55815 0.962567083923082
11 15 23 22 64869 0.9200249845408216
18 29 15 17 53257 0.9595078637881499
8 17 1 22 48865 1.0716229471622178
19 25 26 8 64063 1.0362197400670812
25 24 15 9 68389 0.9512940115033318
29 10 9 27 107307 0.9320187777242096
10 22 28 23 55800 0.9076650850320892
23 15 18 2 53132 0.961483934692071
0 19 29 22 103135 1.0533564758108875
8 16 18 1 70987 0.9072153624605046
11 8 3 13 50171 0.992352237765129
10 24 22 8 74125 0.9533281408424278
22 12 29 9 41208 0.9558288274605394
26 22 23 4 83361 1.0992556766246002
9 29 0 13 95891 0.9761650066441536
19 29 28 28 30094 0.916279667970976
2 19 15 21 56763 1.0198631848226531
20 14 7 9 55999 0.95923402090264
28 23 19 18 36266 1.0932903772617344
15 23 9 12 55604 1.0967918358241584
5 21 2 29 43408 0.9423911263218891
25 10 4 5 75849 0.970004453952749
15 25 21 13 47978 1.0471948571333116
15 2 27 1 39078 0.9304100199772065
17 29 23 21 40226 1.0585151311654348
28 3 13 20 91244 1.0424145564791762
17 2 7 24 90879 0.966223052317226
1 13 6 0 73512 1.0673068448376695
29 0 19 27 98158 0.943307763873027
28 11 8 1 83902 0.911095786564825
13 4 23 9 39160 1.075632726319846
20 27 12 19 46630 1.0658182454163283
26 14 4 19 100477 1.0148461319719944
15 27 0 4 105481 0.9512032925680736
6 1 11 22 82767 0.9951929503031534
26 4 6 2 77247 1.036327539295594
6 9 15 15 49012 0.9295586705805586
10 5 6 27 82857 0.9600434580735648
2 16 25 19 109494 1.0101487834478315
14 2 29 12 71822 0.9187479933793256
28 13 6 14 82447 0.9069412220077347
18 4 19 15 32028 0.920738231204924
27 11 0 0 109057 0.9158981884510119
16 11 23 21 54539 1.0662324396148155
14 6 12 24 47844 0.9525053503410703
27 28 2 24 80739 1.0488214534701756
6 10 23 27 95204 1.048195214185871
5 21 26 2 120667 0.9851337303237686
4 2 20 2 56018 1.0827951223123182
6 23 10 14 46994 0.9061293198083532
17 23 8 20 38129 0.9660276947812549
21 1 26 20 85745 1.0166351818328705
15 28 7 25 31707 1.0607961076520498
1 11 11 19 69859 0.9535960576588667
21 23 3 28 58612 1.098428434715021
14 27 14 14 35188 1.0141398483381066
0 12 5 17 39342 1.0348907306819617
1 6 14 28 98123 1.0214473107063184
1 17 6 11 53473 0.9600366209378991
24 1 20 21 71492 0.9674468835953566
22 1 18 12 43569 1.0846285529115893
24 14 18 10 29355 1.0097311285698107
2 8 7 1 41587 0.9272119713499226
2 14 26 27 108056 1.0075647106832997
19 21 14 26 27209 0.9928226428062031
28 24 10 11 88104 1.0082452525176708
2 14 22 2 92073 0.9921708905456064
14 18 1 25 57071 1.0162264327139958
17 19 22 27 38898 0.9474847510521706
11 10 25 3 58786 0.9044444960950758
27 2 9 1 57249 0.9835775556837119
15 0 3 29 105507 0.9606473196564704
27 3 12 15 71959 1.0114218599898745
2 20 23 21 80172 1.0670007818360232
1 27 21 22 66652 1.0554902305300504
28 19 0 2 143846 0.9395195997414382
6 12 23 1 82789 0.99126082967352
0 15 3 26 60821 1.0879815892913354
9 17 24 14 66480 1.0087217654491878
29 11 12 3 65551 0.9897611904473328
26 15 22 29 68349 1.0193407133964
0 28 20 8 106128 1.0318858830069
25 5 7 26 102368 1.0918317875950376
22 12 11 27 65905 0.9784803118106018
15 23 26 20 49082 1.0243800628365165
27 14 29 5 37584 0.9716857698454631
26 16 10 14 65712 1.0123945197988067
23 8 16 25 69039 0.9513051662143954
24 26 29 4 94740 0.9113775723441383
7 15 14 25 51986 1.0403974800249056
2 17 14 13 62209 0.9376064217560944
7 16 17 13 48172 1.035205199730262
21 3 20 23 57694 1.0393722688134523
1 5 19 8 56880 1.0696971843883505
22 2 29 24 91639 1.0886845832456045
13 8 5 23 60058 1.017787357261035
16 22 27 29 52377 0.9473122135753089
15 27 29 27 34762 0.9150765644893546
11 27 3 10 92932 1.0584662969582705
29 6 10 21 107421 0.991477259236584
26 5 29 13 39251 0.9986167479696695
6 25 29 18 92394 1.0906990687911682
19 6 8 11 46638 0.9071908985953436
5 15 21 28 92127 0.9900342116059082
0 5 19 9 64961 1.0687198022153779
29 2 2 1 85380 1.099896539536746
8 18 16 9 60453 1.0887433985924089
28 28 29 15 53334 0.9872411742953459
18 21 21 2 63623 1.0800479620332737
11 24 19 11 51797 0.9342464120053884
6 29 1 14 81577 0.9937119736410863
17 3 1 18 103974 0.9379188153234495
16 29 10 23 31887 1.096393084482223
15 25 18 4 64768 1.0067116783485333
22 18 29 21 45151 1.002233491167909
7 10 7 25 61985 0.9770324700348488
15 26 2 3 101873 0.9529041947493955
5 16 4 25 48686 0.9037059870242748
5 12 23 23 90316 0.9984127711081628
1 12 15 26 96283 0.9132813393092811
15 2 0 5 54982 0.9842056633456796
27 7 15 29 92784 1.088765153521284
1 12 16 14 66546 1.000534222449163
6 3 25 0 68370 0.9241471298452776
0 6 16 14 71825 1.0912389390224027
20 2 5 3 56527 1.0928581900305814
25 19 20 7 58587 1.0691621191189034
19 6 2 22 88436 0.9894431429185272
6 21 19 7 82104 1.0623667357214313
23 9 29 5 32109 1.0824747737609892
24 28 16 6 76443 0.9318532918627566
10 11 0 0 75021 0.9984098804872555
17 6 27 28 83361 1.0327320756960867
18 28 22 5 66485 0.9531418740514138
27 0 1 12 113501 0.9377379751889359
8 2 9 12 50566 0.9241318712401033
27 16 1 12 113081 1.0522031706940171
29 12 15 24 81681 0.9770615493128292
23 29 13 13 72472 0.9196235697922267
21 0 25 28 91161 1.0753498113000977
28 10 14 19 76778 0.932874305774515
29 3 23 16 65399 0.9563511460777563
13 0 1 6 58753 0.93716521461509
15 5 18 25 61488 1.0570493327498327
13 16 21 13 34126 1.0306077664331452
2 17 19 10 83424 1.0450764050519505
11 5 25 8 45545 0.936299407896763
0 0 5 24 120352 0.9752893521620138
18 1 20 23 60269 1.0134436742980857
13 11 25 24 64626 0.9813175041214813
19 29 6 3 99980 1.0148336441594754
19 14 17 2 42601 0.9482675845702135
22 23 6 20 61919 0.996478121411685
17 15 21 1 49021 1.0646880341551597
28 3 14 14 66354 0.9847228613521669
3 0 10 16 81414 1.0697303590049527
25 25 6 8 100340 1.0479243301754024
9 15 29 4 90499 0.9941594352458144
20 21 14 5 55764 0.9734251971930855
0 1 23 4 76647 1.0435395362730946
25 18 4 6 104792 1.0560685632008273
4 29 3 12 85521 0.9184971133816066
0 4 26 29 136520 0.9251654139901773
28 22 15 12 69001 0.9782820156361993
25 12 29 0 61402 1.0137367580571788
9 6 17 1 40812 1.0634857841187357
1 20 3 9 57797 0.9339783555607
17 22 22 10 52653 1.0656030637247678
6 19 20 19 71991 1.0437037874018416
21 21 8 21 55653 1.0903331814972648
8 9 20 25 77046 1.013424732653689
10 13 19 15 35755 1.0303654709712282
0 14 22 9 89548 1.0999606501195085
18 19 14 3 58553 1.087230127609087
1 3 6 22 98025 0.9468967967883034
11 29 14 10 54899 0.9536417601908336
12 3 2 20 93341 1.0145151205733205
6 16 19 7 68027 1.0186391238157753
26 28 22 8 78684 1.0811226882868037
0 29 6 5 118210 1.0884335335133448
21 4 10 13 56450 1.0164048071537524
21 19 14 1 64262 0.9022281299907892
18 26 29 10 83569 1.030016011511512
4 17 24 7 98024 1.0196666888273145
6 5 25 10 67562 1.0264640092520612
27 25 16 11 63929 0.9734465253925443
13 2 14 28 67505 1.0492263231187646
2 9 12 25 92096 0.9988976471565794
22 21 3 9 100540 0.9316945441473453
21 16 11 18 53905 1.0298795893904824
0 8 22 13 84671 0.9620627677303948
18 22 27 15 55041 0.9741143652348425
2 12 17 5 63813 1.0109313237024007
20 6 1 22 97133 1.071390573676461
17 7 0 5 62663 0.9462616046496022
21 29 24 4 85026 1.0681740913192161
5 23 13 28 34774 0.9762737493989675
8 20 14 1 80635 1.0036193942358733
11 1 11 29 83356 1.056756059399487
25 18 19 5 56832 0.9082747163588966
14 28 21 4 74095 0.9584823144131541
26 16 7 13 80490 0.9963240314716251
16 4 11 15 44134 0.95247486483787
15 3 22 21 69987 1.0724092351574865
4 10 14 5 49420 0.9559629626895241
11 7 1 13 57104 0.9713168204641414
26 17 4 22 94392 1.0697785083260498
13 21 11 13 34260 1.0091188304664025
27 28 21 4 84227 1.0086850698617302
5 23 29 24 68383 1.0298363524213021
20 5 2 22 89753 0.9354856312239677
13 11 9 2 42942 1.0451540174887466
7 6 22 0 57643 1.0858817759102732
15 16 9 22 41969 0.9771295257343539
26 27 3 7 117073 0.9460869338300317
14 10 0 8 51802 0.952115355416919
24 11 25 24 51358 1.0274391277636492
24 2 23 16 55877 0.9451277965632958
29 23 28 2 88949 0.9754905084830041
8 12 26 25 100023 1.062065860840067
7 18 13 5 62480 0.9259117252789377
29 15 7 12 89734 0.9836446433146844
9 12 11 24 57160 0.9876721279027701
16 16 23 9 48585 0.9817621355597359
5 22 24 20 68151 1.0869426632534072
4 27 6 18 50272 1.0386807545598493
15 3 20 28 73182 0.9386760239070956
13 19 4 14 48728 1.0828762387083788
23 8 8 15 63976 0.9874910227766859
21 19 1 21 80004 1.0305776780400633
25 18 2 6 107568 1.0132391556518352
8 14 17 12 41269 1.0693120070400672
29 17 22 28 58134 0.9683644293494971
23 20 29 15 46805 1.0370554736502606
12 2 3 23 81311 1.0082440816040887
12 16 26 3 75123 1.0515652632563266
5 4 23 21 100097 0.9996694554217505
2 13 15 2 74753 1.051710879987767
15 1 27 15 76622 1.0374938251757528
20 26 9 11 69846 0.917551334889236
28 28 20 11 65414 0.9499060590971314
18 16 2 25 80497 1.0567088228869277
23 2 6 19 107417 0.9806348941242619
8 23 16 7 58590 1.0333466280960493
24 0 5 21 111457 1.0564301652491113
1 15 5 21 48978 1.0597366521800222
28 15 21 18 41589 1.0835732531001596
3 21 16 8 75558 0.9732048531623982
19 2 18 21 57451 1.0356940505362897
0 26 25 24 84983 1.0847876517595787
20 28 2 13 101574 0.9259514279734348
19 13 3 28 75266 1.010157245231023
20 12 8 20 75647 0.9504050088919689
26 16 9 25 90724 0.9583514018004109
0 4 11 6 43079 0.9695474300945173
22 24 7 29 54824 1.067093515660016
2 5 7 10 33313 0.910220917576866
18 21 17 3 62458 0.9884200501936433
18 11 2 14 67570 0.9381094479531842
16 21 27 19 53424 0.9626474960003233
8 7 6 22 67443 1.066710624103048
22 8 4 13 79035 1.0866077564455143
24 14 19 20 30999 0.9319156163897346
1 5 0 27 101899 0.9605255338440312
10 16 28 11 85094 1.0844686750805874
13 1 28 25 96607 1.020879008629683
2 2 28 28 136893 1.093568916317033
0 7 26 0 105249 1.005175793394851
28 5 5 1 70467 1.047792117801707
27 27 21 21 33863 0.9578248788876232
6 12 7 21 42098 0.9575316955618898
29 12 10 12 83633 1.0613222456831335
5 29 21 24 57697 0.9852120005218201
1 19 7 26 49618 1.073727429235183
27 19 22 11 50464 0.9157400523148108
2 8 16 1 61841 0.9519226021751507
2 27 27 17 94533 0.900300900377563
18 26 23 2 79819 0.9407264640227292
3 25 27 22 79622 0.9097564405427137
16 14 2 9 61362 1.0389070761321166
19 28 25 24 28557 1.0877034015639624
13 28 13 12 52527 0.92996210740029
13 11 10 19 39048 1.0221923576270773
8 19 1 8 70979 1.074673477905328
18 9 4 22 78718 0.9459515109773173
26 0 0 19 146020 1.0965061419733397
11 1 0 5 49501 0.9823685660216632
15 20 18 6 54429 0.908709722003252
14 12 8 29 60935 1.0081692094818033
14 27 27 1 99743 0.9205022231898425
4 1 24 13 87249 1.0938514212625452
6 23 4 9 70478 0.902555847594861
14 10 8 0 42931 0.9057713584277017
13 9 12 28 59747 0.9769117421009701
24 8 10 6 48842 0.9039937245980195
6 3 3 12 55093 1.0544039511055918
1 10 24 0 98016 1.0806055813594004
6 26 15 10 71917 0.9327081582376585
1 4 8 9 43107 0.9583906342530444
22 7 14 29 78263 0.9329434757473619
18 23 29 8 73575 1.0082524655519292
7 9 16 7 37268 1.0572586077540689
25 13 21 21 40887 1.0628390938979964
13 19 17 8 39585 0.9448245959575796
22 19 24 3 68811 1.0463157206100244
24 20 23 0 77005 0.9562209960910808
16 28 26 18 67095 1.0089813920590933
6 17 10 27 49528 1.0670163195218805
2 4 11 6 37323 0.9745731040788201
15 11 9 2 44418 0.9038154733755756
9 13 2 5 55635 1.0291810520213365
17 16 9 25 59991 0.9239771077420309
5 27 13 18 48939 0.9804955597151567
27 3 0 18 134747 1.0370948222407939
4 20 24 17 97089 1.0145400617327986
12 10 21 26 64532 1.054129106130389
22 12 6 4 73183 0.9438202960756877
23 0 18 15 55895 0.949196300744293
7 20 27 5 103934 1.0893563800088009
3 3 13 0 41311 1.0785212218200968
29 18 6 17 105078 0.9020751484774711
12 25 27 11 89400 1.0964071627978023
25 13 10 16 63041 0.9893627900538962
23 19 1 1 109021 1.0749709302908423
17 29 3 25 49384 0.9217314160158053
13 19 7 10 51047 0.9702388538748598
2 15 28 19 121843 0.9768341343275855
12 1 25 22 88114 0.9094859764613205
28 28 9 16 94970 1.0600631771130113
22 28 18 15 44443 1.0555675148407948
1 25 18 26 58652 1.012860666614683
11 9 27 28 91050 1.0622580491526485
4 18 9 5 65339 0.9912624057943996
21 10 17 24 53046 0.9713436727051807
11 2 24 7 49111 1.0527901477889337
0 25 21 8 107415 0.9424633831478393
9 19 2 28 62469 1.027063101844108
0 4 14 1 58462 1.0245084897093417
25 18 3 9 102633 1.087920077428582
14 8 8 14 32985 1.073927052316528
20 13 1 8 74018 0.934870560467207
18 25 7 2 94853 1.0256279420872103
7 2 14 14 49535 1.0638694368086943
24 23 28 29 33021 1.0811498846856418
22 27 18 4 66812 1.051369953850498
0 2 25 19 126136 1.00483204156811
12 22 21 27 37401 0.9014825631450228
4 6 25 14 90592 1.097957919669107
18 17 29 26 58362 0.9553352600863418
0 13 18 12 77140 0.9573183293418016
25 3 29 25 94253 0.9961140056994339
26 23 13 14 58670 0.9569120570465779
21 20 8 4 80846 1.0875917113892037
25 1 9 23 94585 0.9091642739118118
24 13 10 9 61486 1.0636260361866288
8 9 17 25 77869 1.066403120562273
10 7 11 29 78777 1.0565547051040376
23 0 22 29 94973 1.0543917293269005
17 24 26 15 63888 0.9895383247897871
17 5 18 16 36849 1.0902896975863838
2 6 12 26 96009 1.0821953505504696
5 3 3 18 81761 0.9866093407443091
18 24 1 26 65916 0.9848912127995353
25 24 5 16 89597 0.9801507496969255
11 15 27 8 67116 0.9042014453778645
1 5 7 24 92502 0.9570676954018749
15 25 0 11 95279 1.0590779295698736
3 27 1 15 60798 1.0263557062402706
1 24 1 2 102849 0.9955055678864251
10 13 24 17 61067 1.0209214058942842
8 0 27 14 92814 0.9616164410833934
4 12 24 10 88792 1.0764174651720175
21 29 4 25 63851 0.91858919463156
5 8 20 25 83234 1.092327978575696
13 1 9 26 80402 1.0990218260685427
27 18 4 9 108554 1.0457270141986221
11 24 18 6 63378 0.9348849106619382
27 6 17 8 39766 0.9361374746983847
19 22 2 3 98664 0.9030039049657832
16 19 27 18 60508 1.0782933278738567
26 23 11 9 76904 1.099525987488531
13 19 4 1 75504 1.0187773730241971
22 10 22 22 49306 0.9487483610056313
2 10 17 3 70531 1.0598158573272651
15 3 24 11 48103 0.9451037603571232
17 23 18 8 45899 1.0132959561451298
22 15 5 16 70067 0.9972792812026594
26 24 7 23 60031 0.9150766458034086
28 9 15 26 91494 0.907856848412658
15 6 26 24 79986 0.9587368959707362
15 1 10 8 34767 1.0069726708230575
29 11 7 11 87390 1.013305154300841
12 0 20 26 80355 0.967769505799181
26 21 6 26 77576 1.0183937264799703
0 6 8 11 47312 1.0386449054539881
12 17 9 4 51320 1.0218657361196677
9 7 18 18 63610 0.9982072908225329
18 28 1 23 62147 0.9276082354029629
10 10 2 15 51080 1.0612803756683014
2 19 0 6 64382 0.9205197026452849
8 7 2 23 80304 1.0046702248510428
26 5 21 24 72116 0.9336831929873903
26 11 16 3 59479 0.9301511591861653
10 22 2 18 47207 1.0116479527901345
29 9 14 12 56972 1.019787195681497
1 7 9 17 71106 1.0035950021838862
19 1 7 8 51801 1.008650080948303
12 21 21 17 51899 1.0338792974001405
16 17 6 3 69230 1.0643607834570084
2 28 17 23 52195 1.0364479432351943
26 2 18 28 95898 0.9646288591506641
6 8 29 11 83703 1.0018891391486306
5 15 25 29 105263 0.9423254390200672
25 17 5 28 93639 1.0777560286441568
28 15 16 8 60746 1.0445294425701825
19 2 12 6 27904 0.9736617984560442
16 20 7 18 55138 0.9182618527610986
5 9 25 9 72750 0.982365510414986
6 10 14 7 41726 1.0180131135037152
15 20 27 5 79099 0.9014002640898713
20 14 2 11 71235 0.9885247380804314
27 0 16 15 74585 0.9861386174998065
24 29 0 22 83584 0.90833887412829
15 14 12 29 48283 0.9324121033135118
22 3 21 26 70323 1.0263783482742854
12 6 10 14 29613 1.0396966765283713
9 0 2 16 86952 0.9684911056562565
17 20 2 6 95678 1.0030524965557714
21 8 25 17 43435 1.026899907064921
22 0 0 19 131263 0.9081683029838401
22 13 3 20 89050 1.0040492286559368
5 8 11 29 90359 0.9606109144712345
1 23 11 15 58430 1.0098487570668226
12 21 9 28 32210 1.0506695619065733
6 1 11 18 70447 1.0681610161258366
6 4 4 24 89496 1.001914752032985
0 6 10 0 59290 0.9894716964897645
9 7 27 13 80959 0.9000073291428531
10 19 3 1 88725 1.0934024837874174
7 20 25 21 72177 0.9419244362502848
24 16 29 8 44591 0.9711012779630867
3 16 28 23 101762 1.055171215240028
0 21 3 14 50188 0.9083299742586782
15 1 11 23 62633 1.0412016797082844
12 2 25 21 90746 1.017667597669046
26 20 1 5 122900 1.032721082107922
11 8 29 28 94069 1.0697460804049728
18 5 10 17 54237 0.977654186343784
19 21 11 12 51515 0.9093754380157667
3 28 20 26 50998 0.9087678850542636
25 11 10 0 71260 1.0620110522740083
29 29 1 18 114257 0.9476391972610726
14 8 29 24 77077 1.0643986368872702
18 28 12 20 40552 1.0840113063975971
13 26 0 7 102706 0.9922050838375618
7 5 24 20 90925 0.9851810741163535
6 16 10 0 79151 1.0109376013570202
13 5 9 12 33750 1.0031721587671647
7 21 24 3 103271 1.0886485861191206
2 11 10 0 65266 1.0956419774385486
17 26 27 5 83402 1.0863078583391748
8 6 20 2 45313 0.9332681093010506
19 7 22 19 43743 1.072601452312602
16 21 25 24 39131 0.959136025579754
11 18 12 7 38934 1.0733836951517919
17 10 16 22 53782 0.9757689980297874
29 7 20 12 49270 1.0672221052844444
23 1 24 27 86987 1.057602971224362
9 19 27 1 105375 0.9833745948084165
28 18 10 7 95671 1.049190401158426
16 14 5 27 61929 0.9202149404548595
27 18 9 0 103184 0.9754113517876157
29 11 28 22 51072 1.0919734030935517
23 9 11 27 81062 1.0481209364766957
26 24 28 15 43118 0.9283981298978503
22 0 9 27 97972 0.9868179893471534
18 27 0 29 58213 1.0324503353737517
11 11 1 27 81208 0.9200296736324113
27 26 7 20 76274 0.9191467939524293
26 25 10 14 82157 1.0819895305394125
9 23 19 9 60409 1.0284340348778656
0 13 8 16 42556 0.9643894483069355
7 14 24 14 58975 0.9828583503943091
5 24 14 14 51807 0.9277927885201985
16 0 12 10 38563 1.031919897552502
10 14 12 27 49475 1.0422922131469998
1 16 18 2 102396 0.9995042328649876
17 9 21 21 45313 0.9953742351124641
22 7 2 0 75105 0.9132467948687858
1 28 22 19 88876 0.957814135296781
16 29 0 1 113332 0.9848567767640771
3 11 12 2 59123 0.9205663239841936
14 24 23 13 56007 1.068806457242439
12 10 27 11 62211 0.9014300178882403
4 17 16 5 74056 1.0359216064721495
23 23 1 27 67299 1.0332747534769362
27 28 16 12 72098 1.0693999975096449
20 23 28 14 55265 0.9040753119631865
7 23 13 15 42019 1.017821429819644
28 19 24 27 42021 1.0672332014922485
20 5 16 11 30523 1.0056627503854711
0 17 20 7 97978 0.9998880434566664
3 25 14 25 39487 0.935557259845682
12 10 20 4 35542 0.9334427071436879
16 4 8 6 32610 1.0459615171717154
15 15 14 4 25832 0.9715413006594129
17 22 12 14 45077 1.0933835998191481
20 17 13 11 34721 0.9451840751241151
5 10 15 25 78024 0.9607674680606751
28 20 16 11 77369 0.9289854173601967
17 6 10 25 71053 1.086294004563275
25 10 21 23 62034 1.0788820402752148
9 16 24 5 75494 0.9045178397767559
16 22 18 8 53355 0.9577925573459533
