5573 5461 4945 5289 5575 5199 4346 7921 8128 8259 7138 6563 7115 7937 6812 6926 6842 8313 7377 8301 6641 7534 6489 8476 8037 7688 6501 6971 6639
7215 7685 7187 7695 7143 7011 7255 4500 4023 3124 4008 3962 4475 4086 4093 4516 3382 4680 4089 4557 2737 2760 3327 4120 2961 3553 3646 3061 4337
3215 3651 3580 4467 3928 4481 3168 4623 4580 4053 4183 3991 4634 7267 8429 7688 6717 6782 7273 6826 7668 7635 7142 8369 6910 6845 6982 7470 7178
6199 7007 5397 3763 4428 4330 5251 4830 4860 4498 4424 4520 5061 5477 4518 5424 3702 4847 4477 4055 4125 4807 4413 5124 5189 4004 5472 4034 4120
3706 3041 4265 3351 4184 2903 3199 4702 3487 4733 3634 4824 4463 3154 3252 3779 4385 3394 4877 4558 1170 1314 3013 2724 3000 1852 2715 1194 2548
4985 5231 4475 6419 6067 5186 4501 5533 5902 5340 5260 4583 6349 2582 4368 3652 4347 4389 3026 3089 2552 4317 2900 4058 3530 4092 3777 4253 3049
4996 6199 4736 3476 4180 3998 2975 3377 2408 3367 4327 3853 2568 3175 3879 2543 3227 4109 3516 4013 3567 3039 3143 3441 3637 3885 2826 2785 3025
6616 7345 5861 5946 5497 6056 6732 6466 6914 6323 5976 5947 6089 6927 7273 6413 6879 6515 7796 7615 6500 7629 6846 6046 6992 7915 6682 6682 6452
3415 3604 4170 4706 4791 3134 4436 4108 4295 3899 3760 5031 3977 4182 4442 4505 3941 3452 3826 8242 8255 6651 6636 6480 6371 8210 7828 7969 6652
6109 4752 4668 4312 5639 5036 6007 6157 4373 6051 5369 5503 5367 5319 5577 5511 5498 4555 4384 5777 4494 4504 7765 6367 7097 6409 6698 6863 7615
5278 5534 5819 5642 4680 6342 5076 4521 5185 5409 6427 5141 5918 5643 6373 5850 5634 4984 6445 4991 4744 5618 7272 7683 6576 8140 8040 7314 6492
4750 5253 5313 4504 5141 3906 7528 7694 7188 8685 8458 8395 6874 8569 8056 6740 7598 7083 8704 8593 7999 8385 7132 8082 7252 7134 8298 8151 8399
8273 8840 7334 7327 7368 6896 6449 6126 7053 7785 6498 7841 7413 6864 6061 6804 6641 7318 6641 6558 7602 6525 7719 6897 7706 6520 6503 7135 6363
5431 4272 5312 5599 5290 4147 4451 4933 5681 3820 4052 3912 5601 5671 4800 4731 5241 4347 5681 4191 3535 4640 4191 3033 3659 2907 4042 4476 4458
3027 2522 3491 2648 2553 2437 2433 2849 1696 2442 3000 1468 1969 1687 3042 2260 1365 1674 2677 2018 2787 2485 2681 2935 1949 3019 3014 2169 2328
5246 4567 3769 4308 3859 4268 4688 5531 4221 5507 4307 4467 4591 4403 3753 4511 4774 4086 4615 4845 4652 3713 3788 4481 4080 5487 5203 5533 5588
6183 7223 6192 7157 6526 6664 7986 7512 7241 7032 8082 7302 6981 7608 6342 7852 6305 7517 7619 7079 7931 7086 7294 7577 7350 6637 7737 6949 7246
3007 4157 2976 2592 3211 4182 4156 3592 3523 3178 3504 2966 2901 4080 2566 6394 6350 6714 4978 5702 4713 5978 5834 6609 5232 5954 6607 5737 6013
5762 5765 4683 5679 5930 3980 4517 4686 5384 5649 5818 5594 5772 5688 5240 5519 5749 4878 4947 5056 5609 5300 5551 4580 4640 5210 5552 4450 2789
2098 1767 1843 2773 2294 1577 1383 2254 1104 2286 3416 5117 3599 3804 4439 3924 4476 3564 4607 4836 3104 4837 3907 4692 3320 4283 4222 3676 4134
5786 5328 5789 6365 5765 4935 6049 5871 4878 5651 6006 5455 6872 5382 5842 6757 4369 6149 4437 4640 4604 5553 6295 5420 4475 5405 4971 4302 5385
5851 5790 7014 5776 5722 7158 7076 6398 5831 7099 7215 6686 7007 6623 6723 5832 7119 4496 3582 3712 5441 4600 5114 4065 5033 3543 4843 5158 4258
3151 2956 3159 4066 2860 3156 2338 2635 2320 3885 2472 2285 4003 3188 3104 3099 2406 2367 3031 2735 2091 3120 3148 3103 2976 2116 2173 2335 7028
7506 8354 7247 7826 8460 6985 8114 8205 6962 7485 8335 7409 2882 3586 2761 3284 3753 3166 2556 3171 3069 1906 3145 2903 3568 3215 2291 1886 2959
6251 6009 6634 5331 6429 5259 6496 6293 6704 6219 6685 5052 6462 5885 5260 6240 5266 5259 4940 4762 4248 3344 5323 4570 3703 4204 4430 5290 4503
8220 8364 8095 7131 7207 7518 7952 7283 8619 8723 8266 7346 8536 8252 6843 7091 3360 2499 3175 3385 2484 2858 2798 3416 2302 3446 3381 2334 3085
5535 3932 5851 7474 7717 8405 8590 6707 7427 7195 6975 6818 7515 6827 7612 6703 8220 6991 8186 8142 7077 7728 7086 7742 7975 7923 7186 7163 7439
8183 6808 6545 6599 3734 4715 4513 4090 5611 4978 4270 5426 3614 4137 4792 4391 3853 4551 4585 3653 5128 5181 4287 5012 5227 5199 4980 4961 4432
4938 4261 4933 4548 3921 3288 3743 3505 3029 2741 4214 4177 4490 4389 3348 4189 4316 3722 2936 2784 2635 3048 4193 3350 4075 3786 3001 4369 4439
6318 4986 6652 5481 4464 4946 5357 5058 4710 5712 5229 5192 6194 6259 5050 6260 5412 4529 5004 4518 5094 5630 4635 5614 5219 6253 6236 6488 6438
2835 3382 3837 4013 3247 3911 7815 6803 2853 5756 2981 3447 6557 2584 6757 2672 2819 7500 4735 7192 8202 7193 5645 3748 2463 1535 5244 2647 8146 4216
2196 2283 4197 2406 3778 3482 7759 6627 4093 6116 4765 3212 5377 3656 7284 4847 7111 6689 6053 6573 8265 7891 6049 2532 2779 2807 5937 2710 7729 5081
1750 3478 4153 2408 4657 2422 8280 7435 4025 5487 4200 3096 5810 3746 7629 3331 7420 4249 7148 6736 6926 8329 6401 3242 1363 1960 5003 7122 5589 4001
2143 2505 4269 3483 4093 3398 8248 7344 3608 6477 4658 6606 6512 3385 6037 4165 7236 5690 6995 6190 7731 8514 6633 3427 2630 1598 4939 6389 5504 3967
4692 3728 3784 2204 3229 4258 7382 7600 4366 5214 3882 7476 6070 2550 7783 4848 8497 4429 6696 6138 6925 8454 6916 3941 1576 2595 5545 6999 4735 3467
4233 3908 4233 2930 3298 2966 8682 7771 3308 5189 2902 8022 6164 3466 7135 4116 6888 6110 7904 6796 7264 7588 5755 4416 2638 1092 5217 6541 5833 5001
4162 3224 3961 5622 2185 2963 7118 7084 4422 6604 4625 7646 6109 3915 6041 3954 8526 6165 6037 5413 7540 7284 6054 2646 2224 2198 5125 7497 5559 5076
3931 3876 4181 7150 1757 3072 7148 7013 4471 5641 4578 7309 6465 2243 6454 3329 7878 4725 7613 6230 7019 7079 6084 3888 2648 1457 5960 7272 5094 3615
3690 2248 3847 6434 2082 4258 7592 8217 3328 6409 3062 6788 6706 2603 7984 3328 8512 5497 7363 5888 7597 8515 6761 4137 1431 2696 4570 7068 4728 3901
3958 2762 4280 7055 2709 3342 4338 6250 2810 5679 3130 7950 6387 2212 7851 4202 6665 4423 6375 4170 8829 8442 7094 3030 2130 1316 6338 8017 4392 4331
4175 2087 4447 5886 3523 2579 3986 8117 6201 5546 4465 6748 5813 2721 6912 4750 7432 5137 6680 2835 7555 7621 6187 3253 1991 2382 5477 7508 5642 4508
4991 3773 5238 6730 3242 2754 2950 7018 6969 4859 4226 8149 5863 3378 6137 3340 7843 5557 7167 3760 7623 7073 7354 3073 2674 3854 5142 6328 4144 4718
3940 2325 4900 7413 2414 3089 3112 7407 6461 4824 3755 6269 6023 3703 7124 3640 7856 4638 6771 2732 7699 8574 6109 4209 1914 4070 5361 7184 5601 5231
4822 1975 7188 6767 1803 3523 4380 6848 6869 5620 4340 6539 6417 4123 6736 3860 7615 5802 6026 3331 8008 7681 6592 3649 1241 3143 6055 6625 4158 4979
5471 3110 8304 6546 2808 4257 3737 6563 6897 5968 2731 6156 5224 2966 7927 4235 8119 5215 6465 3724 7558 7338 6428 2763 1843 3951 5646 7350 4391 3774
5124 2479 8224 6662 2409 2902 3221 7601 6980 5044 4304 6498 6755 3739 7659 4209 8492 5965 6902 3451 7859 4483 5549 3495 1787 2393 4408 8245 4142 4170
3861 2874 7433 5947 2634 3899 2600 6780 7391 6292 4473 6815 6818 2961 7742 4159 8328 4937 6973 4319 7593 3994 6945 3479 1106 2257 5511 7662 4066 4813
4794 3039 6893 7225 2004 4177 3415 6710 6019 5002 3545 7698 5174 2974 7642 4956 7330 4559 7247 4205 8642 3670 6662 1554 2337 2431 5315 7790 5707 3824
3829 3971 6318 5650 3473 3851 3694 7640 6365 5705 2830 6362 6846 3330 6193 4185 7134 4514 6184 3108 7911 3567 5479 3543 1439 2715 4836 6675 5058 3818
5532 4191 8114 5754 3175 4003 3493 7489 6293 5048 4481 6141 5708 7780 6944 4738 7432 5414 7336 3814 7018 4792 5946 3386 2582 3629 6285 7507 6038 4581
4767 2733 8304 6696 2303 4215 3471 6937 6315 5388 3807 7071 6633 7514 6849 4564 7068 4523 7613 4302 8744 3474 5569 3049 2664 2360 5247 6390 5399 4321
4526 2848 7066 6995 3480 3761 2984 6244 7127 6529 3140 7774 5814 7262 7299 3901 7568 5587 7092 4101 8566 5032 6301 2791 2368 3072 4980 6610 5013 4707
4385 2624 7557 7273 2363 4343 2735 7325 6203 6586 4394 7777 5840 8895 7783 3276 7557 5996 7901 2937 7333 3931 5260 2047 2605 2845 6174 7127 5613 7883
3997 3030 7913 5960 2596 4207 3820 6609 6084 5960 4235 6674 5994 8550 7836 3292 7036 6151 7575 2855 7394 4289 6388 2677 1950 3657 2398 7281 4741 7009
3594 4140 7902 7312 2129 3444 2610 7480 6335 6537 3859 7377 5771 7790 6898 3677 7750 5657 6022 4084 7267 4328 6621 2274 1099 3718 1810 7536 5650 7012
4713 3688 7863 6963 2946 4463 3032 7209 6433 5108 4379 7640 5179 7581 6429 3332 6676 6098 6682 3577 7622 3391 5332 3072 2046 2715 1977 7830 5889 7900
3933 2560 6810 7012 2731 5818 3049 5645 6347 5260 8084 7382 4046 7175 5109 4540 7402 5820 7976 2575 6937 3346 7074 2533 2159 2826 2211 8289 5509 7487
4335 4141 6488 7318 3218 5008 3959 5928 6183 5871 7590 6283 3374 8370 5155 4249 8467 5184 7272 3768 8236 3872 5570 1917 2362 2185 3002 7793 5085 8361
4295 2680 8004 7380 3232 4962 2595 6575 6579 4793 8617 7048 4766 7164 5380 3361 7245 5645 6495 4127 8260 3362 7015 1747 2152 2944 1955 7023 5195 8688
10 23 29 11 96514 0.9187062705388085
3 15 10 26 55384 0.9460416624173935
20 0 11 25 86623 0.9709322158049428
7 5 14 23 63587 0.9706416120139485
1 1 18 6 61693 0.9609857784958173
4 25 23 9 90216 1.0720906054692814
3 25 29 27 67974 1.0542157262673642
21 4 1 17 97214 0.9396362477934659
28 12 9 12 89432 1.01486218071179
0 13 7 29 72786 1.0168100367599904
1 17 8 27 58933 1.0644492682959577
19 7 1 4 57352 0.9501252867523686
20 24 12 6 60054 0.9690105743500174
25 10 11 2 65418 0.9384818827858895
14 13 18 24 32684 1.094835656215314
10 18 21 28 62748 1.0155571691097272
22 24 13 12 50123 0.9663415420510826
1 27 9 9 86239 0.9429442090329293
22 16 23 3 45534 1.0718357320003222
23 11 1 7 96425 0.9045430923467765
15 22 0 29 58131 1.0781281164879393
29 20 1 19 92134 1.035223957633657
20 10 4 23 77603 0.9618550019464404
7 21 25 19 69881 1.060001036087949
21 27 9 19 55941 1.0899869011485093
10 20 14 9 39233 1.0222615650296432
24 18 8 1 95458 0.9569628330193554
21 24 8 19 49380 1.0855496316126654
2 17 9 0 84542 1.083164364505195
27 3 6 0 76856 1.0891820981869644
19 15 5 8 68942 1.0743167354584817
23 27 2 1 115358 1.0914185445857256
18 18 28 7 78090 0.9494411246259634
9 10 28 1 83992 1.0708573812707791
26 10 1 29 117574 1.0018298688010505
22 10 25 27 54177 0.9184329704769714
6 25 29 8 112272 1.005250345993846
5 28 18 2 99779 1.0822145904467222
13 2 3 12 69514 0.96173586755678
13 15 26 23 53010 1.076276798560931
28 11 19 13 56135 1.094363882478361
21 1 1 16 101661 1.0138276684821448
25 3 15 13 56521 1.014081111556107
3 29 19 15 78369 0.9167246684481228
20 26 13 5 68294 0.9819717178041147
2 8 15 24 84182 0.991766087823293
5 20 21 4 93470 1.0628480314228672
9 24 1 7 80760 0.9387520141323555
2 3 29 14 115362 1.0749514577119579
19 7 3 2 55441 1.0492549654651102
22 21 11 28 49551 0.9794588611415963
0 6 15 21 94358 0.9079906004541776
28 20 23 9 59006 0.9791745623426555
14 6 24 20 70140 0.9228821453526078
5 25 14 2 73579 0.9958600927610222
24 27 11 15 63712 0.9855314339502872
23 6 13 23 70355 0.901795543436115
19 9 11 22 66656 1.0152048462752257
9 20 26 5 96194 0.9011274887040804
0 2 20 5 65205 1.0227874485915704
23 23 24 12 39273 0.9820785728991579
9 2 22 19 84280 0.9637116830010541
9 24 1 17 43559 1.023289380485361
10 1 1 15 77250 1.0764225800755134
19 1 6 4 39426 0.9022240872404131
29 19 11 4 92991 1.0854877275574786
3 29 26 25 62540 1.0908600925362495
23 4 4 10 71453 1.016888182309768
27 8 16 10 51672 1.0103707806267423
28 8 26 0 40435 0.908979705233533
8 16 10 24 48092 0.9151854199069411
27 2 17 27 111896 0.9410062985104942
29 23 6 24 49697 0.9557282564027739
11 3 27 21 96010 1.0745242531804782
2 7 7 27 89221 0.9840960025116138
24 6 1 2 75695 1.0313723846726337
11 26 19 14 63695 1.0342863133449138
18 27 14 15 43357 1.001894866233072
6 14 12 2 61539 1.0056233171923636
8 29 11 19 62876 1.0317171978607749
16 4 5 15 61378 1.0643630392327115
18 26 27 4 88970 0.9463673074235659
17 22 6 12 65713 1.0387170679232667
25 2 11 24 96887 1.0745265317683916
21 29 3 5 115104 0.9510325110854669
14 6 16 20 42816 0.9319752304835376
9 29 24 5 114858 0.9642765692518763
20 15 4 15 65849 0.9141601224524276
24 15 4 13 74898 0.9460966996781446
22 10 8 15 63112 0.9058188095582776
0 3 29 13 118482 0.9528164520012885
11 5 8 26 79233 1.09857797651742
22 23 10 22 41310 1.0123071667177206
28 3 12 17 82458 1.0045014222080744
2 14 17 15 61624 0.9217805849557049
22 5 5 7 61694 1.0874157775228188
22 23 5 6 96866 0.9942169677344197
27 23 5 29 66044 0.9627923063898587
11 29 1 17 73192 0.9977503405237067
13 21 4 24 31090 1.0243420972292148
1 22 21 0 113252 1.0273922568964768
9 0 6 24 90403 0.9768849588669128
14 28 11 20 41473 0.9410894056489997
7 25 6 4 74540 0.9742057574557158
6 14 13 11 33463 1.069764030447864
29 1 12 20 98519 1.011772476226766
23 1 4 7 68635 1.0995796098950055
11 22 21 13 71314 0.9489218191324437
22 16 9 9 72919 0.9158899141140986
18 9 10 24 59556 1.0901574252959403
17 10 7 20 67211 0.9677359164367938
7 9 16 5 48318 1.0602358279349058
14 7 0 24 68737 0.9008951001833273
6 28 19 24 37898 1.033633857559157
12 1 14 29 71898 0.9049542074421468
29 4 8 5 62065 1.0526578734153962
7 10 27 21 97193 1.0642089677162163
26 0 5 25 115940 1.0270541215321378
8 27 22 12 85311 0.9753498084037467
1 7 14 2 56661 1.0200851036775465
24 17 15 8 67824 1.0512036022875888
16 19 26 23 45013 1.0881383664164799
18 3 4 26 87311 1.0833320831880129
28 1 22 10 46919 1.0971354709669674
19 24 20 9 60364 1.0115566556961437
29 1 26 10 52234 0.9205963930053109
20 6 4 19 88595 0.9845900363258981
27 5 16 8 51576 0.9420727476762556
5 6 22 13 76461 0.9946119770243648
7 13 23 6 65013 1.0215493652329952
24 20 0 13 98568 0.9704885089729578
25 13 10 18 86370 0.9339947076626447
12 8 18 1 43765 0.9991913415262581
16 2 13 29 82482 1.0246144406004687
15 9 24 10 40716 0.917129423487442
25 26 2 18 78589 1.0618159761915087
4 25 13 20 37625 1.0962768028447756
3 3 29 21 120566 1.0389694379110954
7 7 22 17 91358 1.0702240883457037
0 17 7 0 93564 1.0391290429284463
23 14 3 8 95614 1.0055188279119767
19 11 1 15 74349 0.9233669841274331
12 28 0 29 58245 1.062296801818827
20 5 3 25 87603 1.0326488660438258
13 1 11 21 70603 0.9041438721606859
1 7 20 16 100890 1.0135132054911973
27 4 13 10 53801 1.0318108841559333
27 22 19 10 65046 0.9873874761854341
26 15 13 10 61770 0.9410833281219675
25 12 20 24 54402 1.0002190204823782
9 3 29 23 97905 1.072538304124072
4 10 24 12 84867 1.0891220285507437
4 9 11 2 47075 1.0638007517200885
11 3 24 27 90411 0.9048992792432902
0 19 6 2 87889 1.0227878030682493
1 19 1 6 56193 0.9101161368364835
3 12 10 15 36329 0.9740431068012882
13 10 3 6 54979 0.9676862530498462
15 8 10 14 37040 0.9172621188102111
1 11 23 8 96074 0.9934164472069735
29 12 25 4 42279 1.0967777687029525
17 19 3 1 83182 1.0062504779859756
13 15 4 17 42852 1.0654815901013035
23 13 19 24 42337 0.9762285881965461
21 28 23 12 52218 1.0248624978534535
2 6 25 28 120253 1.0063277593966313
9 27 20 14 81148 0.9099650485179227
20 28 22 6 71342 0.9451636940980819
19 25 16 4 63507 1.088855993445691
5 27 4 11 57882 0.9546574766571557
13 19 23 3 69358 0.989929652569373
26 20 9 10 90965 0.936793086898049
10 15 22 28 62198 1.0463708361996087
4 6 10 24 77309 0.9028461170661265
5 18 24 26 66393 0.9052314506170571
15 3 28 0 55592 0.9058632378007074
16 8 5 28 83167 1.0637736513194853
23 4 17 24 71099 1.0710857277733798
21 8 12 19 59086 1.000847165513471
1 4 15 1 50541 0.9394628268968498
11 26 29 8 110692 1.0636303898490467
10 27 8 0 104280 0.9358286503883048
15 0 14 29 75954 0.9018873754861484
8 21 20 27 56985 1.0701161828720078
13 3 26 24 77686 1.0697884886647417
20 23 2 7 102247 0.9938254472895307
14 10 8 2 39059 0.918315926067859
16 2 25 4 34524 0.955577730112133
21 7 22 22 48985 1.0639872603981406
13 23 4 24 22259 0.9151159630141189
19 25 18 11 60674 1.0569976229719917
24 3 20 9 32908 0.9731049097532846
20 11 12 27 75376 1.0465643463894754
10 15 27 22 71560 1.000163149862038
26 4 17 11 39769 1.0937495697986026
2 23 23 0 113337 1.058878529795038
25 17 14 23 45330 1.0769188286544877
19 4 29 22 80277 1.0877371820760868
13 27 28 18 59142 1.0719131279958916
22 27 11 29 50798 1.0266486229941434
19 26 2 17 67571 0.9069396184839417
20 21 7 18 65694 1.0934951249231448
19 10 5 29 85174 1.042567968744832
8 27 3 21 41262 1.0365499215978704
13 23 2 15 58969 1.0918959360075675
0 7 15 7 66424 0.9268701211999731
9 1 27 9 78057 0.9656922869983893
26 16 10 23 67240 0.9876361729201808
10 26 22 14 66866 0.9291159505288262
26 3 16 28 104936 0.9289783899679861
4 4 26 4 58562 1.05604482822798
13 9 18 18 47850 0.9958199962030322
24 4 13 25 78603 1.0864926848544536
11 1 28 19 98006 1.0171791007810447
10 20 25 8 90929 1.0449016145047434
14 4 19 26 62573 1.0778040288317308
9 22 19 23 37286 0.9177157673883792
25 27 20 14 53432 1.0498760841552404
13 12 26 13 73818 0.9914072016184603
0 9 20 6 83082 1.099832358739142
3 12 19 1 79918 1.0644953963723167
1 11 19 14 69656 1.0981439992224618
16 13 10 25 46712 1.0088339647884679
16 25 22 19 32534 0.9360977382644537
5 17 22 17 78943 0.9467418840207139
0 6 0 23 76687 1.0415658564679657
26 10 10 20 82969 0.9506981535708494
6 22 5 9 50058 1.0616754646319517
10 29 27 9 117515 1.0690576530784233
18 17 19 5 41893 0.9553997260929672
28 0 6 29 133473 0.9151123069245103
14 13 28 17 68287 0.9256204377671355
19 23 28 21 30987 1.069802834756165
10 5 23 19 76905 1.0256526629537326
5 11 10 19 53434 0.9047267481598161
2 29 14 28 49282 1.0279537572730737
12 24 18 6 57596 0.9687318110809453
14 17 26 22 50583 0.9171125185811854
0 0 21 19 108736 1.0454525295941233
4 6 4 17 43612 1.0545130074879743
20 6 17 29 85687 0.9065241327184477
1 18 13 27 58196 1.0346746832830604
20 8 12 19 52771 1.0298675825457688
1 8 10 21 85777 0.9964684147860747
20 19 10 14 52560 1.0005626334877598
17 1 0 19 111493 1.0787950693339345
26 10 13 20 72842 1.0754686906408562
28 28 26 12 66051 0.99266230044963
27 2 12 17 87836 0.9817066980824
18 9 2 26 85606 1.0296901954040225
18 12 3 18 73199 0.9670618839818292
27 20 22 1 73011 0.9110098016701652
25 26 20 1 83696 1.0494306982707355
7 10 29 9 96689 0.9323414281074314
16 24 26 13 65612 0.9661094599668647
21 5 22 14 30043 1.0151907909168545
7 24 13 12 48026 1.0163320434852365
20 11 28 1 56793 1.0230997449655577
14 14 1 6 69098 1.0743526847379226
21 19 13 10 50405 0.9293307245261755
28 20 8 24 52954 1.0103903049051826
22 29 13 2 91926 1.0188262433151676
4 2 17 9 58409 0.9360169941267013
19 20 28 17 43507 0.9745783876903199
3 8 16 5 54371 0.9361989416712798
19 3 20 20 59071 0.968220267673769
12 28 23 26 45072 0.9819138768602533
13 25 20 9 62165 0.9900151972849618
29 24 3 24 53596 0.9975743580548796
14 29 20 7 75543 0.9416882666969568
15 23 1 17 59207 0.9475288049185491
14 27 23 16 50024 1.0510852947183191
13 7 17 23 52685 0.9788412723373549
19 26 1 16 73006 1.099096784870293
25 15 20 1 58197 1.0662219849641055
24 12 3 23 86343 1.0777391902198996
29 25 9 17 73425 0.9840052244741231
24 26 12 9 72494 1.0957641337657487
29 25 11 7 94190 1.0170705418346127
14 23 4 29 34711 0.903888072477053
13 3 27 20 88692 1.0670313846356165
7 24 28 21 52967 1.062200260239824
4 28 23 20 58624 0.9865195626899701
19 20 26 16 42639 1.0988489475531875
13 16 1 13 52780 1.0192650899749869
12 7 26 26 82795 0.9480749708938031
3 14 13 1 71259 1.0452081669055961
4 24 18 20 48580 0.9020839038819151
29 0 26 29 123413 0.9011009119539832
1 14 20 19 81113 0.9602559116652666
27 1 14 22 86367 0.9113303890609743
11 28 26 22 57380 1.061362868526233
19 10 12 27 68964 0.9159720185288583
1 23 27 20 74076 1.047503982989631
26 28 16 2 103204 0.9287644686065867
16 10 7 28 74028 0.9005764757545148
18 14 3 29 79424 0.9983401731926669
6 27 13 10 62989 1.0854675459312584
22 6 7 14 69205 0.9131656903554619
14 2 29 9 66687 1.0439776252539854
18 25 4 25 35180 1.0186885315992158
18 5 26 17 65729 1.00431191463187
7 4 26 8 72171 1.0869494163894535
14 16 26 25 45419 1.0431203870609078
5 27 13 5 76279 0.9085401285131258
24 20 29 28 43151 1.0783559629160904
17 20 28 14 61849 0.9329321967640585
27 24 15 18 47230 0.9828251895898364
10 24 8 1 78109 1.0034033440025614
13 13 20 0 52311 1.0330828268129624
21 10 29 26 63081 1.0508559918857778
8 10 2 19 60699 0.9658023780381946
11 2 17 20 68024 0.933721753424822
28 18 15 9 80774 1.0719854139350034
12 25 21 12 66305 1.0440965818021957
5 20 14 0 86352 1.092809121298475
27 26 16 2 95788 1.0193266871418123
12 1 6 8 41822 1.0077908557566002
24 0 1 25 117306 0.9898243184764031
5 11 27 27 100520 0.9059908755641257
5 0 26 19 114501 0.9633528528864583
2 23 21 16 75555 1.0638010890243619
4 18 25 20 71459 0.9017185911696557
10 16 14 28 52473 1.0104343452583724
17 18 1 26 62763 1.058493695763654
10 12 25 7 78255 0.9767829540457904
4 23 19 27 43528 0.9281525371339562
24 0 14 27 95456 0.9500616442724397
16 17 29 17 66497 1.0285937453002911
13 23 25 11 76428 0.913098586715057
14 14 10 4 33516 1.093998537995828
13 24 27 1 93224 0.9049090204044067
17 16 26 23 56975 1.0694813751268382
24 13 2 3 91899 1.036231078910401
10 28 23 3 108629 0.9371263638887648
0 22 3 3 87115 0.9878767824295162
18 17 27 24 48200 1.0923912533254645
23 25 6 9 86571 1.0726325806868697
4 6 7 24 71100 1.0875308322057984
26 5 5 2 70633 1.0980511985724026
5 17 8 10 37341 0.9913386646560297
22 2 14 20 65081 1.0143059991232124
8 0 18 4 37101 1.047862519739758
6 13 2 3 45554 1.0648177313404072
23 9 28 16 52078 1.006308643469052
29 3 12 23 98363 0.9345745956685756
22 11 6 4 57841 0.9672704003513924
24 11 11 14 70835 1.000546229595783
27 1 18 23 93235 0.9087228345997789
4 4 10 20 77443 0.9422900386298824
16 24 7 19 42499 0.9997369153904075
17 23 5 3 79381 0.9579740977984164
5 1 29 7 88136 0.9916846075633419
15 6 5 8 45412 0.9170363623947088
10 4 17 14 45575 1.0946465794249813
7 16 8 26 52083 0.9913886396713505
0 17 20 10 92641 1.0065241387696986
9 1 8 12 48182 1.0982328901345988
16 8 0 4 66166 1.0546298803746068
19 8 16 26 68251 1.0064659778020661
11 28 21 2 102108 1.0971931236047594
0 28 11 27 52350 1.0585463945914784
20 13 0 28 96010 0.9123336964058125
2 2 10 12 64446 1.0627207994993415
20 21 10 6 74529 1.0921244243160166
6 24 10 3 79335 0.9063356196993433
16 12 16 27 61964 1.0609810112622342
9 22 10 8 72111 0.9286193973951243
2 17 23 1 107814 1.078893231816699
9 23 25 4 90111 0.9331325371880757
18 20 0 29 76758 0.9882720170753952
6 2 26 24 98211 1.0793059482048755
23 6 1 21 107087 0.9387795266759913
27 4 13 25 86409 0.9761778346913728
27 23 5 9 100300 0.9131897764660537
8 16 16 21 50561 1.0839035264683274
22 19 2 2 99405 0.9106759557338031
27 10 9 11 79547 1.0235603612159918
12 2 14 20 53184 0.967916904702859
1 29 3 1 108873 1.0241587316512402
29 11 11 10 84184 1.0165581773631638
22 23 12 1 78648 1.0220226989594332
4 19 16 0 95035 0.9197898785440111
27 4 21 22 70161 1.0347899420908757
15 17 14 0 46104 0.9824566148413971
24 1 7 14 83894 1.0018897129590592
14 21 22 13 53024 0.9398871847646184
4 7 13 21 77559 1.0950778718767238
25 13 16 2 70623 1.033057205909667
25 20 10 14 74224 1.0280020949031607
9 26 7 10 69422 0.9748229728010118
24 22 8 25 47028 1.0306732325748518
21 8 12 10 41976 0.9492599009043905
4 4 8 28 98096 1.0586136461825888
22 22 22 12 29144 0.940849898808451
1 26 9 8 83298 1.0177025170919016
27 4 11 23 89505 0.9418796410915629
16 18 0 2 89822 0.986407352577966
27 18 9 11 91349 0.938247357686137
16 11 15 24 43545 0.976692191890132
9 13 12 22 48833 0.9300574089435911
23 18 12 14 58054 0.9563120427780394
3 7 12 10 45973 1.069697484982764
15 28 9 4 74691 0.9240787778822763
5 26 1 6 86696 0.9991705232326314
15 24 5 23 24792 1.0239508248827391
13 0 22 3 38766 1.078368256555097
19 29 5 11 91971 1.0632955489961489
4 26 15 11 60523 1.0137209689964128
0 23 25 0 126175 0.947386216300483
28 10 15 3 59996 1.0130309834244853
1 20 13 25 42601 1.0302936276181756
3 15 21 1 88967 1.0913348467152548
17 3 10 14 50858 1.0201476178565618
2 29 13 11 75331 1.0640123397663515
5 21 28 2 124374 1.0193147007927372
12 5 6 20 70303 0.9831088275060271
11 19 16 9 42247 1.046546527706211
4 28 27 17 81237 0.9595010994383786
8 12 15 8 40189 0.9915933313029356
11 5 1 26 86656 1.0640745666456075
8 10 23 20 79252 1.0246769432561593
23 14 7 5 75746 1.0332689087203306
28 4 20 7 34503 1.0930585653365272
22 5 24 18 50440 0.994558802599941
29 13 7 20 111173 1.0953418906170194
23 12 15 14 45001 1.071605138726554
9 18 0 12 59337 0.9408110631732225
12 29 28 28 64777 0.9238577924983071
1 16 28 0 129630 1.0807206453776355
11 20 1 20 64819 0.9079628849673924
17 3 3 3 42251 1.0582299841967953
0 21 17 23 55984 1.0949166752504804
15 1 10 10 42967 1.0590747035596841
16 19 3 2 77586 1.0302103155020181
29 2 26 21 84010 0.9551578176579567
12 10 0 21 84782 1.0220009662983705
8 18 13 0 76161 1.032172960491138
29 12 19 17 59829 0.9907792249921099
6 29 2 0 108378 1.0805213181334115
9 2 1 6 42028 0.9082377070341454
12 27 8 19 54655 0.926871667463957
9 29 18 6 90687 0.9186183212898723
17 9 6 15 53075 1.0548331425089006
21 25 12 5 68338 0.9825658677945517
18 12 5 21 73518 0.9133764919676591
28 21 16 5 83129 1.0772394756057404
6 13 22 24 66635 0.9687363377134617
23 1 25 29 89595 1.0281634691110495
26 8 5 11 100914 1.0416343455932018
26 18 1 12 109638 1.0782176716400966
28 10 12 14 82979 0.9783989810197827
12 23 6 8 70761 1.0508168429503182
11 20 14 4 51968 1.0881645657087335
13 11 7 4 40332 0.9536708874633385
4 23 23 6 92832 1.014259601177846
21 5 12 11 49298 1.041791311134608
13 11 16 1 37052 1.050203912876942
17 7 7 13 49221 0.9867327169106032
0 10 19 11 76868 1.095299872962107
2 4 18 20 89299 0.9711540813579325
27 5 4 14 93700 1.0157583495264575
16 22 5 10 70520 1.0335830366232885
6 25 23 28 49229 1.0179034202157011
7 10 7 22 52495 0.9406868063815436
0 3 20 6 61327 0.9613246065168899
11 13 22 16 51719 1.0673175646526598
5 29 11 8 91728 1.0640065332207904
26 0 18 10 48900 0.959643389717261
26 14 14 28 72566 0.9870411864045323
29 0 18 14 77384 1.0151028682677894
24 27 15 14 60860 0.9784005488828379
3 24 14 17 40354 0.931528836250154
18 14 11 22 58120 1.0631912206377376
18 15 2 19 84613 0.9368460506976446
15 5 18 28 75087 0.9971133142957034
6 11 17 25 66898 1.092207222098149
7 28 19 24 43457 1.0190806768764993
14 26 0 5 94890 1.01773646352172
1 0 13 4 43623 1.0621075434670362
28 14 12 2 93380 0.9428649795777431
15 8 5 15 52786 0.9060498993275976
16 25 24 23 26164 1.0251547335517783
24 8 5 16 93206 1.0037881089255325
28 5 24 27 86652 1.0483520611970807
5 23 2 2 85788 1.0160813255898817
10 19 7 28 57017 0.9353310266744378
19 0 17 22 77480 1.0523908881997894
25 22 3 7 111138 0.9984865795785024
8 20 10 6 69287 1.0435759301661358
5 8 29 13 115400 1.016941727761364
3 6 19 2 56098 1.0053799835302466
23 13 10 9 64985 0.94971135901057
21 1 29 8 49231 1.038269806588567
24 28 4 27 62114 1.043137383508796
5 6 14 5 33732 1.0998479964018173
22 27 12 25 32361 0.9495367201902991
16 19 24 1 75864 1.0347070239970306
0 21 29 3 138079 1.038139578668015
20 7 5 16 76419 1.0926479224923427
4 14 13 17 48224 1.0355694141881657
12 4 3 2 32642 0.9349997355285655
0 3 24 10 84918 0.9099518441171696
17 19 10 6 54484 1.0201965536664428
5 13 8 23 44211 1.0244304144519325
16 6 7 16 59921 0.923020267812002
23 8 7 24 82715 1.057772125425269
1 5 18 4 49583 0.9665641921280153
12 19 1 8 79589 0.9124360932311733
8 29 11 10 84516 1.0686317521604014
28 2 13 28 108517 0.9398304381644071
13 24 6 5 70726 1.0343179182817381
24 23 0 29 72598 0.9418442556470226
17 20 27 3 87745 1.081839038430485
5 20 29 27 75627 0.9149159383656847
10 20 6 10 55858 1.099658353845704
0 18 22 14 97894 0.9375836365308037
29 21 2 5 124829 0.9612291658284257
5 19 7 9 46549 1.0560122151694986
24 9 18 28 83173 1.0303226646343149
9 8 2 1 45471 0.9146430118744462
0 25 5 1 97034 0.97076272543098
29 7 14 7 56205 0.9440395049227257
25 15 3 23 78089 1.0733084749301187
1 15 10 25 54805 0.9341516491951439
12 29 4 4 95389 1.004223804209594
7 5 22 9 57467 1.017890805632387
19 2 28 22 81160 0.9128716833007955
25 21 10 5 86702 0.9264809104787876
0 28 20 6 107100 1.036493240356365
17 8 21 22 64706 0.9671330453530603
6 10 14 21 53156 1.0030672091922528
18 4 25 23 69846 0.947402498720053
10 11 15 16 38459 1.0912794792446527
12 29 5 3 95268 0.9969606385004421
3 0 24 7 81678 0.9538141280364403
1 23 19 13 72940 1.0721594778310637
24 24 12 29 43370 1.047473613957401
26 1 1 22 124109 1.0367155047120726
10 16 19 20 53059 0.969162216339239
1 21 19 15 80072 0.9636120591956755
20 12 1 9 82291 0.9503080597845295
21 22 1 27 59968 1.0848592116617768
3 1 26 6 77480 1.0119876100618665
11 10 23 21 70696 1.0414669326462598
15 9 27 23 71087 1.0965878233651323
3 9 28 9 105453 1.0273039365772856
19 16 5 27 71386 0.9183568482626182
0 22 13 29 57789 0.9892483955518641
22 29 7 28 67699 1.0080951027680733
15 21 2 9 79754 1.093897824592137
23 9 21 23 50311 0.9751121414207169
7 0 29 0 76942 0.9344383398203538
23 15 8 17 69789 0.9588229145491285
20 19 4 23 56893 1.029980716859328
11 14 0 7 68960 0.9782709788290131
11 6 26 11 69406 0.9933104581593407
29 1 3 25 123869 0.9606289369791653
25 21 3 15 84698 0.9447815717324435
11 27 25 11 97515 1.0291383941043066
22 3 19 25 72346 0.9636893071624055
26 9 20 24 69246 1.05984525944732
10 2 1 15 75102 1.0081419745929632
5 15 29 17 105618 0.9982179026089529
9 21 21 16 69219 1.0926044681846567
3 6 0 23 79766 1.0945832695227926
27 3 9 11 81345 1.0750348387879767
25 10 17 5 40548 0.9265373635824465
8 21 22 15 72374 0.9322746882808098
18 28 9 14 73176 1.0769925375006852
15 29 24 1 97848 1.0227394918357324
19 22 11 8 72291 0.9258817165822474
9 5 27 13 88047 0.9191228647595586
8 5 14 11 34402 0.982374819179234
29 21 4 26 67619 0.9825258381256257
24 1 17 10 39082 1.0736144701739636
13 22 0 8 90261 1.0090405893180638
3 18 27 25 73536 1.0173174149466657
26 21 17 19 38666 0.9946011537378404
11 7 21 17 76377 0.9648379059586452
17 23 4 0 92597 1.0068530141752672
13 14 7 24 43571 0.972539943772773
16 20 4 27 53647 0.924566958394968
6 9 14 3 39301 1.0558026017393076
1 15 21 2 102106 1.006352222536393
0 7 24 28 131064 0.9573429052591564
9 0 29 19 113091 0.9339581208372556
27 1 15 5 46576 1.0931089743713749
26 27 13 20 53331 0.989483606536705
23 17 0 20 86674 1.0766236580200779
10 11 26 14 83589 1.0487260632814948
16 4 20 24 62769 0.9933758645525628
19 27 17 13 55614 0.9754244491088058
9 0 9 15 68968 0.9943912195129756
11 12 29 17 92010 1.050740076845368
16 27 22 11 70391 1.040145536526204
19 2 29 6 39361 0.9843174434345614
15 5 18 17 51581 0.9717593083159045
5 3 14 19 59673 1.0715627977037794
24 10 15 4 41475 0.9307274672052672
3 10 17 22 85335 1.0247913208528898
1 3 12 26 96248 1.0554045402970629
21 25 16 3 76653 0.9550687181786682
28 14 8 0 102879 0.9761498173198699
26 7 10 1 66622 0.9134687667029098
18 28 14 12 54505 1.010214254115844
28 27 15 22 44145 1.0287400547141143
14 26 23 14 52231 1.0599700521682582
10 14 7 2 59842 0.9922630667527639
0 4 3 22 85234 0.9032265642537637
8 24 21 2 89435 0.9022023971253145
28 4 0 24 114429 0.9554483811310633
0 7 9 16 69873 0.9869535096312482
14 28 11 20 41473 1.0529187968078244
0 18 25 0 132433 0.9328132898259561
2 27 1 11 63654 0.9439324220939153
24 1 20 20 72027 0.9959330984814285
9 27 29 26 65492 1.011195264141512
21 1 5 10 69557 1.0614495146944802
3 8 27 27 115010 1.0181091692482256
25 22 24 8 63050 1.0922650091902188
8 1 6 26 92649 0.9079205534456236
13 0 21 23 80348 1.0562486028629152
8 13 8 2 46307 0.950246646740763
0 9 3 24 67814 0.9858634430611364
28 1 16 28 114808 0.9187168338889263
20 25 0 5 105383 1.0051218343322224
23 8 12 29 91375 1.0460875229300444
8 7 18 4 37989 0.9097947069477709
23 15 9 10 67045 1.0987045161897773
13 16 0 2 79747 0.9689515659793201
26 12 29 29 77684 0.9540911559773938
28 25 2 21 75975 0.9795917302350611
6 20 7 2 67688 1.02184168294403
18 9 13 25 56636 1.0146695185014492
24 12 6 12 77024 0.9973046444259075
24 25 21 4 68326 0.9881594825210962
21 3 16 12 41815 1.0896249364272228
18 29 16 18 56760 0.9053667626001045
18 28 10 20 57480 1.0356690046441064
15 4 5 10 45730 1.0221628375074492
26 15 8 22 79300 1.0523727946891126
7 16 20 19 63459 0.9962227428409871
29 11 22 15 43992 1.0404519473604086
0 16 27 15 112109 1.0843730783042391
20 17 8 16 61854 1.0221327455034674
15 21 13 10 35625 1.0394621808134206
13 24 10 8 60669 0.9802574715693295
21 27 21 14 49378 0.9660456132197384
9 17 6 9 42395 0.9897831629440329
16 4 12 21 58400 1.0279409540444493
14 18 27 3 72525 0.9733060308597881
4 12 0 22 55532 1.0881495055626405
29 24 17 5 81827 0.9462961816032429
16 1 14 16 42086 0.9662301784922654
22 6 10 12 61138 1.0608330854026506
11 19 3 5 77024 0.9869277300931145
9 2 5 9 37131 1.0185375300550743
28 14 29 3 46210 1.0173804583436898
6 25 24 16 68968 1.0778849991749575
14 14 22 19 42042 0.933539858339058
25 10 10 14 67804 1.0702176454876584
14 23 26 19 43233 1.0621505422342548
15 26 6 7 81023 1.0579335144083433
15 26 5 19 46421 1.0577106575173014
16 22 2 9 86878 1.0099452672123035
18 26 8 16 63764 1.0867964973353368
21 27 2 12 94059 0.9807342423466109
2 17 7 9 50681 0.9577493365299784
11 1 14 21 55091 1.0370521438122884
24 16 6 17 83928 1.0793220627181828
11 18 9 29 67679 1.075986710170513
18 20 28 17 46835 0.9157608987801159
21 18 15 28 52548 1.0290944832384068
18 16 7 20 67337 1.0712711797507923
10 23 26 24 38635 1.0424396913451754
6 29 1 10 77315 0.9638459290562997
12 20 24 9 75922 0.9111951322963737
1 3 22 27 106471 1.0615918033869778
29 28 1 25 77115 0.9498742702042798
11 7 21 15 67342 1.093879937685422
26 2 29 26 100494 0.9312467455797522
23 3 26 27 87342 0.9420005289097516
16 14 9 21 49861 0.9710470873290449
28 3 26 19 66899 0.9178740503132703
29 4 10 12 82191 0.9004711835566487
5 6 19 15 76239 1.036435953856289
15 1 12 25 67199 0.932071177786121
8 6 27 15 92521 0.9085516015671131
16 26 23 15 53350 0.9682688484894063
16 5 7 11 52548 1.0765506673869258
7 8 24 26 95251 1.020212880791774
19 25 7 13 58426 1.0762139062574865
6 19 11 8 58204 0.9179310251048537
24 29 29 16 61852 0.9973001497033145
18 1 20 10 25733 1.0648219753575479
29 11 17 20 80127 0.9524605527484222
7 25 20 25 34670 0.9269629036782796
24 24 19 9 57663 1.0331432556310784
6 4 25 21 97025 0.9616520797345258
27 28 21 1 95148 0.9894771359359225
29 29 16 28 71472 1.0880376019949445
13 26 17 8 58064 1.0364170127370624
14 22 6 10 55641 1.0569845329404886
7 8 23 16 86056 1.082697092418989
26 18 15 17 55734 0.9375496090527176
23 9 4 25 90216 1.066088717491888
20 7 6 7 56939 0.9075714343469047
5 2 10 23 88303 1.0062408734078003
1 11 16 6 70733 1.0752780173888885
19 14 3 5 73986 1.0609150442560977
25 12 11 26 83806 0.9217013399831401
11 2 19 18 73841 1.011498859657943
26 22 4 13 89413 0.9366124649237652
15 9 22 14 44035 0.9077953774729266
20 3 10 25 82709 1.0508755750360785
8 12 21 2 75160 0.9223781405866985
23 4 11 10 51380 1.0768694414605842
11 19 3 11 61936 0.932440324963836
2 24 28 5 113108 0.9467425641665274
6 19 9 10 42437 0.9168946705126504
5 20 16 1 88914 1.0609068199729692
29 2 23 9 51243 0.9693303200708082
14 14 29 8 75197 0.9470600310272694
0 0 20 1 62200 1.0451360614938796
25 29 16 17 64765 1.013998001118344
2 13 28 6 98545 1.0723930816584168
20 9 7 5 50015 0.9814658799638025
19 17 23 25 40000 1.0791307329035795
26 0 2 18 130989 1.0561776486793462
9 15 1 6 65045 0.9157465720308684
15 24 10 8 61271 0.9821130581106629
6 12 16 1 62450 1.0165513708229337
19 12 0 13 63854 1.0648918686574098
27 4 14 28 91660 0.9513586285823203
4 14 28 24 81280 1.0647025288078722
7 12 23 28 82022 0.9485852023258189
24 21 0 29 79261 1.0696861325105416
25 24 17 4 72851 0.9370485949312672
25 16 2 6 108769 1.069612405939492
5 5 2 14 50253 1.0306632037022778
13 0 25 25 86607 1.0509851021095618
4 20 26 0 123646 0.938431568735686
5 18 14 11 51139 0.9008498189607781
27 21 9 22 61671 0.9054841127548353
3 25 26 13 94307 1.0848304176474783
20 21 10 29 58655 0.906532411920466
4 6 24 2 72539 0.968440904633014
8 6 0 2 37732 1.0481585019510204
18 17 25 11 56471 1.0262005067703535
7 6 25 6 65395 0.909323566445549
14 9 23 12 42350 0.9748814672593202
25 29 3 21 72166 0.9686105491071704
26 4 6 3 55511 1.0124279184844762
2 20 4 6 69044 0.9596290969011072
24 21 22 8 45206 1.073041908509565
5 0 27 23 116831 1.0660437122830262
7 24 12 7 67319 1.09747486898895
16 11 13 20 36318 0.9996791889914414
5 27 29 24 59350 1.027821826721842
17 3 19 18 51306 0.9104971375220431
13 23 4 11 66526 1.0748830331122385
25 12 16 6 50526 0.9461848138369969
2 1 17 27 110434 0.9400849899421816
13 7 3 11 58141 1.0937948657422933
16 5 3 7 52942 0.9306587145520301
1 28 27 16 95954 1.0355168324802884
15 1 27 15 74241 1.0743192771009236
0 25 12 8 80883 1.0174850689678048
11 15 15 7 35556 0.9076337492452634
14 17 3 13 42653 1.0972125420406666
6 27 15 7 72199 0.9685859184040179
8 24 0 19 40551 1.048022529227011
26 26 3 15 83351 0.9494627451875923
4 7 8 20 67202 1.0098477632262437
27 3 14 15 67226 0.9542349595278741
28 1 5 0 76339 0.9798566257882542
16 18 13 7 43667 1.0364797523957971
17 20 2 24 50849 0.9377896839881766
13 7 24 9 55285 1.0584456153696802
21 6 12 27 82955 0.9977671355963408
27 12 27 24 49136 0.9559993006405083
21 15 13 10 44292 0.9384024236366552
10 11 25 10 65012 1.0614268624569068
0 14 17 26 86813 0.9935979157600667
20 3 15 19 59131 1.0077562904205126
2 3 6 26 90728 0.9982074902224795
21 27 10 15 62679 0.9169054202523003
12 8 24 24 70197 0.9427955816893899
27 17 21 0 76465 0.9506442192576429
5 11 14 16 45202 0.9611068880547751
22 11 26 29 65024 1.0849787886921605
16 5 8 12 48170 0.9525226028952575
2 29 27 13 108016 0.9450207519201299
18 17 3 27 72356 0.9636797766396739
12 21 9 28 53668 0.9053683359286299
24 19 13 10 60298 1.088788355731158
5 1 26 7 82640 0.980002232439429
9 8 16 1 46075 1.0697759062004963
24 2 19 19 72290 1.054785331428796
0 2 2 16 75522 0.9205045891363641
29 4 4 9 86218 1.0535316627306544
29 9 9 23 103989 1.0721695451177786
14 25 1 0 93833 0.9980609079881617
10 6 28 9 70525 1.0370523704170103
21 23 0 19 69755 0.9862045400318923
19 19 18 28 41935 1.0706144960070505
1 21 10 19 59108 0.9660026455861036
12 6 7 21 78747 0.9000740866079118
11 2 9 20 73433 1.055686059917286
24 5 0 23 113719 1.0451597337060918
20 14 22 6 37274 0.9581588989500354
27 26 9 23 48033 0.9954719376249617
16 21 4 16 63584 0.9492964395583976
24 6 24 18 53839 0.9001224495961166
11 27 12 4 76036 1.0457384456581322
21 26 3 3 99630 0.900902694295704
5 20 18 3 90198 0.9086117202229363
19 18 26 3 69703 1.065186099290317
4 11 27 24 91359 1.0995979172701367
3 12 10 18 52149 1.0101493511009871
10 21 29 29 81420 0.9229582166654229
25 29 25 12 65544 1.0889966393282184
20 13 29 23 57953 0.9143262527448949
15 25 1 14 71400 0.9135730166806366
12 21 1 26 51371 0.9185198182234197
14 24 26 1 89423 1.0882494557776266
19 21 29 14 59804 1.0475333338710298
24 14 24 3 52385 1.0297934904381572
28 18 23 5 67364 1.0529584993542263
24 19 22 8 37952 0.9839144408214499
12 18 9 5 56406 0.9112686376606668
1 28 16 0 106983 0.9944940315220954
25 3 19 18 66414 0.9406586097735672
9 13 14 28 51899 1.0256518737301208
15 2 28 29 103870 0.9121050372156774
2 25 25 25 51107 1.063194459856905
12 10 6 29 72554 0.9690536053814832
21 17 22 6 37322 0.9582649276443873
4 4 17 23 79502 1.0169283785822976
15 2 24 12 57514 0.9698814491252464
15 18 20 4 53843 1.0340290406348038
1 10 21 8 86469 0.9858743596882488
0 26 20 1 108989 0.9412516250175451
20 15 2 4 84331 0.9442503136349449
3 22 9 3 83921 1.0969656472451124
12 22 22 15 55800 0.989517693185985
16 22 26 18 53476 1.0277395415231068
3 0 19 28 111951 1.022591153665225
28 24 1 27 65378 1.0817348247204523
28 21 0 23 74045 0.9214871649212749
15 27 10 8 74760 1.051938290852254
7 3 28 25 101742 0.9291294041516566
16 17 5 29 63680 0.9806997819799425
0 19 16 29 72355 0.9817349600633487
23 28 12 1 88758 1.0596923111476675
11 14 16 5 45226 1.0197233807037955
2 24 9 6 84694 1.0291697667043518
24 2 0 23 120775 1.051819261322472
22 25 6 17 60183 0.9106641224037461
13 0 14 23 59590 0.913996813227485
17 13 28 19 58449 0.9025283915053094
26 4 12 14 67857 1.074992917754165
28 18 4 28 76521 0.9362947487725392
8 28 1 21 43326 0.9309051733799245
5 21 1 27 29415 1.0751133037312897
2 9 27 17 118683 0.9035182192195356
16 7 21 17 59328 0.9599837328478383
17 20 12 28 46299 0.9989034791793134
1 20 15 24 42026 1.008386560752143
3 27 27 6 116575 0.9650202794671118
3 13 27 14 94624 0.9189502064128117
8 29 2 2 111635 0.9683505360688585
3 23 23 4 97725 0.9786834701218967
19 7 13 25 60475 1.0408843383847717
10 26 3 14 59902 0.9088608637211014
19 17 27 2 74540 1.0634950718907556
13 9 22 24 56236 0.9336842340636191
1 16 21 19 91125 0.9549906473490449
25 4 26 29 91778 0.9992949154669638
15 4 26 7 45126 0.9088942836027026
2 13 7 0 67769 0.9840273756188764
27 1 5 2 72436 1.039175715751531
23 25 13 27 33796 0.9320082943071503
25 1 22 28 86921 0.9520292232826918
25 18 28 8 50900 1.063277371968646
7 21 28 9 116039 1.0468684433255473
20 10 13 16 42121 0.9020368648576449
7 5 18 6 38027 0.9584013668147928
9 0 14 25 76099 0.9205038511630809
17 12 27 13 57697 0.9690548274881003
9 5 23 1 49947 0.9700392570284587
3 26 14 21 37170 1.0473419521539682
12 3 22 15 62250 1.039633213161936
21 29 28 12 74492 0.9280819966294572
16 15 9 24 39276 1.0874596122228406
7 10 5 20 44292 1.0229167291424766
28 21 18 9 70589 1.0521734511218852
4 1 5 26 91604 1.0560339241923629
14 18 28 20 56281 1.0270396618244155
9 18 15 8 51389 0.9945644721012724
7 16 14 3 60601 0.915780750164527
5 26 5 6 76338 0.962910315530443
17 19 3 1 83182 0.9228151559470616
2 4 13 19 71875 1.0860580825310184
10 3 5 21 76899 0.9911804802882126
21 4 29 6 29267 0.9252409048548953
17 4 2 5 44097 1.0741947632241402
16 28 4 8 93390 1.0292280733622117
18 14 17 26 59603 0.9432039925563174
28 23 22 14 39621 1.0518485651771576
28 23 11 17 64951 0.960985621286309
28 11 6 0 97916 0.9340234592849241
3 20 2 9 53107 0.9527434167224295
14 29 2 16 70652 0.9096188819905874
18 6 21 23 61989 0.9667475229468054
8 28 27 12 110702 0.9589354547602615
23 24 17 17 45505 1.0389445454478368
12 27 5 22 38506 0.9135332039380909
22 26 10 18 53227 0.9045274993422502
17 1 4 21 91100 1.071904006632309
24 21 21 0 74053 0.9292066226064568
6 12 19 20 63814 1.0505511921252761
13 24 25 17 43636 0.9009192569542523
5 1 16 25 89590 0.983870553062749
1 2 15 26 99065 1.0093273098017077
29 0 8 9 95201 1.039244482727588
22 18 21 0 57976 1.0188669553769332
18 28 10 2 95106 0.9499296303041415
24 3 5 11 80758 0.9612791065093069
18 2 21 9 29982 1.0657384679903257
9 3 4 23 80301 1.0782217007632207
3 24 25 6 99168 0.9992797521592115
4 24 10 13 52609 0.9083485707247213
25 4 22 24 64434 0.9878666182293321
20 28 15 7 75649 1.0968251027935938
12 16 1 19 67681 0.9611090110406767
28 8 6 11 97073 0.9547579081040581
14 18 1 3 67497 0.9503108839556244
8 17 26 7 97892 0.9308889010859943
12 2 1 3 44121 1.0281117869557295
15 13 19 3 36117 0.9808084325989808
14 7 26 9 60360 1.0011411667132084
4 17 15 15 50947 1.0126349386638964
8 9 20 29 91653 0.9077001419223258
4 21 24 24 48199 1.042794542369236
27 1 17 12 55940 1.0510723268591735
7 18 12 7 73820 1.072480370984899
2 17 16 12 68546 0.934439603706526
4 6 15 26 90226 0.9923169376258609
1 7 23 2 87590 0.901457310154509
27 1 1 7 96047 1.0014896466835788
8 26 16 19 46043 1.023289983664669
22 23 6 3 88878 0.9331229407417113
11 23 26 19 51854 0.9950181222780912
15 10 27 1 58247 0.9576969047798479
20 23 5 2 92339 1.0573963852311237
27 20 14 4 81290 1.03057220895271
8 5 11 19 60367 0.971326102851874
17 21 11 13 44529 1.0411256923162187
25 26 14 11 56576 0.9380304083051088
17 4 9 13 44835 0.9126792596902846
23 1 28 12 57406 1.037637743027002
0 26 22 4 107373 0.9196941440326317
19 0 16 14 45694 1.0538547212722267
26 1 26 17 79042 0.983906665824988
12 21 21 2 84779 1.0997069396516586
24 21 19 16 37910 1.05485083411387
22 7 6 14 71706 1.035801615412331
15 0 19 14 50826 0.9569414498432448
23 18 0 22 75454 0.9517084710880167
7 21 29 26 69833 0.9761468823759459
29 10 26 23 59687 1.0891844934141701
7 7 16 15 61719 1.0674896184126794
11 19 23 22 47150 1.0461132500726933
5 11 19 7 63870 0.9684280542777497
8 10 7 0 44489 1.0593764880841496
5 8 25 0 82163 0.9817596609967165
1 26 16 1 94093 0.9459024272109816
18 1 29 21 87212 0.9103843929249719
0 15 17 9 73458 1.032006197314009
25 3 16 6 36757 0.9267981653203538
5 21 5 9 49537 1.01456827835516
19 10 10 16 50489 0.9492291861690818
24 20 6 16 79172 0.9425403848882843
4 29 27 25 61399 0.9335526259333455
9 17 11 5 61571 0.9904386095775387
6 28 17 9 76120 1.052566778454802
1 26 24 1 114980 0.93993224371483
12 0 9 23 80744 0.9023260904923892
10 19 17 5 54715 0.9878014254720361
2 25 1 2 95326 0.9714733061950154
11 12 27 24 69674 1.005212111613937
9 10 16 25 60257 0.986138930532453
2 24 21 16 70155 1.0682429791068428
25 0 7 29 128555 0.9519777779280184
1 26 3 6 83368 0.981418780034488
1 14 20 20 85753 0.9147501473303778
1 5 26 27 122702 0.9499934995897625
23 17 8 23 56150 1.0361221602906519
