6481 6525 8121 6693 8214 8198 7147 7755 6351 7695 8000 7240 5982 6703 8084 7450 6898 8004 8762 7837 8827 8152 6062 6531 7313 6528 7659 6720 7252
5969 5342 6959 6712 6235 4955 6240 6600 6962 5612 7362 6969 6602 6150 4863 6209 4733 5427 6244 6169 5981 5755 7378 7214 5496 5299 6822 5247 6677
2706 3357 2032 3820 2956 3653 1942 2493 2769 3297 2252 2593 3878 4255 4555 6420 5404 6471 5194 4292 5131 3729 3921 6087 4143 6276 4644 5190 5018
1524 3116 1929 3645 2140 1793 2770 3828 5998 4478 4222 5443 3791 5015 6539 6372 6313 4797 5425 5821 6472 4116 5373 5326 5704 6481 6260 6236 4774
7175 6301 6666 7745 8299 5628 7490 6922 5625 6090 6846 6017 5931 8247 5929 7742 5617 7474 7725 7509 7258 5565 7172 6173 7269 6903 5712 6898 7640
4444 5817 5754 3666 5662 5657 5987 4917 4951 5259 5542 5215 4547 5049 6069 4412 4165 4114 4365 4126 4627 3889 3924 5148 5386 4013 4324 5511 5000
6038 4476 5176 5153 5122 3508 3784 6128 3806 5058 5955 4905 5160 3578 5733 3560 4058 3307 3309 3477 5258 4796 4768 4518 4136 5349 4809 4377 4888
6212 6415 2150 3668 2368 4030 3638 3564 2743 3670 4294 3912 4066 4052 1999 2775 3813 4216 4671 2331 3457 2635 2300 2765 3027 4678 2906 3176 1971
6006 5795 7541 7554 5482 7428 5260 7031 5423 7633 7165 6081 5796 5111 6460 5988 6077 6545 5240 7136 7246 5821 5178 7770 7201 6865 6207 6163 5742
4327 4859 3883 2514 4481 3229 4189 3508 2548 3032 3948 2795 3021 2783 3243 2592 2736 4892 3243 2282 2835 2871 2261 4556 2924 2965 3445 2647 4083
6709 5424 5257 6588 5035 5547 5148 4888 7187 6378 7121 4882 5584 6933 7242 5622 7249 6480 6588 6195 5675 7138 4794 6415 4856 5429 4528 6894 4476
5590 6578 5923 8184 7618 7397 6055 6288 5374 5924 8232 5863 5911 6216 8108 6016 6724 6656 7973 7238 5721 6463 3685 2713 2401 3185 2558 2158 4933
4707 4083 4749 3643 6566 7413 7254 7120 7928 6682 7392 6413 6367 6605 5933 6021 5706 6909 6432 7547 6209 6770 5317 6867 5860 6193 5240 7570 6954
3777 6257 7207 6149 6867 6172 8048 7349 5848 5410 7373 7456 6378 7012 6270 7333 7778 6024 5841 6377 7765 6457 7176 6800 6783 5578 7784 6848 6779
3978 5591 4919 5928 6413 6577 6371 4594 4110 6209 5978 4376 6551 5428 4227 4577 5442 4117 4620 6167 4664 5351 4487 6439 4775 4998 4466 4705 4756
8558 7193 8948 7050 8091 7742 6143 6238 8405 7548 6427 6523 7873 8649 7922 8651 6656 7802 7189 6587 8480 8033 8480 6808 7634 6903 4767 4288 3609
3103 3620 2792 4728 2432 5062 4006 4005 2761 3179 2628 2225 3737 3894 3204 2899 2992 3375 3846 2399 4165 4138 3734 2506 3753 4285 1816 4369 2280
2628 3481 4204 3298 4439 3195 3215 4382 4581 3377 2357 3485 2878 3464 3285 4585 4065 4541 4420 4800 3139 5386 2868 4271 2802 3571 4482 2692 3515
6664 7848 6932 6993 6899 7051 3963 4272 1904 3268 2280 1860 2774 2089 1994 4345 2721 2522 3290 3836 2770 3344 2622 2777 1816 3281 3509 3287 1756
6121 6786 6054 5183 7374 6903 6388 7627 5707 5671 5377 5190 6360 7093 7330 6308 6720 5590 6569 5237 5478 5519 6210 3950 4770 3965 5126 5779 5334
7563 5213 6668 5759 5880 6954 6846 4838 6248 5817 6566 7299 5090 3776 5663 5306 5332 4793 4232 6178 4675 5470 5676 6362 5629 4194 5051 3918 5848
4718 4491 3096 3866 4165 2467 4555 3007 2265 2273 4577 4632 2786 6485 8563 8523 7014 7949 8443 6378 6316 7096 6824 7388 7713 6542 7697 8336 8616
4029 2363 4418 4354 4410 4320 4130 3871 4166 4834 3816 3726 4383 3010 4630 4542 4821 4878 3060 3509 3831 4357 4749 4464 5000 4920 3173 4419 5234
6765 7748 7065 5943 8596 6214 7330 5780 7054 7946 6096 6519 8333 6002 7572 6840 6438 6666 5974 8630 3654 5616 4462 5277 5302 3545 3982 3152 2987
2163 4306 6461 4818 5500 5178 4325 6018 6242 4915 5319 5300 5643 5840 5904 3784 4308 4485 4056 4630 5027 5500 4185 4297 6111 4124 5377 3707 5233
6488 6219 6563 7267 6242 7845 6896 6339 6153 5506 6943 4729 5379 4735 4286 5076 4897 5939 5760 6207 5206 4443 5881 4920 5455 4451 5819 4559 4723
4873 5945 6667 5294 5347 5485 6234 4741 4139 4813 5649 5242 5923 4924 4029 4487 5687 6484 5939 4819 5860 5442 4431 5505 6419 4943 6816 5190 5405
8853 8474 8291 8487 6623 8290 7691 6102 6953 6200 7998 6193 6265 7271 7796 7029 8665 8300 7377 4836 4718 6893 5543 6012 4822 5705 6075 6613 5034
3155 3214 3560 1731 3103 1960 3144 2823 1208 2038 3186 3851 1641 4231 3759 1892 2546 2024 3199 3577 4251 1937 3727 3526 2410 2515 2426 2057 4027
3198 3847 3089 5775 5012 6034 5753 5046 6379 7065 7358 6288 7200 5367 6188 6593 7436 7088 7757 6878 7845 7651 5262 5554 6803 5881 5810 5896 5497
3768 2181 7349 1728 3481 6931 3974 6631 3095 4736 3748 4559 6731 4474 1926 5995 6889 5044 7954 8291 6342 2205 2386 4983 5633 3594 2195 7276 5211 6188
2312 3852 6744 3144 3562 7753 6127 6632 4679 4640 3827 6748 6808 3338 3041 5952 6919 4934 7420 7710 7095 3000 2704 4605 6758 2154 2853 6422 3725 5808
1781 4263 7335 2111 4852 6933 6406 4813 3189 3725 3423 6151 5259 4502 3497 5420 6644 4851 3962 6416 6618 3307 2570 3027 7573 2903 4211 5521 5506 5406
3407 4435 5915 1401 2538 7477 6125 5267 5269 5224 2188 4429 4641 3559 1996 7219 7477 6953 5806 6700 7299 3705 2493 3598 5741 3323 2937 6465 3907 3722
1273 2920 8385 3450 3260 6301 5039 6130 4901 2197 2381 7075 5639 3101 1652 6372 8125 6759 6183 6915 7008 2988 1742 3560 6652 3529 3741 4947 4608 4718
3331 1980 6097 2439 4348 7405 5005 4696 5420 3208 2601 7036 4603 5347 2972 6626 8581 6405 5443 8134 6793 2612 1904 7427 8259 3539 3550 6825 4015 6025
3017 3474 7283 2089 5061 6343 5412 2505 5215 3857 3359 4436 5095 3943 4347 7028 8272 5019 4881 7555 6893 1941 2925 6716 6079 4508 2158 7573 3003 5407
3686 3530 7130 4120 3339 6043 5375 2763 5393 2232 2620 4478 6461 5518 2083 7479 6573 4908 5830 5292 3576 3872 3420 5630 5860 2813 1982 6118 2962 5279
2553 4556 7619 3036 4936 7856 5995 3141 3933 3772 1690 5410 7057 5713 2674 6460 8703 4745 6036 4020 5696 3128 4071 5282 7480 4194 2928 6229 5287 5357
2385 4597 8415 2658 4397 7629 6289 4511 5471 3197 3209 6350 5455 3575 2271 7198 6673 6036 6038 5462 3679 2296 4111 7070 7813 3263 1961 6523 3243 4620
2954 3354 6568 2716 4061 6985 5193 2621 3378 3680 1502 6774 6477 4195 3857 7043 7801 6388 4265 4817 3931 1389 1665 5192 6205 5419 4119 5167 3062 7077
3437 4328 5750 1856 4442 6583 3887 3897 3451 2509 1911 7231 7061 3237 4171 6012 7248 6836 5764 3282 5344 1915 2949 5143 7866 7515 3482 4962 2940 6576
1840 3896 4624 1358 4851 7051 5627 4677 5092 3974 3944 6978 4217 3651 4400 5922 8336 5454 5860 3895 5796 3190 4182 6374 7108 7666 4647 4363 2929 4514
3273 4473 5751 2609 3638 8180 4264 3979 4885 3376 2947 5841 5897 4473 2852 7166 8475 6729 5649 3456 4829 3199 4267 7841 7008 6652 2251 5272 4059 5800
1567 4424 4969 3107 4502 7309 6319 4294 3964 3770 3366 7534 6532 4975 2741 5193 6592 6167 5158 3661 4471 1649 2868 6347 7709 7279 3930 5358 3637 4480
2657 3765 6869 1554 2908 6457 6491 5258 3598 3582 4148 5578 4628 3255 3136 4437 6400 4649 4927 4029 3581 3691 2423 7751 4699 7130 1931 6630 2406 5628
2450 2179 4449 3127 5056 3733 5283 5278 4276 3160 3438 6819 6593 4354 2694 3822 7861 7090 6550 3044 3475 1817 3450 6639 6230 6952 2005 5501 4312 5475
4072 3615 5757 3358 2579 5017 6460 4124 5166 4349 2106 7923 5818 5851 4086 4345 7661 5920 4350 3260 3875 2955 2355 5884 7095 4965 3418 6992 3963 6152
3448 4053 4953 5912 3898 2581 4998 3421 3177 3430 1418 6895 5110 5403 3056 3499 7050 4474 6215 2960 4128 2142 3468 5100 5656 7597 3122 6359 2705 4559
6217 4305 5108 5106 3298 3483 2354 4842 3722 3148 2046 7449 6140 3446 2646 3558 8706 5035 6116 4254 5613 2539 3644 5820 7069 7038 4213 4717 2703 5067
6427 3113 4730 5824 4504 2529 3499 5133 4852 3283 2313 5971 6603 4689 4477 4100 4577 6385 4530 5493 4402 2682 2309 7438 6233 6291 2941 5291 3348 6365
6449 3640 4958 5151 4292 5165 1304 3042 4994 3749 1906 7954 6479 4276 3989 5189 4162 4442 3941 3507 3510 3128 3867 7673 6468 7446 3675 4893 2598 5427
6825 2133 6772 4555 2963 3244 2725 3786 5269 2986 4212 6716 5698 5292 3604 4619 5863 4829 4222 3221 4505 3471 3404 7177 6315 6177 4697 4586 4304 6872
5590 2866 4892 6835 4714 4080 3692 4962 4974 4298 3135 6426 6099 3179 4393 3880 5780 6384 4465 3242 4954 3635 4448 5920 6172 7102 1848 6567 3510 4726
6565 2610 4532 6177 3752 2977 2943 4507 3556 1872 1661 5753 6263 3393 2583 5365 4187 4626 6349 3965 4322 1212 1968 7595 6129 6968 4783 5403 2708 4799
5413 4595 6168 6736 4719 5112 1286 5118 4645 2886 2545 7888 6895 4191 3021 3854 6755 7184 4931 4557 4420 2890 3802 6237 6720 6090 2195 5076 3537 4799
7482 3262 7228 6019 2785 3829 3476 2481 4793 4005 2087 8095 4421 5302 4385 4455 4250 5338 3901 3070 5405 5820 2959 6688 4705 5330 3779 5734 3091 4779
6167 2370 4573 6883 4515 4018 2215 4168 5844 1713 2652 7211 5460 5075 3547 6291 6969 6020 4278 3845 3071 5285 3891 6908 5178 7393 4071 5602 2288 6963
5143 3443 7080 4766 4967 4922 2597 5037 3359 1770 2004 8048 5648 7582 2918 4563 6304 7509 4639 4156 5532 3921 3679 7527 4570 5151 2632 6615 4109 6257
15 23 5 11 76884 1.0209183275384723
6 10 16 15 44384 0.9160465105613638
29 12 16 24 78975 1.0618282877444978
12 11 26 17 77763 1.0821401539297433
10 14 23 25 79488 0.9137954511114567
2 1 12 24 101862 0.9002457834444458
21 11 4 29 106241 0.9108391124825832
8 21 16 24 30835 0.92583817910784
2 6 28 26 127581 0.9102204105936601
10 29 1 10 85847 0.9917950258148099
26 4 16 2 43936 0.9794787813535448
7 9 3 19 59529 0.981722653325989
11 28 15 20 40602 0.9596773038162674
10 7 26 5 66377 1.0430543877149603
15 0 23 11 61005 1.004054864859515
9 12 17 16 39796 1.0776550290623648
23 11 2 9 66121 0.9677609375318633
25 29 4 27 81028 1.0356466462425802
15 18 26 17 58105 0.9846561247421398
12 29 27 15 100034 1.0267642574594293
16 15 3 26 69878 1.0076399249914292
11 0 27 5 70040 1.0910614450939855
24 28 9 16 77893 0.9583431796109547
21 3 28 12 44389 0.9015097446176952
29 22 9 16 75672 1.088441931456918
12 27 21 4 92252 0.9416064927892559
5 0 18 1 39393 0.9331810096424018
13 13 25 15 51555 0.9741909590932427
4 5 21 24 119391 1.0563091911635252
20 6 4 10 59981 0.940087852404225
9 19 14 25 38158 1.0150868593184716
24 27 13 3 108306 0.9750704149488544
29 22 6 20 73883 1.077783374892446
26 15 15 14 41714 1.0894492911556504
21 21 2 26 66548 0.9271776534173172
23 25 8 4 115687 1.0869333939777757
0 9 27 4 100272 0.9589107149271292
3 9 19 12 55138 0.9839135273264714
9 17 20 29 67245 0.9496164168313163
1 28 29 0 156622 1.0591890414625513
2 3 23 15 97213 1.012168031086316
10 26 17 3 94394 0.9981672638690419
19 10 12 7 33634 1.0577872844025675
12 10 17 15 32868 0.9791703227037966
0 29 13 14 99628 1.0221630785384073
22 19 23 2 76196 1.0446966950211658
0 4 29 2 97810 1.0375044176363555
18 26 7 24 40359 0.9420404474113739
26 4 28 24 64923 1.01089142201288
2 9 15 20 77053 0.9846358588092943
22 19 19 26 34793 1.0037328705534805
9 4 19 13 59875 1.0309031595023974
9 25 29 26 68665 1.0482506015877098
24 3 11 26 106391 0.9280021875703637
11 20 4 7 66763 0.9111842291526545
11 15 14 22 50161 0.9162465850528293
4 20 13 24 51022 1.004154212788805
22 18 13 8 64687 0.9596507946788979
10 23 20 26 42490 0.9763033352684227
21 14 12 3 58652 0.9515629592190872
8 10 5 26 62255 1.0901737438985406
3 19 28 10 107096 1.0331086876405393
7 22 16 11 59700 1.006436129327313
1 6 28 7 91505 1.0017329591091888
9 12 18 5 53772 1.0967832403843
27 1 23 10 37231 1.0872937289767184
3 23 4 0 94139 1.0095965148506416
23 12 7 19 79698 1.0858747231275325
18 7 1 16 81368 0.9428128076961153
13 16 16 28 61509 1.039469221462396
6 1 13 16 80581 0.9841113018063209
8 17 4 1 70141 0.9268955295150612
25 14 7 13 63765 1.0544992154861366
3 1 17 26 114535 1.0331049892134077
16 19 23 29 50617 0.9831346276409331
28 7 17 18 54979 1.0229192534908205
3 26 28 15 103520 1.0092737175772455
17 18 19 6 43340 1.0732884971944876
11 15 8 5 51145 0.9199411173193855
5 12 3 0 46547 0.9175809141143803
27 22 8 22 59056 1.0769393897880077
16 1 19 25 85891 1.0292321219865117
27 23 13 11 89415 0.9737361064540999
6 29 26 21 77747 0.9501839868446389
8 11 17 20 58117 0.9317507276685488
18 1 7 10 55875 1.016840687051646
18 7 25 19 59961 1.0859559145295874
27 5 1 29 149043 1.0041790027349815
23 17 15 1 82459 1.0234605964910555
28 28 3 16 119740 0.9692830452188902
9 0 23 13 83370 1.0637600358703714
10 8 27 20 91558 1.0881280372477713
9 23 11 10 44213 1.0674329962224682
4 7 15 26 96929 0.9033246745332392
2 10 29 17 97423 0.9994049776103202
18 4 7 8 48743 0.9769842986166476
16 1 3 6 46383 1.095873656946865
29 24 2 20 94512 0.9685765681146861
1 6 20 2 74119 1.069470693595172
25 6 3 12 79616 1.082522451119625
22 1 1 0 63277 1.0389968308227826
16 13 24 6 39732 0.9618331219839314
12 22 26 4 93790 1.0707797945539994
2 14 21 16 68363 0.9899602349726613
11 8 13 21 57589 1.0923326372384712
29 23 3 27 101673 1.0574390352949181
18 9 4 26 85786 0.9067233669718086
13 13 2 6 53185 0.9069234130353137
2 18 29 11 113998 0.9268311518473089
8 29 29 24 84761 0.9619576422555289
17 28 20 21 29113 1.018863401123986
28 15 13 0 87475 0.9338632231259433
6 3 23 7 61264 0.9961379098079344
4 24 27 21 77741 0.9773417273896597
15 0 24 28 113299 0.9684989726082054
20 16 28 4 61611 0.9375883958938254
5 28 13 20 50142 0.9728232077055224
4 14 9 4 47262 1.016722546726642
5 6 6 21 62798 0.9110046636737272
19 4 1 6 63962 0.9869433152632091
29 3 20 23 89191 0.9446399404339665
15 0 26 26 114809 1.0744633255222305
21 4 25 24 88406 1.0372150410686551
15 20 16 9 37959 0.9176029912683862
17 26 8 4 98043 0.9955202352189838
17 20 28 4 69837 1.0274595829449826
5 0 5 12 51227 1.0941652483205166
28 24 8 1 126298 1.0797558377827157
2 21 20 14 70834 0.9633122478313509
12 27 12 0 106791 1.058681179801428
21 25 3 21 71005 1.0084061567113167
17 9 22 21 46455 1.0500059240713244
10 6 26 13 79545 1.0204114175382235
24 6 25 21 65538 1.0569371424971314
2 25 12 7 89103 1.0815176253640661
23 1 27 19 68658 0.9666844843189719
13 3 4 17 76163 1.0839583022483372
5 25 4 5 90298 0.9647829227677485
17 26 28 6 80927 0.9833979310732898
4 24 11 1 101881 1.0360057973011432
10 26 22 21 50114 1.0766870192259326
18 7 7 2 46562 0.9957643739638979
13 16 20 13 38590 1.0237267777144312
20 18 14 25 47954 0.9942228230767641
0 2 25 27 153594 1.0511908568366668
6 28 28 20 86981 1.0235347612607604
15 27 22 0 99263 1.0636152618637242
21 8 15 3 36057 0.9214461069291113
16 4 9 14 55019 1.0435939924497077
7 21 26 2 112202 1.0915839253901478
28 22 20 6 66447 1.0434561260675612
14 20 6 10 58692 0.9451424968781356
17 3 6 3 28230 1.084797682298804
25 1 5 11 88784 0.9062697294141384
24 7 21 22 68053 1.0135550432503388
8 4 0 15 63333 1.0530003361705849
21 18 26 23 35335 0.9818240445350053
9 23 22 15 62365 0.995859612604928
17 8 9 6 40306 1.0176462034072624
15 8 24 28 85287 1.09519638258101
27 24 28 13 39847 1.0157180479466457
0 16 10 23 69403 0.9320724109221004
16 2 25 1 32134 0.9142184300199676
2 8 22 22 95647 1.0615000820161726
16 9 7 13 40788 0.966493815109597
21 0 3 5 66573 0.9947785203081425
6 11 12 29 78287 1.0658029076703133
10 26 1 18 56398 1.044262107361053
16 2 6 10 49820 1.0879177226163443
16 18 3 12 60428 1.0735390287563091
23 6 3 5 69148 0.9573699586561516
3 7 16 15 65858 0.9157422209487369
29 18 0 27 118615 1.0901050024943617
20 26 27 21 46999 1.0342012105909353
23 8 14 11 39614 1.0425425960138597
26 1 8 25 120384 1.076150259164465
15 9 7 22 66323 0.9453184660933869
5 26 9 7 69653 0.929723603220143
17 19 21 0 67815 1.085726016156896
10 0 6 6 38053 1.059883657129575
3 14 10 25 53422 0.9689466524521015
14 6 23 5 43307 1.0606017530941878
11 22 1 14 52732 0.903498050958438
7 1 10 11 46854 1.0602442199358313
29 20 0 4 128399 1.0567873502849792
6 22 11 29 36334 1.0563455808741764
6 15 0 8 42668 1.0330725346025396
29 27 25 17 52633 0.9985537778790814
10 8 27 11 63927 0.9092391770028745
27 14 20 9 40210 1.0554960311857253
28 5 8 5 75332 0.9503425865037806
24 12 6 8 67863 1.027411466199823
20 23 13 16 57507 1.0134961466653742
3 29 26 27 89710 0.9075047119292807
18 20 4 28 63066 0.9591360578024847
5 17 26 25 94295 1.0859509874259032
29 16 8 0 108840 1.0241707129415718
21 19 5 25 67188 1.0236402555758584
17 10 23 28 68881 1.0156712316008203
15 21 20 9 48225 0.9581846649645207
7 3 16 5 30174 1.0144981487020803
1 17 12 6 76248 0.9808272623337602
17 20 8 5 80063 0.903572511818912
10 17 15 12 49369 0.9407069494740978
28 25 12 13 90611 0.9349020326480365
29 13 14 19 72852 1.0545355992304861
2 6 2 22 64675 0.9553457982857256
27 11 25 28 65696 1.061212627794865
28 29 12 13 101636 1.0585037118270915
24 15 18 3 66820 0.9458618548976443
28 1 7 6 78198 0.9499422255037298
15 25 18 18 35929 0.9644706055656495
28 20 21 4 63392 1.0455989043612117
29 15 20 9 44985 1.0779175027879788
22 14 3 29 104623 0.9049732571561538
7 5 4 21 64772 1.010766145212702
27 7 4 0 89094 1.0048131634760666
13 18 3 29 75290 1.062685935128929
13 0 2 7 48934 0.9096456478155158
23 24 11 27 51717 1.0868854842050517
7 21 18 17 41519 1.085499296947856
26 14 2 4 98162 0.90097660308891
10 8 16 28 86739 1.08465794004366
11 11 22 1 68884 0.9849014250444608
23 14 16 18 37022 1.009633931325214
15 12 7 0 69521 0.9350416197675286
0 19 18 5 116462 1.005208042836009
25 12 16 25 74802 1.039330971879644
28 15 18 24 57289 1.0007970163014281
14 21 1 10 68448 0.9018245858793913
15 5 3 1 51025 0.9302947644592936
14 21 4 18 42843 1.0017084114150103
9 9 4 24 64719 0.9977667233072494
27 11 2 10 74154 1.0973027103557265
11 19 12 0 83802 0.9413848951107716
20 7 28 15 47544 1.0288937444109105
14 16 17 1 61929 1.014281071836283
25 14 17 19 42880 0.9784348543273499
5 27 10 7 78488 0.9697174407590775
6 23 10 0 89849 1.0886350975278039
17 25 28 21 47877 1.0418335708240034
28 4 14 22 82933 1.0107138640551472
21 2 26 7 31778 0.9075625291756482
2 6 22 21 95725 1.0971696533813473
2 6 24 6 79595 0.9445661431728831
7 15 0 3 55243 1.0116334052345117
16 18 23 21 29144 1.0460127725206994
18 21 28 3 70463 1.069514832343457
27 26 14 22 52845 0.9546456884617115
29 20 0 20 98526 1.0269342118770197
18 26 14 14 47369 0.9943357200453249
13 13 11 27 62453 0.9536732112374784
26 5 13 16 73427 1.0434236104191847
6 25 26 18 82653 0.9194223061465996
16 3 1 18 92685 0.9655935962761572
6 5 6 18 53011 1.0237945383418923
15 22 27 27 56052 0.9396081885837593
10 10 24 15 59109 1.0806020056272745
1 29 24 19 103715 1.0638480751258097
29 12 14 12 58217 0.9829827613685963
18 20 22 8 43020 0.9429225993139828
8 9 14 0 49926 1.0854613489257792
12 25 10 1 96171 1.0938587993998796
4 10 6 28 72417 0.929794904614737
25 15 2 10 82317 0.9679253455990615
25 8 1 13 84002 0.9341802018881551
7 0 17 11 65755 1.0068906307873158
12 3 17 20 69475 0.9230652789740664
16 28 23 18 50561 1.0560382233096284
5 0 27 13 107763 0.9300958936911695
0 23 2 10 65326 0.9407246927717379
25 14 12 17 62317 0.9903068874015385
18 27 4 29 58823 1.0327889571415003
22 15 16 11 34976 1.0397884996984532
8 16 24 7 78768 1.0691328706016168
21 26 22 10 62280 0.9599769208616675
2 26 3 8 83856 0.9697407463462877
18 29 28 29 36575 0.9970682357837651
13 16 1 6 75739 0.9311389561189413
17 24 23 9 58104 0.9804716977977255
18 13 19 25 41723 0.9314383534849973
29 8 1 11 84413 1.0003105518299475
1 12 22 29 114564 1.058407456429212
11 9 27 26 101428 1.0378596367283701
29 9 9 18 80364 0.9620508551986539
4 3 25 2 72137 1.0912497008015773
4 21 28 2 110665 0.932298394898906
18 19 15 12 33911 1.0599093512533597
27 17 14 29 85926 1.0699872691216425
20 2 3 14 90689 0.9382865404410472
5 7 4 28 89877 1.0560671753366984
10 23 9 12 39403 1.0936176623148515
8 29 25 10 100382 1.0865685644110428
10 4 12 13 46155 1.07884024449656
24 6 6 26 100825 1.0173374459019646
0 24 27 24 102621 0.9342081835058313
19 5 0 21 102379 1.0045228273703635
20 22 11 10 62492 1.0089435752197742
25 6 3 3 69998 0.9459071387086286
12 16 24 9 59949 0.9409865550516399
27 14 24 1 52074 0.9853467505247497
5 11 17 8 47055 0.9187509738980321
0 22 19 5 101980 0.9433573987029835
2 5 23 20 106503 1.0145208877609753
23 2 22 22 87893 0.9174300146488724
22 29 19 10 69123 0.958591808859466
23 26 18 21 32488 1.0185513110086735
2 27 10 12 74810 0.9485789729516367
25 24 11 14 79005 1.0638091763712902
24 14 28 3 42452 1.0929144392046182
15 1 11 16 79924 1.0954139032900443
7 20 18 26 46398 1.0069055184522062
25 28 21 8 83308 1.0602256411309865
0 5 14 2 53839 1.0836821238853116
18 2 11 14 68490 0.9269099529188084
19 24 5 20 52680 1.0132150449694814
5 26 29 16 101254 0.9960259471361763
8 11 3 20 57488 0.9581083774894685
3 3 28 13 94866 1.0523324314135238
19 11 23 20 52712 0.9119493060930418
22 26 22 3 90537 0.9489644770155434
11 27 3 10 72398 1.052915088310628
24 29 28 11 66426 0.9998324357755585
25 22 14 24 45130 1.0634170012904147
20 17 9 25 56640 1.0411840816826519
12 7 10 20 55331 1.086525718995829
20 28 17 19 35910 0.9726601756776034
24 12 6 4 81426 1.0379577222094551
24 21 7 14 66278 1.0475436365271626
23 27 7 12 92349 0.9229801917722
8 19 20 4 88597 0.9901201136292263
13 11 10 26 69847 0.9054882333703101
11 13 26 19 75480 0.9339914630852596
2 16 18 0 94678 0.9849399498715719
26 27 9 11 100653 1.0577768669343186
29 5 3 6 91435 1.0762708761960136
18 20 2 27 66599 1.094013619147645
14 22 28 13 70737 0.9431952905947764
18 11 11 8 33508 1.0590260277604033
20 27 16 20 35163 0.9151112168530898
24 11 29 18 42033 0.967454485564558
27 9 11 20 82141 0.9627324853375095
5 9 12 21 55015 1.0090333947155332
9 1 27 9 78070 1.099682840603251
16 6 6 1 46977 0.9732731086513937
0 24 29 11 124871 1.012134686660311
21 29 6 17 84401 0.9962275230083961
17 28 7 0 119622 1.038988828770661
0 8 10 28 91384 1.0106362418379737
4 22 29 15 91416 0.9990606293883126
7 24 10 3 74425 1.0653332719596516
2 24 3 5 81828 0.9216969876177589
27 17 8 22 79026 1.0606675673224137
16 10 1 22 76666 0.9849512456987928
24 7 1 15 90827 1.032848877548511
12 23 17 0 95951 1.0330442262450297
14 2 28 1 52521 1.033041425291415
1 0 0 29 130941 1.0347992728236992
0 16 4 25 61750 1.0927984270043867
2 20 12 8 78130 0.9364486827980874
29 11 14 29 99761 0.9023384871344285
17 10 22 25 61648 1.060761061519322
4 12 26 17 98337 0.9680356609466241
27 11 17 12 37269 0.9994958144104371
14 6 3 14 62698 0.9017795723672116
29 11 0 0 109980 0.9216635616078616
27 11 16 1 66575 1.0685563695419893
1 25 12 12 78750 1.0840831774923914
20 0 18 15 57635 0.9434493355404676
23 20 11 5 97662 0.9154014991925283
21 0 26 29 112514 0.9278852347706118
29 4 6 12 87400 0.9113553133143228
29 0 13 23 109522 1.0649872220515157
7 28 1 10 76018 1.0675282895594442
23 13 26 28 67485 0.9372698801512297
27 7 4 14 87058 0.9928643411765128
29 8 0 14 93358 0.9836422249887917
10 23 13 4 84384 0.9831297804708021
6 24 12 12 61955 0.922973633612178
16 27 13 8 73983 1.033137446480591
17 15 7 18 46967 1.0710554590851102
18 14 15 4 38054 1.004829296652789
6 2 10 21 71922 1.0226753485973408
13 14 8 26 55027 0.9189302143270601
3 9 16 21 71016 0.9438101337983127
1 9 16 3 56777 0.99390684794683
17 10 24 18 50430 1.0945613211795384
12 2 2 5 37401 1.0601043149821858
8 20 3 4 70609 1.0608382661059839
0 12 11 17 57868 1.0625374620887418
16 21 7 23 29264 0.9135320733081217
12 4 2 25 102873 1.044742211488931
9 24 8 6 61547 0.9652421839627352
24 5 23 17 60662 1.0578020025823027
20 29 14 18 55538 1.029960270053037
16 5 14 27 83120 1.0301612963467561
17 3 17 21 61151 0.9266874858278126
1 11 21 11 64187 1.0120710115177138
15 16 29 23 70794 0.9390306527212338
24 18 17 21 31305 0.9300882757025984
22 7 7 11 51539 1.0634834555648653
15 25 11 15 69215 0.9205486755972428
17 2 19 25 80556 1.0425176230167548
27 4 23 11 36967 1.0407542007298678
2 5 10 7 39421 1.0663697307316162
22 21 22 8 53206 1.0830067991867642
2 26 27 18 101403 0.9887739717052908
2 15 20 26 88875 0.9403183816129959
17 18 17 28 38431 0.973626352660352
20 29 14 23 44131 1.0283048994796231
11 28 21 16 72056 0.9774343640363957
20 3 2 3 52007 0.9246818269411816
2 4 27 19 116092 0.9344257499663123
14 9 2 29 105658 1.035312123672862
9 5 26 5 67229 1.014369063819221
2 21 9 2 82503 1.0719023039129802
28 28 7 0 140417 0.9778948540209942
26 6 3 0 77853 1.098083032433179
24 1 27 8 38216 1.0000127350399612
6 10 4 1 41302 1.0816149350646724
5 15 22 25 88524 0.9785347104507707
7 14 27 1 93001 0.9612274898727566
23 13 27 0 60489 0.9435306664787958
8 20 27 1 110239 0.992935320025715
27 15 27 5 38150 1.0009776542323774
2 17 20 23 80569 0.9446671730932877
16 12 21 23 54567 0.9206469239253042
0 10 22 12 67633 1.0361084386765937
24 21 4 6 104688 0.915185758825941
13 15 8 2 67594 0.9175683594844547
8 28 29 0 132935 1.005509080895707
28 9 20 0 52895 1.0397622882398743
22 19 3 7 95803 1.0004463593095732
18 10 27 21 58000 0.9278207013482834
28 18 2 5 106092 0.9639781792080968
22 0 12 27 110564 1.0115954411003427
8 0 2 12 49169 0.9509127305494808
17 17 8 19 44627 1.0809107908367668
18 27 29 22 51444 1.0865594423940765
2 2 9 26 91171 1.0119096324306929
23 9 9 27 86389 0.9050100841558476
26 29 2 7 134746 1.0843181159000295
1 12 3 0 41263 0.9496920591247027
29 6 10 15 79967 1.0425901051593611
17 24 1 5 105886 1.0520278492971906
28 14 18 27 69654 1.026680658480329
5 6 16 7 46435 0.9891112067068594
4 16 20 14 63309 0.994312129649908
15 1 6 13 70061 1.0141431145561093
23 20 21 10 46786 0.9895568508711896
9 7 29 7 70740 0.9280547089827752
15 19 3 12 65809 1.0882275136738109
14 22 20 16 41460 1.032871806141706
16 29 12 23 36409 1.0758488745841435
2 4 22 3 66802 0.9438714121571198
4 28 19 8 99126 0.9547003754886272
9 13 20 16 47348 0.9244945893921905
9 23 5 10 49772 0.9000264505919077
2 22 9 7 63923 0.9489238315474366
16 26 6 29 40691 0.9053176374788295
9 16 16 6 53360 1.086205771939309
21 13 2 5 76759 1.0377154393333505
2 7 12 15 55600 1.0847569436620634
27 7 8 11 69638 0.9991810653803667
15 11 25 0 66269 0.972792731498093
22 2 13 23 92554 1.0769009238666787
16 11 27 8 40945 1.0007089537874962
6 7 26 7 76084 0.9178700602717034
17 4 25 28 97410 1.0639611019564383
16 25 8 0 104953 0.9976108861805394
13 20 9 8 55865 1.062435723243581
24 2 7 29 127989 1.0434887747212491
20 3 8 19 90135 0.9002325585414238
28 1 13 8 70607 1.0794935158212093
8 19 23 3 96661 0.980172664868535
25 3 11 24 108341 1.088418715456798
20 19 19 29 40771 0.9401850084865057
1 11 3 23 65618 0.920748089356841
28 0 10 13 87831 0.9881825139784376
22 15 1 27 103992 1.0321922278125832
26 23 0 7 127813 1.057939068981217
2 6 15 1 55110 1.0202774424578884
24 4 19 15 50084 1.047765654137478
27 15 29 4 42202 1.01109726573909
18 0 6 2 44405 0.9673115135907461
7 3 23 25 117630 0.9628429079976308
21 15 3 1 90434 1.0703224603585744
26 12 28 21 37001 1.0685469413056408
1 22 14 2 97156 1.049477589294323
8 3 24 10 64766 0.9823646848348989
12 3 1 14 62825 1.0101331532912075
26 24 5 23 77479 0.9064104724749136
15 3 2 19 94902 0.9356262925156691
19 20 2 11 78924 1.0725705679908908
19 1 28 9 49637 0.9906482785499686
23 15 8 25 78658 1.0191885112333754
2 7 9 24 70879 0.935183953094302
13 3 6 6 31187 0.9254958006569642
22 4 27 20 67257 1.0139420822900762
9 24 19 4 92683 0.9026729184297493
0 27 29 1 152572 0.9189132423915984
0 19 19 0 125959 0.9761814825172547
16 4 27 7 42907 0.9289540133341456
4 7 19 2 65959 0.9465985864275076
3 2 12 24 96580 0.9592748587313568
4 18 13 17 54319 0.9235280677228196
4 28 20 14 87476 0.9395388071832426
26 6 12 21 76809 0.9430619379890403
19 15 11 17 47392 0.9541270474072696
14 19 3 9 69482 1.0740098839928676
9 13 16 21 41935 1.0660636906434222
15 14 4 24 69432 1.0699047743980956
19 11 12 15 39460 1.08077772625564
29 10 17 22 62159 1.009442237512927
20 27 21 13 61871 1.0400034695965723
28 4 14 24 93859 1.0153741212669356
20 5 17 25 68878 0.9359312889792357
17 4 0 12 80243 1.0952849011736796
24 14 5 28 99331 0.9207670777240462
6 9 16 1 52600 1.029490270607065
19 3 28 20 76117 1.0589637375229708
21 17 6 14 64266 1.03563521656758
3 27 0 20 47556 1.0542132293796638
4 9 5 22 59982 1.0639997567281096
3 17 22 3 106331 0.9432587668195548
28 1 22 22 79347 0.9008400063379459
6 15 16 24 59617 1.0165848955539607
20 10 9 12 36778 1.0765851386512897
15 7 13 23 71439 0.9514603882575324
4 4 11 15 63597 1.0636842073910096
20 3 18 24 73423 1.0723685395162843
9 3 20 16 70060 1.0430388011499314
15 0 11 8 53395 0.9268575941038132
12 25 27 2 116811 0.9263750719992775
26 3 5 10 82794 1.051881255733873
13 28 13 12 76858 1.0742720981807037
2 11 26 1 97207 1.0236924866679595
1 26 29 16 114996 1.0139639155842326
11 9 0 27 94070 0.9865526062866236
25 29 10 21 67040 1.0653202599364575
3 18 21 13 83477 1.0759422181637
29 11 0 13 94705 1.0887500930109122
4 6 17 25 99463 0.9942299883547441
0 13 18 9 64636 0.9344914553588267
2 2 3 21 76714 1.031673304773704
27 16 8 26 92941 1.0147129589219082
1 21 25 21 65463 1.0494211319241316
17 10 7 10 28775 1.09468252832714
20 28 25 23 38841 0.9861592293476062
0 12 10 3 60618 1.0544666066280644
16 2 7 16 64229 0.9515179242119433
24 25 12 0 117468 1.0107572416857598
9 0 25 14 91668 0.9954469489468588
13 4 11 26 93239 0.9733024845859293
24 11 2 5 79336 0.9644855761753736
11 3 23 21 85769 0.9511060216467283
22 14 29 25 59532 1.0272050251898655
14 1 17 11 46489 0.9638462634900289
5 0 27 20 126987 1.0448069270251847
20 13 26 21 52454 0.9389114841286277
21 11 24 0 44754 1.045764678989863
9 14 17 0 63125 1.0657897762881148
11 4 24 21 94562 1.0590287110179433
2 26 22 15 94317 0.9123871951615262
24 13 21 27 72308 0.9756202100074531
27 12 28 25 44180 1.099930666043447
29 28 19 20 58010 1.0106703288588839
10 2 23 17 90739 0.9176892781546259
7 11 15 15 43758 1.0547883261555207
14 6 11 26 89428 1.0703221581111366
16 23 14 14 36629 1.0894287581770794
27 27 14 27 53078 0.962299055441042
17 2 16 24 77550 1.0844668897310976
16 27 0 23 64603 1.0900977300140644
10 25 22 2 104886 0.9873460158740135
25 24 18 6 77941 0.993959075531709
27 12 3 0 104352 1.0881564453337282
20 2 21 29 104690 0.9585079544689448
13 7 0 17 79924 0.9567666761212374
13 18 19 25 46479 1.0231681517215079
13 0 25 7 60506 1.0865888474688772
27 12 10 23 94975 1.0009605180958367
4 26 27 24 83883 1.0678131562617612
19 13 11 23 57534 1.0441290862760748
26 4 6 6 79601 0.9839279496069682
14 11 4 8 42358 0.9121236331750071
17 27 23 15 61491 0.9022653435426784
21 9 2 1 76661 1.0928851642789235
4 18 23 8 92992 0.9264535597060447
4 18 3 7 57894 1.096796892879048
21 0 26 13 64789 0.9801361624065736
22 18 0 27 92783 1.045288048919161
20 11 5 20 78792 0.9128177459030286
29 16 22 5 54734 0.9919205569561906
0 22 1 8 70009 0.9438126731880114
26 13 5 2 99801 0.9214446189892057
24 16 14 27 66733 0.9161348645305655
3 0 9 6 33328 0.9648618317244776
25 7 2 1 83387 1.0147864630534997
11 26 23 7 86135 0.915979419557689
17 28 25 25 37837 0.9987849798403563
16 19 9 5 66333 1.0933679572459765
25 26 25 6 74507 0.928561559805078
17 4 20 16 47777 1.0969365360799392
16 25 16 4 70940 1.0053348184537976
29 13 4 20 104490 1.0441201071938147
27 22 22 13 51619 1.0515335614302472
29 26 25 15 48836 1.0625703198658851
27 26 10 25 61521 0.923094066663927
16 18 5 20 43919 1.0535063956750197
2 26 0 6 95203 0.9103515050684208
6 1 1 17 69245 0.9643363955468347
12 11 28 3 67323 1.0051561279789916
2 3 5 16 51534 1.075376304032861
28 25 9 24 71472 0.9136674516741493
9 18 6 1 65742 1.088717488044298
25 6 2 12 78219 1.054254663688486
21 29 26 15 76932 1.0657455133278977
19 20 12 5 78722 1.0014809432032517
2 22 7 10 53855 0.9235415399926121
21 28 6 12 91158 1.0079998860547796
15 4 28 14 64913 1.04353570941245
28 5 5 2 79838 0.9297068564187257
26 12 12 13 60615 0.9342791787190354
0 29 15 9 120598 0.9841059936098949
9 7 17 16 53163 1.0926247887553997
14 14 2 16 47747 0.9883519922446982
14 4 23 29 103315 1.0498451491894583
13 23 14 7 74332 1.0555582364229332
14 23 20 5 72042 0.9985371643015483
9 24 24 13 78916 0.9052501210704709
27 16 24 28 52788 1.05865374120813
12 28 1 27 44918 1.034273280614717
9 0 21 20 100139 1.0911630408262056
5 19 23 24 70398 0.9791349943877129
1 5 11 29 104495 0.9027992713522769
26 6 23 15 50140 1.0223650866473675
27 7 6 2 77885 0.9051058540958902
7 29 7 0 101502 1.0651626013928135
9 7 23 27 101109 0.9772397563294549
10 3 21 2 39623 0.9551172448582834
1 3 24 8 82653 0.9851054132992059
27 13 16 19 59171 0.9510708000711461
26 19 1 14 98541 1.0889560558141655
4 28 7 15 54376 1.0431265529428453
28 25 23 2 90573 1.0176995101694042
6 17 11 4 60355 0.9970340407130548
15 7 11 23 74359 1.0207289802214452
12 24 3 0 101220 0.9158771856418539
23 5 5 29 117914 1.0451963868213572
17 0 5 13 76152 1.0658414542674017
25 7 9 12 62933 1.002876783310206
7 22 24 4 97805 1.0723566756555927
21 29 7 28 56172 1.019708045084943
20 18 26 7 65086 1.0932764416859144
7 2 21 9 61932 0.923770797976985
26 10 21 18 49300 1.0364800436775634
23 3 12 19 82037 1.056002400958566
29 1 23 12 50919 1.0502874657197145
17 24 16 4 69462 0.9114883190658445
4 2 6 15 59713 0.9929775058756054
11 2 18 29 100122 0.9009734217600104
11 23 0 27 48593 1.0786490643167124
29 11 8 6 77397 1.0972434198887107
4 26 22 5 106019 0.944590833389281
15 10 19 17 32229 0.9226139909724401
15 29 25 28 36166 1.0666447867786435
10 14 0 15 34543 0.9246271787624143
23 26 12 18 65297 1.027971610223561
12 12 23 22 71663 1.0101033928332117
29 12 29 2 36547 0.9138995800655169
10 9 9 23 45731 1.0804857421217289
25 21 2 3 114472 1.0653232203339467
27 28 1 2 152118 0.9666273998305467
21 8 13 3 41773 0.9075108091266058
7 10 22 28 92771 0.9181223596332408
22 10 7 18 64361 1.0959199904095895
8 29 6 5 88097 0.9790313833152336
28 4 2 21 112386 0.9346737984775123
12 0 0 18 100525 0.9318465313660254
13 16 27 14 61266 1.0569488838127652
13 23 18 17 38062 1.0304331749875355
1 11 28 8 81054 1.0952202490024785
24 10 27 29 69022 1.0710803509967484
18 25 11 9 66894 0.9841507573405043
0 12 28 23 118428 0.9818447744371586
9 28 23 15 83521 1.0638518387117462
7 23 0 6 76241 1.0379565862544107
4 17 13 25 68171 0.9195269685447823
17 19 11 5 75945 0.9354048086032337
8 10 18 27 75510 0.9778004271837918
22 1 9 3 43175 0.9760555191656868
6 21 15 14 50252 0.9912154234172567
4 21 16 22 36008 1.0176166149068469
11 7 10 28 75502 1.0542868696116083
19 21 20 0 79261 1.048785842577731
0 26 19 20 71131 1.0473499662343184
7 4 15 19 78149 1.0032845086347593
16 7 7 20 68081 0.9942802851086521
10 26 28 3 110086 0.9148453596734688
12 17 13 27 59342 1.044287519226288
14 15 10 1 71165 0.949448523623251
24 12 26 21 47779 0.9405094379627874
29 23 0 2 146327 1.0169489475614486
19 4 7 1 44481 0.9251781529113537
14 10 7 15 32816 1.0818334960467013
25 24 13 29 63088 1.008411620063302
20 9 26 18 55063 1.0009455696068568
4 5 29 9 90602 0.9207792226493473
0 0 25 9 96391 1.0948615016345624
2 4 17 12 65679 1.0785461078091727
20 10 29 20 55949 1.0269381770637243
5 14 6 27 52953 0.9206966920141904
26 2 25 16 64592 1.005801004015564
10 10 26 11 48247 0.9084796747500292
28 23 25 14 37865 1.0672881485710706
24 26 12 27 43918 0.9807364674814278
4 7 11 4 39592 1.044123263453983
14 23 27 12 82325 0.9121161762530748
4 13 0 21 54743 1.0837767921947723
18 22 26 24 36846 1.0728667652917077
8 13 14 9 34829 1.0705069337056499
4 25 17 12 78548 0.9951381801624455
18 8 3 6 63656 1.0745712657984492
20 6 7 10 51640 1.0310075039464892
12 7 15 0 44898 0.9101575299990432
16 24 3 18 63671 1.0348896846787137
27 23 14 6 95968 0.9322386118311007
2 6 15 22 83341 1.0552458358549945
27 5 2 3 82709 1.0542570311747177
1 4 14 0 47218 1.0300280072150094
18 2 6 22 98483 1.008740954685606
7 3 13 10 38557 1.004550060682102
17 0 11 11 61940 1.0971878479638608
16 16 5 5 70852 0.9497178808856783
11 8 1 28 99442 0.9708695887158946
27 23 29 9 49336 1.0454379071109923
25 17 2 1 118192 0.9546854842834909
12 14 19 25 58937 1.0557651013427545
4 29 16 29 49541 0.9070869605071562
27 2 1 13 105009 1.0095649430496945
15 20 26 14 54925 0.9597664925058238
12 18 29 29 92980 1.0917696356452242
26 17 1 16 105514 1.0592509132679988
25 26 7 27 60839 1.0538489354527563
19 17 0 8 81210 0.9901820247624193
12 24 19 6 83720 1.0493241286383486
11 14 29 7 68164 0.9012028864852907
3 29 28 22 102881 0.9299170906782369
16 14 29 2 63620 0.9217807562922137
1 16 11 4 74798 0.9070542166141015
7 18 12 6 56269 1.0570555006759745
29 1 20 22 88966 1.0173254042971356
19 9 12 22 59829 1.0465446291765759
28 19 11 11 80396 0.917446534363299
24 22 14 9 69176 1.0320687498016325
18 22 26 3 79778 1.016491548860914
13 25 2 4 102369 1.0363715812367542
13 7 9 22 62035 0.9608577508326863
22 7 26 27 89869 1.0558353589204252
3 20 0 6 70853 1.049069015831532
12 12 17 7 40725 1.0785907569597069
26 7 8 24 102471 0.9838425164603893
20 27 9 17 61579 0.9050898979857315
10 23 24 2 108686 0.9928331440417915
24 27 24 0 105867 1.032736184246636
27 9 8 11 62949 1.05922481351863
1 28 7 17 60236 1.0147829683481433
1 5 23 9 81201 0.9366884098941366
25 8 15 5 47887 1.0270777772870037
14 0 2 11 63018 1.0865330516159633
8 24 13 2 90834 1.0602257367162868
19 5 14 10 36097 1.0529349471657525
15 21 4 25 42941 1.0383525606409716
21 19 29 3 72509 0.9449058355386594
8 15 23 3 85069 1.06291011738172
11 13 27 11 63046 1.0028805165842172
8 5 7 21 63274 0.9533617804439385
4 10 2 23 63706 1.0874020427974453
24 29 11 4 120972 0.9315391320565071
26 24 23 8 76610 1.0793325900218598
28 11 24 26 59914 0.972626807777704
4 25 27 8 114658 1.018340276872129
9 17 5 0 67274 1.0657029944631895
8 9 27 14 73806 1.0679111768342489
20 14 16 1 51959 0.9746401003124187
23 21 22 0 86627 1.036825195496255
10 26 18 0 106558 1.012383047725278
15 23 14 10 57919 0.9816850672206253
27 2 7 17 100577 1.016260780073865
20 13 1 25 90631 1.0163107135286849
22 15 15 1 68267 0.9378654562364276
8 3 16 6 31116 0.9219852800721321
10 19 4 3 70684 0.9949526354888266
23 15 20 7 38768 1.0503480935005032
24 16 4 20 81043 1.0281198415470276
23 26 18 17 44906 1.0486965827686099
1 23 13 18 58209 0.9649691716903294
21 15 15 19 34368 1.0051527557654016
16 15 23 7 39137 1.0262988537255648
16 17 28 17 56862 0.9755395178239668
0 14 12 10 42829 1.0918678484917899
25 15 16 29 74020 0.9370176293270868
18 3 1 17 93743 1.0484643058141556
19 1 9 2 36000 0.9286633187443404
28 17 20 29 62881 1.0181031257627198
19 1 5 4 47467 1.0654984506786973
16 10 25 8 32652 1.0654305879949486
9 13 1 21 48355 0.9307725905323365
17 6 7 26 89852 0.9569827514365012
1 25 21 15 90316 0.9601942074000578
21 24 26 0 105533 1.040978251439526
24 3 8 27 117700 0.988223976125671
14 15 20 22 44229 0.9940571176585323
28 8 4 17 97866 0.9960190303130613
8 28 3 12 67484 0.9087691409948421
29 23 14 26 61657 0.9102305801366558
29 0 21 20 84670 1.0723470808624185
14 14 15 28 55764 0.9825647713235575
12 19 5 15 48412 0.9550890749113704
22 12 6 16 69113 0.9611399976770372
14 8 11 18 59775 0.9298388886263037
1 14 20 1 92017 1.0192788411722313
9 15 14 27 54057 1.0198547261093136
9 2 3 16 68566 0.9444975702216075
2 0 18 20 99296 1.0939389427931923
11 21 10 8 49106 0.9537832860223397
13 12 8 23 56056 1.093269447957422
21 17 9 11 63761 0.994738061128319
0 2 13 14 79431 1.0201986476682996
12 7 20 24 84165 0.9055712456020795
4 1 12 22 90598 1.0976566968421424
6 26 1 4 88939 1.0556466134696267
7 19 2 8 50982 1.0610598197059713
22 12 13 10 31230 0.9700742923624713
6 1 26 22 123132 0.983598518016614
10 7 0 16 65340 1.012875355927105
4 22 26 25 81716 1.0128442979617587
11 22 21 9 63410 1.0779691188429128
7 1 2 27 108478 1.0765911938987385
6 12 25 0 96701 1.0481923472159764
10 3 4 9 38393 1.0863653742478954
16 17 20 11 34908 1.0636342235427083
23 6 8 19 81750 1.0657612446264728
20 21 2 11 78552 1.0391217920048925
15 7 6 14 54001 0.9748744401507644
12 5 19 27 99452 1.0782832559692592
29 16 1 0 121714 0.9281703797440835
28 3 4 12 92067 1.0175307563015217
10 16 4 9 42297 0.9628842490178083
29 25 6 27 82611 1.0561099618667482
16 25 12 17 49077 1.0663569397289394
4 28 13 9 88541 1.037486823478325
6 23 22 0 112731 1.0769327545331846
9 5 5 26 77071 0.9569894943703575
27 24 21 11 71300 0.9363369405262729
11 20 10 7 52744 1.0056179759257426
28 8 24 0 34535 0.931026043670485
4 0 6 24 96401 0.9712626491599381
20 9 16 19 39460 1.0472690333929244
3 22 24 25 78093 0.9658393506030599
9 27 28 22 75027 0.9413774897768474
12 26 26 27 52472 1.0867835284856218
14 1 20 14 60148 0.9651868083672178
9 18 15 4 70865 0.956573282294386
13 19 4 3 82678 0.9529984156316936
10 9 5 18 45889 1.089252427746213
27 6 7 6 75412 1.0449958199077622
26 8 9 16 72933 1.0479663451068513
20 21 22 8 50471 1.0335397629349976
0 29 20 12 121253 1.0099421580838932
9 11 8 28 57378 1.0119980779024618
17 3 28 19 76997 1.0773794070446638
2 14 0 1 45330 0.9321413916401706
10 25 21 13 73621 1.0617071672359228
7 14 28 28 99246 1.0093170730516856
8 14 12 24 47408 1.0320028856649412
27 20 17 21 35192 1.087315757509304
17 20 7 29 50825 1.0810130278548848
4 11 15 25 92457 0.9830825067972853
28 3 19 28 93804 0.9507765730612645
19 5 13 15 53821 0.9661872252257866
27 4 25 25 81559 0.9426840702857253
1 14 20 4 87653 0.9019365021600116
19 19 3 14 63764 0.9528285687262398
8 3 14 28 96182 0.9410146695401631
6 25 23 23 67050 1.066124396120885
15 1 1 13 77672 0.9257763448272229
8 13 2 25 58876 1.0926950321675832
14 8 8 1 51990 0.9538267996333998
25 19 1 0 124414 1.011779129752622
6 16 21 9 64512 1.024371879333366
3 28 17 23 61495 0.9017530571064104
23 0 9 25 112884 1.0951237937668632
18 5 19 16 41262 1.0227899436388774
1 6 18 9 64729 0.9913568638485601
17 23 14 5 75556 0.9947037726890919
20 3 3 2 51825 1.0225225192881096
1 19 19 10 89746 1.0955466544531727
4 27 26 10 107284 0.9911259169525646
25 15 12 15 54876 0.9478061566440276
2 22 7 10 53855 1.0177006954195902
24 12 28 28 64570 1.0985159494509353
17 28 19 11 59528 0.96137938684998
14 13 1 14 44176 1.0700403332978274
15 15 5 4 73072 1.018985401390987
17 12 29 4 51166 0.9727576656337853
29 24 5 15 105190 0.9226216000085681
2 20 23 13 92733 1.0478771505864062
26 18 8 4 107778 1.0771992475255923
2 28 21 18 91601 0.9169929810675074
1 15 26 29 122503 1.0302942337770293
28 18 10 26 81707 1.01982117884714
24 27 0 29 98902 1.0922316909974443
0 23 17 4 109420 1.079300355914425
23 29 13 4 106953 0.972205439123403
10 2 28 23 112073 1.0341068835137508
16 28 12 5 101384 0.9295240144539395
20 20 26 14 46025 0.9373042519091874
23 16 8 2 94930 0.918050370475581
20 16 23 1 64285 1.085199749770368
9 10 22 28 88461 1.09815412216285
28 15 0 0 117286 0.9071665768232666
1 11 2 1 35319 1.0122670835865137
27 25 12 1 124405 0.9781549464610074
18 17 20 26 33593 0.9568372087435392
28 26 23 3 88740 1.0595548864298787
24 21 18 7 57522 0.9725697536112973
27 6 21 11 32103 1.0653397127152893
6 4 15 27 103284 0.9543777466276259
5 25 20 2 114557 0.9137505312356783
9 22 22 8 70762 1.0505018716127053
29 15 17 12 53154 0.9749713708159554
27 17 12 11 78442 0.9514079590005343
28 5 5 7 83207 1.0180172383053796
10 6 21 15 66036 0.9524967448172428
10 10 29 25 98245 0.9683868441582227
15 19 13 3 66272 0.907257265760843
26 29 18 11 79655 1.028781604978609
15 11 4 29 98948 0.9083144358377334
0 12 26 25 124206 0.9338041510696218
19 26 27 6 80746 0.9274551781032428
16 16 5 25 59880 1.0716566848184166
4 28 1 0 115154 0.9014258751133732
14 14 8 28 66330 1.0453942635128488
11 6 11 24 71690 0.9914267429936056
13 14 6 21 44659 0.9131926736606726
28 22 7 6 104565 0.9505497918804593
8 7 13 23 69022 1.0459700515156545
20 24 21 0 92629 0.9683932848490913
4 18 19 13 70996 1.038233359385364
26 24 21 13 63056 0.9159459565743528
25 1 2 25 134403 1.0832768865516649
1 9 4 20 62319 1.0989008233359725
23 0 29 22 83144 1.0094770213658406
12 10 21 26 74546 0.9061889782854664
20 24 28 15 58112 1.0143397710873654
23 24 0 24 89044 0.9834560415059074
7 28 10 6 79686 1.0086393598607537
22 21 28 4 68999 1.0680740112426734
7 27 20 11 86005 1.0777450881362567
17 29 29 27 46942 1.006019947013478
8 13 7 2 43621 0.9320552759598506
25 2 11 27 119942 0.9831821596837695
2 27 26 18 102146 1.077007716514232
3 18 25 1 124621 1.0055305243830601
4 28 14 1 117773 0.9693942316357353
19 25 9 6 87904 1.078488815273973
18 29 7 28 40556 0.9651779326238626
5 17 4 3 59211 0.9522551562461252
0 4 10 18 74463 0.9602570954620726
17 15 25 25 63337 1.0992161089006187
24 21 5 22 54162 1.0449195618389295
11 22 21 29 57158 0.9618579394590305
28 28 18 18 60461 1.0290112390851094
11 10 22 25 81402 0.9460254586508494
6 22 29 11 98479 0.9803274009217353
2 13 23 20 85016 1.0502680021738868
5 21 27 9 91658 1.038403357606407
21 19 10 29 67071 1.0405422441333598
28 2 9 15 85903 0.9780236155835622
28 4 28 23 54097 0.9277078740030275
28 23 11 0 115905 0.9628200396237631
17 2 6 7 45921 0.9355963417681853
5 5 15 10 48117 1.0790086319396843
21 24 16 4 83296 0.9675857621171267
24 7 19 12 34261 1.0183101392947178
10 19 23 29 70956 1.0319797631919845
13 5 16 14 47387 1.0247679580016347
27 8 14 28 94745 1.0605560521393635
12 10 21 15 42103 0.9894102818478961
5 10 11 18 46583 1.084155425817981
6 18 17 20 43270 0.9212946417365049
9 29 18 27 37921 1.0006546779046999
17 24 12 4 85361 0.9673837917969069
19 21 23 7 52773 0.9165106764499649
27 8 20 12 42808 0.9993437796520004
20 0 2 18 116218 0.9232689738526335
26 13 15 28 82025 0.9130547511952358
9 5 27 9 70600 0.908180590162783
