1831 1602 1635 4061 3062 3688 2056 2523 2719 3533 3945 4403 3871 1626 2042 3729 3545 1572 3169 2786 1662 2911 3949 1434 2420 2485 4145 2952 3901
3408 4217 3226 4490 5185 2987 4548 4413 4666 2564 2758 4002 3869 5296 4360 5418 4481 2624 5050 5280 2837 4692 2746 2653 4813 4579 3972 4724 4124
3974 3690 6011 4474 4259 4261 6140 3312 5621 3859 5953 4317 5032 5652 4354 3335 4650 4405 3251 3487 6075 4264 4150 4322 3296 4701 4374 3937 3328
6344 5318 5056 5884 4819 4751 5591 4000 4117 5799 4604 4283 6012 6324 4724 4086 6625 6366 5896 6720 5375 4999 5267 5411 4600 6463 5630 4633 4393
3546 4052 3385 2355 2850 2354 4673 3696 1872 2307 2744 4131 2780 3551 4246 2093 4273 2172 4731 4446 3296 1829 4492 2873 3645 2287 3060 2942 2917
7079 8067 7920 8301 7835 5941 5649 8341 8127 7543 8420 7680 6585 7053 8280 8025 8115 5580 6999 5897 7119 6372 8244 5880 8186 6050 8490 8188 8237
7637 6395 7322 7889 8376 6161 7296 7329 7583 6996 6214 5967 6929 6431 8346 8292 8317 8302 6035 6820 6014 5632 6411 7821 6629 8285 7938 6056 6314
3759 2639 3188 4649 3115 3191 4005 3240 4910 4020 3539 4463 5388 2819 4475 2829 2836 5149 4785 3284 4365 3179 3594 4968 5040 4800 3856 3462 3600
6856 7016 5026 5909 4522 7251 7218 6582 4496 5119 5062 5334 6815 6160 6908 6044 7357 4583 5217 5743 5043 6093 5246 4713 4904 6131 6022 6128 6762
6271 4746 6483 3766 4664 5840 4914 6549 5146 4894 3979 4220 5728 6200 4214 4704 5720 3753 5724 6543 5867 4095 6034 5185 4337 6294 6017 3987 4057
5704 4844 3772 5660 4789 5683 4496 5980 4310 4889 4173 4818 5024 3744 4108 5733 4147 6005 6441 4056 6383 4912 3895 5779 5358 5843 4011 6564 6457
6722 8077 7220 7685 7708 5750 7644 7011 7362 6204 8384 7875 6427 6792 6597 7733 6205 7640 5620 6375 6432 6012 8266 7761 8088 6151 6189 8315 7866
3550 5298 3104 4479 4959 3963 3454 3911 3385 3224 3437 4432 4336 4622 2840 5082 4550 2520 4330 3437 3200 3792 2559 4114 2848 2471 4418 4496 3827
4151 6803 5677 4743 6719 6145 5167 5366 5080 4813 6811 4876 6791 4928 5020 4813 4093 5937 6135 4328 4766 5375 5365 6546 6569 4411 6432 4905 6923
7156 5679 5796 4996 6824 7096 6776 6984 6425 5281 6855 6740 4436 5204 4200 4166 5397 5905 6535 6320 6140 4178 6548 4377 6130 4590 5899 4261 6405
3666 5272 4139 5511 3303 3682 3588 3253 4858 5447 3067 5111 5427 2900 5551 4123 3186 4147 4196 4450 5479 5310 4832 2958 3529 3358 5193 3450 3593
5970 5996 6322 7109 7836 7330 8276 7938 5813 6981 7056 7871 5547 7901 6643 8287 6725 6839 6522 7818 6719 5518 7678 5681 7050 6298 5808 5848 5506
6574 6887 5926 5950 6650 4810 5314 6795 4291 5119 6574 6069 4417 4978 6685 5282 5732 4467 4503 6346 5483 6795 6237 7033 6986 6401 6089 6072 6336
3872 3888 2774 3627 3878 3112 4922 4273 5534 4170 2781 3473 3971 2835 4263 2772 4875 3607 2641 3112 3676 3484 4817 4477 3025 5623 2683 3122 5311
5983 8104 6445 7126 7227 8030 6588 7377 7634 6890 8615 8799 8549 8759 7420 8922 6641 7497 7312 8433 6933 8688 6879 8090 6674 7915 6006 7184 8185
4105 3391 3507 2870 2263 4119 3216 2514 2731 1657 2374 2804 2028 2409 1479 3031 2955 3230 1735 2168 1734 3044 1817 2930 3542 2608 2931 2056 3473
3740 6466 5296 6046 4716 5238 4873 4896 3549 4790 4961 4897 4429 5991 4016 4888 5828 4642 4541 5330 6319 5815 4423 6418 5577 6393 6108 5296 4849
3935 3414 5710 4301 3490 4438 4139 4964 4419 3645 4945 5811 4261 5885 5603 4332 5910 6160 4446 3772 4669 3482 3424 6348 4402 3922 4458 4837 4357
6660 7117 7043 5147 7556 6633 6424 6030 6446 6159 6556 6284 6354 5237 7719 5710 4924 7275 5353 7438 6558 7109 6229 5696 6905 7336 5738 7088 5194
6433 5852 7206 7522 7839 7028 5722 6172 8378 6332 5758 8065 7432 6365 8078 6444 7391 6030 5471 7935 7996 7812 6560 7593 6225 7456 8129 5517 8073
3244 4686 4051 4031 2527 5241 2581 4925 5223 3089 4466 3604 3615 4256 3841 2898 2807 3895 5033 3580 4199 5299 3546 2779 3404 3137 3911 5042 3086
2258 3710 2153 2104 1659 4291 3147 2879 3933 3589 1985 3049 3858 3072 1582 3425 2899 1955 1590 3647 1493 1989 2185 3427 4343 3184 4181 2458 4377
8376 7095 7890 8062 7287 6932 8064 5642 6684 7712 8159 6825 7943 5745 8502 6521 8478 7856 6903 5743 8201 6882 7038 7753 7519 8044 7344 5920 8330
3720 5079 3449 2897 4269 3463 5111 5163 3295 2549 3897 3818 4342 4461 3264 2709 3024 4800 3628 5119 3379 4701 4745 5347 4383 4164 4851 4538 5404
3891 4979 4900 2917 3287 3283 5359 5220 4380 3643 4536 3882 4408 4747 4129 4559 2646 2859 2791 4904 3555 5121 5084 4122 2779 4394 3967 2660 4954
2857 7176 3139 3096 6708 6407 4855 2001 3492 6150 4982 2873 5511 6801 4905 4977 2602 3870 4913 3361 6225 2948 6053 4573 4353 3872 4495 5841 6825 5618
4476 6319 2967 5011 5970 4598 4295 4104 5132 5868 5063 3040 5905 4963 3641 3042 3752 2129 4752 4941 6949 4608 6025 4396 5138 2984 3998 4765 7246 5899
3798 8038 3460 4029 7910 5215 3558 3336 3651 5566 3617 2034 4817 6295 4073 5289 4118 1929 3025 4492 6520 5327 7015 4941 4097 3037 5336 4295 6814 6635
3790 8364 4387 4764 7597 5688 5094 3773 2968 4024 5177 1366 5370 4119 4689 4930 3090 1687 5652 2820 6723 4257 7114 4550 4193 5200 5774 6787 5750 5716
5309 7533 3710 5844 6720 5928 4716 2599 4584 3802 4444 3853 5493 4126 1997 2717 1502 4041 5773 2392 5451 4918 6000 4288 4459 3297 4355 7041 5946 5751
4373 8170 3487 4466 7994 6199 5140 2441 2756 6060 3594 4176 5295 6201 4251 5452 3802 3331 3393 4759 7511 3755 6769 4119 6592 3366 4032 6174 6230 5084
3270 6846 3052 5861 7983 5810 2911 3584 5465 5857 4861 3776 4620 5459 3485 4281 1482 4206 3467 3326 7697 3049 6422 3210 6373 4043 4265 6750 8083 5660
5030 6433 3080 4482 8593 4027 2992 4492 4043 6260 5517 1860 6076 4714 3997 4165 2316 2696 4703 3549 7530 3772 7270 3188 5996 4977 3745 4939 5533 5450
3486 8363 4406 5661 6936 4635 5010 4641 4404 4852 4320 3079 4940 4681 2321 5289 3409 2297 4204 2295 7462 3590 7929 5361 6629 3407 6194 5475 5925 6788
3937 7335 3147 3852 8412 5775 4885 2050 3623 4833 5073 3704 6565 6124 4396 4708 2519 4016 3314 4864 7122 3125 6648 4371 3768 5437 5779 4499 7276 7505
2814 6951 4401 5036 6993 6424 3764 2508 4052 3433 5016 2591 4899 4178 4721 4921 2303 2902 5360 3693 6363 3867 7275 5269 4877 5676 6122 5412 5827 7376
5484 6731 4207 4062 7736 6472 3852 3468 3759 4058 5534 1612 6874 4195 3669 4302 2861 3639 5238 3986 7363 5395 7640 4190 5370 3750 4965 5188 6907 5808
3234 6732 3787 5366 8063 6371 3821 4470 4221 5560 3965 3571 6743 4526 2692 3776 2492 2312 5776 2848 8049 5701 8260 6049 4694 3711 5138 4858 5360 7555
3245 8087 4182 5065 7468 5323 5617 4090 5409 4867 3121 1296 4643 4292 3969 2678 3211 4149 5081 4206 7779 4857 7085 5977 3865 5455 5143 4910 6812 7363
5158 7770 4427 5654 6454 5823 4726 2163 4584 6038 5438 3128 5570 5070 2637 3489 3188 1731 4970 1956 6572 5775 7233 4574 5647 3878 5468 4396 7170 7687
3257 6866 4240 5118 6817 4121 3242 4418 3837 3516 2872 4115 7078 5319 3088 5533 2650 3205 5005 3329 5563 5123 6616 3260 5602 3374 4191 4667 6844 6653
4732 7585 5163 5316 8200 4421 2913 2815 5128 4511 4808 1575 7476 4778 4091 3407 2276 2471 3036 3337 6547 4198 6391 6068 3759 3016 4775 4436 8060 5005
3461 6731 3053 4429 7251 4178 4522 3721 4694 4049 5812 3977 6159 5209 4166 5102 3390 3212 4824 4846 6921 3323 5444 4566 6089 3326 5945 5371 5615 5888
5371 7635 5957 3323 6465 4713 4512 3975 4995 4314 4883 2799 5489 5920 4047 5338 1312 2158 3144 3473 8223 4486 6808 4421 5212 5767 4389 5002 7837 6638
4340 7964 5274 5534 7073 4359 3373 2150 5341 5236 5612 3327 7178 4593 2521 4324 2286 3498 3792 4662 5867 4479 5905 5189 6096 5086 4836 5216 6130 6206
3853 6128 3278 4608 7457 6393 3918 2912 3745 4908 4091 1535 7287 4936 4623 5374 3321 1555 3852 4839 7275 3067 6574 3702 4968 4624 5178 6281 6751 6307
2880 6452 3982 3742 7478 4509 5444 4133 2883 6219 3686 2095 7261 4133 4022 2931 3415 2044 5810 3741 5901 3146 5427 3465 4075 5704 5238 6505 6425 7839
4486 8354 5472 5313 7624 6325 5694 4283 2678 5443 3353 2933 6621 6741 3141 5231 3555 3027 4579 3267 6644 4071 6741 6145 5050 3894 6240 5228 6626 7697
3073 7729 5856 3385 8353 4504 4757 2367 3606 4460 4650 3833 6201 6696 4861 4302 1740 3197 4493 3383 6827 3583 6861 5073 5491 4805 4173 5891 6296 5593
2969 8503 4977 3903 6647 4423 3122 2513 4993 5451 4233 2454 4970 6771 3399 2874 3862 1701 3358 4487 7661 4203 8046 5905 4677 3098 5066 5523 8174 7307
5501 6825 5084 3935 6129 4836 3397 2459 2995 4404 4618 1747 5816 4497 3715 3562 3881 2960 4771 2958 7461 3771 6432 3229 4404 4554 4224 5244 5937 7506
5570 7180 3205 3307 7815 5344 3932 3174 3041 3430 2840 3636 6387 4922 3099 4078 1652 2778 5525 4134 6473 3978 8231 3544 5397 4884 5161 5447 6700 6921
4001 7980 5269 5994 7467 4247 2899 2325 4100 4116 4013 2878 6682 6953 4217 5538 3968 2669 3223 4075 5663 3957 8219 5751 3997 3244 6118 4902 5351 5681
3739 6695 3454 5986 8755 5467 2853 3134 4697 3667 4679 2198 6815 4449 4022 3029 3683 3549 5652 3481 7431 4391 8149 4927 6534 5673 3879 4766 6817 6388
9 6 20 17 64724 1.021204176401573
17 23 9 19 50952 0.9799525104756754
1 12 27 16 89535 1.0836725750375045
0 29 17 18 88464 1.0815352653790322
11 0 5 14 70609 0.9039773855919001
27 15 29 27 51169 0.9789539806735656
20 18 16 8 44481 1.0718214065060838
2 21 12 11 64713 1.0286415678662708
12 25 5 3 97040 0.9622146928021913
7 14 0 25 47881 1.019486337354649
28 17 16 10 53371 0.9902366888558941
2 7 10 12 42120 0.9336494737069567
17 0 6 13 89926 1.0372881523379731
29 11 18 6 43632 1.0946711943744154
4 12 17 23 79732 0.951089227520516
22 21 10 11 57777 0.9726199454703996
20 0 2 17 93386 0.9779400996290676
27 18 2 22 95289 0.9785374924475727
2 11 4 27 57305 1.0050995067471145
5 21 15 20 46300 0.9518893168778404
5 7 17 28 116527 0.9564728234931599
7 19 24 11 69130 0.980397803201478
12 28 5 20 58370 1.040483453148282
29 2 0 13 118291 0.9213857113115557
23 19 16 25 44064 1.0317661603148456
13 8 11 29 87949 0.9212527921759665
17 5 6 29 130571 0.9037836145796607
7 18 0 6 55661 1.0430657488766895
18 10 29 9 38558 0.9412875745513449
25 19 19 6 51023 0.9041856772528541
7 15 4 27 46719 1.0598270658940419
9 16 23 28 79040 0.9413171724743064
21 3 18 28 78896 0.9542349303905523
16 23 22 19 37587 1.0578544517499813
12 11 29 23 80059 1.0651325867953871
29 25 17 25 54659 1.079297184038302
4 20 8 4 67411 0.9517846301699358
27 13 7 22 89168 1.039521597431945
2 6 20 1 85873 1.0863456899275192
14 22 19 11 57115 1.0230328915416245
6 6 21 20 88373 1.0428069315372925
0 3 15 16 80786 0.9107637785130424
28 13 25 6 32100 0.9552706997016647
1 19 26 1 114489 1.0751134221210323
4 24 12 16 48306 1.0155802126379074
14 18 12 1 77165 1.038554032130662
16 16 11 9 43407 0.9906192470034463
17 7 0 8 59476 0.9597798992580149
5 16 0 22 27490 0.9342053097598924
13 11 27 15 50453 0.9722971031572893
23 25 14 9 78282 1.006058921772899
8 9 3 18 50898 1.0432669045219092
2 18 7 13 29203 0.9014782070076673
15 21 10 29 58042 0.9857980367898913
20 15 1 18 56672 0.9367186946271018
11 5 11 19 63711 1.0269674616539095
6 4 28 21 116447 1.0310229945397908
3 17 11 7 55695 1.0072312747608536
22 22 15 2 79099 0.9543058542128795
8 26 6 10 74119 1.065322636328819
0 5 9 20 75213 1.06086363552562
12 25 6 3 101262 1.0339174853900928
23 12 5 22 92344 1.0023005456635656
13 16 20 11 30064 1.041570974446072
0 9 6 17 43349 0.9621421257154521
13 27 10 9 77674 1.085645660771115
24 20 20 5 59447 0.9096968184883457
16 1 3 0 58357 1.0529852999687201
6 6 15 15 61644 1.076612541763143
25 27 12 15 72480 1.0079740938138477
27 27 20 18 51155 1.0800754528185261
29 2 6 17 105271 1.0492608129460295
27 24 26 7 51954 1.010596743854621
17 16 4 5 68458 1.0438823237349952
9 9 13 23 68529 1.0127080747721413
12 27 6 7 90893 0.988694118324834
20 19 12 5 64166 1.0518334272160892
1 6 2 15 39230 0.950716054746168
17 28 1 3 140497 0.9649708616563615
22 27 4 9 103488 1.0404896864128095
19 18 28 6 58689 0.9075222571399318
3 6 1 20 59255 1.0652137636315553
2 9 25 15 89803 1.079558173290447
23 1 12 0 50677 1.0629380690007464
13 7 11 19 55125 1.0804066308600064
26 15 2 12 82314 0.9451446921399566
10 3 8 20 84898 0.9938558184976075
23 7 17 18 48507 0.995346588046173
15 24 23 28 51495 0.9107256994706623
21 25 8 26 62638 0.9702701224361351
8 9 14 4 49042 0.9561456672761763
12 1 11 24 94398 0.9873781606516063
6 13 21 19 62554 0.9764001829918089
27 26 4 28 110502 0.9436760407665032
2 5 8 23 81222 1.0164884229238857
5 22 20 7 88773 0.9886681319659025
27 20 14 29 84777 1.0724083587398177
20 1 24 18 59201 0.9069075538696968
26 11 7 14 63901 1.0447280546089912
23 24 29 5 75420 0.9969634471259476
9 3 17 25 113160 1.0193394808122236
16 3 2 16 92336 1.0660069540552028
6 10 11 28 91424 1.0244441538623628
13 14 27 18 51885 0.9709644292942791
8 1 26 29 143582 1.000009889227778
16 24 11 4 103691 1.0225431800844607
4 12 13 18 45386 1.0007141187584994
27 1 5 20 122852 0.9138360510662759
8 8 23 20 88057 1.080557412252522
22 6 10 23 84800 1.0961895604965661
26 3 9 3 77423 0.9448870971766085
26 3 2 26 135333 0.9741560200632908
15 2 13 16 64500 1.0195777045042043
24 0 4 13 102389 0.9229892917964968
6 23 10 7 77268 1.0977669235551517
19 7 2 25 103874 0.956939951607253
3 0 11 23 103197 0.9943547789347245
3 19 17 14 58075 0.9224244223677669
17 8 5 1 72632 1.0235021435807283
23 9 28 27 74870 0.9711606182402212
23 1 18 17 64503 1.0059679279111224
2 2 18 1 66077 0.9015268186345752
7 27 11 17 54931 1.062006875422679
15 4 25 21 78571 1.0324190321029325
2 5 25 8 91187 0.9294997310733951
21 29 8 6 107309 0.9661640529914814
9 24 25 13 86029 0.9838196242835747
2 4 24 27 141070 0.9402002745200704
23 19 14 7 60036 0.967675589786289
20 25 2 6 103949 1.0885915314847623
12 21 5 9 63885 0.9869809605011574
18 18 28 1 77721 1.0228706220287545
9 5 19 2 55293 1.0911877399455254
3 2 2 11 34023 1.0670700531760025
6 14 16 4 71011 1.0204492871193487
16 19 18 27 39080 0.9766776138877625
21 17 25 25 35200 0.9735826128324258
23 7 6 15 73678 0.9130849809378093
7 18 24 3 92741 0.9982621900527673
4 5 29 9 95736 1.0716445465653937
5 7 23 24 103825 1.0576759066893084
16 28 24 0 112116 1.0455451914475855
19 9 23 17 30599 1.0728713735149524
28 8 12 25 91122 1.0756983430914462
3 10 23 10 66337 1.072563656370211
8 25 6 7 79243 0.9205441631802663
10 11 29 6 67805 0.9091026561260374
1 14 11 8 55457 0.9404818609441623
28 12 11 16 60346 0.958877770542808
27 11 1 17 81001 0.9659569659933178
20 5 11 23 75682 0.9132840518058938
17 1 5 13 94675 1.0217734653108357
1 19 24 1 120133 1.0185585425188461
19 6 7 22 85427 1.0757791945407513
15 13 11 22 48413 0.9467282717899193
6 29 6 12 77256 0.909193736168082
17 12 4 6 59697 0.9007139090813583
26 7 9 3 73679 1.0757902270268902
12 0 17 26 116906 0.9605616620310732
19 6 5 17 72202 1.069331863739036
19 18 8 5 82221 1.0369427733460181
9 4 23 1 74931 1.0199029632294732
21 18 15 1 72006 1.0219328352601798
14 8 19 15 46793 1.0988794857507804
3 18 21 17 57606 0.9727249904042936
28 25 17 24 54774 0.9492799927291655
1 29 13 3 126156 0.9858956234099524
3 22 20 9 84642 0.9819498647855386
12 10 2 17 50932 1.0629500142197552
24 6 16 4 47245 0.9299938446102644
18 18 20 3 45575 0.9395589529209911
26 1 24 20 65079 0.9059458074505095
17 13 8 9 45338 0.9812284710049174
19 19 1 22 77921 1.0317111707913063
0 3 10 7 45888 0.9706003767948699
21 16 8 4 80087 1.0889638689367735
28 4 1 2 113871 1.0302173340762641
8 14 20 20 49815 0.9462842863030838
21 27 29 4 93110 1.0669421879041174
26 23 12 21 63566 0.9125455030094087
0 10 26 2 102034 0.9743522130452742
1 18 14 12 56545 0.9782453515775358
17 29 7 12 100023 1.083213564094155
8 8 16 10 37843 1.035002713301988
0 21 11 13 55803 0.9967692128041838
3 27 13 21 62145 1.0150354439564873
17 1 17 23 85925 0.9882513032654884
17 9 29 5 53625 1.0046071012302102
12 22 16 13 46117 1.0247467436286928
10 5 13 14 46194 1.031306921519667
21 22 29 1 89699 1.042633727707201
12 3 1 8 58085 0.9995096767040438
16 17 29 5 69004 1.061426129113994
10 10 18 28 84708 1.0986281015672787
12 25 3 4 96438 0.9572747767892285
26 13 24 3 38332 1.0233866979075872
24 21 0 1 121626 1.0534607121856319
12 29 26 29 88686 0.9409338440759039
9 28 28 21 100484 0.9386188446620158
5 12 13 17 44942 0.9441160413765233
27 24 17 9 67999 0.957827247391942
8 28 28 3 141228 1.0237309600103996
20 20 7 19 49212 0.9100075867812923
6 23 2 2 84530 1.0116936415337174
21 7 2 27 113124 1.0517110562871048
16 25 28 3 99373 0.9497154203071876
24 23 0 26 109788 1.0112809349278546
26 25 10 11 77810 1.0235850527760295
28 10 15 9 47742 0.9558142311015555
12 15 6 11 32852 0.9264014645383021
2 29 6 11 79078 0.9300095252219902
21 12 29 2 55627 1.095784542972696
18 15 2 11 60255 1.048132319578051
10 20 28 5 94052 1.0323518621380077
22 22 14 0 91011 0.9052623610058128
17 11 6 16 47987 0.9794333283539326
29 2 1 17 115033 1.0663196887762147
0 4 26 12 96924 1.0555257894222714
12 17 16 23 39191 0.9804614222183106
9 7 16 28 105992 1.0800375977547554
28 28 0 14 120081 0.9140543590011447
11 16 27 18 48585 1.0816493253776989
7 18 0 25 44323 0.9284522946656363
17 11 22 21 39889 0.9878779179877082
15 10 20 18 36796 0.9419580552129307
2 24 8 18 44469 0.9914350412247792
6 8 25 17 80798 0.9395039585798528
24 3 8 20 101266 1.062075796806917
12 2 6 27 119342 0.9438474957873875
5 25 5 12 53217 1.0106985063584586
2 4 4 14 41976 0.9839291508120678
5 26 21 28 84303 0.9151162074007638
0 7 16 13 70536 0.9517251089680456
20 23 18 4 55747 0.9281966227016705
6 27 21 19 91719 0.9894174951229027
3 22 19 11 83938 1.0796425096854085
18 26 10 15 66324 1.0123036842459288
19 12 9 19 58417 1.0847594439077177
3 12 16 14 52924 0.9926553241583801
27 17 13 29 87503 1.0267908637966436
20 27 15 13 53182 1.0205271881887394
14 25 21 18 45056 1.066707886242534
2 2 11 22 98455 0.9185620992273998
5 0 6 16 61248 1.0115593231907931
24 24 5 25 87333 1.0997507846306664
18 14 27 8 40954 1.0708072007562284
28 7 19 18 54210 0.9504822216131033
1 16 25 10 81026 1.0862317499928693
16 22 4 11 77975 1.008692982807308
21 12 24 3 45224 1.0832073643393023
1 0 13 23 110257 0.9269945110188947
17 10 4 17 62621 0.948763361466232
14 25 16 15 51621 1.0985550200218839
0 1 12 18 82202 1.069914260239292
21 19 17 8 45927 1.0786175936390003
21 19 29 28 57718 0.9456194854425132
16 20 22 15 41746 1.0218004722765588
27 17 5 5 101591 1.0132956036733043
8 28 28 9 119727 1.046664379390193
18 20 14 27 42142 1.081604099479943
19 17 29 8 52180 0.957237745017765
20 20 7 29 85432 0.9303737314281185
26 9 3 13 79640 1.0036957059841403
0 18 13 15 42959 1.0584712128520692
5 28 29 16 116068 0.9981827928287662
23 11 3 24 91618 0.938223603201355
8 11 16 9 31011 1.081760026243387
28 8 11 26 98558 0.9680172706914765
15 10 2 4 67227 1.0736606468397312
13 26 9 6 87168 1.0207975126735958
19 14 8 24 74065 0.9988354766101868
5 3 0 25 77127 1.0751228671049815
23 7 0 2 92629 1.0076723857146421
0 22 18 18 69530 0.9492232864281399
19 12 27 29 75314 0.9021351741256843
7 22 19 13 69323 0.9139165906578135
11 25 28 24 76553 1.043185560147384
1 22 27 15 97931 1.0275195055139528
12 11 29 29 101359 1.0136379030239875
0 4 14 17 78568 1.0386946605033263
15 4 27 0 67808 1.0236489908035753
18 27 29 22 65137 0.9088790334121751
28 6 1 10 94598 0.9568610312153448
25 14 15 17 35614 0.9645353912781209
22 27 29 24 41311 1.0846758658013933
1 16 18 6 84033 0.9761719350003489
23 15 4 4 91191 1.069397206202099
5 2 17 3 52749 0.9733399498152535
5 16 9 4 58068 0.9516151676231882
3 20 19 15 66227 0.923947391135292
26 10 22 1 47262 0.9593030431055151
1 1 14 8 69972 1.0941344026200581
7 3 14 26 108153 0.941190657776906
16 16 11 6 53951 0.9144941797064625
14 27 2 4 116516 0.949220653566428
23 27 17 3 92646 1.018671973992358
4 10 8 19 41663 1.055761308391789
28 25 19 4 83894 0.9364666625523699
18 5 28 8 42846 1.0228250364367812
4 15 20 24 62705 0.9653238391885135
29 3 7 6 89729 1.0244738011528738
9 5 0 23 79679 0.9348666743898015
20 25 16 10 53640 0.9150511612353543
18 17 10 0 90913 0.9288823663489978
6 26 10 9 83944 1.0845224830174514
23 19 14 20 39770 0.9295614982328316
22 28 18 1 92940 0.9564253301866992
25 20 29 29 47666 1.0255607417612878
1 9 0 22 39511 0.9248254882350256
14 6 6 8 38756 0.9864521138081553
13 15 27 11 51930 0.902515087519853
24 28 5 6 132616 0.9604729263833888
7 20 4 1 69929 0.9795255182498226
3 20 17 0 118062 1.0446390921881792
29 20 23 4 76585 1.064770034315695
28 5 1 5 104441 0.9374463140056902
2 13 28 6 98149 0.9604275846003933
21 19 11 14 44990 0.9086928889842304
12 22 2 17 48023 1.0742073962329624
7 14 18 24 67491 0.954270693387686
29 6 16 0 66525 0.9788951475832748
29 18 9 29 105907 0.9202617689485207
6 18 29 27 102153 1.01122487929103
19 24 26 1 81507 0.9933835553010768
3 4 0 25 75811 1.0611559778116502
26 20 14 1 92319 0.9571929445956054
27 4 7 17 92695 1.0104689012812111
15 11 0 22 73275 1.0846673399119122
28 14 13 25 78817 1.088733750037193
18 17 28 23 42294 1.0889978707634291
28 29 19 4 102568 0.9767859953352436
28 9 1 4 107984 1.082245209507545
22 9 11 14 50341 1.0404727554780595
0 28 27 13 116301 1.097024981340969
13 28 21 9 86963 0.9044885138446493
5 0 27 14 112207 0.9085402485240468
19 4 9 3 53772 1.071274187749752
2 1 22 26 131752 1.0946984407496214
24 11 2 13 71584 1.0374926191991778
14 10 28 8 53577 1.0695437724790973
15 9 29 13 55906 1.0455754161160358
29 29 6 25 115334 1.0034731557032182
2 28 16 24 76494 0.9358487013708232
3 22 20 12 77807 0.9327315977250548
1 20 29 29 129791 1.0895408227164163
1 2 16 22 115025 0.9011329703054227
21 15 9 11 45789 0.9067915099539086
14 10 26 2 64635 0.9169311326898517
6 19 25 19 70087 0.9874434503488283
17 8 8 7 35608 1.0163412310605069
28 13 1 21 102520 0.9125635762861671
10 0 11 10 53159 1.0969659951500146
25 19 4 28 104452 1.0745596205979957
7 4 7 26 87994 1.0609747733549006
6 10 10 4 43182 1.0368472982159047
22 9 2 22 94341 0.9313842386756468
12 1 25 20 101073 0.9070739628521275
15 9 19 27 69968 0.9797338839701406
21 5 15 27 85461 1.0497901347329879
13 28 14 12 71074 0.997678037954161
9 5 12 13 41505 0.9567341477420607
21 0 18 27 86022 0.9801111881108326
7 27 25 4 127653 0.9385213121383253
16 4 2 19 96861 1.0893321033149013
2 27 2 15 48489 1.0057599758145634
18 15 22 23 30220 1.0949111541474839
24 4 0 10 104177 1.061037665199514
16 5 4 14 68978 0.964258970878114
10 22 28 7 95186 1.0485700858235516
4 0 9 24 98347 0.9458769567764336
11 10 2 17 52481 0.9731154350705008
25 11 29 20 39182 0.9705485420514558
4 6 24 12 82192 0.9371855917855944
8 27 7 0 111024 1.069400120978047
4 24 21 12 85345 1.006456406704825
1 3 1 27 78754 1.0230758808533917
0 0 19 12 91243 0.9158467596759012
29 10 4 13 83195 0.9176243191884113
23 20 1 11 91156 0.953144147542758
18 23 8 1 116963 0.9334679631885149
9 24 2 11 67913 1.0112253783702068
27 16 11 2 92479 0.9343542218367255
9 16 4 9 34363 0.9843432085842083
15 8 25 15 57331 1.0202080092495733
5 3 12 23 90078 0.9597694797769024
17 29 22 3 93837 0.9613133356760428
27 17 24 0 60841 0.9631403737792329
20 16 28 28 59749 0.9987003410041508
22 22 13 13 53411 1.0428922981429538
13 25 16 17 41908 0.907954096141516
12 28 28 29 97461 0.9414967725795882
4 8 12 21 61955 0.9370030093033281
11 20 15 14 37830 1.06648622661646
25 2 6 0 82010 0.9820489879610252
18 1 29 0 49655 0.9196079470076366
24 15 10 12 59367 0.9794725914106538
27 28 10 26 89996 0.921314722459797
2 20 29 24 108673 1.0359737831453897
29 18 18 14 39927 1.0867715164573342
26 5 18 20 64005 1.0802874421915714
10 23 20 1 92982 0.950180867254648
27 23 9 8 90579 0.9961518339070332
6 23 0 6 72648 0.9654541880371805
20 18 21 29 34345 0.9006465547477492
25 13 8 23 87091 0.9594048634763828
22 22 22 3 63362 0.9477855619069951
23 23 13 7 74354 1.0884381163412746
16 4 20 12 42674 1.0041808600955004
26 22 6 20 83277 1.0842785405029347
21 3 11 14 64473 0.9808912177013775
3 24 28 14 104555 1.0591077583872721
20 24 8 23 62225 1.084821955564481
22 7 27 15 39647 1.0858462098381891
22 8 9 26 94570 1.0741137705631758
29 3 3 13 108770 1.0593755277576722
7 26 29 29 116091 0.9286767904881884
0 4 18 13 80596 1.0786790573882383
9 15 21 12 49426 0.9738649682603053
21 21 11 16 38555 0.9186754780596386
5 7 27 26 116532 1.0240036202156813
22 3 5 20 102309 0.9475732157703125
7 12 25 2 85012 0.9108376350445767
7 23 7 8 59635 0.9542342172175533
23 7 3 20 94070 1.0853962224762796
24 12 6 12 64178 0.9226309185362084
8 27 15 12 83209 1.08822090164213
13 27 25 20 71815 1.0417735684738947
3 13 4 24 42121 1.03515720960663
12 23 18 3 85482 1.0406636189033238
0 13 8 1 63144 0.9223727581787676
11 14 16 29 77690 0.9139001336277921
29 18 22 23 42155 0.9344342793309639
10 6 5 19 65291 1.0035807270878696
10 4 16 26 108156 0.9434942624319406
10 23 24 13 80111 1.0783024281197
24 29 7 16 95552 1.0234524449681384
22 22 0 25 96307 0.9815208971835873
23 16 10 25 69809 0.9869768412900096
18 9 9 15 51012 0.9939692420923404
10 4 26 13 79526 0.9828210986235014
21 8 12 12 38727 0.9650749470229918
9 23 25 6 96776 0.9259997083766819
19 28 27 10 68053 1.0059510711521251
7 12 21 13 50865 0.9879868023366795
14 12 14 29 81745 1.0519965209774482
19 0 27 9 56666 1.075507953413746
21 11 7 28 96817 0.9595628325489276
1 19 15 28 85570 0.9265160468875347
26 8 19 24 61564 0.9083925606397506
7 16 21 6 62374 0.9118274740974033
0 16 23 4 102324 0.9529206409938529
3 13 19 17 57326 1.0479266298592602
10 4 23 16 80064 1.0428021640788256
24 7 7 6 62439 1.0745240475290458
29 17 0 2 120770 1.0687713249951494
8 0 29 15 118128 1.015647106961119
13 14 15 4 47242 1.0911898446892052
17 7 13 19 60478 0.9773672946613008
4 5 7 13 39302 0.90234128011201
18 18 12 7 57415 0.9060036355745917
16 29 20 4 87622 0.9412143632315804
25 25 16 29 55967 0.9671338701365074
22 25 21 11 46344 0.9237518553355009
2 1 10 14 68682 1.0231965404811596
0 24 27 1 134758 0.936621506469169
28 14 7 2 102383 1.005014931299918
8 0 7 22 88857 1.0340273491671175
25 22 8 12 86404 0.9596852136637328
28 6 17 25 85833 1.0434323592832675
29 0 10 25 130884 1.0730756529566756
21 9 25 17 35169 0.9758946055849512
29 24 28 5 74915 1.005987439396077
2 2 8 17 63202 0.9688286372669157
3 5 28 14 103665 0.940866482884863
24 23 25 1 75388 0.9523995597392356
0 6 1 28 69571 1.022908218881987
28 19 14 23 67725 0.9814441388173437
11 11 1 19 55686 1.0819236833543213
28 10 11 14 61556 0.9157156824498173
10 10 1 13 38932 0.9994464148528996
2 0 22 19 115722 0.9488303698089597
26 3 25 27 70791 1.0301428976645006
5 4 0 18 57317 0.9088404650772909
27 21 11 21 68765 1.0402194368924338
0 13 21 4 92357 1.0878812499902744
9 12 28 27 102877 1.0587198528899
19 2 20 11 30525 1.036654875255342
15 16 3 7 59777 1.0014437944285075
8 17 23 29 88381 1.0763993649115133
11 29 24 17 80379 0.9858628403151113
11 0 29 11 93015 0.9771863760476649
24 22 6 7 101179 0.9772434217113593
17 8 24 5 41537 1.0072457483802435
17 11 29 9 39754 1.0034670145989208
2 29 23 5 139287 1.0874156767851249
22 3 3 15 89867 1.0227237611533702
22 24 4 18 76100 1.019858900355873
20 24 22 13 35601 0.9685470260567556
21 29 22 11 55911 0.9388089145432126
26 20 24 29 37562 1.0515135750866564
26 11 11 8 52190 0.9497742486120164
19 14 10 10 40364 0.9306948984033994
11 11 20 8 32162 0.921125007011647
13 6 5 24 93049 0.9286760003110615
25 9 0 27 113576 0.9019102403199125
11 18 9 2 79291 0.9556135724944549
14 25 8 19 43954 1.0422552345203067
24 6 29 0 36004 0.9676806497181794
1 27 13 8 98302 1.093018590097678
21 16 8 26 77814 1.08936318258056
19 2 23 24 75982 1.0341436880881556
25 16 28 4 48117 1.014048212792615
12 1 28 11 83446 1.0577521433903874
1 11 24 10 71033 0.9036005280081344
3 7 17 10 57284 1.003724200643942
0 1 23 22 124195 0.9475280812283289
4 27 11 23 41671 0.9904045304026645
2 2 13 20 89654 1.0521487501754976
8 6 21 29 107309 1.0401398709630814
7 22 28 12 94491 1.0939575790176919
0 14 16 6 73168 0.9128840120547494
0 18 9 9 55718 0.9033137478799067
26 13 15 15 43044 1.089390348091214
10 21 5 28 49283 1.0860110614921294
2 0 29 25 150643 0.9669239613485789
17 29 28 24 68027 0.9992261771002444
9 10 5 26 74077 0.9553899785547298
11 21 18 28 52896 1.0897866260247402
8 17 0 12 37148 1.0216620053742516
21 16 25 27 47658 1.068447819318973
2 29 15 27 75585 0.9982413798415606
3 19 10 6 65719 0.9856047985523645
27 4 18 19 70367 1.0063317828551512
2 20 21 15 68240 1.0592251651404705
14 16 11 23 33644 0.931140012024841
9 5 16 28 116746 0.9529761283443304
16 6 11 28 102404 1.0410885259636724
8 7 20 2 56444 0.9688031859877779
27 12 12 24 82378 1.071197279236712
5 24 11 5 93808 0.9472698610908207
3 24 3 0 86730 0.9716579969570263
22 14 26 20 30214 1.0474935602284594
11 4 22 29 117224 0.9838887622380974
15 28 18 0 108398 1.0993856547435055
3 4 13 11 56315 1.0150418474675147
4 17 19 12 61004 1.0361878392817383
23 3 0 7 92930 1.0865403686649713
26 4 8 19 92811 1.0794278608200643
24 3 24 28 89669 0.9579140706661673
16 9 8 1 65486 1.0024414572055318
4 7 12 10 36303 0.920419834887406
11 14 7 29 75657 1.0063329524779934
4 28 26 26 105341 0.931402840625178
8 2 9 26 106609 0.9514173893535737
28 16 13 5 79123 1.0426537738078643
19 20 11 3 85701 0.9533662766740518
25 21 1 1 128959 1.0359817700176446
21 9 21 19 33449 0.9100429178936965
12 1 16 9 47607 1.0936949773821207
12 3 27 12 77966 1.0964618411658404
18 6 2 10 67440 1.033541046422064
13 5 14 26 92791 1.0533192730094354
9 10 1 4 53670 1.0437175263819278
7 6 26 18 87493 1.0545118476006452
14 26 6 1 120788 0.9523158515833265
27 6 12 15 71354 1.0096605213982215
15 1 20 23 79537 0.9586261636975535
27 6 15 28 101325 1.0914380190435675
6 16 23 13 57228 0.9541789256395865
11 10 5 16 43090 1.028664590511723
16 5 12 15 52241 1.055907028249095
2 11 22 12 61280 0.9372719933645239
17 27 10 20 59114 1.0584822342787257
13 17 16 25 44155 1.0390910089774308
25 14 17 27 61157 1.0271046061995113
18 23 18 2 71419 1.0105378041755078
22 3 23 28 92397 0.9538410456787207
12 8 11 25 66458 1.0679022850701565
26 26 18 9 66080 0.9625253308132793
13 2 3 11 60879 0.9999726112701421
19 4 7 13 72432 1.0710225128027162
26 26 13 21 69210 1.054142911494055
13 9 26 17 61031 0.9329499623817462
28 29 4 6 137962 0.9397847481730014
23 2 2 19 106278 0.9608905412722781
7 16 17 23 60276 1.0894565069631554
25 5 0 12 95461 1.0481210052375578
27 1 26 24 70211 1.0677811003263167
13 0 3 24 115974 1.0823960483969022
25 22 18 1 83559 0.9170279243902112
25 9 17 18 48308 0.9755802156464635
28 15 9 12 71071 1.0184458896673445
18 13 24 1 63261 1.067350332378167
10 25 14 7 84605 0.9315379305277819
22 17 26 7 41139 1.0465166347972716
1 23 21 14 83379 1.0241045175569785
5 11 9 26 77138 0.9458017741045988
25 26 8 6 109626 1.0128847143296442
27 0 13 25 116470 0.904242828437518
25 8 7 17 73467 0.9098093996523113
20 3 15 29 92600 1.0760555926190774
22 11 26 19 32397 1.0177539527949724
15 18 2 6 76213 0.9228055346598113
22 3 7 11 66728 0.9385575086873876
17 2 14 18 70915 0.9186892208385203
20 20 25 11 34689 1.0764191329245825
26 7 11 23 86054 1.0241808141519386
3 11 26 1 93852 1.0769280723751353
24 1 5 18 110500 1.068733480286157
19 0 14 26 100817 1.0274050493319893
10 7 3 22 75088 1.062560945439824
13 20 22 7 62005 1.0884944565373689
26 27 0 20 107847 0.9969298232522978
27 27 8 23 98880 0.99468895456152
21 0 15 14 61754 1.0746762105126808
29 11 23 21 46839 1.031576077058017
28 17 15 22 55717 0.9656022359887761
14 18 0 12 61663 0.9497224810641093
10 5 13 23 81861 0.9792714338265001
19 0 17 15 60261 0.9533845635642922
28 23 21 10 57809 1.071347589221972
12 4 23 3 57729 0.9851110834766346
3 20 18 25 77176 1.0390047344455584
6 22 3 9 59099 1.0877203635838437
21 15 8 1 93657 0.9147541121035918
26 14 12 10 51801 1.030218585755972
11 6 7 20 70137 0.9803179912525304
19 29 5 0 136712 1.065156293319975
12 19 27 25 69583 0.9712969795406174
3 11 14 27 86368 1.0317423420988414
11 15 19 22 50795 0.9653940934848297
18 21 22 14 33942 1.0673675803562448
0 1 4 12 42268 1.0124724056771666
27 1 10 3 86024 0.901414744927611
12 9 3 18 58364 1.022619720440992
24 20 27 11 39265 0.9172545835322147
15 1 26 8 63373 0.957388142490582
14 11 26 24 64397 1.048577345069632
14 23 24 0 103551 0.917713086927991
4 1 1 10 39486 1.000182600922737
2 15 27 15 77973 0.9468795074667109
7 28 12 1 121352 0.9924502102423882
20 10 9 6 47644 0.9832156460735603
10 19 14 7 62908 1.042770597210978
17 27 10 14 76511 1.0167420551669586
17 24 3 1 125005 1.0251699586616616
7 6 26 0 86733 0.9368675853173754
16 1 21 24 83919 1.0450510140471503
5 9 9 0 50150 1.0130255099077876
10 16 14 7 48993 0.9347658850617626
16 14 24 10 38220 1.09188080169072
28 6 3 0 109235 0.9388105326060201
14 0 27 28 124085 1.0195044907461899
11 16 3 6 53616 1.0076544065531596
3 2 27 3 98553 0.9717860381188028
29 28 9 24 99953 1.05720150972943
29 2 2 6 110456 0.9468874294677455
4 8 24 25 106480 1.0736332081637086
10 24 2 1 106054 1.0623710148475145
8 3 0 22 79314 0.9358879290272517
15 27 7 4 111805 1.0360700964092904
2 20 28 2 120593 0.9198629427824376
9 1 10 29 131475 0.948132256221999
1 25 27 13 110591 1.0501710923076764
19 8 12 3 47800 1.0307932358145773
11 25 1 11 78535 0.9021932700600098
29 17 6 0 118345 1.0526039500164208
18 17 5 27 84080 1.0362957205557557
8 18 16 16 31465 0.9256861363986947
15 11 5 5 54165 1.0722099222907513
8 4 13 22 91923 0.9705015965962279
26 27 4 3 126084 1.0704936088566779
28 10 27 26 55697 0.9851344557882171
23 7 28 0 36232 0.9814640745014955
12 17 1 28 72322 0.953856702098431
0 11 18 9 58577 1.0224054864005305
13 13 0 24 67107 1.0716678558003228
19 19 29 26 58520 0.9488869671506335
19 23 17 10 48342 1.0690065367390558
27 6 16 23 82740 1.0596696684847189
23 25 28 5 73886 0.9992546194509777
0 1 29 22 139508 0.9007966958325532
7 3 20 27 107748 1.0128178865887651
4 15 24 20 74177 1.0679614322792546
7 29 18 15 86305 1.0234975375341118
20 8 24 29 79852 1.0795872849034307
27 26 7 3 125467 1.0822076540165446
7 17 1 6 51812 1.0472971698616553
4 14 12 8 45159 1.0254666206590308
17 9 16 18 43904 1.043510725921744
12 0 20 6 51730 1.0547950972485118
13 17 27 25 60421 0.9596581677196079
25 29 26 16 40346 1.0071756831907968
21 28 18 8 66350 1.057444571223892
4 23 29 12 105180 0.9794173736400982
11 21 23 6 80079 1.0381799520131572
21 4 5 24 111652 0.9793887015583226
12 10 6 25 77500 0.9348148957379862
8 17 23 21 54741 0.9246019278669783
24 12 4 24 99323 1.091077336188588
20 9 4 8 59393 1.048420391704946
12 23 7 3 88439 0.906902238013208
17 8 7 19 73742 1.0917255641326111
22 2 6 22 107575 1.078651865900553
16 25 23 11 58451 1.025146805708475
13 12 7 28 85059 1.0199533890641623
4 11 23 20 84716 1.016239549966911
18 19 27 1 77109 0.9807338741053765
8 1 3 6 35359 0.9595744422745811
20 15 28 20 37343 1.0206702603730298
22 22 1 27 104188 1.034268616593132
3 27 13 21 62145 0.9147140771584824
1 29 25 5 138948 1.040690307264761
16 15 8 22 56591 1.0664594824020786
13 10 21 28 76280 1.0914030861039723
8 3 15 15 73001 1.0723858598823859
14 1 4 7 58755 0.9660408244328852
0 29 28 25 130949 1.0846017285946488
25 20 16 25 50584 1.0565683478119534
6 12 15 0 75710 1.0936795578657075
13 9 29 3 74763 1.0696147262706166
5 5 0 19 56844 1.062320722944319
9 6 28 19 90962 0.903684768159225
0 18 24 8 87884 1.0661684517244407
23 27 12 23 63285 0.9872362051691985
22 8 17 0 44462 0.9614829545847292
15 18 5 19 39678 0.9192748970006224
23 28 1 2 145402 0.9070414085775532
10 3 19 21 91083 0.9355111901672329
6 14 15 20 49057 1.0599615639376077
1 29 0 0 88875 0.9692516169127117
25 18 15 29 71569 0.914990126656014
19 21 24 1 77743 1.0932012031949672
1 11 26 6 85009 0.9553672712545167
14 24 7 19 44048 0.9282895823676474
27 16 10 20 60356 0.9134781784058487
25 3 2 22 121985 0.9134991570660913
14 22 6 5 94474 1.0382651338800888
14 14 29 20 60457 0.9707582439980038
20 28 10 7 85555 1.0666617931535773
21 23 13 3 85294 1.0503433802497184
8 11 23 16 56816 1.061879467250857
16 28 17 11 75180 0.9226774606352615
4 15 27 11 73076 0.9869079316903615
26 4 5 6 84399 1.069699951731629
4 10 25 29 115430 1.019359595504971
2 2 12 26 104899 1.0160252843835038
13 12 2 26 86926 0.9564515793380809
4 3 15 6 52326 1.0144382796885745
7 17 14 29 69673 1.0436294143778988
18 6 24 18 50882 0.9560590104070914
5 14 7 23 42232 0.9374930821590398
11 26 3 20 58825 1.0078835990724622
27 17 9 7 77072 0.9841323638414458
13 8 14 20 60353 1.0252204214922345
4 9 23 9 71153 1.0561042427700507
1 1 28 19 128260 0.9555320141782029
26 23 6 22 91646 0.9188141201125667
11 0 9 26 120247 0.9080965906066959
13 6 1 0 66474 1.049620701520653
4 27 1 7 74280 1.0462565293300616
7 28 5 5 94389 1.0741707931473434
10 13 21 27 74529 1.0082341460587112
13 6 9 25 88757 1.0948650721870614
9 6 14 20 72983 0.9579068027280453
19 21 3 7 87992 1.0240189463601699
27 2 16 14 65608 0.9791888834931383
1 9 6 22 61786 0.9028768203833729
27 14 24 0 53256 1.0163425378886968
18 8 17 29 80841 1.0844036805018065
1 18 10 3 76826 0.9104994879211624
4 26 24 21 94840 0.9028642270640873
2 0 12 5 57218 1.0483164253408472
9 21 3 17 34078 1.008149147103069
21 1 19 15 47814 1.012132313217766
29 5 24 14 45121 1.0545503360982895
18 1 3 16 93103 0.901501973173962
24 23 16 5 78853 0.9438071353687187
18 15 13 10 35444 0.9562477088615116
29 25 23 21 36854 1.0088220009966602
26 20 13 28 77785 1.0392320748274753
3 26 18 25 64774 0.9804010659608868
8 3 3 16 58576 1.0814749667371115
13 4 26 18 81784 0.9066550939301936
17 9 8 1 69997 1.0320972647548188
25 20 20 3 60482 1.077716891717435
25 29 1 6 138075 0.9852875800930846
3 11 9 0 52765 1.006945450113203
0 13 18 3 89594 1.0642648928075755
17 28 9 7 103263 1.099586806645023
12 3 29 15 92118 0.9957844321374197
26 7 10 26 102384 0.987132218993259
10 14 22 29 84093 0.9021625698852089
0 10 1 20 36543 1.058232846951404
1 22 25 2 127166 1.0324410390817687
20 13 16 29 63916 0.9969167618220791
2 5 23 29 140801 0.998125640684185
11 13 26 27 82812 0.9415612636621413
23 22 21 9 48948 0.9152598961780437
28 20 11 9 80570 0.9378810251880279
24 27 16 11 75185 1.086162021059309
8 12 13 22 60614 0.9845407792424996
29 12 10 28 113087 1.0148431848707113
2 23 28 19 103713 1.0914219229295417
22 14 13 24 65093 0.9028593465872928
14 26 27 24 64367 0.9464986008462972
27 23 4 16 74841 1.0028286315200976
28 12 4 23 102918 1.0429161871864712
2 22 8 1 91729 1.0738673915043049
10 23 22 16 59325 0.9880396927667022
4 15 21 12 59326 0.9622234937125845
1 14 22 14 72099 1.072423055288977
10 8 11 18 51195 1.071368776219241
23 10 21 21 38568 1.041665481086013
5 16 24 9 73371 1.04128844982411
25 13 8 12 60177 1.0307291817739994
0 4 6 10 37059 0.9065738967025857
3 14 23 10 75518 0.9208770921587316
4 27 5 7 67123 1.0493191228452483
16 18 28 21 47475 0.978869226986629
19 12 5 11 47422 0.9699886311672494
4 2 27 6 94948 0.978974689082362
11 5 28 18 89571 1.0529617669543043
23 4 2 5 97504 0.9854390846019444
29 1 20 2 45556 0.9292864354350086
2 27 17 21 86393 0.9397921226084068
7 19 13 10 52992 0.960521984838158
17 6 1 23 104972 1.0745850568248656
1 6 17 28 129231 0.9739266207894097
21 6 28 10 36492 0.9456920482546928
15 0 2 15 98026 1.0187018782797528
20 7 28 27 76238 1.0381488633232099
27 6 22 13 40504 1.0708454060938435
2 19 10 14 40349 0.9471196393921679
11 17 28 14 55303 1.050525361487056
5 21 5 11 44490 1.0409714829230436
17 4 7 14 71339 0.9797448736130568
27 23 6 9 95643 1.0183042188879599
20 8 24 18 37321 1.0618479064579276
28 22 11 20 75752 1.053435351722664
28 25 14 21 69297 1.0221179096811097
7 13 24 6 75178 0.9417350120370497
8 24 4 2 84916 1.0799121221542254
0 10 3 20 46211 1.0414740605389436
26 18 11 17 42814 1.0643948500011329
29 9 4 5 95736 1.085818249456443
8 2 20 11 73198 1.074952368819505
26 19 27 9 30434 0.9832338500050664
17 10 23 14 33746 0.9051514298882436
21 5 23 27 79264 0.9868483759711489
29 2 4 25 136772 0.9801073764833945
3 29 24 29 122672 1.0933993123074808
9 20 23 1 105029 1.0789471729241422
1 25 9 27 40430 0.9294740872192894
6 14 4 26 46631 1.0963185950402168
2 9 12 23 74595 0.9298937635678434
23 6 4 10 77337 0.9333863101271244
25 11 26 25 40261 0.9651174101272808
28 15 24 29 55934 1.067711158956486
11 23 12 6 67301 0.9773469698105386
14 7 6 27 107943 0.9769306697793884
20 12 19 23 30819 1.0657231101412878
0 13 26 18 81352 0.9506554901621868
24 1 5 4 101580 0.9047652019931581
8 22 19 22 61339 0.9162468800016987
7 29 10 0 125600 0.9174355733232981
26 13 4 23 93245 0.9505531560186249
14 11 6 26 83952 1.0103353359180922
9 12 18 17 49494 1.0225947446726935
12 23 5 13 58598 0.9584387775117508
21 13 20 27 40549 0.9281652494097671
24 19 4 11 80950 1.0289452098627623
6 13 1 5 45614 1.050123110599659
13 19 2 22 52850 1.097856621649647
0 7 11 18 65876 1.087753942192531
10 26 3 18 59667 1.0976020410981429
23 20 28 6 62060 1.0456641281359045
19 16 26 13 29293 0.9774059850994541
14 4 14 23 92938 1.0966534602369278
1 12 0 22 32424 1.0051513359823714
17 6 7 0 60825 0.950598830852395
18 21 25 9 52943 1.084144488159188
14 1 19 16 69974 1.019110407924527
10 16 11 2 64599 1.0871298259729674
13 23 28 0 116806 0.955878273118328
22 21 6 11 70196 1.0610769839738468
28 26 23 4 89956 0.9438211263803846
24 7 15 14 48125 0.9655575182036369
29 16 6 11 79296 0.9322979540278387
24 13 23 25 51559 1.0287523192545307
20 23 14 15 35951 1.0487808407366288
27 16 19 14 28457 1.0760184081241748
4 1 5 21 70925 1.0241301950862323
26 25 17 0 94415 1.012137685388779
7 0 23 22 116898 1.0578712090175106
11 9 13 17 38616 1.0590782467365831
26 22 10 19 62423 1.0773715042477958
17 19 28 20 48107 1.0409298093690325
7 6 21 11 57883 1.029415517270663
8 8 23 5 68728 0.904775907971694
26 28 2 6 128685 0.943729308735729
0 11 15 26 94060 0.9876334834318131
2 28 8 8 91492 0.961720485817273
27 29 21 5 92588 0.9480097136187009
1 17 1 5 45010 0.9672171384413407
13 4 4 6 49955 1.090927985724931
2 9 19 26 101611 0.9603326812932566
12 17 1 15 38329 0.9231874053097583
5 17 1 26 40539 1.020271520317834
25 22 10 9 83349 0.9256564286359656
2 0 24 1 94814 0.9934199797851067
29 5 3 21 119022 0.9263094054132951
28 7 12 19 74375 0.9150236876171088
13 28 4 12 80866 0.9942971338763373
24 9 10 2 79095 0.9297376073936827
11 6 2 29 109735 0.9497560875654567
4 18 29 11 82504 0.9172136071271816
10 19 20 18 37778 1.0256990349269857
3 21 11 9 71073 0.9441807295816813
19 13 21 21 26401 1.026958380624454
8 7 29 19 93581 1.098329330509641
0 3 27 29 151889 1.0887218570931871
10 7 23 29 110551 0.9124746159509006
24 4 21 28 91732 0.9853977023887113
2 7 17 9 59753 0.9260701930659451
7 6 19 8 51887 0.9366649231115864
24 15 5 20 78939 1.079815492979012
9 3 28 16 99491 1.003063769655957
5 10 13 13 38134 0.9820503137141045
13 8 0 28 96932 1.0099826937186849
7 22 17 27 63091 0.9732413137995185
21 1 11 19 80649 1.0077734022517586
3 20 24 6 102159 1.0443821940286342
23 13 25 29 62565 1.059928324649488
18 25 7 5 104441 0.9859419100868525
14 2 5 24 113067 0.9882937111982799
4 27 9 21 37270 0.9530362368204471
18 26 16 18 38715 1.0416554412369572
23 28 2 2 142435 1.0899011289526859
3 10 2 19 38316 0.9132710516642984
23 1 7 29 143161 0.9589794695807449
29 5 4 26 129891 0.9592364400221698
0 10 13 9 50124 1.0132725736165353
1 22 22 28 109770 0.9083495854612774
13 16 23 0 74030 1.050153448992486
13 0 27 18 97658 0.9542726298025414
1 5 20 5 79668 0.9809286843968132
29 18 13 28 89657 0.9748598409999742
12 16 0 27 60615 0.94307146598989
25 0 21 23 82144 0.9410846683951339
8 2 3 29 105045 1.083642960704264
3 3 26 8 92127 1.0071718711717326
6 7 2 13 28408 0.9916582601501497
15 17 21 2 55380 0.9922975910691667
7 17 13 11 39227 1.0846445880933893
11 3 20 25 92901 0.9374305993151928
15 20 29 4 86028 0.9402065918125151
4 8 12 0 56711 0.9508770455859719
29 6 11 5 72356 0.9580060406573694
28 25 5 1 141817 0.9281523922738133
19 2 26 16 60108 1.0824863363146482
23 26 7 9 98363 1.0237488390188427
4 22 2 5 64803 1.0572412889912048
7 20 20 24 62021 1.0329572535616593
25 27 4 13 97647 0.9326854232622038
28 29 6 24 120636 1.0073643059298518
9 17 14 11 39506 1.0263570161283357
5 20 20 19 61026 1.0712581263903098
17 9 2 6 65566 0.912709936126442
2 17 5 26 37742 1.0261484225041506
24 3 5 20 111007 0.9367034847289005
28 15 19 2 65681 0.9041937939676593
25 19 8 25 86594 0.9197239018039688
6 7 13 18 65176 0.9549233075961419
24 13 28 4 45833 0.9351766614734842
18 22 7 9 76776 1.0152119911716289
29 17 14 3 86279 1.045761248484653
20 29 8 11 80748 0.9582348099180849
20 14 16 20 35232 0.9446184275270546
10 1 24 14 94377 0.9321944267753672
28 10 8 5 83928 1.0547214315340154
13 23 24 18 63287 1.0991425339081557
24 20 20 10 45210 1.0321621857340386
2 8 25 4 90457 0.911854891743965
13 1 16 28 126320 1.0466102134645496
3 24 0 14 40387 1.0415772314301122
12 2 11 17 63417 1.0121640647043482
4 22 4 8 44471 1.0855890253330458
14 11 0 15 50773 1.0834375697835195
2 11 16 7 54943 0.9405591851701898
19 11 9 17 48927 0.9734016286899181
24 6 13 29 113303 0.9412601972033532
11 25 16 16 44578 1.0257055098691423
15 14 18 6 43304 1.059437380233167
13 26 2 19 63735 1.0088709479751325
26 11 25 20 27968 1.0059985789717256
13 20 27 12 69067 1.0235522246490099
23 5 8 14 79517 0.9188647877648941
25 5 13 7 47362 1.0812383846806888
18 10 29 9 38558 1.0962383031346699
