7360 6848 7587 7506 6987 6990 6920 7551 7394 7183 7373 7352 7450 6903 6706 7129 7384 7331 7230 7698 7303 7245 6929 7047 7420 7751 7548 6751 7522
5897 5433 5537 5212 5690 5576 5418 6098 5269 6006 5369 5886 6155 5868 5558 6138 5818 5092 6179 6174 6062 5965 6045 5667 5546 5071 5398 5068 5501
7138 7235 7875 7501 6987 7238 7499 6863 6895 7409 7154 7579 7726 7675 6864 7084 7127 7060 7488 7804 6922 7024 7695 6876 7804 7545 6996 7566 7832
7971 7068 7142 7919 7883 7053 7071 6937 7180 7716 7516 7492 7848 7823 7668 7173 7749 7444 7440 7008 7915 7818 6924 7801 6907 7712 6949 7312 7169
2879 3042 3679 2908 3380 3269 2830 3676 3672 3320 2778 2893 2665 3158 2889 3152 2700 3402 3273 3732 3315 3251 2923 2740 3725 2718 2885 3635 3340
4969 5116 5425 5262 5280 4307 5056 4368 4672 5407 4996 5341 4470 5305 5263 4458 5289 5075 4474 5133 5271 4443 4539 5133 4687 4932 5104 4496 4568
5182 5666 5197 5107 5778 5434 5352 5494 5069 5638 5479 5191 5094 4925 5403 4860 5733 5187 5120 5163 5262 4902 5028 5698 5187 5740 4988 5418 4820
2531 2633 2528 2200 2474 2248 1969 1599 2141 2095 1949 1509 2289 2255 2302 1883 1912 1863 1620 2449 1822 1971 1568 2600 2011 2495 2217 2176 2139
5350 5447 6457 5496 6198 5774 6329 5870 6039 5617 5973 6267 5764 5612 5872 5389 5464 5340 5843 6199 5673 5672 6415 5911 5563 5351 6239 6286 5563
6654 6008 6430 5940 5875 6790 6622 6014 6547 6820 6002 5951 5846 5924 6864 6528 6036 6457 6638 6534 5849 6752 6949 6795 6468 6680 6256 6329 5888
3898 4469 4391 4294 3737 4060 3570 4066 3799 3523 3684 3488 4016 3420 3460 3772 3862 3563 4294 3436 3750 3719 4262 4156 4214 3791 4120 4389 3627
6330 6354 7151 7170 6196 6555 6793 7112 6481 6807 6834 6801 6230 6266 6856 6779 6848 7061 7007 7058 7148 6516 6914 6427 6703 6765 7118 6536 6137
1391 1244 1678 1436 1735 1319 1867 1446 1221 2169 1399 2125 1211 1329 1310 1073 1654 1933 1825 1894 1794 1064 1927 1912 1834 1065 1947 2017 2078
5251 6110 5951 5960 6111 5114 5974 5117 5169 5251 5366 5357 5703 5424 5605 5014 5389 5031 5827 5025 5253 5534 5015 5921 6015 5195 5791 5799 5906
1732 1864 1356 2035 1809 2090 1534 1440 1096 1676 1549 1799 1183 1406 1154 2177 1385 1475 1214 1880 1350 1201 1631 1897 1342 1673 1888 1276 1108
6716 6698 6334 6967 6385 6621 6736 6894 6778 6468 6783 6909 6959 6915 6365 6505 6178 6549 6249 6923 6283 6428 6620 6889 6803 6638 6629 6650 6748
7671 7967 7847 8009 7773 7857 7979 7589 8045 8088 7623 7554 7780 7534 8120 7904 7640 7382 8190 8400 7666 7324 7858 7521 7386 8166 8389 7927 7950
2596 1888 1608 2080 1971 2433 1777 2464 2527 2430 2167 1759 2658 2655 1893 1767 2128 2654 2064 2440 2012 1823 2583 1629 2380 2569 1576 2498 2411
1815 1524 1863 2066 1485 2272 2149 2334 1770 1761 1750 2083 2331 2037 2308 2166 1603 2475 1817 2222 2365 2210 1984 1600 2231 2054 2386 1980 2465
7875 7549 6784 7291 7499 7596 6856 7444 6853 7232 7147 6789 6917 7214 7233 6920 7914 7370 6938 6982 7362 7043 6882 7113 7426 7757 7004 7482 7723
6064 6032 6711 6076 6771 6546 6917 6997 6767 7013 6639 6561 6848 6677 6150 6172 6772 6596 5900 6475 6848 6485 6698 6461 6771 6019 6483 6706 5914
8521 8337 8730 8476 8604 8516 7862 8762 8516 8085 8364 7919 8536 8212 8181 8321 8463 8386 8068 8611 8801 8562 8795 8937 7944 8345 8051 8818 8394
4122 4406 4764 4928 4915 5012 4053 4366 4967 4016 4119 4254 4891 4089 4195 5091 4632 4176 4058 5027 5022 4862 4444 4355 4852 4131 4805 4293 4680
5693 5210 5989 5872 5963 5846 5871 5236 5543 5063 5438 5438 5564 5711 5681 5204 5728 6157 5239 5615 5482 5528 5599 5728 5341 5585 5635 5647 5436
5969 6158 5697 5551 6010 6350 5599 5607 6031 6109 6183 5452 5325 5415 6124 6240 5932 5734 5676 6222 5691 6183 5881 5390 6396 6011 5711 5383 5883
2109 2431 1862 2922 2584 2271 2189 2122 1904 1869 2607 2154 1875 2865 2645 2517 2878 2204 2753 2863 2057 2116 2028 2589 1957 2389 2420 2015 2690
7809 7539 7863 7866 7947 7366 7883 8225 8442 8196 7950 7959 7560 7808 7376 8202 7494 7796 7823 7377 7592 7785 8038 8305 7873 7685 8172 8091 7673
6473 6325 6978 7175 6918 6563 6176 6685 6224 6612 6665 6383 7080 6657 6299 6384 6410 7158 6171 6343 6815 6719 6695 6871 6371 6720 7176 7063 7268
4689 4332 4212 4499 3608 3729 3739 4711 3606 4464 4160 3910 4111 4610 4093 4033 3786 4250 3984 4215 3880 4542 4348 4034 4557 4544 4308 4012 3782
8162 7791 8176 7765 7594 8041 7595 7993 7427 7289 7158 7570 7435 8116 7642 7976 7233 7685 7307 7137 7867 7867 8135 8174 8058 7974 8100 7333 7985
3419 2935 6799 7719 6687 5090 4469 4550 8065 2740 4482 8021 3074 2898 7941 7847 4697 7851 5418 2630 5515 4352 3611 7617 1847 3886 3296 2784 4563 8150
3117 2417 7604 7115 6969 4699 4765 5443 7752 2863 4720 7275 4050 3560 8736 8102 4297 8530 5262 1751 5606 4289 3369 8471 1738 3360 3747 1768 4718 7862
3556 2732 7492 7059 7007 4249 4872 4835 8225 2480 4824 7639 3857 2903 7944 8293 4240 8736 5093 2498 5923 4619 3848 7985 1463 3183 3861 1812 5033 7897
2927 2922 7416 7109 7003 4932 4107 5173 7691 2142 4422 7872 3370 3400 8489 7974 4661 8821 5253 2472 5675 4519 3961 8221 2171 3753 3895 2218 4729 8168
4024 3248 7016 7277 7392 5202 4479 5363 7825 2659 4592 7805 4105 3409 8815 8303 4013 8637 5922 2241 5534 4512 3529 7897 1842 3847 4016 2472 5033 7957
3736 3153 7555 7498 7293 4855 3861 4581 7902 1971 4461 8166 3381 3916 8020 8537 4511 7907 5498 2051 5597 4387 3625 7737 1718 3831 3251 1813 4924 8228
3702 3205 6907 7914 7295 5336 3868 5055 7783 1764 4623 7364 3141 3579 8138 7762 4791 8820 5622 2663 6438 4614 3058 7641 1622 3154 4025 2252 4697 7680
3327 2344 7289 7095 6891 5257 3929 5138 7907 2112 4594 8028 4127 3654 8722 7677 3829 7952 5967 2109 6162 4582 3968 7669 1605 3345 4048 1831 5243 8342
3239 2815 6620 7719 7179 5308 4383 4852 7550 2022 4814 7488 4162 3140 8358 7958 3764 8351 6079 1841 5949 3987 3260 8378 2133 3320 3930 1788 4795 7957
3385 2604 6817 7645 7534 5267 4300 4585 8365 2755 4328 7833 3542 3424 8584 8361 4026 8550 5278 2369 5962 4929 3661 8022 1314 4102 3591 1818 5475 7835
3649 3151 7020 7356 7008 4764 4759 5449 7301 2822 4717 7800 3724 3047 7968 8588 4675 8557 5578 2762 5823 3907 3608 8429 1921 4075 3558 2112 4875 8048
3200 2512 6943 7697 7413 4914 3961 4481 7890 2249 4910 7562 3811 2914 8818 8500 4460 7768 5772 1839 5681 3997 3654 7869 1816 3202 3796 2100 4620 8197
3101 2385 6673 7547 7045 5284 3963 5052 7783 2269 4632 7672 3225 3452 7885 7990 4833 7914 5706 2748 5497 4369 3208 8299 1597 3208 3358 2540 5157 7762
3993 2864 7294 7984 7265 4944 4246 5414 8096 2052 4697 7735 3401 2910 8171 7612 4571 7963 5870 2682 6116 4499 3447 7768 1872 3524 3970 2709 5205 7867
3763 2332 7400 7686 6669 4880 4753 4710 7912 1894 4449 7363 3553 3755 8741 7936 4600 7836 5649 1736 5792 4646 3643 8242 1755 4024 3798 2373 4400 8192
3530 2511 7129 7932 7204 4873 4661 4390 7699 2332 4594 7848 3724 3578 8626 8449 4564 8879 5109 2651 6476 3960 3497 7749 1375 3134 3683 2471 5218 8392
3296 3247 7093 7269 6757 4465 3811 5007 8058 1930 4365 7577 4071 2806 7845 7922 4164 8849 5136 2528 6133 4131 3026 8161 1376 3928 3978 2033 5432 7867
3941 2700 7294 7645 7091 4777 4332 5325 7849 1913 3933 7645 3130 3431 8365 8212 4699 8105 5143 1715 5598 4816 3883 8156 1242 3726 3462 2072 5463 8334
3835 2546 6929 7917 7603 4406 4179 5248 7484 2522 4543 7723 3887 3535 8455 7874 4312 8490 6046 1722 6381 4966 3762 8400 2202 3448 3401 2025 5301 7980
3314 3202 7194 7690 7600 5323 3847 4434 8292 2397 4497 7364 3769 3195 7834 8120 3826 8668 5183 2123 6423 4205 3303 8506 2201 4045 3855 1927 4930 8669
3921 2330 7031 7513 7314 4498 4044 4365 7852 2695 4132 7395 3267 3683 8092 8538 4494 7889 5256 2074 6521 4208 3950 7623 1694 3559 3526 1893 5324 8335
3716 2241 7663 7376 6920 4569 3808 4829 7661 2604 3940 7162 3171 3773 8566 8126 4675 8588 5150 2663 6253 4177 3566 8156 1694 3759 3812 1983 5519 7920
3168 3201 7648 7980 7156 4951 4313 5452 8375 2316 4795 7504 3732 3851 8922 8640 3842 8816 5738 2208 6369 4475 3038 7536 1760 3831 3216 2465 5298 8488
3156 2371 7091 7752 7280 4499 4786 5155 8128 2292 4790 7962 3364 3292 8762 8154 4527 8353 5903 2592 6340 4283 3237 7682 2025 3613 3130 2209 5409 7810
3172 2193 7219 7545 6960 4793 4609 4340 8196 2872 4093 7620 3416 3880 8799 7679 4462 8092 5926 2738 5530 3903 3177 8195 1633 3259 3424 2552 4790 8395
3889 2562 6841 7143 6619 5117 4774 5093 7998 2585 4121 8119 3402 3024 8136 8403 4578 7940 5867 2149 5836 4978 3709 7874 1809 3511 4004 2191 5001 8540
3223 3071 7679 7030 6640 4886 3964 5064 8294 2203 4261 8083 3072 3249 7844 8092 4147 8516 5627 2260 6323 4279 3591 8234 2240 3780 3610 1816 5006 8372
3414 2205 6872 7600 7690 5260 4462 5116 7740 2268 4452 7826 3518 3144 8368 7811 4015 8404 6108 2454 6512 4188 3647 7528 1496 4195 4018 2140 4835 7657
3138 2248 7519 7098 6913 4287 4295 4665 7424 2704 4298 7150 3397 2833 8665 8246 4551 8870 5004 2394 5918 4498 3667 8361 1477 3579 3942 2331 4535 7771
7 20 25 7 63511 0.9907553778461673
1 20 9 24 33998 1.0754906195280458
26 19 21 7 48158 0.9873049229163875
11 10 23 4 57526 0.980890164298165
2 12 11 4 49573 1.0064277563696995
13 8 5 26 52628 0.9995339068870069
7 6 11 25 47324 0.9923911687504053
25 13 11 24 51757 1.0116685450812473
2 1 27 25 96135 1.086879187066022
14 28 20 23 22791 1.012427275298285
13 14 18 29 40399 1.0180172127125202
1 6 20 21 84003 1.0613896385268187
11 1 0 8 50431 0.9806298378317676
17 14 7 14 37590 0.9806175991618061
9 17 4 28 44350 0.9729348507292512
3 3 25 4 78200 0.921003205874546
4 21 21 18 52969 0.9693109113027268
20 13 6 14 51345 0.9755404593567714
18 26 26 4 70384 1.0291204597775367
21 9 29 14 38955 0.9147036849374145
9 0 21 26 71684 0.9985546525530793
11 12 18 16 31465 0.9103971172243001
5 15 9 8 36586 1.0964584734382201
9 4 29 5 83889 1.009955138382319
14 18 9 23 24488 0.9255106907195342
19 18 12 21 25611 0.9794413373777164
9 4 14 25 55313 1.0265503728020149
17 10 24 13 30716 1.0049163925578153
2 12 20 12 60212 0.9697871241460783
26 29 15 4 76583 0.9821833026884963
7 27 20 4 74035 0.9992296239605598
27 18 28 1 59231 0.9924577543434369
5 25 28 24 44787 0.9529369335201078
22 4 13 17 60419 1.0593136641212495
25 22 18 9 43487 0.9784521826877132
6 8 15 19 39868 1.09691634010032
20 5 12 22 51424 1.0089381384592222
23 29 10 13 60940 0.9352341060899972
7 4 15 9 28606 0.9701171170561915
9 8 1 26 61939 1.0514615264332519
12 11 26 27 52434 1.0609154517794481
8 0 27 10 67149 1.0403041690353059
29 18 2 5 100922 1.0270741005123531
1 20 12 27 43895 0.9461785676092538
2 19 17 17 39908 0.9523483064812274
29 22 7 4 86240 0.9145422324460147
4 26 29 23 58036 0.990913500729899
20 9 17 2 21692 1.069579648602251
26 8 0 15 96370 1.0631733588895893
12 1 8 25 49312 0.9475936742220503
1 25 7 20 24061 1.0939125430070031
25 17 20 9 32189 1.0763710817514824
22 17 23 4 57736 1.0484933047232692
8 24 25 19 41263 1.0272689411843987
13 10 7 17 32894 0.9930669387389155
6 22 24 9 63464 0.9549810805889303
22 5 9 18 69169 1.036466099084857
1 25 17 18 45296 1.035011868881626
12 26 17 2 50361 1.0164615594112134
19 21 3 19 43960 0.996689246258583
12 28 13 13 28030 0.9524469222763307
29 12 12 18 63131 0.9689909484177498
6 24 18 29 30744 1.043295077681031
8 8 0 23 57686 0.9797498211432473
0 17 15 27 60811 0.9478956499516513
29 21 4 11 87997 1.0774352000601661
13 10 25 16 48672 0.9177389375093621
11 14 14 1 33279 1.0788786002088178
12 6 23 17 54689 0.9158261148162542
25 10 15 22 50728 1.0973828301566653
1 10 17 25 66029 1.0852843811230708
22 9 15 5 29327 0.9068224801965972
6 13 10 0 40874 1.0095405796287764
13 4 20 9 28222 0.9248908328785205
11 8 9 29 56442 1.0448844678218514
8 15 24 23 59995 1.0868286444355355
23 11 20 1 44246 0.992600456154969
25 5 22 18 44449 0.9096370463587476
29 3 27 26 86026 1.0272108302925567
12 27 18 7 43465 1.062296856707111
26 17 14 3 62669 1.0829733171083151
23 27 1 22 56993 0.9399943449444619
12 2 26 20 63490 1.0347032462722563
16 5 22 19 44492 0.9499782829697124
8 21 2 9 39546 1.0003891279016723
16 3 23 16 58019 0.9615609532827583
1 17 17 24 52121 1.0271052318571345
8 12 25 27 63357 0.9177946382997468
1 27 7 4 59576 1.0396485802267292
5 29 9 3 77384 1.0410215500906157
3 14 28 23 82064 1.0401052383759026
3 26 25 27 52218 1.0465364742994743
16 29 16 6 60208 1.0272120271047593
21 1 26 29 84322 0.9594433429434676
3 25 4 8 52813 1.088285392423766
24 29 13 12 57541 1.0025254806981647
13 22 28 25 36034 1.0554701799458257
26 20 14 15 39700 1.0649173664195626
16 26 14 13 27266 0.9909333970000505
7 7 23 7 51403 0.947547357580626
7 8 27 0 69259 0.9641588793046342
18 0 3 0 46692 1.015210605460915
15 26 5 24 22411 0.9957157522539785
4 13 2 28 55459 1.0826130152748101
23 28 0 13 86527 1.0488727036386196
29 29 3 3 119931 0.958825214598291
29 29 10 12 77365 0.9501788357928096
16 12 1 1 59671 0.9479870470089053
21 0 25 24 69626 0.9063584332767792
22 26 27 4 74465 0.9906651983669092
1 5 11 13 54828 1.0466316977931702
4 16 19 15 57245 0.922116158119782
6 0 28 1 61620 0.974355877371103
25 17 21 27 32585 0.9714487877256774
10 7 6 19 37094 1.0764373042146684
22 27 0 15 84269 0.906634068101054
2 17 25 11 87464 0.9629883581201792
7 5 22 15 62702 0.9529850898131662
12 10 24 17 52711 1.0622064192102019
2 14 29 21 97273 0.9666015025920731
5 26 16 0 69266 0.9930697780571834
19 3 1 17 84278 0.9956918626119263
26 29 14 22 42496 1.0742651589950767
4 19 7 3 39263 0.9780389892028214
14 16 0 29 59389 0.9746831695159818
24 9 28 1 28995 1.0744659233927645
27 3 17 22 74184 0.997851275447102
3 4 28 0 86314 0.9199251566550531
21 17 17 11 34826 1.082130704013833
5 18 19 17 46950 1.0414571508217874
14 12 16 1 23091 1.0357489314059543
10 16 22 5 59284 1.0075980288660942
3 24 12 20 22839 0.9344178153838969
17 17 17 4 28629 0.9548020618073013
25 14 11 29 64214 1.0002149683369
1 29 26 8 99514 0.9991606832463804
19 28 18 10 42903 1.0040301173470596
10 19 27 2 78524 1.09208818926992
29 29 13 0 89361 1.0105670046441444
15 10 8 29 53732 0.9858714583971517
24 27 20 2 77128 0.9119450102295279
3 6 29 18 92579 1.0921713204199675
24 28 15 29 37410 0.9194759522538591
18 7 25 25 49982 1.0173085315719916
20 20 6 19 37963 0.9784642452868023
11 24 21 4 67687 0.9537030255805974
27 9 17 9 24399 1.0233833047830492
0 8 29 13 86816 1.0406274856079123
14 25 27 17 49690 1.0666636831475014
11 22 20 25 26434 0.9117252081309805
8 27 19 5 60110 0.9663085792864056
28 26 22 3 83238 1.0069280356532921
5 4 26 19 81223 0.9278239838592943
20 0 26 10 42675 1.0750291307683577
20 27 6 21 39382 0.9491544830485752
14 27 24 0 72177 1.0060888327108435
1 13 22 17 74398 1.046767147992504
16 14 4 21 54030 1.0526226097707299
16 14 19 3 41260 1.0694949322107772
4 4 6 19 45561 1.0534967283612475
22 0 27 15 57624 0.9615470564626949
2 16 12 19 36151 0.9699965383236936
14 8 16 23 34724 0.9771047253413411
22 28 24 13 49680 0.9891268054176507
24 12 25 25 34763 1.027757755314124
6 12 24 2 70556 0.9765351488920262
27 1 14 4 39762 1.0185344871006934
29 6 2 28 108248 1.0101289093760875
1 3 8 20 72608 1.0928603725875654
26 8 4 28 86782 0.9279028943241097
11 6 1 14 54236 1.04416073482397
28 20 2 19 64103 0.9706835050847298
24 18 3 20 60400 1.045318691866195
18 23 25 10 47399 1.0392024309127512
25 11 9 23 65816 1.0494480862122437
9 3 24 9 58423 1.0454635925359819
15 16 12 1 31811 0.9012244078738773
23 6 23 19 45307 1.0408064780982675
8 21 24 24 40303 0.9291671245558057
29 28 23 24 25118 0.9056079811991773
22 5 1 4 89058 0.919997970417499
26 5 4 21 84641 1.094656373257951
27 6 19 25 69042 1.0049218659329329
1 6 20 16 77240 0.9022626422843156
26 6 13 10 43129 0.911893232226333
20 9 17 2 21692 0.9412720497922777
7 8 3 28 53852 0.9309270695341211
26 21 29 4 67627 1.0887371363402056
6 24 24 8 65783 0.9258069673182476
7 3 26 18 77300 0.9765456304988855
26 22 10 21 43559 0.9830612761328482
20 24 12 22 17459 0.9863147031644132
11 29 17 15 44094 1.0553880123621422
28 0 20 8 50358 1.048955070468223
18 6 28 14 46483 1.0861528983824449
24 22 2 10 84434 1.0811304921168259
2 3 3 13 48959 1.0591044740786446
24 11 5 19 71073 1.0445445013771946
9 29 7 16 38364 1.0888011422119361
24 15 10 23 60003 1.0760136433420806
16 4 1 29 85687 0.9165605729596619
0 29 16 9 74559 0.9804690094626939
13 8 9 2 32783 1.0684356751265303
29 25 6 26 53427 1.0999864767099201
13 28 22 11 60598 1.0727720121673143
19 15 8 13 44676 1.0026010091037643
26 27 16 6 64375 0.9568458667821667
29 2 11 6 63373 0.9314505986397659
6 19 24 13 61378 1.070143667091028
1 10 7 27 56695 0.981319144991823
14 0 27 11 57639 1.0807793318000705
13 20 23 9 43328 1.0722268691307972
4 27 12 19 29623 1.025799568295592
27 6 13 24 65569 1.0222787147237202
0 10 21 15 82883 0.9555222400022276
22 3 21 16 62020 0.962021304681272
5 2 27 9 71722 1.081228943055166
16 23 27 25 32596 1.0947891277433428
16 28 15 13 36322 1.0903001972253552
9 28 15 6 52474 1.0583839080912518
26 9 27 0 30091 0.9270199306627472
24 0 9 13 64907 0.9182295562659464
9 2 20 3 48805 0.9676136776625435
24 20 0 17 75451 0.9385659940624235
21 14 6 26 67949 0.9433944124262078
0 6 12 26 74263 1.0470087899324922
17 6 25 25 54559 0.9240149048950926
4 29 23 8 80599 1.005619878053083
24 14 21 7 39442 0.9781485462702375
0 20 8 24 36019 1.0151884539359024
26 23 16 16 45783 0.946094313084872
11 16 28 11 60844 0.9139027318449386
7 10 17 24 44756 1.0198767135352704
6 27 19 11 60888 1.02301888177409
0 26 7 19 34877 0.9062098970553014
29 29 21 20 58684 1.069452307053614
15 9 27 17 55540 1.0700806287557134
15 16 27 19 37818 1.024601506285444
22 25 24 13 41665 0.9528684502090905
4 3 17 10 50996 0.9572256890658093
18 7 3 10 42590 0.9337085466096867
16 28 29 10 79925 1.0973253754899466
5 15 9 29 52124 0.9453305126851201
23 25 13 18 35683 1.077274059547188
13 14 20 10 33411 0.9218623294249573
11 27 28 14 68034 1.0297392504644163
25 9 14 0 40723 0.9833171459138418
17 21 3 6 63345 1.0586278149916566
12 5 1 13 45726 1.071886588186326
14 5 11 25 37642 1.0331823175013897
27 3 4 2 78663 0.9415781365672468
25 3 13 5 45175 0.9112084027067465
2 12 29 0 96174 0.9888098243988984
20 18 24 29 49282 0.927260810701151
17 4 5 14 54251 1.0228971351481524
25 3 17 10 36033 1.0242162853780157
11 4 17 8 28005 0.9947995839083086
5 12 14 6 32426 1.0351244271182563
0 8 12 5 41826 1.0597750958850956
12 26 19 18 30360 1.0359479585662419
4 13 17 22 52279 1.0512919138725054
27 22 12 12 53269 1.0253963496527772
0 23 29 26 69251 0.9548972450431366
12 6 7 14 26591 1.0646302893782293
12 29 0 24 30131 1.0145756384615503
5 10 0 21 54811 1.0586707748137094
14 9 1 8 35429 0.9520366367099502
7 10 0 14 36315 0.997623820365044
13 19 21 25 29672 1.001920268237081
21 4 23 18 67716 1.0880869547310164
7 3 27 18 79260 1.0924340721975736
1 4 10 18 69701 1.0367797791795095
28 9 12 14 45377 1.0676415631570806
27 6 19 15 52795 1.025966870281977
5 26 0 12 61294 1.0392347714681642
3 0 8 20 61189 1.0405350466165524
19 17 23 9 37063 0.9445245430311906
4 23 26 29 59148 0.9664630784401812
23 29 5 9 76788 0.9171751660383298
5 25 29 5 96157 0.9680840858082436
17 21 28 24 26031 1.0585307869352345
25 13 4 17 70592 0.9073951811826599
1 2 24 1 68466 1.0345948134512308
27 26 22 19 31151 1.0828353889613072
27 8 0 23 91462 0.9187628086344687
1 23 26 19 61238 1.085941960204895
13 25 4 16 40571 1.0414444175948758
3 15 27 11 91035 1.035411488207463
22 10 23 22 49313 1.0451381000011946
27 8 28 21 50337 0.9176872505853629
23 18 2 7 79708 1.0459685443622446
15 11 3 16 56497 0.9841602231440393
18 28 28 7 72434 0.9895613686168178
16 1 2 15 72890 1.0448625070309805
13 7 24 2 48941 1.072713865524993
10 17 24 15 60669 0.99168390928929
2 4 12 21 67685 1.0819909407943473
12 7 15 17 27153 0.9186034531609036
10 29 15 15 42689 0.9091388044745806
0 15 18 19 66334 0.9238228260738678
20 19 6 19 31488 1.0025622865962274
11 9 28 8 42999 1.0993395292814006
27 20 9 18 54540 1.0062855078544022
19 29 13 2 66475 0.9913623437236285
21 8 25 22 50003 0.9693166228680832
28 23 5 21 55934 0.9455414564190026
17 29 3 7 74113 0.9939047221903998
19 8 23 22 54001 0.9593275553000926
12 22 16 14 33860 1.0746066208216538
5 22 26 19 55868 0.9563903187346439
22 0 19 27 69312 0.9984575529673927
10 5 13 22 39519 1.073718146983489
22 16 4 19 53383 0.9139889849672285
0 26 11 9 60124 1.089556503636468
20 3 4 5 70571 1.085924083996167
2 12 11 26 57872 1.0851174630790341
12 24 12 0 37956 0.9824368573289165
11 6 23 14 52558 0.9327071701879524
8 18 15 29 42193 1.0934810007903126
19 23 7 27 33027 0.9711726858045062
17 28 16 5 52419 1.0886510525424997
2 28 27 25 64302 1.0007585536778685
15 8 27 19 52849 1.0520591178203862
9 7 29 8 64457 1.0546849907233413
26 14 13 18 52967 0.930508222264395
26 6 25 15 25004 0.9799615259150893
4 4 24 24 79803 0.9890760002457609
7 25 23 25 34909 1.038603732503307
18 29 11 7 51310 0.9671432635349745
0 7 1 29 89510 0.9407205151876635
0 29 16 20 65703 1.084909056272489
0 29 21 28 67902 1.0189998155408637
27 12 4 7 68894 0.9441709009341439
25 22 2 1 91504 1.0801469078426316
23 11 9 27 68426 1.01996712177771
19 22 7 3 63119 1.0711134445841555
26 16 12 6 55732 0.996419669475797
23 4 15 27 76379 1.0097789741773413
25 9 29 25 49701 0.9272146575031421
15 14 12 1 32621 0.9277479735909769
18 28 28 27 23181 0.9683308326758308
29 13 25 0 41149 1.0236645880396251
17 18 1 20 45179 1.0134496607806056
23 18 12 13 39213 1.0467088759197483
2 14 26 9 76661 0.9617278204138456
4 11 24 17 77213 1.0142802417765289
19 2 23 11 43903 1.0733373295364839
21 6 24 18 51271 1.0638318850194386
24 3 20 10 41105 1.02161969192571
2 29 19 18 67921 1.0903508920224536
9 4 27 26 84888 1.078801163045875
0 29 7 20 44076 1.0001463353402509
27 22 2 23 58824 1.0059921626658515
26 12 19 29 65097 1.088492543535119
14 22 18 1 42981 1.0692266552136973
10 24 24 7 64316 0.9875493248639471
7 5 22 21 66517 1.088241040459184
14 7 21 24 37358 1.0922789432034155
3 22 9 27 25148 1.0343991632972902
2 25 14 18 37274 0.9453830107982939
2 4 24 26 101994 1.0335977516652677
9 28 19 0 72833 1.0590099941045765
8 6 2 29 72413 1.0050945027459344
8 5 28 26 86075 0.9495269722111893
10 18 23 2 71506 1.0880892741638055
9 0 9 27 59066 0.9082957830140367
22 28 18 21 24586 0.9346539277557141
12 13 0 0 57780 0.9280607836502647
16 11 18 3 26163 1.0429431347812823
7 8 13 20 37520 0.9759818457205638
8 20 11 27 28395 1.0493457620568392
18 5 21 24 45334 0.9021044702037955
8 19 22 6 59360 1.0999360306339554
12 18 29 27 48086 0.9503263401377314
7 3 26 16 75789 1.057397686859967
13 7 1 20 54517 1.067915304061678
3 10 24 22 80145 0.9452797538229409
21 21 17 6 46978 0.9879110402831913
9 11 3 7 35871 0.9549014053531264
22 2 2 8 72449 1.0003501496671878
11 7 14 19 26487 1.0848655892107095
16 26 29 25 37059 0.9647119359270964
0 12 2 29 80307 1.0243419304197856
1 1 11 18 63024 1.036110764380332
17 7 20 28 54945 1.093127969888776
9 6 25 9 47642 1.0121344858940473
16 10 10 6 28294 0.9656761925887443
10 21 6 9 34946 1.0364797019920997
18 4 1 5 68081 0.930869031310027
18 11 12 1 27847 0.9104681065016205
25 17 24 26 24380 0.9551576287868633
3 8 7 25 47814 0.9736938625478303
20 28 10 21 39353 1.044294061103051
2 3 18 10 66408 0.9655741935154736
3 11 14 17 48974 1.0634256360103385
5 11 21 20 65497 1.057598423928916
4 2 21 17 85941 1.0944332250843558
21 21 0 23 56627 1.0495347189227537
22 14 6 2 72616 0.9904970850653729
3 10 27 19 74594 1.0200058169911632
20 24 21 2 66993 0.964254497398929
3 4 22 15 84969 0.9627942998644582
26 8 1 19 80614 1.0964956568522444
28 17 0 17 87064 1.05296656642684
11 29 6 1 70334 1.0082289878187085
11 2 26 26 72250 1.052931887866346
1 21 21 10 80183 1.0425674355101462
3 28 23 16 74284 0.9103807510848089
18 19 8 12 39634 0.9356154615656829
16 24 16 14 30214 1.0271828902341047
28 14 27 27 49435 1.0777740535525107
14 29 22 2 68521 0.9155747010837206
19 10 2 12 53266 1.0063098869119482
23 28 11 2 73302 0.9612143499950745
0 26 10 15 55663 0.9375058299690315
19 7 26 0 40689 0.9431840742916652
8 28 20 8 65151 1.0286432863799995
11 17 22 28 48126 1.0002719515174245
16 29 16 17 43355 1.0985703990241629
6 22 0 26 31693 1.099859970963211
21 21 26 29 43119 0.9791643449725129
7 13 16 7 35759 0.9239976692677712
9 19 14 0 41925 1.0015127115315856
27 27 18 29 23506 1.0479285491954906
17 12 1 15 67265 1.0338331746727398
7 1 0 10 41594 1.097956162615867
26 7 11 7 46355 0.9325690227409653
4 25 14 5 50302 0.9520062517555322
8 24 20 2 68942 1.0365402851399965
4 25 6 0 63019 0.9472144904702857
26 13 11 20 56641 0.9473654981947779
29 22 8 16 68443 0.9566853550336756
25 8 29 25 51605 1.0110080274054893
3 13 28 21 82197 1.0287303579158085
9 14 14 2 37894 1.0465690230675744
17 15 10 19 25559 1.0346008214518994
6 3 22 12 64583 1.0637421970112442
19 8 22 27 54465 0.9124567809873964
13 4 24 4 55569 1.0463675447641694
7 6 9 24 39534 1.092126656695648
4 5 12 16 42417 0.9318637069834231
9 5 29 9 60646 1.099237923692607
25 16 15 2 61059 1.0279726856439058
19 18 24 23 35210 0.9654317751740721
28 7 20 16 53905 0.9923410371133328
7 10 24 9 41271 0.9645248453379383
11 14 20 6 42753 1.0696702897496206
10 11 0 0 57392 0.9014556042850269
6 14 0 21 47982 1.0597917457649366
13 29 28 13 71043 1.0434525672700052
17 1 10 19 45914 1.0040532959611495
21 20 3 24 50270 1.0204818382370822
2 26 5 7 62243 0.9594088208058524
7 21 2 11 43828 0.9925079589091317
17 5 15 19 32111 1.0038201130693123
25 11 29 4 37838 0.9811082205720395
9 21 13 11 35438 1.0324882527870263
28 15 3 2 101681 0.9640699219532525
8 2 0 13 53259 1.093435721323889
4 7 11 27 57267 0.9581296273070453
21 6 0 26 86094 0.9042436280604098
23 20 24 1 55790 1.033895704258382
0 18 7 25 35957 1.0178200651063851
3 25 2 0 79507 0.9844236830555468
14 7 19 2 29931 0.9199153502263397
8 21 7 5 36487 1.0478361448879545
29 0 3 3 86650 0.9604951919719608
4 17 26 29 75266 0.9973466902040077
0 20 19 15 64919 0.9272943827124596
1 9 6 3 34424 0.9482297779685488
5 21 1 6 63265 1.0628997905589808
1 3 26 14 103444 1.0605167693747477
24 4 11 29 87381 1.0091080528944898
6 2 24 27 86245 0.9412426813869319
8 12 22 0 63226 1.0966313386153055
19 8 2 22 71212 1.0945201613408908
14 9 21 13 26407 0.9767125280371082
28 23 8 9 65682 1.0180552353016765
27 25 26 8 55170 0.9231213025415328
6 25 25 6 72382 0.9438599122333984
16 16 1 2 72911 0.9030890400696787
15 25 6 22 24850 0.9047563973865778
25 8 3 23 78060 0.9517409273761606
10 11 7 3 26727 1.0735495591101558
29 27 24 17 39946 0.9992469264179751
4 13 1 2 51616 0.951999023998758
27 5 20 18 61031 0.9195363577590646
8 18 12 2 41384 1.0405008748153
23 0 26 13 38251 1.086863021006654
2 8 17 0 57752 0.9546367761006885
11 25 24 8 60408 1.0983619255894284
15 19 16 8 29025 0.9037590149042807
20 8 26 28 69348 1.0349609012134726
0 10 19 7 57504 0.95984375045225
0 2 4 10 47630 0.9286291297398551
28 7 8 21 81262 1.0753153058372082
20 24 3 16 53810 0.9562097503611251
26 29 23 17 48390 0.9570252374241676
13 15 29 15 69571 1.06676451676823
13 11 4 17 43467 1.0745488572713147
25 19 9 22 45855 1.0712463691438636
20 14 14 1 42625 0.9749914758076018
27 16 0 24 71829 1.007578780263296
26 12 0 13 82891 1.0798445732264343
1 28 15 5 69384 0.9213817386512165
4 29 13 21 37279 1.0194903648767477
11 28 23 6 72442 0.9285044134501425
8 2 13 24 54691 1.0248093846575939
4 12 15 12 40172 1.0187548135537818
29 25 15 0 74334 0.9021202975993072
4 13 17 20 48444 0.9733294154971124
19 18 10 5 51363 0.9853390519331306
21 7 2 6 68052 1.0808139454399441
1 18 28 7 92264 0.9787608360412356
6 21 29 2 99647 0.9285060820026687
21 27 1 4 96933 1.0432556376934556
28 20 18 7 51633 1.0774403736188314
5 28 22 9 67789 0.9221309508272639
17 28 3 17 58648 1.0582920073815716
19 24 0 29 55306 0.9895503974129782
16 6 9 20 47337 1.0064749666813002
13 20 7 9 35379 1.0736703899795177
14 16 3 1 53165 0.9814428942980277
18 7 5 6 41892 1.0046248184915816
19 27 26 9 58400 1.0884507532275438
26 11 13 26 65605 0.9656981595465183
11 8 1 11 41446 0.9578886562897652
16 27 20 16 34214 1.0752891721093665
23 22 0 10 88147 1.0606085556276161
14 15 24 14 42874 0.9667795022879053
17 21 9 24 19061 1.097381311474041
19 25 21 3 71587 1.0998640835814046
24 27 4 24 42361 0.9274465307541505
17 23 8 7 54271 1.0468837546699836
3 19 19 26 45529 1.0134726179153473
14 24 29 15 61772 0.9047426737449396
7 13 2 20 31564 0.9989236875742762
1 14 10 2 63805 0.9582596070512279
21 6 24 27 68208 1.0538337263779711
1 22 3 10 52808 0.9075909949474593
29 15 15 2 79398 1.0376496022781918
4 3 28 10 79697 1.0435013935323614
25 28 18 13 44777 0.9557532022889277
15 0 23 29 75491 0.929059569046329
0 29 15 21 56731 0.9196789090104215
28 5 14 26 74600 1.0419286183739298
21 21 28 18 32605 0.9266707630946067
27 14 9 8 65896 1.002585024310627
23 20 26 10 37564 0.9016035206028038
2 6 15 5 52872 0.9532030157093612
2 14 3 2 56464 0.9347642427506727
7 11 12 3 25028 1.091283511216384
14 18 7 25 23442 1.008294743919609
14 12 29 17 58280 0.9814531864546536
18 17 27 27 38655 0.9930448184851732
8 26 12 16 31346 1.0262099124530508
8 5 6 29 61717 0.9708335976054686
19 22 22 0 60794 0.9024584696224238
25 12 29 22 39387 1.0835384391041318
25 23 29 16 32498 1.022511060959004
25 6 25 22 37618 0.9491776720225618
10 17 13 3 40184 1.088202387429025
3 0 13 25 70445 1.052580878730487
10 24 15 10 32956 0.9238435396568433
17 0 4 12 55226 0.9205268371197555
18 21 4 19 36522 1.0275665688418365
15 13 1 22 54806 0.960602202166545
17 24 14 11 24258 1.0483391360510057
19 23 17 14 29402 0.9672920031981229
18 11 6 24 46829 1.0168100063944552
23 10 11 22 54421 0.9380752757111293
5 7 5 27 53650 1.0512479019896084
23 1 13 24 61901 0.9430358588756186
12 26 22 15 49036 1.071332937078769
5 25 18 5 59856 1.0709964009551678
3 3 29 6 98693 0.9865334938006695
16 25 28 5 78801 1.021901025866562
25 19 14 1 52992 0.9553490979306238
14 0 18 10 24786 0.9539261628534267
24 8 26 19 35419 0.9278457545265048
29 6 27 27 70200 0.9772071873507202
28 15 4 4 91894 0.9641379598395712
6 1 19 13 52427 0.9028093685172665
10 1 1 26 72188 1.0801386355658544
21 12 16 17 33977 1.0576637435226401
18 17 21 25 27956 1.0297678004368795
15 21 9 25 24363 0.9290314957717498
12 9 3 27 47869 0.9690217641547139
0 26 8 23 31983 1.0123373088415872
25 15 11 10 51182 1.0477215863891929
17 5 0 28 78168 0.9261250220342737
22 4 12 11 48016 1.00466204405555
12 23 4 2 60727 0.9450644862429014
6 0 27 18 86274 0.9087693037922757
1 29 0 15 76055 1.0529127531065074
12 26 2 18 41511 0.9774600392015907
2 0 9 16 58635 0.9689058700387881
17 0 18 27 58142 1.0333797253688748
15 24 29 11 67551 1.065112133997351
9 1 1 19 56304 1.035272600402338
22 24 7 6 58506 0.9605116935694309
6 16 23 14 71090 0.9477913483464593
4 5 3 21 55243 1.045847442593386
12 27 29 3 95105 0.9700759926322817
22 3 15 23 72343 0.9230795397325391
0 16 21 16 77732 0.9278444182366188
18 3 11 6 30799 0.9237909020552183
25 17 3 24 55178 1.059754822469989
17 5 1 10 51523 1.0645942526478263
1 11 5 1 48564 0.9224558294226747
11 2 24 28 75247 0.9376668568387696
27 1 20 21 73269 1.0965460665251616
16 27 16 2 58613 1.051648192455858
11 8 3 16 48102 1.0951607574657156
17 19 1 26 48303 0.941955900876045
11 10 19 21 42382 0.9192933564842126
28 10 9 16 65385 0.920090156432208
0 13 8 5 44025 0.9063181931444138
6 13 17 24 42588 0.9967211876301756
1 28 11 20 44276 0.9225145631649417
23 4 2 22 100015 1.0246424164834225
21 27 1 2 94044 1.0327425865071802
20 28 25 7 64620 1.044538884244868
21 1 23 19 54662 1.070163232121378
15 24 6 25 19178 1.0995894343749626
24 19 21 28 38195 1.0717191550378464
24 0 13 12 52722 1.0191225733325233
1 1 20 22 84880 1.0268379087193924
4 20 4 9 33962 1.059745603546557
24 10 9 10 46247 0.9147847212927247
8 23 18 19 32693 0.9187123909857291
1 19 26 29 75312 0.9562036914303882
3 25 15 11 52033 1.054005771245421
4 8 14 13 32554 0.9410280900698114
15 12 2 21 53037 0.9735759718485046
16 12 4 0 54479 1.0959017075518451
17 10 16 25 36540 0.9687182205618834
6 29 25 16 68102 0.9823004715801448
17 1 3 3 50201 1.011852663852191
2 14 0 4 65038 1.0842326422662139
24 9 14 21 41143 0.9948637615684285
5 19 23 10 61649 0.9115048588069448
28 10 17 25 63552 0.9678004143315203
3 17 29 2 113213 0.9351731885183419
3 10 9 15 41560 0.9971514737483049
20 15 15 9 33657 1.0845561129256882
28 22 14 18 42057 1.0807025585721304
13 20 19 7 40146 0.9868072432311648
6 22 1 17 34247 1.0397292283989075
28 20 15 3 68536 1.0398816546819047
4 28 8 21 27616 1.010316731349867
21 13 27 23 51689 0.9653174537295313
10 8 4 21 44367 1.0319771524000279
14 15 2 17 49074 0.901226640188905
14 28 11 15 33224 0.9788661786694439
2 10 27 7 74656 0.9816074043912897
24 23 9 24 31234 1.025270782978706
25 26 11 2 68246 1.0226533209248554
8 28 28 8 81825 0.9776441596335742
3 17 10 26 45918 1.0638466794214387
25 1 29 14 47156 1.0431884262150863
29 22 3 3 109047 0.9325231881444308
3 18 18 11 57281 1.0570943320555877
4 2 20 16 72984 1.014680096579208
25 4 4 9 59512 1.0668921630994415
23 2 4 13 76593 1.039107382893114
1 0 23 17 97612 1.020008971274964
0 28 13 25 37739 0.9142456993895076
22 2 5 4 66139 1.0660070954156353
17 10 4 16 52116 0.9030376130774894
17 2 10 26 57715 0.9081166315688702
23 5 6 26 83929 1.0981313935684238
24 3 22 21 63485 0.9271901856388024
0 12 28 10 83304 0.9602322212525023
7 13 14 24 34503 0.9646117524528901
28 10 3 15 85639 0.930462576746065
8 5 15 17 49660 0.9671199448491042
6 15 26 15 74895 1.0477248473017429
19 16 3 6 63777 1.0266957812888222
4 12 19 15 59879 1.0727900475653354
25 8 6 8 50785 0.9822806062448085
1 15 17 20 61371 1.0972175323917854
25 9 4 27 73245 0.9702959972995057
13 0 0 24 62247 1.0989397520150013
10 21 3 2 70406 0.9788988621143595
5 4 15 17 59471 1.0970229534380898
14 5 11 28 44089 0.9068651981521032
24 29 20 23 34721 1.0577226140146647
12 29 3 16 49131 1.0627534676597494
27 8 21 2 47640 1.0988222513773824
16 1 26 21 67733 0.9612315754728923
11 22 9 8 38807 0.9648961663442456
14 20 26 8 52567 1.0531835170417774
10 22 12 9 28042 1.0153317334707217
23 18 7 5 63915 0.96503455679742
14 2 28 27 66207 0.928748459421553
13 3 13 26 47447 1.0740311705749492
28 5 16 6 53031 1.045022652323716
12 1 24 8 45193 1.0644585271609572
7 20 4 4 45347 0.9845435846281054
22 10 19 19 36287 0.9576515888050889
20 2 7 16 65875 0.9333220895277383
24 26 3 10 80121 0.9697711334571416
4 27 15 20 36372 1.0283376015206316
21 9 29 24 53126 0.935333750383972
14 11 7 27 37716 0.9487992338008029
3 22 16 17 54377 1.03176857457373
21 15 6 23 62555 1.0953483214597668
19 17 10 0 57105 1.0475108182580546
20 5 11 28 64252 1.0159526903674525
18 26 29 28 32134 1.063822825301308
20 11 17 2 34213 1.0188814476160593
3 2 11 15 63011 0.9939891938298294
22 12 24 23 44343 0.9209864246261418
6 12 18 0 50322 0.9956743669816419
27 9 9 17 64689 0.9767374183554236
20 1 10 26 65979 1.0991697855654476
4 22 19 29 47947 1.0255392982501395
9 0 22 10 50195 0.9585951134771697
10 10 19 2 41852 1.0844495943048729
4 14 14 3 47493 1.099089962315676
2 17 4 8 40555 1.0158348472683691
14 11 0 14 56091 0.9463759372677408
16 7 25 29 65041 1.0406147804849935
28 9 19 2 45622 0.9229617417527948
1 0 18 12 65441 1.0297047588325137
8 23 2 10 53581 0.9424317345268431
27 0 5 12 79193 1.0559505225720436
20 4 7 2 52754 0.9012880760679205
28 19 4 1 85930 1.039705713521367
25 19 4 13 63839 0.9365752008309425
7 16 27 1 77812 0.9063568724182689
2 21 26 21 66160 0.951490309494133
20 13 19 24 31719 0.9083538328718379
4 25 4 3 65123 1.0541819815088824
16 3 6 2 46384 1.010593030519127
8 8 25 1 61824 1.027900774692963
26 21 8 19 48889 1.000751552970868
22 15 14 12 37223 1.0438563730197594
18 11 24 4 39239 0.988893129012707
18 27 3 18 50568 0.971266634015115
20 1 8 16 61142 1.0008009540872664
8 16 2 11 37991 0.9083200603034909
13 15 0 14 57376 1.0828598169361032
7 19 2 24 19226 0.9641759101518335
18 8 24 4 37498 1.0366643989502795
8 28 28 29 57297 0.9901399329693197
3 14 26 9 73906 1.0474751727459435
17 16 2 22 52632 1.0846942427229307
8 13 0 15 40928 1.0762816745426405
11 14 18 18 32490 0.9955792295252787
16 23 27 8 67775 1.0472688315286367
7 12 20 0 54330 1.036597614821605
24 1 27 29 81602 0.9322197988955682
23 2 16 5 33442 0.9010529916071338
20 4 5 0 60090 1.0199836996358385
25 27 24 7 51152 1.0617966462335577
27 17 12 28 58680 0.9457031502154993
11 19 6 27 27177 1.056051638374612
4 17 22 24 49837 0.973450290161147
7 22 26 16 59449 1.023095185068207
9 11 6 18 32366 0.9624424238226607
12 26 10 12 29360 1.0447312593841527
1 23 17 18 45417 0.9724450829318156
28 7 13 12 49565 0.943613936140595
1 3 24 13 95663 0.9749923653168735
2 23 11 21 33381 1.0993843351271495
9 2 12 19 42249 1.0544986968112113
3 24 14 2 53948 1.0169468735739318
14 8 26 15 49281 1.0825718149932826
27 26 7 3 82806 0.9765525281975195
26 11 5 21 82382 0.977605416873601
21 10 17 28 52388 0.9182160421551493
17 11 23 19 30083 1.0418794944428742
4 4 7 13 31063 1.059134850602728
5 11 13 22 44867 0.997381641553496
10 18 16 22 25896 1.0443986637732543
29 1 16 8 53149 1.0595762205701054
8 16 14 12 28182 1.0107907785422956
21 4 9 23 77717 1.0743503640101544
10 29 16 18 40474 1.032332714659276
19 16 20 0 43175 0.9334733166622688
8 6 13 12 30516 0.9339261576386919
9 12 16 15 37595 0.9886841984280438
29 17 2 24 75220 0.9323493698009667
23 29 25 17 39220 0.9531263320301973
27 5 10 23 78595 1.0811254781202109
5 15 24 15 78286 0.9680307418666141
11 16 21 16 42459 1.0108832346369883
15 23 29 11 74440 1.035856267069757
20 1 9 11 52525 1.066633013387078
25 15 26 4 31704 1.0488063614971002
24 8 15 21 51820 1.0540904307920584
29 11 15 5 59637 0.9407413908595914
17 1 6 29 73948 1.0755091620130632
16 24 24 8 54187 0.9537484995447751
1 27 25 13 76771 1.0764943913346348
0 18 7 26 38452 1.0297050439419493
25 21 15 10 47461 0.9254545943857656
14 27 11 8 40931 0.9306055872098318
13 13 22 5 44329 0.9494013331100448
10 3 15 24 52615 0.9479241440321762
3 29 1 13 68869 1.0354452020874203
13 20 24 24 29519 0.9291337430183217
16 25 3 27 34372 0.9653595909389371
22 6 2 10 64906 1.011371601188868
27 16 18 29 52538 0.9087821625350999
25 15 14 11 43007 0.9029114684212715
3 20 3 3 66481 1.0071282557715149
14 16 27 23 41910 0.9782463654466191
28 8 11 6 49245 1.0942290319711439
4 5 14 4 44091 0.9349255712249361
22 27 9 23 35562 1.0015019100780598
18 26 2 13 61743 1.0333269975302808
16 18 6 1 57460 1.048332252716503
4 2 12 27 67485 0.9662606895986664
3 27 11 6 56364 0.916788484579222
11 17 21 15 52434 0.9683512404470946
20 23 4 14 61651 1.0269182295047499
4 18 17 18 35557 1.0808718539118338
6 23 5 14 38746 1.0852617043213475
28 22 10 17 57402 0.926730177199122
27 9 12 29 65942 0.9513276613008181
27 5 5 8 68944 1.0457552609200316
9 22 26 29 57199 0.9495059934658254
4 0 25 0 62143 1.0860606870120166
0 18 9 7 56943 0.9942623905607042
29 29 10 7 87330 0.9702356734518387
10 13 28 28 63027 1.0636745170758137
15 3 26 12 53489 1.0672831152696605
3 18 13 15 40876 1.0699162534954378
19 22 4 29 44570 0.9072587220611822
15 16 26 10 47301 1.0844236181729678
4 15 25 9 66145 0.9169168938964211
9 26 26 29 54420 1.0621253720011694
1 29 8 25 30961 1.0916891567269453
7 3 27 3 71176 0.9397671346127237
19 21 2 22 47420 0.9425476074981944
25 22 28 5 54244 0.9879950673282011
3 1 16 5 48020 0.9566842355275483
3 22 22 26 49586 1.0073245331412701
11 18 6 24 26599 1.0097824645383446
0 7 29 22 105605 0.9464847566974429
7 5 18 26 57248 0.9075943898345084
3 7 19 3 63258 1.0253071679490593
3 12 18 7 47209 0.9205009709209556
20 25 15 2 57209 1.019594169171556
19 11 12 15 33167 0.9994924216063219
28 10 22 28 65270 1.0074811607258793
3 17 17 7 64867 0.9627243547341768
18 24 5 15 47571 1.0296446633094907
9 16 20 6 50446 0.9294684982417631
15 28 28 9 66379 0.9134365890792637
5 23 19 18 44723 1.0982677476093035
12 6 29 10 50440 1.0190697543211327
16 3 12 25 53902 0.9349430742551836
26 10 14 26 57749 1.0099254950840264
14 15 21 5 39588 1.056882215934049
19 15 28 25 49627 0.9246877495858438
26 25 28 0 72300 1.0566742691763031
22 16 7 20 48877 1.0592561131797797
12 5 0 19 49107 1.006217954264033
22 11 16 7 30264 0.9262561279598476
12 4 1 27 59037 0.9756665208095906
29 7 3 29 108426 1.082281988521341
11 4 14 12 24346 1.020738128124666
28 7 0 5 96232 0.9021736378715332
20 4 13 23 61005 0.9845054256648158
17 27 12 20 21197 1.021268563808258
7 6 29 19 71015 1.0219239788656487
16 20 28 23 38210 0.9094597292779548
4 27 20 11 69584 0.9174759307121954
24 15 7 8 65883 1.0980261218507301
22 24 15 16 30172 0.926071529685408
9 11 7 28 47673 0.9210827311190695
26 4 19 0 35548 1.0914714020706142
13 22 0 8 59961 1.0157975912762367
12 16 26 25 41897 0.9401531471654131
17 25 3 0 74968 0.9262920610428973
6 19 23 23 46358 0.9042292002047143
5 9 11 15 33738 0.9989675600072907
14 27 24 2 73461 0.9054657867973085
19 24 23 0 65986 0.9418149877439316
16 8 10 2 38670 0.9786939310861654
3 23 22 21 54612 1.0300124132416832
1 24 12 17 31692 0.9136926899511181
24 28 1 6 99878 0.9176171202039084
16 8 6 3 49097 0.9377199519488315
25 24 29 15 42815 0.9230817140635347
17 28 14 14 28893 1.0388268027917735
18 17 20 1 37250 1.0783064289119453
3 2 25 16 91588 1.0275881199478951
21 18 18 6 40571 1.0785422289481696
5 6 19 27 67140 1.0852107458607474
15 21 25 8 50565 1.0183474607741088
19 29 14 7 50357 1.0894681227197607
27 0 7 11 71162 0.9001066071216909
16 7 23 11 34946 0.962800070948521
3 14 25 2 87175 0.9344185558891361
11 29 10 15 44048 0.9673790392368019
11 14 20 6 42753 0.9066326307072917
11 20 13 5 34740 0.9376449241013632
29 12 12 5 55960 0.9664951933777464
1 22 9 20 37294 1.081234632248596
7 7 10 14 25220 1.033890477566123
22 1 0 25 88907 1.0168328139407536
1 21 13 23 43830 1.071054916587538
3 4 14 27 74385 1.0492909892953908
12 11 29 29 71955 1.013221099031484
25 19 7 25 44879 1.0332978233334076
16 18 7 6 46552 0.9900877091824064
2 19 13 4 53506 0.9686431820253607
7 22 19 1 63589 1.0339425407538227
24 5 0 21 100579 0.911854131636782
14 0 24 26 64660 1.0495631702121069
8 5 18 18 54960 0.9348786637524573
16 3 9 21 62492 1.0721904312954993
26 5 18 25 64244 0.9014832664434232
3 26 3 12 50908 0.9777531261683037
10 23 23 14 63645 0.9204678118727926
21 14 10 4 58208 1.0958091027254366
19 5 6 14 53627 0.9532946234581113
15 0 3 16 66560 1.0413616632029867
2 12 14 2 50253 0.9723207285461178
2 26 16 13 55742 1.0445875201076942
5 14 19 12 54473 1.0622094826385333
27 17 10 26 62070 1.0761901953074553
11 18 11 0 36512 0.9166958981448633
0 15 13 24 62150 1.029648596476373
20 8 13 14 34296 0.9124348977825087
10 0 28 21 79233 1.0612035443756054
2 8 17 7 45339 1.0457413186726858
10 28 14 15 31126 0.9194112508013103
25 5 7 17 66728 1.0766052535750257
22 24 27 18 27651 0.9943483637351932
9 20 19 21 37117 0.9747610712986776
6 5 22 5 64786 0.9490711648684145
4 13 16 3 59953 1.0637701135430035
16 2 12 14 38238 0.949452634069864
16 11 29 2 65511 1.067279527869448
7 20 8 7 31004 1.001361585401655
22 15 2 13 75788 0.9543825385406514
5 0 8 25 63204 0.9903001010404211
8 24 1 18 31870 0.9722994401298132
2 29 23 18 76087 0.9181217098374924
14 26 9 2 56534 0.928477719296782
12 17 22 29 45038 1.0744372579138186
16 4 18 13 27767 1.0986202738335262
24 4 29 25 67731 0.9877864888447798
16 21 26 27 33574 0.9129274110697918
24 10 24 21 35414 0.9029686552979019
6 21 20 19 37710 0.9379868047323823
29 28 27 19 37522 0.9964354494266963
20 14 5 29 73035 0.9566092459834695
10 23 26 18 50592 1.0021221564568115
10 21 15 9 33835 1.0334635479473373
27 12 14 14 46484 0.9303079665293382
1 4 23 26 104407 0.9144168047208934
13 22 9 28 24252 1.0683649199467302
6 18 24 1 77934 1.085612996986337
26 4 2 18 94138 1.084167150626399
2 5 4 15 40331 0.9327200838319004
21 6 13 16 41907 1.0745968007619207
0 3 6 8 54038 0.9439147175950549
27 15 20 27 52465 1.017648399189373
2 8 21 9 49875 1.0862943466441162
21 10 6 17 64089 0.9071307436828211
0 0 18 3 58356 0.9485957080694356
0 22 29 25 70530 0.9591870443386386
8 16 12 24 28423 0.9736220148869006
0 10 17 15 59801 1.0603304594226017
27 14 8 6 73121 1.0895115514278084
3 9 26 22 75077 0.9530968546959413
28 8 25 29 58153 1.0658647930051512
19 22 6 23 32672 0.9630860067303714
2 3 8 20 68282 0.9762800428564308
10 20 6 7 38227 1.0887450043867397
26 0 5 29 101684 1.0406303023484302
18 13 19 1 25934 1.0739590789959859
26 16 24 5 34389 0.9812291032028498
20 25 1 22 49753 1.0681159931779778
15 11 29 13 56565 1.0610105978307471
27 16 7 6 73014 0.9759738671392354
2 10 12 7 33052 0.9595932552311037
0 29 2 13 73021 0.9214274964065672
5 20 23 15 65321 0.92507047557914
23 24 5 1 74327 1.0274159099056765
23 2 15 4 40967 1.0949986818047797
7 5 26 9 52590 1.0650542494530508
7 27 7 14 26713 0.9333887703973197
8 15 5 7 32851 0.9539041890653684
29 23 9 22 52384 0.9076598170720217
16 17 7 18 37324 1.0261210191754893
26 24 19 29 34114 1.0196141948385857
0 6 19 16 77883 0.9729951476943499
5 3 25 7 74117 0.9309824917003795
22 28 17 22 24246 0.9230792781102347
15 20 25 16 37772 0.9768007339369281
17 20 12 8 29915 0.9710304122676701
3 6 10 27 62926 1.0414109101913145
