7350 7909 7294 7658 6985 7877 6943 7354 7017 7714 7862 6881 6798 7890 7744 7386 7306 7506 7205 7767 7341 7968 6899 7984 7848 7220 7040 7755 7726
6289 6119 6810 6928 6116 6455 6393 6266 6648 5751 6793 6535 5802 5845 6472 6520 6910 5865 6500 6394 5741 6615 5822 6223 6231 5925 6322 6166 6247
8119 7222 7184 7612 8218 7857 7268 7849 8166 7430 7945 7596 7371 7657 7209 7620 7310 8353 7730 7927 7712 8274 7452 8141 8255 8069 8067 7638 7169
6833 6822 5954 6057 6262 6037 6726 6259 6811 6882 6728 6056 6463 6023 6395 6830 7063 6328 6931 6354 6523 6988 6696 6898 6183 6056 6448 6208 6963
6128 6194 6531 6928 7256 6200 6890 6575 6597 7243 7171 6627 7041 6461 6893 6973 6787 6714 7291 6379 6883 6941 6648 6676 6425 7093 6402 6795 6153
2227 1938 2468 2059 1749 2238 1642 1627 2255 1648 2308 1741 2584 2066 2501 2542 1542 2057 1629 2387 1521 2630 2452 2277 2402 2022 2589 2550 2641
6402 5740 5596 6285 5552 6138 5533 6097 6143 5665 6024 5625 6345 5750 6032 6584 6525 6304 6041 6039 6411 6408 5816 6050 6065 6638 6505 6100 6173
2843 1969 2557 2003 1978 1956 3076 2236 2627 2869 2763 2624 2344 2236 3029 3053 2476 1913 2463 1938 2823 2929 2491 2213 1993 2701 1940 2352 2940
2762 3011 2940 1910 2769 2772 2775 2698 2197 1912 2239 3094 2948 2123 1900 3011 2222 2243 2195 2062 2497 2511 2102 2112 1995 2341 2531 2271 2671
6383 7277 6996 7478 6779 7185 6522 7205 6529 7212 7375 7563 7029 6958 6352 7285 6702 6917 6992 6433 6491 6468 7100 7190 7246 7062 7001 6874 6442
7471 8047 7655 8231 8456 8115 7897 7739 7898 8299 7788 7699 8023 7478 7542 8118 8455 8030 8026 8092 7465 8598 8503 7846 8313 8333 8592 8019 8560
5604 5157 5592 5441 5418 4848 5393 5810 5485 4696 4635 5043 5379 5590 5073 4927 5089 4721 5196 4677 4636 5169 5404 4647 5189 5231 5433 5795 5102
6870 6075 6456 6978 6432 7069 6423 6284 6378 6539 6217 6184 6999 6479 6735 6534 6110 6895 6029 6901 6402 6473 6844 6017 6698 6221 6617 7066 7145
2639 2999 3354 3242 3067 3541 3098 2492 2851 3678 2925 2692 2812 2952 2696 2650 3104 3445 2605 3082 3158 3528 2716 3414 2698 3453 3093 3283 3089
6308 5696 6518 5850 5980 6254 6471 6706 5841 6009 5523 6658 6271 5833 5824 5774 6703 5529 6539 6136 6692 6112 5557 6336 6631 5980 6301 5838 5772
6804 6874 6541 6454 6639 6633 6672 7373 7458 6869 6792 7307 6535 7422 7242 7132 6571 6609 7582 7297 7161 6929 6785 6397 6552 7003 7447 7387 7028
7563 7754 8573 7826 7911 8431 7647 8025 7825 8224 8723 7689 7943 7527 7983 8191 8660 8545 7635 8701 7534 8444 7724 7788 7887 8537 8360 8163 7652
2770 3073 3303 2634 2737 2438 2591 2852 2627 2455 2140 2526 3073 2747 2966 3273 2281 2767 2795 2757 3044 3157 2327 3213 2792 2595 2355 3273 3268
5550 5098 5503 5628 4581 4965 5480 5102 5592 5482 4703 5039 4724 5515 5458 4670 4718 5617 4620 5449 5393 5562 5299 4657 4582 5082 5617 4868 4970
7304 6677 6305 7015 6676 7174 6325 6886 7066 7312 7414 6853 6911 7238 7116 7084 6409 6444 7002 6886 7197 7199 6559 7053 6348 6847 6307 6734 7258
8402 8549 7703 8084 8127 7836 8692 8709 8428 8430 7899 7804 7567 8109 8026 8123 7656 7895 7954 7848 7591 7874 8247 8352 8456 8310 8314 8742 8362
6411 6342 5695 5644 5983 6437 6016 6094 6638 6131 5608 6109 5565 5553 6361 6548 5759 6725 6110 6697 5962 6237 6542 5774 6071 6590 6340 6369 6119
2611 2629 3294 3739 3699 3613 3646 3475 2956 2868 2966 3596 2615 3185 3704 3050 3629 2853 3296 2961 2563 3324 2785 3725 3167 3373 3542 3033 3284
6404 5640 6619 5662 6346 5911 5460 6546 6326 6459 6554 6293 6415 6606 5899 6598 5710 6562 5805 5712 5733 5812 5639 6486 6348 6246 6156 5692 6388
6512 6799 6909 6622 6810 6259 6423 6384 6642 6862 6926 6217 6068 6999 6690 6318 6597 6238 6002 6200 6762 6512 6869 6996 6943 7033 6474 6717 6367
5198 5629 5594 6009 5806 5651 5296 5547 5292 5530 6115 6285 6006 5343 5297 5974 5140 5335 5347 5186 5731 5440 5322 6072 5102 5935 5210 5847 5573
4838 3852 3803 3901 4331 4397 4814 4465 4029 4203 4676 4514 4470 4399 4097 4903 4195 3889 4576 4654 4807 4519 4285 4770 4539 4282 4981 4253 4880
5880 6436 5699 5920 6056 6622 6121 5524 5505 5939 5571 6602 6108 6047 6214 5729 6600 6560 5669 5549 5629 5637 6353 5828 5962 5614 5614 5904 6043
7449 7309 7813 7626 8115 7508 7862 7052 7407 8025 7889 8090 8079 7342 7594 7448 7167 8112 7532 7207 7617 8074 8115 7306 7098 7613 7107 7719 7678
3816 4289 4552 3948 3966 3604 3791 4597 4387 3903 3942 4137 4644 4091 4484 4059 3553 4482 4521 3505 3617 3638 3908 3518 4365 3738 4084 4283 4462
7027 7214 3046 2772 7669 7602 3261 7283 1752 4437 6172 3344 5372 2594 2594 4666 4329 4968 4435 3339 1102 8158 2951 5353 7473 2597 4532 1812 6586 8270
6935 6063 3347 1774 7450 6908 3335 7108 1187 3291 5983 4066 5274 2194 2779 4393 4800 4935 3602 3866 1873 7520 3053 5884 7647 2082 3950 2275 6341 7925
6183 6570 3056 2839 7783 6632 3995 6205 2200 4153 5518 4096 5508 2978 3198 4740 4113 5125 4347 4140 1385 8144 2567 5331 7057 2291 4266 2078 6246 8612
6511 6562 3241 1739 8567 7126 4010 6879 1588 3892 5446 3248 5169 2384 3525 4624 4542 4619 3242 4309 1618 8466 2802 5997 7827 1710 3944 1904 6887 7598
6005 6005 3052 2080 7643 7391 4197 7127 1739 3940 5456 4152 5601 2660 2624 5256 4578 5609 4347 4090 1319 7681 1963 5997 7484 2105 4592 1979 6859 8387
6797 7148 2759 2196 7525 6742 3726 6171 2330 3617 5887 4390 5574 2955 2432 5373 4527 5016 4377 3334 2155 7605 1997 5446 6799 2768 4042 1341 6595 8419
6101 6839 3730 2350 8248 6824 3530 6881 2279 4192 5983 4205 5434 2164 2479 5426 3888 5179 3835 3563 1182 8146 1944 5740 7244 2093 4137 1502 6379 8144
6162 6117 3432 1746 7882 7673 4114 6693 2167 3947 6295 3972 5427 2899 2347 5349 4533 5425 4391 3330 1247 7710 2157 4974 7237 2404 4143 1791 6480 7863
6220 6599 2777 2524 8634 7584 4231 6184 1892 3786 5715 3484 5966 2301 2979 4812 4389 4717 3504 3920 1586 7445 2730 5161 7006 1774 3921 1320 5878 7958
6341 6694 3338 2678 8022 7010 3754 6357 2103 3568 6121 4100 5744 2043 3072 4588 5055 5206 3246 3776 2046 8022 3139 5604 6763 1583 4407 1878 6468 8757
6476 6982 3658 2781 8304 7036 3335 6117 1486 4395 5940 4008 4966 1884 2952 4591 4715 5016 3262 3204 1605 8462 2366 4844 7680 1928 4701 2230 6014 8221
5948 7008 2710 1769 8293 7510 3342 6939 2106 3427 6434 4150 5689 2096 3436 4734 3908 5565 3557 4165 1399 8341 2708 5964 6729 1738 4163 1146 6363 7680
5879 6283 3582 2905 7536 7016 3705 6287 2246 4197 5796 3872 5952 1933 3005 4485 4597 4955 3473 3662 1573 8284 2316 5288 7785 2474 4053 1650 5863 7987
6042 7215 2769 2542 8173 6970 3524 6219 1551 4292 6224 3652 5071 2769 3399 5350 5021 4514 3446 3471 1898 7778 2839 5572 7523 1708 4885 1365 5957 8292
6040 6025 3678 2170 8315 7421 3302 7232 2310 4245 5372 3314 5477 1813 3118 5407 4262 4481 4130 3215 2234 7413 2609 4981 7386 1956 3826 1919 6885 8266
6357 6792 3040 2139 7517 6606 4044 6287 2372 3423 5849 4025 4940 2968 2444 4382 4326 5374 3242 4282 1517 8359 2275 4977 7592 2219 4123 1682 6600 7967
6253 6952 3029 1756 7686 7024 4087 7252 2038 4066 6375 3874 5671 1786 2889 4304 4539 5496 3506 3357 1973 7752 2630 4859 6769 2194 4434 2042 6408 7922
6746 6787 3503 2468 8274 6667 3336 6699 2200 3789 5773 3409 5773 2065 3088 5044 4660 5590 4031 4033 1477 8547 2339 4859 7200 2423 3949 2109 6800 8263
6509 6442 2715 1960 8557 7300 4187 6182 1294 3232 5838 3460 5237 2868 2808 5145 4433 5137 3685 3490 1280 8285 3107 5210 7092 2010 4571 1446 6246 8739
6901 6742 2835 2361 8455 7319 4259 6656 2069 4420 5488 4204 5970 2650 3074 4293 3949 4870 3840 3745 1433 8488 2321 5972 7409 2751 4168 2331 6890 7880
6558 6686 3659 1898 8575 6748 3493 7131 1923 4039 6558 3739 5763 2193 2356 5402 5032 5351 3692 3678 1697 8119 2836 5906 6875 2753 4158 1201 5842 8665
6997 6448 3593 2223 8577 7004 3616 6555 1534 3329 6183 4055 5928 2302 3197 4446 3876 5409 3960 4073 1651 8489 2177 5889 7744 1689 4970 2286 6444 7587
6405 6962 2677 2322 8518 6780 3714 6528 1736 3709 6229 3309 6008 2298 2999 5279 4983 5464 3609 3496 1758 8083 2603 5936 7676 1701 4709 1545 5825 8589
6930 6357 3536 2828 7776 6591 3830 6378 2201 4334 6270 4299 6100 2275 2739 4821 4102 4532 4244 4070 1769 7795 2057 5124 7019 2121 4115 2337 6750 8584
6360 6542 3564 2010 8231 7141 3194 6389 1550 3814 5580 3725 5533 1863 3544 4618 4834 5504 3216 3903 2210 7765 2969 5239 6605 2760 4195 1788 6244 8036
6589 6555 3065 2877 8518 7656 3503 6590 2057 4186 5756 3905 4985 1846 3544 5070 4307 4627 4205 4021 2283 8347 2801 4956 6886 1821 4647 2166 6865 8296
5972 6249 2626 2676 7622 6835 3524 6764 2044 3836 6424 3662 5971 2445 3136 4835 3930 5023 3692 3982 1922 8568 2732 5216 7448 2549 3909 2195 6484 8607
6248 6606 3086 2489 8106 7160 3536 7021 1487 3721 5660 3919 5376 1972 2492 5220 3959 5578 3954 3749 1593 7920 2626 4797 7121 2236 3887 2059 6526 8491
6624 6367 2694 1803 8425 6750 3208 6479 1780 3418 5932 4075 6047 2828 3439 5304 5055 5405 4071 3218 1539 8360 2327 5463 7134 2368 5017 2154 6400 8711
25 25 4 9 77044 1.076515430006554
10 28 16 21 44244 0.9608557600861146
22 23 16 3 63625 1.003661983870392
26 23 28 9 67404 1.0059365653841448
29 6 22 15 43133 0.9881618239526836
10 23 27 26 55161 0.9039498818931974
20 11 14 4 43462 0.9561429943947289
6 9 14 22 48940 0.9617274818462572
16 24 21 4 78500 1.0726530837080244
1 27 20 29 51092 0.9928058416643712
1 14 22 17 61847 1.0157411501920808
8 20 18 10 48861 0.9201599494008912
9 7 16 21 58420 1.0224531840833548
28 27 12 13 71035 1.0220273666002095
19 26 10 19 44123 1.0546875455028133
26 21 21 6 61243 1.0755538937525855
20 24 3 26 50350 0.9887099061129354
12 20 5 14 23878 1.0163926320340793
28 17 15 15 61084 0.9374735324044353
14 24 14 12 48756 0.9485652962980509
20 17 11 12 45608 0.9196809237087564
13 22 27 20 31788 0.9344391485109688
14 27 24 6 81218 0.9675600531011872
16 27 1 29 38473 1.065896984265091
22 25 21 12 46109 1.0120970402252296
18 22 5 27 35487 0.9123106473628615
13 23 5 14 34853 0.9439442486064904
1 13 11 18 38928 0.9953038727095668
6 26 7 17 25601 0.9864029074261585
12 24 21 16 52376 1.0381051775843664
12 22 22 22 25449 1.0551920250558684
27 18 4 29 78366 1.0364695576767156
29 28 26 4 104177 0.9267306998809987
6 29 8 17 37816 0.9670928994194063
27 19 6 16 52785 0.9658380857966489
8 0 28 19 91894 0.9835127973582869
12 0 24 12 68365 0.945833630557154
8 10 25 13 46388 1.032953998201928
19 27 7 18 40524 0.9682809890540033
12 21 13 9 40616 0.9575745637920365
21 0 2 27 110426 1.0840486982822306
29 15 21 20 34845 1.0523668275522262
19 27 12 21 34199 0.9714706658935055
3 0 7 15 49006 1.0193679077328839
1 17 14 8 57635 0.9878552968688954
19 11 23 29 74535 0.9739940627744061
22 14 0 13 55684 0.9560405238288332
14 10 0 9 44845 1.0446789859529368
28 3 5 6 59714 1.064628662755109
15 26 6 15 49897 1.0056901119203305
11 1 6 10 42344 0.9606239111092758
23 20 2 1 83325 0.9656875362770599
27 23 28 10 65911 0.9834059527349173
16 18 7 27 42594 0.9336338459516026
17 19 27 2 70278 1.0386454034831496
1 14 29 18 73837 1.0743941401541033
28 10 5 22 86941 1.0813278208871435
25 29 23 7 85530 0.9689924905559447
9 17 20 19 39086 1.0322912389929906
26 15 22 6 38900 0.947052138650825
16 23 20 10 57544 1.022616631285689
23 19 0 19 49474 0.934818056643596
12 22 18 28 31148 0.9351246761945708
7 1 7 18 41709 1.0239078208022656
12 4 17 23 68940 0.9691828947490169
17 20 27 8 51015 1.0549762626466799
25 19 2 17 60302 0.9044073700903772
22 9 11 29 82445 0.9302912985697521
26 26 10 7 90042 0.9728500139421388
22 6 17 1 28337 0.9103222377325844
6 17 25 21 47577 0.9558151764431374
28 9 6 25 89466 1.0432557553606292
15 11 18 26 54161 0.9236143032472529
0 9 10 1 48192 0.9153025658625545
19 23 8 21 36534 0.9368471456303284
17 9 11 24 59163 0.9626539910893612
15 11 17 24 44825 1.0419041805553209
4 9 28 17 85885 0.920022786607669
2 29 11 16 64126 1.0351389358116687
29 17 2 2 99927 1.0269573820388933
4 18 15 2 63656 1.049764266679325
20 4 7 7 46896 1.0867547252135183
28 9 13 16 57957 0.9452982701100631
26 28 23 6 83082 1.088899689425791
29 14 4 16 70291 0.9548784759889362
29 19 1 17 69486 1.0078841723749643
27 22 14 9 68101 0.9071190087272983
6 8 20 22 61973 0.9371288579192593
0 22 12 22 30377 0.9134209730393587
22 12 15 23 50722 1.0631434310866772
0 15 15 9 62746 1.0899972616571318
16 18 9 2 66953 0.9901963171383594
18 0 13 14 54253 0.9045155223175732
28 26 24 19 43548 1.075388261545292
27 2 22 27 94796 1.0111851768603433
4 3 14 0 36063 1.034460600959131
28 0 21 4 42177 1.0143399516419693
15 9 3 29 84188 1.080911799270574
11 7 0 7 33887 1.0094535345624431
28 23 0 12 91985 0.9926065587524278
23 18 11 19 32675 0.98290484062513
26 19 23 7 57624 0.9961432610722927
13 19 28 3 78973 1.0640282818591869
29 11 20 5 47153 0.9839269265917152
4 21 23 3 83565 1.0446012656536983
0 9 28 17 99683 1.09008432955307
2 26 12 23 41140 0.9139474235914666
24 2 18 9 40085 0.9226858876203974
0 21 15 21 38724 0.9784782493202256
17 29 10 16 56028 1.0504130436020147
18 23 3 4 78253 0.9393051265849275
3 8 19 15 56787 0.9289818068393102
21 14 12 9 39713 1.045593955474807
28 9 27 29 91767 0.9304650478034174
23 1 0 1 76196 0.9436467378741584
15 21 23 5 68824 1.0940857317569133
5 13 5 23 21327 0.991699624548477
17 28 23 5 80929 1.009702603533323
10 28 20 22 41102 0.9211868068414866
3 6 20 3 48598 1.0493379946457215
7 17 5 25 20933 0.9865403445738231
9 21 18 14 40663 0.986594363170145
6 18 18 27 42913 0.9653409443504032
7 6 19 25 68849 1.0220315268517424
25 27 26 14 60468 0.9904009801310342
28 24 1 27 64676 0.923255742182463
18 13 20 4 43011 0.9225423612728051
23 3 13 22 73199 0.9586128293184902
10 24 20 23 44576 0.9580889267751316
22 17 16 4 55893 0.9907060930374716
20 23 4 14 57912 1.088246677385497
10 17 1 13 36596 0.9244926522091033
17 17 9 13 28559 1.0508865495338022
26 3 29 20 76582 0.9589484039439423
5 1 4 21 47183 0.9389013340323986
24 9 27 27 75276 1.063439763324173
12 1 9 23 74839 1.090515973265707
4 7 8 23 45268 1.0689637381288537
20 9 10 19 59454 1.0534829205610987
19 5 6 26 86849 0.9420994307676156
0 26 2 10 67064 0.9531696319779954
16 4 27 20 68191 1.020673686692777
15 0 11 29 106907 1.0024159895314857
13 1 3 11 48228 0.9649721954935082
1 2 29 24 105447 1.022899090742141
6 29 4 10 56316 1.0701876140019924
1 12 20 27 72387 1.0519442770188658
22 17 23 3 49063 1.0092143215520502
14 9 23 18 54036 1.0468579256680242
13 17 18 24 34798 0.9388650126550303
17 16 18 2 41865 0.9875222615400576
8 3 29 23 88676 0.9963880338390169
22 2 20 15 53204 0.9713102737920418
21 10 23 23 52167 1.0842987388120828
15 14 3 1 63178 1.0906980054892863
6 15 27 25 68401 1.0980788589315131
6 20 24 21 36087 0.9807127140764271
13 28 21 4 89764 0.9306207785712717
28 7 7 22 80396 1.0831216263047097
17 1 11 6 31880 0.9651342183796935
8 4 17 8 29118 1.0854936918781781
3 2 19 14 64420 1.0800281043874567
27 21 14 28 54073 1.028103623647079
4 28 8 3 65534 1.0629539915668913
28 2 20 8 41181 1.0504704011536665
25 26 1 4 105947 1.0931046641779694
1 22 26 20 50509 1.0983699016151245
23 26 8 11 68678 0.9379822728692228
19 13 26 16 28826 0.9756522865187373
15 24 28 1 107718 1.0923151464474543
8 27 28 19 58200 0.9954929759076812
7 27 5 10 40093 1.0139082326184345
29 25 1 15 88243 1.0644742715722082
18 27 24 2 87668 0.9189341072996738
13 20 3 29 45740 1.0307889142787918
24 18 7 19 40664 0.92929495738638
29 7 19 15 51381 0.9783403105393953
14 4 15 29 95196 0.9103848017751245
26 3 28 19 76295 0.9121804565280942
16 24 29 3 92084 1.0002268249811268
0 12 1 29 70874 1.0508324030080096
7 12 22 7 43543 1.0603959084787258
24 5 2 5 78152 1.0490723634851258
5 24 29 6 89283 1.0418217132953027
14 4 27 2 39291 0.9764835163564093
29 3 0 11 89903 0.9783579720106479
12 12 29 11 54486 0.9809754350280275
2 16 15 18 46904 0.9996528678296538
4 3 21 17 79127 0.9983571388610308
14 28 16 12 59294 1.0454502826813181
0 6 27 10 76999 1.0651905762768739
22 3 24 25 75237 0.9206799480125795
0 29 2 11 71967 0.9541219474223614
20 29 11 0 117146 0.9850177947412739
4 8 11 19 41497 1.089026470932295
1 22 12 18 36489 0.9791290516759938
21 9 3 15 63987 1.0759355080892876
13 20 26 17 36299 1.0763279172771252
6 1 19 12 63643 1.0134582745749743
7 4 28 12 73808 1.050439121971801
8 20 27 5 82239 0.9136412221409501
23 15 6 10 60367 0.9326862933681673
15 8 2 3 36443 0.9058525509550165
3 6 6 16 33648 0.9671617862908963
10 3 8 13 30516 0.9201900726591782
19 26 14 3 77372 1.0604392603758455
22 8 3 1 58798 0.9543372183219343
29 4 18 7 40735 1.05359252763522
10 18 25 12 58995 0.9746605623542751
23 0 9 12 72613 1.0263528142419487
19 10 28 9 38386 1.031718185151175
23 26 24 2 88869 1.080477368837276
29 19 22 12 41872 1.098073403423415
25 2 6 29 114482 0.9121001355624561
8 29 21 9 81405 0.9517901139397051
24 16 1 19 62366 1.0279028040810299
13 26 22 7 70965 1.0180908640883952
5 20 0 6 47327 0.9827800559353608
29 24 25 12 58300 0.9065573262357535
8 9 14 19 40711 0.9464607578036679
26 7 11 27 82723 0.91648024787819
4 15 25 22 56882 1.047645729430613
12 8 18 19 44200 0.9531095187138041
6 28 21 11 81242 1.059999758781046
4 28 16 7 80794 0.9810348440321033
11 22 21 29 46454 0.9289344901828935
11 12 12 0 52830 0.9327998754287217
0 2 0 12 57669 1.0188174676086865
4 18 24 2 82879 0.9206367443565374
13 3 26 26 90053 0.9760560102215304
5 27 20 15 64663 0.953827485419336
11 18 21 29 59397 0.9254540105253207
28 22 18 9 62782 0.9112894783428591
16 24 14 13 44663 1.0238767752133835
11 20 3 23 25433 0.9121313245303421
4 22 23 4 87139 0.96526879115481
23 20 15 16 28761 0.9843729668789554
18 10 28 21 59788 1.0292796270782778
3 1 9 17 56608 0.9504824982234706
25 7 11 15 56677 1.0190898917013431
14 4 11 11 37847 0.9792570820227062
19 13 26 2 54158 1.0554320692638186
29 5 19 17 68682 0.9973094635460854
18 28 4 16 54929 0.9900498462470458
14 5 28 25 91827 0.9556588225156457
29 22 26 0 96330 1.042053484127689
20 15 26 19 38166 1.0613744976662745
25 28 14 8 79500 0.9918051718976812
17 13 6 3 46691 1.0349773545874634
7 2 25 11 63220 0.9645157914924349
13 0 11 12 46951 1.0705352220171558
28 5 3 6 76767 1.0087519066743538
9 10 19 1 57378 1.0104185777851014
13 15 17 3 41057 0.9068165338230297
29 13 10 9 61067 0.9902275352055085
17 18 28 7 54002 0.9791604206887009
7 3 19 29 90430 0.9817825898743944
0 16 24 14 77380 1.0987283468056002
3 0 16 20 72166 0.9622337778764183
4 26 5 0 59104 1.0112976847304636
18 25 10 28 27426 1.0734340826947495
17 14 0 26 66541 1.0744702314361303
14 27 10 6 67282 0.951153241909522
6 9 29 6 57353 0.9518850491159625
18 1 16 19 58163 1.0568401412190058
9 17 24 5 74411 1.0186875142642156
7 18 23 5 71201 0.963509550022647
13 7 22 25 66272 1.078517323805097
22 28 21 9 63564 1.0862082846697998
17 26 27 0 102199 1.0844134479267424
2 0 14 18 81751 1.0329539131176235
18 0 22 19 72050 1.0243177090223472
1 20 24 4 91008 0.921957678000207
1 24 18 20 47593 1.0935296148437554
23 5 0 21 90544 1.0329698949808384
17 1 3 26 89660 1.0733189413919324
18 12 25 28 66748 0.9938745690080656
5 2 11 9 29525 1.0982250593629233
27 28 3 5 103840 0.9019434448499546
25 3 3 15 79924 0.9026091964940974
4 3 27 25 91124 1.0131456721996277
29 13 19 12 29583 1.0224150364504692
4 16 16 6 55292 0.9867533563468192
4 0 1 18 58735 0.9418503221027097
24 9 4 0 66432 1.0579271666137628
10 25 28 2 104538 0.9064988258332096
22 13 28 17 36477 1.0014720755141702
23 28 21 6 78132 1.0424710297192956
3 12 27 17 80346 1.0885436237493387
2 19 24 3 88343 1.0729245739968747
11 14 27 3 68425 1.0594790097124562
14 0 11 11 47950 1.0131645884027052
9 1 20 19 81489 0.9763125649707536
8 25 26 25 37603 0.9373090435846838
29 13 11 18 58818 0.9869182436365447
27 1 10 17 96129 1.0331585531724834
1 6 18 14 62342 1.071416090506033
0 28 7 24 27280 0.9131332075189236
1 25 18 13 61468 0.9022628615089155
4 19 13 6 49162 1.0335566747659422
25 3 15 9 41438 1.0460262150128685
22 17 4 11 60264 1.0453673938309207
27 17 15 7 66703 1.0240499380654664
28 7 11 24 88937 1.0579277720142861
8 17 11 24 28191 0.9165818062370036
7 21 21 5 76353 0.9020755690136143
17 24 28 8 64243 1.037074638406299
19 10 1 16 71400 0.957121462110364
24 13 18 6 36976 0.9080625351231212
24 29 18 19 50955 1.0207725037195112
8 24 9 0 65225 1.084199308146592
8 9 19 2 43074 0.9137165575096768
20 14 26 27 55361 1.0723420731074218
18 5 29 26 88547 1.0927739101436504
6 10 6 26 44590 1.0059992125570936
23 22 25 9 55070 1.009186798150787
10 5 24 8 45315 1.0940950193959678
24 11 8 14 47613 0.9109431903333551
29 29 21 3 103542 1.0763420079519035
12 6 21 28 82912 1.0119801859541786
16 19 9 14 37933 1.0888607140910982
15 3 24 13 45741 1.0226785371861342
16 4 10 9 40311 1.0672291907642513
6 0 4 17 47541 0.9835569430811215
6 26 20 3 86266 0.9447849124948994
12 22 22 8 58051 1.027485449577304
5 26 0 16 43281 1.0473528208375167
29 13 10 29 93839 0.9789894646723056
19 20 6 2 62974 1.0620429674329168
8 12 14 23 41887 0.954042684152616
9 13 9 25 31048 1.0214357623945693
24 17 11 8 60208 0.9505835296034635
16 9 9 15 42688 0.9098606888647517
26 16 24 8 38898 0.9490212024994373
27 24 18 12 65143 1.0600374413319926
29 18 15 21 39289 1.03819707876045
15 1 22 18 69940 0.970517766958475
2 12 26 19 70744 1.0347315489782383
22 3 11 21 71799 1.0032370327533133
1 14 29 22 73066 1.0626543408967364
3 25 12 11 55070 1.0192704933247518
15 18 25 16 46357 0.9436253639560599
16 14 12 6 36023 1.0675105318734845
7 29 21 24 43273 1.0350817093496574
18 9 7 28 69564 0.9307904515024028
28 28 11 20 59259 0.9852886045340491
17 7 16 23 48646 1.0125646992976312
10 12 20 20 46282 0.9894033854235937
22 29 13 16 55031 1.010968096751138
3 19 20 16 53348 0.9393227806347954
11 22 26 0 98431 0.9236908313791442
24 3 19 27 84757 0.921566694229396
4 25 7 4 52502 0.9999641658486463
22 16 23 29 48843 0.9559054754936098
27 4 20 8 36482 0.9537497116723529
13 4 5 23 60670 1.0700974585405216
10 8 23 6 33964 0.9157355716428331
3 8 29 10 58372 0.9191182366145932
15 27 25 10 77082 0.9974717409731456
20 2 3 28 100471 0.9658200572861373
18 21 25 2 76193 1.064109636420072
3 3 25 25 88493 0.913286081922173
29 10 18 8 27965 1.0250493515674373
21 11 19 1 50481 1.0972917126556356
18 10 5 26 66749 1.0769060593786484
16 13 11 2 46112 1.0765533917777759
21 4 21 20 62340 1.0831789150099593
17 27 4 15 51172 0.9116319162268128
10 29 6 2 80106 0.9875174424681502
23 21 18 3 63156 0.9493052437880103
4 1 25 3 56037 0.9693044708117707
17 3 10 11 43007 0.9308783366736333
22 13 16 28 59380 0.9973927398879422
18 24 10 5 82809 1.0614581625748625
18 23 8 11 51016 0.9073099071365177
3 24 20 23 56883 1.0639751186693371
0 26 0 1 89981 0.9989290615477039
9 5 20 20 63996 0.9732088386027127
9 27 5 4 54363 1.0270332531886217
28 1 18 11 61654 1.0893747093294694
9 18 1 11 42091 0.9049741071982298
21 7 2 20 68042 1.0013199829582207
25 20 20 9 47828 1.0488279391266573
12 7 28 12 61092 1.0045194578326089
19 1 27 7 51775 1.0105195723452862
0 29 19 4 114996 1.0562111714285136
12 25 24 22 36323 1.0564301214860496
27 24 17 0 93573 0.9909254419408846
14 10 18 2 38628 0.9033465082103994
23 28 9 8 77969 1.0474331787861033
28 23 1 18 76742 1.0610869823851687
13 18 1 28 48775 1.086028377793552
2 21 29 22 60316 1.0526515901963969
21 17 29 9 51130 1.044622120658337
25 11 15 27 70967 0.981298460527871
20 14 13 24 46247 1.0623173129093495
29 3 9 19 89275 0.9775276170794239
17 20 7 28 36063 1.0480882512721181
2 15 17 29 67077 1.0280219208705583
5 25 14 2 70929 1.0705386293054027
5 4 0 27 58457 0.9443922809034367
26 15 16 18 46239 1.0265899938163479
23 21 0 3 81223 0.9964694972523322
23 20 29 9 56589 0.9705535244685348
27 18 0 9 89638 1.089547509918106
16 4 29 2 42049 0.9448170121765195
12 8 17 23 51452 0.9269311515038192
18 7 7 21 57622 0.9456668440221911
15 19 21 10 50487 1.0249938627488286
18 14 29 20 40539 1.0364138387053488
13 26 4 9 55696 0.9452438146075876
10 27 26 3 98123 1.0856633153303181
1 15 16 9 61832 1.0076522202955347
28 11 16 16 50450 0.9883075422338835
21 16 0 8 71182 1.0300889879568171
23 0 14 1 43393 1.024933330904833
14 13 25 12 31087 0.9488704776572497
27 20 6 2 77697 0.9889592385682688
24 6 11 10 46489 0.9159837253595189
25 15 9 12 53475 1.0222991630519291
2 11 13 4 46514 0.9276908225457522
23 5 17 16 47573 1.0958089150845827
4 22 18 12 52836 1.004501441553
12 22 6 7 53593 0.9613117326605511
16 20 3 27 38218 0.9258242653340648
2 1 6 12 41880 0.9351732528643161
12 21 12 7 51997 0.9599089332987485
12 5 19 18 58989 0.9969531900421915
12 0 29 12 74974 0.9263758834537481
6 19 0 9 41690 0.9392756871796188
5 24 25 29 53342 0.9676702458960941
4 19 5 28 24920 0.9519837960469633
20 13 6 28 68414 0.9627265938446498
20 1 27 7 51368 0.9992516848364631
5 1 25 25 89080 1.0142980539754458
20 27 10 27 17920 0.9928179951853942
5 18 29 17 57551 0.9569706980710745
8 16 23 22 40581 1.0717735058522353
10 20 9 3 47226 0.9021176707009448
7 8 19 12 41029 1.093297270592961
12 7 11 21 51630 0.9395855179797564
15 10 21 24 67228 1.0807229657733333
8 5 14 25 58813 1.0065731200535553
27 16 2 21 69251 0.9464690963350462
16 2 11 11 45331 1.0794459861987524
15 12 17 24 42616 0.9106639253833695
19 25 24 19 32484 0.9040039890509977
11 2 21 12 58839 1.099305904010717
12 3 23 28 93264 0.9979853561838612
2 17 16 18 50724 0.9244623511216893
13 13 26 27 64848 0.9200844777286138
11 2 14 26 82185 1.0295532973121615
2 18 15 25 44914 1.0162893078231836
9 26 18 6 72508 0.9716379682070895
27 4 4 7 71914 0.9663774928407406
13 25 14 1 78265 0.9871984592219865
6 0 4 9 28940 1.0876211449646334
19 12 28 7 45768 1.099683642871587
25 3 6 14 68765 0.9126166485214425
22 1 1 15 84904 0.9280281676643576
15 10 12 25 57784 1.0946381792599416
24 17 19 25 41863 0.9392403263318103
22 21 1 26 55911 0.9127913068014842
15 29 5 12 63758 0.928587613720686
2 1 13 21 69565 1.0772111076088038
6 18 22 28 53210 0.9821817408116253
15 8 20 20 41007 0.9636358353993328
3 23 6 14 30702 1.0331743667227293
7 2 7 24 54474 1.095863341220098
1 0 19 13 79521 0.9345260411794201
21 25 7 17 46289 1.0788300281146963
16 23 26 6 71637 1.0966721259202499
15 26 3 15 56002 1.003116103046903
1 28 12 25 30931 1.0674957506999943
6 16 4 3 33567 0.9095063301363642
12 2 19 20 63959 1.054445177089355
10 24 29 20 57675 0.9299125396762639
20 7 17 14 29840 1.0821182030437306
28 17 0 27 84881 0.9067630833996266
27 26 13 4 92544 0.949638615354588
16 19 24 12 42905 0.9741242406055007
22 7 10 4 49900 0.9995619679515451
17 17 16 28 37483 0.9883292054223958
11 10 4 26 59521 0.9176101742022482
15 22 6 23 28624 0.9149770883160927
17 1 25 8 34135 1.0571983363827444
27 18 3 2 92231 1.0456607345248308
16 0 25 27 95584 1.0157085992697392
16 0 12 9 43970 1.0218553406538704
10 12 15 0 63999 0.9646726705875096
27 25 12 14 62263 0.9346199097945815
3 19 4 10 32825 0.9627825081535419
3 17 28 23 73954 1.03662983895668
6 4 15 6 39714 0.9765134927646734
19 17 24 0 80846 1.0948980814763716
0 1 0 29 102116 1.0921815879427414
9 19 17 0 70506 1.0825089591671457
7 25 27 13 70395 0.9711310348263406
6 3 27 20 74666 1.0931369875635681
15 3 21 7 30727 0.938976271304137
29 28 22 16 53745 1.0148392262860202
9 8 24 16 59257 1.0954593723836323
25 5 2 27 102995 1.0359901395669129
29 18 23 3 71691 0.9878791159562266
16 1 7 14 61544 1.041365240002455
12 0 7 20 69537 1.0546424461412562
27 6 24 23 75442 0.9404248103474463
7 1 10 21 57185 1.0012145933703076
25 19 2 4 87721 1.0413601178307252
5 27 19 4 89467 1.0792645538102912
4 21 7 8 38071 1.0358878264707134
4 29 26 16 82758 0.9328972066650257
5 6 7 19 33039 0.9190759210229371
27 11 6 8 55684 0.9377055248688182
2 0 6 23 71871 1.0924486469162382
21 7 13 2 38793 1.0949768981534875
14 22 27 28 46104 1.0440784447747098
23 2 27 8 33731 0.9007114067590007
1 19 11 12 44536 0.9534906283815898
25 14 16 28 65477 0.9456124079347223
28 20 11 5 77236 0.9550314846364789
17 29 3 24 41016 1.04720904750658
27 13 7 22 63773 1.0627892053466037
13 12 1 4 53430 0.9797256802290065
20 6 15 19 54514 0.9341756149027369
15 2 11 17 62091 0.9748959760014749
3 16 12 19 34856 0.9056165695295415
4 27 17 24 29587 1.0425713956539817
6 16 29 28 73146 1.0646102066851726
19 26 12 20 34843 1.0589752525865683
7 29 27 4 111467 1.0894764704827273
19 22 14 7 57480 1.0995678623013512
2 11 13 22 50024 0.9114509495045092
24 12 29 4 48024 1.0962707186712173
0 28 1 18 52785 1.0599435261351
0 0 4 12 56337 0.9389862155897433
16 1 18 21 65857 0.9286311191399347
9 26 25 22 51603 0.9549381526092215
21 24 9 0 99513 1.0209939223332678
5 17 9 28 34749 1.0417066796871035
13 14 12 27 41292 1.0768163436524556
16 11 1 23 67450 1.0795419959674117
29 5 12 5 57761 0.9709061013675596
11 6 2 11 41167 1.020429347719329
19 16 6 26 55983 0.9337559522818442
1 7 16 26 77958 1.0623720186395351
23 12 27 29 75758 1.0756928530765684
28 2 28 24 98675 0.9662672363759058
28 22 14 0 98513 1.0189065807612028
19 17 9 11 51113 1.086226779095671
9 1 23 12 70990 1.0878573659610196
14 23 1 24 42865 1.085739943567399
15 15 26 13 34759 1.0056251749603695
1 21 28 18 64785 1.0093428086211007
28 19 25 4 78971 1.0417116203275334
20 17 5 0 80513 0.9309251842417663
21 3 6 8 44489 1.094711224171474
4 8 19 8 30113 1.0100656951642417
13 25 22 1 85102 1.0538735418416887
20 3 25 17 65484 1.0117574480671028
17 6 9 28 75931 1.0392573322499135
12 9 12 19 37418 1.0612909426048158
7 16 5 26 25431 0.975456158068578
2 0 26 9 80120 0.9717038649581388
2 23 26 27 63601 1.0056348916557893
24 20 28 8 52281 0.9243827078525035
6 4 19 14 59229 0.923238518169629
4 6 15 28 72148 0.9483157808226209
21 26 26 12 59273 0.9976202814175907
29 10 29 24 56099 0.9853631864015403
6 11 16 5 47534 0.9072227370411231
19 3 22 13 39655 0.9854306802514418
28 4 2 23 114804 0.9650317154130126
2 3 12 28 75400 1.0014032635157153
12 16 5 25 40908 0.9829113763339941
1 25 16 10 73517 0.9399849904736003
18 24 21 13 47406 0.924819409862064
7 19 18 3 63238 0.9714207441217744
1 24 26 16 78988 0.901329206915419
1 20 26 13 65108 1.081096889171231
23 27 11 4 93982 1.0821313656312062
15 6 4 5 41923 0.9358620839308757
2 23 22 28 58798 1.0410516942574457
18 19 19 28 36562 0.9405516961513322
11 17 7 26 35312 1.0165868897536328
20 4 15 18 61728 1.0017423483113788
9 20 27 1 93716 0.9660254286449498
1 21 1 1 67794 1.094721825337673
0 6 0 29 88749 0.9970870124961119
25 10 17 14 38484 1.094557731650528
5 29 11 14 48304 1.002515302231281
28 10 22 4 40940 0.9526922808909984
13 20 13 4 47690 0.9892267263177813
15 4 8 16 54945 0.9866138010632071
1 6 15 27 76101 0.9467718280805519
24 14 1 4 82499 0.9305859579464015
12 22 15 1 76609 0.944763877384109
3 4 14 16 61321 0.9880018479086016
18 23 29 7 72266 1.0962156361214386
9 3 28 17 92490 1.0903072357205117
18 1 2 11 66482 0.9324752455905065
27 21 8 25 50157 1.0132917786104705
5 7 21 17 69359 0.9067400793778412
11 23 3 13 42999 1.0282842554651477
24 0 27 25 104236 0.9976758177514504
14 29 28 10 99111 0.9517641661586731
24 26 13 18 47266 0.9673338089723771
11 1 13 17 56603 1.0303691693563435
14 8 20 3 26761 0.908208745200498
2 27 27 2 111361 1.0834424522303698
3 5 12 18 60318 1.068695278013339
24 16 0 19 64841 0.9030116175208807
5 6 25 5 59150 0.9229070529578638
21 19 0 15 66835 1.051675096860112
12 19 28 8 63366 0.9747518782108764
24 18 8 16 46201 1.092400795104422
14 29 10 0 99632 0.9762161714425307
2 13 7 1 36945 0.9570661800974862
10 12 14 21 43060 1.0926633952056783
28 13 1 15 72349 0.9813701639865378
19 8 11 16 42454 0.9079951557953475
24 12 18 2 51693 1.0648541695770004
1 23 15 21 44444 1.0552109512871817
29 12 8 2 72212 1.0546995910071721
10 3 14 10 35648 1.0472788648852807
21 28 2 28 46921 0.9030022088983536
25 23 2 26 67938 1.084202966144409
13 0 25 1 46892 0.9351342570319151
7 5 7 23 45846 0.9419850545559924
13 19 18 13 28853 1.0784683660381258
4 15 8 6 32608 0.9348160102667454
27 6 2 3 70220 0.9396926548029989
27 0 8 12 80210 0.9288837037761808
4 28 2 13 47413 0.9587380726850688
26 29 3 17 78402 1.0920878157655167
21 24 29 21 36007 1.0095480663651668
12 9 4 2 35576 1.0028469833066083
6 23 18 21 37460 0.9304391175491185
23 24 5 15 58183 1.0726540223158327
27 20 13 4 70356 1.0041797784758992
8 14 28 27 66417 1.034798717571429
25 10 10 1 68539 0.9185408522515444
13 8 18 0 37415 0.9279585647095744
24 3 19 26 87367 0.9342414991981464
4 25 15 5 74305 0.90678237955306
12 15 20 2 57898 1.0304338200227199
10 7 14 20 49987 0.9531675332655966
15 13 4 21 43381 1.063433816056003
27 18 21 1 79001 0.9684722450548926
29 17 22 3 64887 1.006836057369664
22 22 9 4 77050 0.9849560719919992
14 10 0 0 72146 0.9643050037831755
8 6 26 8 40141 1.0556428209508608
7 10 11 16 31317 1.0499401797645307
26 2 19 21 80363 0.9136527796258438
0 10 24 29 107915 0.972438139282547
24 24 11 16 60313 1.0313553751241242
1 8 7 27 50710 1.0023713523170414
5 25 27 6 90789 1.0332622056179415
1 11 21 6 66249 0.9662580000588145
8 22 22 12 53670 0.9557578952455615
19 7 5 28 78963 1.080402658602473
20 21 26 13 41899 0.9838977393626421
7 1 18 4 35632 1.0075301171000723
28 9 6 3 61372 0.9638271336498161
11 1 23 17 79715 0.9377278083364247
15 29 26 13 76120 0.9885194522707587
7 6 1 22 49717 0.9351776207744738
20 28 25 17 56313 0.9386032020040537
27 2 28 21 88761 1.0223580713337332
19 22 3 11 58511 0.9030581271809601
10 23 23 8 72743 0.941925083623581
25 10 17 16 44723 1.0374979009488663
27 22 14 3 78311 0.9344150458959651
13 12 1 11 40974 0.9651824630236371
13 28 10 3 73868 0.9042205013467342
26 24 29 1 101890 1.0453227097372573
9 13 3 29 55588 1.0140635552438266
3 7 28 20 74334 1.0977063291039146
13 16 23 19 33853 0.906619050129182
27 20 9 16 46422 0.9419437264999554
27 11 17 0 55532 1.0414721975043568
25 14 11 6 56708 0.9350871711519505
18 2 7 16 61104 0.914409703182843
22 23 24 11 45169 0.9764795907390156
28 18 11 29 72618 1.048085549147113
2 13 27 26 82829 0.9413210281180793
29 28 2 29 68534 0.9443852797737696
21 22 2 19 48266 1.0687173724066659
24 3 18 11 39943 0.9389622161362347
27 16 20 22 40164 1.0648870461293278
5 25 29 8 83297 1.0570106157042098
10 12 6 5 37411 1.0056454862602962
8 24 14 3 65183 1.0395467958843232
4 0 20 18 84736 1.022475861080858
2 19 26 3 93230 0.9799408668918084
10 29 12 8 71599 0.9234943654883857
18 29 11 17 56490 1.0397643141680293
10 14 17 19 35325 0.9645540494194713
15 29 9 25 31968 1.05986296230195
15 2 22 17 60213 1.0662778084383637
0 16 22 7 77382 0.9062557507895118
3 5 26 11 71865 0.9335363537027435
28 29 4 10 99432 0.915015980182536
18 9 4 14 45581 1.0552355934483102
15 26 18 16 40945 1.0277262224556352
12 4 16 16 54351 1.0162425727984834
8 7 26 10 45598 0.9564919185903342
1 3 22 22 76847 0.9707489648339382
29 0 0 21 117341 1.0278137181882778
11 27 12 10 59615 1.0786272567553097
9 27 19 21 39839 1.089723881171946
7 29 15 6 73567 0.9292998324242081
14 11 0 23 64139 0.9940152577611358
26 29 3 10 94360 0.9740048019765469
3 25 10 7 58867 0.9581647602245779
28 22 0 26 78707 1.0992542260337301
19 10 17 24 50677 0.9106949559323458
21 28 12 7 82147 1.0974394495294117
1 24 14 21 47084 1.05830392139984
5 16 3 0 46109 0.973081238967958
8 15 3 23 31929 0.9846171898151188
28 18 2 23 71784 1.0048747695496847
10 12 2 20 37029 1.081711099756597
28 25 16 7 78760 1.0793601688314163
23 4 8 17 71721 0.9026203138763164
14 26 5 16 40601 1.0685392533337215
13 25 27 25 30655 0.9979916145685046
8 18 15 24 35187 1.0831304275078022
23 6 19 23 68294 0.9288054681348575
13 17 8 1 52924 1.0759149478617365
1 12 5 27 46635 0.9420854202508377
2 8 16 20 49229 0.9653739954243993
8 18 4 24 25205 0.9221857117048922
0 26 24 11 93737 1.0723717523207212
26 20 29 13 33749 0.9694734235819672
22 26 8 27 28147 0.987837914912827
14 14 7 26 45512 1.0678452450452611
8 0 2 7 37696 1.0295607389716561
15 6 25 26 81600 1.09329613734655
25 16 0 26 83898 1.053687304557482
16 22 15 3 58385 0.9507640769494835
15 15 1 17 62916 0.9373969137192897
22 28 6 14 62186 0.966110896996237
0 21 18 1 88673 0.9028913709540464
16 14 26 2 56459 1.0067528564323596
26 1 22 22 79430 1.0770815877692466
20 1 10 20 78763 1.0686671406840218
7 14 0 11 30208 1.0847140989831738
24 17 19 5 64228 1.0641593654318908
26 5 4 17 79916 0.977434037776019
26 27 16 7 79162 0.983934885434637
9 16 24 10 63839 0.9844871153030741
2 8 14 1 45610 0.9350117147523017
4 5 18 24 76617 1.0834875193398679
0 28 3 5 76469 0.9776169323303276
4 13 8 1 34754 1.0693601832423485
6 16 26 25 61261 1.0781812340538846
9 8 18 26 65373 0.9053593557024909
15 5 15 20 56104 1.0913190113541649
3 25 5 7 41984 0.9364488192918967
24 19 3 3 76074 1.009039942901748
28 5 3 10 80096 0.9639784999842163
29 23 11 2 95687 0.9099107702791925
9 26 4 0 69276 0.9237806141974296
28 29 17 13 75929 0.9147584006376815
25 5 2 3 64099 0.9460137935358071
29 16 25 27 51503 0.9508206177200386
4 9 28 22 76573 1.0580891757038147
1 15 27 2 95447 1.0498197611427242
9 28 14 10 64904 0.9350428669693278
16 5 7 15 52898 1.0186270252760734
2 12 20 8 54673 1.0084427273942689
24 5 16 16 56290 0.9167367481784533
29 4 18 23 83627 1.0527981006952207
21 28 19 6 78312 1.053874335808645
7 1 0 28 77343 1.026259367405317
24 9 5 12 52431 1.0386092197158472
4 15 16 17 49643 1.0580953980697103
12 6 24 18 65861 0.9859162807214193
7 22 24 8 66206 0.9809892570349988
21 13 11 0 64863 0.9498814291505469
26 22 5 20 44270 1.0720613264105157
17 19 8 21 21085 1.0110948492621876
19 26 0 26 46816 0.935165008625112
6 29 18 24 42414 0.9791845126479048
3 28 29 0 128687 0.960519352829774
22 29 18 6 76359 0.9758551606931133
0 0 18 17 97342 0.9366991062789604
6 0 9 26 70068 0.9901952166955202
4 28 29 27 52257 0.9846607354035892
10 5 20 25 85694 1.0784701576826703
24 10 3 23 86988 0.9837131080034457
27 1 19 18 81635 1.036574090364216
6 25 10 2 63972 0.9804824364131485
5 2 13 24 62652 1.0257589279891257
23 27 7 10 68186 1.0855518680212537
29 2 16 18 76080 0.9195803413514583
6 2 2 16 45420 1.0736293331737305
11 9 5 16 35387 1.0018917569547272
16 14 23 28 55821 1.0943680733332928
1 9 14 27 68397 1.0672111711868721
1 14 5 8 24728 0.9340578662966824
7 29 27 0 122086 0.9809555896116726
3 14 9 18 26287 1.0784427586223095
12 3 20 19 65682 1.0268579723477238
23 2 10 10 58877 1.0473110009281048
24 12 24 23 50735 0.9190522532073621
4 7 5 18 29558 1.053096268333669
16 26 17 17 29881 0.9553781730857116
9 11 3 27 49642 0.9843000834927224
18 15 20 29 61390 1.0564555593622942
29 21 1 14 69428 0.9230751760962791
26 4 1 10 78564 0.9669860013388261
21 8 29 26 74071 0.9902734533717993
25 0 14 27 105276 1.096057368553138
14 19 21 7 54084 0.9331669112624645
26 15 24 29 69682 0.9360156429052382
16 5 29 21 71541 1.048477242182211
26 2 2 10 81944 1.09724414571328
9 6 24 17 75393 1.0208802209019772
16 11 26 20 44617 0.9356493580609984
29 2 14 8 52439 1.00305994700616
16 10 23 25 58503 0.9427781800561849
6 2 13 25 65100 0.9203511391477678
16 23 3 16 50537 0.9801433636969767
8 18 5 25 20123 0.98001609552457
18 20 10 27 32994 0.9171854307330541
6 8 25 1 65095 0.9687942930502506
13 23 29 11 71548 0.9996306200744627
17 10 22 2 32538 1.0649939025976904
3 14 26 2 80372 0.9943451729826948
14 14 16 23 38677 1.0598347862062578
6 0 11 15 55475 0.9509334291330713
11 26 25 19 50514 0.9476573899668175
25 29 29 2 114561 0.901297621683204
29 10 17 24 70207 0.9022525302305335
5 19 21 1 80468 1.0096538656476417
25 6 9 6 53158 1.0231185262433349
15 19 23 4 69260 0.9767419303621323
6 19 11 14 27467 0.9567860668089894
29 0 29 18 74245 0.9166433648341817
4 14 27 10 70158 0.9661090695766452
22 24 2 21 52384 1.0621194369881115
5 9 20 18 60528 1.0201809536532989
6 23 3 3 50358 1.0726487333942993
18 17 0 19 49388 1.0431721754581935
18 10 19 25 52064 1.0329171731809033
16 28 11 8 71069 0.9749676242706444
12 4 2 23 76532 1.0466326938037607
2 21 7 12 34183 1.0618698595941605
21 23 3 20 45451 0.9443778237073369
28 4 8 12 73804 0.975097005260479
1 2 13 5 40422 1.0184233015891084
19 28 5 9 69053 1.070997397843968
13 6 2 23 66394 1.0919030247276982
20 25 13 6 67985 0.976900317574485
18 6 12 16 43831 0.9368770292773735
29 4 5 25 99255 0.9819253894603166
9 1 13 17 59523 0.9806387604911863
21 13 24 20 28507 0.9375997986066247
14 5 15 14 39795 1.0801940133985986
10 15 25 15 57057 1.0831735216173994
18 8 24 23 59561 0.9850706750472008
4 14 8 21 22363 0.9764466749912568
8 19 9 2 44725 0.9044320122676803
26 7 13 27 79927 1.0086370953846602
16 21 22 3 66076 1.0863089954757044
23 23 4 15 57495 1.011271623380731
5 2 15 8 32253 0.9568018463971815
1 6 4 28 68733 1.0248462093983746
17 5 11 26 72341 0.9007711608316772
24 22 4 4 78659 1.0069511750578735
15 27 25 3 86936 0.9191875275247522
15 22 5 23 27257 0.9298355108968642
9 3 4 10 27490 0.9550603724063562
20 5 29 6 39454 0.9727729584995044
16 19 19 26 31762 1.0151178185741576
4 28 15 18 50723 1.043815557491745
3 15 13 2 56601 0.9557973232472051
13 5 6 14 38303 0.9502436420742969
6 28 28 7 98879 0.9986273291239216
19 2 3 17 75807 0.9483151977046704
27 28 25 14 67189 1.0126179680635068
24 11 23 23 50626 1.0672443413657549
17 6 3 24 76863 1.0147211924693567
15 15 13 1 53156 1.0178285177625919
18 8 23 1 36603 1.0707951876553123
10 27 4 0 70938 0.9069592347775235
3 10 24 15 72837 0.9196669851864638
23 2 28 18 76555 1.0625977552193937
12 26 0 16 59022 1.031200043364364
21 7 17 25 60520 0.9108367540889989
24 7 2 29 106142 0.9410066943042521
28 16 9 3 85583 1.041436909965639
4 12 10 3 34362 1.06037258948361
8 28 24 25 37613 1.0906741529345214
12 12 4 9 35562 1.08917988167442
22 18 10 13 43748 1.0178997184731933
17 4 29 16 62800 1.0620057681571227
12 13 27 0 76754 0.9341048335741057
27 24 28 11 65940 0.9995429073616048
16 15 21 5 48871 0.9345651644087294
29 15 8 18 60820 0.9877225013300658
2 22 20 14 57707 0.9083155515167443
12 28 29 27 39341 0.9358753677798577
27 23 3 18 64960 1.0000619296282955
13 4 27 14 60307 0.962079601911453
13 12 3 21 42869 1.0508500279470718
9 12 26 12 49151 0.9861748875086446
15 6 27 2 43316 1.0991699637465557
9 23 11 8 45898 0.9065666853744829
25 25 0 22 61425 1.0079661376803553
22 9 15 1 41474 1.0803145638049367
18 28 0 22 51921 1.0830004624127851
7 11 24 12 50179 1.078633511482187
16 0 26 0 48839 1.039658370410327
19 3 23 15 51738 0.9583271338947873
19 15 25 26 58011 0.9898761842157248
14 17 8 0 60200 0.9425203622210986
28 24 27 14 52350 1.0888904376897632
26 8 18 27 70563 1.0998942850487237
21 9 0 9 54487 1.0340818530473779
8 7 0 20 42031 1.0680577721353335
20 29 7 29 45305 1.0275457294848824
6 21 14 16 34306 0.953317619437139
18 25 7 2 75333 1.0028783961507104
14 27 24 21 42780 1.0317800564795925
8 24 0 16 43783 0.9073943561988566
11 6 4 10 32819 1.0914399164671589
6 6 23 14 59318 1.0409609016949533
14 27 12 7 67447 1.054469100048856
26 0 23 10 52755 0.93366346007828
1 25 25 8 84117 1.034195326656893
6 29 22 9 89408 1.0922808575068652
21 14 13 10 31838 0.9785965221765119
10 14 5 3 35226 0.989372416089359
15 15 18 3 42940 1.0857242638330247
26 17 17 6 55340 0.9818003681793446
19 29 12 18 53812 1.0573843420804878
2 9 24 16 78979 1.022219280957493
27 17 18 5 68267 1.0790351299024181
8 11 14 21 38597 0.9014082750457636
13 4 21 24 80555 1.087921896660797
14 5 24 0 50674 0.9648016497871579
19 24 27 26 30107 0.9925734843350726
28 14 7 6 67913 1.0782044960559305
21 5 16 10 37490 1.001613456640885
23 14 2 11 61694 0.9436738090226845
15 18 7 9 46179 1.083208494572981
3 13 17 0 61597 0.92364220875475
25 27 17 4 77551 1.0045336227879353
14 10 27 21 65030 1.0327793641688987
1 8 19 16 62494 1.073010011532422
29 10 2 22 90364 1.0490492813070755
7 23 24 3 85052 0.9572152864017479
22 23 6 20 34470 0.9349939450626096
3 28 0 7 67064 0.9466195678962757
5 4 16 21 58492 1.0637779301359827
11 2 0 1 43345 1.0457049886882106
26 3 21 10 40216 0.9223454640483351
20 14 3 26 67377 1.06091804763626
0 1 24 14 93258 1.0545307487393871
6 24 16 3 76054 0.9666586758209081
4 18 21 29 63697 0.9432602240212876
22 15 17 25 37860 0.9851359639817667
2 5 22 28 96753 1.0213694761575904
20 1 21 15 63565 0.9761656837337958
12 16 14 5 43221 1.0207945147090711
6 24 1 12 46421 0.9227738638029995
18 7 3 19 63454 0.9048739210805082
3 18 0 6 50900 1.0610602447524704
22 10 13 5 32246 0.979292022593889
22 17 10 19 35123 1.0499548355140544
28 8 10 16 63770 0.9831724899493607
28 26 5 21 62808 0.9670574809365594
14 7 19 25 64799 1.0781896268667774
22 10 5 18 58871 0.9552285099285749
26 26 10 10 87491 0.9976795684382759
6 18 25 18 49122 0.985212030753201
18 6 23 28 77279 1.0982449586351992
16 20 0 17 48217 0.9347734890137779
9 4 4 13 38805 1.0519059116734857
16 0 9 22 82639 1.0400663160759114
8 16 11 28 36034 0.9734930182082979
1 2 22 4 57369 1.0368298583398465
6 7 19 3 42438 0.911296452003446
27 10 24 26 75596 0.9255861225699478
2 6 21 27 83577 0.9664443588040648
4 6 6 29 62229 0.9481897361177389
9 22 23 7 71290 0.941797707990002
6 14 12 5 45319 1.0863743996180268
28 18 5 17 58922 1.0455731743900707
15 24 15 10 63837 0.9893749022742047
10 9 1 11 38100 1.0077653767226427
4 22 3 3 44508 1.0348155479258103
8 11 0 19 41446 1.037321868145037
27 17 13 29 66563 0.9827638761389291
25 0 11 11 73490 0.9884809557577846
0 3 15 16 66911 0.9693938037711781
