8120 8825 8641 5770 8969 8739 6684 5601 7216 6035 6613 7668 6566 7074 7795 7892 7186 7044 5818 6638 8373 7709 6967 5787 8314 7001 5778 7388 8665
5349 4509 3909 3558 5326 4598 5496 2342 2451 5516 4998 2828 2273 2948 4113 4495 3835 4938 5572 4983 4906 3161 5368 3969 2468 2477 4686 5409 3019
7803 5129 4761 5155 5147 4739 7343 6727 7077 7190 7725 7719 5309 7844 7463 6409 7279 6841 5614 5633 4816 6327 7669 6559 5085 5268 6551 5786 5139
2730 2952 4027 5861 5735 3924 5347 2851 4197 5949 5601 5452 2808 3184 3254 4101 5034 4037 3095 3319 4178 3555 4105 2992 5933 4218 4398 5493 5767
5582 5966 5613 6562 3198 3936 4135 4689 5713 5903 3367 4430 3223 6011 5396 3777 3506 6185 6281 6171 4596 6576 5875 4933 6603 5890 5300 4051 3350
5504 5268 2576 3633 3269 2221 3976 2626 3062 4390 2296 2888 3345 2340 5268 4477 2822 3792 3225 4929 5175 5002 5310 2881 3266 2249 4817 2241 4684
5276 3920 5455 3685 5312 3107 5641 3920 6112 5949 4469 4559 4045 4142 6248 5869 6033 4513 3355 4960 4364 6099 4275 3642 4325 5702 3598 4790 3822
1759 4018 4830 4210 3372 2898 1781 5004 3011 2985 3202 3112 2842 4667 3507 4463 2768 4681 2588 4406 2383 2493 3418 4385 4273 4750 3093 1853 3090
4274 7209 4306 4254 4059 6430 6058 4203 5085 4831 4253 7222 7246 6464 5640 4530 3986 6578 5173 5004 5966 5012 6913 4348 5259 6405 5772 5383 4797
5153 7043 5480 4292 6857 4180 6326 6773 6893 6674 6485 5399 6618 6555 6879 7137 6482 6278 4941 5173 4347 6546 6581 6555 5135 4413 4101 5500 5246
5146 5322 5026 7146 4844 4992 6757 5332 3824 4346 4065 5013 6458 5252 5388 7013 3953 4137 5396 3910 4473 5093 6324 6844 4448 5826 4831 6550 4180
5135 7743 6971 7003 5174 4951 8297 5809 8209 6822 5871 8040 6508 5323 6622 6635 7869 6128 6485 6003 5159 6877 5703 7616 7530 7662 5544 7490 5705
5163 5227 4581 3303 3096 4755 3601 4069 5028 3147 5474 4049 4802 3629 5907 4103 3998 3600 4559 4180 4465 4796 3458 5366 5102 4574 4592 6064 3641
2636 5547 2675 5322 3435 3521 4262 5724 5088 5851 3400 2656 3148 4594 3493 3370 5020 3027 4619 4408 4153 2724 4915 4801 4536 4623 4480 3832 3674
4871 4735 4286 2309 4058 3436 5147 2918 1855 4958 4596 4440 4205 1801 3445 3151 3866 4133 3955 3739 1909 2650 1885 2574 2986 3471 2121 2076 2043
5891 5654 5025 6937 4525 6528 4357 6716 7375 4127 4625 5801 6738 6198 4485 6061 5607 6645 5813 5026 5699 5852 7038 6669 4435 7223 5239 4735 4624
5861 5807 8369 7303 7940 8124 5795 5200 8157 6761 5408 8187 7980 6580 8098 6863 7175 6292 6559 6812 5610 7401 7194 7444 7762 7126 5234 6006 6562
6399 5423 6561 4072 6007 4158 3303 5553 5377 5049 5433 4864 6466 3627 3479 4867 4051 5941 5190 6236 3555 6251 5844 5669 4007 5158 4924 6105 5376
5648 5070 4175 4732 4426 7314 4539 7127 4106 6424 6458 5315 6667 6971 4478 6010 5909 4464 5046 7273 4682 6526 4925 7226 5751 7227 5855 4796 6712
4075 3976 4606 3714 2937 4675 4852 5961 4459 6244 3495 5054 4320 3470 4481 4877 3244 3650 4186 3408 3600 4944 4292 4922 3935 5297 3003 2966 4995
3873 3874 3598 4131 4929 3833 3180 4431 3188 6346 4623 3033 5238 6210 4030 4536 6133 3656 5813 5304 5407 5560 3188 3999 5975 6234 5166 5676 5999
3263 6438 5331 6525 6420 3442 5858 6456 4118 5174 4983 4436 3698 3685 5444 5912 5799 5422 4186 6715 4327 4980 5439 4967 4439 4527 6161 6168 6086
8090 5382 5411 5124 6640 5830 6332 5218 7385 7359 5944 7274 5789 6656 7362 6492 6274 8361 6427 5861 5799 7489 6791 6776 7389 7180 6181 7847 7799
8720 5522 8066 6582 7799 8607 8706 7289 6671 7554 5988 6065 8504 8071 7889 7245 7573 5936 5439 5312 8719 7146 7434 7343 5642 5445 5737 5808 7009
6910 6387 4200 7035 4619 7175 5205 5837 5071 6463 5233 5498 4318 4128 4729 7176 3862 5691 4862 5631 5917 4385 3961 6496 6874 6799 3993 4548 6031
6734 7389 5536 8677 8276 6699 8492 8287 5590 8147 6231 5408 6502 7959 5523 6261 6194 7919 5589 5561 6764 5352 8128 6812 8642 5484 8409 7276 8190
2834 3142 3366 3121 4166 4976 4271 2303 5036 5184 2989 5117 2823 3984 3049 5434 3502 3249 4300 5318 2211 2936 2827 2395 4090 5356 2874 4692 4173
3083 4789 5603 4134 5337 4931 2905 4385 3974 5675 3950 4623 4451 4777 5475 5738 5352 5279 3002 3250 3098 4656 5638 5993 3540 5433 5085 5149 3902
7503 4750 6069 5250 6322 7088 7285 5704 6630 6257 5400 6509 5187 7487 6389 4755 6459 6373 4241 6554 4127 5919 6206 5383 6130 5099 6759 6315 4114
3896 5287 2568 4264 5555 3353 2382 3771 3743 5142 4281 4362 5355 5465 5402 3485 4234 3595 3641 2636 3076 4824 5536 2885 3031 2571 2733 4073 3350
4304 3410 6907 5923 6149 2806 5326 3621 4102 8131 3781 3276 3720 2496 4073 2730 3802 7280 6539 5728 6852 4849 6954 3879 3959 6060 5506 5084 6391 3975
4460 3329 7210 7539 5708 3539 4584 3762 4996 7520 3692 2710 3963 2499 3383 3146 3659 6502 4755 5960 6866 3323 7883 4162 2960 5901 5315 5583 6209 4262
4590 3549 6686 7366 3578 4915 6860 4788 6444 5226 4758 2981 2148 2034 3019 2620 3228 5130 6639 6250 4983 3813 7205 5436 3472 7782 7841 5643 5990 4446
4233 5308 8067 5676 4922 4855 7127 5492 6482 7799 1721 3984 2343 2407 4071 3732 4422 5283 3924 5954 7775 2804 6901 7111 2996 7812 7824 6662 5168 4320
4273 2901 8054 5868 4240 4712 6910 3872 6310 6623 1504 3485 2401 2220 4249 2436 4424 4223 6126 7639 5539 2245 8394 3769 1813 5468 7210 7400 6897 4823
4165 2530 7164 4729 3020 5351 4035 5238 6379 8026 1523 4828 4275 1695 3102 3892 4104 6646 5138 6567 5809 4621 5108 4127 3717 6408 7004 5561 8470 6863
4427 4149 7172 5200 6017 2328 5777 4697 4401 5645 2303 1734 4613 1723 3755 4083 5646 4799 5055 6616 6177 4625 5546 5631 3216 5192 6493 7541 5180 4327
1839 3955 7672 7924 4891 4946 7231 5134 6065 8380 4893 1651 3011 4126 4059 2061 5232 6519 6181 7661 6583 1838 5872 6712 3438 6713 5565 4720 6764 5792
3076 5371 5544 6865 5879 5052 7211 4258 3991 5589 3126 2574 4935 2140 2554 3146 4678 4563 4730 5476 4911 3355 5021 6465 1566 6585 5314 6584 7250 5770
4171 4557 8051 7273 4085 5549 6599 4806 4660 7009 4425 3290 5560 3548 4249 4348 4181 5447 5505 5418 5066 3172 7371 3728 3943 7061 7036 5822 5869 6482
4343 2723 6606 5262 4677 4550 4347 5697 5654 8217 3029 2255 2788 2179 3985 3671 4626 6153 5639 5579 6316 1842 8050 5981 2772 8022 6574 6730 6078 5019
3599 3785 7243 7878 4511 2465 6064 5212 4686 7816 3179 2169 5379 4566 3440 3959 3861 4132 4930 7552 6620 3479 7139 5110 1741 7775 7052 5746 8418 3778
4807 3382 7497 6935 6061 4979 7107 5704 4581 8414 2056 3665 3843 2540 1969 2496 3968 7126 4932 6106 5082 4226 5479 7072 4285 6198 6651 7229 5254 4967
4802 2364 5512 7178 5558 5483 6961 5255 5469 7259 1885 4545 2686 3894 4420 3565 4193 5646 3563 6919 4618 4973 5186 7072 3246 7641 5798 6932 5138 4053
3071 2817 5293 6447 3302 5521 7040 5187 4400 5288 1742 3041 5435 4852 4401 3888 3932 5435 3392 6428 6355 2744 8327 4942 3670 6412 5807 5320 6320 6328
4866 2740 5013 7358 3210 2288 5538 5565 6821 5285 3282 2859 4022 4209 2937 2494 6135 4062 5175 7137 5031 3949 6663 4161 3566 5713 6193 7414 7207 4491
3089 5376 8194 7214 5979 4243 4282 3580 4433 6092 1622 1963 3197 2513 3894 3953 4620 6039 4997 8539 5474 4770 5968 6952 3457 4667 5853 6280 5704 5719
3609 3109 5989 4967 5790 4325 6218 5523 6984 8237 4763 2102 4625 1989 3000 2820 3698 5831 6093 7030 5429 4716 6274 6533 3385 4585 7437 4982 6309 7091
4097 3638 7117 6782 4950 3192 4540 5692 7025 8228 3491 2179 4907 1884 2040 2975 5552 6409 5708 6988 5555 2342 6523 4540 1780 6911 6643 5655 8190 6312
4998 4119 5140 5004 3000 3944 5624 3511 4024 7454 2988 2650 4953 3299 2211 1987 5308 5762 4195 5632 7654 4792 6866 5860 2851 6696 7010 6293 7167 5621
2545 4153 6609 7326 4584 3914 6712 3581 4174 7975 3470 1677 3099 1830 1091 4264 3213 5079 4299 7893 5140 3492 6967 4280 1807 5371 4806 6826 6883 6808
1679 3067 7521 7257 3629 2291 6066 3712 6343 7857 4335 5078 4834 3472 2332 4980 3348 5663 6253 7867 4667 3768 6028 3742 3147 5518 5677 7348 7353 5705
1557 4549 7418 4798 4937 3118 5223 3731 7233 6372 1915 4289 5180 2523 1276 1738 4293 7044 3430 8405 6647 2318 5869 4777 4353 7954 7224 7575 7795 4854
4860 3212 8345 5052 3549 2450 5888 3548 5609 6742 2303 3327 4374 3529 4448 2478 3442 4899 3390 8266 5520 2821 8197 5421 2511 7390 6492 7886 6014 6389
3662 2983 5779 5545 4070 3804 6744 4189 4503 5821 3434 2143 4628 2187 2361 4826 3332 7145 6332 5843 6263 4055 7558 6907 1363 6274 4996 6892 6159 5081
4830 4393 7842 7498 5371 3496 3910 3970 7273 8143 3193 4181 2532 4009 3004 2255 5446 5673 6283 5939 7168 1826 6840 5195 1624 6582 5258 7118 8460 6410
1578 4330 5808 7514 3144 5244 5388 6267 5224 6346 3065 4898 3961 1876 1630 4182 3283 4262 3930 7980 6023 4654 7926 5158 4434 5405 5906 7336 7413 6870
3317 5573 7499 5052 5750 2992 6264 5266 6699 6575 3526 4645 3898 2069 2957 2879 4260 3982 6370 6088 4686 3427 6138 6234 2891 7259 6064 4722 7038 3664
3756 4611 7526 7217 5327 2438 4030 5555 5341 8270 2108 3236 5527 3496 3235 2932 5062 5089 3628 5309 4911 5146 5527 3997 4284 6723 8025 7789 8238 5459
2 4 28 18 124793 0.9599176059550096
19 7 5 22 98854 1.0872601627996472
6 20 24 29 97326 1.009434046553694
3 15 24 16 74338 0.9612298900477929
5 5 2 22 69353 0.9596523782235837
6 28 25 27 93092 0.9034609383321649
20 3 4 3 75799 1.0660727506712315
21 11 25 26 75165 1.0673655529228907
16 8 19 27 91256 1.0739140781886705
10 21 18 4 90735 0.9430385538593394
28 20 6 11 91783 0.9244693483320242
24 25 7 21 67395 1.0360757165532992
22 16 10 16 47865 1.0384514178420519
17 9 24 6 45433 1.0653995040399498
14 11 23 20 70168 1.0940631545422275
22 9 0 26 124517 1.0983339970557662
28 3 12 28 137664 1.067154396353952
17 16 1 22 79766 0.9156937716524076
2 2 8 19 84482 0.987837245472222
21 19 6 8 84577 0.9599025405727384
3 21 23 16 89951 0.913028699309287
6 15 0 6 51373 1.0902765186917678
15 4 12 13 39303 0.995861241289348
20 6 18 22 72786 1.0783103791087463
7 12 17 16 46283 1.0091549416667873
3 13 14 28 74800 1.0510676227577722
25 25 16 20 54919 0.9182407427129191
4 22 10 1 99196 0.9769437804133428
9 17 12 25 47406 0.9787560291065706
7 14 19 24 70473 0.9891168589816557
6 2 9 27 100027 0.9822126627533911
24 17 22 5 67964 0.9136083784841841
13 15 2 26 76833 0.992175462501494
10 20 25 5 105120 0.9342120043657931
12 17 8 4 65571 1.0812266776753265
17 28 2 8 114987 1.0284237128867049
16 20 10 13 48655 1.0256633510149107
20 20 1 13 83840 0.9703281229248887
5 4 28 3 102766 0.9490842333270548
21 7 16 22 81852 0.9729368226765238
28 3 4 18 127933 1.0758477110963056
27 16 12 8 68919 0.9666361702159744
10 9 19 10 29395 0.9068798171644904
3 25 26 19 87867 1.0921717124546446
22 23 2 21 76423 0.9106962423977606
3 24 10 6 86692 1.0981284602342343
12 7 28 16 75961 0.9546368615300509
20 25 24 1 113855 0.9107875797413805
15 16 16 0 70690 0.9802386043855432
19 1 16 19 91687 0.960369028638699
28 13 2 19 100234 1.0168409314443954
24 25 17 19 52550 1.057889787716789
5 8 21 12 55536 1.0381794835273626
0 26 5 17 49705 0.9242931459005788
20 19 14 4 76756 0.970170114700514
16 28 29 9 112694 0.9503590878751089
27 29 25 14 65768 0.9136605916801833
27 17 12 20 72485 0.948482829493732
3 6 10 17 61093 0.9766953629698221
15 5 7 10 46428 1.0719028416035685
8 11 27 25 98096 1.0984926299327482
25 22 28 8 68567 1.0941706888818639
28 29 2 1 172787 0.9965565209514071
17 27 17 2 116627 0.9102934741516221
3 19 8 7 55401 1.0191530257428103
12 16 1 28 77998 1.0235635615782557
4 3 24 5 88471 1.015553816476015
21 20 25 26 41977 0.9934858624775034
6 0 21 6 75126 1.0211920286079255
10 9 18 11 27786 1.0835876285819737
27 29 3 2 164938 0.9765554075412057
18 5 7 8 59084 1.0621173437129925
9 24 9 9 66421 0.9702211287395894
22 20 13 17 51992 0.9982135442192541
20 8 6 12 54603 0.9606702701917956
22 3 10 25 115819 0.9439462523137454
1 8 8 14 39370 1.011559033262891
0 27 18 13 100551 0.955828116115617
12 19 23 19 62035 1.0775678243262479
29 29 18 16 82237 1.0197969860464102
25 15 9 16 59235 1.0242174602765035
26 22 17 7 85259 1.0277132214718314
5 0 10 23 97717 0.9825107326364677
17 2 26 25 118287 0.9411894836823415
15 18 4 20 51967 1.06159849254367
23 15 21 25 57852 0.9261771787462628
29 16 21 27 66692 1.0729154797146605
11 13 17 6 44123 0.9890500352701758
21 6 18 23 82257 1.0850818442627783
28 14 18 2 77574 1.0293397228932046
11 29 8 8 96272 1.0097386464622493
23 2 17 29 141391 0.9163073152830583
8 4 2 20 71511 0.9097262827776684
6 5 14 8 45385 1.0642587080446355
2 22 25 10 107931 0.9955901246670873
9 25 26 24 54636 1.0812074851550992
6 15 27 18 82070 1.0638257845900492
11 11 21 21 68006 1.0246249416899436
24 7 11 27 116462 1.0617400018429142
6 17 20 10 64934 1.0340354557071114
26 26 5 18 92524 1.0586540790599357
13 18 21 8 59350 1.0279594529086455
17 24 5 14 72165 0.9066368201377794
6 3 26 25 126069 0.9238212930676845
19 9 5 11 48594 0.9664728462445548
20 5 16 17 62771 1.0948878348835782
27 9 11 17 77524 0.9716401889281094
16 16 4 5 71630 1.0110048976169366
15 16 20 7 53309 0.9478340683593758
7 18 1 11 37765 0.9615101151724746
29 4 18 4 46864 0.9703585895428939
17 17 1 14 63018 0.9861370559057363
17 26 1 2 130016 1.008550692480709
29 15 18 9 55893 1.040923055928718
24 10 27 2 44858 0.9043852942226459
24 24 12 29 52244 0.9004763907818493
15 13 6 3 60209 1.004678910901492
20 15 29 1 78219 1.0385431669136576
4 6 23 5 82187 0.9810791742960303
19 0 12 24 109337 1.065784336916171
7 11 15 23 60627 1.01527077582612
18 7 25 14 51206 0.9559863135698006
7 19 17 9 61212 0.9337315451253401
9 24 12 13 55529 0.9829497031523686
9 21 5 13 38074 1.0086141290213295
10 8 17 13 40838 1.0901307699672826
22 3 15 6 39850 1.099239008122958
0 1 5 21 90075 0.9349079241085625
0 7 10 19 73717 0.9390908578384157
27 9 22 3 45380 1.0882748771105903
14 0 21 15 75633 0.9133010023226686
20 4 6 9 74385 0.9249918482309217
19 19 27 10 54464 1.0542290500268618
27 19 15 8 76963 1.0610224797761878
24 8 4 23 116545 1.0753167936456378
17 4 26 3 43001 1.0423779465689125
10 29 6 9 91369 0.9183557918530353
2 3 15 15 78752 0.9229584856989738
26 25 25 1 94182 0.9886922327159571
14 0 23 9 73725 1.0689725474563248
25 5 22 14 51268 1.0870592157153807
1 24 17 27 63947 1.0785064058592115
5 16 20 10 60233 1.0092447731122351
28 22 16 8 92000 0.9204547842782227
1 26 11 14 73058 1.0614830763525915
19 4 10 19 88288 1.019018934828755
28 19 24 2 88091 1.0868994329722006
0 14 18 2 94186 0.901952905461882
7 4 11 17 61937 0.9925289771166197
10 27 13 0 112200 0.9388507799824889
3 29 11 10 93655 0.9429157797944716
21 3 14 24 97396 1.0834357674390327
26 4 28 21 72790 1.0696032621035847
10 7 14 18 51109 0.9826491418070628
3 26 4 7 77691 1.0925395370897018
11 2 9 23 106037 1.0270646749952452
16 4 4 28 121889 0.9994228798113269
0 28 5 9 85843 0.986637804185445
7 5 27 28 134295 0.9286900918852874
11 6 24 27 118213 1.0618908195902477
24 29 10 13 105059 1.014142866336263
10 14 10 24 52531 0.964964519280886
18 17 6 23 68151 1.061005565742513
0 27 18 13 100551 1.0153266472924158
15 16 24 10 49684 1.099287701186625
24 15 10 3 87947 0.9076660228442678
0 13 27 2 116042 1.0982458552875285
24 28 24 12 74233 0.9841223938558875
14 27 27 10 89995 1.0520447871122847
26 15 9 0 103359 1.0392911351579295
28 23 16 14 69723 1.0753261662531501
27 17 19 26 54329 0.9385046083965738
22 6 17 17 63333 1.0039513387945282
10 0 0 25 115330 0.9064620111505519
7 26 18 24 44092 0.901594565078339
29 8 0 0 133048 1.0067800727065868
21 8 12 21 74589 0.959386465689675
17 1 18 12 58353 1.0325314242347088
19 13 10 28 82254 0.9802477591391179
22 10 2 20 90944 0.9482651877368329
3 2 24 1 80757 0.9142317581619185
17 26 0 25 67551 1.0710535627615851
12 21 27 11 80463 1.046109050932452
11 18 9 29 64605 1.0828301104582632
22 18 9 11 68820 1.0340565050276052
8 26 10 2 109581 0.9926907433532268
27 26 11 20 71867 1.0553189901813105
15 11 21 15 30693 0.9414286000057979
0 28 20 3 151014 1.0949258180945751
20 16 9 20 63766 1.029579683809548
0 23 24 24 77540 0.9004621618757948
5 0 24 15 102864 0.9501748464686353
17 17 5 7 66756 0.9123969239892474
5 0 25 14 100496 0.9226896958670397
20 11 5 4 61515 0.9601868570731042
29 7 0 27 153587 0.9637704745343242
10 15 17 25 56253 0.9242941762187716
26 2 13 21 108639 1.0211885005404293
18 8 26 24 82304 1.0915741410697015
28 3 7 27 149725 0.9575573411160161
29 10 17 9 43640 1.0496825071186207
25 8 16 10 40924 0.9486365281873914
21 14 17 5 49300 0.947085140914785
24 25 24 7 80677 0.9593517473771623
26 2 12 11 77267 0.9732846083672634
14 25 28 15 75138 0.9585678140508285
9 4 17 21 89009 1.0662545321937604
12 22 18 17 46900 1.059957461058997
12 8 22 27 97626 1.0913932168572769
17 6 8 15 62724 0.9239670760665977
28 13 16 6 65404 0.9326901560704471
7 18 10 0 72196 0.9142898233441341
10 13 2 9 36161 0.9583422035701339
5 5 24 20 109836 0.9145465220909067
5 7 15 8 47710 0.9702382373879453
13 14 13 25 42702 1.0543582347605727
7 17 25 0 115567 0.9629817890130445
19 22 23 15 40878 1.089880597950531
21 1 27 27 122395 1.0890883929321666
27 7 14 9 58595 0.9185746932240066
6 7 24 9 73284 0.9330726201373364
16 26 21 13 68099 0.9424244583811823
5 22 11 26 40919 0.9091836914340381
4 22 25 1 144217 0.9768859421201758
7 16 12 11 30530 1.0187065765847498
0 8 17 12 63648 1.078662230371086
24 19 11 20 65097 1.0913083940744222
24 13 26 29 65899 1.0110311802008247
20 6 21 16 46620 0.92661763731611
19 12 28 24 67059 1.0918766429462992
28 25 14 29 59666 1.0103236468307515
13 19 17 7 57837 0.9231572451072839
20 20 23 13 40243 0.9888547335263834
6 28 17 29 60548 0.9020257321861537
3 20 24 21 77070 1.0934425958619323
0 29 8 20 58308 1.034009912772248
15 22 29 8 97423 0.9201495643024359
0 7 17 15 73365 1.0652355565776568
5 2 14 25 94026 1.0946118936419358
11 6 15 15 46046 0.955834110577304
29 22 6 22 85668 0.9118686636356054
20 25 16 11 69518 1.0249744894532453
21 19 0 15 86466 0.9314693601452287
4 22 15 1 107629 1.0875684437825053
9 24 28 16 83782 1.0566820908435393
5 14 14 21 54363 0.9184693993554734
13 15 0 4 80076 0.936687155598486
9 23 28 27 79270 1.0328470192395571
22 20 26 8 68691 0.9390732104792808
1 11 29 13 84409 1.0319897931700015
6 20 22 23 67779 0.922193491995039
3 14 3 4 44626 1.0142338663322277
17 5 21 23 91264 0.9089089936428029
27 29 26 3 106734 1.082468311231758
2 4 25 11 90769 0.9325187769538646
7 27 18 19 67936 1.0137545807014692
10 11 23 4 69361 1.088225515824106
11 8 20 16 55763 0.9211905874526579
23 26 3 17 97117 0.9627708828473502
2 2 9 14 65427 0.9983041891964077
2 2 25 23 146189 1.0896479149113136
14 29 3 19 63579 0.9416590751108467
19 29 27 3 121200 1.0892350009913114
6 16 11 28 68868 0.9315281581766057
22 5 19 20 70356 0.9670039720868916
11 11 11 25 65291 0.9793400475410877
13 1 2 8 70054 0.9528009115507518
22 20 8 11 80709 1.0620119575334268
19 22 11 19 46806 0.9126710796245757
28 25 2 28 105521 0.9635552311975033
12 24 15 1 90399 1.0564948360078452
9 15 20 11 46724 0.9678909333352298
18 25 29 25 39827 0.9095227790510011
2 9 18 9 58652 1.0237976963500017
14 5 7 24 84916 1.0763444615869346
4 2 17 27 123876 1.0601138493162092
6 13 28 3 102726 1.0965372745747828
16 23 11 29 37172 1.0182472392606954
1 12 15 16 50173 1.0748459010811038
16 12 26 10 36832 1.0373081072759927
8 11 27 28 113763 0.9639184401987592
15 5 25 0 49764 0.9843476844534216
13 28 3 17 72239 1.0901016022022785
10 22 26 29 79911 1.0268448728250945
26 2 21 10 47603 1.0740710631469472
20 4 29 10 53067 1.0793964317969844
3 20 20 15 74791 1.0347348326006718
27 25 24 11 60085 0.9429191300987919
24 0 20 13 64918 0.9266209059508514
21 22 0 25 78615 0.9933277350068729
22 10 23 23 72469 0.9896940764152808
7 19 20 11 63571 0.9312089155456593
13 20 11 10 42970 0.9417915015151783
22 2 10 22 117242 1.0938538331046659
8 28 25 29 99265 0.9195627167954926
11 14 20 22 61914 1.013177611018244
11 29 26 14 88934 1.0231649642487823
0 8 27 19 112885 1.0520561474523131
1 21 0 8 57958 1.0242823954753075
9 5 25 26 127291 0.9790848606844941
24 0 29 20 92311 0.9132823184961719
5 15 3 1 55367 0.9170408024330867
4 16 26 14 73011 0.9457797604630649
9 26 26 13 92958 1.0532586734728178
20 18 9 29 78015 1.0109921226554077
12 1 25 22 118726 0.9867724212923428
21 2 3 14 95950 0.9768117951958828
18 15 15 3 62770 1.0057002752159334
10 10 29 8 64271 1.031204733355791
0 28 21 27 96239 1.0391497439209487
12 0 7 7 39896 0.9672349522801185
17 16 20 1 69213 0.9709716827698969
15 10 1 28 98956 1.0697084809449247
13 29 25 24 48640 0.9712012123558175
1 23 15 10 82497 0.9641446671517805
17 28 22 14 71922 0.9083968610149692
25 9 6 12 68030 1.0793248048258783
24 8 29 22 71481 0.9502779795575323
28 8 10 22 110269 0.9916012715583535
27 18 20 13 38100 1.0629904894416464
22 28 5 13 108683 1.0385505381618703
23 15 22 4 62213 0.9954829098999379
24 23 3 26 79907 0.9295513028370755
17 10 15 22 54482 0.9099673156676668
5 11 0 16 30331 1.0831836066328293
13 15 24 11 46621 0.9574307397451659
11 21 12 12 42722 1.0533661388602673
26 12 1 22 110614 1.0362868097868594
22 26 23 17 60677 1.062655392002072
25 20 6 5 112190 1.070650349052732
25 20 0 27 104142 0.9628591667386607
17 18 11 9 54964 0.9204151784118583
9 14 20 10 46744 1.0704078865990234
5 22 20 19 67193 1.0417790263802427
19 20 14 6 67038 1.065874676632264
20 16 0 18 85615 0.9945700537651856
15 1 24 0 33496 0.9514448511722138
24 21 13 2 107152 0.9303865021447286
24 7 3 8 86215 1.0348204119205058
19 20 1 5 104998 0.99133088460692
7 7 13 23 75170 0.9126114884798177
7 24 21 20 59232 0.9527551807951536
1 21 17 2 117722 1.088753176487923
14 22 0 18 68355 1.0182855068626697
8 22 21 3 116346 0.961728684264599
28 5 5 3 98139 1.0552602800733217
14 22 21 16 47780 0.9832951114875493
15 18 10 13 32967 1.0815331159574664
3 22 0 9 58205 0.9463105950394506
25 26 2 27 98941 0.9631344272548437
11 8 29 6 77077 0.9890645137866756
16 16 27 14 36359 0.9946853474689311
10 17 2 7 60534 1.0027913758021545
28 18 15 11 64204 1.0449738762557588
9 18 1 27 57755 0.9167906947910183
20 22 6 5 101053 1.0123940676302106
0 21 18 20 69612 0.9176273261674921
25 25 0 13 111707 1.0233421431507863
18 18 15 6 67035 0.9106096061894174
4 3 12 22 88937 1.0431644829390252
12 25 15 16 41276 1.096402820935306
8 21 26 19 70169 1.071767116322047
18 10 1 20 81714 0.9712248223720925
25 7 4 25 129446 1.029940097185174
8 19 19 2 105923 1.0180386263728916
1 7 23 8 90236 0.9508097044227704
9 13 27 7 76840 1.0111421907384532
18 17 26 20 46536 0.915373677752196
22 2 0 17 124210 0.9298296178857332
9 18 3 7 57761 1.0688805427222612
27 1 1 25 159880 0.9484919521140416
18 4 6 4 59960 0.9220652849928224
23 0 14 23 104970 1.0777780502582934
24 11 1 11 69036 1.0549658037100154
12 3 2 0 52236 0.9750166501258635
16 4 29 12 80112 1.054666796389145
3 21 7 0 80632 1.064484835125186
5 7 26 24 108879 1.0415333932538746
12 16 4 2 75216 0.9173494773713825
22 18 6 18 80647 0.906628034088373
22 2 19 21 91131 1.034612285640542
10 18 28 22 83892 1.0532081636135573
12 1 22 28 134082 1.0827286590004872
11 7 10 20 69285 0.990263566451995
4 17 13 7 62060 1.0659670758642024
3 4 25 6 98635 0.9602153026295305
0 16 21 24 94253 1.0036400491283504
22 9 0 17 94373 0.9905509318157852
27 5 24 12 39746 0.9779473653643462
9 7 3 26 87959 1.0545817205970476
6 8 19 12 50946 0.9484908568589031
19 26 29 27 46832 1.0719329150194605
21 5 8 27 120261 1.0462777767817293
14 19 26 29 67456 0.9760539000309351
14 19 5 5 68805 1.0388528773034627
23 19 0 6 121231 0.9889533609654791
11 4 22 26 111477 0.9900708965656791
11 21 19 25 39580 1.038257199197454
18 19 3 26 77713 1.0922769050033212
17 6 29 20 89070 1.0147787662502081
13 23 29 8 100434 0.9658695225187993
15 18 2 22 60315 1.071205030478883
6 10 14 23 61190 1.00675327655013
21 16 15 10 40562 1.0895209238939672
6 6 13 24 83265 1.0211265205880333
7 23 17 14 63363 0.9261440793075648
11 22 26 25 59867 0.9349983012924827
27 18 14 18 63477 1.0015965371965923
2 13 11 16 38114 1.0318887725289398
4 10 22 20 90892 1.0943261921835603
15 24 0 7 94562 0.9237240901730893
10 20 15 11 52979 1.058020111786156
24 22 14 0 115909 0.9446578932076367
0 4 12 21 97704 0.9641010413028535
11 15 15 29 56907 0.9226563338642304
4 16 9 23 48928 1.048313269735954
18 25 13 12 59284 1.0486193458775106
8 14 5 27 56416 0.9317769477961564
5 25 26 4 135478 0.9946980239813674
23 7 2 8 89111 0.9045269525617402
16 5 18 29 108798 1.0922601596439596
28 8 9 20 111016 1.0708840413445078
28 16 6 28 107935 1.043345499193732
12 1 24 22 116784 1.0375386077331685
18 24 14 3 85108 1.0409185565347228
4 11 22 27 109646 0.9266920621788265
18 0 27 11 73642 0.9236737176664871
15 7 9 27 90903 1.0081867273328893
17 6 29 21 92146 1.009657307788926
2 8 10 28 101543 1.0877002192399992
21 25 18 5 96423 1.0147608200980693
27 3 10 15 97395 1.0711420762233337
29 26 17 18 70480 1.01113377063594
19 24 1 23 58992 0.9502544605947536
29 16 20 11 43318 0.9019356076959572
24 11 14 16 46207 0.9773517413875664
9 0 22 25 130717 0.9784751436285468
18 25 4 19 71537 1.056847765066532
8 26 24 29 87989 0.936458606952428
26 2 17 23 109983 0.9937351379392971
6 10 0 28 82976 0.9084302556527819
19 5 7 26 113228 1.0593423764423027
1 29 20 2 151240 1.018921467399494
19 1 5 23 123357 0.9674929574083166
21 4 29 12 59287 0.9292191990643969
14 19 0 28 73353 0.9731254412413224
24 25 11 1 126104 1.017668015313569
29 21 19 6 87451 1.0393568694114266
23 20 5 24 76643 1.049285726268119
7 0 21 21 114846 1.0034694730922742
29 4 11 1 77537 0.9113729966898142
18 27 5 23 60569 0.908172660639357
8 3 22 29 143259 0.9864617802505133
13 1 8 26 111632 1.086589626530787
6 1 6 17 63633 1.0473545440554528
11 18 28 20 76829 1.0682390437099774
10 4 14 29 93267 0.9030754941809739
19 15 4 12 53230 1.058081390497056
22 6 14 10 45478 0.9282340113564946
18 11 3 11 44145 1.0144499020262607
4 12 11 18 46214 0.9366157612476013
27 26 18 28 53749 1.0757335088686408
7 18 27 20 81607 0.9323767211204927
10 12 26 23 86523 1.0259266917208447
16 0 4 4 58729 1.0766327820715864
27 7 4 6 98141 1.0330275569057872
1 17 24 22 103538 1.043777415745861
3 19 21 9 83481 1.02140794871136
24 9 22 21 66086 1.0089430200025085
27 13 12 17 55599 0.9013438347531786
8 1 14 13 64417 1.0709011546054672
5 19 28 21 91857 1.0725193609114194
0 12 3 21 40728 1.036903454009078
23 3 13 27 119635 1.056346654962998
27 21 13 24 49572 0.9589651473439889
1 13 8 2 53597 0.9596693057650081
26 10 13 7 51524 0.9122544194362076
26 21 14 20 43502 0.9242755058531059
14 6 15 19 53720 0.913985045825376
5 3 13 9 53562 1.0470494636142118
8 14 8 3 46078 0.9828531869546584
27 26 9 12 103374 1.0274366092559675
9 0 7 21 77402 1.0128612648047186
17 11 16 0 56309 1.0695119666917754
23 5 14 26 97138 0.9821082329116814
0 21 7 9 61734 0.941894761500465
20 16 13 24 52272 1.0536717233105781
8 24 4 6 73229 1.0191923857472016
28 10 9 18 89327 1.0240647985424516
29 15 18 15 35496 1.0405205824753607
11 15 22 4 76361 1.0130105029640732
25 11 4 21 95102 0.9975883046991478
7 2 8 28 97739 1.045286605835347
14 4 4 11 53308 1.006916065860829
15 11 2 3 67657 1.0436797258883572
28 2 21 25 111906 0.9404457466297987
3 19 24 3 119885 0.9873429674036659
7 6 18 25 93527 0.9865644548362984
26 22 14 29 51433 1.0460576550027145
4 17 13 27 69265 0.9956934914514665
17 26 11 9 77970 0.9658031132287618
9 0 26 16 108793 0.9796286078194608
17 8 18 24 76368 1.0129945429519778
17 14 8 27 76665 0.9356977563372115
7 29 14 6 98539 0.906552193065729
20 18 0 5 104405 0.9118352679105701
7 14 17 13 38051 1.0169097862350651
28 21 23 2 98529 1.0715025334612664
29 17 23 1 81701 0.9004223909614107
14 18 4 22 50555 0.9697377528219092
12 2 17 23 93172 0.969406233758881
23 17 4 15 74737 1.0458856433145074
15 11 5 23 74276 0.9127933287911988
0 24 19 7 117180 0.9168538857841315
2 21 25 3 136740 0.914580258326721
17 12 6 21 70368 1.0380044727548985
16 25 28 27 54709 0.9052367663658353
2 24 10 19 42258 1.034540668177835
0 29 15 10 105950 1.07627052435929
22 26 7 23 60535 1.097394957387524
2 18 15 8 72350 1.0654315688847673
21 6 15 10 39550 1.0058972920785734
22 13 19 23 46466 0.9464712743470156
12 7 3 5 47032 1.0449562095486054
28 16 4 11 84733 0.9791652477924507
15 1 11 29 108363 1.0719121611309468
25 22 26 5 70924 1.027900273782273
9 3 6 22 80771 0.9173575411171077
6 5 29 29 140349 0.9776398294413013
24 8 12 1 70025 1.0974038284884642
5 20 0 25 35836 0.9394349268349129
17 1 12 23 99466 0.9584523789393371
10 26 24 27 70511 0.9306107266221331
18 7 8 17 73460 0.9183560151620758
2 7 14 2 70727 1.0221053426782079
6 23 10 29 41060 1.0839187978183122
0 5 12 17 79346 1.0113239064666384
21 24 11 29 46011 1.0225932618862328
26 26 25 16 41630 1.0614667759086334
4 18 27 3 122881 0.992987775140682
6 26 12 13 69561 1.0254553058983435
13 15 20 21 47452 1.0430304015784686
28 2 1 29 179911 1.013324104552492
5 2 9 16 57143 0.918531697491714
16 26 28 16 72120 1.0107614251590775
12 15 29 8 74135 0.9009472550504573
2 26 23 27 91398 0.970780312665604
14 14 3 23 67032 0.9508232076085564
24 12 2 10 69823 0.9545057702522532
29 22 12 24 61075 1.0563447871105343
7 2 24 2 73322 0.9946350029126139
28 16 17 16 44848 0.9219955444731833
28 28 29 3 107633 1.012703113997137
29 3 22 29 127036 0.9715758589957252
21 14 11 2 74380 1.0394895466414118
16 10 7 4 46668 0.9736368003910254
27 15 4 6 92165 1.0680877443292696
1 5 12 1 59294 1.0306078973737092
19 7 8 22 93006 0.9345465979505979
18 0 19 28 122740 0.9900876449605431
11 18 10 29 60651 1.0719156064624948
24 28 23 8 98490 1.0317708036985327
26 7 26 21 54499 1.0801748456234328
5 9 29 20 101872 0.9041508395076618
21 26 16 12 72234 0.9727022815806725
13 29 3 29 52141 0.9796228001215
19 6 3 13 71303 0.9575534115159096
21 24 25 13 56212 0.9782559947966828
16 4 11 21 78940 0.9623854923044843
24 24 16 11 74019 0.985446950627994
4 20 18 5 97064 1.062649482094979
18 14 5 18 59126 0.9953932175523589
10 2 1 19 93074 1.0309124314811218
18 0 21 15 71890 0.9114762799278285
9 1 12 28 117029 0.9881271438522276
27 21 26 4 69363 1.003223723028172
19 27 24 7 99192 1.0250805108691168
11 17 3 14 42953 1.0923597472684046
10 9 25 17 74506 1.0367780473806933
13 13 1 28 89470 0.9748156985952323
19 1 26 26 116362 0.9166547618303026
21 29 7 4 128409 1.0035161465375861
27 27 0 16 125743 1.043648886166668
25 23 17 17 59528 1.095915761475518
7 0 28 13 101489 0.9000046125020295
4 8 16 5 62840 0.9709199298995306
18 10 7 19 60926 0.9190798966037808
9 27 29 2 147465 1.0252507549126264
24 20 25 2 90121 0.9664682013694539
24 17 21 28 67689 1.048973274983083
29 27 15 7 114725 0.9888737300451493
24 26 25 0 110023 1.002196812945103
8 21 0 26 40759 0.9411460198094748
24 16 9 8 74556 0.9407059343229904
21 15 16 21 41044 0.9566380379676959
24 8 2 22 116031 1.0581986827872032
2 0 13 24 115083 1.0865104856735894
0 16 14 26 80194 0.9500779928848249
28 16 18 22 58063 1.0376858601311167
29 24 14 17 65968 0.9640231835227244
22 0 20 23 105920 1.0152328336442606
7 3 12 25 90738 0.9420436854385291
1 28 29 23 102213 0.9240697449566317
28 17 0 24 108061 1.0121956077255194
29 17 9 29 104843 0.9741267881414297
15 8 29 15 67713 0.9705643945167528
23 16 0 1 120450 0.9932060660983767
25 22 15 6 98553 1.0426504578311957
12 14 15 26 49153 0.928756012446353
7 3 16 0 45181 0.9633523664653243
15 2 23 22 111536 1.0897957518407557
9 23 0 15 62248 1.0379572069022955
6 10 3 26 65264 1.0646521487644736
11 29 1 28 55123 0.9163534334370227
21 27 23 11 83563 0.9610504360577479
9 7 0 13 43983 0.980020725936348
14 7 3 24 85473 1.0739416517008589
25 1 23 27 112414 0.9310332488825137
16 24 24 5 100367 0.9348856196007852
10 15 28 25 88522 0.9063830165504377
26 4 1 15 108312 0.9928705068188546
2 5 29 7 114180 0.9512473451624784
5 0 20 29 143487 0.9421421161618952
15 7 29 2 70201 1.0422044039598715
13 5 7 10 43220 0.9116006119050678
10 2 0 16 82531 1.0112382312245451
11 26 0 27 58684 0.9305084934580075
29 28 4 15 119050 1.0036681588553054
1 8 23 17 98147 1.0416590564670662
25 23 28 5 80861 1.0047796108689657
29 8 6 12 80660 1.005509303242398
18 10 27 11 32144 0.93681766437348
2 9 0 25 77797 0.9303984931852876
11 25 1 5 102088 1.049443840479733
23 3 19 23 99754 1.047015478386617
5 9 17 23 83158 0.9061783349120703
5 9 11 27 86878 0.9732192421633923
27 23 13 13 76674 1.0314113600589465
6 26 16 0 124965 1.0898750297658781
27 26 18 16 68277 1.0024094045962617
24 24 19 29 34865 1.0590838608881388
9 1 13 8 44278 1.0261696610619842
12 21 17 10 53223 0.9194071320846944
2 26 28 26 98626 1.0905142164922077
13 24 12 9 54504 1.0502499427535024
22 27 11 7 106907 0.9257372043226829
20 5 9 14 67722 1.0429640218257403
25 27 17 0 138135 0.9043614784840552
9 23 28 17 87479 1.0889486172593834
1 13 9 23 60361 1.0573072342128245
25 16 11 8 70619 0.9973765619186443
27 28 9 3 146102 0.9140215304514451
2 14 27 2 115216 0.9983534505222375
20 13 27 3 61693 1.057534270409083
20 14 20 24 45991 1.0337461439156925
5 24 1 15 44991 1.0508243373915334
8 19 29 4 124587 0.9579232539283825
7 8 15 6 47568 1.0897804291350448
26 15 29 3 54871 1.0200212149420629
13 28 12 3 90902 1.0064559535383786
7 10 24 15 62513 1.0030092765201644
11 18 29 12 75049 1.0631972782026173
20 23 12 25 35341 1.084974069478705
10 6 4 1 45577 0.9999704004777259
28 18 16 4 99455 1.0241748713462915
20 6 8 0 65337 0.9501141161782771
8 21 22 20 56846 1.0483098086447926
6 22 18 29 68450 0.9963171350704041
18 25 6 25 47817 0.948211129052726
18 18 12 26 53576 0.9863613895385633
11 5 25 10 60351 0.9089502639241523
19 23 1 28 74985 0.9186783087498408
7 17 2 11 34691 0.9939415308938124
25 4 8 3 80366 1.0704162760044535
9 6 18 25 98238 1.0035042698569434
9 8 16 17 55801 0.929564815530123
16 15 26 17 41180 1.0977347025756732
25 14 11 19 61750 1.0297171713928566
0 24 22 7 124762 1.0043551415995164
20 8 14 12 32601 1.0301188908402876
18 9 28 17 63206 0.9443707551976332
2 8 27 24 123050 0.9272286946607986
24 21 27 2 86088 1.0065186504407981
4 25 6 10 63689 1.0177603646290103
18 21 12 17 37877 0.9595993677352912
13 18 22 15 42074 0.9935681694990289
1 19 26 18 107627 0.9519784474550471
9 18 20 1 102274 0.9632265081285296
9 27 16 17 59978 0.9844934666609592
11 17 25 23 71641 0.9545920914081161
25 0 7 6 85440 1.0637603535863236
20 20 28 28 61374 0.9758077089535562
12 22 2 19 46524 0.9583949836689262
29 4 27 27 101271 1.0490158970610448
29 7 0 24 142831 1.004444954631583
6 22 8 0 82365 0.9524473992441077
15 10 6 24 71560 0.916251338941681
9 3 21 13 72708 0.9874264799453871
12 7 12 23 67246 1.0798469927669923
0 18 27 9 110923 0.914964703876836
22 11 0 27 117182 1.096206264217817
22 27 6 17 90191 0.9298550116834674
1 16 27 11 90624 1.069343788211161
28 5 16 14 68497 1.0298182781901448
5 17 27 19 96263 1.0511703124714644
17 0 2 0 59351 0.928374738240457
7 24 10 13 49573 1.0114296455278513
16 18 1 14 63482 1.079090824203937
25 1 12 1 45509 1.0408628070728385
3 8 0 15 36330 1.0404380351694764
0 2 1 20 81086 1.0806119044342732
21 29 29 15 81949 0.975725337895552
10 9 7 19 44554 1.0489579923487167
4 29 17 11 99620 0.9645398931906294
27 25 26 16 34712 1.0476913606712905
18 29 10 23 55214 0.9092421854369513
26 19 29 26 32898 0.9115755872484137
3 17 17 0 98670 1.0844141502123028
20 21 2 16 83384 1.0886816284132088
2 17 13 23 59605 0.9530093522976425
10 13 3 16 28398 0.997843016706316
27 20 2 18 103756 0.9963208006889528
18 28 6 10 98324 0.9163782496022291
12 14 2 9 45847 0.943733980247015
24 16 15 13 37328 0.9352253792234982
29 7 18 8 55299 1.0539733946588665
26 2 15 3 55160 0.9221368047040329
6 17 15 10 48789 1.0789022091799862
1 19 9 16 49738 0.9865007540172923
0 8 27 27 141037 0.9788414338618262
29 22 10 27 80693 1.0619236177381854
3 10 7 19 37846 0.9088198777292459
16 23 18 13 53200 1.0870979693737384
1 14 11 9 42911 1.0052624440837439
19 5 27 19 78628 0.9957880628165461
8 12 19 7 58023 1.0657348801107713
18 3 8 10 61269 0.9701174011999552
9 10 20 18 62978 0.9768870001022026
25 19 6 28 95280 1.0711886731674602
11 28 24 8 112758 0.9767662358636043
26 13 12 12 47030 1.0468053698111885
6 5 13 19 66740 1.0282902749628189
19 19 24 5 72516 0.9010337746165135
1 0 10 4 54581 1.0458573474555743
27 9 10 21 94503 1.062694791248652
18 19 2 4 104028 1.0269302070275013
13 6 17 16 52937 0.9142039067546827
1 19 2 29 44708 1.00186174626305
4 16 28 22 109086 1.0606845280460089
17 7 27 0 56202 0.9976642053449971
20 7 10 21 81756 0.9111325950637081
19 15 0 26 93608 0.9672675616544657
6 8 3 18 45930 0.945255169038006
19 11 21 2 46728 0.9931405388127168
28 18 1 9 109700 0.9217558917760704
13 12 4 15 35709 1.0211883281443868
13 8 11 0 41528 0.9678605004235858
1 0 17 17 107688 1.0923681565560321
21 3 14 27 105974 0.9911704078164382
7 28 22 29 87026 0.9869435527163389
1 29 17 0 148442 0.9462909084964359
6 12 11 1 58210 1.0765542680689735
21 0 22 16 76751 1.0706990262663922
16 12 25 11 31506 1.0427842150906241
25 25 24 5 89470 0.9361021845984577
14 3 28 9 74067 0.986601167828688
3 28 20 22 78458 0.9404235048485454
17 0 1 18 107959 0.9284637204254217
15 29 14 3 90055 0.9887039688322127
12 8 1 3 65673 1.0119940537208971
19 26 28 1 122490 1.0882877063924115
26 21 0 15 107221 1.0801126232971994
22 5 27 17 65798 0.9145833482899328
12 6 13 23 67428 0.939272537952898
22 15 5 16 63059 1.077009916330615
0 12 19 26 99762 0.9505069033336604
8 20 9 9 55321 1.0091609881021104
0 0 29 8 133048 0.974955775824024
12 15 8 25 53806 0.9726734342666855
29 8 0 15 102690 1.0489896460909356
7 0 13 29 112079 1.086874447096476
2 7 20 18 90531 1.0011967332968292
28 7 18 7 43467 0.9573427933590059
0 26 6 16 56631 0.9136641796477062
4 5 22 8 84399 0.9641983621974872
7 21 20 16 64802 1.0025313392946225
3 20 7 3 65847 1.0683690221724258
7 11 7 26 54736 1.0789192869129975
28 24 9 25 61961 0.9192846981163033
7 17 26 2 110565 1.0535325612782893
28 16 17 11 48587 0.9831394802850884
18 9 12 16 43608 1.0729871792360424
10 5 24 3 64417 0.9043308400715016
3 12 26 20 93494 1.0854392389193983
29 29 11 20 85827 0.9961880514613572
7 3 13 24 87968 0.9095300158469306
14 24 3 9 74461 1.0991064145388822
7 1 5 11 38231 0.9950720872702605
4 17 20 3 95259 0.9928083087019681
17 1 19 10 48171 0.9797285568529253
8 17 26 13 69262 0.9023239308333854
14 29 29 26 63422 0.9073674092033113
20 20 5 19 70903 1.0722474216564586
19 15 5 21 69014 0.933550428588852
12 28 29 15 96130 0.9894216863402963
19 8 1 14 67971 0.986518838235805
17 11 28 4 63020 0.9256032771603097
5 9 26 27 115511 1.0004641140217323
14 15 9 20 41113 0.9807863928341111
12 2 10 26 102009 1.0986606532054555
7 15 26 22 88349 0.9602024482561986
1 4 19 9 84967 0.9480199775120114
24 28 5 1 149049 1.020361535923499
11 24 2 3 100864 1.0661707418057633
4 14 23 2 106513 0.9968149280837637
1 8 17 23 98410 0.9387412886064189
17 4 11 14 55561 1.0376205796095923
7 22 17 21 36841 0.9071781418848813
9 10 28 11 62772 0.9212135221590745
21 27 5 21 74883 1.0073676807313423
11 29 5 8 98234 1.0091818301635938
26 17 4 11 81979 0.9865834121179866
26 16 15 24 56582 0.9645619037646059
29 18 0 20 120247 0.9457390237238574
11 16 29 21 83185 1.083209835202688
28 11 27 28 78441 1.0420073758171915
23 10 15 27 83355 0.9768449558804378
22 17 4 23 89991 0.9352791843302672
21 13 6 22 77499 1.01890204975455
29 17 23 4 72786 0.9827599484329427
13 17 24 8 67387 0.9992804974577763
28 13 11 25 88170 1.0307140929773562
25 8 6 9 76793 1.071476817411538
9 16 23 28 95606 1.052611636565255
21 23 2 16 91759 0.9208268440559414
22 19 1 17 99933 1.0016843952728653
26 9 19 18 52397 1.0689929596008414
19 20 4 4 96704 0.9900219980180656
19 23 5 23 51585 0.9063073421088151
24 13 10 10 47604 1.0613273046549372
13 27 26 26 58470 0.9935305350096197
26 22 17 24 28043 1.0407935458649336
19 21 21 13 33758 0.9744270525078642
25 19 12 14 64857 0.9365510088977573
26 24 8 24 51067 1.06548974842262
25 4 3 23 132077 0.9326175945809297
16 9 22 2 56600 0.9707842691126916
13 24 0 10 83962 0.930257267424886
26 2 19 9 49653 0.9589500352670259
22 17 6 12 69495 1.0659798896664194
21 3 9 4 62232 0.9637133644300979
2 22 20 18 81230 0.9709923390963748
18 17 6 27 78665 1.0008978771121462
7 4 17 23 93993 1.099446670916531
5 1 8 24 86165 0.9197561805511992
23 2 14 13 79048 0.9042765632920602
25 27 25 9 80912 0.9658484349220562
23 22 27 6 77828 0.9128806293076565
17 8 29 27 104870 0.9381961979756815
22 9 11 26 99160 1.0765007027914706
21 10 2 24 99412 0.9629779681189062
27 22 6 6 114877 0.9194161486744136
18 25 18 0 115070 1.0577415960705214
28 9 10 5 80942 0.9430477234909002
12 5 20 23 91419 1.0063071485498283
4 1 17 22 109814 0.91783644767768
17 20 17 6 69436 1.015330440615866
8 29 8 11 70215 1.0687554704715827
22 10 17 29 96103 1.043053457974791
24 25 27 11 60016 0.9139470749449605
7 26 11 3 103524 1.034282250989194
24 25 5 26 70840 0.9925474203491638
29 21 13 27 70409 0.9356192771379013
1 29 10 10 90924 1.069040439015272
18 12 27 28 87606 0.9358094333234247
26 25 17 9 83641 0.9578409403227194
12 15 18 20 47111 0.9392223324291016
22 5 1 20 115375 0.9323872810027305
7 23 23 11 87315 0.9858325508690874
17 4 22 15 65001 0.9173032569534799
12 9 0 4 69178 0.924467377646935
7 16 11 22 33910 1.0219912928395845
7 15 27 24 89056 1.0939115430839534
0 9 5 3 43937 1.04579265603991
15 9 29 9 52764 1.0694904506165184
22 29 16 3 136138 0.9126819217850242
28 25 17 3 121476 1.0078539027636542
18 29 24 17 76606 0.9323783669691205
21 3 29 16 81188 0.9371756062673008
27 17 14 18 62974 1.0221891915932197
22 7 10 13 59444 1.0614214127679855
11 5 13 24 74422 0.9073475382580065
3 16 11 19 51752 1.0798311962883786
20 5 3 9 74459 0.9424144709256697
8 12 18 11 35685 0.9081025245499789
3 27 11 0 119262 0.9552530019376271
15 23 29 22 56543 1.0607107512355656
17 5 7 17 72334 0.9839479505402745
20 2 11 1 35204 1.0814168114645357
12 24 25 8 95328 1.0752104605391528
18 26 21 16 55525 1.0783097603625362
13 28 24 11 86710 0.9506977638599827
5 28 27 12 114247 1.0572917690613086
26 16 1 27 109048 0.9166170174885165
24 23 16 28 52228 1.0828258442760068
26 3 7 14 96461 1.04719584944395
10 6 13 15 45603 0.9717810956554839
23 24 0 25 75709 0.9229322000679819
10 5 20 11 49676 0.9390380860197667
20 16 29 25 64452 1.0113824442925134
16 18 28 11 64677 1.0165271272022458
17 15 13 22 38785 1.0812842304426806
28 16 18 6 73147 0.9065761259028408
29 27 9 7 126085 1.0508922348884222
11 1 18 24 102781 0.9742977059081926
22 6 9 5 58574 0.941478697902111
15 5 20 0 35461 0.9225873618167386
2 27 12 9 95605 0.9328248348042997
13 2 17 26 100408 0.965680788712665
15 13 5 18 49962 0.9598140036344474
18 13 28 14 26664 0.9932915977685589
25 0 2 29 174836 0.9121274303800746
29 29 25 12 71925 0.986887091265924
7 19 0 27 49974 0.9379290716105673
19 18 4 11 68345 1.045271568480842
3 28 29 25 100716 0.9109742583058642
23 18 16 13 44285 0.9182734473497843
1 11 28 21 107409 1.021673799533708
18 5 1 1 77916 0.9167900628400818
20 24 10 22 43921 1.0838592703737493
18 10 15 21 53393 0.9234045468225341
26 23 11 10 84983 0.937883865942961
9 4 23 20 113622 0.9240942796494681
22 25 15 18 50577 1.015211385853322
10 10 17 15 36792 1.0136455921006264
18 22 7 14 70211 0.9729609731737724
14 12 6 18 49240 1.0322299106130304
27 20 13 29 66174 0.9846511454033939
19 4 14 20 77502 0.9813969159347015
28 12 8 28 116927 1.081142583123659
16 11 13 20 43253 1.039019167234186
22 25 27 17 44681 1.076267294727117
20 14 8 27 83916 0.9097734741860436
8 14 13 27 66627 1.0173504747554156
3 18 5 6 46400 1.0397133730915844
23 13 3 5 83270 0.9561057356387715
3 10 27 23 108184 0.9717358191986423
24 18 4 19 96425 0.9327477396117573
29 24 19 24 29265 1.0389245474370312
10 21 13 9 55864 1.0748522557413605
27 16 8 29 106301 1.0972222042088362
29 6 13 5 62096 0.9971357524247798
28 8 0 26 147381 0.9444990637807142
17 15 16 0 73942 1.0430591009841863
9 28 7 4 92119 1.0073709628946157
0 19 24 6 122679 1.00506295828142
2 2 15 12 75609 1.0934037621524852
23 17 6 8 85076 1.0247967862555898
4 7 15 5 55863 0.9535323270601688
22 7 11 2 66504 1.0048079109921204
10 1 2 28 129386 0.9241568303487229
5 3 2 12 35253 1.0123601723652527
4 28 12 18 63589 0.980128697484342
19 24 28 5 95717 1.0039644899066604
22 10 17 2 55241 0.9135279088121189
19 18 5 15 59122 0.9751214255667608
26 23 13 21 47991 0.9640536788524346
14 2 8 24 92869 0.9839214887770118
21 17 15 7 63021 0.980588367622667
18 4 17 28 115071 1.012561600419181
29 28 6 16 109997 1.0754053672784707
0 29 7 1 117991 0.9712293243466419
4 28 29 16 119475 0.919197438424665
3 4 21 20 113427 1.0794161631734431
25 24 18 21 32532 0.9937108599911764
25 15 4 22 98108 0.9432883238368432
12 16 21 26 61772 1.0603825779206495
13 14 24 24 65447 1.0289949840071868
16 8 6 10 42930 0.9102229402966245
18 29 27 4 123378 1.0968040587372618
18 16 9 23 65638 1.0694640853064246
15 1 14 22 78409 1.03171519053713
5 16 3 26 45795 1.0391026999645565
21 6 5 19 93476 0.9906652564167057
5 0 28 3 98197 1.0713455596879422
4 24 5 3 78740 1.0315293945664095
6 28 28 28 103183 0.9042777689333505
27 1 25 11 47065 0.9033760024576082
23 1 26 22 91065 0.9333053626650899
13 15 0 24 73399 1.0385841366490236
1 6 11 18 75835 1.0624730711213743
17 19 19 6 65413 0.9353801109228098
25 27 0 22 106932 0.9065393465991756
24 28 4 6 136113 1.0673114737713543
21 18 9 27 74954 0.9856531956416994
9 5 29 11 86623 0.9076009746121642
1 5 25 19 124526 1.0893614502110576
18 19 26 28 62238 1.0310223500079148
2 21 14 28 57852 1.0758461478007655
20 9 7 25 91990 1.0854108551965638
