5209 6095 7120 6705 6761 6522 6058 7647 6438 6465 5478 7480 5167 6400 6653 6320 6962 6032 6344 6920 7520 6875 5216 5799 4848 4703 5902 6399 6404
4662 2041 3880 2087 4349 3878 3355 2371 3502 3969 1897 4524 4074 2568 3604 3488 1763 4458 2236 4729 4810 1997 3632 1810 2706 3655 2878 2872 3765
5747 7362 5675 6101 7207 5120 6780 6737 6690 7336 6326 5976 5736 5279 5519 4891 5682 4586 6402 4907 7340 5723 6620 4570 7003 6060 6050 7470 5100
3336 5513 4550 3840 3736 5511 6011 6154 5930 4797 5542 4610 4934 5804 6196 4034 5338 3972 5870 3988 5806 4783 6317 5664 5793 6149 3746 3710 6430
7419 6736 6116 7325 6589 6257 6879 7051 7470 8117 8253 8485 7065 6816 8635 8308 8021 8951 8773 6679 5912 7277 8048 6513 6963 6144 8009 6964 6076
6000 4922 5896 7081 5585 5489 7119 7210 6415 6950 6953 5688 5697 7278 6130 4713 6393 7112 6620 6431 7273 5703 5273 6612 5389 6354 6783 6662 5545
5614 7486 4558 5083 4658 5080 5413 5573 6082 5955 7077 7114 5959 4512 5112 4840 4860 4855 7076 4495 6742 5451 5804 5911 7213 7127 5214 5246 7161
4206 5503 5296 4431 5313 5774 5218 5781 6231 5840 5493 4925 4564 4726 6768 5663 4725 4716 6000 6513 5961 4233 5314 6634 4759 5382 5600 6354 6312
4852 4709 2308 2384 2835 4017 3275 4714 5111 5356 4422 4862 2824 5368 4452 2478 4583 3954 3380 3828 4075 2778 5077 4953 4763 2369 4822 4778 3129
4236 3665 4038 1940 3657 2005 2925 2502 2138 4295 2688 4896 4940 2353 3982 4072 3928 4676 1882 2839 2132 4912 4232 1863 4522 4584 2787 2379 2446
5322 6736 4296 5098 3996 6512 5617 6309 4836 4607 6348 6081 5467 5052 5109 6161 6195 4875 3896 4741 4514 5304 4930 4408 6578 5830 4025 6393 6653
1762 1931 4156 4119 2084 3990 2044 4608 2925 2890 2419 2545 2021 2939 2190 3573 1994 2496 3433 4330 4552 3378 4651 1868 1980 3676 1866 4366 3370
4157 3462 2605 1644 4486 2502 2821 4058 1990 3184 2852 4126 4119 2877 2249 3643 4509 1819 4606 1719 1933 2762 4453 2468 2322 4390 2123 1885 3450
5960 5335 5487 6584 6265 7285 7154 7059 6896 6586 4673 5820 5007 6941 4842 7346 5397 5712 6521 6398 6822 5874 7250 5892 4789 4355 4964 5730 7056
5904 6179 6834 8244 5990 6947 5780 6076 6949 8426 8436 6987 5919 6195 7139 5973 7760 8220 6466 7929 7472 6477 7085 6860 7891 8751 7752 5813 5824
5967 6047 6083 5846 6161 5525 5701 6178 4283 4308 7245 4568 6169 6070 4314 5726 4720 5468 6887 6432 5752 5748 4705 6460 5976 6900 7046 6498 5629
2545 4001 2227 4109 3558 2353 3319 1836 3548 3409 1898 3639 2853 3827 3463 3300 1347 2978 3454 3492 1453 3935 1491 3311 3135 1873 3204 1873 1874
7176 7071 6829 5406 5809 5503 7220 4446 6562 6162 5727 4818 4230 4632 6788 5970 4166 6714 7076 6825 6267 6072 5024 5248 4739 5392 6950 7030 7184
6871 4975 4364 6349 6506 6043 6724 6059 6843 5000 4430 4761 6699 6080 6724 6848 5029 4300 5633 6741 6941 5604 4800 7028 5011 4886 5408 5318 6433
7778 7913 8477 7972 5964 7388 8231 5671 5598 5588 6279 6329 6774 7968 6165 7404 6302 6511 8274 5687 5668 7918 7131 6830 7704 6150 8443 7675 7221
7662 7094 6101 5603 6400 5014 5404 7277 4881 6212 7083 5499 5802 5455 6419 7731 6612 6056 5667 7187 7158 5148 6608 6218 6671 6413 5155 5638 6205
2388 2632 3995 3768 2066 4078 2217 2553 3867 3900 3140 4477 4166 1988 3413 3857 3364 3183 1515 2514 4444 1416 2530 1634 3593 3695 3046 3185 2361
4361 3186 4245 4234 4254 4543 3140 4885 2726 2304 3824 5341 4344 4790 2791 3548 4391 4967 5385 2742 3998 5224 4719 2871 4722 4634 4437 3935 3960
5559 6327 7330 7375 6048 7707 7576 6215 5670 7597 8320 6486 7192 6208 6978 8019 5654 7252 8097 5436 5923 7310 6790 7791 6546 7357 7082 8355 8251
3744 2891 2528 2654 1961 4265 3815 2926 2447 3292 2872 3457 4116 4348 3798 4146 3822 2070 3803 3413 3844 4583 1904 4387 3917 4137 2753 3548 2774
6232 7085 8283 8515 8172 7186 5763 7194 8206 8430 8254 5877 6408 8046 7804 7047 7373 7961 7599 8018 5908 7410 6489 6156 6850 6284 8433 7406 6198
4207 6113 3663 6223 4400 4474 5372 5072 4714 3848 3546 5397 3549 4526 3764 4229 4184 4671 5361 6538 4045 5137 6290 3912 3749 6126 5242 5195 4843
2512 1316 4287 4152 3235 4263 2396 1391 2973 1516 2189 2860 1505 3459 4317 2483 3416 3565 4197 2940 3306 1673 1930 2217 4190 4214 3126 4276 3031
8180 8308 7648 7875 8576 6580 7516 8435 6590 6048 7475 6885 7469 7727 8441 8505 6511 8232 6553 6327 6339 7372 5972 8046 6072 7084 7666 5707 7058
4048 6724 4810 4593 5516 5791 5827 4889 6754 4130 4193 6244 4758 6378 6125 3768 5620 4030 6188 4543 6749 3920 5341 6565 6225 5751 5400 5359 5758
4267 4177 5452 6402 5587 6078 8050 6829 2015 2715 7235 7166 3396 3110 3812 4819 6456 4643 7724 3922 5076 6030 3737 3655 3739 3946 2818 3585 3968 4474
6184 4825 2994 5231 7037 8789 6942 7538 2216 4202 6403 5458 6271 1457 2051 6318 7612 6577 6913 3401 5957 8489 3321 2681 1476 5080 5114 3900 3017 5316
6028 5509 3502 6409 6796 8356 7195 8086 1892 5300 7243 6105 5681 3462 3024 7704 7064 4898 7367 5333 6508 7933 4011 1311 2175 4574 5598 2186 3316 5383
4336 3168 2582 6716 6072 6955 6317 7761 3923 2788 8320 5985 4720 3527 3303 6508 6349 4567 5560 3484 5660 5761 3997 3228 1918 5446 5087 2923 5425 2937
4986 4146 2838 5616 5786 8849 6039 7980 3309 2935 7901 6388 3690 3460 4488 5795 6113 5381 8106 3937 6082 6827 2796 4106 1920 5957 4213 1491 4788 4744
5358 5321 4828 4787 5455 6168 8298 7782 2283 4072 8104 7290 3555 1860 3666 6323 8421 7339 8168 4925 5740 6209 3256 3785 3595 5127 4755 2487 3426 5190
4474 3907 3938 5753 6508 7741 8199 6003 1532 3970 7057 6083 4354 1934 4835 5492 5706 7054 7804 5487 4643 8332 3557 3195 2899 6199 3293 2245 5713 5148
5294 5370 5421 7014 5726 8319 6753 6952 2300 4057 6727 6325 5705 1295 4337 7514 7738 4404 7427 5797 4181 6517 3372 3795 2453 3682 3522 1449 5018 4522
4349 5211 3582 5618 6592 7845 7615 6811 2172 2824 6320 7672 4382 4042 2030 7720 7031 6103 6510 3337 5131 6737 2118 2374 3996 5242 5688 3333 4260 4611
6797 3650 3514 7307 4690 6750 6326 7742 1716 3726 8940 6731 6266 1920 4257 6422 5758 5322 7366 4943 6236 6044 3143 4179 2592 4903 2899 2288 5591 2951
6786 4150 5205 4821 5376 8729 5620 6576 3018 4591 7310 5562 5551 3728 2335 5019 6474 6511 6039 3825 4224 8471 2052 3478 4396 4392 2884 1928 3236 2940
6172 5342 4165 4823 7561 6524 6065 8633 3265 5144 8228 5396 4473 1111 3642 5797 6859 5378 6015 5791 6101 8620 3672 2396 3098 5445 5166 2473 3250 3527
7123 2996 4581 5323 6478 6566 7440 7559 2306 2617 6941 7645 5409 3395 3900 7738 7054 4878 7627 5553 4336 8548 4413 1489 3943 6028 2965 2196 3411 2997
5966 2523 5641 7409 7200 8825 6722 8435 3211 2799 8627 6365 6245 4097 3765 6788 6132 6654 6438 4164 7155 5799 2885 2790 1584 4218 2808 2588 4397 5109
6118 4911 4632 6980 6734 6154 7526 8256 1352 3173 8692 6947 4463 3304 4065 6595 6522 6437 6904 3283 4390 6857 1574 2495 3414 4230 5585 2327 5313 2737
5271 5361 4447 5079 6436 8000 6299 5857 2101 5078 8004 7635 6294 3138 2573 7479 8332 5409 7521 5156 5252 8193 2836 2214 3039 5773 2923 3461 4062 3135
6950 3143 4927 5387 4625 7298 6512 8464 1728 4119 6898 7263 5646 2079 4552 7233 7663 7351 5457 4437 4249 7984 1546 1976 2813 3582 4634 1143 5474 4919
5167 3224 3974 6371 5968 8756 6245 8544 2777 3787 7779 6188 4080 3470 4834 6499 8453 7314 8112 4914 4931 8221 4386 1442 2703 4137 3261 1508 5910 4877
5464 3717 4117 7008 5896 7716 6176 8734 1698 3205 8549 6667 3913 4074 3819 6389 8620 5735 6430 4275 6345 6830 2395 3266 3200 5444 4688 2940 3240 4872
6509 3666 3626 7473 7251 8254 6638 6213 3398 4094 6428 5849 4444 3079 3617 7469 5964 4520 7272 3956 5609 7750 2811 1363 4114 3621 5734 3244 5381 4948
5850 4061 3729 5812 5370 7164 7055 7469 1736 2639 6266 6177 3805 2005 2605 5464 5935 6741 5725 3552 4833 7080 1708 4034 1899 4856 3457 3176 4876 5269
4383 4586 3997 5876 6174 6177 6248 8462 4085 4097 6406 7080 6070 2198 2888 7205 7767 5206 5348 4663 6337 6979 1968 3466 2383 6561 5623 3811 4256 3287
6337 5495 5603 6699 5523 6768 6120 8601 1371 4382 8001 6796 6026 3478 2135 5548 8224 5693 6583 3062 4582 5765 2665 1359 1608 3823 3080 3093 4063 4159
6608 3912 3308 6475 4665 7368 6493 7949 3866 3333 6939 7179 5330 3198 4020 6959 7075 4614 6959 4601 5816 6293 3414 2983 1589 4703 5435 2729 5520 2861
6047 3651 4524 6231 5204 7750 5306 8576 3166 3700 7830 7724 3667 3701 4003 7705 6953 7330 6775 2830 5465 6121 2031 2687 3841 5730 5369 2641 3580 2893
7134 3160 4053 5579 5548 6781 6048 7593 1935 3279 6180 6197 4771 1845 3720 7267 8804 6795 6349 5197 4949 6184 2942 3911 2301 6462 4954 1432 5624 4186
5290 5132 5642 6601 5826 7237 6451 7684 2394 4047 6117 8262 4175 2795 3693 7477 5729 6468 6950 3639 6841 6262 4194 2435 2911 5415 4310 2493 4797 4854
5627 3357 3169 5648 6842 7136 7080 6608 3581 4103 6386 7778 6264 2499 2690 4934 8062 6004 7993 5230 5808 8098 3269 3674 1868 6498 2765 3749 4354 4937
6390 5281 3708 7260 4673 8514 5505 8453 2342 2807 7392 5853 4640 3176 4107 5489 5794 6352 5656 4985 6174 7233 3338 1663 4159 3579 3579 1604 3677 2326
3 0 0 10 47947 1.058892303971293
25 11 18 23 59421 0.9343593957023647
1 1 27 27 136217 0.9081260013167162
11 24 25 1 102689 1.0289830097788988
16 9 21 14 28494 0.9426113012904771
8 11 19 24 69830 0.9082186234592392
8 28 20 4 103337 0.9046430230389274
22 15 15 25 52773 0.9031921860092142
26 10 25 26 63842 1.0147626654089539
3 19 0 7 54017 1.0056520210676987
11 28 21 15 59770 1.026617380532031
13 2 18 11 52445 1.0544154968626973
1 11 19 29 105648 0.9704291227431896
22 24 4 24 51201 1.0602336017764982
13 3 1 22 93237 1.0359847271937401
27 1 24 8 28535 0.9422718714739109
9 24 8 0 85145 0.9039555201993585
9 15 1 17 38795 1.036917133497544
15 23 29 20 50027 1.0192564370149444
20 2 25 10 45297 0.9914645599932053
3 24 23 26 65555 1.081192186598275
18 6 23 23 72214 1.0200475421834192
27 4 20 8 29838 0.9010887344085495
26 0 25 22 76377 0.9685816018570029
8 6 17 14 49188 0.9978087381792861
9 19 29 17 88555 1.060764407888037
8 0 18 9 57634 0.9301298216975669
15 2 22 20 76628 0.9415280698881975
29 14 20 20 49935 1.0865985207020528
13 17 26 5 84075 0.9680810829421491
23 26 20 18 34597 0.9523476826600111
9 23 6 13 42279 1.0013283042785712
13 3 29 2 74584 0.9965551633949301
9 2 16 25 81474 0.9137008973013585
24 12 12 3 57208 0.9340715053586388
22 12 3 29 95631 0.9847016197048879
2 28 22 28 57667 1.06610245682726
2 24 4 2 83535 0.9293813741829915
3 6 7 22 82907 1.0809745563126683
15 12 13 25 54024 0.9680640441748922
21 3 10 3 55918 1.031913080140161
1 18 19 22 69102 0.9241037352456288
14 0 4 24 104104 1.0077875537470806
21 1 16 10 39603 0.9914749597601891
23 16 1 18 91757 1.0255769796921874
10 12 26 24 73436 0.9451410632137393
11 2 12 15 40038 1.070378504803795
22 28 8 24 51003 0.9578798262591122
15 28 28 12 82473 1.0953659337541164
10 17 11 8 30007 0.9049942911267389
15 15 25 18 55968 0.9617180145192522
22 25 6 6 95771 0.9596788513222855
27 3 18 15 62448 0.9857702286723101
3 17 5 27 54886 0.9577019548737721
3 10 24 25 100491 1.098009125033599
19 9 7 4 51509 1.0569697594283403
25 21 2 4 127421 0.9220116676188664
3 0 28 6 105095 0.9831409648355987
26 4 18 10 50717 0.9772404095341456
22 5 10 14 56671 0.9763710607493772
11 10 28 20 84137 1.0386721847667855
20 5 10 3 61197 0.9799237345677245
1 17 23 19 92905 0.9073003493243701
10 29 8 9 74618 1.0552812040045199
12 28 13 6 74348 0.9020300703159305
23 3 16 12 51088 1.0938062097380576
22 7 11 17 56038 0.9443496049098448
15 0 21 29 102386 0.9390591045726414
1 2 9 7 42049 1.0041888550976998
22 24 13 18 45593 0.9397801782212833
20 2 11 25 93062 1.0051558168979813
18 2 11 21 76845 0.9641076899137058
29 11 4 13 81883 0.9496361831649768
0 21 16 21 58965 0.9683399827951354
13 1 15 14 55291 0.9625403957418546
27 2 1 9 87976 1.0768774846447142
9 0 23 15 85206 1.0089500855306461
18 8 17 22 48647 0.9412935092148813
3 29 22 8 108567 1.053982290093669
20 16 24 3 55872 0.9814586162303344
4 0 0 14 63947 0.992789858742932
14 18 16 10 37730 1.0807092466117436
28 0 23 12 54072 1.0805326346690118
3 6 19 5 72146 0.9963150387991773
3 22 25 11 100745 1.047081206976702
4 12 18 24 73420 1.0420963291588956
19 19 5 11 72623 0.9530683046986637
3 18 29 12 104510 0.9426178679095956
2 4 15 2 66113 0.9880685226149835
17 15 17 5 43652 1.0645044152627212
17 24 11 17 37457 0.9479861023922689
15 14 23 25 51738 1.0840040669121884
10 7 29 12 70158 1.0702685435083372
20 17 26 24 35699 1.0940624608602654
0 3 16 21 97381 1.0781346029684595
21 13 16 22 38540 1.0715697749457047
4 19 9 24 37247 0.9247224215748422
10 11 24 28 84205 1.0850375255611902
9 21 22 0 94816 0.9026188259329164
3 0 12 14 70627 1.039255824454108
14 7 20 22 63263 0.9188731315864077
6 23 18 25 42243 0.9024800644709087
24 9 21 24 52469 1.0724585824686148
3 26 4 11 71136 1.0609724625685777
5 21 21 26 60239 1.0057616807735992
8 25 0 18 48137 0.9611516639681636
11 21 25 22 41682 0.9799446597672077
28 22 1 0 135041 1.0095474299619425
15 3 22 18 70881 0.9585531088521171
27 3 11 7 60434 1.0045249393874927
25 0 22 21 83405 1.061639363575822
9 6 18 29 88454 1.055448993278875
0 28 22 11 103758 1.0380117629407124
20 15 25 29 55523 0.9091648220990908
13 4 28 20 98697 0.9283320513788491
11 3 17 16 62362 1.047109177632938
17 11 9 21 56536 1.0399284958144368
5 16 7 25 58513 0.9326038644607446
0 22 8 4 83652 0.9789267505428423
14 27 7 15 61201 0.9472498219310672
4 28 27 14 99708 0.9053307548788448
16 27 16 7 57446 1.0856894698982165
28 29 13 18 78407 1.040397780068095
2 28 12 26 29766 1.0957235472411704
9 21 9 0 69789 1.004798862081813
23 4 3 24 115056 1.0588880437402857
13 0 10 18 65830 0.9261214041397254
7 16 11 9 34574 1.015921679023607
1 18 23 12 84886 1.0723473353752584
7 10 29 12 80424 1.0997404873977055
22 14 6 24 70519 0.9687223978205618
16 16 29 1 83233 1.0699482925317656
14 9 26 26 84102 0.9778341663223531
1 17 16 29 73933 0.9423441858142084
24 19 10 25 53257 0.9969120272430295
20 0 4 4 84944 0.962210347305793
25 14 1 13 71471 1.0199708337424231
24 26 8 12 80290 0.9116395973023126
7 13 1 23 48985 0.9614190976014523
16 8 6 26 81281 1.0778503929053653
17 25 26 0 103613 0.9348265259918839
10 25 3 29 35584 1.0991463100905314
10 22 9 10 46443 0.9491723546153771
5 9 11 20 53191 0.9540777027520324
19 24 8 14 59739 0.9377163055861597
2 26 5 2 96372 0.940195381022032
18 16 4 6 82959 1.0990871609035289
20 19 13 26 45898 1.088387807343444
28 15 19 14 35932 1.0219437397911362
17 2 29 26 109512 0.9980511253540081
14 22 26 8 72766 1.0541250081040519
10 20 17 4 65905 1.050430197253847
21 11 28 6 37462 1.0104040320694267
1 3 23 16 102129 1.0757579062080875
5 3 15 1 48708 0.991876066790883
20 11 10 7 49339 1.097352867631716
10 17 24 16 65934 0.990944908979262
5 13 18 5 63145 0.998858374051129
1 0 20 3 91318 0.9101412968802388
6 11 15 19 59806 1.0070611702514063
26 18 26 5 49755 0.9326410598927338
12 23 14 0 79842 0.9165592648254557
25 12 13 3 66198 1.012763778027604
21 27 6 21 58790 1.0922658548587267
0 29 22 28 67838 0.907922386681053
16 6 28 16 62673 0.9056509261936312
10 11 10 22 41065 1.0181992281647225
11 20 2 6 69417 1.0652743737680654
24 17 7 12 68098 1.0502360661392949
10 24 27 26 54400 1.024212205433951
7 2 28 8 74774 1.0368490745517696
16 7 24 1 43535 0.9812016045515088
15 7 20 21 66575 0.9027026419842116
27 20 28 7 43419 0.9731180285007112
3 19 27 12 100832 0.9495768815464007
1 1 14 20 93146 0.941431104096047
4 25 19 9 93716 0.9958790684988521
8 29 6 0 113197 1.0532466074330116
1 5 9 1 43666 1.0430254420788803
12 8 14 27 62928 1.0723841049568055
6 7 1 28 84368 1.0904064733082017
13 23 18 9 55944 0.9976031182112037
29 21 20 10 71484 1.0888784110174659
3 11 25 7 78752 0.9533432872871683
8 15 14 24 47431 1.018921378012284
23 22 26 9 54054 0.9247945604244104
23 25 12 29 44623 0.9992802153472665
19 16 2 15 80004 1.047696383061623
25 10 4 15 89923 0.9899679396736528
26 17 9 19 81250 1.0949675087776318
14 22 10 7 56653 1.0845438567223242
9 4 12 26 69484 0.9579829501769589
4 26 20 1 123244 1.0026628280206238
7 7 21 17 69898 1.080900336853269
1 12 13 6 55837 0.9502993700467288
27 21 0 13 100464 0.9516193196651047
19 19 14 5 69004 0.972112396183492
23 24 20 13 35854 0.9259377667715638
0 27 10 28 31569 0.9532311255759424
20 19 3 9 88320 0.9977142722147838
6 6 0 13 45685 0.9896867310320465
23 1 23 26 94687 1.0776222360187737
13 25 23 18 52294 1.0169876198793857
15 24 3 8 76143 1.0232785988355277
18 18 28 19 46638 0.9254479709507245
14 13 19 23 41866 1.0209498591407113
16 11 3 23 74756 1.064757874879965
19 24 18 1 83884 0.9201649921823402
25 16 18 26 58944 0.9171106611057801
20 28 9 5 91389 1.0332490202460207
12 16 22 8 49432 1.0955322039567512
10 9 7 25 65849 1.0975674267730124
26 14 8 3 81965 0.962652130091537
1 10 23 16 86371 0.9884446563472876
28 27 22 13 58758 0.9625377349801296
29 16 21 18 50541 1.0165273384127553
6 9 25 3 71566 0.9408373739272501
13 13 27 12 43966 0.972626756805007
22 26 28 19 38902 0.93390704024526
8 16 16 22 45291 1.002494799443415
26 10 2 7 75050 1.0690863229084087
27 3 9 3 73589 0.9966400885050056
16 20 1 22 52391 1.0400024206790304
4 7 20 29 108809 0.9012404530487771
17 19 29 11 67909 1.015618481554142
2 12 7 25 61030 1.0153903079540196
29 13 23 19 40604 0.9914919178000396
5 25 23 1 125351 0.9276132717322725
20 10 10 2 57150 1.0363707343852107
13 1 2 19 88842 0.9020585771803136
0 8 22 17 84271 0.9922282963194666
2 1 15 10 69299 1.038342556525792
18 26 29 25 45262 1.08165858823148
13 24 11 2 71893 1.0577844867470143
2 5 12 11 52073 0.9058323611559934
10 1 26 15 87445 0.9843745997385258
24 10 12 11 43394 0.9718713228437619
7 15 26 3 94261 0.9753445266384141
2 2 0 29 96325 0.9360049164363478
11 14 19 2 58394 0.9148854536483155
17 4 11 12 38705 0.9147904059855263
18 16 2 8 74844 1.015906453028202
20 5 22 26 77159 0.9390919109424415
20 7 27 17 50548 0.9284282189364539
6 3 14 17 74869 1.016497829488015
28 20 1 17 105983 1.0607910931927194
4 11 13 2 64703 0.9682516122581017
10 2 12 14 42103 0.9752613919408215
0 19 20 7 90637 1.0844002282552108
18 22 17 13 35260 1.0383221190969403
13 29 25 22 50075 1.0650715974047404
10 3 23 25 99145 0.9719696452568873
23 12 19 3 52273 0.9780612884791104
4 29 7 16 69840 0.9332824668939386
20 8 27 26 71503 0.9832156129117533
15 11 4 7 48778 0.9349251564840502
9 22 24 10 78434 1.030181613045034
15 3 14 20 67104 1.0139395262968731
27 3 23 27 80808 0.9319221578516433
7 28 22 25 53290 0.9401423109210134
28 0 2 2 110360 1.0920771422262763
2 12 11 17 41660 1.053330139499174
27 1 11 23 100713 0.9037691958000108
7 2 29 5 93356 1.0960361381377648
19 16 6 5 83319 1.0259755449178534
15 21 19 8 53057 0.9738102781572773
24 0 28 21 79103 0.9665212743877675
16 2 11 12 40416 1.0409258994323227
5 15 17 25 76708 0.9185875273923428
16 13 11 23 40124 1.0854577963998757
20 1 7 22 99758 0.9246985450463605
23 0 4 21 127245 0.9928875523697032
5 10 26 25 102730 0.9922731778397441
29 5 19 23 84042 0.9196342880856113
20 12 1 4 81075 1.066108193121382
18 17 5 10 74183 1.077153707872054
15 28 3 2 114383 0.9019911203904201
26 19 18 24 39551 0.9825750715908071
0 12 20 4 81505 0.9774878490045226
25 28 17 13 66001 1.078376376854324
9 21 9 4 55910 0.911976910087795
27 16 4 24 85052 1.0189686395456035
29 7 26 18 45855 0.9599240868600447
10 29 21 14 69493 0.9641088490693828
9 4 8 26 78045 1.0841221836857426
14 13 9 24 48571 1.0039414296771219
29 4 2 10 99360 1.01044143621427
2 22 15 7 86299 1.0457061832824261
14 9 8 18 45933 0.9427567243641429
16 14 18 22 29354 0.9086153033966499
26 25 2 2 129688 1.0406518454661335
0 0 12 16 77931 0.9162369487144428
18 24 10 7 71381 1.0752475133295563
21 11 22 28 56276 1.0872272210567189
12 28 24 18 59612 0.9857153638205172
2 19 23 3 111832 1.086903252066948
17 3 23 7 43570 1.0862427482108339
13 18 26 17 70643 0.9326241034139651
25 0 22 13 53691 0.9093326526305182
4 5 14 15 68109 1.0604551139692295
17 23 1 28 49852 1.044811178326583
0 2 23 16 111461 1.014058596791834
6 27 23 20 62126 1.051039613804131
24 9 9 15 60124 0.9143001250914142
1 7 11 5 37374 0.9369939290163254
21 1 12 6 48301 1.074411695043214
2 2 27 29 144477 1.0534476849020589
10 27 10 15 44744 1.0459344390559164
0 26 19 16 91543 0.9341612039054273
1 17 19 1 94630 1.0710078431777537
24 13 17 18 43953 1.0057847630611736
15 28 26 16 71886 0.9767775640304106
7 6 16 13 47787 0.9057638095089465
26 1 21 7 38734 0.9989232378595656
11 0 24 6 62344 0.9298759321147116
15 27 16 12 46577 0.9107840977262291
7 29 16 5 90543 0.9203134407749622
9 22 16 19 29455 1.0920274250830158
19 11 5 8 48924 1.0721122730719006
8 6 3 26 92511 1.0809750570462227
16 23 1 0 104211 1.0087069401770148
23 9 24 18 35254 0.931844019843338
28 25 14 24 43755 1.0306345413291709
12 9 24 19 68843 0.9532238044642672
17 13 19 5 44919 0.9035597671400867
22 12 1 15 69151 1.057159201202086
6 20 1 11 52290 1.0391752694206589
23 5 18 24 79144 1.0987696672353877
9 5 14 16 48032 0.9303046715563286
23 25 9 25 48779 0.9772452764058488
7 18 3 25 50096 1.073859723785927
3 4 29 27 136913 0.997378116629149
3 13 1 0 49508 1.0768652105151704
28 0 10 24 115116 1.0327337919070754
19 26 26 22 32798 0.933283082736881
28 12 6 23 93420 1.059889209474385
27 16 3 7 88098 0.9556741449852143
19 4 18 15 61171 0.9052476108193916
15 11 10 2 49618 1.044813621975527
11 18 23 7 61235 0.9786285167646109
22 16 19 29 52930 0.9793695554031112
28 14 0 29 115554 0.978554702844475
25 9 28 29 72673 0.9979904131876747
26 19 27 8 36119 0.9189019235637436
21 27 21 8 59742 1.0977629249461358
24 28 8 5 105789 0.9129566544342744
26 1 14 6 63819 1.0016894065390862
11 17 10 1 50578 0.9103816673041502
7 20 22 28 64885 1.0348806351234014
20 12 9 5 54927 0.9502728715521624
28 15 18 16 53323 0.9599739754068992
25 22 9 6 84821 0.965936353622399
11 2 23 12 66894 0.9825589623096834
9 20 16 7 55103 0.9551169390436622
21 10 3 14 69105 0.962216715742819
4 12 0 23 51513 1.0674074033101455
20 11 24 19 41976 1.0335214167418891
25 4 19 10 42552 0.9086170461187681
28 21 7 15 95114 1.0526894011207295
3 22 12 9 68195 0.9589027999979624
10 19 1 26 47714 1.0170673174917009
7 16 14 3 69007 0.954237369976711
11 28 3 17 67117 0.9410209896456384
6 5 24 2 77847 0.9982237848678512
9 11 16 17 41885 0.9848733776093308
14 8 3 29 92428 1.0859904619311924
22 15 22 4 42942 1.0424247729492915
13 28 14 9 66866 0.987062422326443
21 15 24 5 41465 0.9989300766915894
26 15 25 27 48657 0.989752079930824
25 28 1 23 77096 0.9407438414546372
9 26 6 8 70381 1.089059316185756
14 4 14 16 62545 0.9476323897627319
14 4 1 17 81718 0.9568142253029348
27 28 12 28 44943 0.985531738706685
10 9 0 4 45031 1.0497855834218186
19 27 5 8 83362 1.091055182067773
11 12 4 1 59417 1.0947065430460852
20 27 1 18 74563 0.9822249180571189
5 17 1 8 50636 1.0804805051168467
4 14 14 19 55142 1.0796565664245563
7 6 25 17 92621 0.9822497837676869
27 2 23 11 43009 0.99487794109572
24 6 13 19 73719 0.9915056930153575
3 2 26 9 87310 1.0703882757575116
16 20 28 2 87719 0.9597219059120419
27 6 1 22 113314 0.96239530335285
9 16 1 27 56135 0.921516964156395
18 7 1 27 99655 0.9392550125812471
18 9 24 1 43038 0.920117170276863
17 20 15 8 43558 0.942032590892284
11 15 27 7 59709 0.9917253245470457
19 8 19 25 66612 0.9873102590904821
2 28 20 2 123774 0.9494829870245766
5 18 7 26 52401 1.0544808150062663
15 11 5 27 76959 1.0210821141284918
4 23 9 15 45928 0.9656917278228714
1 18 22 23 75433 1.0411994231507133
20 12 4 7 66142 0.9325549598550993
6 27 16 11 67249 1.0466203178470699
3 29 19 29 59744 1.0334785569588303
6 14 21 5 62651 0.9656778748558112
25 7 18 26 84386 1.0905965385775103
1 25 20 24 57643 1.0938278363578036
15 23 11 17 29361 1.0897789980803987
19 2 3 29 123565 0.9199957182454434
25 29 0 16 109162 0.9656526870792259
23 13 3 26 88371 1.0190699215528116
23 3 3 26 125345 0.918093667109918
16 11 5 28 75921 0.9332499002099448
2 2 19 23 107186 1.0936781657404624
24 12 10 7 54289 1.0506374496804112
28 0 27 19 61659 1.0301467864012208
1 9 22 7 60405 0.9415291046154605
7 12 1 5 47248 1.026697677083512
26 8 6 24 99435 0.9366306222443499
14 0 2 1 57197 0.9922861880815302
24 8 16 27 76269 0.9336961968057009
8 6 1 17 54833 1.0523682917023878
8 27 9 5 75441 1.0533044329662702
26 2 2 16 113337 1.0178713899250231
15 7 3 1 66815 0.9595376638256763
24 8 7 6 53099 0.9639293632017267
20 2 8 22 94976 0.9262758866508838
12 12 3 22 58199 1.0334458372176938
17 10 1 16 66678 0.9370955953574918
1 13 7 21 54296 1.0179631060735812
6 7 23 10 56999 1.0862096085044817
8 6 27 7 56675 1.0123076489329133
6 28 0 23 32937 0.9511388802127184
14 3 26 15 77347 0.9186969477572978
6 16 25 8 76243 1.028129218579469
22 12 12 25 60351 1.0122174485545885
16 19 25 5 73131 0.995779110948395
23 8 14 13 38582 1.056936042030498
1 23 22 12 89055 1.0594574730133093
14 7 28 10 48558 0.9091504993666352
28 25 18 23 32870 0.9767947833667768
17 27 20 6 79035 1.071299121289608
25 29 0 6 130681 0.9981180583342063
26 21 22 14 41666 0.9998220670631448
27 27 1 14 106348 0.9013044259308461
23 18 1 15 89765 0.950978042331014
29 0 10 7 83442 1.0416731549533358
6 8 0 26 75863 0.9038189289074102
29 7 24 0 43091 0.9612072044476261
23 12 13 14 41505 1.0628650628944314
8 13 15 26 61359 0.9189351408237616
21 12 2 15 69944 1.0529408932394664
9 16 17 27 53793 0.989137907273576
8 1 21 5 62512 0.9263720552922027
2 29 27 25 78865 1.0798504491340264
27 0 15 20 93630 1.0471717874842204
3 28 16 8 86715 0.9252918651472675
3 21 19 12 86005 1.035887361041754
19 29 14 19 48748 1.009567058628157
22 14 1 29 92572 0.9103117839867847
10 3 24 16 82930 1.004943395102638
8 15 2 23 49179 0.9889124992540916
10 1 12 15 46119 1.0366703633142467
22 22 6 29 60401 1.0865580083520596
27 26 3 14 104749 1.0870960985599118
29 17 13 20 78088 1.0449958282678193
26 24 23 13 47256 0.9889854398644968
6 22 2 13 48491 1.042656677393604
0 5 0 16 49764 1.0164131613318679
3 14 11 4 53096 1.0698768575836746
5 5 26 25 115252 0.9010161350303353
23 16 17 29 64151 0.9693354023222359
13 8 0 25 85630 0.9181486786718374
17 17 8 13 43442 0.9600823071892621
15 15 1 3 73233 0.9460455915176325
10 14 10 24 39196 1.06305424119239
28 1 21 29 98393 0.9212286124713932
8 24 20 4 95944 1.082296531477006
0 8 16 21 76954 0.9588659249103326
19 28 10 17 60576 1.09376799158107
23 14 24 28 52828 1.0981295217168698
2 7 0 20 54841 1.048104043327162
12 14 23 5 61248 1.0204799217029725
28 18 24 8 43771 1.025920306024033
8 23 13 9 58322 0.9464746041843468
8 21 4 4 88059 1.0406014054793515
26 21 24 0 77267 0.9532729180040558
29 2 10 9 74506 1.0992068974110198
25 7 8 0 77305 1.0862621920488533
16 4 2 28 101097 1.0100275282956683
6 14 22 25 77704 1.0715338191497907
8 29 2 14 68405 0.9382489756046997
9 0 26 15 92050 0.9957419580803397
8 26 19 9 82029 1.0399171032018149
20 27 6 10 93809 0.9545032042681116
25 16 14 28 73052 0.937247833012951
10 7 21 3 47581 1.0974437094440723
27 3 6 11 85678 0.9870383249195692
20 3 26 29 99690 1.0955601644070219
11 16 27 3 77328 1.0261991377475963
25 7 0 25 122430 1.0973560503519062
11 22 1 2 85966 1.0621129145344428
8 19 6 1 76822 0.9008920917960551
3 26 23 7 109759 0.9574733127118764
20 29 29 0 112991 0.9644221948894123
7 4 28 23 113296 0.9343177428415608
25 5 23 15 50045 0.9316309297187969
24 25 8 18 60621 1.0300712114783555
19 13 23 20 34391 1.084876936891815
9 23 25 0 114618 1.0820506618024508
25 20 5 28 76374 0.933952332590403
29 14 11 20 78178 1.068265420291808
7 2 10 19 64054 1.0989659603463262
20 18 2 24 69147 0.9287011693179705
5 26 10 2 99107 1.0928792752117236
19 5 10 28 99956 0.9811247314732839
20 24 8 17 55628 1.0527765782314622
14 26 24 1 102613 1.0429711629435248
12 13 1 17 39219 0.9142032120111093
12 1 8 27 87754 1.0336027687882423
14 22 22 8 62428 0.9294723155770173
8 6 28 29 117034 1.020667971624484
12 5 22 20 73130 0.9609377919469692
13 17 28 5 86737 1.0550303832950727
27 14 5 20 97548 0.9972456910521561
26 0 22 22 84487 0.9709582155122521
0 15 23 2 102325 0.9879186224178365
3 1 9 27 110445 0.9633473402708655
22 22 5 13 68529 0.982980530839022
5 15 0 0 70420 0.9967105334910449
18 5 27 6 46262 1.0003504864079482
11 18 17 27 41503 1.0388251317784034
29 27 0 23 85542 1.053087220449307
12 21 15 29 34366 0.998902087517707
18 25 17 5 72731 0.9387809603261733
13 3 24 28 107541 0.9958153358104157
8 16 18 18 58154 0.929566837600945
24 17 29 24 35632 1.009968146300995
6 5 29 14 88492 0.9647291926978451
4 1 5 23 97674 1.0972998919653825
9 7 19 13 44441 1.0866451657877354
10 9 28 11 62361 1.036149729924399
12 25 12 2 69747 1.0306161625997716
19 6 27 17 59998 1.0805084173957578
14 23 29 14 68255 1.0223499351957799
11 20 29 1 103822 1.0919207354110112
12 25 16 8 57865 1.0672296440908515
27 1 24 9 30982 0.9467066941348894
1 11 20 6 68246 1.037880738031955
18 20 14 28 38830 1.0569616530288581
28 3 6 16 101657 0.9311473736299535
4 12 8 27 70615 0.9285094923222119
16 1 25 14 66491 0.9064601430834435
22 25 23 5 77036 1.048396258584796
26 4 15 5 59886 1.0433641489517564
1 5 27 24 115540 0.9161408739439746
15 20 22 10 57527 1.0187204100825178
2 3 28 9 93097 0.9551493619395338
26 1 17 6 58448 1.0160919555036683
16 12 16 25 38039 0.9115401391823033
19 1 8 17 78066 1.0470407173239114
21 4 0 6 72623 1.0988368834573146
27 1 4 2 96137 0.9690688875139728
21 14 15 25 50262 1.0160109636064767
19 10 10 20 67134 0.9871398761948401
18 15 4 5 82368 1.0276988879600952
5 9 29 5 81988 0.9859231083253226
28 9 7 7 62452 0.9656630213879733
15 5 26 0 64717 1.0569660524429518
0 17 15 14 58469 0.9420943165253297
18 16 22 10 41308 0.9018144320389342
28 29 18 28 43035 0.960400185301907
16 22 22 7 62903 1.0169446957521775
19 11 9 18 60335 1.0435978246286464
24 23 6 5 99920 1.013768577522833
16 15 1 10 58934 1.0884399906482298
28 0 4 0 109516 0.9800136489466074
16 22 24 27 31593 1.0668061795431103
21 25 2 11 94675 1.008426774639368
7 10 17 16 58684 0.9081662487939607
5 10 11 2 47387 0.9167251714126824
6 18 2 28 60262 1.081370799821326
3 20 22 13 88298 0.949649849522226
24 8 1 22 102032 0.9292539125539906
25 22 7 17 68036 1.0650589876932692
13 11 19 25 69388 1.0809586087212657
7 17 18 2 77286 1.0223989856853
29 9 20 14 36788 0.9810743178124013
22 3 12 1 44476 1.0062731327004404
26 28 3 4 134262 1.0017763409437337
19 22 8 17 49035 1.0919349668251668
5 5 6 17 71061 1.0971081512143244
19 21 7 28 53862 1.0267840102914823
29 11 2 12 94608 1.0207482554433955
7 13 11 22 39870 0.9878605308036617
12 8 13 25 57659 1.0182617300848735
1 11 18 26 91924 0.9489143403011581
11 11 13 29 55882 1.0219657800798196
12 1 8 25 86577 1.0801486254960249
9 13 3 8 34476 1.0511658235140606
29 0 20 28 110237 1.0549353762631086
17 20 17 8 43185 1.0870308260440993
11 3 25 4 67910 1.0651728091201877
26 12 16 21 55990 1.0592956794024577
22 5 1 29 122090 1.0692651684723609
4 2 12 18 71416 1.0156108070872414
20 18 0 13 81077 0.9198147007520159
22 26 3 8 98934 0.9111781907329357
10 8 7 27 67742 0.9636181405890716
22 1 28 27 97566 0.910075254785356
9 17 15 11 42627 0.9205782944318387
29 28 14 28 50170 0.980626461468924
21 19 11 25 37943 1.0831148217225715
11 23 28 2 102566 0.9386423504973642
19 20 0 20 79799 0.9966926555839046
6 28 22 11 89177 0.9108381114015601
5 20 26 28 84135 0.9596827176211146
15 13 23 18 45001 0.9026885322314844
1 21 20 12 87890 1.0562065044678843
17 29 5 5 106255 1.036135909260453
3 2 19 21 112971 0.9316645834750996
1 14 22 14 63881 0.9936627380440618
10 5 26 1 78787 1.0030931057161687
2 18 1 9 37050 0.9785542516464731
10 10 16 6 29513 1.0050676867404054
2 14 7 26 58702 0.9021235377269547
24 17 3 19 92854 1.0161404211191782
28 24 25 7 57937 1.017124878318303
14 18 10 29 49512 0.9430592031626216
24 12 19 2 47422 1.0441606165347057
19 11 5 3 76838 1.0307403610206405
8 28 18 22 39052 0.9599465439895193
29 27 8 9 103464 1.0965542650006597
2 10 12 4 53303 0.9211421467381969
10 3 4 23 90033 0.9729582433808436
6 2 19 24 99996 0.9019314639974397
26 27 12 5 96613 0.9625283357447367
23 11 26 18 41672 0.9391150117550601
15 8 25 29 85505 0.9327795029965662
25 16 8 12 68194 0.9778781927653931
29 2 26 27 85170 0.9616434724509164
10 9 26 23 81380 0.9220279012157032
9 1 26 5 78379 1.0623690052717152
25 18 3 29 93120 1.0282664583135286
7 26 11 11 59391 1.092353592505421
8 20 22 29 62096 0.9605396661681839
27 26 16 12 68345 0.9516434797549679
4 20 20 9 92721 1.0673154406504706
27 27 25 8 60405 0.9870354892989757
4 0 13 19 93330 0.9138471493278438
18 23 17 1 72051 0.9204149453390174
20 14 13 22 46452 1.0101614487512027
23 3 6 9 67649 0.982961410687006
3 15 20 26 98577 0.9469979162889628
0 25 17 15 76007 0.9607179438996323
0 24 14 29 53122 1.052723312604058
22 1 2 10 85603 1.089202883264522
9 26 1 15 58179 1.095417740015325
13 18 7 29 52901 0.9723078486236093
4 17 29 25 105408 0.9464399475882447
3 10 27 14 84847 0.9059724398214578
28 14 6 16 80499 1.038559403893697
9 11 15 1 49128 0.9631529464341579
0 0 6 17 81946 1.099065407188294
17 6 18 24 64581 1.0850788962022746
24 7 28 27 70246 0.9326101370848525
21 17 16 4 53742 0.9696222812940409
2 8 23 6 62855 0.9817833755176602
18 21 15 13 41120 1.0537071068327188
14 28 19 13 61134 0.9055331301163551
20 6 8 15 61800 1.0731863875592613
16 3 13 16 56239 0.9788608458008851
21 28 6 23 53978 0.9874302295929898
27 16 15 19 61460 0.972569190018023
15 29 3 23 55507 0.9608251001371614
11 14 26 0 80691 0.9379863002431398
22 11 4 22 86097 1.0068757654666762
27 1 21 25 82749 1.0723009440777207
8 25 12 18 34741 0.9579766052549622
2 25 8 21 34771 1.0132554172244692
19 26 16 12 52495 1.0969612295785098
16 16 22 0 65354 0.9128220226883534
10 16 25 29 79118 1.0666572196354114
22 25 14 8 68360 1.0616944994131245
15 7 4 23 84679 0.9776795976319639
6 19 26 21 73868 0.9507454864147552
21 20 6 13 62505 0.9474921427322585
11 25 14 2 81423 0.9066235767419872
27 5 0 13 91034 0.9195734227927841
10 16 22 12 51470 1.0606268239653869
18 15 10 8 48869 0.9764799698889339
20 24 23 6 66639 0.9570378671387119
24 20 6 14 79266 0.984990445643419
17 21 9 23 28150 1.057192015588621
6 3 23 28 124413 0.9353184698567405
5 13 29 9 76726 0.9573071973844832
24 21 6 3 113360 0.9685487319567019
8 2 1 24 90049 1.0077351067132518
7 20 28 13 86205 1.0637743207381702
8 22 24 1 102932 1.092576793919632
0 13 26 14 78301 1.082124148835196
26 22 15 1 95226 1.0623957911781152
10 21 3 17 47824 0.9823360765453889
3 16 27 11 89132 1.0317625995773971
10 5 25 1 75627 0.9050793135373307
5 17 10 23 47003 0.9322181433827514
23 29 3 10 113805 1.0858250343933595
9 20 19 21 43864 1.0987071123089194
0 18 18 20 83067 1.090714988665741
21 6 27 23 63916 0.9293542748451851
27 0 13 2 64389 0.946150714412364
3 20 9 8 68432 1.0864079336208943
4 12 3 22 51558 0.9541634428187202
22 22 15 15 42252 1.030494357950197
29 11 2 28 119867 1.0305308617291378
1 2 13 6 61246 0.9239218928349475
10 3 0 18 80027 1.0745611431438742
22 27 22 10 59710 0.9022123011893246
24 4 17 23 76354 1.0082013373767327
2 29 26 26 74274 0.9137054598902242
8 5 2 29 102750 1.0781490227050714
19 14 21 3 42442 0.9715800744599324
23 15 14 6 58578 1.014288567593237
9 21 15 17 42975 0.9530398893121159
14 18 23 4 78635 1.0789321678563941
26 29 28 10 70134 1.0274468083458135
8 22 23 29 59402 0.9094403799489099
19 4 23 16 62524 0.9322811544286185
25 6 6 25 113594 1.0816091180257548
14 25 2 10 89983 1.0421088139990342
19 4 24 27 89330 0.9728174263069427
25 17 5 29 93070 0.9779042722175764
13 10 29 14 68217 0.9446216697590468
23 13 9 6 58126 0.9289816905948368
15 4 1 19 87339 1.0229803760645588
24 8 15 17 53352 1.0065862033877047
15 16 11 2 59559 0.9885544781418968
6 16 21 9 67622 0.9967618517854858
0 28 7 9 87696 0.9082683381147224
0 23 17 12 81186 0.9086915420920728
18 29 27 14 75646 1.0396828877515623
17 15 14 1 60521 1.0833599428715872
14 17 4 8 55051 1.0473189106510252
28 9 8 9 57161 0.9357173825264913
24 13 11 11 43192 1.0460604895293508
3 26 26 23 69151 0.9273721436028102
16 21 1 17 69168 1.0939014693313454
24 17 15 28 56964 1.0811722489380435
0 0 7 12 68534 1.0098134894377504
20 9 15 27 70728 0.9199878837136077
0 6 11 12 48916 1.013301974432003
1 7 21 29 109039 0.9793815902106939
8 23 14 13 49082 1.092201427070386
29 20 3 0 141466 0.9080578756036565
5 3 26 5 93848 0.9708390668625367
28 15 1 2 108423 1.0203556384437529
11 5 22 26 89323 1.0311307808324328
10 15 7 24 43407 1.0792783556162782
15 11 27 11 50002 1.05371026408626
17 27 3 18 72967 0.9344022548079611
14 17 24 16 56370 0.9660190462499467
21 8 2 1 74719 1.0439834835190411
29 26 6 5 123127 1.0684641635320413
5 21 8 12 52642 1.016564116086576
5 22 4 6 83705 1.0204450867517505
15 22 7 0 88245 0.9053114389292025
12 26 14 18 36230 0.9421469436003407
7 14 15 19 45436 0.9657877318529898
15 16 27 18 65434 1.090087142705601
14 22 27 13 60165 0.95725393938142
14 19 12 28 33772 1.0490380929083574
13 0 24 29 120015 1.0171064978876307
6 29 10 2 104363 0.9652683186875928
21 11 29 22 58158 1.0384644656830908
2 29 22 24 67142 0.9732394896343156
2 1 3 16 62625 0.9457184183036199
27 5 3 3 93944 0.9918262249023904
29 5 20 21 81779 1.0475147019774944
1 3 12 8 43666 0.9062720016613315
10 16 20 11 54224 1.0912149867841305
13 23 17 13 38318 1.0314186232417526
24 9 17 5 37912 1.0800517328080061
16 2 23 6 45877 1.0964750702877695
19 26 1 1 120451 0.9063380172647126
3 21 25 12 99651 0.9549092646554681
3 24 16 0 105056 0.9093154049406094
0 6 4 0 41925 0.9551136578362871
6 12 0 18 41823 0.9361522295202817
19 20 9 4 80473 1.082347720591647
16 18 28 10 59777 0.9336975804462705
15 20 19 27 29245 0.9043751384207367
9 1 16 20 74591 1.019916047253649
1 21 12 2 88522 1.0883201663287416
5 2 25 9 78611 1.0179077130220706
13 14 27 1 78235 1.028125725159962
27 26 2 25 76821 0.9246366885503143
24 18 11 1 88103 1.039538517558524
25 21 15 12 65902 1.0499806275701355
3 8 24 22 92882 0.934301758354214
27 19 18 14 48389 0.9290897850584178
15 24 17 10 50378 0.9636123449360428
12 6 21 22 71291 1.0811589955354115
22 2 20 13 44229 1.0625745285325028
28 6 19 2 53716 1.0929728529175224
19 5 9 28 98949 0.9100611494676041
9 13 26 13 49820 1.0198688918893306
9 26 7 13 51314 1.0106509169385038
5 12 29 0 107391 0.9268204264865681
2 9 21 23 94143 0.9883069342712857
25 15 23 24 41266 0.9008911237331914
24 19 1 14 87675 1.0121743574037807
0 0 27 10 100129 0.9809082989344274
11 4 22 12 54578 1.074523626915934
8 6 3 14 48444 1.0961512163095835
6 18 12 29 56410 0.9552333090346672
0 20 9 29 51403 1.0834674295139934
18 26 11 6 76093 0.9903349661277496
9 12 6 27 60731 0.9668232761445035
27 1 23 28 92750 0.9906436198654371
23 27 15 14 57924 1.0011711712760187
16 13 9 29 58555 0.9782402763065928
10 19 22 27 56574 1.0744593284693087
22 9 17 27 69071 1.0320194693678972
5 13 16 13 29824 0.92423423594025
3 27 25 10 106098 1.0309625791255188
18 22 9 7 64904 0.9313892046374621
29 4 18 27 100610 0.9462608597705369
6 29 8 20 44938 0.9163788509949565
17 3 27 16 70018 1.008292740560097
22 19 18 25 31425 1.0267399935640313
21 3 16 29 85376 0.9351542143049082
22 12 5 1 86344 1.060193158719994
28 26 24 10 63458 0.9616077995639492
9 17 17 5 59824 0.9750184112056655
25 27 7 15 88681 0.9394268566941015
16 5 3 3 65248 1.0070879395430146
24 29 2 22 80761 1.091125855727591
5 29 29 14 109780 0.9037553597414729
29 25 26 9 57139 0.9707220698791097
17 28 19 9 70520 1.0078644408671273
3 24 22 16 74027 1.0169918700283804
28 23 16 29 46616 1.0267854749530922
11 23 19 15 52955 1.031109710698872
6 25 1 10 63595 0.9659767992863564
28 9 24 21 49758 1.002924435209408
8 24 19 4 95878 1.0234222674844273
29 16 14 5 81008 0.9707359057266359
9 10 28 1 75953 1.008868597652733
17 6 24 24 75049 1.003353915932491
16 15 4 17 65468 0.9026709002351457
8 11 22 28 88778 1.00662988369448
1 7 23 29 116485 1.0043382123012603
26 4 3 27 124318 1.0786495829722667
14 16 4 4 78569 1.0424082350221562
10 24 14 14 44018 1.0645489191846051
27 14 10 14 55700 1.061660263219473
19 1 2 18 105793 1.071444376971341
13 10 20 3 50773 0.9123243183715524
18 4 10 23 80608 0.9082604661515548
4 23 0 2 83843 0.9905939713214984
6 10 18 18 75972 0.9273329165620464
9 24 19 22 30058 1.0691735129245887
3 13 24 2 85609 0.9722613743500976
16 17 27 9 51929 0.9943415174229712
4 12 25 17 84045 0.948866318072228
6 14 12 7 37554 1.0196436978704846
9 13 9 23 35008 0.9671084126788176
20 6 8 22 83515 0.9558020731396387
3 1 29 15 118316 1.0092095620031403
25 18 3 0 127770 0.9292788799803664
26 1 16 2 42616 0.990645978062843
23 27 5 12 91341 1.0136240890434207
20 21 12 23 26765 0.9398812313974427
7 16 0 27 66434 1.049858454058899
19 4 23 12 47841 0.9628404369843969
29 1 5 21 134953 1.0958604243031895
26 16 8 29 90104 0.9212556656308694
16 5 8 3 43124 0.9710621743647685
1 28 20 27 48982 0.9786553065170147
3 9 14 6 45797 1.0908357415761711
26 5 22 14 44599 0.9668041116313237
6 18 20 7 79011 1.0405512834995831
25 25 16 15 50392 1.0013921641619792
2 29 29 4 142133 1.0307025511561052
2 15 8 0 74653 1.0294123807502025
17 0 26 12 72063 1.0102716742054179
19 25 25 18 45685 0.9793750521650346
27 8 28 29 68320 1.0182011717660882
16 29 26 19 56430 0.9300179760560591
2 4 16 11 66441 0.9463179762284173
14 12 11 19 31147 0.9625076277038808
20 11 28 18 55754 0.9739730228624119
27 22 10 13 72724 0.9426057323596948
21 14 13 18 51378 1.0073547957951958
3 12 17 1 76281 0.952598132093296
14 13 24 28 68832 0.9350480183915114
24 17 26 1 60149 1.0744274680039767
17 5 29 25 98760 0.9729267714059573
3 17 28 3 117412 0.9260964337212992
23 25 5 8 90500 1.0102238964157932
21 29 20 9 64060 0.9309296707426111
23 2 4 13 82888 0.9687310399873346
23 0 13 28 115428 1.0565197497595948
1 2 15 3 63506 0.9200160610107574
4 16 3 28 64904 1.024384900455496
27 20 13 27 54480 0.9783092686624575
21 24 6 13 67061 1.0157281722053322
22 20 15 5 70287 0.9943672956718851
23 5 6 26 114411 0.9853891801368685
7 9 20 14 58275 1.0233024130056063
25 3 3 27 125516 0.9974602107210355
3 12 23 19 81497 1.05893244994095
15 6 26 29 99044 0.9997243646743587
20 18 8 22 51153 1.0870385888853673
22 20 7 12 70026 0.9236828249386403
17 13 25 10 39777 1.047880823085168
14 19 1 25 54231 0.9627171590585661
2 27 25 17 87940 1.0167111550449799
15 13 20 23 39925 1.024370769738053
17 23 18 5 69394 1.091433105023715
2 13 16 1 71666 0.9050931051570651
26 9 2 19 103323 0.9547190169519185
29 7 12 20 85629 1.0428575248076042
24 24 0 4 116423 0.9408862299648457
7 2 19 18 92982 1.0907980000923305
28 3 12 13 74480 1.0462591273568935
5 29 12 4 97954 1.0491339363750019
26 4 23 22 70091 0.9773596050701662
29 13 5 7 77338 0.9004435934231926
23 18 26 8 46428 1.0795666596770968
5 0 14 28 114654 1.046524689981395
2 16 7 7 53931 0.9903696780328173
17 10 25 17 57530 1.0459854805460163
20 4 25 25 80919 0.9727213098705565
11 5 25 22 85302 0.9323789495086798
14 3 3 11 67006 0.9224486852551148
25 2 16 7 45168 1.0870650623689562
14 25 0 4 103418 1.0625980266812691
5 1 27 10 89370 0.9516936488217784
1 25 0 10 55531 1.0519441008689698
12 24 24 25 34668 0.9405433898360549
27 6 7 3 74571 0.9555221461341883
21 11 20 27 52011 0.9274449697207782
25 7 14 16 69328 1.0928340877806233
7 25 15 20 43579 1.060563119514238
14 7 27 27 90284 1.0613632557410297
26 6 15 2 58053 1.0293354243025066
6 9 25 2 72387 1.0063680091831604
12 7 26 5 53706 0.9135017529544501
26 21 4 7 106120 0.9024872872427536
23 13 22 24 37917 0.9308114563886851
17 3 6 29 108745 0.9726726708016046
17 12 28 24 63217 0.9530164358831886
5 0 20 29 134605 1.0343915920282005
25 19 5 21 74144 1.0611921232848815
16 21 12 13 36667 1.006772952232966
25 9 5 19 96780 0.940134752525432
28 8 12 2 58821 1.0314743351694098
23 19 9 5 79500 0.9749680853910888
20 27 16 15 41808 1.044922659516157
8 13 22 16 50657 1.0189735514803653
3 7 22 6 60997 0.9426046389862366
1 9 5 29 81505 1.0409301119682848
22 3 9 17 76913 1.0502991259449832
28 24 15 23 32430 1.021722491369352
13 24 27 10 75148 0.9528814130034206
18 13 0 12 54749 0.9523309198828012
15 1 1 4 62074 0.9628075339603472
25 13 2 12 73291 1.0652866775099419
2 22 12 11 66336 1.096578396281889
26 17 6 11 86675 0.9621653958433255
16 22 3 11 70246 0.9579706765864151
12 8 7 29 76801 1.049816152204928
29 1 17 23 96265 0.9862814567724013
26 27 1 29 69629 1.0571136350514627
6 8 13 15 36268 1.0913898694265887
0 20 23 29 88842 0.9400354324429544
23 9 14 22 65343 0.9978630930925737
21 28 3 29 56525 1.0604107860182999
27 10 8 10 59930 1.06736338078123
28 8 3 29 120928 0.9599431919066655
19 2 28 10 53724 1.0283081787653716
23 11 23 0 46301 1.0273155968329595
10 2 13 14 46003 0.9396581090285454
2 13 5 29 68498 0.9453016089222253
21 28 28 20 43086 0.9472165944309854
25 7 1 3 83655 0.9524076347618164
20 24 5 23 46455 0.905969203267126
3 28 10 7 86907 1.0844187748473015
29 27 19 0 113770 1.0958060235024287
2 29 8 11 80004 1.080720731897396
28 4 12 16 80291 1.0941789295521487
23 12 17 18 47647 1.036138395196184
27 13 1 27 102250 1.0191141882679335
8 15 28 27 88841 1.0237091911297331
24 18 4 4 109859 0.9618697517961271
26 11 10 23 78259 1.0506730392253583
17 21 3 13 67528 0.989991562544675
27 7 22 13 27451 0.9621725710835471
27 20 1 23 78313 1.0967779953404408
27 24 6 27 60365 1.0000556553439615
16 15 10 23 36312 0.9576354384959689
14 25 23 22 35419 1.0203426491395378
