5566 6227 4822 6275 5071 5012 7002 3858 6936 4398 7198 6504 3964 6895 4798 5531 4601 4446 5596 5989 5156 7399 4972 6175 6018 5437 5017 6853 5899
4762 4633 3041 5867 3592 5545 4488 5187 6052 5874 4060 6440 6092 5648 3997 3415 4319 3607 5389 3075 4226 2655 1888 4153 4436 2442 1867 3665 3688
4012 3952 2379 1793 2482 4022 3840 1622 2707 2151 4594 4233 4717 6849 5259 5983 5234 7975 8068 6427 7438 5730 7672 4665 5740 7145 6991 7701 6821
8601 5343 5539 5575 6725 7311 6002 8108 7359 5454 7594 7265 6584 7407 6065 7361 6089 5646 7576 5387 6739 5286 7464 8818 8172 6928 8513 5678 4219
3472 2384 1048 4520 4098 2406 2709 2195 3884 2761 3325 4580 3068 3736 2940 1601 3828 4703 2767 3921 2091 6664 5140 4284 4696 4186 4568 6409 3662
5344 7320 5496 7550 5033 6479 6185 4811 7320 7523 5933 6377 4553 4791 4197 5925 4267 7741 4201 7111 7159 4328 6716 1858 2795 4182 1473 2904 2681
4042 5790 4848 3415 4889 4225 3315 2409 4901 4614 2374 2425 4939 3605 4468 3889 4218 2545 3494 4951 2774 3868 2126 1719 4984 3660 4930 2644 2134
3731 5271 3722 5623 5523 4286 5534 6228 3812 5239 5489 4526 5754 4851 3033 6182 5341 5580 6908 6920 6515 5883 5254 5683 7340 6894 6245 7844 7656
1846 6806 6952 7281 6236 7648 5941 6737 6447 6672 7517 5712 4668 5250 4698 7853 7081 4592 7659 8127 5241 4891 6123 5703 4692 6235 4717 7933 4606
6610 7344 7123 7904 5819 6185 5399 5737 7389 4318 4184 7637 5104 6436 7397 5347 6207 5798 4367 4464 7720 4625 6670 7090 5389 5281 4963 5098 6251
3999 1345 4654 2626 3240 3072 1567 2492 3751 1574 1645 3391 3591 2069 4711 1879 1776 4874 2883 5628 5449 5253 6347 2685 6187 4962 3878 4860 2812
2289 3127 4336 5516 3780 4419 2829 3560 5017 3394 4711 3846 2827 5489 4092 4379 4769 5459 2036 4637 4063 4061 5447 3909 5058 2659 3086 2155 5074
5146 2538 3762 6644 6023 8200 8304 5242 7389 8638 7612 5591 5789 8293 5706 7612 5739 7905 5863 7278 5680 7929 6536 7191 5899 5156 6732 6829 8568
5336 4488 3032 2570 2630 4032 4521 5313 4779 6698 4786 6481 5857 6358 3994 3667 3805 5970 4973 4499 5193 3219 3298 5978 3466 6111 4983 3121 4073
4090 2737 3684 3146 2739 3494 3831 3131 3297 4917 2373 5403 2220 2720 3237 3387 3436 4051 5195 2418 4814 2495 2765 3804 2479 4293 3900 5717 4588
3656 5432 2621 4744 3457 2340 2218 3713 4133 2467 4426 4571 4677 5218 2604 6288 7545 7400 7687 7302 5483 7124 5271 6745 5916 7725 7339 6376 7730
7317 5259 5775 5479 6718 5991 6722 5545 6285 5321 5946 7509 5850 5379 4616 4631 6738 4519 4979 4366 7588 5051 6840 5629 7601 7363 6340 4575 3674
5209 4724 4893 3165 5033 5080 3963 4750 4303 3875 4834 4727 4278 4740 5596 2882 3947 3468 5923 5867 4945 7235 5383 6400 7582 5807 6719 6945 7838
3990 4932 1984 3080 2064 4200 3926 2899 5136 3358 1598 3472 2023 1628 4170 2621 2979 3847 4150 2882 3092 4890 4508 3634 4398 5129 5032 5057 4923
4279 6019 4912 5811 7062 4756 3943 3469 5713 3566 5810 5320 5908 5310 5261 3404 3607 4579 5992 4642 6513 3344 4392 3787 6168 4589 3324 5018 5017
4760 2654 3792 5076 2837 5436 2745 4309 3349 5478 4415 4261 3105 4747 5227 5455 4641 4844 5928 4487 5225 3800 3663 5815 6176 4486 4417 4262 6377
7126 7496 7260 5370 6977 6814 7464 5724 4515 5072 7819 5916 6945 6741 7600 5034 6373 5196 4376 5783 5962 6997 6862 7182 4988 7370 6131 4981 8239
4947 2080 1679 1764 1519 4837 3771 4102 4266 4730 4918 1416 4151 3995 1494 1296 2027 4193 3942 2356 3558 3993 4358 4167 2729 1984 4841 1937 3791
7573 4831 4975 6078 4503 3700 4414 3709 2558 3014 1719 3222 4162 4638 4473 1612 3194 2633 2986 2908 1569 3036 2812 1232 3043 2469 3981 3747 3862
2017 1172 6933 5308 4970 5001 5673 5954 5112 5926 7985 5821 5634 8606 5994 8213 7647 8294 5260 6305 7396 8122 6759 8328 7890 8469 6185 6977 8290
6496 5599 4729 4935 5300 6726 4783 6573 4275 5371 5440 6215 7336 3912 5508 4263 3964 6147 7301 4480 4549 5744 7161 5423 4659 7109 7304 4793 7312
6716 5901 4582 4269 6797 7011 6039 6025 4287 4101 4110 6770 5429 7697 5657 5686 7498 8560 6292 6502 5306 8178 7868 8785 6554 7013 6148 5589 6207
2318 4135 3799 4590 4173 5313 3871 5214 2062 3865 3598 1920 5469 1907 3258 3718 3313 5331 4439 3096 4248 4311 5336 4689 2223 4109 5458 4175 3941
2892 3854 5625 5354 4685 4819 3730 2811 2972 6089 2647 5393 4166 3831 5322 2616 5428 4481 5845 5801 4733 5534 3916 3633 4698 4957 5960 3060 4968
4937 6769 7739 5754 6664 4460 6846 6081 4877 8180 7334 7492 5453 7279 8020 5309 4957 7301 8029 7352 4808 6115 7247 7885 5972 6751 5129 6259 7515
3537 6768 3175 2930 4094 5659 6845 3840 6396 4272 3926 4002 6093 4954 4708 4460 3423 6814 4345 4525 2445 4021 4382 3544 6185 7121 4558 6398 5907 7719
5026 4213 3823 3823 3849 3847 5740 2738 6238 5733 4010 1596 5235 6402 5812 3750 5433 4818 2668 2605 5086 3929 6674 4115 5445 4580 4275 8284 4302 5210
3920 4776 2512 3053 5161 3426 5800 3989 4574 5221 4667 4056 4491 4538 7190 3029 5117 2830 4105 2818 5292 4692 3200 6156 3942 6991 6082 7236 4526 8007
4387 5964 5884 3800 6226 4668 6043 2463 4565 3759 4230 4244 1936 6273 6311 4626 2508 3679 2691 2015 3749 6605 6230 5193 7535 6013 5439 5944 3333 5308
5597 4646 2740 1725 6114 3812 7349 2193 5674 5087 4204 8870 4886 6938 5760 4238 4539 2322 4526 4071 3243 6377 5041 4741 6168 6508 6409 8141 3057 7547
5014 6710 4528 4108 4317 3450 6842 3786 5292 3160 3159 7757 5064 7438 5913 4287 3330 4057 5421 3545 3815 5905 5580 6756 4325 7206 7915 6403 5131 5606
5472 6869 5060 3073 3887 5084 5586 4126 4019 4272 1658 8496 3962 4638 5075 5335 5303 1620 4835 2311 3512 3060 4662 5529 4472 7532 6783 5770 3744 6114
4403 6560 3815 4072 4874 3682 6565 2751 4699 3835 2514 6004 3950 6000 4985 7009 4818 2092 3836 4442 5149 4317 3664 4559 7467 4479 6708 8305 3185 5124
3933 7147 4938 1275 5958 5188 6636 4625 2881 5519 3767 6264 3759 5255 7519 3813 5461 3084 6177 4062 4703 3507 4472 3801 4242 5477 7221 7453 6426 8234
4656 6081 3405 4142 5684 5904 6599 3000 3935 2345 4070 8451 3662 4484 5064 4525 5675 4686 5142 2141 2170 6575 6221 5576 3928 7766 7583 5977 5837 7570
3804 4545 2369 1893 3853 4072 7361 2499 5308 5638 2953 6234 2609 5670 5726 5607 3619 1936 3867 1655 3592 5066 5688 5461 6960 7570 6551 7499 4084 8135
4605 6105 5058 3722 7099 5168 5659 1723 3115 5211 4094 5933 3534 5930 7059 4167 4292 3154 3858 4446 2211 5288 5910 4937 6239 7885 5549 8430 3388 6270
5982 7189 3105 4209 6800 5191 4619 1875 5548 3347 1795 8767 2440 6685 6109 5896 5645 4851 5145 2669 4717 4458 3583 6971 5173 7587 7538 8397 4470 4776
3068 3948 3542 1157 6956 5744 4809 5116 4674 4282 1815 7786 3134 6544 6613 5190 3434 4419 7079 3789 3036 4331 4409 5664 6708 6872 5633 5263 5147 7351
5640 2305 4188 4286 5744 5799 5852 2647 3004 4405 8249 7887 4254 5860 6737 7156 3832 3301 6166 4985 3852 5204 3990 6657 5422 4420 5721 6695 4870 5658
6340 3084 4420 1683 6570 5712 6578 3406 4164 2955 8632 6745 5279 7447 7422 3966 2294 1693 5074 1945 5282 4569 6662 3746 4544 4568 7198 6553 4868 5254
3585 1804 3771 1314 4555 3156 4916 4340 4652 3563 6934 6620 5071 4782 5698 6749 2591 3965 4165 2030 2364 3895 3872 4569 2049 6736 7635 5429 2726 4977
5371 3774 3797 5925 4873 2550 6810 4408 3655 5446 7716 7525 3985 7403 8186 3850 3971 2704 6613 4696 4937 6423 3438 5451 3196 6672 6743 8628 2593 6935
5623 4283 3739 5295 4812 3857 5082 3980 4739 4657 6363 6492 4106 4425 8190 4657 5025 3895 4655 4974 3060 4546 3234 5904 4167 6269 7699 2323 4630 6624
4346 3295 3888 7441 3649 4858 7435 7081 5254 2520 6603 5466 4911 7366 6002 4988 2010 2152 5359 3898 2555 4028 3930 5324 3975 6420 7557 2800 5080 6874
3037 3857 3535 7394 5070 5357 6659 5202 5658 2795 6022 8692 2714 5592 6031 6581 4821 3677 6176 1753 4754 5547 6440 5885 2321 5360 6651 4277 3371 6699
3619 1963 2425 6738 2694 2827 5030 6269 5628 3067 6714 6872 2534 5597 6960 5730 3702 2560 7181 1531 2863 3832 3285 7198 5287 5025 5628 3033 3778 4573
3547 4168 5127 6018 2741 2356 6145 6676 5055 4117 5677 6315 5044 5009 7658 3529 1907 4430 5367 3253 3165 6947 3924 4869 2036 6827 6286 4812 2427 6152
3606 1637 5502 7537 2983 3697 7609 4731 2547 5114 8808 6807 2801 6844 6113 5252 2511 2035 7303 2829 2013 5940 5245 5851 2310 7190 5405 2935 2763 4934
3452 2693 2078 6040 3903 4517 7165 7041 2824 4565 6415 6941 4135 5786 5538 3935 3388 4161 7211 3786 3003 5337 5467 6891 3095 5549 6610 4864 5081 2966
5676 3135 4501 4655 2538 4683 6317 7210 4299 4095 5993 5938 3850 7005 6227 6405 4710 1559 6512 2203 2978 6122 6005 4908 5237 6226 8371 3646 2753 4565
6053 4375 4710 5084 4653 4644 5302 4079 4991 5990 8651 6163 1619 6370 5912 5444 4750 4903 7412 3811 3002 3894 4091 7078 5449 7371 5214 3690 5570 3813
5024 5096 2081 7470 2988 2481 7048 5913 4211 4513 5468 6803 5103 5994 7494 6952 2325 4283 5171 4172 2630 3496 3778 6705 4781 6962 7800 1862 5183 4946
2783 3492 2425 5692 4178 2770 7444 6247 5850 4625 7014 8346 4535 6698 5865 3563 4498 1935 3834 3471 4676 6657 3809 6609 4332 4877 4851 1499 5547 5743
11 23 17 14 55830 1.0694302255589543
11 20 9 29 44904 0.9597734054777384
5 7 18 29 118148 1.0631576505885554
4 7 23 22 101474 0.9848802778895472
13 5 15 25 79234 0.9811705459364386
15 20 21 6 69460 1.015234884776851
27 0 2 14 122687 0.9121470136169517
8 26 27 18 99329 0.9849694620381462
10 22 3 4 86800 1.0148220142720064
26 25 27 7 75368 0.9662801477002079
1 25 12 14 72143 1.0550326136155836
4 28 10 19 47130 0.9252370022977208
20 1 4 3 54342 1.0997749795292913
9 16 23 23 66132 0.970667743929813
11 1 15 27 100719 1.013181817537375
8 24 16 18 54178 1.0205648184298974
16 15 9 29 80725 1.0548037819427254
24 29 20 2 92905 1.095341673403854
0 25 11 1 106869 1.068427365626971
15 12 26 4 65740 0.9915938261478604
6 29 7 16 46790 0.9961166360026467
4 17 29 24 102978 1.0668999278819267
7 22 19 23 59535 1.0508886227789445
19 1 11 13 60967 1.0857883339107661
11 2 27 14 89890 1.0832655365196653
19 29 1 10 126811 1.0250396327520892
13 21 19 3 80005 1.0868673472636454
26 3 29 27 103204 0.9311258510992223
0 16 23 6 111345 0.9713804553615066
25 25 26 4 81582 0.9156529388335232
6 11 19 17 60033 0.9504687644943576
13 25 26 2 119018 1.020978761830903
16 6 2 28 109089 0.928296815843838
14 17 21 5 61885 1.0086315927942155
11 22 26 6 103418 1.0683738667008869
2 8 29 4 100664 1.0907190804162894
9 4 6 24 73401 1.080193416696251
26 12 11 15 70200 1.0238470012119134
26 22 3 14 105119 0.9553114539461514
28 25 17 9 86461 0.99156158536296
21 15 26 5 55112 1.0434759808383771
2 20 12 3 79396 1.0238843942787748
18 3 18 20 54033 0.9852484586908653
14 6 23 26 87314 1.0138166150853893
21 3 9 26 125397 1.0245446837006145
26 0 29 19 85989 0.9618557892819912
20 3 8 28 128422 1.0175558185952887
13 1 27 5 54827 0.9916743480201863
25 8 9 12 65726 0.9158343160236894
29 13 22 4 53707 1.011154701327233
26 25 7 24 90004 0.9129822768067907
15 25 13 11 57056 0.9931383166105087
22 20 19 6 56025 0.9774838922615203
22 29 15 15 69032 1.0897875704045377
4 10 8 20 49108 1.0944737288946762
7 14 24 26 92506 0.9861229946439615
12 11 26 27 92656 0.9612234423498429
21 26 25 19 30522 0.92639914245615
14 4 19 20 68084 0.972788614017527
26 0 0 22 142535 1.0953965471577836
9 25 8 1 98995 1.0006812392895694
4 29 28 15 117898 0.9291831879692343
6 17 4 1 55462 0.9288885805600665
1 1 9 27 119258 0.9644698745202128
2 3 18 13 79649 0.9121475926674699
6 6 23 28 116180 1.0269526381336238
11 19 3 9 54366 1.0333244877131944
26 9 9 20 90538 1.0015256488414193
8 29 24 2 146361 0.9621643164514608
28 22 4 22 100473 1.0545491603469315
23 7 8 29 127572 1.0244651123135324
5 21 12 18 34135 0.9309967329440573
3 11 0 18 42509 0.925138479366068
8 28 18 12 93497 0.9971664840834932
21 21 19 0 79320 0.915590788002688
22 14 19 4 47397 1.032670193119997
28 11 23 23 54990 0.9561218769117705
25 20 14 2 88175 0.9245131612154384
19 11 27 8 39094 1.0775046150884475
19 2 1 17 96005 1.0680179288822245
2 5 19 24 114877 1.0955512602411606
8 23 23 29 82915 0.9712248183756309
11 8 22 8 49743 0.9850699359440092
29 3 26 12 43252 1.0969593433127194
6 20 13 14 43879 1.0586332053834167
9 25 25 10 113183 1.0051542257002268
16 6 23 0 42986 0.9122189702025291
16 29 22 11 72702 0.9382308066134778
29 25 9 9 111378 1.0055876948820297
22 19 23 28 27410 1.023594417775255
17 18 18 5 44182 0.9878148970837384
2 28 6 4 96801 0.9181769396355771
11 8 27 28 113247 0.9437489483280652
14 22 9 3 71569 0.9917903207936114
20 7 9 28 110334 0.9359524544393975
17 24 28 19 47895 0.9895377878120368
18 7 22 19 49987 0.9331670097131092
23 21 14 14 48533 0.9785655470496284
29 5 22 27 88875 0.9432417709637102
4 6 10 24 82592 1.0212927134868441
22 29 8 12 97009 0.9860173351498495
22 23 9 26 74754 0.9659900383752188
29 12 19 2 61545 0.929975120954578
0 7 8 9 33084 0.9819140606491638
19 3 5 18 85837 1.0802151009314456
4 0 14 20 85417 1.0477188036422151
0 25 10 27 59496 0.9157082133192359
29 7 16 26 110208 1.0659278936521357
0 25 18 24 98733 0.9688657534949853
9 7 19 6 36937 0.9391201023544664
27 22 11 3 108427 0.9636976218911523
11 5 5 28 84228 1.026168667522364
17 26 1 28 82758 0.996396300602512
5 8 16 29 111626 0.9119057751904592
25 2 0 24 141865 1.0905172333004705
1 1 27 3 99624 0.9460805305037687
5 0 20 20 109128 1.0819544393690455
28 23 17 9 79785 0.9888620448263907
4 22 15 2 92606 0.971413974939368
5 18 28 11 96866 0.959198679980645
23 7 26 0 34462 1.0239728822228908
21 28 14 4 105340 1.0121514849029345
22 5 2 25 131202 0.982101183145816
8 22 17 17 51184 0.923874986301311
11 20 5 12 48472 0.9316711467911087
3 22 13 29 69661 0.9643200557929885
16 29 24 23 45156 1.0222514839816903
10 22 24 27 71584 0.9034564543944544
19 20 15 14 34367 0.9744629568724879
9 11 20 21 71398 0.9448662862821537
18 17 29 6 72313 0.9539980642684085
25 3 29 21 84787 0.9584558488263839
14 15 14 5 34623 1.0879426718188476
9 18 23 9 73750 0.9967743586617901
2 14 7 5 50786 1.0979057081660004
26 22 11 3 110186 0.9430839346626648
25 12 6 10 73596 0.9548026801856855
14 26 10 9 64020 1.0001154287869767
19 0 3 27 133655 1.0492227058210273
27 13 9 8 81785 1.0308796053148295
12 19 17 1 75358 0.9441022224979734
8 21 26 27 88089 0.9598827472235596
7 16 18 11 58119 0.9668689445525709
21 15 10 9 59469 1.0781655347917216
28 17 24 1 71892 0.9010484102136975
20 24 6 4 111730 0.9020247711684288
12 8 23 19 73505 1.0578149837762794
22 12 3 2 91970 0.9353207829146165
26 20 21 8 51204 0.92393339535369
3 15 1 0 62604 1.0885598525336908
16 6 19 14 41508 0.9963820308531656
29 28 25 19 49104 1.003064912714247
17 23 8 1 104178 0.9455638952054118
25 24 20 15 41289 0.9956171595482021
19 0 25 27 97675 0.9622265265912131
27 19 13 27 71673 0.98091758998037
29 6 4 23 141073 1.0519966019382476
3 15 4 26 48507 0.9392043256750524
20 16 23 8 34481 0.9966623238902235
2 22 3 0 85515 0.9248667145642699
9 0 18 10 61625 1.0568762087821464
29 20 22 1 76642 1.0864447096181538
5 17 18 14 51332 1.0133605359217026
14 27 27 1 122791 0.9692584304292045
22 20 23 2 61583 1.0517452976863704
8 21 17 7 72791 1.0271488039084995
24 15 28 24 48106 1.0797815284585632
3 9 19 25 105516 0.979156074492519
3 27 4 11 68717 0.90371995285655
15 14 4 7 56642 0.9849587462381052
29 29 6 24 117639 1.0504419169876347
8 15 26 12 79069 1.0188668965800411
2 4 23 29 138311 1.0749976838312332
14 0 18 26 101275 1.0484770325643966
20 20 11 22 40138 1.0613669371845385
17 21 17 0 79262 0.9623205045207239
21 14 0 14 93484 1.0525522503350297
11 9 22 24 81463 1.0294840843167858
29 14 18 29 83278 0.9027714987160669
10 12 10 27 62172 1.064160176608962
23 17 25 26 34349 1.0578576222079024
19 29 29 23 61887 1.024707710108769
9 14 2 19 43400 0.9199825406854764
28 27 4 24 113290 0.9929909641122315
26 6 5 15 107498 0.9100657197474759
18 9 16 28 73787 0.9959253624722119
1 10 25 3 100110 0.9213674636479285
20 2 8 13 68768 1.0239121324211224
16 0 2 8 68284 1.0165395606182632
26 0 15 17 84218 0.9093035040311375
16 22 12 13 55634 0.9172922017803028
14 5 19 23 77659 1.0295074467968601
25 2 22 17 57100 1.0872434894106815
11 28 10 5 76005 1.0448433841537477
1 5 21 21 115894 1.0000084749576663
4 14 22 23 86379 0.9848765804147676
23 22 18 27 28067 1.0832848719036277
18 8 4 21 84157 1.0319033429882214
12 11 8 3 37336 0.9825727505856182
9 1 21 3 55485 1.0527476619015121
7 8 21 19 78828 1.0919070572593874
5 28 20 20 77306 1.0889288427716852
9 3 8 23 76846 1.0529555646587647
9 8 1 26 83772 0.9988270388481959
21 6 24 14 43384 0.9961328974047754
27 10 21 3 44350 0.9109729213919857
6 19 14 16 34701 0.9439099552430186
21 24 23 7 56800 1.037552644733886
8 21 24 14 77413 0.9523159177594385
27 17 6 15 74984 0.9215902965390385
7 1 3 27 112514 0.9466023241801611
27 8 10 24 109125 1.0706367692717
4 29 0 16 60968 0.9075632731996572
29 13 17 16 57587 0.969856534798463
29 7 26 17 47282 0.9105285119259302
23 26 14 14 61125 1.0071210944479712
2 29 29 25 126884 1.0615312568034134
7 1 1 28 106865 0.9740169782134322
18 19 29 2 89675 0.9110296965701074
17 7 4 17 66346 0.9817484233913196
1 14 11 10 52905 0.9880239298273495
15 22 24 17 46247 0.9663503057093776
18 2 17 12 35702 0.9107400498075624
18 2 0 21 106329 1.072878604206522
26 0 16 19 89981 1.0641915729733584
6 22 26 10 107070 1.064104117178801
29 14 18 23 66847 1.0800417713176513
4 22 21 24 81473 0.996340925479017
26 16 2 23 101384 0.9014598468763407
19 26 19 13 56620 0.908869728981841
6 6 20 13 71812 1.0598696617965664
2 6 24 18 108570 1.067353274720956
24 27 3 10 113336 0.9226061717326397
9 1 6 15 60222 0.9078065241493326
2 11 4 0 36968 0.9325054502827117
11 29 10 20 39104 0.9429595916526234
27 23 14 5 101538 1.0426431808839531
23 25 3 19 78171 0.9267205993504845
8 0 1 6 45615 0.9518806887669204
25 28 5 22 103481 0.9773405315784092
4 8 29 25 133476 0.9440258362412853
5 13 18 27 99002 0.9928525957429121
15 17 20 11 35061 0.9651998789994367
18 27 10 29 40015 0.9754109811989182
14 11 26 9 54589 1.066667946949354
5 8 24 3 81360 1.038247235817229
26 13 6 17 80310 1.0973733322627042
28 4 6 19 112331 0.9362061309791341
28 6 28 29 92992 0.9524419976627111
2 22 20 20 75380 1.0569680292405843
8 27 19 15 89079 1.0332817653104154
19 24 8 26 63555 1.0608503346016143
0 27 2 1 101185 1.0477230343124846
5 0 9 7 43715 1.0751424957758906
13 14 23 20 51435 1.016870863448855
22 18 29 24 43316 1.0761579994213406
15 23 3 12 74030 1.0550493264154612
14 10 26 12 56460 1.0222096036746837
19 21 11 23 43889 0.9038063511329743
12 3 16 10 37120 0.9073631107839434
2 27 1 15 49756 1.0694593982386684
8 23 19 5 95892 0.9363662081260534
13 8 10 22 62376 0.9970531099288678
19 15 8 10 55657 1.0006631132092099
20 18 4 1 94456 1.060021494619226
2 1 10 25 108269 1.0961534574406013
24 29 2 10 127611 0.9650526115522442
9 29 14 15 73355 1.0513262156893486
7 3 18 25 102628 1.0456478846866308
1 21 28 29 122370 1.0222238953989937
27 3 29 27 98872 1.0446313964305407
14 22 17 13 44344 1.0171167536794135
5 8 16 2 54537 1.0052929682794622
12 23 9 8 60879 1.0634064025870333
6 16 19 0 88483 0.9515710113759751
26 26 22 9 67580 1.039216221594577
16 2 18 29 104248 0.9994417720373201
2 27 25 23 114994 1.08763016331609
6 21 3 8 54431 0.939400615010834
25 26 21 11 58674 1.0079477565052755
5 4 24 12 91833 0.9452017766636412
25 3 9 25 132002 1.0343491092202022
8 11 16 20 58708 0.944586850338107
17 16 0 24 80035 0.9836441894768607
28 26 18 15 69713 1.0105525160704847
27 28 12 26 71299 1.0138368215753666
17 12 29 0 75603 0.9973687898606705
2 8 6 24 63141 0.9972387895221113
2 16 22 8 94491 1.0279277768846222
1 26 21 17 91197 0.9302005629275822
26 2 2 17 116598 0.9025880317268
25 8 15 13 52525 0.9635721586837569
17 28 7 13 91639 0.9149498508983959
26 0 19 6 41790 1.0523855836201297
10 5 15 25 75029 0.9677029998547488
0 19 12 15 50529 1.0339587320808348
11 13 12 3 34409 0.90021276123203
11 10 29 8 73426 0.9836977758987127
1 12 28 15 107237 1.0721062080696568
23 0 9 23 120543 1.0302735121290643
27 16 16 20 45530 0.9383304897166017
26 10 25 0 50337 0.9944681062478888
2 26 29 15 125829 0.9644539682468689
1 17 27 14 93764 0.9639077118490114
27 17 7 5 100018 1.0223737380455007
28 10 10 19 86895 1.0857308936687826
2 12 7 1 52196 0.9931133518198786
23 18 7 3 90574 1.0642979202969207
27 19 4 19 74825 0.9446359555391525
13 1 18 24 91075 0.9664381490148172
9 0 0 11 64690 1.084708654427311
19 11 26 15 43736 1.0371343308477086
17 5 13 27 91671 1.054908557559263
16 10 10 24 79719 1.0124444332124294
5 27 17 12 86081 1.094622281541385
16 26 15 0 104085 1.0394759021447229
23 2 18 21 75705 0.9199427458470477
16 7 10 14 35779 0.9304212926243862
20 28 0 20 101540 0.9573025706021346
17 12 29 3 73685 0.9171851999168432
7 6 17 18 67907 1.007262468258781
13 21 21 7 73442 0.9320277589579744
3 2 15 5 47992 0.9635658779324925
25 28 26 10 78005 0.9866745460157988
8 27 5 6 95004 0.9933066782980806
25 3 14 12 70595 0.9220297781921741
7 28 15 3 105093 1.0064898875627724
0 1 7 27 111848 1.0205922488345232
9 25 13 9 76403 1.0707647250712093
4 24 19 25 81228 0.9206458658967166
28 13 13 9 67436 1.0335694998491842
1 21 4 4 63340 1.0586807803609237
6 3 24 21 107050 0.9692775584692657
16 9 1 0 73573 1.0181299003749735
2 16 29 19 97942 0.9838597034478629
24 6 18 17 54382 0.9789701262276942
14 4 24 7 51412 1.0640579704042916
19 4 0 18 99964 0.906882845639874
10 5 14 20 54252 1.0491573555662157
13 13 8 8 31617 0.93799002308008
16 1 13 10 38180 0.9967059089423393
5 17 7 6 49120 0.9649892763800647
28 18 19 23 49757 0.9451695242534315
26 10 18 1 52461 1.0257774687609145
19 22 1 16 80808 1.0982396398743908
21 6 9 27 120657 0.9356941791939497
27 4 2 25 149410 0.9417408457344077
28 10 11 5 83964 1.0149049017178617
24 27 5 10 104902 0.9789804625919637
4 28 18 12 91139 1.0746594778981393
5 21 26 8 107113 1.0750538730904067
22 16 14 7 55861 1.0033355684301362
5 24 29 13 115676 1.0502986539932464
14 11 1 22 73677 1.0420046865110535
19 5 5 26 104833 1.0663460949607029
5 26 15 0 104529 1.0325604401523067
19 2 29 4 37275 0.9818568903910896
8 18 17 7 60847 0.9760943357820113
2 19 25 2 117697 0.9231094679332218
27 22 7 11 99073 1.0576447352091132
1 7 3 24 76750 0.9421134203615997
5 27 24 4 126462 0.9753747743930634
19 14 23 0 62678 0.912921246258274
18 0 11 10 51857 0.9068820571600118
28 16 20 24 45116 0.9574093281520358
17 21 4 17 56538 0.9654769426100088
12 6 28 14 86107 0.9885144292183241
19 28 18 19 40906 0.9017763695652333
28 4 12 28 132913 1.0323537120832138
7 8 18 28 103960 0.9435839326777494
15 17 20 7 45046 0.9577489167399604
22 28 10 12 85797 1.0195507553928018
10 1 13 24 82048 1.030550046202891
28 24 18 25 43056 0.9212780121871907
16 2 22 25 90829 0.9685178725841411
10 29 13 11 80473 1.0806357764716519
16 22 27 5 93044 1.0292817585181142
25 5 8 2 66699 1.0888322435507374
0 2 2 19 70724 1.010298098263755
23 23 5 20 73031 1.097187142892147
16 19 22 26 39801 0.9408177142868717
16 6 2 26 109260 1.0236372796984807
27 0 9 20 111360 1.0558427901983674
7 25 24 10 114299 1.0753028097447994
9 3 14 24 78138 1.0483833460966139
3 21 27 8 117894 1.029896470816475
24 26 1 2 137995 0.9107558650134374
16 21 4 27 74397 0.9608493085316515
16 28 3 7 112476 1.0018421706431382
8 7 5 29 84556 1.0083449111787175
23 6 2 11 90777 1.0364349513594489
9 21 9 5 59504 1.094318749989668
7 13 28 8 92690 0.93478011023379
25 29 2 8 135435 1.0216304389388031
18 21 0 21 70875 0.9584992739231535
27 24 26 1 94713 0.9909020845556703
22 18 1 3 107286 0.9116793625741674
1 21 21 22 85488 0.9287529858170096
19 13 10 10 41790 0.9858574503198667
24 12 19 20 39245 1.0996404207630037
13 20 19 11 49210 0.9493430248002583
15 5 9 18 55313 1.0999468387232323
4 6 20 27 121022 1.0366254390237
21 8 4 7 64856 0.9080592685422137
0 29 22 21 112109 1.010884698686065
29 19 3 7 116696 1.0341297985307345
28 29 6 22 111608 0.9468505362265398
13 20 3 6 76716 1.0474651959954249
28 26 18 21 58361 1.0534318249363237
3 27 24 28 90586 1.0709490444839496
1 2 6 12 44688 0.9024197438985629
19 5 9 1 43389 1.04945147242751
28 23 9 23 89915 1.0068728619227754
14 3 5 26 92147 1.0783974913909453
12 29 10 13 66266 1.0900656158918878
26 29 28 7 91301 0.9699072174176662
20 1 22 29 90127 0.9018715877143859
28 10 6 11 90764 1.0000570681669465
28 7 15 15 72211 0.9536062701856749
24 14 3 7 96413 1.0106292721727994
6 20 17 9 68031 0.992540949489499
1 28 11 3 100259 0.9851987915975253
0 16 4 3 58304 0.9197175796685714
18 14 6 5 67566 1.018418317650892
29 2 1 9 111560 1.0161632938645262
20 12 26 2 53886 1.0507047779850234
15 22 20 6 72262 1.0534207551185875
29 16 16 22 60344 1.0303466064148161
12 4 4 2 31702 1.039588950853557
3 1 15 27 119154 0.9468469560453641
17 26 4 2 117449 1.0570766991095049
21 21 19 10 51371 1.0932367130006198
26 1 14 28 122759 1.0755293569933777
1 20 14 15 56217 1.0512537388969516
22 27 21 9 58934 0.9070530803540449
12 1 2 4 38956 0.9660341742905609
25 22 3 28 106695 0.971988011935388
1 21 24 6 120281 1.0710619076473096
0 6 19 0 80972 0.9061345188006062
28 5 2 16 122658 1.0020481650947841
21 7 14 29 100068 1.0285243060719387
26 5 14 22 95625 1.0555066494783487
22 27 10 27 54496 0.92569885823993
24 22 21 9 48545 1.0729434432193377
27 7 10 11 73076 0.915070235021464
14 4 19 19 67116 1.0104629090793065
21 28 29 16 57275 1.0071695360999202
4 1 5 12 38796 1.0822693311704346
29 28 21 22 45501 0.9992775024561836
6 2 8 16 64154 1.005477096955996
2 23 3 8 65155 1.0247193996059112
14 20 24 11 62216 0.9088155162309774
20 16 12 19 36879 1.0725911289590147
28 26 6 27 99241 1.0283192174282814
14 20 8 28 56749 1.0689587803305263
4 15 11 25 59633 1.0720847790974772
8 19 25 2 101687 0.9434162817163523
28 27 28 14 58678 0.9391375653248728
4 23 15 26 68606 1.0084049131584945
28 22 16 13 72157 1.009276757859349
17 27 7 20 68805 0.9774401948753719
23 25 9 23 68453 1.0124538395596208
21 20 22 29 31995 0.9217990479451794
28 29 6 28 95678 0.963268323446096
3 5 2 24 77233 0.990947355464836
25 28 4 23 101552 1.0903131627051628
18 2 11 19 72490 0.9415450010217306
10 27 26 27 70753 0.9345740043827345
14 18 29 12 68024 0.9219405429376996
6 10 15 3 45119 1.0346453604302361
11 4 0 7 45243 1.0075275371119272
5 14 2 1 52766 0.9384869558223992
9 1 26 0 65552 0.9212932694452607
25 19 18 2 73554 1.0716244404625308
6 28 9 15 56045 0.9925498341723008
12 22 26 4 103906 0.9764149864311096
0 0 21 20 125155 0.9415155726782334
7 12 2 1 48779 1.0397458008095066
15 21 3 15 59741 1.0147758885908962
12 15 16 5 51301 0.9882483133330839
0 18 27 18 95840 1.0885962105366893
10 5 24 13 71630 0.9482986410520733
3 17 18 23 70640 1.087568294852986
9 17 6 29 46625 0.917745204504461
20 26 2 12 109844 0.9707123373961007
11 16 22 29 79678 1.0889947145534453
9 21 21 22 59779 1.0214997495461604
7 14 26 7 94364 0.9926192427649512
15 0 9 15 61138 0.9930934328266233
20 5 2 16 92096 1.009854119527463
14 10 23 13 49790 1.0341618008626743
21 27 27 14 54746 1.010819426944278
27 11 21 22 52584 1.00419812584562
12 23 5 27 44357 1.0894007731664952
4 29 21 12 106532 1.0732773008855758
4 29 27 27 100625 1.002031129575257
0 22 28 17 106532 0.9496432706439865
19 8 8 27 110546 1.0333477302184084
2 29 6 17 54893 0.9332163718679432
6 15 28 25 104778 0.9371908995820886
23 26 19 10 59252 0.9516264574685097
14 23 5 1 96665 0.9253087638301973
3 10 29 12 100296 0.975625631211324
11 3 24 2 46851 0.9886134152253522
29 21 0 23 110400 0.9587338526641702
4 26 26 4 137839 1.0907484848287685
23 4 14 19 77033 0.9878841531956051
2 14 0 2 48387 1.0046097723539615
28 2 14 22 109889 0.9598631739448306
13 19 19 2 73575 0.9948439656390204
21 23 6 25 82112 1.0752781564290008
25 24 8 26 82579 0.9657937567324816
11 28 18 22 50267 0.9514490699073715
10 5 6 12 29264 1.0310121116438724
25 10 2 13 102051 0.9979461586612884
16 12 8 23 70596 0.929460005197535
26 2 8 2 63075 1.0258669936187652
28 16 12 22 70429 1.051747902583883
10 16 24 27 74117 1.0366384826104793
25 16 2 14 84344 1.0443960484129575
26 13 15 26 88173 0.9324344102656501
25 26 23 1 88330 0.9453912923347239
27 1 27 25 93878 1.0868629561991336
19 14 23 4 50450 1.0995702567221268
5 5 28 19 115859 1.0755364668494887
12 5 17 23 88377 1.0048912570062638
23 29 29 15 58753 0.9781885029410485
16 2 0 1 63160 1.0681501047783977
12 24 4 6 87751 1.015167075365285
2 27 27 10 139814 1.075502407717442
9 12 27 21 82527 0.9944409888260597
22 8 29 0 45885 1.060069610915174
12 14 1 18 51163 1.0073482552652404
14 13 3 18 51779 0.972453155522167
17 25 29 2 117630 0.9784882504868938
8 23 20 14 80205 0.9783864862206566
17 26 23 7 83533 1.049323276227701
14 12 2 17 50113 0.9386040530334443
10 1 14 11 37351 0.963473373154321
28 5 7 14 103942 1.0942142055358246
11 27 27 12 104246 0.999477128019887
10 17 26 10 77956 0.9780306828796088
24 19 10 20 47868 1.0935309159820927
21 23 17 2 84002 1.0025606012760215
13 19 2 5 77010 0.9524520193632507
28 25 21 8 77135 1.0196957963449516
21 19 1 15 79048 1.095585635128341
27 12 26 0 50911 0.9287630054859277
29 16 17 24 60952 1.0638970940556698
4 28 28 9 134286 1.037465210927677
0 14 9 19 48772 0.9681552902182845
27 10 3 6 102693 1.0300281624451513
27 29 8 8 122191 1.0230408341327268
22 11 4 26 103356 1.095481249467897
28 23 19 27 46205 0.914525002524428
3 7 28 1 95841 0.9472868852997518
26 22 2 25 118229 1.053354078782633
29 12 15 4 74979 1.0615798802906498
11 19 24 14 59998 1.0520282842935027
19 16 1 19 66100 0.9061287740376001
7 7 22 18 78086 1.0688708494685206
29 8 7 26 138587 1.0547409565984323
8 29 29 15 119746 0.9603013067294217
4 7 11 17 49210 0.946425755547246
4 0 20 5 62380 1.0159161261187537
0 14 27 3 130501 0.9663809486816934
13 19 19 11 47545 0.9992491106826207
28 0 25 25 100403 0.9951765776112214
22 28 8 6 112216 1.0381214905245664
19 8 8 6 47029 0.9524335795586044
26 12 8 21 90050 1.0343849594632362
26 9 14 7 53162 0.9592784621783468
18 16 15 8 34967 1.0957049360436149
17 4 17 26 88220 0.9645662835372764
9 21 20 29 80314 1.0327653840174558
17 29 28 22 67932 1.0733007760636775
10 9 18 12 36916 1.0268121600093953
10 1 23 29 118729 0.9736820750048452
27 4 15 6 48865 0.9832589552733005
21 28 6 0 140175 0.9459928737939812
26 23 15 5 95843 1.0614152737640532
23 13 20 2 39776 0.9173428597857813
29 23 21 26 43491 1.0390474318311738
27 16 10 21 72078 1.0912304572007774
27 12 11 9 66725 1.0646824368254006
12 22 1 26 67969 1.002176954656001
15 1 2 24 109811 0.9918896916958936
6 1 16 5 51577 0.9326984515411334
20 13 7 20 72094 1.0020477316752774
24 16 12 25 72816 1.0995738517957068
13 9 2 6 46962 0.9933917300174044
6 5 28 3 88553 0.9808602413354888
25 6 13 9 57092 1.0966247502374908
11 4 22 13 68818 0.9795287356713114
15 27 0 24 85157 0.903255119385261
3 24 26 26 119517 0.9344263691090429
6 2 17 6 48952 0.9791673416179625
18 28 5 18 81003 0.9278435896326723
20 16 27 27 55428 1.019792809862738
18 14 14 25 49454 0.9753142508046067
6 12 15 17 45351 1.065404940427195
10 19 24 15 56319 0.9559663285704109
0 12 15 0 83498 0.9627468268684561
20 15 9 7 62339 0.9325383152411774
2 6 27 29 148554 0.9607835187955217
28 16 29 26 52896 1.0232659948532086
11 1 2 2 36983 1.0370486138037922
22 15 16 28 57972 1.0567969617167163
17 28 29 29 52676 0.9931714070559632
0 21 24 27 103655 1.0502949052430974
29 7 2 27 159010 1.0633046172448029
4 19 14 23 45623 1.0952259532637674
7 23 26 21 85611 0.9138939192410618
22 24 9 3 101806 1.007227768331743
5 27 16 21 66256 0.966575561557739
9 0 15 9 46640 1.0218632951764275
5 23 15 23 55911 1.0639369569197257
18 17 15 5 46217 0.9939732366339733
0 25 28 16 120054 1.0822983014614558
25 10 20 0 46818 0.9819048539519998
14 14 8 10 29530 1.0720764002433538
3 6 23 12 87502 0.9433687536335298
2 7 14 19 74042 0.9096394035479153
18 8 8 17 60778 1.0918786306314108
7 0 27 20 120188 0.9717555403182503
15 2 16 27 101610 1.0983756411546417
7 27 2 18 50373 0.9024540963755961
18 24 29 9 83806 0.9319831826888095
26 1 17 22 92619 0.9121637461075545
2 27 17 0 132310 1.0992564931727673
11 22 3 16 46126 1.001629341864696
25 4 19 17 59586 0.9877713304676426
24 26 26 1 89539 1.0574257895198773
2 5 19 4 60637 0.9222037156087651
12 13 29 7 86024 1.0863711246265852
24 0 2 20 122891 0.9055586849009468
5 10 25 13 84040 1.0883343710616207
14 11 23 24 65956 1.0212446857281883
7 3 17 21 85731 1.0954937990551024
18 28 27 14 69203 1.045067738945975
0 4 18 27 136824 1.0764227523934276
19 29 21 14 62800 0.9078359321945635
22 14 14 0 71683 1.0216083859954752
28 18 7 21 83709 1.028945766323894
8 14 14 28 69692 0.9761596902712529
14 22 4 23 52232 1.0964102728469
8 1 0 5 43883 0.9300081957903457
20 26 4 6 119014 1.0625564170775208
11 28 24 4 122219 1.0482723209395823
12 2 19 13 55716 0.9573301024661571
3 14 27 1 115491 1.0779638374170077
27 22 10 12 83176 0.9506249577343777
24 0 12 26 123876 1.0364146811719257
21 11 21 22 42578 1.0822431439853017
18 12 29 23 72520 0.9814748992401721
2 26 14 19 67719 0.9932658220741325
13 14 26 27 81022 0.9266171274618396
23 13 6 26 93731 0.9309098655256485
24 18 13 7 75847 0.9152246297121648
22 28 25 6 76022 1.0786223010263916
29 4 22 16 63527 1.054404651719133
13 12 25 3 73729 0.9260066426162036
12 26 18 3 100302 1.0943449679087818
6 8 19 5 50604 0.9143359409018824
10 2 7 22 74899 0.9716984653809195
14 0 2 9 62780 1.0888558011272638
27 16 22 8 42325 0.9887766117496477
11 15 10 1 44374 0.904532224931629
17 23 23 6 74432 1.0868559869280632
16 2 12 14 59230 0.9113366598151095
14 6 21 15 58538 0.910717958259497
0 19 14 19 45094 0.9088961032637035
7 24 23 26 79226 1.0405122739622426
3 22 21 26 100061 1.0904481417575513
19 1 16 20 72533 1.0981448686633946
27 16 14 19 50655 0.9545799380527402
4 4 20 21 102560 0.9941427624679386
5 9 28 2 97112 1.0971718907108432
19 11 1 9 79544 1.0725109309673324
4 25 26 29 107054 0.9493944455001101
18 27 26 14 66290 0.9056566168002563
23 11 21 26 50854 0.9941031356762864
9 22 28 8 109726 0.972352622327222
6 7 29 3 92365 1.0046796626332324
22 12 2 25 108858 1.0761357752804976
13 25 2 1 111094 1.0819839188337623
27 11 27 23 46346 1.0423097965825687
28 3 15 21 106230 1.0213114718700578
29 24 14 3 114489 1.081385515176804
24 16 20 9 32280 1.0763340712251739
14 14 15 23 38294 0.9049959911354527
26 6 6 9 90014 1.0844618938141428
3 14 11 16 37936 0.9181964257240552
23 24 9 22 65377 0.9402772237627492
26 7 7 22 113516 1.0553448907428211
22 10 17 26 73212 1.0352665314661955
2 4 10 2 31695 0.9573245341016864
9 22 22 24 63341 1.0448508363392608
15 14 0 14 73304 1.0341166601836957
21 0 23 19 63998 1.0635675017420103
27 19 21 4 65232 1.0337239973900716
15 16 26 14 48218 0.9333851887590601
1 9 27 27 138087 1.0629658331454077
18 3 28 29 111562 0.9564158357261873
8 13 0 8 50470 1.0100302774132535
19 18 15 25 43516 1.033642170708277
11 11 13 21 46651 0.9637147379252693
7 1 21 2 55817 1.0152476737502274
2 12 14 20 61951 0.9648759751961503
22 4 18 13 41985 1.0610173021197016
17 10 25 29 85099 1.058991962795758
7 25 15 23 49716 0.9019827322693977
12 25 19 6 91950 1.0052049116006105
6 15 26 27 100440 0.9587467678650557
13 6 11 25 74084 0.9260479528330116
12 23 26 28 71915 1.0260582188945633
27 26 3 29 109973 0.9492062222452655
18 6 11 28 97539 1.0897776221089917
18 11 7 20 65798 0.9502998084836868
5 16 16 27 79318 0.918962821602128
4 4 28 21 124441 1.0121766497097608
23 1 13 11 63532 0.9299825270494091
27 13 8 27 117451 1.0643993463224104
26 10 13 19 76631 1.0460613202516529
1 15 28 2 127864 1.082841556846832
23 7 5 29 121320 0.9202005422749402
10 28 17 1 110071 0.9703428445883993
1 28 28 29 116027 1.0744198593459595
3 18 29 21 93032 0.9333045764933956
28 29 17 4 113355 0.9856325035433173
25 7 7 28 131157 0.9699087037815105
27 28 11 2 130440 0.9993276356332725
3 10 27 10 95847 1.005145080273707
2 6 20 21 103639 0.9901053111154441
29 10 13 15 79945 0.9908434925641287
14 22 7 8 65945 0.9767376163501724
4 21 24 27 91553 0.9363076477808234
16 2 13 29 105239 0.9392835265812179
17 3 6 22 84283 0.976489844831514
0 14 20 3 106405 1.0701622229145111
7 18 2 9 46157 1.0583528630570276
9 17 15 22 38582 0.9664717483328444
25 23 9 13 85660 0.9500097868957504
20 19 1 2 110007 1.053742931685922
13 14 19 20 40133 1.0574719451536545
13 11 20 3 52170 0.9555513144125702
13 24 28 15 77793 1.0571318552772981
2 18 3 0 68441 1.0957541664442594
5 23 16 4 93320 1.0911589590302562
0 5 9 24 98312 0.9832526705025274
1 15 25 29 119610 0.9566534641796692
4 12 6 27 56603 0.9584750375289719
3 14 10 11 41518 0.9401247978103067
4 2 23 26 120583 0.9943435447944281
25 1 0 24 141308 0.9138730904156772
11 16 17 3 57012 1.0113040688527766
29 0 7 13 107904 0.9116455065749755
2 6 1 19 55417 1.023963697301162
5 3 25 4 68824 1.0842516330204013
8 2 26 0 66469 1.0958120669464286
29 11 29 28 86460 0.9496901896162935
6 25 21 7 105852 0.985127300799368
18 15 8 5 65425 0.9134976744660867
4 28 29 7 145104 0.97998555147788
16 25 24 17 49843 1.0425081370165201
1 10 26 25 125553 1.0546008110834049
18 16 5 17 44541 1.047914916014879
5 22 23 23 81438 1.0715242540206416
26 22 8 24 87008 0.926750911672367
27 28 19 20 50789 0.9387208902298776
11 15 22 24 68189 0.9287885227732051
16 29 22 12 71286 1.0649370856486933
27 26 7 23 96193 0.9625172623832359
20 1 0 20 110947 1.0190918909151028
9 4 20 8 52280 0.9886995858734351
9 25 6 7 80889 1.0494714580041915
19 8 23 21 51292 0.960877136430128
14 16 5 15 41056 1.0851446630268324
7 2 14 25 89686 1.0003285710290588
4 4 22 14 93978 0.9580046939786657
8 6 26 1 75573 0.9530415984822295
12 12 1 18 52197 1.0494525694474008
16 12 21 3 53777 0.9871974700831647
18 5 3 12 66347 0.9733563850975637
5 16 12 9 48597 1.0725073408294363
13 22 28 11 86170 1.0527376680092928
28 26 17 11 86246 0.9771423220678795
25 19 12 20 45851 1.0436868947090143
28 11 16 2 68999 1.0508207235760574
14 9 18 25 69619 1.0370954139780006
25 29 7 19 88188 0.9993715057735337
15 0 3 0 53049 0.9327767496553069
19 14 7 20 64423 0.941103312966049
4 14 27 19 87215 1.069966014167836
19 15 25 19 31272 0.9518157208304047
14 7 9 2 29777 0.9897343081322296
9 1 25 17 96728 1.0447055980001614
16 10 20 22 58660 0.9525327177206688
0 21 20 26 101556 1.0658761274849573
14 14 18 21 35694 0.9269941350728758
10 19 21 11 64305 1.0653234110936363
6 14 14 10 36009 1.0292376207352814
1 29 28 27 114674 1.0188861369742908
14 1 12 26 99102 1.059563776567349
15 10 14 28 70182 0.9386674998334287
17 3 14 19 61770 1.0728624089144247
11 7 24 23 91304 1.033370270454057
27 15 17 27 69516 0.9649224888624581
0 28 19 24 95824 1.099339407086989
2 7 14 6 41977 1.0243776236379747
6 12 25 20 83970 0.9637514831720524
0 12 18 14 76995 0.9032437451440184
10 20 19 29 68527 0.9500101004629012
24 0 19 9 40222 1.0792591318404046
8 26 18 10 92596 1.0905520034063048
5 13 12 20 48880 1.056711017145634
16 23 8 27 59935 1.0515768568056065
27 6 22 14 46101 0.9105824153683968
19 25 18 1 86278 0.9664169029521057
11 4 21 12 62133 0.9339544913364519
2 4 16 25 111044 1.0525443152925658
18 2 29 11 69777 1.0479292059748264
2 7 19 26 118877 1.0304864567609007
16 28 0 11 111787 1.0911671977388797
3 26 24 16 100861 1.0413050169937863
3 2 13 18 78622 0.9089431027819708
16 14 7 28 85474 1.0513930625230699
26 19 14 14 52874 0.9781379668438397
1 23 12 0 98053 0.901009797862973
17 6 7 29 109873 1.0250096201545855
12 13 18 8 41557 1.0053100866261915
14 16 22 26 55738 1.0765021510291848
19 16 28 23 51410 1.0656803420764063
24 7 29 20 63861 0.9548964453063039
15 29 19 21 47231 0.9508098827936134
6 18 10 1 57410 1.0389276782582075
20 0 9 26 125329 1.0514325764821857
19 12 18 24 44530 1.0446472369208288
19 28 6 17 83926 0.9699895721415124
2 19 6 6 53515 1.0753679721811913
6 9 18 22 78900 0.9234616310226428
19 2 27 27 99385 0.9752935507214191
16 0 2 26 126333 0.9662592728888159
5 26 28 14 112124 0.9572217861167607
8 26 20 4 119190 1.0513476018615293
3 20 17 26 77785 0.9087685695722975
16 2 28 15 80800 1.0763588230322567
5 3 17 7 48781 0.9365693816168088
18 24 6 24 60400 0.938500225540107
1 20 3 5 59684 1.0275509986321467
7 27 14 3 100189 0.9591510941894169
19 1 26 15 69332 0.9729372278693189
1 18 26 8 107990 1.0046149233937824
5 25 22 28 81887 0.9584606282466117
26 20 14 13 57678 1.0893934321341763
24 27 29 2 101494 0.919668959978524
16 1 24 4 30223 0.9777384403348582
23 1 8 7 63586 0.9161827002578908
12 24 0 2 109777 0.9157502150898459
2 26 11 8 89420 0.9454140043685584
2 24 19 19 79823 0.9165526700207531
27 11 19 3 57108 0.9820518833938012
4 26 7 15 52331 1.042924341612267
25 5 7 12 81529 0.9341937238591516
12 1 24 8 59270 0.9633625076476549
15 20 23 9 59531 0.917195991608767
29 14 19 13 52133 1.0064928745137325
26 10 6 17 89438 0.953243229134023
28 5 21 25 84305 1.0953010611974348
26 24 3 8 118530 1.0852788452803481
1 7 8 11 37082 1.0074695614830538
12 6 20 21 79059 1.037719269738373
6 21 18 24 60877 0.9018524973048075
26 17 21 4 54739 1.0306572634921227
17 29 12 7 101432 0.949591668749767
29 26 16 18 71149 1.0383250725790847
29 9 11 17 85280 0.9373212348903575
7 19 0 25 44919 0.9904719243870805
9 24 28 17 89652 1.0597495762615752
4 27 17 10 103309 1.0404310209772527
2 4 24 8 87813 0.9883496422383564
21 8 16 14 40450 0.9099800239517556
9 3 27 20 102117 1.0060765328702204
16 28 0 25 81463 0.967261558941909
10 4 23 10 61494 1.0495639209322953
29 19 5 17 84167 1.075816572501054
13 14 9 28 71962 0.9990520815175086
9 17 9 7 34565 0.9571812560672094
16 22 4 4 97182 0.937130909366641
27 21 10 12 78865 1.0936801340930349
14 3 11 21 65998 1.0761937732847087
5 5 13 19 68898 1.0975284147773094
7 14 14 21 49224 1.070066053341763
7 20 18 22 49995 0.9069169663138147
6 23 24 1 115717 1.0640480662793659
13 6 19 16 54767 1.0149631171122155
0 2 10 16 70233 1.095515911213016
26 29 12 9 109304 0.9207158277395872
24 24 25 13 42262 1.0827490238787039
5 15 17 22 68199 0.9173673998765217
14 0 0 29 130786 0.9010453694902462
16 24 22 2 87940 1.0958129037025415
1 18 10 2 74066 0.9798876383960471
27 21 20 12 45056 0.9024239532089006
16 29 1 7 122877 1.0804000442168897
26 18 2 11 102746 1.036942442442419
20 10 8 22 85002 1.0760930988155821
16 16 4 2 72208 1.0621001838699131
7 1 13 15 66632 0.9288322746576727
3 9 27 15 103439 1.025934473969356
2 26 22 23 107796 1.0211877259157185
24 29 15 27 44529 1.065968022660085
27 17 27 3 52271 1.02981262078353
5 4 22 29 132966 1.0859948849191419
27 2 2 11 108066 0.9956687515613103
1 22 13 5 84060 1.064087729256305
8 2 21 20 95355 1.0879150892149319
29 1 6 2 82990 1.0218904929617296
17 15 22 10 32270 1.0935115363734065
2 6 28 11 110457 1.0917061833328743
9 16 29 20 77017 1.0464037007214348
22 22 13 18 44481 1.049759281372204
5 26 3 18 36850 0.9451232731960018
7 7 25 7 75479 0.9884256498853692
15 27 3 9 98933 0.9212316747768455
0 28 28 26 122853 0.9656490456564868
14 0 8 13 56460 1.032137016173143
19 3 24 21 77135 0.9338251351110618
27 8 29 24 66194 1.0885582157885854
29 16 5 26 108684 1.0444392266219458
12 19 29 7 94753 1.0416357352261312
28 8 0 22 131264 1.0121693878278892
7 21 16 27 66526 0.9132306474092394
4 10 0 22 52324 1.0308747139962753
20 15 23 7 37058 1.0722505762124748
24 21 0 28 113725 0.9586352230689493
13 18 18 29 61427 0.903792569916059
6 9 22 27 105519 0.9686348694484466
25 11 9 7 72082 0.9102271629753853
15 9 8 13 37104 1.0537382778335247
3 1 26 18 122558 0.9001460716465558
16 24 11 4 85189 1.0280675656369342
1 6 16 21 97590 1.0101804884407646
3 20 4 29 42316 0.9081758710897894
8 6 2 20 69445 0.9827400677819548
18 1 3 26 121383 1.0702850489407019
17 16 29 9 64648 1.0239309651025692
15 25 13 8 68105 1.0486301308864077
20 23 11 24 46609 1.0970742554555215
21 16 28 8 47719 0.9668101378163528
0 20 18 15 69718 0.9658471412747024
11 0 7 16 63207 1.0133517180485994
20 17 9 16 39521 1.0859348267838929
19 20 28 26 52209 0.9780940587552006
6 9 29 20 103582 1.0273224460860741
20 7 11 3 43369 0.9492440200822537
23 29 13 24 55449 1.023841689532924
19 4 6 9 58524 0.9805449854927664
15 3 8 28 108278 0.9608851229501878
1 7 11 6 34999 1.0413303869799826
19 25 8 28 59702 1.0018394053237136
17 25 27 6 96593 1.0433552801070598
3 24 26 9 128495 1.0418804203928764
20 11 8 29 111381 1.0647294840795818
27 15 7 0 113679 1.0894993238792365
14 19 17 2 66663 1.0787569122099503
22 8 11 15 65838 0.9520752209682841
12 4 11 28 90197 0.9529540026492527
14 7 25 27 95263 0.9671769092223259
24 11 8 14 75576 1.0900789364584647
18 6 2 28 116373 1.0453858526042457
20 1 6 12 70598 1.0075528856204217
19 24 4 13 85712 0.9548427655542165
17 16 11 5 53562 0.9290336727127843
29 27 0 18 117678 0.9463407147326943
11 0 2 29 115404 0.9691458285110155
1 6 23 15 101972 0.929358501533825
0 8 8 10 37263 0.978895835505291
4 3 17 26 116401 0.9804202327654041
25 12 22 21 38968 0.9927560710505224
0 29 2 20 41825 1.020593404133406
1 5 25 27 139866 1.0758875644389194
7 23 29 10 123464 0.9152679192504003
14 20 3 1 87909 1.046933631855134
9 10 3 23 68340 1.0129807642025526
17 5 29 3 50577 0.919085226177229
27 13 25 1 55519 0.9696005091436087
6 4 28 3 83664 1.0401362715001994
1 17 26 11 103034 0.9822887503108689
27 2 22 12 53348 0.9501641245173833
3 9 20 13 73356 1.0486513745905477
27 23 25 13 50870 1.0386216705452331
25 7 29 27 85701 1.0266187318551452
29 21 2 29 128812 1.0457569256958468
19 9 8 26 100611 1.0001450438624442
17 26 4 15 83668 0.928114858294206
5 22 19 14 76235 0.9934851644177773
25 28 23 9 64294 0.9032048439088577
18 28 5 13 100678 0.9133029179147772
8 1 8 22 85756 0.9846610492627462
