6365 6031 6436 7120 6748 6849 6688 6834 7440 6620 7577 7323 6648 6170 6197 6169 7588 6965 7542 6928 6627 7727 7521 7364 7679 7364 7336 7325 7670
6975 7606 6929 7752 7007 7482 7075 7765 7179 6465 6741 6896 6411 6581 6711 1640 1534 1762 1535 2799 1725 2744 2444 1555 2466 2142 1300 1787 2483
8604 7164 7938 7977 7676 7669 7193 7692 8682 8724 8453 8427 8199 8580 8208 7566 8671 7560 7085 7129 7260 7390 6308 5884 6792 7166 7411 7198 7133
2883 2081 3033 2671 2060 2267 2248 2223 2789 2740 2753 2110 3057 1676 4703 5853 5165 5991 6051 6308 4743 5019 5368 5814 4768 5613 5165 5414 5682
3431 4073 2603 3064 2657 3278 3988 2982 3787 3341 4273 4355 3542 3297 3596 4464 4883 3369 3508 3549 4914 4194 3446 4344 4930 3705 4321 3855 4587
3662 4255 3666 4488 4654 3691 3754 2982 4518 3112 3613 3186 4413 4336 3043 2066 1745 2133 2609 2706 2446 2829 2978 1835 2701 2673 2231 2179 1570
7484 7556 7307 7729 8457 8025 8272 7302 7246 7863 8462 7403 8519 7859 7692 8610 8085 7196 7517 7589 7503 7377 7730 8174 6980 8164 8441 6869 7243
5053 4386 5491 5398 4248 4232 5351 4271 4227 4526 3945 4970 3905 5365 6546 6349 6608 6087 5737 6940 5406 6459 6089 5621 5768 6894 5765 5481 6913
3290 2600 2215 2672 2792 3086 2613 3206 1998 2929 3121 3492 2417 2617 1979 2475 2330 2337 2783 2279 2835 3326 3617 4410 4398 4568 5273 5469 4462
7335 7232 5712 6320 6087 7230 7211 2543 3233 3181 2386 3484 2316 3333 3525 2669 3536 3288 3162 2994 2880 2304 3341 3550 2863 2651 2479 2812 3361
4774 5022 4944 6334 5410 5523 5187 6068 6111 3609 3026 2845 4065 2967 4322 3618 2911 4397 2977 3123 2985 3193 3262 4185 3846 4357 2945 3691 2888
1969 2513 7222 6938 6812 6444 7195 5923 5837 6261 6061 6915 6152 6410 6455 6940 6548 7013 5842 6689 5910 7107 6503 5878 7271 6270 6760 6738 6770
3634 4254 4277 3029 3655 3813 2794 3993 3364 3631 3506 3194 3644 3803 3463 2942 5289 4520 5064 5014 4419 5238 5928 4896 4774 5835 4646 5280 4570
2018 2553 2079 6932 6692 5693 5957 5556 6865 6933 6756 7042 6658 5673 5816 6221 6008 6470 6926 5556 6405 5639 5639 5929 5532 6735 5529 5806 7120
4779 4629 4207 2416 2381 2696 2669 4009 3767 3206 2906 2601 3725 3420 3404 2394 3922 4018 2585 2490 3037 2955 3279 2706 2817 2925 3617 3364 3008
8049 8651 7941 8341 8449 7906 7699 8061 8675 8224 8908 8070 8459 7514 7356 7968 8157 7476 7743 7731 7378 7468 6482 7367 7064 6970 7044 6559 6229
6372 5625 6844 6206 6975 6649 6985 6437 6409 6647 5651 7062 5555 6382 5701 6507 5511 6533 6168 7555 7430 8122 7586 6932 7709 7864 7937 6740 6595
6126 5142 5796 6479 5909 6440 5008 6537 5197 5233 5493 5840 5295 4965 5503 4974 5439 5380 6174 5021 5399 5034 6267 5618 6045 5210 6559 2958 2174
1941 3208 2382 2220 2852 3304 2587 6443 5601 6242 6621 6546 5424 5439 6469 6079 5752 6335 5216 6375 5378 5993 6159 6329 6349 6472 6306 5298 5210
6257 5941 5286 5907 4779 5032 5994 4942 5203 6067 5525 6027 5129 5474 5369 5771 5413 6145 4838 5861 6230 5618 2621 3366 2972 2671 3333 2308 2936
4136 4658 5107 4759 4188 4799 5197 7083 7653 7447 7212 8038 7923 7120 7769 6999 8000 7624 7804 7889 8359 7052 7626 7316 8334 7433 6949 8130 7098
7501 7796 7682 8022 7458 6967 6749 8049 7542 7199 7553 7931 6053 6974 7116 5866 6042 6897 6878 5931 6391 6926 6299 6991 5829 6225 6173 7216 6988
5952 6355 5688 6682 6542 5712 6763 7233 5818 6608 5901 6165 6048 7220 6050 6276 6345 7025 6292 6616 5732 6087 7759 6919 7891 7532 7809 7514 8248
4777 3903 4307 4257 3742 3680 3613 3737 4230 4357 5405 4197 4976 4835 4986 4897 4006 5023 4007 5189 4528 4101 4146 4765 4818 3991 4605 5557 4114
6386 4764 6116 5631 5933 6338 5696 4972 5956 5153 6165 5619 4932 6293 4904 6299 4982 4294 4653 3967 3831 4724 4696 4602 4068 3578 4700 3971 5154
3321 3891 3497 3371 2844 3030 2475 4019 3899 3766 8221 7446 7750 8346 8345 8396 8070 7006 7221 8090 7998 6962 7522 7768 8402 7451 7743 8144 7044
5981 5724 5967 6678 5903 5370 5178 7987 7115 8623 7742 8649 7387 7931 8380 8262 8031 7330 8519 7084 8537 8528 8120 7192 7103 7629 7838 7917 7946
3741 2392 2859 4112 4829 5423 4250 4121 4223 4873 4438 5301 4999 4527 4387 4516 4366 4481 5223 4888 5096 4532 4541 5450 4454 5507 5747 5197 4192
7100 7685 7068 7436 7998 6616 7091 7555 7524 7517 7967 6990 7115 6895 7035 7942 7527 7627 6763 6460 6797 7370 2334 1615 2033 2183 2713 1233 2112
8055 7646 8760 8052 8152 7458 7230 8550 8299 8109 8371 7417 7279 7689 7786 7217 7847 8721 8145 7708 5353 4503 4893 5583 5197 4481 5097 5372 4457
6101 4599 2681 3364 3824 3816 8159 8089 2341 5417 3530 1958 5068 5073 6515 2848 3093 4458 6647 5154 5388 5106 3637 4780 6853 6479 4612 3996 5676 1447
6042 5622 2348 3608 3511 3845 2204 8431 8350 5078 3770 2101 3980 3978 7081 3428 3352 5989 6687 6095 4873 4380 3487 5812 6630 5582 3833 3262 5415 2198
5772 5015 2081 3128 4205 3006 2035 8488 8435 5540 2900 2948 3783 5498 6325 3189 4382 4436 6213 5223 3403 5650 3853 4933 7408 6356 4588 4128 5087 2659
6410 5893 1836 2243 4093 3497 2149 7560 8546 5796 3592 3191 4632 4985 6542 3517 5057 5126 6407 5547 3323 4585 3298 4695 6000 6883 3973 3825 5932 2828
5153 5668 2267 2536 5383 4015 2563 8094 7145 5863 3817 2099 5363 4127 6896 3255 5241 5148 6286 5722 2274 4983 2807 5610 6886 5804 4716 4246 5663 2632
5969 5206 1778 4878 4401 3362 2497 7496 8768 5209 3144 1524 4358 4194 6191 3500 4767 5360 6324 4957 3269 4502 3854 5520 6017 6613 4204 3759 5098 2990
5397 5409 1345 4820 4533 2759 2703 7056 7871 5215 2821 2466 5042 4543 6480 2185 5140 4924 5926 5477 2385 5102 4524 4899 6822 6546 4946 4068 5432 2579
5034 4720 2537 5056 4726 3848 2413 7216 7984 5856 3197 2724 4144 4988 6255 2880 5155 4483 6298 5163 1959 5217 4547 5081 7225 5925 4325 3902 6552 1885
4597 5097 6393 6251 5580 2902 1949 8120 7811 5418 3670 5812 4861 4245 6035 3373 4668 4792 6211 6309 3149 4408 3451 5894 6979 6052 3849 4553 6414 2918
4774 4906 7126 5627 5119 3661 1956 7479 7722 4690 4078 6091 4953 5535 6641 3344 4644 5782 6981 5217 3354 5268 4648 4844 7289 6443 3891 3888 6407 2056
5223 5705 6753 5743 5318 3383 2371 8559 8088 5751 4291 4967 5335 4142 7397 3579 5540 5089 6589 6286 2365 4809 3929 4837 7390 6067 4747 4041 7231 2506
4283 5716 7166 5398 5289 3206 2305 7786 8766 7497 3487 6232 6006 5399 7558 3187 4764 5607 6113 5361 3431 4766 4739 5201 6149 5796 4101 4530 7450 1469
4396 4803 7362 6465 4084 2711 1788 8353 7560 7807 3205 5805 6221 4922 6429 2388 5358 5213 5663 5725 3551 4449 4770 5809 6890 6170 4326 3129 6512 2215
4673 4729 7897 5461 4132 2744 2884 8466 7693 6607 3637 4772 5170 5462 7664 2751 4915 5372 6947 6044 2320 4344 3439 5192 6855 5664 3614 3927 7664 1861
4974 5433 7404 5002 4444 3406 2464 8328 7259 7174 3464 4830 5011 4096 7069 3551 5543 4722 6671 5963 2497 4171 3872 4688 5990 7136 3783 3044 7212 2715
4063 5204 6970 4996 5436 3432 2983 7683 8070 7301 3252 4691 4721 4890 7318 2073 5363 5960 5532 5560 2692 4693 4572 5039 6333 6067 4963 3327 6551 1905
4533 5531 7409 5840 5169 4038 2495 6976 7331 6610 4461 5206 5672 5374 6542 2809 5428 5605 5648 4662 2435 5522 3560 4952 5899 6161 4616 3638 7720 2130
4987 4937 7660 5738 4472 3780 1583 7979 7335 7659 2737 5665 5755 4155 6523 2662 5203 4786 6355 6229 2065 4355 3484 4803 5947 7144 4997 3968 7382 2580
3942 5688 7156 5001 4996 2614 2089 6953 8041 6890 2330 4917 5371 4487 6883 2424 4895 5410 6433 5529 2419 4189 3562 5991 6597 6054 3411 4098 7615 2389
4660 5622 6452 6084 4162 2365 1517 7789 8050 7307 2777 5629 5965 4384 7055 2819 5408 5663 7143 4785 3052 4203 4152 5678 6488 5894 3375 3988 6987 1990
3878 4570 7518 5664 4533 3411 2260 8291 7219 6817 2954 6088 5938 2108 7781 2055 4932 3430 7181 5217 3552 4243 4387 5949 6858 6222 3572 4669 7486 3057
5254 5246 6552 5196 5617 3725 1519 8346 8150 6792 2376 5543 5211 2872 6489 2572 5882 3524 6088 5808 3032 5113 4507 8388 6703 7143 3456 4667 7056 1626
4141 5280 6868 5669 4890 3360 2752 7583 8579 6598 2307 5224 4604 2274 7735 2580 5287 4632 7138 5906 3189 4604 4058 7787 6384 5794 4862 3742 6487 2931
4046 5007 6744 5575 5443 3607 2843 4023 7759 6431 2725 5920 5148 1714 7120 6462 5263 4804 7075 5440 2669 7036 4134 8466 6344 7493 4192 3097 7136 2335
4520 5963 6374 5421 5540 2410 2479 4873 8341 7595 3195 5446 5955 2878 6557 6654 5083 3180 6057 5074 2186 6647 3644 8463 6956 6563 4130 3428 7617 2664
3948 4594 6612 5262 4929 3219 1822 3579 7598 6402 2147 5604 5468 1727 7941 6571 5225 4654 6890 5218 2830 7208 4178 7215 5885 6681 3645 4519 6993 2955
3782 5088 7383 5389 5175 7302 2709 3842 8161 6773 2938 6092 5601 2072 7716 6202 4684 3829 6063 4686 2322 6769 4512 7982 5550 7562 4238 4317 6816 8632
3735 5611 7711 6367 4946 8403 2922 4129 7840 6652 2823 6268 5156 1942 7780 6425 4782 4108 5884 4617 2053 7130 3466 8656 5416 6047 4023 3881 7459 7866
5101 5498 6892 5281 4808 8345 2501 4065 7305 7963 2132 4612 6235 2079 7472 7050 4650 4753 5809 4657 3217 7038 3562 7698 6068 7501 4948 3973 7551 8686
7 8 1 17 43315 1.0208859706911448
14 17 3 24 56748 1.037223164113597
15 24 20 4 85079 1.0344897732506306
10 5 22 10 52646 0.9774078840523237
21 27 16 18 55803 1.094802776024248
24 17 18 22 42198 0.9919867138068974
17 2 18 12 52458 1.0121554616968071
14 17 11 25 41517 0.9287125127729537
5 3 10 16 54798 0.9673786413676922
2 21 11 11 59729 1.0025286841978676
14 20 5 9 54318 0.9059173010637603
6 10 20 26 88979 0.9346594544986349
0 29 22 29 50635 1.0621908302815672
1 14 27 13 89044 0.9426896546477931
2 15 27 15 86582 1.098421224412518
7 16 18 29 63711 0.9110952434692113
23 27 11 10 97101 1.0230451219651828
10 7 25 27 119688 0.9938301237732222
14 5 0 28 90299 0.9162703547607751
9 25 21 19 54602 1.0200368526534407
12 5 29 20 93477 1.0223052695648793
25 15 0 29 106600 0.9625041703789614
1 20 29 0 127268 0.9181650606987874
29 17 26 24 48622 0.9837216685900383
0 9 25 13 98662 1.005795767709173
19 14 20 24 57720 0.9906511497830648
8 1 0 9 45666 0.9131471371820944
7 10 22 22 80760 0.9019435548613622
11 10 20 15 42574 1.0937282695276356
8 11 29 16 87256 1.0113104041065992
20 8 27 16 59136 0.9225030401186329
16 5 23 15 61200 0.978117651488259
9 16 25 28 82694 0.9933834308554473
9 18 26 23 73276 0.9903670098057782
22 15 1 17 64715 0.9726622272774785
8 27 22 27 51120 1.0033254629300206
10 29 7 0 89711 1.0203315689617378
16 27 3 1 105062 0.9279720555941863
2 14 18 23 82061 0.957915994369313
20 16 8 29 79479 0.9908478924998175
3 19 24 6 88517 1.024141153399136
0 21 14 29 52823 0.920496919308082
28 12 5 1 93056 1.0169590736810585
9 19 13 26 37648 0.9075889715027609
29 28 22 14 74515 0.9847717444525715
21 10 10 9 40204 0.9807086973814944
6 23 2 15 34993 0.9159611522561236
25 16 10 2 99415 0.9290525274676338
7 15 21 9 66732 0.9057797212949408
1 13 3 1 39508 0.9159281070633092
16 26 10 1 104579 0.981733296475857
10 12 3 16 37039 0.9352309073121021
11 21 9 11 39455 1.0591815415890404
22 8 1 29 115316 0.9642331151454154
26 14 21 6 49036 1.047567043053163
16 2 17 16 67449 1.0234752368005189
4 17 29 16 94275 1.0211389206246833
22 8 7 29 110860 0.9444839964715047
28 20 13 21 44374 1.0518922499579693
1 4 27 6 67136 0.9155379703794903
20 1 28 10 57431 1.0004877439963287
13 15 18 26 54238 0.9766831000944047
4 9 18 4 49867 1.0758048234586481
29 20 3 10 95846 0.9582839244058134
22 26 25 0 118765 1.044494544982566
5 14 2 25 42218 1.012700649261047
23 22 3 3 106196 0.9416958744114594
13 21 3 7 66385 1.0604120210951329
9 0 28 21 119788 1.0753791472186174
15 25 25 27 51352 1.090458191588643
6 11 3 18 35139 0.9307884455511816
9 8 6 28 68228 0.9473359190029635
22 26 11 13 79202 0.9595300885893334
4 28 19 3 105879 0.9574902502159972
24 17 27 1 80694 1.072104570036802
6 23 28 21 81043 0.94563137680654
5 21 10 2 70919 1.0346111130290838
4 16 10 27 49152 1.0320600940329852
28 26 16 21 58440 0.9110139906442439
7 28 24 18 85247 1.012101388280955
12 12 23 29 80489 0.999514847729066
13 16 18 1 60507 1.0107221026525746
25 22 20 8 85126 0.9839261511793264
22 2 13 16 78550 1.0653775328343644
1 8 9 0 49337 0.943688650497735
4 14 27 18 87434 0.981847715298843
13 25 24 10 81306 1.046812259075056
6 28 20 11 104556 1.028765997620647
11 1 4 17 70969 0.9199565034659416
11 3 14 15 49940 1.089006078074917
2 13 20 17 76202 0.9803697867867067
25 1 2 2 77479 0.9171569021122573
15 9 3 8 47668 0.9172219877450946
21 26 4 25 62123 0.9850799084488207
21 23 19 12 70096 1.0107474305791435
19 27 25 10 93077 0.9132098948730082
11 18 19 10 56303 0.937211636512405
29 27 4 16 103102 1.0752065430793851
29 1 5 10 93400 0.985684574501993
6 23 10 8 62787 1.07439983021905
6 2 11 17 57354 0.9904958360701153
1 3 16 19 92060 1.0288657019087482
14 22 27 9 79993 0.9375809787907539
27 24 8 16 82458 1.0737111006278175
0 8 1 29 71487 0.9294273539857983
27 5 20 14 58985 1.0963540158255676
24 3 18 20 91721 1.012175846257372
26 14 16 23 82023 0.9244886101778099
14 15 9 26 48019 1.064144824332137
0 9 22 29 109463 1.0927273992617377
22 2 15 10 58649 0.9263413002817792
10 21 5 10 42524 0.9348464035376332
18 12 13 2 55350 1.0211967275773368
26 5 5 7 55853 1.0017216088581793
9 14 14 5 41687 1.060814198345075
16 2 27 13 74870 1.0985579185893337
28 17 24 29 65362 0.9393295277622629
27 23 0 1 137524 0.9305218476849237
15 11 6 24 72524 0.9266902870895153
28 16 7 4 100637 0.937898312482027
24 22 4 2 109595 1.0347300042950722
29 11 21 21 72663 0.92532033582641
4 15 27 5 84383 0.9872017190546578
27 11 6 0 89005 0.9751122571844572
3 21 10 2 78813 0.9594686745608021
4 9 26 0 83072 1.0034370126967451
24 24 6 25 80874 1.06688719844797
15 28 22 2 117589 0.9917746795143106
25 4 1 25 107556 1.02009519622093
8 1 22 0 67320 1.0747424814015738
10 6 20 18 77045 0.922763315495699
12 27 6 5 81656 0.9529631583767781
2 9 26 16 96177 1.034985168724081
8 23 24 25 74778 0.9183444050929489
19 23 18 0 97125 0.9070259250566661
14 27 9 5 82070 1.051806795572821
9 26 28 20 69603 1.0368851701219053
8 23 17 25 54209 0.9154549003129252
22 3 8 27 113445 0.9715957774236321
26 5 14 7 33902 0.9693696491347168
19 10 6 0 70234 0.939950777566122
5 13 22 1 86050 1.05351747999857
29 22 7 7 109415 0.954978127474154
22 13 27 1 61077 1.081617714476979
23 10 28 27 79329 1.0295106521700315
0 1 0 28 85197 1.000927991485123
10 29 10 8 72788 0.9251398644846811
12 9 7 16 40144 0.9462873236153043
0 3 11 9 53099 0.9294799713170233
15 23 20 17 48574 0.9962763782014545
27 24 5 19 83048 1.099976574251571
24 27 22 19 42673 0.9154841418856746
9 2 21 15 78511 0.9004859586471254
5 6 25 9 56243 0.9860188708487375
20 6 15 28 89186 0.9563669789482053
3 13 0 5 30854 1.0194288101726559
18 28 13 6 88611 1.0920559312305147
15 2 4 8 49503 1.0715632370065522
23 27 19 20 43348 1.0022063661690959
7 28 13 21 50416 0.9777034214379605
16 9 1 27 92665 0.950454893812157
24 20 18 0 92171 1.052866205195763
13 21 17 4 71978 1.0494987568236203
23 2 6 24 109195 1.0681395114414902
20 5 7 15 58313 1.0142292842681355
18 19 2 6 83735 1.0606795558307551
2 10 18 6 48003 1.0832567885292874
18 17 16 3 70124 0.952527825147207
3 17 11 14 39401 1.070815010334289
1 26 27 19 92560 0.933385209942354
20 14 7 20 56892 1.0366961657350036
6 21 21 6 77067 1.0669922858683862
18 26 20 10 85218 1.026885628887232
19 26 4 14 79479 0.9976679119578208
29 6 10 14 74073 0.9827277774933945
27 18 20 23 49325 1.0914693273991714
0 19 1 0 69350 1.0729389238129796
29 14 20 2 76000 1.0996547867996322
29 4 15 6 47057 1.0097531681638403
0 16 13 1 78149 0.9833401095088201
19 18 5 3 93899 1.097317575956205
3 26 12 25 44587 0.9414135282525119
5 27 18 18 64756 1.0614915194405934
27 19 12 13 67642 1.0431143583041698
6 29 18 19 61261 0.9616521262111785
23 23 15 16 56266 1.0766700217372183
20 9 28 5 45855 0.9988090780540309
10 29 20 24 40478 0.9590585750870257
26 14 28 28 60782 0.9166830165081972
22 13 3 7 80277 1.0975694721488902
11 23 20 14 64846 0.9086454068908648
14 17 2 10 53100 0.993172899525634
23 18 0 20 79173 1.0263675960037002
27 12 1 18 92268 1.0219930866937381
0 27 7 8 67783 1.0240263772374885
27 3 9 23 105382 1.05087489791889
28 3 12 25 121990 0.9052708927291792
3 13 26 26 111069 0.9571749661302498
22 19 1 23 74929 1.0716048667893907
1 17 9 19 33725 0.995922176435754
13 18 28 27 70934 0.9709316375802244
18 23 7 0 103654 1.0473042486354778
15 0 18 13 67480 1.0930014701812993
25 28 9 8 106821 1.0184976943441124
24 11 21 25 80503 1.0471333434991017
25 21 16 4 97859 1.0827541567813048
22 10 29 4 46923 1.0826774031212856
22 15 0 7 93935 1.0786852009540395
1 15 21 2 95874 0.9698762193519894
11 0 13 14 60780 1.0720046578082374
17 26 20 5 94005 0.9426553485166118
23 9 2 27 113579 1.0047278082928301
18 29 24 11 92477 0.9173554286988993
24 9 14 20 66001 1.0362344219568413
29 17 3 11 98907 0.9836887025348255
28 1 15 13 81720 1.0078140073616706
22 0 1 4 80787 1.0207743932281401
22 21 10 27 63916 1.0351455886663472
4 28 14 11 77124 0.9412041344672271
29 18 7 17 86077 1.00969974886277
17 19 22 5 80383 1.060920542518458
14 19 24 4 75153 0.9653560925071384
23 18 1 18 78119 1.0530353126420615
0 28 16 16 83816 0.9784279253826049
7 9 27 11 72192 1.0880460161875165
21 3 29 11 60436 0.9845270961467083
8 20 1 9 50601 1.0721229587949537
19 6 3 29 95958 1.0197468197012083
4 8 11 5 29866 0.9246636481181824
26 16 13 2 88753 0.9096848463302605
23 3 15 16 68985 1.083530641874006
11 7 20 29 98349 0.92766177394635
22 0 16 5 38155 0.9097345383041154
14 20 29 3 100643 0.953080484726005
10 17 24 0 96515 0.9522482176182787
22 3 2 4 69956 1.0208153433095561
0 25 2 3 67725 0.9435010146335501
18 3 25 15 68593 0.9110427325677617
16 16 25 0 86776 1.0236164902163742
28 14 17 10 47287 1.0539246733194914
21 14 18 1 66738 1.0529498902087737
5 19 14 6 54743 1.073134704342756
4 21 20 1 99431 1.0691412311029258
12 12 14 28 56158 0.982198346182946
27 29 16 4 125690 1.0797990029874966
6 13 19 13 57111 1.0080300278136383
3 29 17 1 112772 1.0101180525058824
22 27 24 16 54934 1.0351304900258613
6 20 23 18 56643 1.066687158102872
16 16 20 22 47926 1.0349481923740467
14 11 21 2 55937 1.0554980901808002
20 8 2 16 85523 0.953910645265557
19 8 10 3 48526 0.9615568924401139
23 15 12 20 44825 1.0855644044808752
7 23 9 5 57423 1.0833418195788465
0 27 26 16 112231 0.9196822518893712
13 2 21 7 37173 0.9475757359406108
21 6 10 28 96016 1.0478991022242985
21 5 2 4 55329 1.0203203224404793
15 8 4 2 45882 1.08838647632879
9 11 14 20 43316 0.9419719409966367
18 7 5 19 66855 1.0150500098306279
21 4 12 3 40495 0.9422697382565379
10 29 14 16 48774 0.9228735082889274
13 29 5 5 85516 1.0350124814110617
8 26 5 16 38130 0.9549899011305427
7 11 16 6 35291 0.977103165168803
10 25 28 19 72591 1.0883420492556646
29 13 14 26 78906 1.0928221652588481
22 25 2 22 84835 1.0388375874770646
15 20 11 0 75896 1.0387919482215635
9 4 24 20 93806 1.0431596002878663
0 2 13 9 54177 1.0859512902777486
1 8 1 22 54969 1.098706041021056
18 11 28 25 87566 1.0237333547538867
25 26 24 14 58728 1.0711755854344438
1 1 6 22 73525 0.9346426037651521
1 21 1 6 46150 1.0234058085366862
7 6 5 24 56690 1.0572531380320886
19 1 26 19 100883 1.085862130182134
18 29 13 8 83169 1.0126254300560242
7 21 27 20 60475 0.9216304668753043
11 21 21 17 53101 0.9494309421579212
15 10 23 14 42607 1.0381887316467684
28 10 1 15 96142 1.0236254772944748
24 18 6 14 72925 0.9082101837425406
18 5 18 16 59710 0.9333978065126872
12 1 11 20 73053 1.0471657429873613
25 3 12 6 38901 1.094137926224937
21 21 26 16 43485 1.0513576061971222
10 5 8 23 55782 0.9279719879671259
21 29 21 7 111730 1.0368581930890288
23 15 14 20 38954 1.036659945691267
14 3 14 14 33796 0.9551314082388427
28 26 22 22 32157 1.0173323933402894
17 12 7 16 50448 0.906642293051623
22 2 5 2 71212 0.9781246533876095
17 22 22 29 33926 0.9642757124730599
10 8 24 4 53130 0.9211830611759171
0 21 2 4 55549 1.094185684683487
10 5 1 15 52669 0.9093011449282945
10 6 18 24 88012 1.0246883752343394
5 26 0 16 38824 0.9015871036527231
6 6 12 16 45913 0.9230636381521018
3 25 13 3 95208 0.9201876673040201
20 29 10 0 115808 1.0978047122226497
21 27 13 17 62041 1.0888723923483188
1 2 7 13 45368 1.0513094760485744
6 18 26 1 103202 1.0028354666208186
26 13 23 28 75773 1.0741420496651921
23 24 25 7 82665 0.9717875937439319
24 29 19 18 54693 1.0720592599499885
0 15 17 1 87770 1.0375570162336571
23 13 7 13 61572 1.0069366019673665
11 29 18 5 91198 1.0534367622332481
13 25 24 19 52027 0.9403058475641961
15 20 6 15 37936 0.9410147927919335
20 22 2 8 97708 0.9525451113043011
7 23 12 3 70513 1.0148911632737996
9 27 17 17 59288 1.0997306167731293
2 15 2 0 48255 1.0712221996476075
18 12 6 17 61261 0.909639460828343
1 3 17 2 67255 1.00377863287369
25 6 0 28 112587 0.9703239256229117
4 24 19 6 84928 0.9873656475105561
27 8 28 27 80194 0.9539436114196522
10 14 23 17 48675 1.0231624902382752
29 21 1 26 98295 0.9570360013230257
27 7 2 24 114627 1.026010864945174
23 25 27 8 87526 1.0418362880199463
11 15 20 28 71949 1.0818938664038806
0 16 13 1 78149 0.9070521377741413
8 26 14 8 74897 0.924032757623214
1 5 5 16 42255 0.9703038699167418
13 18 14 28 36722 0.9374677740701545
15 6 20 22 75688 1.0346295728522434
14 18 25 3 74270 0.9166635102185366
14 6 0 8 46998 1.0754983933751001
9 24 28 11 100309 0.9112616991695374
16 20 15 8 50886 1.07854934273065
3 20 23 6 82701 1.0366378943001748
21 26 0 20 82073 1.0215419864312736
7 18 18 7 63177 0.9624107198533614
9 17 16 7 59635 1.0873918829907787
13 5 22 0 47737 1.0093062738432976
27 16 2 21 95671 0.9484875511478447
6 13 28 0 98963 0.9332914800986651
28 5 16 0 54955 1.0572529314227852
9 16 29 2 105008 1.0907433259521488
3 18 21 16 70083 1.09930610125234
27 13 17 17 43737 1.0332583542580067
5 24 17 22 53867 0.9419562551593776
15 19 27 23 54343 1.052194854832161
24 7 10 7 41833 0.9666379095259595
24 20 20 8 72927 0.9661485891110859
27 23 2 28 100638 0.9553779957305052
1 15 28 18 99142 1.0184500734391486
25 5 14 21 76167 1.0369575919494345
25 17 17 7 73734 0.9821857125938209
10 6 18 15 50150 1.0348331922155494
20 21 28 29 52218 1.0428949647900985
17 4 17 26 95678 1.010628209374724
2 4 0 16 44181 0.958653108593744
2 6 10 28 80297 0.9047001577242691
8 19 26 5 78783 0.9042773870446349
2 23 23 18 81068 1.0254676029150602
17 17 17 28 58502 0.9156506386595733
3 23 0 14 35492 1.0266546199470268
23 14 16 3 65441 0.9372218998353558
24 29 26 13 79321 0.9001806412362
27 27 15 27 47458 1.074335106635049
7 29 17 8 95690 0.9159960975346843
22 1 7 28 131599 0.9932319660566884
0 10 3 25 63258 0.9619730322978464
22 20 15 8 67441 1.0812839732441195
26 28 6 16 93104 1.067955815323164
21 5 3 0 59964 0.9448948425174303
0 9 16 14 72029 0.9973841419171677
17 5 12 25 85316 0.9231605096209898
14 21 7 24 41012 0.9500359209420778
11 1 28 5 67158 0.932627584110151
18 8 9 10 44455 0.9947728158974634
25 9 4 9 69563 0.958713935734187
22 26 20 7 106397 0.9798915442326738
26 5 17 1 40310 1.024124399983152
23 10 11 20 67425 1.0270359315282058
25 16 0 16 84097 1.0977692554031255
26 3 21 23 105600 1.0546238813040685
9 29 14 16 50830 0.9231558849272391
4 23 7 8 54453 0.9939970741563302
2 26 10 15 54850 0.920686821486095
17 4 0 18 87558 0.993455898641313
20 23 13 26 40071 1.0010745804507517
7 13 4 22 35457 0.9123081308192618
6 13 29 10 83278 0.9311915410538367
15 14 5 3 66716 1.0464712344929301
29 2 23 24 121497 0.9952673529046002
22 7 19 24 98088 1.0717178198147619
1 5 14 6 34696 1.0597915037011532
10 5 29 11 72294 0.9065139000564997
7 2 18 3 44456 1.09935157059749
26 4 23 21 82931 0.9028603265681964
11 3 27 5 55171 0.9895302002525782
16 16 28 21 63608 1.0503046086406789
21 19 6 4 94526 1.0003532660391785
2 15 13 0 72006 0.9636989451674622
8 7 18 4 31547 0.9974170549363519
5 12 23 23 86542 1.0713661165970931
29 7 19 6 30345 1.0487042423596833
2 19 5 11 36019 1.0875319031430186
23 10 2 6 63212 1.019789344724626
23 7 13 26 89724 1.015269053176145
14 23 24 7 81685 0.985320506500363
29 0 21 20 110341 0.9762966229337666
20 22 22 12 62846 0.9545914972841011
19 1 9 29 108398 0.9385340616060871
15 11 20 22 61497 1.0493640721810045
16 26 28 7 109475 1.0486114998668394
23 14 20 29 74978 0.9247237425963736
11 11 19 15 38994 1.0275137617678667
5 16 5 1 51503 1.053763572442178
17 0 24 14 69553 1.0901440407817522
4 21 15 2 83734 1.0817526512995073
13 25 27 17 69990 0.9168332574984468
12 3 26 2 59173 1.0176206934249408
0 24 9 3 82633 0.9061634661337833
3 17 10 3 67450 1.0150475249584394
6 5 27 29 123386 0.9581608334496092
14 23 20 0 88421 0.9363079649310474
10 2 21 17 90928 1.0278965265626312
23 3 10 9 58055 1.0452499766316015
12 13 18 25 66783 1.0043877093046565
17 25 24 6 101779 0.9017048585121775
11 12 19 22 61420 1.0906871739184774
27 12 7 28 111190 0.9833333188302146
12 23 21 1 104616 1.0294210442096392
6 6 28 6 50806 0.9177596392141366
26 4 5 28 113101 1.0387010354279036
2 23 8 4 71114 0.9309585151225609
28 9 14 13 57235 1.0992569035192938
28 13 8 8 78864 1.0078616059218493
25 12 5 15 72895 1.0473305201880105
17 17 1 19 65893 1.0684807668393344
26 27 8 29 53755 0.9514062823464435
27 28 29 11 83769 1.0263242991178425
22 9 1 23 102798 1.060216748051853
21 17 7 18 62363 1.072114897073784
21 29 15 19 52927 0.9862606789612847
23 29 17 17 62718 0.9978618305466485
27 12 6 13 79505 1.0020531581647205
4 0 25 9 74826 0.9909756116104815
12 1 26 19 107207 0.918156041941763
5 2 5 18 51126 0.9869681967533681
10 19 24 29 66156 1.004350816418586
11 24 2 10 67024 0.9987489796486135
26 8 4 7 66442 0.9427973853951955
11 21 19 25 44523 0.9275676330037481
7 28 19 25 44790 0.9168616363636767
15 6 25 28 108654 1.0638506763746929
25 5 0 17 92140 0.9874217338277291
8 5 20 14 70153 1.083566703308271
24 20 27 10 54464 0.9515380846245374
23 20 20 27 43624 1.014140175055043
21 29 2 16 77190 1.03451185188006
25 9 23 21 61735 0.9362646668713112
5 29 4 6 65921 1.0000801272635376
20 3 20 21 94412 1.0370358234646104
13 12 24 25 80651 1.0437626503489952
22 5 17 26 98819 1.0309044606724487
20 27 6 4 112161 0.985848605320714
18 7 4 6 35541 1.0113709837208662
8 29 13 8 86263 1.0396717151930113
21 1 9 3 67425 1.008839323791413
26 25 17 9 106069 0.9274772385810262
25 3 17 27 110690 1.0746649809364544
22 15 7 6 66338 1.008321900279375
19 10 13 29 77278 1.0381744928613132
26 28 12 24 65761 0.9282637056789199
16 26 1 15 75391 0.9196748334294074
11 7 20 10 44637 0.9713804756945872
14 6 1 10 42248 0.9574249444885956
6 2 11 9 38323 0.9345252487486074
14 21 22 24 48041 1.025544504375651
21 6 8 28 97663 0.9493838620967866
26 1 28 18 83370 0.9134083258057998
21 19 7 17 54695 1.079764476333035
10 12 25 28 99490 0.9775997490800556
28 23 17 13 74137 1.0364148005717864
0 25 0 15 29531 0.9661744663108778
17 15 9 21 41743 0.9142914274264679
18 27 4 7 99388 1.0965285854216038
16 18 24 22 44384 0.916640068050561
28 28 2 1 142515 1.0985856738374222
29 20 24 13 44335 0.9843895027099557
13 20 29 3 102963 1.0427981156161232
28 2 25 27 126216 0.9824056768777143
24 4 18 23 104862 1.0244837679880798
17 27 3 13 78213 0.9207039060502616
1 20 13 29 47581 1.0376878997454606
27 15 0 27 116442 1.0086978912593458
23 8 12 27 95102 1.0033656464428073
17 22 26 14 73326 1.019092364763479
11 1 1 2 32500 1.0121153718932427
17 13 1 27 83123 1.0518637199176153
28 25 18 15 64655 0.9987215945417747
13 23 25 1 101196 1.0196659219283588
6 25 20 7 95172 1.0979383533965934
17 6 1 10 50190 1.0897714753241516
14 16 17 2 60044 0.9430273645279201
3 22 21 5 90041 1.0420142228959086
4 6 2 18 44688 1.0952932940431077
24 9 4 14 80032 0.9689840125470222
2 10 3 21 44841 1.0013414976157091
7 0 29 18 127480 0.9324884338141612
8 8 29 0 80576 0.9732569415465077
10 7 27 11 63201 1.0655877281592452
11 5 4 24 72781 1.0198566846842416
3 19 9 26 39721 1.0645103763283905
21 24 4 9 100595 0.9861638756910321
1 13 15 2 72078 1.0379045416268349
28 0 13 16 93419 1.0727267592760072
9 11 26 28 101878 1.0543385949062607
12 14 28 24 75994 0.9231807252656026
5 27 18 11 89674 0.9659664709197623
15 20 15 2 66717 0.9021090497777827
22 14 10 13 46209 1.051862154928455
18 0 27 1 41912 0.9101166651626906
10 17 3 22 35993 1.0441705420242526
23 5 3 23 97007 0.9588020574648523
8 17 25 6 67414 1.088049293772634
15 12 7 14 42416 1.0734471381553656
25 11 5 13 80601 0.9794773515349475
6 11 20 26 85030 1.0750061416863426
0 12 23 16 83903 0.9727608829604921
0 27 20 12 103674 1.068423021140059
29 0 9 8 82562 1.011480949584649
28 18 12 19 61101 0.9095858513453965
17 9 17 29 82333 0.9627159714801035
3 7 25 16 90424 0.9129728653314473
24 28 17 23 45473 1.0466408970957874
22 26 11 27 43397 1.0886558500573789
18 2 22 15 63811 0.9880299833710765
19 11 3 0 74165 1.0311353889269315
3 6 15 6 28042 1.0402491296497054
6 16 14 23 47465 0.9369028419636485
10 3 8 14 42821 1.029340120813198
29 17 0 3 127901 1.0129363773989581
21 14 25 7 44302 1.0280774361439433
17 27 21 6 91852 1.0722551409386574
9 15 6 8 36820 1.0395400876865033
9 23 29 19 71464 1.038886700430707
11 29 7 6 72941 0.9153740257637569
13 20 1 29 55222 0.9982158392175042
18 22 18 0 91608 0.9056458088627278
7 29 24 22 68074 0.9560739588736341
21 0 26 13 70895 0.9440320113235068
13 12 24 23 71981 0.9032607134512239
27 24 5 11 102152 1.0630590780626812
21 6 7 17 62304 1.093816395432834
22 22 3 29 70911 1.0304544639795408
0 6 11 8 44117 0.9206411778509658
8 22 17 17 47855 0.9944834950246867
26 1 11 9 68531 1.001770803529061
1 29 24 29 54454 1.0494873401859386
22 23 11 15 65057 0.9933034615543748
0 25 25 29 71309 1.0257991210078947
14 22 16 8 57229 1.0592561860735525
1 10 14 14 53958 1.0572233209278619
8 18 22 9 72779 1.034452856928828
21 16 3 10 68143 0.9779548806912762
14 13 24 28 78753 1.0495103733276567
15 22 23 0 99308 0.9745267086218716
10 11 22 12 54063 1.0458051216663706
0 11 3 1 31872 0.99213642721536
13 1 9 21 72780 0.9838481100312434
13 23 27 19 54291 1.0586949023884153
17 8 25 15 60054 0.9910222269394028
20 28 20 5 111138 0.9528373289484624
11 8 29 5 62491 1.0436039087359927
13 12 19 3 47230 1.0726146257435347
15 9 26 1 63830 1.0620264156465893
7 1 24 5 57890 0.9547469627565
28 20 22 15 37762 0.9593093150318869
21 18 29 11 60885 1.0241983134654635
21 12 15 1 72872 1.0106914058169307
18 13 14 20 38412 1.0414064196325283
15 29 26 10 96613 1.0892522025758875
21 11 18 0 52394 1.0918112005161469
1 15 17 13 59477 0.9424594325614402
25 13 14 8 52801 0.9427016068950719
1 20 12 22 42835 1.0387113030927642
15 24 13 6 65967 1.0542627073886224
9 14 9 26 36763 0.9207583045656822
7 10 18 22 68257 1.0371998162315734
15 24 16 11 56047 0.9985798509678394
19 4 8 0 50130 0.9648142015222702
3 12 0 29 45416 0.941880419059414
12 18 7 29 50272 0.9512093540761859
26 1 5 20 103653 0.9120247627188227
9 14 2 17 33984 0.9666600398969865
20 14 15 7 59473 1.0283593278862648
27 14 5 8 90697 1.0944869430189403
1 5 17 2 62639 1.0055845427825318
17 10 3 2 58609 1.007452250661195
27 27 6 0 144625 1.0237014557444089
23 25 7 8 103241 1.0003885369029946
29 16 14 22 69322 1.0095880229768814
6 12 28 21 90363 0.9146635528024066
1 28 27 5 116865 0.928793896256886
15 29 14 7 72870 0.962314254134857
14 17 14 6 36023 1.0145162149747553
23 25 4 6 112213 1.060707503047935
17 7 19 25 90981 0.9890733744197916
17 23 25 5 97080 0.9831303656559476
0 4 11 20 72201 0.9550528170330145
18 15 25 8 50434 0.9317993088078036
23 6 7 9 46588 0.9823756331234419
28 13 11 11 67959 0.9892546608483864
12 3 0 28 93428 1.0035129368506406
17 16 29 2 100921 0.9559355247915361
21 4 12 1 48049 0.9544914949185409
20 8 1 28 107338 1.0357237884496475
28 6 8 10 56436 0.9252215184481917
7 27 29 13 104731 1.0673158805439888
22 15 0 17 69173 0.9222401621306285
27 22 17 16 58958 1.0998882644095898
11 23 25 11 91816 1.0700696082354426
24 27 5 13 93342 0.9911757450484052
10 1 1 18 68226 0.9003874237650373
8 2 8 17 39942 1.0058852827510318
2 5 17 29 96274 1.0459066608611793
27 2 27 18 71705 0.989794912318207
10 12 4 0 50561 1.0008743611985396
22 17 8 4 82424 1.0281833475257738
19 19 12 2 82197 1.0457475150567028
15 9 20 23 74100 1.0054592783429865
18 5 2 1 53706 1.0335660059479475
1 8 18 11 78843 1.0078589863318628
22 3 11 10 57787 1.0043301971260965
2 8 12 11 49567 1.014909364455142
26 1 29 12 61214 0.9375689459965445
20 7 11 15 56361 1.0883424947381954
28 21 27 11 51538 1.0362228678602665
5 10 11 26 62412 1.0951085443432893
28 12 15 15 47263 0.9529661475787927
26 6 4 2 58751 1.0553908056293801
25 28 23 9 96318 0.938745547749089
22 29 0 6 115041 1.0948412108514587
14 24 26 4 92880 1.0362527515158426
5 11 19 11 53972 0.9130029325528516
29 10 0 10 91757 0.9842304586053967
11 23 24 4 102973 1.055313560547519
18 28 9 17 60332 0.9754195869479269
28 10 20 8 36565 0.9636735841890627
22 0 7 6 58832 0.9799830697958322
24 27 21 8 99813 0.9505964591137535
16 21 10 11 53414 0.9311532766908063
25 26 18 1 119859 1.0414461559144925
10 13 29 5 78564 1.0751704469170809
0 21 20 8 98006 0.9562759749689259
26 25 29 11 82740 0.9313502219527225
13 5 28 18 92169 0.9110118930161599
13 10 17 20 42726 1.0128386366184614
1 23 19 8 95227 1.055734751064191
23 18 8 5 83517 0.9472206246348664
8 9 27 26 107151 1.0040739311237623
12 1 7 29 98378 1.0901902266999377
12 24 0 2 95091 0.9920344243962265
22 19 11 6 80453 1.038720050273522
29 4 1 9 92977 1.026155001171225
4 27 19 18 70529 0.9130508111485375
6 0 12 13 59793 1.0850729561950587
12 16 0 24 62970 0.9913367434348604
22 6 24 16 52477 1.0897565106227844
2 7 19 2 62245 0.9124735499570976
2 15 27 2 99804 1.0132518110892652
28 22 2 8 117634 1.0525990979945987
21 1 21 18 94707 0.9753940747033334
27 6 18 2 30748 0.9087201510842909
10 9 3 15 38028 0.9890510888878399
10 21 21 17 52697 0.9066106391917798
25 3 22 23 97291 1.0967535735067253
24 9 4 7 65090 0.9414248831757095
15 11 13 24 52221 0.903616244573439
10 0 28 21 122412 0.9243770917480083
0 2 3 28 83992 0.962201140138281
26 3 16 26 111072 0.9218501835351735
29 1 13 9 77291 0.9451342682086908
12 6 2 10 33806 0.9037613625876422
22 27 6 5 115764 1.0653217047386632
13 20 17 5 61008 0.9617078131948251
18 7 26 15 65869 0.9960272405602297
14 10 14 26 49184 1.0214277348710004
16 13 29 13 38066 0.9888525385127351
5 28 25 28 55415 0.9041736950026339
8 14 22 24 80594 0.98108226993995
14 15 0 12 55461 1.0358015719528115
11 21 20 2 92034 1.017151106120712
1 2 20 22 107811 1.0066572625526364
21 11 16 29 92575 0.9520533118874523
27 7 5 7 58385 1.087835493908
21 0 4 18 96332 0.90644081503332
14 19 25 18 44769 0.9126638784521665
29 27 28 0 119629 1.0071436678441286
9 6 5 25 58927 0.9002774679286492
27 20 1 4 112619 0.9227562043585165
25 1 2 28 128959 0.9453782882414813
22 18 0 29 93641 0.9938714310555581
8 28 24 22 70651 0.9963210898616084
10 9 6 22 52150 0.9132333961050643
12 8 15 27 69533 0.9487755047364159
23 3 25 24 102615 0.9778282279155823
28 15 1 7 110799 1.0498624821349454
7 17 29 16 86039 0.9276056490563783
25 0 29 11 52524 1.0176391389151234
3 18 10 13 41208 0.9958730846526953
25 20 7 29 72406 1.0554839506045444
29 1 12 21 115645 1.087876263299827
18 10 18 25 84348 0.93190307508682
27 4 8 9 60837 1.042120456806693
29 8 3 3 83085 0.9843385305246677
26 16 21 29 74420 1.0611947169911158
3 2 26 2 78119 0.9938743171620372
27 15 11 4 84577 1.0800702686493318
29 15 28 28 60812 1.0962221965356336
7 25 28 10 111879 0.9437799857429653
20 5 1 27 97948 1.0091760370914609
28 19 4 4 114310 0.9321934945263468
2 13 23 20 80624 0.9825204933854146
24 22 1 1 123466 1.0730239107217885
4 10 23 0 81306 0.9562264728126102
4 14 1 5 35256 0.9084697756218626
21 12 20 2 60738 0.9901193762573838
3 19 0 28 35956 0.9469711893712536
24 21 6 8 95254 1.0907768136774196
26 21 3 24 88810 1.0565566867753835
16 26 14 0 92689 0.9383397334708513
0 13 23 6 77709 0.9379310172530131
4 1 6 16 53821 0.9081852001816377
28 22 29 9 73284 0.9092746544538516
7 17 10 3 54088 0.9530472861901818
11 6 0 1 39945 0.9926185774857446
1 22 8 27 37097 1.008823601703295
21 19 5 15 61685 1.0710825795296555
14 25 28 18 65010 0.9169737927892212
1 26 6 9 57733 1.003297093352259
20 23 29 9 98343 1.006821707924516
28 29 27 11 70005 1.0761206003596158
26 23 2 14 106941 1.0471476561223245
27 25 5 19 87502 1.0189485933348532
25 1 21 16 72129 1.071736439609862
9 22 3 13 40356 1.0436068111723351
23 20 10 12 63601 0.9381204314294738
4 14 20 9 71964 1.0235904447198647
2 4 29 6 69048 0.9616187583139402
27 2 22 29 132910 0.9505638980639801
3 5 24 24 113358 0.9776618631751945
8 13 13 29 54436 0.955912997339102
6 25 9 16 41412 0.9721170367641898
3 18 19 2 92266 1.0267096194686263
7 17 28 14 78504 1.0769377728957528
26 8 10 21 93958 0.9270041410122348
11 2 3 26 98861 0.9510799024923
8 20 10 7 45667 1.0745576163731483
9 15 27 19 70486 0.9781164184760262
29 19 9 19 65933 0.9367976243171703
21 27 27 20 49043 1.0976109607913171
13 23 20 8 80049 0.9768328996446742
10 0 4 8 41760 0.9650319996779285
0 4 9 13 50778 0.9190763751797854
4 8 6 22 48866 0.9172361037192587
27 15 29 24 46585 0.9856507514821418
16 11 8 5 42357 1.0603211331221127
15 20 7 17 32549 0.9530312491180396
22 6 17 11 36436 1.0769044737033349
19 13 28 5 60364 1.0855701771792579
27 28 0 20 96931 1.026957366107402
24 18 29 3 91385 1.0083220192785105
29 22 6 25 95251 0.9135739164890023
13 25 22 22 46562 0.9097572682340425
22 24 10 24 69410 0.9222672839145455
7 13 5 3 42685 1.0130195365858443
12 22 1 2 82882 1.004738254449669
6 26 20 11 99252 1.0835985832674064
24 6 2 18 90622 0.9301924783709462
16 12 1 10 60848 1.001875939141514
27 3 3 19 109891 0.9481481679931936
27 26 1 26 85862 1.089465775899774
10 29 16 11 73839 0.9224685760146115
16 9 0 16 73752 0.9406628964608834
26 18 24 28 54789 0.9939114678918906
23 23 11 4 99919 0.9561291528966457
9 15 23 27 82991 1.022345469419154
11 2 17 24 100962 1.0854415682628018
1 23 18 16 73933 0.9059046922263205
18 19 23 25 43977 0.9858059749064413
7 22 17 5 74109 1.0884563332740371
24 21 25 1 89926 1.0781748275299172
11 21 24 12 70477 0.9209611379951208
13 0 21 18 86509 1.052713556176555
4 20 26 19 67759 0.9080906791080974
24 18 2 18 83956 0.9302065949309312
2 18 20 23 79989 1.0787465716471674
6 5 19 1 51836 1.030924081080743
12 19 27 7 86426 1.0283035306352828
23 23 11 7 94640 1.0317695195270271
28 28 13 14 84121 1.0222043244132482
22 2 8 16 81634 0.9865990974162194
27 19 9 1 113036 1.0448604302943751
9 2 16 20 77093 0.9969975229056024
4 21 13 1 81552 0.9791000182579518
18 12 28 23 77756 0.9593408873602876
5 21 9 27 31529 1.092362120308758
14 22 6 19 36095 0.9826774407686909
14 2 10 26 86158 0.9808896040764603
14 9 17 22 52667 1.0043541124981337
20 29 23 19 52059 1.0878780703281241
25 6 15 23 84059 0.9250291869311396
6 29 20 21 59236 1.0124842970170131
17 29 26 14 95433 0.9848063848504164
20 5 24 22 86012 0.9513136895185963
26 19 24 0 90642 0.9223015328869729
28 8 13 1 63035 1.0463347858175776
13 29 5 26 24598 1.014881856054334
25 3 25 14 54539 0.9868346329088857
12 19 9 29 40405 0.9277094286345584
7 12 11 27 54507 0.9947280191445539
22 4 11 5 40521 1.092596609950643
7 7 1 17 47586 1.025662350213664
16 9 18 18 58680 1.0257375575176195
10 3 21 26 113625 0.9088362238128472
4 19 7 7 50212 1.0186685909848354
17 16 22 23 55712 0.9129349733351971
16 22 28 24 51593 1.083327460433404
7 24 29 12 104363 1.052986730706875
21 25 7 19 70643 0.9682631587347321
5 7 12 26 77125 1.0523028397174963
12 28 16 13 64891 1.0808248329622976
2 29 6 4 78488 1.0670147326720363
5 23 14 16 47051 0.9385580991550704
25 22 10 17 61965 1.0480675424264385
28 10 20 1 57431 0.9742758793436367
4 9 28 4 78899 0.9673659127108744
24 16 7 17 61615 0.9413634780192471
26 2 22 17 77367 1.0240375610487267
10 21 22 16 57302 1.001335167253302
0 23 19 19 69318 1.0671345509022012
16 9 16 21 56729 0.9734025738208558
23 26 11 2 122245 0.9418208320606836
14 29 27 15 86122 1.0449621293889626
8 1 10 26 74570 0.906613455097727
4 12 22 17 74463 1.0429005915429423
28 23 9 3 119915 0.9541693359821813
19 7 3 6 43186 1.0419393914891142
29 17 29 3 84874 1.0670441813656792
27 17 3 17 90187 0.9259370104836685
18 2 17 26 96480 1.084182183960899
21 15 21 3 68032 1.0927498043566635
6 20 29 15 93061 1.01932432621337
24 8 22 16 47089 1.0123150652870403
15 3 21 10 48121 0.9163178897645765
22 16 0 3 98223 1.0692666709517864
15 26 25 29 38713 1.028601633356574
15 11 28 3 71633 1.010214604867221
5 21 2 2 56888 0.928130370428272
15 0 9 4 41517 0.9801653825644217
14 12 25 26 83189 1.011267192383739
0 21 6 4 64475 1.0104028966620713
13 10 5 12 31752 1.0072512383293526
11 29 27 20 68193 1.0159120825076173
13 6 7 25 71456 1.07443952105376
14 6 24 10 38324 1.0694358027155058
13 18 7 9 53246 0.9243360527876193
13 28 2 24 52863 1.0254923903253388
10 4 28 22 113300 1.0224375254744111
23 10 18 22 74136 1.0637097140946898
4 22 15 15 50072 0.9217489307412677
0 18 29 18 106662 0.9070459692882821
9 19 16 23 37013 0.9167289361479624
29 12 4 19 94519 1.0230008923339007
13 6 25 20 77788 1.0412653538968226
1 25 10 16 51461 0.9500227267316524
24 19 13 16 49499 0.9471658756422241
29 0 19 23 131414 1.0956000707713514
14 14 26 22 62792 0.9445450695025979
24 13 11 14 49861 1.016292145077917
7 20 26 25 82896 1.0223108554074611
5 13 18 6 50958 0.9513957523681774
0 13 19 27 90890 0.9584418590927872
16 3 8 11 44611 1.0875059644229403
11 6 19 13 52862 1.094884618334545
10 7 8 28 76423 1.05247218082077
6 26 29 18 101474 0.9315077286206769
28 16 1 9 110498 0.928265363130334
5 26 20 22 62537 1.070916366088147
23 6 2 17 84373 1.0408936887132385
13 10 23 1 56839 0.9434797914528297
24 24 10 23 66562 0.9610650701683424
9 5 25 9 53778 0.9350229585818712
13 15 12 0 56442 1.0070222638937936
19 19 10 3 89061 0.9085655968538514
24 27 10 29 40834 0.9247641390717433
22 2 7 26 118842 0.942482965677296
29 13 9 4 87077 0.981731013872383
9 18 29 21 66740 0.9518624103814763
7 24 18 13 74309 1.0953723374755742
18 25 22 3 119931 0.9710247046672572
3 0 11 22 78678 1.065177071349686
4 29 19 28 37766 0.9772325698975137
28 2 8 8 73521 1.0378302551236385
17 11 22 27 93210 1.0963261469487176
0 0 21 8 83476 1.0461266848647561
15 11 3 11 45229 0.9700725418600927
5 2 21 19 95814 0.9291869276086185
24 10 23 1 38551 1.090810321828799
12 23 17 16 48945 1.0028588474549516
23 2 14 10 49299 1.0446911580802203
23 2 6 26 112756 1.0717356881527795
12 25 7 12 59012 1.0011265361341417
3 21 8 2 65294 1.0050437843324556
22 6 26 12 40771 0.9953283472928174
8 26 28 20 73452 1.011602718743602
18 6 26 28 119572 1.0640791528567954
18 29 18 1 105645 0.9057317945161993
15 24 6 29 39210 0.9981143027040039
17 29 1 16 63822 0.9020141629411544
28 3 12 11 72206 0.9295628468453799
26 15 18 3 71658 0.9128498460948493
15 11 1 23 74739 0.9668721797254545
6 11 14 18 44651 0.9321872008119588
13 0 16 16 61442 1.0336297601610451
10 27 0 18 58951 0.9533079322759209
10 8 27 23 103368 1.025180016098643
19 22 13 5 74512 0.9169537533972033
29 3 29 29 126608 0.9354270856205585
24 27 12 22 61791 0.9831749352961892
28 17 17 12 55870 1.0413500765202879
18 12 4 8 69141 1.0077929308175217
2 18 18 9 87435 1.035799417902957
7 19 26 16 77723 1.0897016371240626
10 0 18 4 46883 1.016693975446461
0 9 21 10 77734 1.0765898953483046
5 7 19 29 94102 1.0599800354060118
24 6 20 17 63668 0.959337991412493
25 7 2 16 87571 0.9022181003111728
23 18 11 6 74155 0.9179962683640414
23 6 28 0 36741 0.9360202091948332
11 19 26 15 71547 0.9792587798458173
25 15 7 12 66440 1.05375022579737
4 13 17 3 67161 0.9394755542448842
1 9 2 28 64899 1.0779815734910343
2 13 25 15 82497 1.0400886646593557
3 12 22 12 76020 0.9088852055910993
25 26 4 19 88837 1.092119660963119
23 21 12 4 86383 0.9553941160326208
25 20 3 25 81047 0.9528251003092635
22 19 29 27 47757 0.9173507975442335
22 5 29 2 43705 0.9114317816431698
27 23 3 1 126464 0.903146359563337
1 0 22 7 74232 0.9524606252973237
19 23 21 4 98222 1.098896138672365
20 12 10 18 58287 0.9593502249908893
7 29 4 6 71490 1.0806500620724284
6 28 21 29 41498 0.9362429890390744
11 20 3 11 43581 0.9765592431365879
24 29 24 9 96585 0.9755481333419107
27 4 1 23 112444 1.0703250038371173
0 25 17 19 69714 1.0163799963414715
8 2 2 29 80801 0.9019665594520394
18 17 18 6 62158 0.9068274939424107
8 19 17 13 47448 1.0805429707258165
7 8 17 27 87295 0.901108032782875
12 4 20 27 99829 0.9132947967153305
1 4 11 6 30644 1.085449271831931
11 29 19 3 101271 0.9684252534885234
28 13 3 9 90323 0.9595230251444951
15 27 15 11 57769 0.9085166362324426
2 15 22 7 76739 1.0220744351721147
22 16 5 19 62981 0.9765549484661198
26 19 12 26 65361 0.9794382503553468
11 4 21 22 94240 1.07433721529963
5 1 18 18 92901 1.007829930430261
15 9 28 12 57318 1.0920448341226394
13 20 17 8 55392 0.926182001367986
1 9 1 24 51789 0.9003416272282134
22 28 4 1 125478 0.9424400666025482
5 20 27 9 97031 0.9351579598071776
5 7 23 18 87537 1.0001134449344553
11 3 0 19 79342 0.9414541481761632
29 24 17 2 122960 1.0651242646979062
10 26 6 15 41898 0.9156620258457172
13 18 8 12 38910 1.0654916855853886
29 12 24 3 54653 1.053434297121995
28 14 8 6 80658 1.0810327686172294
25 5 14 1 44343 0.9646150552619744
19 17 7 6 70076 1.007804631223006
9 29 17 20 45439 1.0533659134390474
0 6 6 14 48567 1.0385477012015274
6 0 20 9 73403 1.0862642652668206
8 24 6 0 77850 0.9972703573307635
