3531 4534 3847 5184 4541 4035 5139 5238 3939 4523 3164 4582 3381 7079 7818 6468 6492 7709 6839 8143 7568 6952 7277 8086 7006 7665 6915 7445 6789
3978 4052 5309 3242 3677 5666 6894 5822 5970 6005 6426 5596 7317 7232 6488 6353 6790 7011 7204 5786 6843 6053 6286 5462 6936 6220 5332 6228 7356
4212 3655 3660 3267 3582 3204 3953 3105 3733 4001 2826 4759 3187 4472 2914 4314 3642 3372 3466 4771 4098 4498 5063 4096 4298 3816 4765 4808 3323
6446 6852 5587 6321 5667 6589 7226 7177 6039 7392 7535 7521 7217 6284 5936 6402 5555 6560 6412 6629 7241 6683 6496 6065 7201 7290 6262 6829 7090
5992 5273 4446 4444 5739 4358 4636 5219 6042 5064 5693 4174 5406 5216 5258 5331 6001 4291 4694 4515 4815 4622 5675 5029 6321 6101 6647 6782 5220
7830 8087 7541 8679 6764 8562 8589 7573 7135 7507 8486 8193 2271 1890 3263 1662 3144 1706 2795 2194 2158 2118 1487 3258 1419 2720 1760 1629 2741
6744 7126 6425 7115 7555 5769 7315 7795 7565 7495 7083 6076 7566 7584 7184 7608 7087 7626 7265 6061 7681 6190 6378 6827 6771 7605 7785 7942 7033
8396 7497 6602 7654 7019 7810 6546 6546 7402 8292 7506 6791 7068 2352 2912 3406 3300 4187 3708 2367 2867 3766 3179 3792 3416 3681 3923 2460 4298
5804 5857 5154 4188 5627 5855 5553 4754 4597 6676 5993 6383 6322 6150 5558 6630 5835 6893 5861 6589 6408 6282 7108 6045 6364 7004 5656 6325 6761
7206 7197 6892 7018 7549 6161 5975 6388 7300 7569 6480 6543 7496 7871 7049 6214 7811 5926 6657 6435 3588 4164 4147 3574 3069 4129 2898 2620 4199
4679 3569 4311 4112 3580 4278 4056 4363 3440 6004 7189 7493 6352 7761 7165 7548 6405 6413 8003 6158 7306 7651 7162 6598 7036 8049 6611 7978 6303
6806 8403 6973 2488 2369 3778 2929 3310 2432 3125 3244 3645 2705 2417 2488 2463 2957 1978 1899 2155 3062 2107 2056 2191 2743 2170 2260 2223 3822
6987 8344 8237 8175 7197 8432 8653 7994 8484 8864 4891 3408 4368 4982 4006 3322 4991 3657 3590 3990 4220 4498 3933 3194 4216 4689 3141 3859 4064
6637 6991 7076 5416 6683 6830 5753 5590 6280 6678 5538 6890 6093 5579 7301 6819 7141 2886 4484 4193 3748 4661 3069 3317 3614 2782 3912 3617 4699
3126 2245 2967 3473 3184 1620 1764 2851 2433 3155 2096 1871 3499 2615 3216 3370 1842 2877 3056 3080 2152 3081 3022 1615 3123 6323 7419 7737 7171
3661 3934 4444 3736 4688 3821 3675 3391 4454 3335 3951 4502 4630 4058 3318 3570 4394 4340 4942 4673 4553 3646 4301 4964 4109 5034 3346 3238 4684
5014 6070 6210 5731 5400 5118 6471 6067 6360 6037 5063 6601 6211 5678 4972 6675 4671 6723 5683 5186 5796 5857 5550 6152 6042 6395 5794 6447 6726
3951 4731 3783 4420 4622 4096 3993 3562 3570 4497 4096 3340 3839 4600 2885 2914 3831 3372 4871 4155 4364 3678 4419 6435 5312 5233 6179 5601 5613
3907 2750 3178 3599 3308 3946 4647 3365 4653 3098 4604 3998 3565 3025 2767 1328 1504 1828 2906 2588 3146 1695 2230 2509 2968 2622 2288 3142 2810
5137 5767 4558 4168 4407 4808 4628 5459 5841 5719 4296 5128 4180 5108 5657 4498 4447 5226 4519 3878 5475 4723 4246 4486 2825 2241 3279 3035 3551
3571 3781 2613 2502 2956 3204 2838 3765 4058 2976 4195 3026 3138 4305 3360 2470 3201 4124 3889 3958 4157 3591 2619 3732 3340 2794 2686 2997 3670
2083 2720 1672 1906 1839 1826 3332 1614 3211 3294 2585 2486 3497 1750 2724 2549 3078 2752 1652 2862 1617 3608 2330 1606 2674 1563 3240 7437 6343
6009 6082 5983 5785 5202 4167 4639 4692 5944 4201 4522 6112 4095 4770 5311 4065 5703 5718 4525 5434 5330 5648 4470 5966 4215 4259 4597 6064 5377
4343 3594 4736 3225 3956 3834 4679 4204 3168 4336 3127 3100 3662 3642 4638 4547 3182 3169 3341 4855 3718 3144 4342 3589 4105 4326 3365 4889 3782
2601 3158 3796 3616 3843 3649 2499 2570 3293 2427 2390 3976 2635 2050 3261 2095 3046 1857 2717 2180 2843 3269 2020 2711 1500 1642 1844 2605 3275
6615 7411 7027 7424 7897 4113 4465 5104 4368 5578 5616 4923 4239 5208 4069 4509 5076 6045 5358 4225 4634 5138 5870 4659 4823 5593 4767 4011 5356
3296 3847 3064 3253 4140 4022 2605 3838 3801 2977 2513 2401 2852 4429 2687 4245 3004 3218 3856 5347 5758 6051 4637 4367 6057 4147 6126 4918 4132
2419 2684 2812 3003 1984 3239 3320 2747 2271 2124 2224 3052 2226 3008 2215 3543 1559 3533 7031 7538 7875 7021 6865 7895 7722 6555 7202 7342 7350
6582 8248 7072 7732 7022 7386 6757 8156 8014 8455 7876 8315 7182 8255 8634 7791 7513 8140 6925 8483 7303 7015 7032 7775 6741 6591 6673 8231 8158
4187 2679 3143 3014 4484 2919 4252 3177 3694 4451 4118 4200 4462 3584 8669 7105 7702 8221 7930 7094 6982 8050 7741 8648 6783 8499 8062 8256 7786
6865 2826 3713 2734 3507 5607 6754 5388 7448 7203 5943 7148 7899 4490 6358 5760 5529 8570 5219 2963 6215 3209 3674 7026 6723 5288 3775 6770 6515 6270
5070 4560 4419 2612 3294 5535 5697 7054 5881 7530 3937 7036 6555 3807 6411 4859 4909 6772 3390 6800 5839 4006 3603 7947 6081 4293 4040 7876 5916 6557
5170 4212 3574 2581 4327 4900 6444 6062 5930 6188 5849 8368 6555 4848 5579 5364 4719 7872 4195 7022 5209 3839 3932 6792 6619 5040 2290 7935 6600 7702
6341 4135 3544 3780 3858 5151 7390 6448 6159 7206 5901 7176 6948 4662 6293 4830 5687 8237 3945 6288 4717 4849 2907 7222 5884 5437 2372 7094 6848 5888
5414 3411 4298 5471 3329 6267 8138 7174 7430 6262 5174 8185 8121 4127 4690 5332 5623 8256 3811 6707 4577 3181 4171 6067 7566 6128 2283 6229 2015 7216
6642 3162 4208 4420 3306 4265 7344 7378 7663 7583 4797 8379 7057 5674 4544 6217 5687 8708 3820 7176 4762 4703 2898 7414 5651 5824 3127 5867 2532 6702
5693 4012 4813 4726 3374 4501 7999 5920 5982 7449 4984 6848 8284 4582 5972 5396 5893 7397 4910 7231 6293 3171 3365 6279 5816 5883 3549 7444 3231 6927
6917 3005 4384 4129 7098 5100 7073 6206 6768 6886 5090 8404 8216 3757 6189 5185 5169 6950 4027 7091 5308 3399 4334 6535 5939 4326 3001 7825 3355 6641
5315 3084 4699 4254 7314 5619 7256 5974 6389 6859 4631 6560 6480 4207 2105 5616 5382 8576 5668 5848 5917 4233 4527 7453 3889 5772 3163 6422 3322 7471
5639 3648 5513 4372 6479 5151 8005 5353 5938 7131 5123 7081 8155 4004 1511 4923 4542 7439 3833 6684 6222 3906 3460 6307 3707 4506 3294 6808 1660 6162
6859 3801 5856 4884 6622 4270 7796 6755 6457 6282 5974 8112 8187 5364 1395 2177 4941 6859 4187 6747 4738 4323 4230 6336 2287 4422 4090 6539 3121 6944
6681 3345 4818 4463 6062 6119 7590 5902 6893 6336 4308 8132 7527 4757 2017 1628 6356 6938 4748 6223 5080 4264 4361 7257 2983 4583 2232 7714 3343 6646
5385 3447 4689 5346 6993 6168 8576 5856 5809 5881 5056 7823 7684 4813 1939 2394 6544 7215 4301 7333 6178 3621 3844 7607 3065 5526 3777 7677 3232 6132
5956 3663 5771 4056 6677 5472 6637 5522 6625 6578 5273 7594 6629 5643 2181 2903 3350 6768 3877 7273 6006 3419 3840 6556 3243 4831 4083 6996 2018 6994
5488 3371 6075 5564 7484 4444 7209 5306 5874 3906 5891 7749 7859 4489 2312 2114 4556 6951 5006 6924 4896 4022 2862 7321 2560 5020 3715 7595 3282 6518
5195 3635 4545 3858 7524 4517 7917 6528 6530 4845 4744 7368 7626 5349 2589 1834 4914 8187 5257 7475 6260 2600 4523 5427 3371 5426 3929 6499 2405 6354
6090 4370 5239 5358 7156 5409 7219 5815 7363 3979 4294 8348 7139 5186 1236 2009 3334 6899 4683 6386 7732 2759 2898 7221 2509 4891 3882 7610 2855 7590
5645 3494 5092 4462 7628 5433 7497 6009 7720 4711 4824 7727 7764 4631 1480 2916 3447 6630 3996 6163 6513 2640 4153 7337 3435 5985 2621 7820 3026 7249
5270 2862 4798 5212 5915 6059 7993 6071 7230 3697 4170 6869 6033 4639 1626 1950 3497 6909 5756 6864 6283 2498 3217 6334 3384 4482 3014 7271 2617 6056
7015 4042 5342 4210 6107 4192 6681 6034 7148 5164 4252 7797 6803 3787 3042 1746 3610 7628 4469 6023 6298 3002 3618 7059 3313 4221 3631 7004 1691 7710
6795 2588 4567 4872 7468 5868 8301 5658 7705 3148 5943 7333 8036 2249 2971 2197 4653 7162 4425 7011 5902 3295 4433 6789 3719 5498 3838 6795 2099 7079
5325 3401 4637 4842 7603 5491 7373 6502 5911 4257 6971 7237 6298 4033 2794 2555 3159 7895 4779 7076 6082 2628 4906 6387 2697 5448 2633 7696 2630 6706
6142 7700 6362 4445 7032 4930 7021 6017 6731 4436 7699 6857 6210 3900 2307 2101 3306 4345 5319 5994 7838 3510 4078 5780 3826 4121 5062 5972 2985 5797
6379 8291 4885 4007 5793 4991 7274 6437 6629 3467 6759 7385 6959 2953 2286 3351 3549 5425 5678 6446 6655 2311 4669 6732 3782 4252 6227 6111 1659 7086
6066 6809 6113 4754 5826 6278 8029 6679 7062 4904 7181 6703 6959 3979 3040 2887 4333 4329 5022 7418 6182 2210 3910 6041 2442 5156 6670 7707 2410 6935
6299 8436 5181 5049 6409 5022 7811 6396 6059 3253 8054 8472 7363 4255 2132 3245 2993 4051 4568 6997 6107 2707 2956 5421 2710 4453 6943 6413 3334 7335
5840 7027 6387 5187 6837 5862 8107 5411 7190 4649 6615 6010 7386 3176 2433 2640 3142 4270 4416 7341 5911 3632 3330 5747 2035 5635 6618 7610 3305 6013
5810 8561 6160 4100 6460 5261 7946 6903 5834 5160 6652 6312 6973 3869 1255 3300 3618 3835 5274 7744 7391 2296 3701 6584 2682 6031 6661 7670 3635 4750
6392 6921 5300 4935 5857 6046 6713 6597 7136 4457 7815 6169 7412 4210 1450 1865 3963 4905 4337 6357 6152 2524 7635 5834 2259 1342 6180 6527 2954 6077
18 15 29 16 33796 1.0657665709312123
24 16 21 4 38177 0.9912979447407471
10 26 2 29 35975 0.9117325577982677
16 9 15 28 67585 0.9117403203909997
17 18 4 18 58128 1.0629199643535023
6 28 10 8 71466 1.0639651569876745
14 26 24 2 92219 1.0631722217744717
3 3 26 10 113853 1.0950787168600955
6 15 26 0 98846 1.0245486429878061
0 1 20 26 126283 1.083835737357612
15 1 24 0 40920 0.9904528155665955
6 7 0 18 75996 0.9788610937876914
26 22 16 16 46132 1.0880958890114387
5 16 7 3 74936 1.0619968598301104
26 28 4 23 73660 1.0721820578490273
20 26 8 3 94288 0.998200003495894
14 25 28 8 79080 0.9385555872335128
8 22 0 16 49265 0.9730724502016694
29 1 20 20 80566 1.0973905520554248
22 13 0 22 86219 1.0447665459822646
16 10 7 7 58427 1.0559542650588052
4 12 11 27 61831 0.9497472295622745
14 28 5 17 49058 1.0591182421997751
9 7 10 19 51518 0.9854970474468249
4 5 24 12 96223 0.972281963609414
14 3 17 25 67426 1.035389192095269
15 0 3 26 100090 0.9667613198302843
0 2 14 27 125201 0.9221862886870499
4 21 14 19 43452 1.060459027775017
22 23 0 3 125654 0.9034491243654298
9 28 9 15 42145 1.0404715448651602
19 20 16 28 31308 1.0423010851360712
7 2 21 18 86283 0.9598395476718096
23 13 0 9 91326 0.945750610302689
1 27 12 7 91590 1.0437430717152383
9 20 29 18 79128 0.9604705557329406
9 4 3 10 60033 0.9910398592097505
2 24 11 11 69692 0.9125069236126797
9 12 12 25 48828 0.9178639220599164
28 25 14 23 50821 1.0707032388507378
2 19 13 22 53875 1.0981845420133498
24 8 18 17 35607 1.004400745525796
6 13 23 13 48270 0.9593026273108175
1 15 10 9 66782 1.0482216220602765
28 8 8 20 87941 1.0706904048174433
2 17 10 2 87949 0.9379973504757082
10 7 28 28 101067 1.071499861246688
6 28 29 5 119344 1.06918416503106
24 28 3 19 82801 0.9283104659820705
12 22 13 10 44845 1.0310472699796533
8 11 1 3 65245 0.945779382819655
19 16 10 22 41474 0.9015248845298105
20 2 2 5 82644 1.093481756876043
26 21 24 10 33967 0.9531391455188432
28 15 17 20 42639 1.065783385260013
2 27 15 25 50576 1.0096648962877735
20 20 4 14 64265 0.9545382191200402
3 24 18 4 110103 1.0624430345416553
24 26 8 22 61493 1.0862506910273293
17 25 2 16 78334 1.0584549738639
21 23 10 23 41715 0.9666221670520091
26 7 0 10 113430 0.9194389679351465
13 3 9 10 41337 1.048404571019645
18 29 2 15 83768 1.0401096407995207
17 29 27 14 63002 0.9200595763824405
23 28 4 5 122055 0.9808757722696426
20 7 27 12 42849 0.9019951131181304
15 7 23 28 76986 1.0992814213082793
29 9 14 14 52499 1.074899611014743
8 6 11 19 56298 0.9155213715526571
13 8 1 20 85253 0.9856050146798665
20 8 16 19 47776 0.9731338262612662
10 11 23 26 73279 0.9532595736153169
25 15 24 24 25625 1.0875291024617573
14 20 29 22 52836 0.965917731218804
4 24 3 10 58542 1.0485291481663128
19 17 11 25 47720 0.9913436153171054
0 0 5 18 78177 0.9402095701947457
5 11 13 13 43605 1.0587286613524731
0 13 5 8 46322 1.0017568072248255
8 4 15 29 97563 1.046855575343496
13 22 15 11 41920 1.054580342022187
8 28 17 14 53129 0.928093400496346
14 19 0 27 69053 0.9819674393288963
6 7 2 21 76023 0.9568843414172755
3 0 22 21 112347 1.023069852565272
3 24 2 13 51325 1.040832896819299
16 26 23 15 42376 0.959659554706583
21 17 7 24 61100 0.9247156158696614
22 21 16 12 40403 1.0797144125260962
5 18 17 20 55931 1.078807946002793
5 23 12 2 86476 0.9174614584457981
11 26 2 5 92443 1.0131084768099807
9 15 20 24 49329 1.0477217093580864
22 27 29 7 79795 1.0339151371099755
19 14 4 12 48519 1.0548128738905564
12 9 1 21 75985 1.0034585801127067
10 16 21 29 65653 1.012354191485531
5 29 11 22 33605 1.026487634685262
25 1 15 3 55029 1.040791536213146
27 28 29 0 98486 0.9304918618867002
12 28 24 23 40801 0.9124645154846656
23 11 12 19 52852 1.0796961908830918
29 8 17 23 73121 1.0656528473723117
1 3 18 14 87425 1.060515943687918
10 7 0 9 69759 0.9822308043742382
9 0 18 25 91433 1.0163934003808697
16 21 24 17 32240 1.0048132579185705
1 23 27 16 102347 1.016241083861087
14 4 3 0 53844 1.0503987408763993
29 2 10 7 105324 0.9124255194520147
11 28 3 4 100738 1.0315949498556234
19 25 12 6 71824 0.9346409647934646
0 9 21 29 120919 1.056562187311697
1 16 23 12 81377 0.9770223917642231
8 4 21 19 80697 1.0789884015967224
23 7 11 21 68072 1.0661269175675328
23 0 1 0 89375 0.9117545873775336
6 24 22 7 91326 0.9008574079745055
11 19 5 8 68550 1.0071926283300905
11 25 15 1 69380 0.9599268237366905
15 9 24 8 40997 0.9746915011486246
25 21 21 6 49365 0.9727349646002748
11 1 20 18 68103 1.0513392215513944
3 26 20 25 58211 1.0310076307931155
12 15 4 8 58228 1.0158194382485797
10 0 26 29 117197 0.9441110617603136
14 18 25 27 57865 0.9192907109414611
29 15 17 18 36493 1.013347363971236
21 0 12 8 56983 1.0528575266817604
25 23 26 2 74383 1.0104581082833881
24 11 27 26 56124 1.0398462406074882
25 18 12 16 43412 0.9525480672869461
2 15 13 0 89497 1.0248383712923974
20 13 4 10 65733 0.9524540390547793
20 2 9 3 52063 1.0049874304071567
28 26 9 20 83259 0.9350461223307314
5 21 24 2 104162 1.039746116753428
16 11 8 16 46206 1.0384043585584921
26 22 17 14 43020 0.9632349405952048
26 1 22 17 65333 0.9056257656670562
22 21 3 12 79164 1.0165283105176937
25 26 1 3 136642 0.9529533490838522
24 7 12 2 66764 1.0400971118150049
15 15 23 19 31358 0.9714322361585437
27 6 21 2 38182 0.988486602887616
24 22 15 0 83096 0.9857951259043494
26 22 9 16 66517 0.9958962985971438
17 9 26 25 72366 1.0091752587190448
16 18 24 27 47549 0.9456613240368869
20 3 20 21 52741 0.9749975313906896
13 2 0 18 95487 1.0678549599315865
14 4 2 17 77537 1.0214759565826435
19 8 13 13 43205 0.9567660984050104
16 19 19 0 71138 0.9452656152141063
10 20 29 7 84185 0.9329595221766255
1 29 27 2 143286 1.006015748020416
17 3 1 10 96044 0.9326693202806119
23 6 2 11 100938 0.9238517666871887
26 25 23 10 52000 1.0571562725638937
17 0 9 17 77443 1.0114308220614978
1 24 10 23 51059 1.0230120919095627
17 3 5 20 85958 1.0330981894844045
27 27 19 8 85133 1.0674620299498505
5 22 19 22 52512 1.0981494703681878
3 9 17 27 104830 0.9562619399069863
26 12 6 16 64644 1.0106649522552307
5 16 22 13 53817 1.0146715842902871
3 23 15 8 82010 0.9054093520846729
29 22 23 15 39508 0.9714184492787722
10 11 10 0 49230 0.9134030308506959
22 3 13 10 56448 0.9699771425087594
21 11 26 16 27224 0.9652427162757713
25 26 1 26 76556 1.0640366923623417
14 8 3 19 67465 1.0165335036290408
2 29 13 28 42582 0.9049551756756252
20 15 27 29 56422 0.94099716491253
12 8 18 19 46053 1.0785329885928923
23 9 14 6 45191 1.0319335084123713
12 24 5 18 39309 0.9445382873116268
3 5 16 24 106487 1.0137737461768555
6 21 12 0 90041 1.070649871662332
6 15 15 1 62789 0.9678507516467816
12 22 9 7 56456 0.9908576543365786
8 23 8 6 82614 0.9554152971966611
4 0 26 23 128137 0.9049478459413366
8 3 12 27 79594 0.9528134373723025
3 9 22 27 111211 1.0317680406068417
20 21 26 16 31713 1.0536375787096137
15 2 19 8 44124 1.083880356593592
3 14 9 10 50065 0.9364374038567116
2 7 21 5 96745 1.0066251377315467
10 20 22 11 55041 1.0352341593164114
19 15 2 6 81278 0.9054365880582241
23 8 3 10 95773 1.0274411823191443
9 9 12 22 52019 0.9868183641636508
20 6 26 25 71428 0.9353467588782842
28 3 0 28 147125 0.9215304088607768
3 8 25 29 128697 0.9870643183254277
10 20 3 6 87929 1.0438034368951292
18 18 28 11 42867 1.007082764567986
27 10 14 16 46362 1.0228877012347133
6 22 15 5 71510 0.9680990376745883
7 8 27 22 101744 1.0923274090560045
0 10 3 22 58903 0.9761601911165898
19 5 22 12 34706 0.9788573281771307
6 29 14 14 60611 0.9215492598030879
25 27 6 1 121493 0.9547541057030744
3 9 21 1 101634 1.0471932863716806
5 11 10 23 56972 1.0294194220000425
26 27 28 10 69019 1.0288433691723222
23 12 29 28 57893 1.0282720438273572
8 27 15 8 72152 1.012065592155287
24 0 6 7 104282 1.0881174012244061
2 1 21 22 111093 1.082958336388359
21 8 8 7 73307 1.0838056850905466
14 25 20 10 56452 1.0161386367159366
17 2 13 24 77678 0.9046737131631106
4 1 26 27 133626 0.9858733905124221
18 3 29 17 72683 1.0634112641082685
1 13 20 20 78909 0.9825279659485143
10 25 8 14 35532 1.0854141055503448
19 4 6 23 102185 1.0846325381410016
8 1 25 16 85473 0.9474214884054557
3 18 14 12 51498 0.9751139038373681
0 29 15 27 63947 0.9968947676104971
6 0 10 24 91342 0.9076102145341854
7 21 4 5 71405 0.9316399027479967
19 16 26 29 54140 0.9358772617141878
9 12 17 17 40177 0.943441107256531
1 16 10 23 58717 0.9307857280365845
4 29 28 10 110755 1.0214489987806696
0 26 24 9 105511 1.002412226561249
18 28 21 14 39371 0.9520610857364544
13 11 13 21 38591 0.9551511074370314
28 6 18 1 58340 1.066605567747566
21 6 27 22 60620 1.0532379281990463
25 18 11 13 44858 1.0367972612235323
10 26 20 14 50781 1.0134302909479163
17 21 6 15 51969 0.9416098468085148
16 26 25 6 77700 1.0903787001210783
16 7 22 2 44799 0.9527139805288798
15 27 7 1 100126 0.9026411284405702
29 2 25 11 47353 1.09333064900338
9 25 6 10 69270 0.9834080522305897
0 25 1 5 92888 1.0224863449796784
26 11 3 7 108550 1.0513059369106998
5 14 17 27 71270 1.0898035581118228
7 1 24 19 91765 1.0063434219743637
19 9 17 27 58878 1.0261986387109128
1 5 19 24 111185 1.0160129556360005
3 3 5 24 77510 1.0618786267492248
5 0 6 19 97498 0.9424317462163186
23 15 8 24 57098 1.0343509981423193
13 17 28 29 78846 1.044494018829962
0 10 9 2 67905 1.0338044822376486
26 9 23 28 55593 1.0528863893643987
22 28 8 27 43021 1.021588690821031
1 16 24 2 113103 0.9431749841853652
12 1 11 25 73119 1.0714832052498036
29 10 16 29 86039 0.9164262971703256
15 23 17 9 53865 1.0122973130225779
26 26 2 21 94111 0.942758731333495
12 6 18 27 73493 0.9101628556252267
4 21 28 12 90411 0.985975151921811
10 29 0 11 83503 1.0447421254092162
3 12 22 10 78294 1.0451218431910403
4 7 29 24 124618 0.9654656910809969
9 23 6 11 55605 1.0155034019360487
16 28 0 11 94601 0.9408832493603573
11 15 23 24 50268 0.967793613853331
8 25 22 12 69462 1.0764441206271809
18 19 5 0 90720 1.069418873894763
1 17 10 2 94721 1.0311626148135589
23 25 23 8 51864 0.9428088819410915
20 12 7 13 39417 0.9572493552405978
12 14 23 21 41045 1.0107061129319619
29 20 1 15 110874 0.997122319745323
18 7 0 17 99662 0.9837762924441017
28 13 4 1 105476 0.9517597891817822
3 12 15 5 72097 0.9776269573310481
5 26 18 17 63205 0.9745369776450725
18 20 24 5 51647 1.0643047505769632
6 25 9 8 78363 0.9430294938992696
12 6 16 20 64094 1.0155074712107741
3 13 17 4 79428 1.0409440404014128
0 16 28 18 105617 1.077033740670714
22 5 16 9 36173 1.0129599046882658
7 13 17 16 31625 0.9621382674525432
5 1 25 23 115292 1.0872373695638993
17 12 20 3 42981 0.9268923422053448
20 23 26 18 35284 0.9857509757685736
2 17 2 7 36953 0.9812794889865163
7 6 23 25 106682 1.043818851000628
1 8 11 15 64118 1.0701275181180814
1 23 20 20 78802 1.0545011439372587
4 17 28 11 89024 1.0654024390250296
1 22 25 20 86947 1.03231445341636
28 0 18 9 67264 0.9741880753829931
25 3 16 26 85533 1.029871796742482
15 10 2 8 75785 0.9184493960688823
1 8 11 28 88448 1.0197207764628173
7 24 8 13 39593 0.907322235053687
14 3 17 20 55612 1.07430152247748
23 6 11 5 67936 1.0579370540017055
7 11 1 15 47790 0.9005097321114766
8 10 20 21 63060 0.9601166516913676
4 5 29 23 136693 1.0720825470256998
24 12 6 5 85691 1.0377308270713999
4 19 17 17 61900 1.0087164994738567
19 6 23 21 56986 1.0826507458305517
10 27 27 7 91105 1.0503756745435966
8 2 22 19 90627 1.0242466461398718
0 26 14 3 97951 1.0826388087252665
25 11 12 9 63529 1.0243126055601133
0 0 27 7 122426 1.0100330247987435
15 17 7 4 74175 1.0945823387517224
26 13 16 16 33714 1.0535991264375264
21 26 3 7 113621 1.0512285257733742
21 24 28 16 42722 1.034021517282247
21 28 12 7 77443 1.0319303828256259
0 19 18 13 73450 0.9807595402896638
21 4 14 8 43705 0.9590386152148941
4 26 18 4 101928 1.0268285478593149
19 17 28 16 36664 0.9021493560866615
29 25 9 23 69407 1.0662242502889145
17 2 13 24 77678 1.0332219105601868
17 18 26 28 49515 0.9095342993478838
19 22 25 0 82785 1.0253718137727639
2 9 6 1 43079 1.0120779523023076
23 24 12 16 51962 0.9551904794224306
26 18 7 4 100808 0.9069796494635097
1 10 25 2 123589 0.9198735487199691
1 25 24 16 92852 1.0038614145976863
25 3 1 15 111846 1.0472536057749782
21 10 7 23 70550 1.0194912576725288
7 29 13 22 37586 0.949311227819698
29 7 10 8 89532 1.0292631993556793
26 15 11 0 81450 0.9283283179631707
6 4 14 0 48548 0.9846075452168058
13 4 20 12 51493 1.018671615054659
7 24 11 17 31270 1.0529313418028603
17 6 20 20 57082 0.9929186132478547
29 27 16 24 54539 1.0654280891031231
19 26 15 1 75712 1.0468327348712172
6 1 22 8 73187 1.005114271699429
10 20 22 12 49949 1.0301629505013308
23 18 11 16 39519 0.9999780820602017
28 19 10 12 72743 0.9100693318329253
19 26 16 8 63142 1.0624271037844384
7 15 11 27 44641 1.0569761984224608
19 7 1 4 98106 0.9678606128565773
4 14 22 14 50593 0.9197320686419674
17 29 26 12 67850 0.915858288279641
9 8 26 27 101375 1.031978011029761
5 19 17 5 76697 0.9476603286290385
3 26 7 16 39021 1.0101170257144763
24 23 3 4 119059 0.9850548770870113
24 2 28 24 72612 0.9580348047324095
4 28 23 26 59673 1.0729161734213648
22 1 23 14 40234 1.0551994577333923
1 16 22 5 98058 0.9307505431134668
6 16 22 21 62963 1.086433837592882
18 24 2 14 74533 0.986153233626614
16 8 11 14 34210 1.0267578124096906
17 5 6 8 69878 0.9427987250569484
15 25 23 28 31926 1.048449754206032
23 25 13 0 91814 0.9040930005308444
10 4 7 15 49547 1.0862046865418642
13 18 27 12 49682 1.0072729664833608
17 15 5 27 60647 1.0919419310256655
3 3 27 8 117796 0.9785040866498379
26 12 8 6 85746 1.04745100837359
2 18 0 6 56729 1.0296954949663868
29 18 8 15 67415 1.03168455977641
20 14 29 25 54254 1.095988830123186
14 9 20 18 37111 0.9202748906818438
28 11 6 17 79198 1.0789296744043666
10 17 21 28 58271 1.0883016993049968
9 26 19 17 57274 0.9419074683447081
27 26 11 22 67598 0.9404512803858691
29 17 24 3 56610 0.9661639995308825
2 13 22 29 98636 0.9309552325834131
3 12 18 9 71656 0.9463132164873465
5 20 0 8 58177 0.9368390938213501
4 29 23 24 69206 1.013582115388663
13 3 26 13 64861 1.0047778189861962
4 17 3 7 55780 0.9459949164701771
14 27 2 13 80391 0.9928985675205086
17 25 7 23 42657 1.0463642797139128
26 9 15 21 57647 1.0145439877201354
21 5 2 8 99850 1.005274766054776
29 4 10 18 88970 1.0045116969447518
22 25 29 20 38224 0.9351087062729123
17 15 9 4 57073 0.9396692797238199
27 21 0 0 135186 0.939645961015381
3 29 0 3 100926 0.9303148545447947
17 10 28 7 56257 0.9597185775422207
15 23 7 9 77095 1.0960612773985818
5 13 14 9 42979 1.0279382537781192
26 14 13 15 32952 1.0154517918438608
1 5 16 7 83736 1.054021079401202
21 21 7 5 84649 0.965243908311133
26 15 14 23 50861 1.0227212508708523
22 14 15 24 40460 1.0647286235962516
14 3 25 21 69793 0.9673418766863389
15 1 6 11 74585 0.9119208053840737
19 28 10 15 51346 0.9913947912535035
1 27 11 15 62322 1.0023403866048073
20 13 10 6 54330 1.0111298140788145
4 23 14 13 57062 0.9301946275425661
5 25 20 14 65342 0.9251278058700841
18 15 26 6 46592 1.0211955378365614
21 24 11 0 89365 0.9205418693100885
23 21 14 9 50161 1.0032859718887672
9 17 23 28 68995 0.9672615298840297
15 14 6 19 44393 1.0748503816944037
8 14 9 4 46925 0.94327426547241
10 4 4 0 38306 0.9148691783626975
5 21 26 27 76116 0.928632527771603
8 22 11 6 55133 1.0741183191808183
10 1 9 14 48112 0.9988060698358475
5 8 13 22 84079 0.9619488491565225
22 1 8 2 54608 0.9639092932159681
29 26 8 14 84621 1.0806121020105564
0 1 14 9 70848 1.0532702386317494
18 10 2 11 74135 1.0905141759129284
29 23 15 27 53572 0.9956905018112457
1 9 7 18 54746 1.0522119983660376
9 7 28 20 96293 0.9334328141284809
20 20 7 27 59641 1.0231163828043726
5 11 9 18 40554 1.0073749522236206
1 8 23 5 116152 0.9427635246059908
25 7 20 27 68946 1.0277909267792626
1 10 18 2 96642 1.0224397332851676
0 28 15 2 121182 0.9019607379381518
23 5 5 20 91889 1.024815349253107
5 3 19 10 80684 1.0015552773102159
7 18 24 1 93687 1.078065804286235
28 23 10 12 82666 1.046883191062528
0 2 20 13 102979 1.0521961636145103
8 5 3 25 98655 1.0715776692897085
26 1 5 27 127934 1.091762225875568
16 12 29 1 81291 0.9001152166354531
15 25 28 1 100022 1.0488230648498926
18 10 26 23 61369 1.0886577190428495
4 17 24 24 86315 1.044679590602297
18 24 7 17 56510 0.916841875881242
4 9 22 15 73039 0.9894887277604714
3 10 24 12 82372 0.9695069014647391
20 0 17 10 43649 1.0666927503987451
19 25 27 18 47596 1.0066232484477287
9 6 2 1 52028 1.0910430999257148
3 2 2 20 69802 1.0356096737834077
0 3 12 21 97671 0.9929691961039052
23 20 16 6 72417 0.915335864215048
7 9 14 3 58329 1.084949324455885
8 20 24 16 60122 1.0149314879240168
1 22 20 26 74259 1.0662319683445192
14 24 1 14 76980 1.03535892937613
2 6 12 27 94612 0.928035605276888
4 2 12 0 39728 0.976036528673329
9 3 23 24 92689 0.9890585249706038
28 29 0 22 102262 1.0393282112573055
20 11 13 25 55991 1.0902860211042689
1 0 27 15 117699 1.0785804569317738
3 20 18 14 59528 1.068330941800601
23 21 2 27 79380 0.9554266030307239
24 0 6 25 119683 1.0042266324092826
27 19 13 7 72171 0.9811223092424529
11 16 21 15 24154 0.9097487830548158
12 16 3 26 54553 0.9611148118719851
3 24 8 6 93266 0.9995501857783773
12 8 11 25 50560 1.0548925974461612
9 18 24 8 63457 1.0642917595535901
16 24 20 0 72186 1.0070512744044546
17 6 3 23 97558 1.064009357177123
13 20 7 15 39310 1.0503286164196028
22 19 14 11 41369 0.9085207460588344
25 28 18 23 29620 1.0259430745436693
14 18 24 21 37553 0.9309648650720075
10 11 13 18 35814 1.068219094324042
19 17 27 28 53340 0.9272233012847769
17 13 2 25 76128 1.080150734303981
5 18 17 2 84752 1.0526213113015719
19 11 12 28 65891 0.9116715952662763
11 23 1 20 48794 0.9099067528828272
23 9 19 23 53380 0.9283266418234346
9 7 12 15 37102 1.0643334938317344
28 4 14 17 70349 1.054719091081905
19 2 4 2 62269 0.9206205645620396
27 24 15 6 81702 0.9914273502137363
8 22 0 17 48131 1.0841620297780112
5 7 14 1 67369 1.0367275049855922
8 29 9 8 77579 0.9138024177374192
2 13 20 10 70329 1.0085249027336072
2 3 10 16 80951 1.064237583926198
5 16 14 19 47139 0.950355320079242
26 0 15 15 73321 1.0827103797303528
16 26 6 0 110733 1.0955829859656665
8 24 26 7 90002 0.9010773245678027
25 9 20 20 47288 1.0038640466775572
18 9 8 22 63370 0.988606084983107
15 19 18 26 29249 1.0207981014856378
0 29 20 9 117223 1.066153393666295
19 24 12 8 61605 1.0566748668910952
17 21 9 18 35821 1.0914510651768998
3 28 20 23 66102 0.9706347998379617
16 21 27 7 59960 1.0693319230555758
21 11 10 19 47658 0.996778846775057
18 2 4 3 61917 1.099752072225025
12 17 0 29 79680 0.9923822408585897
26 13 20 5 46451 0.9687114461162475
23 1 9 6 74979 0.9834808524700268
25 4 11 7 81667 1.042337695450099
26 20 3 2 125636 0.92842753202299
25 18 20 10 37026 1.0940812370747166
20 19 4 7 93232 1.0822700857226148
3 15 26 9 84265 0.9221428025598133
19 1 10 19 76174 0.9027189428536697
21 20 17 10 38908 1.06968825903803
7 21 26 3 103633 1.02200631552194
1 12 9 16 52325 1.0180078744719883
15 7 19 13 38177 1.0891507187097655
3 19 1 6 60463 1.0570925511814275
3 6 25 9 116413 1.0030562499154927
2 28 14 27 49014 0.9556099671257497
10 22 16 16 38374 0.981584342635594
26 24 1 23 93797 1.061477370992219
7 15 18 6 58821 0.9752121708654474
22 11 25 23 47951 0.9403508153241444
5 9 29 27 134617 0.9688021221984204
10 28 5 5 92364 0.9559060484730642
28 11 18 0 67145 1.0187053537112607
26 12 4 6 105200 1.0719701417290315
16 6 28 11 70690 0.9500850736770334
27 14 15 18 42205 1.0753620110267514
26 17 21 5 46090 0.9187263427139264
8 18 4 6 64783 0.9624751820059464
25 16 14 24 51937 1.0035055183744994
24 21 9 20 52386 1.039840229562944
24 12 12 10 47738 1.0684465983277815
4 4 6 20 71874 1.0477660532147526
16 3 5 12 69997 1.0459433316912312
23 10 1 12 87010 0.967672998997269
18 26 29 2 90309 0.9594558441773853
24 0 3 0 89450 1.0412284993708645
25 1 2 24 136416 0.9172545451841586
22 10 27 5 36487 1.0471826617109077
13 25 5 21 38841 0.9563532491272186
26 21 9 27 61751 0.9954520725547047
5 27 27 5 110849 1.034414648919755
25 15 0 3 109713 1.0877955207421677
7 19 10 9 50131 0.9620074578214376
28 19 12 25 72708 0.9536873089203544
8 28 13 3 79609 1.069149740918983
21 18 14 0 61555 1.0674810595925277
3 4 28 12 117203 0.9575756039958221
28 3 16 3 56498 0.9005006089004722
19 26 22 7 61423 1.0960626353141352
24 28 3 19 82801 0.9172393085124945
13 13 6 7 58239 0.9898177724377697
24 28 18 15 44229 0.9357047631021836
28 2 7 7 119651 0.9721263276956953
20 12 7 22 61525 0.9062250942000685
18 14 12 24 40093 1.057352271636466
10 11 9 29 58611 1.0774306937967029
11 21 29 6 86761 1.0551254015771612
11 18 11 4 39840 0.9166688259885468
10 13 12 23 35184 1.0084549606546098
17 16 9 12 36346 1.0124708592047384
22 23 9 5 86255 1.0739901111638708
5 21 18 6 83347 1.0298732569227442
24 13 27 27 52031 0.9903983669024131
15 0 17 25 79670 1.0534909782000113
5 9 10 27 78817 0.9615327611838881
0 28 10 11 94321 1.0402105060407447
18 29 27 17 54329 1.0462694957638572
23 26 6 23 69407 1.0151017056110387
9 3 1 12 68346 1.0948245603979563
11 7 20 28 72461 1.0299947439871027
20 5 0 8 112180 0.9400614560118221
4 1 2 16 62979 1.0011759398132098
0 4 18 21 106215 0.9908765328166486
5 6 9 29 98341 0.9236184169047496
17 9 20 19 41999 0.9976706052875091
19 3 24 20 58965 1.017592636575738
15 23 14 1 63610 1.048735795139547
21 22 14 11 42380 1.0677703842532973
4 14 24 2 91930 0.9096475343609199
1 3 14 21 99401 0.9923172136558823
9 17 0 24 66589 1.0907493546600717
21 18 14 3 53217 0.937447183061815
17 16 18 6 38234 1.0053718690411806
25 9 9 11 71122 1.0349168076960644
28 23 15 4 94256 0.9899180571794359
3 11 18 11 68831 0.9783213640431018
28 21 6 6 113999 0.9030555920479362
23 13 28 21 33847 1.0987459521820515
15 21 5 23 41734 1.0248837075655066
18 2 6 12 82818 1.0415567341597114
19 12 29 10 46027 1.0916995948857853
4 0 24 21 113365 0.9402367473561709
3 5 27 0 120762 0.9892445946214329
24 0 14 7 59544 1.0485607291153216
24 1 22 17 56334 1.0052009589987334
24 14 12 11 39521 0.99416537625277
26 23 11 27 53175 1.022045607694485
6 17 23 23 78763 1.0989576071755527
15 2 5 6 65232 0.9667586307790513
20 22 11 27 39913 1.067651834548455
16 11 7 12 49627 1.0455550866561685
13 25 21 3 74423 0.9204207646375687
0 19 2 6 57507 1.0883066555613186
12 4 3 16 73967 1.0221884721081285
4 28 15 24 40483 1.0739293689989906
26 21 2 5 116087 1.0672376014749991
4 18 17 19 62999 0.9182978523523482
12 15 11 1 51934 0.930735041069319
25 24 0 23 96954 0.9445017698988836
17 5 12 20 61431 0.9472797827944089
1 4 4 23 77765 0.9957341567495972
19 4 8 22 88393 1.0088944726642268
10 29 18 21 46420 0.9613421089060683
19 20 6 22 53321 1.0558001494535896
18 22 27 5 62815 1.0297746505752752
21 28 12 21 42922 1.0893650568604192
25 23 8 11 80355 1.0564319411346155
2 20 11 25 47889 1.00148516124883
17 17 4 12 55043 0.9139465121636792
16 5 6 16 60413 1.0523149965585716
21 14 0 23 87713 0.9851278867624801
13 26 16 2 79098 0.9800888505998866
13 3 1 12 85739 0.9790523180147568
3 27 6 18 32886 1.0181751480475627
25 27 13 21 52996 1.055937319478177
15 20 15 3 56462 1.0689004033849128
24 17 7 5 83287 1.0559597265790974
24 1 28 26 89102 0.9123265266233377
14 25 26 20 49351 1.0540743895093732
4 23 19 27 59887 1.0646946371547883
17 2 6 0 50856 0.9376106988095466
7 28 17 5 86621 1.0139743084445332
4 4 15 20 93227 0.9265104949183521
19 8 15 21 51894 1.0554620609734513
8 21 21 14 50857 1.0797904742083757
21 15 18 29 39457 1.086161301073319
2 25 2 6 74568 0.9163443130961787
29 2 5 19 112047 0.9214211846251247
25 1 29 12 58127 0.9513027468003139
10 28 3 25 29434 1.0177414856813871
20 23 14 13 37448 0.9226820244335715
19 26 24 11 52532 1.0979268536753597
4 22 22 21 63840 1.0537673365249733
26 27 10 12 84721 0.9385230133581091
3 4 4 22 75415 1.08511920731172
5 18 1 0 76772 0.9678482171014094
17 10 5 26 76642 0.903822921463103
6 21 15 17 47970 1.078846476612462
18 12 2 17 66656 0.9524044710012511
17 29 1 22 66855 1.0190900995385774
17 23 1 2 118723 0.9821884094572554
3 11 16 24 83067 0.9439741563648751
1 7 22 16 94030 1.042150948219061
22 25 18 13 40651 1.0004614951254414
18 5 14 13 39092 0.9512099706153485
27 3 20 11 51849 0.9765530682039243
11 16 1 19 53597 0.909045471474749
25 4 15 4 54444 0.9308817626644378
11 3 16 13 49158 0.9097520034195415
18 15 28 4 56264 0.9924711851377943
0 12 20 1 104634 0.946548880175847
22 21 21 2 48874 1.0676483947950473
20 17 10 6 57491 0.9135421046737446
5 27 1 21 28637 1.0677442374866895
23 7 1 26 110548 1.07996433814776
17 13 22 0 52696 0.971479518985575
0 0 21 22 122010 0.99849648956599
3 16 27 7 91988 1.0081819728139432
7 20 21 23 56786 1.0202677836314542
12 3 4 11 66360 1.0534606358685663
5 20 10 8 60505 0.989468697172299
26 1 26 12 36461 0.9991061950232838
25 3 20 9 34924 1.0910725880566867
0 17 21 13 82743 0.9888015847693158
24 29 3 22 73689 0.9501434170124602
18 5 0 6 95882 0.9157345881815709
27 23 24 14 38329 1.0996842128602176
18 2 11 6 44920 0.9501318207881176
9 22 6 14 38708 1.0960873730932204
29 15 17 28 60973 0.9813911401566707
8 6 18 22 76029 1.0989299174746323
1 8 15 8 87237 1.0685727914383252
4 18 17 4 82335 1.0469951489714946
0 20 29 17 115479 1.0439318193870193
14 5 20 12 41632 1.070366348688322
29 9 23 20 51667 1.0774846669079987
6 17 28 4 97255 0.9838418904093459
26 24 1 28 85185 0.9934261129719582
13 22 20 12 45731 0.9374877055029407
17 11 12 25 54608 1.0971687088952455
7 0 24 3 74437 0.9513298343127653
12 21 11 4 51220 0.9607566589642353
4 16 3 1 69250 1.0925198152409006
12 0 3 23 108337 1.0769195876681112
12 8 5 1 51442 0.9280526437219055
4 1 18 6 66229 0.9782066525726129
21 28 28 21 33710 1.0879608829935556
13 21 18 16 27412 0.9118288927692578
20 20 9 15 44236 1.0814903705770185
16 1 25 28 92475 1.0926908504934212
20 5 17 29 77473 1.0166479549214307
14 5 0 11 81544 1.0347109252253741
18 9 29 19 69004 1.040725556350707
9 16 18 8 51131 0.971343676527135
24 23 7 2 105938 0.9624862155696193
22 16 9 24 54261 0.9584581330741878
14 27 26 15 66729 0.9996370639669377
10 0 21 24 91039 1.0739106528449154
3 28 13 4 96738 1.0904508559928203
6 27 15 7 83114 1.0994951843036933
4 11 5 1 54325 0.9648739762880678
7 4 7 23 90839 0.9276392526268791
24 0 6 22 110308 0.9590266741061727
12 10 20 23 55243 0.9120452805234102
0 0 10 13 87739 0.9236599954874914
20 4 9 29 94615 0.9182398041158553
7 11 11 29 63985 1.0755868441673906
19 12 4 8 78780 0.9401396542792188
10 21 14 15 25762 1.0757874175514646
7 27 23 3 103760 0.957503275890508
13 29 2 18 61984 1.0178269310898151
17 26 6 17 69272 0.9266922415889631
1 28 22 19 95521 0.9531226858845081
13 25 22 16 49081 0.9262205651525611
10 0 6 8 57416 0.9708263347824212
25 19 0 15 98678 0.9195388475944004
28 24 29 12 54224 1.025716770435047
1 18 6 8 64553 0.9677292898544921
0 7 15 17 89798 1.0503480653058699
1 14 13 10 66064 0.9126572991684355
9 10 20 23 64078 0.9465909466356
16 17 25 11 43975 1.0251281544769177
12 15 25 18 40090 1.0339966822221922
2 19 4 7 56301 1.0155049692217815
22 27 24 11 51729 0.9220097936528471
14 27 18 13 52489 0.9907238440009716
24 28 13 4 86378 1.0015487073269815
22 6 1 19 104243 1.0882711572900503
1 14 23 1 108915 0.9208809427285687
28 4 18 6 61083 1.0767400382523218
8 8 18 21 66173 1.0515072996896921
2 16 29 7 108177 1.0975572918929954
11 25 23 15 49958 0.9790304067948135
8 28 19 26 36708 0.9934269706923107
25 25 21 4 65476 1.0579238462264386
28 21 1 29 102842 1.0222683862378543
8 19 11 8 47003 0.9883206000402238
26 25 2 25 80913 1.0851305005955256
27 8 7 8 94410 1.0251433123215379
1 20 9 18 43756 0.9074194403197312
16 3 28 14 67701 1.0837498655214877
5 9 25 15 83371 0.9957249384107077
7 14 27 1 82279 1.0605231727029425
13 12 1 25 79175 0.9172211918909252
17 2 8 22 84587 0.9696298465017192
21 22 28 12 48041 1.0384580487338755
26 25 29 13 51002 1.0645622135068662
15 18 21 0 61028 1.0725957757607236
1 9 3 21 55602 0.9591608375344656
10 22 5 13 39514 1.0028433726300312
2 18 13 15 49816 0.9701233140979604
8 12 26 13 55864 0.9441886300393927
18 19 29 21 36347 1.0916003155667917
3 21 13 17 50816 0.9497668166963942
1 6 11 25 94603 0.9917458414564609
21 3 16 18 49296 0.9824165692820694
20 13 6 21 58761 1.034324394680701
25 0 9 10 99783 1.0053743874777417
19 19 4 8 85063 1.0902144394946127
2 13 2 28 59969 1.012878402636273
26 20 19 3 71254 0.9459513657200106
18 6 28 6 63824 1.041319236712647
26 13 19 2 55909 1.0469969265776085
4 5 2 20 65770 0.9645831731195025
1 15 13 13 54899 1.0026201933791912
6 23 24 15 72328 0.9595134092809973
26 10 6 3 100954 0.9941970663170934
9 4 23 27 101679 0.9023188420963283
12 20 20 2 73992 1.0330602585948112
2 25 19 25 60479 0.9477813721694697
11 17 15 10 30017 0.9986038669729363
17 2 27 10 62289 0.9716302514015889
27 17 16 22 48237 1.0035079621298026
7 13 12 29 53711 1.0985086357186824
29 24 5 17 92047 1.0590501540558808
5 20 19 5 90383 0.9342821125976681
2 24 22 18 87501 0.9464730955842718
9 27 25 28 43653 1.0725332271422057
27 26 24 13 49513 1.0944308008727355
25 4 12 19 79892 0.9105986499213385
19 20 13 7 50863 1.096963290459475
28 10 8 9 87962 1.066802837779167
17 20 11 4 63142 1.0341277723637843
18 27 2 23 63068 0.983782863113255
12 12 25 14 39153 0.9113391834346745
11 25 5 17 40775 1.0297281987133384
18 1 12 29 94939 0.9757656038057783
28 28 10 3 110760 0.9315617077858577
19 0 29 21 82254 1.044745505735202
10 12 24 14 42089 1.073119456525703
7 23 25 23 68602 1.0985301391840694
29 16 6 23 92224 1.0547904375829886
22 20 12 19 43765 1.028177551586533
15 5 3 17 75991 0.9002736339517352
29 29 27 20 55439 1.0039951300473786
22 5 9 23 81425 0.9366378963614765
19 18 0 29 99801 1.028758089116644
5 23 21 22 62050 1.0195673244831374
6 19 18 19 57385 0.9680498544569284
14 22 25 4 78969 0.9523755815280043
2 10 29 19 112791 0.9608945432561219
21 25 21 15 24728 1.0893452145792297
25 7 8 29 102416 0.9637479746630623
6 4 20 7 82199 0.9850104594674196
28 6 20 25 75747 1.0330504499329864
12 13 3 7 71915 0.9368174197674237
25 9 16 16 42495 0.9521331058109026
5 18 15 25 52286 0.9559154023130683
9 29 4 24 31733 1.0471275153983703
10 29 21 8 80392 1.0691658486657418
4 17 26 20 90228 1.083505294336731
4 29 16 28 38736 1.0954756960993075
3 11 6 29 63529 1.028589504281287
25 27 3 12 105464 0.9769915002967638
0 1 23 13 108083 1.054668850062178
15 22 5 9 81736 1.0361670513734127
21 28 20 4 72111 0.9504553556875193
21 21 0 9 98114 1.0033900793508757
14 16 29 20 61232 1.0403431286477547
5 15 10 3 62305 1.042039343338053
15 8 29 19 80182 0.9878117335298449
26 9 2 12 89554 1.0276533745597844
8 5 9 19 67188 1.0859761057347987
22 10 14 17 39991 1.0099668034543186
21 4 7 14 58027 1.0759828691818534
14 19 16 2 56509 0.9952923937228947
23 19 0 1 119067 0.9510824906244043
27 6 17 0 57839 0.9853734619959089
2 16 0 29 66843 0.9340821830442639
16 24 7 2 94068 0.9331197812223241
11 25 19 14 41479 0.9150575189553679
0 5 5 25 80641 0.9085282208738035
28 20 8 8 99659 0.946662031274703
9 26 23 7 86723 1.0487087636196857
13 28 21 16 51157 1.021776402813165
22 18 13 21 35145 1.017915707241454
7 27 11 12 50862 1.0951784186204228
19 15 0 22 75470 0.9782460979215301
20 26 12 13 51301 1.0707846997766841
22 8 0 13 89667 0.9280050623067807
16 4 2 17 88714 0.9533073515404161
27 5 3 3 110102 1.0973822412841647
18 19 7 14 35287 0.9904844446767473
3 25 12 18 54514 1.0954380070361172
26 24 28 7 63311 0.9199038342569497
24 8 29 22 56189 1.0756732517193193
6 19 28 3 105627 0.9155544143449927
14 13 26 2 70312 1.0183408982399784
23 14 10 27 63562 1.06654860340631
17 22 0 24 76696 1.0734873475416318
5 3 4 19 78997 1.0683006914717597
4 6 15 25 103283 1.0483162585515218
16 1 20 25 80925 0.9757329722834334
14 9 23 20 53074 1.0916355276422858
7 12 22 27 76555 1.0956043247302338
28 16 2 23 101139 0.9474433137154065
17 2 22 8 37899 1.061116459793416
27 25 6 28 69866 1.0438009748770374
1 16 23 7 98649 0.9380662482766795
28 4 14 2 68746 0.9941119924012083
11 3 4 13 60175 0.9982656298342423
11 17 13 28 31419 1.0611329485941292
8 5 11 15 45113 0.984926187586722
4 16 17 4 79297 0.9224336244920007
18 7 17 21 45015 0.967095407398854
0 24 4 3 99488 1.001046762125864
6 12 15 27 71122 0.9195938746177577
27 5 25 14 28776 0.9632825951553394
11 29 0 23 58060 1.0384411985170265
17 7 20 0 36832 0.9885442700550238
1 15 11 6 69171 0.9321465383009154
1 4 14 10 76816 1.0289534233437507
23 5 1 20 112231 0.9442903545065873
0 25 13 15 70369 1.0615956305994303
29 23 22 6 81748 0.9007646130197031
0 26 14 24 49188 0.982019299648885
6 11 9 24 59179 1.0030363571849628
13 3 27 19 80746 1.0135209308978883
3 24 9 19 45842 0.9186493723289912
2 13 4 21 35630 0.9191276768523097
0 3 25 5 109775 0.9618937925064344
17 2 16 18 66004 0.9049028722030458
18 25 14 11 41071 0.9086732298210968
1 20 27 8 108112 1.0762793616814559
2 12 28 25 110199 1.0847977596225595
4 21 11 11 50586 0.9305996228128938
12 29 27 6 96217 0.9466591104626981
4 26 10 18 42690 0.9967837832998355
10 8 10 27 61093 0.9720512671629511
25 16 10 5 68704 1.0174489184346742
9 28 12 4 73549 0.9230335920529894
20 28 9 4 93497 1.045927201847125
21 5 0 7 105815 1.0840808630522345
7 15 27 24 74458 1.0176836363656134
19 3 20 20 57941 0.9750945084059177
19 19 27 12 43273 1.0862030749704268
8 17 19 23 60180 0.9269342100235098
15 12 23 20 46214 1.0514817966696142
12 16 16 29 55163 1.0948146887758774
21 22 27 10 46344 0.9287905523744321
9 18 27 6 75263 0.9243938412958236
9 15 29 2 87349 0.9733496451602675
13 24 2 9 81420 1.0623215645488886
10 15 12 4 40681 1.0440537683733828
24 29 0 5 141088 0.9831508353622023
15 23 11 17 30409 1.0571459145101487
22 29 24 5 69100 0.9454536588148391
19 26 7 12 65325 0.9514345821089466
1 2 23 9 102174 0.928144873009777
7 7 15 1 57442 0.9167864477288589
3 16 14 12 50202 0.9861326113226927
29 26 6 25 91825 0.9090436345160801
20 28 0 2 131835 0.9365861511724425
4 4 8 19 80741 0.925342533571954
9 15 21 26 55082 1.0875063880116138
17 0 19 11 48455 0.9937466676922997
27 21 2 22 85049 1.0800279138764461
25 21 3 25 84136 1.02381970044012
22 20 5 3 100616 0.9160017799904372
10 15 4 27 56171 0.9177438834269822
23 20 14 3 68399 0.9033180804032068
0 6 20 14 93680 0.941285861303621
1 0 18 24 115354 1.0067507563988423
5 28 20 16 69449 0.9644035124841508
16 0 25 26 97300 1.0631842004808845
16 5 9 10 46518 1.010375126287293
2 6 16 16 82758 1.0542640143086015
6 27 24 18 78535 1.0501068907764166
0 14 14 11 65169 1.0291473366990609
3 8 11 5 55545 1.0082119558318334
2 23 13 2 100265 0.9183678482330723
24 17 6 26 76451 0.9372022946694636
4 10 13 24 72410 1.0187728073850983
4 16 17 19 62312 1.0506948379555299
11 11 7 21 41630 1.059084323333919
13 13 5 21 48173 0.9502386026059407
8 5 25 3 85346 0.9341353577342273
15 5 4 27 88967 1.0311243715811087
3 15 24 3 96869 1.0991584792332907
20 23 10 2 82607 0.9700606649375068
8 16 20 26 64941 1.0508611120353362
6 21 24 3 97762 0.9052626417163157
15 0 19 12 59336 0.9104186548836749
1 15 14 5 73405 1.024389867290763
13 23 27 14 58325 1.0436028876892842
18 11 29 20 62344 0.9681528157432698
28 21 23 29 31877 0.9189091342712609
0 10 10 5 68830 1.057215947986239
25 29 8 17 85055 0.9625147596422571
21 0 8 27 99680 0.9806753553308616
8 22 27 3 96909 1.0542169698832766
14 27 27 14 70306 0.9626242863238329
29 1 3 4 124494 1.0430241936443365
21 8 20 28 55359 1.004044148420297
29 6 22 12 52724 1.0460782946112785
20 24 27 20 36136 0.9571487687272826
19 29 28 9 73604 1.060947428710777
3 5 15 12 81732 1.0011339482858106
9 28 18 24 35343 1.0100334921153562
19 15 10 2 60108 0.9564224568624404
21 9 12 1 49592 0.9360329163444723
25 9 12 13 50127 0.9056791095570036
13 12 26 5 69996 0.9377644029181179
13 13 25 13 36432 1.036383443161044
29 22 12 27 68212 0.9048388218934517
24 8 17 11 38919 0.9654180004850278
13 11 23 7 58360 0.9210829160486124
23 10 0 3 111097 0.9518236578554773
27 26 16 29 49694 1.084896673755137
9 4 29 19 106690 1.0405228920405734
14 0 21 15 53176 1.0665976078884452
27 20 16 13 55156 1.0428526388395905
7 27 13 3 84494 0.9557868830489381
7 2 23 2 69310 0.9223978145326773
18 4 9 1 42301 1.059579407941569
2 8 20 25 102041 1.0444437313183492
29 23 3 13 106330 0.9487013274568907
3 4 4 25 83536 0.9805332225710668
11 13 17 25 47419 0.9529491247204978
