5075 5888 5206 7009 6132 5537 2379 2429 1570 3129 2254 1703 3514 2626 1446 2067 1595 2868 2018 3154 2889 3520 2584 3289 2520 2642 2463 2130 1722
8538 8219 6790 7527 8051 6056 6472 8156 7338 8077 8137 7631 7278 6944 6022 8039 7439 6243 6037 7544 7083 6756 7370 8164 7437 6575 6041 6273 8212
2797 1629 1566 3160 1907 2345 1693 3464 1454 3450 2945 2146 3000 2143 3116 2737 3420 2983 1646 2118 3395 2621 2376 3004 2920 2070 2067 2655 2694
4632 4501 5292 4250 5109 3323 4367 3287 3900 4241 4476 4297 3410 3841 3928 5145 4158 4323 4854 6714 6326 7841 7749 6673 7390 7121 5994 6836 6645
6380 6446 8195 8674 8431 8269 7096 6812 8470 4893 5332 6260 5609 3982 5864 5135 6107 4050 4263 4657 4261 3974 3954 5427 6047 4566 6112 5038 4589
5790 5501 5372 6368 6840 6602 7016 7304 8820 6518 8104 7703 6509 8830 8297 7271 7774 8054 7186 7869 8755 8742 7890 8117 8618 8748 6550 6576 8632
2473 2100 2517 2323 2015 3243 2307 2349 3983 3234 1766 2286 2241 2911 1932 3376 2002 2747 3726 4001 2509 2480 1805 3645 2784 2052 3021 2835 5823
6110 6947 5406 5830 5658 5344 6902 6444 6530 5955 5317 6343 5694 7289 5236 5173 6351 7216 5054 5067 5775 6296 7238 6294 3699 2863 3031 3194 4671
5799 5709 7130 5713 6186 7134 5134 5738 6838 5301 6807 5155 6052 6467 6322 5969 5730 5922 5901 6470 7222 5659 5822 5313 7221 7396 5132 5324 6375
6115 7325 6752 6059 4340 4422 5412 6215 4269 5786 4853 5269 4658 4699 4702 5282 4546 6383 4920 4345 5006 4682 4979 4409 5084 5521 4170 4329 5730
6645 7202 6966 7465 5544 5766 6923 5925 5359 6543 5267 6888 6586 6652 5794 5325 6182 6413 6951 5367 7178 5256 6820 5999 6258 5591 4821 5781 6469
5099 4533 5773 5866 5939 4452 3854 4888 4919 4792 3376 2263 2905 2644 3406 1546 2491 3179 1660 3225 3365 2235 3851 3133 2792 3295 1959 2758 1927
6336 5973 5589 5973 6203 4886 6107 6909 5933 6944 6865 5238 6867 6229 5247 5531 5534 5225 6861 6170 6512 6516 5210 5393 5656 6109 5917 5919 4831
7268 6865 6517 8018 6934 6290 6227 7119 6346 5908 6685 7141 6658 7518 6262 8072 7100 6766 6651 7539 7811 6999 5978 6335 6398 6460 2618 1671 2044
3629 3095 4863 4266 4139 3326 3528 4600 4117 3634 4588 4075 2872 4382 4923 4655 3199 3201 3378 2808 4984 3863 4210 4521 3851 3366 4876 4101 4257
4490 4239 5328 5021 4479 3916 3916 4918 3720 4086 5014 5160 5064 3837 4901 5956 5103 5917 5060 5827 5527 5215 5677 6004 5653 6373 6422 5113 6137
2560 4738 2985 4703 4368 4008 3289 3653 3450 2962 3565 3703 5546 5832 5806 6631 4917 6064 7014 6515 7057 5654 5665 6040 6611 4815 5372 5382 4734
3731 3188 3653 3700 3108 3816 2925 4178 4765 3156 3679 3257 3330 2955 2540 4212 2970 2954 2723 4758 3184 3364 4556 2767 3322 5069 6950 4924 6209
3875 4894 3676 4349 5590 4725 4298 4554 6248 6019 4267 4795 5817 4004 5788 6181 4570 6002 6184 6277 4743 4377 4927 5298 4421 6197 4188 4287 4981
6834 6965 6884 6596 6518 7868 6179 7112 7714 7552 6164 7060 7464 6331 7784 6192 7401 7487 6437 8027 7130 6218 6988 7552 6389 7112 6042 6778 7033
2098 1963 1804 1212 2003 2972 1336 1508 2791 1775 1545 3499 3412 3437 1335 3351 3268 2450 1526 2624 2970 1426 3130 3434 2508 1178 2503 4254 4313
6926 6145 5083 5548 5545 6469 5266 6025 5512 5977 4138 5878 4111 4182 4946 6016 4071 4613 4300 5397 5149 4178 4855 4393 5068 4606 6023 4981 4365
5903 6096 6926 5441 6855 5992 5219 5574 5372 4449 6343 5467 5741 4917 6059 4546 4988 5153 5771 5915 5769 6231 5840 4414 5116 5073 4825 4760 4531
4518 6624 4497 5052 4823 6335 4680 5573 4172 4527 5192 5425 3494 5057 3433 3395 3616 5398 3964 4425 4392 3414 4300 5465 5438 3599 3596 3335 3751
3652 4384 3035 2802 4453 3988 3915 2769 2935 4595 4881 4222 3614 5064 3829 3164 3941 4480 3970 3162 3590 4382 3051 4858 3140 5419 6633 4638 6304
4072 4251 6549 7499 6498 5623 5869 6101 7416 7740 6210 5892 6956 7890 6616 5799 5750 6372 7608 6831 5906 7314 7011 6029 6980 8000 5813 7687 7164
3334 3763 6681 6513 6543 6694 6147 6533 7794 5959 6481 5818 8043 6026 7777 7998 6179 6537 7924 6045 7440 7050 6941 7558 6934 6292 7119 7435 7369
6999 7540 6695 7000 6874 8159 7838 6992 6558 8329 8299 8289 8116 8027 7093 7476 7530 7472 7200 7907 7506 6031 8209 7595 6666 6050 6969 8034 6800
8388 6603 7864 7763 8760 6663 6733 7382 8455 8331 7701 6853 7105 8355 7840 8345 7337 8416 7719 6765 6697 7590 8518 7845 8817 7894 8047 4641 5625
5359 4499 5190 5608 5152 4338 4061 5002 5440 5743 5564 4199 5354 4565 5404 4040 5309 6006 5539 6395 5135 6051 5394 5937 5694 5680 6510 6748 6794
4974 3639 5891 5401 7698 2770 5794 6410 3159 4393 4230 5844 5418 1917 5431 4946 4267 4439 6431 1872 1336 2386 5389 6571 2332 6157 3112 6278 7591 2948
4444 3399 7339 5309 5504 2672 6961 5935 3168 5178 3095 5670 6240 2675 5217 5390 5123 4159 8152 1649 1382 3559 6563 4796 3725 7900 2913 5743 8733 1372
5897 3737 6296 4793 7119 1531 5272 7089 3857 3551 5107 5492 5457 3367 4859 4392 4084 4905 7329 2957 2479 4002 5930 5081 2937 8070 2676 6988 6986 1996
4762 2244 7422 4472 6018 2617 6101 5743 4115 4233 4719 7119 5786 3014 5076 4493 5021 4101 6387 3400 3287 3626 4514 5305 2332 6378 4835 5508 7016 2340
5085 2897 7217 2535 6500 2646 5572 5662 3154 5217 3457 5955 5341 3852 5323 4955 4115 3597 8300 3055 1787 3219 5241 5862 2606 7931 3034 6350 7863 2687
5008 3430 5892 4163 5750 2172 6829 5765 4037 4683 4541 7377 5787 2838 3649 5498 5333 2388 7169 1570 5218 4130 5741 5367 2621 6056 3022 4430 6378 1854
4525 7183 5725 4460 7542 1708 5037 5475 4351 5152 3544 5616 7009 2989 4698 4123 4097 2742 7060 1792 5725 4525 5256 5763 3424 7240 2939 6105 7384 1510
6333 6216 5423 2976 6323 6774 5262 6130 3634 3900 2846 6496 6380 2103 3788 4883 5768 3708 7697 2502 5600 3903 6076 4273 2120 6270 3545 4214 8632 1577
5413 6237 7432 3712 5883 7251 7026 6342 4040 5696 4854 7093 6626 3415 5664 5640 4827 4223 8074 2854 5232 4476 5966 6131 4057 7300 2878 5790 7852 2241
6075 6747 5733 2460 6827 8232 5311 5089 3751 3646 3714 5893 5652 3181 5131 5860 3452 2086 8046 3435 6164 4811 5203 6464 2524 6643 4433 6072 7071 2162
6327 7010 5279 3908 7652 7468 5296 5504 2672 6181 3201 6444 5719 3471 3721 6155 5603 3941 8509 1776 6362 3953 4915 6020 2941 1836 2912 5524 8290 2374
6319 5402 5312 4444 3563 7846 5503 5852 4667 5938 3396 6912 7308 2168 5353 4682 3757 2782 8415 1600 5158 3974 5253 5441 2090 2779 2980 4655 8187 3196
4453 6335 4340 4274 2439 7816 5088 6402 2670 5545 3283 7194 5319 1920 3691 4527 4691 3214 8334 2460 4573 4561 4993 5785 3661 2697 3557 5551 6696 1854
5965 7344 4957 4564 3134 6385 6252 5574 4027 5518 2783 7249 6149 3504 3754 6199 4009 4321 7157 2276 5432 3477 5801 5601 3424 2773 3083 4458 8013 1692
6671 6844 4087 3066 3868 6916 6279 5347 4626 5860 4416 6298 5710 2945 4641 4172 5659 3094 6555 1239 5386 4621 5056 5493 3432 1568 4390 5118 6734 3030
6271 6902 6051 3617 3871 7440 6786 6446 3748 5780 4036 3962 5257 2150 5138 5070 4077 2391 8483 2272 5501 2692 5396 4488 3822 2226 4762 3880 8090 1607
6610 6597 3834 2417 4260 7296 5922 6760 3731 6440 3222 4584 7097 2933 4615 4367 3764 2393 7449 2360 4520 5037 4767 6249 3343 2443 4861 4692 8670 3061
4897 5534 4649 4352 4300 7166 5048 6791 4322 5446 3965 4830 5506 2251 3728 5020 3959 3509 6360 2512 6096 2694 6600 4958 3559 3121 4643 5881 7568 2084
4015 7280 4527 2478 2839 8118 6431 5711 2866 6234 4550 3955 5133 3592 5892 4822 5185 2669 7622 3121 6384 4169 4768 6252 1945 3691 3706 5496 8662 1541
4654 6740 5263 4438 3479 5992 5534 5735 2782 6158 6644 4026 6385 3654 4042 3971 3652 3557 4488 3133 6289 4575 4621 6371 3859 1823 2834 5215 7231 2105
3709 5998 4107 4299 3817 7167 4073 5343 4183 5084 7271 2830 5091 1359 4116 4001 5059 2451 6037 1891 4793 2690 6063 4556 3162 2337 3774 4736 7093 3546
5871 6826 4524 4344 2444 8085 5111 6207 4481 5802 7845 3983 5661 1412 5543 4692 4888 4427 6020 1643 5404 3078 6669 5538 1851 1539 5508 5922 7008 3158
4208 6163 5410 2321 4069 8190 4068 4972 4047 5645 6492 4393 6412 3154 5588 4173 4749 2202 4886 1509 5445 4524 5017 4266 2272 3231 4600 4921 6376 2365
4243 5690 4365 3762 2581 7015 3623 8587 2694 5414 5737 4825 7105 1762 5922 4106 3615 2955 5872 3265 5694 4369 6613 6542 3423 2133 5123 4217 7479 2123
3852 5559 4900 3475 2545 7516 4970 7188 3908 5429 6883 3277 6138 1377 4575 5317 4208 3097 4666 1305 6075 4585 6447 5237 3209 2364 4418 4635 7114 1901
4388 6393 5248 2316 4767 7111 4425 7218 2825 7184 5674 4775 5030 2657 3866 4738 3828 2902 4656 2167 5172 4240 5269 6206 2298 2995 5853 6085 7339 2485
4607 5947 4168 3827 2608 6064 3841 7635 2967 6088 6164 3254 7090 1603 4022 5181 4458 2781 4507 3010 4622 2962 5843 4972 2250 2070 4365 5870 7914 2065
5155 6950 5621 2550 2523 6106 5246 7513 6543 6518 7227 4433 6261 2042 4119 5330 5371 3203 4241 2534 6346 2700 5439 6456 3215 1985 4295 5046 7361 1435
4343 6844 3723 2537 2854 6424 4461 8047 6619 6153 6661 3306 5709 3084 4116 4544 5723 2973 5985 6385 5859 4832 5344 6830 5677 2700 6097 5666 6939 2851
11 13 19 19 32766 1.061283242982363
11 8 15 15 37530 0.9852076402947083
13 2 11 12 52531 1.0565534473688358
24 8 25 24 66947 1.0570963559246327
29 2 28 14 64332 0.9328690117961941
11 14 25 28 79618 1.096327658417018
14 20 20 11 39723 0.9248179378266671
17 29 14 19 46409 1.02058139352311
16 21 6 27 51467 0.9684461853756597
26 10 13 27 85454 1.0576898067789233
15 29 21 2 82069 1.0750804377551313
2 23 16 13 61464 1.0010349720980136
23 17 20 7 35001 0.9055329672210813
3 22 24 3 107284 1.0017566480124223
27 1 22 12 64105 0.9910455549929725
14 12 3 16 48241 1.0078758441801978
1 5 14 25 88950 1.0965042339981232
7 4 19 23 95322 0.9370268372724855
3 29 20 17 69231 0.9437651471369662
2 1 12 1 50149 0.9146669112230785
12 3 28 26 109266 0.9267153763808722
21 13 24 23 39219 1.0618447749198536
18 6 28 13 42888 0.969947156341013
15 20 18 6 59151 1.0918163724839232
14 23 15 12 47612 0.9898979628335165
21 20 28 7 74214 0.9913329474395366
28 27 7 29 57868 0.9340612804443601
12 27 23 21 50280 0.9524446606490307
25 11 7 16 71163 1.025158446095531
22 29 26 7 91611 1.0347504178127034
6 28 27 16 90785 1.0258891091636548
21 5 11 5 46862 0.9644842212900112
14 11 10 29 60379 0.9069811484252003
5 1 29 27 133456 1.0430226169010202
4 22 28 17 78843 1.0428821342403167
22 5 27 29 92392 0.9028203537744994
28 17 2 15 83094 0.9958925046254319
22 16 15 6 57316 1.0831645979189917
2 0 10 26 90242 0.9237379250171447
4 26 1 1 74218 1.0499517294234413
19 28 28 29 28216 1.0206605814001737
29 2 10 12 90190 1.019195476618055
27 6 19 27 86332 0.9117073208728744
24 23 21 13 39219 1.0365634004363735
12 12 20 6 45682 0.9930733634499789
12 8 27 7 60869 1.050818363550179
17 7 4 21 78813 1.0963230739460788
2 24 23 26 62181 0.9227297329673362
23 19 13 6 69887 1.0674123347098978
28 9 26 19 65589 0.9608559475896502
16 28 9 10 75038 1.0585595100978586
16 19 26 15 44297 1.0557523831792874
21 6 25 0 38008 0.919581446848781
6 14 3 7 31014 1.0615799181240306
11 11 17 25 53181 0.9531647867297816
28 4 27 24 93611 0.959599329745703
1 10 14 26 80714 1.089767552189217
9 17 20 20 34463 1.0176291976468244
17 14 26 13 24173 0.9001262820210478
16 25 1 10 81142 0.9195296901321788
16 19 20 7 41023 0.9944793643945645
26 19 9 15 53447 0.9251432395860805
9 10 16 15 39784 0.9579198907445927
12 16 11 6 38350 1.0716519421190502
8 23 15 17 46062 1.0781901196446966
0 6 8 15 48490 1.0009051396631856
28 22 4 20 79751 1.0740477758457456
5 15 12 12 34535 1.0208053337862129
22 14 12 4 56719 1.0147517320388222
7 16 5 6 37311 1.032619945299659
22 26 8 4 110165 1.052039738118476
10 13 28 5 83543 1.0047593122130891
3 18 25 2 106067 0.9889458126645214
26 25 14 6 89283 1.0621539368801036
29 6 1 11 117976 0.9751460520872792
9 0 28 29 145048 1.0192527301636451
18 27 8 26 41510 1.052973322832752
23 6 11 4 49980 0.9236088428208847
23 8 14 28 84407 1.0093189824798945
0 22 26 23 88850 0.9653340910198434
3 7 3 21 45699 0.9086553297642732
24 12 18 18 34920 1.070907153101455
12 14 18 27 64228 0.9293479958009772
16 8 29 2 57128 1.0766732954044556
8 13 15 23 52687 0.9769031839279968
5 11 9 23 54758 0.9848038184503279
29 11 21 15 35772 1.0043242252990308
17 9 21 26 59330 1.0416859954505435
6 5 2 21 51021 0.9471961980265338
18 2 15 26 83781 0.9078178477767472
16 27 4 3 102329 1.0358522388467768
16 15 28 16 52639 0.9541345728384906
13 2 10 24 89112 0.9318472040730384
21 8 11 15 48372 1.0949888003348622
4 29 8 6 80655 0.9427787994957063
29 27 24 16 58878 1.0480701546881896
4 18 29 17 73187 0.9827450102167283
25 16 5 0 102073 0.9427801377748086
10 14 1 9 48127 1.061250861776118
11 9 19 28 80493 0.9969961907613121
25 16 17 21 40868 0.9658338573246447
27 13 15 1 62246 0.9077090762084435
29 3 17 8 48207 0.9155602733440736
28 0 0 6 117347 1.0195932826928293
23 11 14 0 58303 0.9776453226143762
16 23 16 1 86146 0.9641418757645255
22 13 14 20 35583 1.0407789047396219
1 4 17 24 97675 1.0906489548057121
22 15 25 2 57954 1.0077450493103477
13 9 4 13 42980 1.005528700562629
18 23 24 19 29644 0.9011138054563448
0 9 28 11 97863 1.0716016954619174
22 5 7 24 94833 0.9643296355165287
9 11 19 17 51039 0.9795997800209714
6 22 18 29 48353 1.0585797688807401
10 21 22 2 79371 1.068344024765236
17 23 23 10 60031 0.9598615813120107
20 16 18 0 44710 0.9177882756390424
0 28 10 2 96778 1.0933785968367224
14 3 0 17 76925 0.9314035816911824
10 24 19 12 62497 0.9854557633992519
11 13 7 0 52521 0.9536887075585644
18 28 1 3 113084 0.9779177573874271
19 16 28 6 62998 0.957031124883625
11 21 21 15 42159 0.9321730889251709
6 9 5 22 40952 1.0996171400594532
13 17 29 12 57129 0.9512540440615603
25 22 16 2 79979 0.9769655859191575
4 20 20 27 62104 0.9072598375398936
22 7 9 29 94493 1.0664944180422131
25 12 24 24 51824 0.9134705238270865
12 2 18 23 93284 0.9656525991018907
8 21 26 25 62971 1.023199859555316
12 19 23 15 39440 1.0140086344103025
21 21 0 10 76210 0.9903952713015992
29 26 3 22 87135 0.964791108880608
29 12 13 17 57129 0.9869806210133882
6 19 11 11 32453 1.0532604452384524
15 0 6 14 76579 1.0531397695562998
28 7 3 17 112142 0.9397492468057729
14 23 23 16 47174 1.015277448115615
21 17 29 7 63594 0.9516179566363313
28 2 8 26 124684 0.9693802592473737
27 22 19 20 41738 0.9071370494487644
25 18 15 24 47056 0.9611775570658379
21 20 6 2 85578 1.0201373929731434
29 21 9 19 60563 0.9388454507421288
17 29 21 21 31166 1.087911263123106
9 20 8 5 58078 0.9786334777858259
18 2 2 17 93143 0.9496756871855818
16 27 27 13 66048 1.040119580011201
24 18 4 1 98995 1.091814527078247
14 26 7 8 77130 1.0275398505800797
19 22 28 23 40710 1.091253992143881
16 27 0 29 44556 1.048901400984429
25 2 28 22 96993 1.0963164494263273
23 0 20 7 27176 1.00706245618046
16 24 6 8 74801 0.9516772286902963
17 10 1 11 64932 1.09572926708987
18 14 2 29 78615 1.0645766609074032
7 9 28 27 115392 1.0888837382390275
18 24 24 13 42442 0.9519654406226821
19 5 1 15 88826 0.9561379160101064
10 27 16 16 52696 0.9070798968757796
9 26 24 4 98972 0.9875909633087773
16 9 5 12 48874 0.964283195744341
4 3 16 8 57121 1.0031283239565203
10 8 16 1 48301 0.9602332045311079
11 15 16 22 35971 1.04760817264967
0 7 7 15 41228 0.9979414075878735
23 5 19 25 68735 0.9588228410060811
21 7 29 10 51292 1.0295920516866641
12 11 12 1 59383 0.9259512502614925
1 12 12 16 48823 1.0063246900871763
4 2 18 6 70463 1.0183081765679638
28 5 21 15 63728 1.0345203927806053
3 6 28 11 101767 0.9093037903403526
3 6 12 2 42645 1.0914341894306372
3 29 9 16 59528 1.0003846698387595
29 12 19 18 42133 1.0233628000186008
0 7 14 10 58340 1.0938520823542421
27 10 23 16 41088 1.0274004940428976
27 11 18 6 47948 0.9986767274845239
27 28 10 12 96703 1.046510395334437
18 0 27 26 90765 1.0878924672801045
11 23 20 29 36034 1.0889824650475037
29 16 3 0 116302 1.0917359910337245
6 25 18 5 95192 0.9018532670203137
11 15 22 10 51234 1.0816269121520357
7 10 5 26 48829 0.9223932154066005
12 8 6 28 75339 1.0780142261382957
3 23 16 10 79359 1.0981432029421592
2 0 27 11 108539 0.956358222385495
15 28 7 26 35159 0.9878170423611432
17 26 27 28 46188 1.095150857775328
20 5 24 18 46483 0.9103547127903694
25 5 2 26 120980 1.0257541606104514
21 24 14 8 67210 1.044615693327489
24 22 0 8 92067 0.9039511945738111
27 27 13 12 87693 0.9805938628767352
17 8 2 26 90578 0.942184750130613
16 9 5 12 48874 1.006364082669549
3 7 16 3 56944 1.0388055265947131
25 22 6 0 108752 1.0121916184229045
24 25 21 2 68663 0.9946329428030326
15 16 5 12 48418 0.9243855639568176
22 27 28 15 72547 0.9870865264483321
4 20 25 2 102470 0.9109976594055004
14 23 21 17 36929 1.0704008735967971
21 19 5 17 44084 0.9389864452974213
2 4 25 28 123537 0.913699869408063
14 29 16 12 68441 1.0079748589245512
10 16 12 8 36121 0.9009491101644314
6 26 19 3 94466 1.0980746974529323
16 2 27 12 60163 0.9573554494313521
13 27 0 1 105268 0.9565576521381416
7 27 18 29 32743 1.0744779878620616
6 28 26 7 115031 0.9906538904632501
18 12 21 2 33829 0.9522843498079279
21 17 10 6 71252 1.06691361849824
1 26 0 11 41547 1.0801782196393566
10 10 22 12 45374 1.0829404397891425
23 10 17 24 58350 1.06115358967878
5 19 14 17 26844 0.9574211253555754
0 11 22 16 81058 1.0611895268850575
8 12 25 7 79127 1.0597224868919055
21 23 13 18 38270 0.9360120099875904
27 23 14 14 72901 1.0113131298040159
28 17 20 22 35014 1.0532899746460362
19 5 3 13 74810 1.0899997208274637
24 27 23 5 85431 0.9794816935121895
5 3 28 15 101747 0.9950384537304764
12 25 28 13 67167 0.9958872051188885
17 23 22 6 65045 1.003557230162847
14 19 5 22 33426 1.033220103453378
1 29 17 22 54827 0.9661172461977227
12 9 23 23 76357 0.9478481550344771
0 27 22 8 106110 0.9211901174603467
4 5 27 9 96267 1.0709008164356402
8 19 28 17 57032 0.9022574494502911
8 25 1 11 63636 0.979579354281959
4 19 28 5 108279 1.0430745451205186
15 13 2 20 50922 0.9978833362998849
4 14 20 2 74805 0.9455623669272792
25 2 5 4 81900 1.0791669069068526
15 27 29 16 77513 1.0579337524257042
9 23 13 17 34757 1.061836350246463
23 23 0 14 79403 0.9805108649409052
8 28 27 11 103858 0.947497957336106
27 3 13 27 101570 1.0336911758039924
9 0 9 23 91962 0.963872282627704
18 2 28 17 68054 0.9393465205959919
16 3 2 22 95461 1.0456053046843181
7 20 27 4 95646 1.0598075526695734
26 9 7 24 99806 0.9220949575696286
15 28 23 19 49918 0.980985586130303
8 4 22 11 71398 0.9473467338554675
26 17 0 18 71863 1.0647924133994862
20 20 6 7 68509 0.9994353213762744
17 15 28 14 38713 0.9159008318426686
11 22 25 12 61185 1.0848196057287605
15 11 0 11 58800 0.9750281017018253
1 8 16 2 64440 0.9498961924321161
6 13 25 6 77987 1.0364269282988428
16 25 20 1 68357 1.0078599651413627
24 15 20 22 30136 0.9599330265153709
19 22 13 26 33428 0.9934295642802511
12 16 23 3 69487 1.077486095832855
20 21 29 11 48964 0.9161110226060145
8 29 13 9 71374 1.0635789706900416
29 9 27 26 91733 0.9976700794461286
4 4 13 2 46462 1.0784767035147582
10 24 19 27 37750 1.0757593399563152
13 26 7 12 61223 0.9279122499715574
3 26 13 14 63852 0.9387670232499699
16 1 16 15 55916 1.0869275701184422
26 4 0 16 105142 1.0609866717969973
29 4 19 9 44976 0.9809865911551604
25 29 14 8 91897 1.001692477963321
9 20 25 14 62049 0.9632748530004577
11 13 29 17 62885 1.0985337669177404
24 25 12 15 59863 0.9455833686458004
22 7 3 20 87348 0.9699655630692012
20 7 15 18 46357 1.022243404955858
9 7 0 6 43442 1.0846655792112263
9 3 7 25 75152 0.9391678230101674
29 8 24 1 44071 1.0400972394839851
22 21 26 27 43036 1.0214774380299165
23 19 29 14 41424 0.9610103854627856
28 4 0 9 106435 1.0180159820796684
18 3 14 21 66765 0.9354662768486446
25 13 1 10 73597 1.0119999928807475
21 26 21 12 41881 0.9965958490898569
3 22 18 25 54587 1.0254423290768624
3 19 21 10 70603 1.0686796279354887
8 26 1 22 33759 1.0391889245092163
9 26 16 14 61462 1.0030852967828565
5 20 3 6 49140 1.0214976719512052
24 2 20 27 74729 0.9617068535365865
8 13 17 23 53062 0.9126533401150894
11 29 5 14 58251 1.0020778333534672
25 5 11 0 71858 0.9058360340952781
21 21 11 3 79354 1.022318914872404
6 14 21 18 53306 0.941609508641289
6 2 8 24 64942 1.048456179793023
13 23 0 21 51594 0.997921172873145
10 11 29 15 65148 0.9740493115340315
10 9 23 11 58249 0.9197325192752258
10 22 3 17 42658 1.086092869901137
20 10 3 23 83728 0.9320263586075608
23 9 5 8 72807 0.9501889318821245
14 20 25 21 37090 0.9317768148913615
24 27 6 21 67428 1.052534074413672
10 11 12 3 46848 1.0702131403259703
12 15 10 1 71302 1.0210630799359486
26 27 22 21 43036 1.0559114971693992
25 17 12 23 58198 0.9275195517184361
0 25 25 28 72445 1.072009630373485
9 1 25 13 85212 0.9020202654698501
18 28 11 21 43455 0.9599061020311062
19 21 26 4 66600 0.9422838264193829
19 6 7 14 65976 0.9071113711768912
16 8 24 11 35843 0.954924590398258
26 13 5 20 69639 0.9107585517005508
18 6 5 13 63955 1.001346785531848
0 1 28 19 113025 0.9929211565232479
1 2 25 24 121874 0.9706599943888958
24 16 13 1 77467 1.0362092300159547
7 1 1 9 39238 0.9356770252070321
29 8 16 12 62726 1.0033415327313027
7 1 1 29 88938 1.0533155064832056
0 2 6 25 83199 1.0887619002188438
12 4 25 23 92128 1.0768811088089905
21 28 15 14 62676 1.0977842146289079
21 19 7 19 33431 1.0395323456217291
18 2 16 16 55613 0.9054025598871253
11 17 17 28 54028 1.0664546068105585
10 23 26 27 62863 1.0708508039093365
18 11 26 8 36230 0.9076227109829036
4 22 16 8 76715 0.9647602024496273
19 27 16 16 45433 0.9174589540445864
26 22 17 26 44366 1.0323709296292503
28 18 0 27 94100 0.9223911062458827
14 21 28 20 46518 0.9721288370150105
9 26 18 5 94850 1.0865512635486747
20 29 24 15 51456 0.9081488306102941
29 0 25 11 63368 0.9923302161462052
25 3 10 7 69043 1.0867546806492374
10 5 5 19 63638 1.0656138684047252
16 29 24 21 45710 0.9604566758559677
7 0 2 5 24919 0.980243749010921
21 9 5 9 68428 1.0189181365749822
6 21 10 13 34892 1.0128773318762805
24 9 5 20 82917 1.0737863609559704
4 10 6 1 32069 1.0649459320838468
22 27 0 10 97792 1.0161959049679359
0 2 18 16 94683 1.0468446494937318
0 18 24 11 80743 1.0252516539973828
15 28 12 11 71455 1.0083300770176296
21 25 0 9 89484 1.0554311013181776
2 11 20 17 69481 0.9703545269339355
20 7 9 20 60426 0.9382393896022836
7 27 19 23 50958 0.9264484973333236
24 6 27 14 40595 1.0903258812916636
0 1 7 24 79276 1.0029571021499624
24 21 4 29 71494 1.0075278390782234
13 1 16 12 55686 0.9877568427209175
4 5 17 27 100386 0.9429570449085973
14 7 5 10 44513 0.9677392331237549
10 1 27 8 85102 1.0300257474966557
13 1 20 25 89182 0.9382824147682154
10 2 27 25 114705 0.9084316265870496
3 18 9 23 39039 0.9237211222302987
17 13 24 29 64396 1.0941688711960647
6 7 21 3 65353 0.9577420299948023
20 28 3 20 69505 0.9580572662579688
22 23 6 24 52914 1.011180611076178
20 12 20 25 34871 0.9915034031232708
8 27 22 7 99310 1.0447194698562918
24 1 1 20 107154 0.9275913134853341
4 23 0 9 46814 0.9201429397972914
12 28 13 0 112523 0.9883432120239029
0 0 13 5 65356 0.9682089455630163
29 12 18 27 67169 0.9322956181621714
11 12 4 0 60435 0.9823865385266325
22 16 17 10 37774 0.9444644644889367
3 7 27 2 101668 0.937258845676824
25 2 1 9 101265 0.9145770897312864
20 0 23 24 64154 0.9811340001413316
3 16 22 22 71642 0.9079010300861748
8 20 16 28 57065 1.080188047575016
27 25 5 4 111961 0.9125870145998064
28 9 20 27 80496 0.9428565209398869
17 9 5 11 51594 1.0451290346898998
19 18 10 23 42973 0.9382422100467421
3 18 19 5 86408 0.9764566908725267
24 16 2 18 65912 0.9513248510660282
14 11 21 23 54545 0.9468552479208954
29 24 22 18 46237 1.0476507529092474
1 12 12 6 64091 0.9802397192401398
4 27 8 16 49784 1.0721165733447977
18 13 17 29 56683 0.9064872253503046
24 0 6 0 82152 1.011952372934722
23 4 26 27 90640 1.0080939224662204
20 15 12 22 45646 1.040758652629639
14 7 4 10 47970 0.9065505386995353
15 0 7 7 63284 0.9733849283406262
10 15 24 3 73830 1.0407077095451938
28 10 4 29 115307 1.0144813588088508
13 3 21 26 83396 0.9074467123808753
7 5 0 20 51537 1.025194715284781
14 0 27 20 91822 0.9294874437065679
23 19 9 17 36882 0.9057095968228572
21 16 17 2 50156 0.903585971179161
1 1 0 27 72431 1.0794634202461793
4 25 25 9 104841 0.9959100142068357
13 16 4 15 43470 0.9128216507451768
19 6 6 8 60265 0.9010412917990778
11 7 18 18 58972 1.0380072286036905
22 7 7 27 99464 1.0837384539963257
15 9 9 15 42561 1.0603145574864226
29 12 23 26 65969 1.093092527069797
18 17 2 29 68674 0.9157962038498022
12 8 0 4 51554 0.9336422060805118
9 13 12 1 65138 1.0232967283757497
24 27 17 3 83299 0.9249769744184894
22 18 10 12 53828 0.937241022094299
15 13 2 10 46858 0.935746727269109
23 5 26 24 80619 1.0300616102742477
2 21 29 1 126142 1.0510341501409717
22 23 8 27 53706 1.0555128995605358
1 8 17 29 90571 0.967814181460371
26 20 17 17 31536 1.0534547612177458
19 4 26 24 69486 1.073136500635429
18 18 19 0 56191 1.0280889465285423
8 20 14 10 47467 1.0959666854835775
3 9 9 25 69070 0.9067677317101865
22 5 21 25 64838 1.0147974790747665
7 17 7 3 43170 1.077164810672111
28 17 3 18 74205 1.0226156726205058
9 19 17 15 30277 1.0883073805024315
7 11 3 20 39406 1.0075766805098616
11 6 19 25 80811 1.0094095416401492
29 27 11 19 70609 1.015652801496781
6 5 24 4 69627 1.0036985086611374
28 21 17 9 67833 1.0516751943073186
5 17 6 1 42973 0.978638333597987
20 23 9 8 70727 0.937914861306956
16 18 29 16 50492 1.0757919021056697
3 6 2 22 47603 1.0165142665455753
21 19 28 4 63453 1.0773232164129427
25 24 4 28 67001 1.0813611554111664
23 21 9 4 94826 0.9068383748348225
16 18 12 29 48597 1.0864131307138085
20 26 8 11 74443 1.0126836629625846
17 5 7 26 93665 0.9288470512184774
16 0 26 8 55137 0.9532519464502129
20 12 2 3 79130 1.0471121265957284
19 21 28 12 48007 0.9493601639930185
6 22 15 10 58697 1.0282728375366679
4 26 19 2 103151 0.9323246207322441
19 0 16 11 43056 0.9741977885056631
27 7 6 3 92294 0.9031341845580094
9 0 23 8 81952 0.9766055756365675
27 13 25 0 58734 0.9904025123992557
10 15 21 29 67287 0.9057072980284328
7 8 24 25 93219 1.0573562248293995
21 9 13 5 47789 1.0206836891056121
0 13 26 24 90254 1.0879657704266232
8 13 3 3 42009 0.9326340452920882
3 8 1 21 41969 0.9244128000092054
26 2 17 16 68230 0.9916330694101751
28 5 13 16 90449 0.9662766509945766
2 2 3 28 73387 1.091177552816772
12 18 23 23 47808 1.0076686726326167
22 23 3 21 70745 0.9035203791579028
9 11 1 26 67527 1.004860263250999
24 12 10 0 88373 1.0960380386737631
21 4 4 28 107529 1.0671696324499027
24 9 9 2 74141 0.9270106628332083
8 1 15 26 107422 0.9072152924121084
23 13 21 4 30583 1.025520508343069
18 2 26 27 92114 0.9887647197745755
8 21 20 8 68400 0.9631537194810307
8 8 21 22 77079 0.9747008813159613
20 8 8 8 43902 1.074995503617855
8 20 5 10 38292 1.0115501569908025
19 3 9 11 63264 0.9780062734392525
1 22 12 27 50206 1.010651932079251
3 19 13 10 50533 1.0690654377727666
23 23 26 5 84548 0.9118699673267014
5 8 15 22 69647 0.9853366849541398
9 12 7 22 44105 0.9440071636044791
22 10 12 0 69530 0.9128606584114245
27 19 28 7 74802 1.037902603766496
15 6 26 18 74376 0.9383489003259768
28 2 4 12 109161 0.9628067455389472
29 27 2 24 85019 0.9602758860704804
2 28 3 4 66408 0.9820912994835124
26 21 14 2 86536 0.9521494085124245
24 22 11 23 49335 1.0890891381254297
26 0 17 11 60089 0.9100871264387501
22 18 26 28 58933 0.923173095789707
5 1 24 15 90650 0.9435743161334336
17 11 29 4 54949 0.9559063740485572
24 2 26 14 51269 1.0773373931668173
22 28 28 14 73714 1.0838143025970697
24 7 14 5 51703 0.9104965346941646
2 15 1 27 37100 0.9767857846737622
21 6 2 4 76637 0.9972660385587426
5 3 10 10 38575 0.9404438274230038
15 3 22 21 66084 0.9315877913263783
29 25 22 3 83509 1.0800978116338604
29 6 7 27 127197 0.9324128546895962
26 5 11 14 75368 1.0263838698519907
4 5 7 24 60785 0.9494833147667505
7 19 11 12 28398 1.0897998075952482
29 10 2 8 99909 0.9660722667299387
17 21 29 13 50525 1.0445732815217053
17 28 1 26 49719 1.0024598377318135
11 4 7 20 67948 1.008202878004069
13 21 29 15 66222 0.9343720677063956
4 0 19 13 79552 0.9241325509562487
10 29 4 21 39284 0.9031507642183548
4 3 5 22 63870 1.0572237462081016
8 21 19 26 52384 0.9720744110941648
17 17 3 15 54284 0.9998770560548099
2 16 22 2 93831 0.963431538800507
3 19 12 24 38283 0.9071585746817322
9 6 21 23 86910 0.9254735931460828
8 13 22 5 66226 1.0268885405071502
5 14 1 7 38080 0.9413201971031822
26 27 11 22 60907 0.9763658259671937
26 16 10 27 77979 0.9489398071376225
16 20 22 26 38589 1.062999588244447
0 24 14 27 47761 1.0000431681563149
28 21 17 7 72084 0.9456700330781237
6 18 1 6 51152 0.9414022175808673
28 29 7 1 134308 0.9298434122130199
7 27 18 5 102653 0.9072730421618543
11 26 29 24 53464 1.0546732953276232
11 19 24 3 72894 0.9150817363361602
25 5 4 16 100738 1.0828044303029405
3 5 10 24 72103 0.924380837853617
19 18 15 3 57684 1.071874955128317
25 25 10 26 40932 1.088594380355312
17 16 5 17 40253 0.9017539158826214
18 5 28 25 82360 0.9861100525816161
24 13 6 4 71387 0.9136876434848583
26 2 29 22 104823 0.9763152038614901
7 11 0 20 42655 1.0367216065681737
10 0 4 7 50751 1.0253596719922338
5 29 24 9 100594 1.0434707733029
2 21 6 3 55359 1.0946836159956694
24 6 15 28 92983 1.0358788695626595
26 12 16 0 65785 1.0939635650680168
17 16 7 21 42263 1.0039620719739348
7 17 15 26 53403 0.9844923801161727
14 19 7 12 39126 0.9316268520130268
14 17 5 11 47467 0.9029483705760005
12 8 19 24 74188 1.0487022262069525
24 23 16 18 40633 1.0570815466690398
29 23 12 14 84432 0.9602684993245403
5 29 6 0 82340 1.0619592219998744
26 26 29 9 89905 0.9168877252795335
21 3 4 15 81924 0.9149979553907884
3 13 15 10 47285 1.0263286402000142
18 13 4 26 70488 0.921570312392166
21 23 9 17 46545 1.069072590759865
3 6 12 0 54336 1.0303752983070007
11 8 8 28 74873 0.9583305416023842
25 8 10 25 88258 1.0838491141134117
7 19 15 12 41094 0.9657924883929248
1 5 0 24 53341 0.9259617996078249
3 28 1 15 46388 0.9391446428520801
18 7 15 25 67987 0.945193246716591
8 7 4 23 65398 0.9860612535999651
19 1 24 10 42473 0.9512367929097101
26 22 5 9 95171 0.9067137429814494
3 20 20 18 47427 1.07718018470072
13 13 29 11 49032 0.9168039141062405
3 1 9 8 37450 1.0771338657172456
24 12 4 17 67783 0.9393259315688096
14 20 19 11 42405 1.0950168358942458
15 24 0 12 71338 1.0112179233426999
21 1 0 11 94974 1.0828688839740472
29 22 8 23 79127 1.0131719708037097
6 22 26 8 92356 1.0150128835141543
29 4 20 8 36027 1.027674615537385
5 17 27 4 96557 0.9793974523785043
15 2 21 28 89540 0.9163165338859872
4 17 24 15 68906 0.9873821730452321
16 20 6 17 35194 0.9413175092414067
26 24 4 7 107111 0.9625363062466467
8 9 17 7 44035 1.0715061592708561
25 4 3 8 86468 0.9605592420288755
21 11 9 17 50972 1.0789113518725275
15 6 0 22 88574 1.0828424917778248
23 2 7 23 102771 1.0195795959981702
7 21 16 9 64798 0.9578585533751826
27 4 16 13 56102 1.0207732096727171
25 6 17 4 36940 1.087303877002762
28 1 20 21 84150 0.9529096718284646
1 2 22 2 86469 0.946810622963262
23 28 20 20 31105 0.9286988145188533
10 23 16 12 51855 1.0806615471686989
8 14 19 19 44638 0.9914926413041095
17 23 9 27 35385 0.9858837947397672
4 28 17 18 62464 1.011923608708499
24 21 23 9 51600 0.9155927192917223
6 7 14 28 84105 1.0050114248575328
19 28 9 8 91835 1.0170580600771424
25 24 14 29 41265 1.011144397836542
23 22 12 5 87875 1.0418439836235494
25 20 24 29 43633 0.9793990495949353
4 4 19 22 95699 1.0484615519014175
29 8 17 13 54247 1.0741720821862017
2 0 13 27 101027 0.9951390185968731
7 22 28 5 117900 0.9216742736038306
28 3 16 4 42759 0.91645406049051
29 2 28 11 49404 1.0648920065371426
26 16 13 10 59623 0.9281076448578612
18 4 29 4 34526 1.0441991556205
21 13 23 0 43065 0.9953205016768699
14 28 2 2 98835 1.0046760759298223
5 0 16 20 83260 0.931234885018603
5 27 2 8 64639 1.0653239091737705
0 1 4 25 76672 0.947001608799761
11 17 8 1 69009 0.9630475141205814
16 19 11 4 62161 0.9158776984020583
1 25 6 11 56537 0.9636761274569033
10 7 25 26 97920 1.0969837397200843
27 3 11 8 66589 1.028163839676698
11 27 22 10 79901 1.053209584745253
18 2 15 16 59690 0.9015563159232551
8 27 12 12 61212 1.0518385875485874
13 16 0 16 49121 1.089608321983259
13 19 5 0 70958 0.9521539306832629
23 4 15 12 50615 1.0548239519584988
2 13 8 9 31055 1.084693636680484
7 9 22 7 66785 1.0389557771080271
10 8 24 5 59818 1.0733381690572052
21 17 12 22 41478 0.9033474425873236
12 9 3 5 44382 0.9263718828212091
11 28 11 13 41539 0.9884884856328607
11 0 23 7 72737 1.0650444954143623
16 15 6 20 45793 1.0458766853028636
19 7 14 12 40662 0.954787451381554
18 6 19 24 60332 0.9851617236319365
26 21 0 12 87854 1.084421363958123
9 19 10 28 40114 1.0403046575470751
16 10 8 25 72979 0.9127112677259092
10 0 0 11 63522 0.9238082205362554
29 14 11 18 61015 0.9116463859478228
13 8 14 29 75800 1.0103390502012513
1 6 17 13 68963 0.9385660635618773
12 12 1 10 48451 1.0168343779212188
15 0 6 7 57809 0.9470229967039734
12 22 20 20 37675 0.9647079412146874
28 16 20 23 45481 0.9342407190610854
9 25 22 5 93740 1.045093523546266
10 24 27 10 90218 0.9211857364420138
2 29 25 26 68203 1.0774292691226213
24 3 12 29 97235 1.0322627780734028
29 9 28 29 102095 1.0472018069147502
28 6 6 23 110717 0.900370485704714
3 9 6 25 57169 1.0735086738266817
23 11 9 5 73228 1.0625295158035888
26 9 11 28 98607 0.9416144095325522
7 7 21 3 67310 1.085747206203374
14 21 29 14 60811 0.9989142998711501
11 26 6 2 79213 0.9888293756195292
17 25 5 0 99985 0.9757842173461454
1 18 12 15 44585 1.0375094544605983
17 2 18 29 84327 0.945661933816943
21 8 17 24 55519 0.9557284601389342
25 9 29 28 100424 0.9548980543040758
29 28 22 16 71770 0.9062981284347071
17 20 28 0 92842 1.009104165651145
26 11 21 24 55688 1.0194188653197882
17 13 15 3 41948 1.092146756793341
1 4 10 13 49474 0.9102918947176539
20 4 2 26 99026 1.0171428678248136
5 3 16 20 75325 0.9351438847520993
7 4 11 13 43934 1.0580930933769936
29 3 13 15 83182 0.9577543863340922
1 23 26 2 124013 1.0598982450441552
14 24 7 9 68716 1.072435941112865
18 9 12 3 45876 0.9704304615337912
26 13 0 13 69660 1.0775305505317851
6 28 21 28 43768 1.0306999722028398
11 29 9 2 99840 0.9362836249171776
10 22 26 25 52411 1.0468035383761736
18 1 4 2 67166 0.9084742359053609
6 7 11 15 37068 1.0026471771982046
17 1 3 7 66202 1.042059706782791
13 27 8 0 103799 0.9516760022727772
16 22 25 19 34452 1.0596168219380377
5 20 1 5 48885 0.9203208426979095
8 4 19 2 50730 0.9644074102454601
15 26 21 21 32865 0.9056833263479419
12 18 19 11 48687 1.0813171665280314
18 25 28 9 82329 0.9169735061837924
1 18 26 23 85936 1.091393480286115
25 5 16 17 66314 0.9895850271198359
18 17 1 22 59431 0.9345362019160484
9 27 18 5 99020 1.0628973274417497
29 26 11 21 62166 1.0695816797070063
23 4 0 6 86991 1.0184274519978347
0 26 12 17 53242 0.9715239888394471
19 10 3 2 83726 0.9938156019420209
29 2 24 11 50233 0.9460167756988217
29 28 10 17 86137 0.9242054569909143
13 17 20 29 53877 0.9497728590894039
8 6 27 22 108367 1.09069804539305
16 3 21 15 44511 1.0239232026080411
1 19 17 26 63072 0.9022207392253723
6 2 28 26 120930 0.9846635979814058
0 20 23 0 106223 0.9726770109794931
1 15 4 6 40174 0.9500967657262406
12 11 10 23 45702 1.0039977742185346
7 2 28 15 105726 0.9043110098117034
5 29 0 8 61254 1.004506092124313
29 4 16 4 43086 0.9616009097893701
20 19 1 17 53102 0.965786794654689
2 15 10 26 53427 0.9571178998736135
16 6 0 22 88367 0.9666839146006185
18 6 10 14 52323 1.0476032747494566
14 22 9 27 35508 1.0946475984446957
3 3 10 22 79710 1.0992223246470734
26 25 9 16 67076 0.9097579263844998
24 5 1 23 111716 0.9494858503414745
15 4 22 19 58491 0.9923097623202994
6 24 14 8 67482 1.0348062602282344
18 0 23 27 82348 1.0755618811001002
10 25 18 11 62400 0.977735871784654
18 14 5 10 47868 1.0938417448737268
2 5 22 1 81001 1.080936548612292
6 12 25 22 78156 0.9976787230679147
0 24 4 12 44638 0.9244266954018191
11 11 0 19 46956 0.9688452108291676
8 18 5 10 33427 0.908657848392099
4 27 17 11 80936 1.0841683109078877
4 0 6 28 84756 0.9574900292594036
1 2 14 18 83111 0.9759373626855099
14 23 16 9 56540 1.0920187508598937
11 6 19 23 79417 0.9493478151429302
22 7 0 5 87252 0.9255451500494968
27 16 10 16 64369 0.9745316747674699
3 26 13 24 36544 1.0851088674252731
13 2 24 19 75916 1.016231854343286
24 26 16 7 76494 1.0313827052274651
1 2 15 0 72789 1.0150102095779647
10 20 6 14 29733 1.0094475730768695
19 10 8 12 50520 0.9166806785307204
6 22 19 21 48361 0.9295010904112218
3 27 17 3 114980 1.032508617694282
6 5 17 13 52188 1.089254734081071
18 2 7 28 109223 0.962638104465485
5 14 21 2 74800 0.935248564431345
7 12 15 1 73946 0.916536902249588
19 4 10 11 57691 0.9076614745129891
21 12 15 28 65712 0.9793918372212577
14 23 29 2 102318 1.0971628321000153
23 17 28 10 46601 1.0934010717466076
24 9 4 8 77418 0.9356477670032332
29 12 6 0 96917 0.9420118018616787
4 0 12 26 96859 0.9741002250346621
7 28 13 4 98554 1.0491913993458297
5 4 26 29 122435 0.9481855860396073
8 24 10 11 51869 0.9844850688813173
3 13 6 2 37968 1.0226601578793517
25 15 6 5 83582 1.0054829945457358
7 8 21 16 70651 0.9522870568437921
29 5 17 14 66653 0.9409696674378819
6 22 25 13 66753 1.0686970503055941
1 16 21 22 69948 1.072731896661282
7 27 16 17 55444 0.9222305475221152
0 3 9 25 90492 0.9928512664432496
20 16 8 1 86745 0.9790208472083306
12 11 20 21 53573 1.080819738010821
26 17 1 11 93185 1.0226844112335411
7 14 5 5 31190 1.0823995360610734
17 4 24 16 51203 0.9271021676888644
23 26 29 14 65180 0.9112673330114288
0 16 18 5 89644 1.0941115912126447
19 0 29 22 88369 0.9677753184372861
3 10 15 8 52560 1.0841329094855716
22 29 14 7 90108 0.9094684712669417
27 8 11 3 67786 1.0665530160406085
26 15 29 0 85764 1.0694880680051841
26 2 12 6 67464 0.923083922688615
8 22 6 4 60440 0.9988271599719114
8 15 3 6 46016 0.9980192894115684
4 0 24 17 106632 1.0502585295814157
28 15 12 24 82548 0.9364730802751537
6 2 14 25 84167 0.9428338602626135
0 19 16 18 43723 1.0031467860089802
10 12 15 0 65553 0.9104546808313277
18 8 27 3 38798 0.9439171574532762
4 13 22 3 77662 0.9097870357751549
10 9 2 22 62779 1.0888772952861523
12 8 17 0 46228 1.0389574861411712
28 7 0 26 133520 1.097981832654174
1 1 11 23 83765 1.036886231511404
20 0 10 11 61391 1.057130056568762
14 16 24 13 39172 1.0398563497115865
12 4 12 21 66441 1.0445017916850423
0 15 14 24 60320 0.9565857541792648
17 18 4 20 36571 0.9618390511447293
26 16 6 15 72899 1.0046631849927898
28 24 20 6 66497 0.9887889281332716
26 11 26 23 65964 0.9776527764201381
13 26 19 7 73045 1.0728009145730593
10 23 2 17 46666 1.0384551263647221
14 1 24 7 54805 1.0818060884621836
4 10 21 7 71035 0.9897772363682558
1 9 18 4 75336 0.9645335721063331
26 1 11 20 92354 1.029782387765681
16 1 6 11 66424 1.008695692880001
3 14 18 2 86466 0.9706934948861936
23 23 11 0 107686 1.086611967740314
19 26 0 22 67417 1.026499094890212
25 19 26 10 48122 1.0816597186636725
23 7 22 26 71460 0.9996127889716598
14 8 0 24 81142 1.0165226346501244
11 11 4 3 47687 0.9838961224818429
17 16 16 7 33260 1.0003417329578663
19 22 24 4 60760 0.9024299925926612
26 16 24 5 51012 1.006699155245793
19 12 9 14 40172 1.08453274729848
28 27 25 4 102351 1.0759590542883022
7 24 13 7 75088 1.0866567913618919
25 4 3 25 114385 1.0429695643443968
22 29 14 17 56260 0.9032824245570238
12 11 25 23 75709 1.0807051291832948
0 22 1 8 37512 0.9276050441602961
6 11 0 1 41148 1.0433815822503973
2 17 17 16 48824 0.9943771449443314
3 12 13 0 79951 1.0215152840651678
7 29 14 15 57663 0.9759007499713226
14 24 24 12 60212 0.9395008446060296
27 19 4 3 97261 0.9519662477218606
6 11 29 10 78370 1.0327625696993665
21 12 23 1 45817 1.0630148832515791
1 16 13 19 40573 0.9026316089302734
8 6 12 0 49939 1.0402390516716369
20 7 9 21 65432 1.0990751082293768
28 28 5 20 86909 1.076538013471437
11 23 16 1 87259 1.013308055807959
5 23 15 17 44530 1.0547741116632907
17 10 3 3 69919 0.9262742421799216
10 16 15 28 57382 1.0214139324864921
0 1 9 29 91967 1.0876228393904903
20 25 19 5 56289 0.9805074415136232
26 21 24 6 66956 1.0609385555962976
10 9 29 2 84897 1.0207142496856294
0 13 7 17 30626 0.996580971678872
21 18 13 5 71391 0.9319563363945088
25 2 18 25 81462 1.0028473782359721
0 9 20 29 91572 0.9608899998406484
5 26 19 5 95827 1.0079206685980955
2 7 7 18 49558 0.9764310376812443
24 6 20 23 58258 0.9172753651243093
20 14 25 27 51176 1.0516503187691786
16 27 20 8 65746 0.9983620907612458
17 12 2 21 62730 0.9501576684276989
1 17 28 28 98322 1.0517564156538406
17 19 28 22 45903 0.9893566743725317
14 1 14 22 82496 1.0321694682388336
17 0 6 25 106615 0.9701263730611388
29 5 21 18 72656 1.0056336019795338
15 15 5 26 59598 0.9163640232356697
15 21 29 8 84554 1.030235258623442
5 11 27 9 94283 0.9036013006077901
12 9 19 28 86041 0.924882358797161
14 16 27 24 56464 1.07638056096207
4 18 5 28 40398 0.9211063508718916
11 2 4 5 32445 0.9020006410998815
28 24 8 15 82445 0.9530975983509646
6 24 19 8 78943 0.9340523293931542
23 15 7 28 81278 1.012383142496878
15 16 19 8 42849 0.9363155297202511
17 16 22 7 45284 1.036406755193267
4 27 0 6 65246 1.0756119596842708
9 21 22 26 52845 1.057342711632944
26 16 5 28 92830 0.9952406334751407
15 22 28 14 68740 1.050429378784064
25 28 7 17 86133 0.9588454904274826
4 17 13 16 33624 1.0839079069246946
29 8 8 24 106421 1.0555672007953545
5 11 13 7 49264 0.9643099030469915
7 14 15 6 58521 0.9485048022529939
13 0 24 17 83399 0.9237058383698686
4 2 23 28 124395 1.0063409126339529
14 7 5 2 51920 0.9140541809095083
7 15 7 5 32083 1.0444248072618396
12 29 27 18 67304 0.9274265528683171
13 4 0 24 95833 1.0350172117638703
17 27 5 10 84993 0.9164291249355373
1 13 8 3 43912 0.9673399163653028
15 21 29 22 59198 1.0488126234069672
13 22 23 19 37136 0.9402227282331455
27 6 20 22 68364 0.9937266914230621
20 7 0 20 79047 1.0356067715588262
15 19 13 11 39173 1.0161629024554086
9 0 11 18 77533 0.9633087434709546
10 17 27 19 44543 1.0537341025350273
8 21 24 2 94967 0.9311891606543552
15 16 21 25 42027 1.0509237709546306
14 15 18 6 47671 1.0667163141033564
8 5 22 27 109783 0.960238415174886
28 3 10 12 82463 1.0013899788191574
5 8 29 5 97103 0.9178006724635891
26 9 15 2 61593 1.0860549330244686
21 3 29 9 52519 1.0176933682384737
14 13 3 21 52046 1.0427302648348873
26 3 19 28 88970 0.9135438052526946
1 23 16 6 92428 1.0516981805026253
24 29 18 16 54304 0.9766758049842328
26 5 6 10 90771 1.0422049792330073
23 26 5 12 84852 1.0817071017949547
1 7 24 26 112215 1.0287162661178926
10 26 21 21 42516 0.9663741562783317
28 22 1 14 100397 0.9097920847781719
18 18 9 20 30459 0.9904131014482558
4 12 17 23 69421 1.0793550624016546
0 5 8 18 58410 1.042113964909086
24 7 5 3 81808 1.0431898450321495
23 19 2 26 67861 1.0956073898223762
7 1 1 12 48841 0.9491276038237444
21 21 14 13 41176 1.0425565114526538
17 27 7 17 63903 1.024311223999431
5 8 26 12 77587 0.9223118118067358
16 16 24 21 35505 0.9693492913521999
9 16 25 11 60568 1.0049870794042748
6 27 26 27 69074 0.9823221131776096
14 24 2 3 89479 0.9577878644068814
5 18 12 23 39232 1.0614878217895742
20 1 24 9 31138 0.952506133330334
19 9 0 7 80738 1.0963973384121064
7 9 0 17 40076 0.9384416782242357
2 12 17 19 54593 1.0179745223487042
20 4 2 10 78088 1.015571362886115
24 0 3 19 102673 0.9052825531798278
7 20 24 0 97923 0.9426890706967046
7 1 23 18 96580 1.0074506330482609
11 27 9 2 95155 0.9962522472250839
21 4 25 21 59670 1.067907262645157
12 12 27 26 83745 0.9971305534324624
17 19 12 28 45622 1.0779528567983454
13 7 7 0 56756 1.0980411268389239
17 20 10 15 31996 0.9121459513590316
21 1 15 16 58863 0.9771108999166849
0 9 9 28 72596 0.9022789055240036
29 1 29 25 113761 1.058919545196008
4 1 19 27 111705 0.9957513074018787
14 21 27 10 72924 0.986196581389613
9 21 26 6 93038 1.0583647550767463
6 25 13 9 65640 0.9777950595590456
28 3 4 13 95688 0.9939218146702359
20 0 8 9 64723 0.9212018794729521
12 20 22 29 57347 0.9848238461819326
4 29 20 22 55895 1.0934838656788826
23 11 4 11 72979 1.0481971470339198
26 26 12 21 59997 0.9477043281911706
22 13 1 0 88925 1.0851821499723906
23 22 24 11 46692 0.9201378466578009
8 29 17 25 30846 1.0921767886781746
9 8 9 19 44815 0.9247494141412363
13 15 19 6 53323 0.9255250752658385
27 1 18 15 72301 1.0424421159318336
3 23 11 13 53858 0.9706504302874603
2 20 3 7 38302 1.051953307218076
15 27 3 23 53699 1.0440323103978504
22 17 2 9 82754 1.0052096006014986
28 21 3 20 75448 1.0645666478443938
7 10 3 1 36186 0.9051503492798435
13 6 27 18 86834 0.9616829017516996
27 14 17 9 44270 0.9751812841731244
29 13 8 7 78023 0.9345777314983381
20 8 16 16 35990 1.0799175245496253
15 14 3 6 61700 0.9730340020604579
13 1 12 22 89922 1.030718621581024
16 20 4 25 54435 1.0163607385779865
16 12 25 19 42956 1.0401591909441226
15 6 0 5 63527 0.9280499457480728
7 21 17 27 55659 0.900707905154307
8 1 24 26 124540 0.9944964018303961
22 10 26 4 38999 0.9279220840042399
15 17 6 13 38657 1.0847698434256239
23 15 19 8 30219 1.0573066169293055
20 4 16 24 62498 0.9726020711885934
0 9 21 19 72946 1.0228050809895708
14 22 2 20 43450 0.987090156430891
20 17 25 7 49282 1.0315249327109082
7 21 0 7 52663 0.985914239370703
21 4 2 28 107565 1.0632948276858416
6 13 3 3 36917 0.9513043664813203
17 13 6 27 65202 1.0280334720899507
