6860 7623 7784 7431 7269 7723 7683 7189 7230 6887 7775 7721 7783 7011 7246 6793 7564 6959 7852 6983 7501 6820 6791 6791 7629 6999 7674 7649 6887
4211 4480 5023 4128 4840 4622 4569 4990 4608 4146 5176 5304 5282 4451 4470 4443 4533 4139 4107 4828 4870 4414 5231 4171 4570 4116 4197 4960 4814
2417 3073 2073 2954 3011 2202 3003 2106 3081 2868 3139 2071 2402 2239 2379 3004 2638 3017 2300 2852 2601 2854 2609 2557 3254 3201 2124 2705 2581
7001 7109 7158 6716 7848 7718 6894 7637 6872 7036 6920 6735 7325 7559 7024 7133 7020 7628 7066 6843 7859 7368 6863 7893 7519 7887 7220 6700 6782
2172 1630 2324 2224 2287 1640 2653 2198 2533 2070 2346 2464 2064 2619 2332 2298 2427 2355 2030 1447 1659 1922 2456 1445 1760 1613 2032 1723 2464
8197 8122 8702 8522 8919 7732 8840 8093 7981 8636 8876 7998 8773 8481 8765 7821 8430 8914 8130 8090 8901 8663 7744 8061 7994 8317 7855 8193 8857
2495 1868 2613 1934 2744 2861 2298 1859 1940 1908 2102 2972 1926 2436 2348 2183 2465 2794 2325 2780 2275 2331 2975 2144 2801 1984 2888 2040 1832
4548 4455 5092 4698 4396 4668 4774 5321 5410 4789 4496 5272 5275 4420 5577 4421 4689 5327 4762 5116 4410 5448 4438 4373 5273 4887 5531 4410 5102
4933 4107 3916 4403 5007 4046 4641 3912 4772 4548 4351 4909 4420 5025 4485 4236 5071 4355 4941 4291 4310 4358 4551 4826 4598 3991 4669 4819 4829
3169 3914 3770 3482 3050 3562 2902 3101 3842 3144 3226 2966 3388 3287 3986 3185 3631 2961 3812 3771 3707 3800 3017 3122 2826 3320 3704 3915 2877
5760 5191 6130 6341 5739 6263 6286 5175 6204 5332 5692 6023 5644 5732 5397 5454 5551 5610 6222 6143 5411 5770 5919 5688 6063 5943 5821 5481 5658
1279 1883 1755 1900 2378 1674 1898 2166 1245 2345 2070 1327 2432 2104 1253 2211 1577 1299 1345 2205 2343 1889 1968 2117 2087 2111 2062 2343 1684
1572 1952 1750 1377 1375 2357 1462 1647 1523 2221 2121 1827 2460 1728 2101 1946 2256 2283 1627 2134 2352 2088 2295 2145 2444 1732 2197 2188 1860
6061 5159 5064 5430 5214 5636 5506 5213 5220 5380 5464 5720 5349 5818 5523 4849 4944 5050 5793 4988 5563 5712 5984 5474 5937 5227 5212 6038 5080
6087 6402 6286 5407 6249 6393 6222 5750 5562 5500 5496 5542 6401 5863 6264 6205 5402 6190 5490 5479 5427 5975 6001 6379 5354 6288 6103 6483 5760
7928 8008 7803 8540 7630 8036 7758 7695 7422 8442 7699 8394 7347 7663 7387 7820 7880 8193 8133 8457 8181 8145 7661 8482 7878 7789 7796 7450 7521
3277 3078 2456 3143 3221 2656 2146 2853 3270 3237 2358 2199 3193 2254 2582 3155 2737 3144 3210 3044 2085 2525 3008 2927 2683 3025 2141 2895 2610
5358 5806 5127 5550 5205 4985 5291 6131 5410 5145 5302 6019 5370 5504 6118 6032 5534 5899 5246 6013 5353 5755 5168 5732 5765 5291 6107 5385 5181
5018 4779 5635 5578 5497 5227 4763 5759 4526 5479 5660 5613 5303 5614 5629 5325 5478 4840 4727 4955 4693 5098 5406 5487 5762 4710 4768 4977 5636
6208 6955 6240 6413 6202 6089 6652 6203 6682 6259 7317 7134 6370 6638 6937 7277 6194 6547 6486 6103 6158 7110 7242 7254 6617 6614 6400 6380 6083
7148 7778 7200 7667 7902 7147 7430 8144 7493 7245 7386 7076 8007 7609 8045 7249 8237 7295 8018 8176 7978 7029 7861 7545 7198 7154 7525 8249 7571
2704 1763 2046 1934 2303 2920 2196 2529 2647 1922 2082 2116 2618 2922 1817 2386 1970 2323 1776 2383 1936 2329 2833 1785 2309 1881 2220 2481 2509
5683 5924 6238 5591 5210 5214 5637 5214 5846 6333 5915 5978 5870 5286 5408 5886 6300 5856 6038 5882 6015 6239 6283 5552 5901 5288 5634 5614 5219
1644 2724 2116 1827 2332 1942 2239 2162 1881 2168 2779 2783 1622 1739 2589 2643 1926 1695 2573 1567 2218 2754 2316 2248 1748 2339 1935 2539 2471
6531 5953 7013 5866 6568 6533 6762 6585 6609 6875 6319 6238 6190 6872 6559 6493 6598 5837 6082 6683 6927 7005 6519 6482 6836 6992 5896 7065 7024
3997 4127 4169 3921 4177 4742 4555 4718 4549 4397 3738 4637 4487 4456 4646 3873 4379 4698 3853 4827 4409 4389 3796 4901 3767 4388 4439 4947 4021
6706 6175 7204 6778 6579 6696 6860 6622 6883 7219 6701 6913 6646 7133 6024 6282 6936 7195 6580 6222 6883 6624 6111 6904 6073 6969 6427 6406 6854
5649 5261 5265 5209 5384 5788 5309 5577 5102 5917 5949 5192 5235 5254 5238 5889 6126 5390 5333 5436 6030 5881 6071 5031 6083 5182 5059 5870 5970
5887 6102 5921 6291 6073 6285 6651 5855 5777 6112 6891 5905 6270 6533 6818 6091 6048 6212 6082 6801 6494 6014 6750 6393 6226 5871 5770 5969 6609
1281 1427 1432 2214 1389 1824 1313 1250 2426 1827 1752 2012 1384 1391 2017 1221 1402 1202 1783 2234 1306 1714 1786 1387 2034 1729 1229 2265 1403
6684 3722 5715 6306 6852 5556 2248 5289 2570 7026 4724 8634 8469 1784 3038 4856 7688 5967 4770 4281 3606 2305 5514 3543 5175 3986 4633 3313 3261 1869
7231 3126 6378 7019 6561 5561 2547 5369 3499 8045 3743 7822 7280 1970 3167 4775 7778 6132 4855 3550 3949 2680 6442 2952 4230 4675 4032 3288 3081 1450
6361 3350 5873 6403 7249 5255 3151 5037 2975 7900 4323 7742 7360 2680 3024 5889 7685 6196 5078 4215 3854 2632 6048 3275 4186 4174 4718 3411 3279 1710
6583 3039 6277 6413 6571 5981 2784 5037 3303 8000 3736 8431 8007 2027 2651 5013 7405 6239 4887 4267 3348 3078 5510 2517 4621 4255 4939 3500 2662 2023
6416 3541 5545 6301 7324 5135 2225 5521 2675 7850 3660 7598 7870 2097 3642 5139 7869 6699 4756 4120 3865 2702 5630 2927 5023 4307 3793 3864 2831 2373
6837 3346 6581 6612 6767 5683 2271 5189 3397 6824 4702 8602 8334 2465 3139 5434 7258 6433 4659 3713 4012 3099 6511 2777 4316 3560 4864 2877 3784 2128
7294 3523 6149 6497 7405 5982 2539 5855 2923 7315 3906 7984 7622 1828 3605 5000 8002 5954 5267 3668 3830 2637 6305 3222 4743 4074 4059 3750 2692 2075
6101 3555 5561 6652 7171 5035 2219 4939 3055 7387 3848 8177 7476 2666 2984 4955 8164 6440 5407 3746 4255 2988 6154 3275 4967 4076 3849 3549 2574 2005
6615 3663 5491 7299 6995 5858 2028 5726 3450 7608 4165 7704 7599 1886 3149 5095 8259 6589 5525 3505 3525 2495 5960 2784 5230 3528 4190 3938 2933 2116
7036 3732 6121 6488 6528 5595 2875 5571 2960 7901 4256 8441 8204 2313 3050 5509 7290 6638 4951 4142 4033 3284 6247 2949 4812 4411 3902 3336 3191 2195
7011 4243 6100 7035 6699 5424 2904 5119 2976 7229 3883 7805 7404 2653 3225 5037 8297 5913 4436 3611 3542 3109 6556 2795 4387 4565 4099 2977 3249 1884
6168 3699 5734 6274 6545 5139 2607 4775 2680 7077 3808 8456 8459 2319 2592 4975 7630 6205 5301 4025 3997 2456 6689 3268 4693 3581 4821 3467 3274 1705
6327 3749 6652 7230 7186 5714 2056 5638 2832 7831 4173 8176 7300 2033 2554 4733 7264 6085 4925 3991 3807 2788 5755 2832 4240 4492 4612 3587 3440 1587
6363 3763 6238 6195 7116 5772 3235 5782 3323 7290 3601 8562 7422 2261 3487 5460 7289 6513 5274 4447 3741 2095 6029 2598 4879 3962 4362 3073 3322 1804
6730 3228 6422 6916 7532 5939 3058 5096 3385 7524 3651 8010 7926 1524 3061 5640 7891 5782 5594 3697 4086 2410 6111 3069 4199 4026 4074 3892 3199 2184
6256 3499 5890 7146 6786 5772 2638 4696 2939 7381 3678 8158 7647 2596 2511 5862 7838 6059 5366 4045 4219 2394 6318 3510 4344 3519 4173 3657 3654 1813
6133 3232 6121 6468 7194 5101 2693 5725 3187 7565 3594 7819 7444 1826 2739 5106 8081 6496 4792 3260 4156 3058 5720 3145 5076 4239 4531 3049 2864 1868
6640 4117 6237 6481 6711 5304 2713 5284 2777 7866 4022 8057 7909 2161 3374 5434 7265 6105 5243 4172 3502 3211 6249 3598 4713 4431 4250 3195 3417 2018
7090 3804 6521 6220 6848 5890 2491 5454 2690 7345 3781 8190 7515 2211 3630 5401 7921 6025 5064 3506 3254 2528 5611 3315 4484 4195 4906 3756 2799 1835
6792 3757 6517 7335 6529 6046 2437 5785 2830 7582 3690 7507 8094 2325 2541 4975 7930 6544 5414 3318 4135 3285 6617 3730 4756 3546 4042 3731 3452 1291
6840 3038 5815 7125 6351 5160 2235 4655 2547 8046 4280 7840 7350 2369 3412 5842 8008 6019 4487 4393 3999 2748 6361 3372 4985 3823 3801 3595 3620 2206
6854 4011 6094 6387 6849 5557 2999 4930 3280 7434 4382 8424 7781 1571 2953 4708 7789 5490 5375 3249 3574 3101 6052 2553 5030 4315 4885 2845 3363 1351
6826 3008 5571 6648 7418 5001 2504 4676 3551 7675 3511 7464 7957 2524 3719 5138 7667 6004 4898 3581 3251 2975 5562 3215 5247 3591 4082 3151 3445 1977
6365 3529 6620 6634 7005 5293 2693 5612 2772 7435 4562 8182 7331 1873 3131 5490 7363 5910 5257 3623 3915 3238 6394 2604 4837 4375 4045 3639 3743 2129
7112 3150 5697 6867 6482 5989 2484 5867 2503 6968 4550 7772 8192 2469 2698 5708 8125 6489 4397 4118 3770 2191 6681 3227 4181 3723 4128 3609 2730 1337
6980 4210 5524 7307 7366 6138 2188 4698 3294 7789 4047 8210 7884 1635 2944 5332 7553 5693 4414 3667 4227 2119 5941 2799 4049 4437 3965 3970 3663 2060
6898 3925 6529 6332 7037 5866 2992 4655 3317 7305 3814 7583 7308 2618 3406 4827 7271 6152 5214 3291 3296 2791 6494 2577 4069 4138 3915 4092 2752 2311
6246 4041 6229 6774 6796 5573 2133 4868 3577 7248 3878 8605 7422 2074 3549 5544 7878 6114 5418 3550 4053 3202 5970 3250 4894 3593 4336 2857 2982 2098
6410 3112 5644 7090 7459 5546 2356 5282 3370 7305 3895 8090 8258 2616 3180 5641 7523 5810 5063 3250 3965 3226 6069 3563 5174 4139 4730 3868 2600 2157
29 2 17 26 81641 1.0621286515971817
7 23 5 6 45410 0.9615535296957406
4 11 28 6 73017 1.067309065914685
29 12 28 25 25000 0.9447384160429269
22 2 0 26 113625 1.0535533002978945
1 23 28 19 88413 1.0950511899859368
12 17 8 24 28063 0.9229436154502845
29 0 15 18 69041 0.9378949924224023
18 18 2 7 70409 1.0881823211523263
9 13 15 22 37197 0.9607862566927439
5 21 13 14 34991 0.9966194343185732
3 2 9 10 39023 1.0837594972928526
11 16 23 23 46672 1.0814841206214652
24 20 26 11 38183 0.9047097082143502
21 16 15 0 59891 1.0225909189957103
11 19 17 5 43662 0.982622306966311
23 6 7 7 46466 1.0856217688611896
7 19 26 22 66773 1.0523855895130514
12 22 0 14 47940 1.0266585823010996
7 8 26 0 75825 0.9328154918388637
24 4 12 20 64389 0.9134728476384701
21 10 5 18 56672 0.9777224533028134
6 23 24 2 89307 0.9593228933842339
26 6 21 16 34219 0.9275283239073796
11 7 19 28 62966 0.967658732819285
10 0 5 21 63312 0.9503501231319242
18 23 3 25 50209 1.031956405691959
19 29 13 2 73257 1.0238084492785449
16 17 20 28 43219 0.9472264913733331
15 16 4 15 47421 0.9603441221241356
26 21 20 10 39689 1.095599530308508
8 22 27 19 64779 1.0794000430905892
25 20 13 26 55747 1.0957404056879245
9 13 26 14 41198 1.0962874991086735
19 15 2 1 76705 1.0578023566827384
3 5 11 26 62674 1.069732326607023
27 16 23 10 32160 1.0255670747785057
6 14 17 0 60630 1.090773534447355
3 2 1 25 68903 0.9530656845268114
17 10 9 16 37501 1.02287607096631
26 6 16 3 34457 1.0752655991718654
7 17 12 9 37680 1.094036837799353
27 18 24 9 46661 1.0246026445789893
17 18 11 10 35226 1.0616975940826328
27 4 17 0 57642 1.0197904842843046
23 19 7 2 81234 1.0064309953802875
7 19 15 6 48350 0.9485970172911766
21 25 17 16 45643 1.0332608201014728
25 14 10 25 60148 1.014958349235028
22 24 10 13 53768 1.0919633728343776
7 11 22 27 75405 0.9225525960150573
23 22 7 16 69360 1.060076934835514
3 22 9 9 48265 0.9114218592390119
23 18 27 11 29614 1.035307928736144
24 4 12 2 47197 1.0447474254935503
19 12 13 25 50873 1.050492273057215
25 6 23 21 37761 0.9078505631661944
11 14 22 6 42735 1.0596698224225194
25 15 1 12 65801 1.098334017340962
9 5 24 24 77649 1.0874108240808376
13 12 29 16 44631 1.0040526296001715
22 0 7 3 70184 1.0388398197885604
1 11 13 11 47692 1.025501440857985
7 24 29 27 63962 1.026830283895655
6 22 27 25 74535 0.924557885863083
11 11 28 6 52998 0.9663294071150399
3 17 12 15 37971 0.9074979408426765
15 3 21 26 73495 0.9256394717093614
3 5 4 29 56531 1.0607835048577712
16 8 13 29 57594 1.076404889943414
12 18 16 29 30450 1.0775684278830198
28 26 24 2 67583 1.0241384609854765
7 15 27 26 88792 1.038865820671869
9 19 3 28 37012 1.0941883584972603
17 28 21 6 62749 1.026168270861516
7 23 22 14 57394 1.070669203064626
28 23 21 5 54852 0.9066964176600496
9 10 14 29 49662 1.0955057023960195
20 13 8 24 50701 0.9695334661688733
25 16 11 29 64445 1.094225328679968
2 14 12 22 41735 0.9949585528166356
29 17 8 8 63841 1.0945819115059008
16 1 21 8 31848 0.9235327207351971
22 22 12 22 34986 0.90582494493374
13 2 7 29 67517 1.0881627203313768
18 5 29 10 39555 1.0168916437309272
14 5 4 16 50049 0.9899964799993574
3 10 28 24 88140 0.9021826830124858
1 17 18 4 79332 0.9083177211899108
13 26 17 9 56646 1.0335583109424193
25 29 23 16 31795 1.0792428358360018
28 11 5 18 76795 1.0166886771470105
15 8 1 11 54549 1.0995902757762142
22 1 10 20 68145 0.926006426011098
7 23 8 11 41957 0.9839192469534486
22 12 28 5 40744 0.9342324451146263
4 27 16 7 71734 0.9003990367250536
29 0 15 4 55148 0.9139589687858138
0 7 28 0 97890 1.0187716941829246
27 19 22 10 38559 0.9039639060574227
20 2 12 14 52162 0.9468797454318044
3 14 12 27 50872 1.0336486950781523
16 1 3 21 74411 1.0686306871126021
13 2 4 23 66172 0.9126284653629052
5 2 3 11 34130 1.0748045503982624
6 23 27 24 69468 0.9004294006881949
23 26 0 21 69470 1.0729173745269043
19 23 21 13 29777 1.0133440024610256
18 1 18 14 49526 0.931710711130333
3 3 9 20 61006 0.9747560400833002
10 17 19 0 68677 0.928260267337037
12 14 14 22 25557 0.9699325753319721
21 12 28 29 48258 1.0618370302044002
27 2 7 25 107088 1.002982697588251
16 2 28 3 56911 0.9623319912857529
4 5 11 2 26408 1.0952358199126537
10 12 22 15 39369 0.9598312404122683
21 4 26 20 52072 1.0531975541780951
8 12 27 17 68094 1.0876621333101506
25 17 3 5 84351 1.0140906505244398
11 9 12 24 31495 0.9465300572257074
6 1 27 28 104112 0.9715092314678354
1 26 25 8 98188 1.0433193553259235
3 14 17 3 62861 1.0842553868624691
1 0 14 9 58325 1.093389819375254
10 17 7 2 55407 1.0020606717825131
12 18 28 3 71481 1.0712115455966154
13 21 5 2 62362 1.092186761700054
13 19 0 20 47113 0.9105794496668923
7 29 17 1 80288 1.0470265188136143
0 27 22 27 56542 1.0149254117376134
19 25 10 22 42276 1.0791507807812635
16 10 10 25 45343 0.9881970606550795
19 24 29 25 38735 1.0175659322049007
1 5 23 24 93636 1.060141118376435
27 5 14 11 58548 1.0525628078581148
14 16 15 6 41837 1.0489626582220846
0 18 28 15 91571 0.9546377433615378
4 22 4 11 23617 1.0084164192503384
8 21 17 26 39730 0.9355351456073349
14 3 3 11 58312 0.9221862279261499
28 2 0 25 121189 1.0913762519093722
13 5 17 21 50125 0.9495186876687253
20 17 29 11 35890 0.9108810003167804
7 9 21 18 59813 1.0781839126819124
18 23 11 6 52239 0.9325682140792242
15 1 20 24 76177 0.9022232312879931
28 9 2 11 78373 1.0174027008538462
16 16 4 18 46663 1.0326263913082576
6 0 15 17 68083 1.0679451511664217
19 23 8 3 76817 1.0183451092634572
28 8 5 27 89629 1.0281947384248529
10 1 8 12 38588 1.0935640015459192
14 4 24 26 83512 1.0444940636812468
20 21 4 8 65947 1.0961108860962694
22 0 13 26 87683 1.0547959540103093
6 7 22 3 54570 1.0452638640886012
29 25 20 7 55426 1.0020585676378957
27 23 12 1 78700 1.0486198543664649
21 3 18 29 64459 1.067368922818749
22 26 22 6 50575 1.007954877967253
12 15 2 0 55603 0.9233449654307117
17 20 4 24 44415 1.015350032732238
7 3 12 28 69153 0.9353575882540995
29 12 6 28 73325 1.0538801679815284
9 21 26 12 58970 0.9717763057032258
15 17 27 29 59739 0.9281329851428511
19 28 18 11 58244 0.9272380906284341
18 16 25 12 36383 0.9401810683701955
25 2 15 26 90947 0.9332406764712369
28 11 2 1 95602 1.0391749641183181
24 19 11 5 57665 0.9901123389844633
6 5 12 25 54674 0.9544677239187724
17 14 25 20 39311 0.9874614242937854
5 19 10 5 49193 1.07729265521579
0 1 26 24 116407 0.9215381847122753
27 29 15 16 64255 0.9229020089816642
23 28 3 10 81226 1.0708360737040932
9 19 23 10 50343 0.9123237827465588
23 4 10 15 53919 1.073710611038814
14 1 20 9 45257 0.9057605007881736
16 20 29 23 43258 1.0778431729521365
10 23 3 7 55609 1.0965882677460894
11 5 15 19 41106 1.051361093343642
13 2 18 18 59093 1.075955454921315
0 5 10 26 77605 0.9382672409742367
13 3 5 22 65239 1.0620475637927025
10 23 19 12 44187 0.9929600966916373
16 18 26 22 43417 1.0765547740695598
3 28 29 16 75107 1.0405373146235828
29 13 19 7 40345 1.0622142483168096
0 27 22 16 85231 1.0113291093910326
4 0 2 16 40934 0.9213647293697903
6 25 22 17 64708 0.9212852327165869
12 17 23 5 49008 1.0954420675256704
2 2 11 6 33236 0.9311478240663218
7 16 8 5 38014 0.9048112540258597
5 20 25 20 63687 0.9400985827008055
11 7 17 1 30787 1.0277921042350342
5 9 13 3 40432 1.0773903710711137
29 24 20 8 48755 0.9109848812712925
14 21 13 3 46910 1.030336404863096
14 1 25 0 42370 0.9346405607745613
19 3 1 20 95363 0.9290893846812242
18 20 13 5 56810 0.9502290541795185
19 29 29 28 20320 1.0888971583297742
24 1 11 27 82292 0.9837331967096222
15 21 2 16 49181 0.994287663285269
24 10 10 16 51211 0.9905697167723174
10 16 6 10 30568 1.0429231079946704
3 9 29 19 80873 0.9152707650513757
3 1 0 20 59737 0.9563477588018013
25 24 6 29 51964 0.9135479481629414
15 9 20 17 44374 0.9190447307070991
19 10 3 28 78568 0.9332216404005415
1 4 10 0 48170 1.0411021596887935
20 21 28 2 62108 1.0206604308569949
29 18 17 22 45693 1.0766613092196138
21 8 16 3 26314 0.9512632807491462
27 1 4 2 82957 1.017301223937841
16 11 7 6 36947 0.9219291527370467
14 18 4 12 40804 0.9612494180598429
2 1 25 9 79446 1.0678664774979465
2 10 11 28 57141 0.9068762720090061
0 12 16 4 64224 1.0160412831961434
24 2 20 27 69031 1.0070088268333792
13 24 18 5 62076 1.0524241181526344
11 18 20 20 35168 1.0456809508662426
0 29 29 16 77033 0.9471791875664908
14 10 5 22 54090 0.9294792783348602
26 28 24 5 63684 1.0898719506833765
27 12 5 24 79126 0.935857971952249
11 0 6 5 26295 0.9304813309670048
29 26 19 13 43280 0.948245143313963
9 29 5 16 43899 1.0750658055551263
25 3 8 25 92682 1.087478892676672
18 3 6 4 53472 0.952704334592936
24 17 17 5 49873 1.088148467091751
21 14 4 9 49399 1.0536384240140957
25 6 22 16 35449 0.9017063892456864
9 28 6 12 46894 1.0455591338063972
21 10 14 17 40277 0.9105296468639452
25 14 2 21 72073 0.9039377411161414
6 5 4 21 39595 0.9103265213601273
1 6 2 21 42247 1.0552027150194023
6 25 25 29 44124 1.0214780138209747
15 25 25 4 80830 1.0837272560548985
0 21 12 1 67789 1.0852532440670435
24 5 11 25 70884 0.9406612745398947
15 29 20 5 71081 0.9814564654239041
15 24 29 22 50005 1.065161725233097
13 19 23 1 65908 0.9092271444631465
1 3 20 10 77832 0.9124171012496456
0 22 17 7 83746 0.9776418555281565
29 19 2 21 79380 1.0403543521197776
6 23 12 16 31990 0.9024001125333362
0 4 15 18 83531 0.9738033925297753
8 11 12 2 32893 1.0610019737013594
26 13 22 27 39418 1.0039261541600089
9 1 17 21 60586 1.0116452057800969
11 9 22 4 42662 1.0038829485852108
4 28 18 4 88351 1.0077261009528342
14 3 0 14 62801 1.0391967173366983
25 26 6 22 63696 0.9557443118201931
20 3 16 13 41284 1.0830736934665985
19 21 25 9 48334 0.9098001805494937
3 7 10 17 47678 1.0530595447621223
6 9 11 2 26369 0.9028064995207951
20 2 7 2 60274 0.9224512805832353
5 10 11 25 45446 1.035368796639905
3 27 17 10 69880 1.0299793223649125
20 20 8 15 55417 0.9640616945417433
0 15 6 10 30518 1.0794045460146469
15 10 24 15 36233 1.0627443946652744
18 26 23 8 56727 0.9468748190552544
4 26 20 23 54612 1.0955075404766652
29 25 3 0 107886 0.9117677299998574
11 16 4 22 31005 0.9723332840211534
11 23 17 28 26971 1.088987652599887
25 12 13 16 45269 0.9338080924890482
23 10 29 16 25098 0.970585439647894
2 19 24 0 96496 1.013621846303448
5 9 19 15 56745 1.076438001235013
2 11 14 0 62210 1.031663173991479
7 28 24 2 96949 0.9242051828528322
22 14 5 18 55731 0.9325471113060868
6 16 18 27 61848 1.0296960108225615
10 19 19 8 46632 0.9183935724516107
19 19 3 27 63146 0.9777506403312123
19 6 1 2 61105 1.0503547187676658
15 20 26 7 65256 0.9811752927276919
1 24 19 0 105651 1.0096014209091428
9 11 13 29 45210 1.0888843685520615
5 29 16 10 61381 0.9855048170369781
2 21 29 22 77554 1.0288862991441148
27 2 16 5 51744 0.9090508701055986
0 27 2 11 48703 0.9337219578094532
23 7 8 21 62237 0.9965437989317587
21 6 8 2 51297 0.967367798327781
27 26 0 15 104141 0.9053688735608103
2 2 16 16 65443 0.9067630330013999
9 9 13 27 50393 1.034242132642664
25 1 1 5 79451 0.9364968407715608
23 26 24 7 47362 1.028733333814362
1 9 10 25 63079 1.0480410475758808
17 17 11 27 42356 0.9025758076865695
28 29 13 29 28282 1.0519451485288376
11 26 20 13 43662 1.0513811605569254
23 18 29 3 41268 0.9293704810966056
14 12 10 1 40330 0.9685865174156966
11 28 16 21 26720 1.0816422537761927
17 24 29 18 52358 1.0048064681584639
20 13 17 3 43267 1.0440950473155337
7 26 25 9 86859 1.0046259021160402
22 12 0 25 86783 0.986250355408951
14 0 24 24 88177 1.0922847517633179
20 27 10 12 64387 1.0576141621411619
17 7 26 11 47715 1.0944077388367752
11 20 22 27 44750 1.0918446238006965
22 23 8 10 64986 1.0075502164334218
27 24 25 11 45578 0.9643600650700779
28 1 7 4 77000 0.9755655455387249
17 29 3 2 86855 0.9896291824520997
8 6 16 28 63591 0.9191580323713141
24 13 12 9 33903 0.9133283437327474
27 14 21 4 39277 0.9499401743381164
18 8 29 28 61532 1.0389979291283136
22 21 1 25 70938 0.916083998777142
14 10 20 5 36316 1.0708949464124333
20 3 0 10 82966 1.052043845253286
4 2 4 22 43892 1.0134881048723627
23 8 13 29 64880 0.9710311901087729
3 29 7 10 50073 1.0568036548396436
22 16 11 23 49007 0.9468887904406008
5 23 29 28 61875 1.020846599237253
1 10 24 28 90421 0.925652918164407
16 29 5 13 53502 0.9943958516685842
14 17 26 2 79248 1.0918869925650387
0 9 11 22 59368 0.9081769229420875
12 18 3 5 50798 1.097621476557415
10 16 24 17 54272 0.9764778799352176
8 28 13 8 53218 1.0553191462742597
14 5 29 20 68221 0.9792460704834652
23 26 29 19 31395 1.0948872643214251
24 14 14 8 40438 1.0730409929741136
11 14 1 8 39266 1.0500346547341677
0 23 3 3 62724 1.0077304864488885
14 7 5 17 51215 1.0496890798453322
10 9 26 24 77565 0.9761375821451862
0 17 10 11 51988 1.0981490300290884
17 29 2 10 69786 1.0716313461038685
17 25 25 1 80113 1.0236984423945483
15 4 9 13 43824 1.0509554974303432
16 28 16 5 63327 0.9530311879635737
29 0 5 26 103264 1.0731379439241806
18 18 2 6 71119 1.048556610651315
22 11 24 25 42260 1.0283058728704646
22 9 0 25 95514 1.0968783822507928
4 23 0 7 52064 1.0676247886303507
23 2 29 25 54504 0.947492147003253
14 27 6 13 47700 1.0238534055552628
6 16 26 23 73685 1.0581778299885567
28 27 6 23 65231 0.916419739881402
29 4 9 28 81967 0.9060651885720389
20 19 18 11 35408 0.9854652181653981
2 0 26 1 88203 0.9331838339141809
21 1 17 21 56361 0.9622885543225246
12 1 20 18 57283 0.9987607832407628
11 5 1 1 38355 0.9083458755655304
0 22 9 24 37185 1.0001665464673484
28 19 13 18 61710 1.0508580001225252
25 9 3 0 81812 1.0764756959071091
7 10 29 11 64382 0.9514274616750679
8 6 0 19 52440 1.0167140774329742
28 11 20 7 43858 1.0727436663805152
9 2 25 2 65600 0.9790086231295991
14 4 22 7 38033 1.0598691153423978
0 10 3 28 53566 0.9999848609256173
21 29 22 18 29817 0.9303344820986663
10 1 19 13 44247 0.9188536992846287
23 6 26 22 46756 0.9404498273563939
15 29 11 6 51361 0.9621083133589041
0 20 27 27 87373 0.9421737787474151
8 13 15 6 30409 1.0724816354487754
9 20 4 27 28856 1.0188095775161787
23 1 13 0 41518 1.0347061588380304
28 9 6 24 88545 1.0236574321986707
1 23 8 7 55589 1.0581702756506701
17 4 7 3 50265 1.0492734053275137
26 29 19 6 65496 0.9471561290622498
5 10 2 23 37871 1.036899593823418
15 28 24 13 55983 1.068311175576175
24 25 1 14 82132 0.9631511124584786
17 1 9 19 59032 1.0644767736833352
15 21 3 9 56938 1.0431970841008815
13 0 3 27 79721 1.05802539557472
8 17 16 9 46914 1.0082703520586886
29 6 11 12 53401 0.914356523962134
11 27 20 23 37442 1.0646586220239105
28 14 14 10 47268 1.0619712094348597
16 25 16 14 31100 1.0217890455760896
6 24 27 20 70444 0.9185179421957139
24 27 9 2 92775 1.0753992139527568
21 3 4 5 52021 0.9656354738018909
4 11 26 2 86585 0.9124021199979715
6 21 19 18 49008 1.0611384592240702
2 11 18 9 56666 1.0894877688141615
24 21 5 22 59642 0.9097402720182243
22 5 29 1 30075 1.0984553584020924
2 9 18 9 56444 0.9618349376215756
27 10 1 1 93770 1.0622279464058062
23 25 24 4 52929 1.0231284759637218
4 28 6 10 41680 0.9568217416493257
18 11 26 28 64881 1.0057030659806883
19 26 29 23 37606 1.0834346191334376
15 3 8 19 61705 1.0694619082637937
17 1 5 27 87403 0.9220082617426737
27 9 14 28 79042 1.0181320299863936
6 11 7 23 33032 0.9352438727638434
7 25 18 29 36072 1.056561690045159
20 2 14 12 52541 1.0885032315612015
15 13 20 25 44080 1.0725039492367885
1 23 14 29 39653 0.9985304121551052
25 5 20 29 66387 1.0384428101057714
26 14 10 13 38885 0.9498539467889489
23 2 13 15 55674 0.9591094212414931
24 3 19 11 42819 1.0307796339832436
27 1 0 26 121821 0.9195062245864779
10 23 15 2 62368 1.0694810603166507
13 1 19 19 62255 1.0419017657012875
16 5 7 10 39174 0.9093957398804765
20 22 10 26 45525 0.9394118017885154
5 0 22 5 68293 1.0249675383742087
10 22 26 28 53717 1.0574103656033151
11 10 28 23 64453 0.9178039713943202
9 1 14 15 47389 1.0856494029354946
18 19 10 3 61717 1.0097583982757143
22 23 1 21 63392 1.017700846825038
3 25 19 18 66541 1.0589197175656744
10 5 21 18 53624 0.9184208115958326
23 6 15 18 49859 0.9476127167317192
28 17 6 4 82499 0.9581285275647329
20 8 7 27 75825 0.9897993361796067
0 5 27 21 102006 0.9435168757964902
0 19 10 7 60727 0.930087238990438
16 19 18 6 41744 0.9327624286006743
23 12 9 6 46604 0.9120142419741616
21 8 11 26 57416 1.06259039906569
26 7 21 24 54479 0.921192171911949
1 24 6 8 49534 1.013828012661894
28 24 4 23 73378 1.091294363467979
19 18 6 2 75904 1.099802765780554
19 23 11 0 66423 1.0463374927557043
6 9 20 27 76344 1.0917675280401689
18 29 12 18 34336 0.9250877619736716
9 19 23 15 47487 0.9657672068766329
4 0 15 3 55517 0.9692020685166132
19 2 3 18 89192 0.9065763420820472
22 15 16 10 28089 1.0878645111396137
13 14 10 27 32590 1.045275439118187
15 11 1 7 58696 1.0263796994247207
5 15 25 25 81398 0.9750739175676258
0 14 3 5 34571 1.0133256800299488
3 5 25 9 70573 1.0916742389481071
5 14 24 5 65510 0.9085327562200985
5 25 24 18 72051 1.0914173443487545
21 14 13 2 49000 0.9067166337544725
23 6 0 29 93677 1.0599094488438079
10 0 9 22 55893 0.9220896565802147
2 2 0 15 43159 0.9254146701786822
5 29 13 11 57680 0.9490541740394669
19 13 11 3 36366 1.0387798751314234
26 20 20 15 34606 0.9318669213506294
21 4 25 25 59542 1.0670328395748787
0 25 27 18 100732 0.9964482679949436
2 2 19 16 83663 1.0978769858514907
24 11 7 10 60288 1.0609483287225783
11 12 21 26 52707 1.0676024810934668
2 0 29 15 91868 0.9259083636403326
18 11 16 20 35029 0.9905306220766371
6 4 21 21 70791 1.0625738543831997
4 19 12 28 36862 1.0522625843639246
4 20 18 28 49834 1.0866203582485447
7 27 11 8 49790 0.9451566958318706
9 24 25 2 88845 0.9036729670453314
19 13 6 5 45840 0.9164734824148486
2 24 12 15 47989 0.9598413321836469
21 8 29 28 53465 1.022362800813037
2 4 11 15 45049 0.9599698640390365
18 13 9 1 45768 0.9502388727897766
16 4 17 16 41107 1.0202284171594684
5 16 2 4 42594 0.9752021999858892
2 25 26 13 80753 1.0635807178974979
14 15 5 28 57336 0.9528140782996295
7 17 11 28 44218 1.07233946216867
23 0 16 27 80510 1.0699205582044227
24 19 6 23 59339 1.059202264682579
1 7 3 23 49292 1.0828168237776985
16 11 10 0 44801 1.0372224334195996
2 11 22 22 72607 0.9689685082890943
0 23 19 18 71368 0.988892138990746
18 29 15 3 83333 1.0100392073781745
29 28 19 27 29139 1.0813916327513229
4 28 7 9 50375 0.902823332942518
11 21 24 28 44114 0.9535701689694941
4 19 13 29 36589 0.9222589972786326
7 11 5 20 33718 1.044534008834944
4 14 22 9 56324 1.0449259649557499
23 20 26 0 58902 0.986250953482075
28 15 2 4 89746 1.0424417179658325
4 16 9 21 23839 0.914204510697838
16 17 11 28 38203 1.059772850462432
6 20 27 28 66991 0.9654377984888939
2 19 5 29 28951 1.01878690070062
4 2 23 27 95029 1.0557792269409563
16 5 27 26 77810 1.0717221098136573
0 3 3 20 62445 1.0104199606798245
13 1 5 21 59717 0.9716075161446659
29 25 8 25 61061 0.9726709952603767
21 14 11 4 42082 1.0604467783101943
4 24 23 5 82194 0.9857126384959749
24 22 0 20 78377 0.9868501812065865
28 11 2 29 89829 1.0654996030516775
15 14 11 22 25816 0.9075254782058441
4 0 18 1 53062 0.9935434685180444
12 19 5 29 35543 0.9351890477092195
8 3 5 24 64591 1.0303521977850574
20 2 4 26 95024 1.0538961562168507
15 15 6 4 52189 1.0075532191580132
3 2 3 26 62382 0.9265271191827823
20 6 10 18 49409 0.9175987762688959
12 17 6 13 21696 0.9557691184114907
6 23 11 14 31115 1.0658668614580686
15 0 2 3 59505 1.0877386112562213
20 29 4 29 30881 1.0519789453762698
11 5 5 20 47846 1.0327930779025718
23 13 6 5 54629 0.9038037605264622
8 19 13 24 29030 0.9910692883559927
18 2 10 23 71018 1.0449777933764013
19 23 17 10 49146 0.9669052534076283
20 12 28 8 38411 1.0173836884164664
2 23 25 26 68362 0.981505002981347
11 28 9 17 32818 0.9526527975780047
21 20 0 28 66026 1.061263552509961
12 23 16 15 31445 1.084813713969051
8 15 1 6 41493 0.9950753766022178
26 3 6 25 104739 1.0106857928886965
23 17 11 12 37049 1.0960824846663508
28 10 3 18 80874 1.073403385934264
21 15 2 10 54591 0.958704446464067
4 22 24 23 62743 1.0430269785147064
26 19 13 10 58240 0.9259470987280394
14 2 24 4 51768 1.0329067673866574
25 2 22 9 34332 0.9854947532985755
5 24 14 8 57933 1.010592793254798
19 2 10 29 88848 1.0128040904696636
20 0 1 27 112747 0.998287203017893
18 16 24 21 39895 1.0131120992129072
26 26 6 6 92261 0.9344787511510613
26 23 0 24 85318 0.9057167871214433
27 22 29 7 35516 1.0228914201774033
8 6 19 25 71778 1.0514610889227511
26 29 20 0 81334 1.0156140204330777
11 25 19 29 23014 1.0596310094061834
2 16 25 19 74863 0.9621985978445626
6 22 29 7 80734 1.0779263765631375
10 11 17 8 31511 1.0614522379764182
2 2 21 10 68693 0.9321324827373971
2 21 8 29 29706 0.983801224250086
12 3 18 7 26265 0.9872119734084666
5 3 27 17 97021 1.0057252956640703
20 6 5 6 38764 0.9699239242859365
29 22 17 11 52105 0.9771884906413498
15 3 3 22 81165 1.0510557093686188
11 0 21 10 46326 1.0242496727133774
7 17 21 22 58943 0.9872185449008573
8 1 17 8 42610 0.9704951329925313
10 22 28 24 67198 0.9151290359339599
7 26 14 16 53873 1.0195216886082341
0 23 27 10 99617 1.0209695253882383
16 2 4 3 48282 0.9571072557547694
1 16 9 26 55527 0.9548817324928083
26 23 11 3 75805 0.9296246350146008
18 4 17 16 51360 0.941817869934554
29 15 26 7 28864 1.0074583022713612
9 24 22 27 45632 0.9174365017014331
25 0 28 17 51376 0.9880056170586041
19 29 23 14 40386 1.0363680333211922
24 29 13 2 82211 1.0884461471056333
8 19 20 14 45432 1.019408691474804
7 9 16 29 66461 1.058664980393996
18 8 5 29 73543 0.9634107027048168
1 22 14 15 58365 1.0256482618284284
22 26 9 7 73616 1.023477969543718
15 29 28 0 80495 0.9764093631729696
26 7 11 15 54898 0.946291397795596
8 2 3 22 66028 1.0004458581502502
25 2 6 24 97148 1.0804663946799504
24 21 7 25 59440 1.0180363619374715
1 12 11 15 31224 0.9030622361726092
15 25 0 29 43990 1.0978782009751502
25 24 6 12 71744 1.0260594748255927
29 27 29 6 34399 1.0258757272227839
17 29 17 6 67842 0.9463253076108162
21 0 5 12 73011 1.0409432704681119
25 26 20 6 58968 1.0316577445658037
25 17 19 7 47526 1.070321805214794
23 29 28 4 60831 0.994565969826103
19 9 4 10 56534 1.0126857450621412
18 21 26 26 37964 1.0891784987409459
15 12 17 25 47536 1.0403783877034625
15 9 24 20 52002 0.9558802421636907
20 4 16 20 58702 0.988550550429448
9 27 24 24 47848 1.0469831109905627
0 25 15 7 86817 0.9378542612252191
15 3 18 13 39409 1.0484443777847583
3 24 25 25 68010 1.0418161414446474
28 22 17 26 49949 1.0841551890342225
16 23 20 9 54660 0.9800294643045733
18 17 26 19 39022 0.9176148525732969
22 16 12 15 38049 1.023281642399582
12 9 3 18 43774 0.9673307543413261
7 24 21 17 55424 1.06132391684787
2 8 10 1 41938 0.9452041301935119
8 25 24 7 78038 0.9576072192288693
22 15 14 27 55714 0.9688579179406345
4 12 4 27 30459 1.0320027283902387
27 3 0 2 103733 0.9765699354076317
4 13 27 8 64747 1.0933192088649484
6 25 8 0 68893 0.943945782717993
6 22 2 15 30254 1.0318810770367
3 25 29 6 95882 0.9689238140197789
25 2 11 3 57349 0.9219580164995854
25 27 0 12 95410 1.0774543128679275
5 20 19 0 88308 0.9284591724338873
12 14 3 26 49168 1.0546845446565793
24 12 4 21 66858 1.051533636160022
9 0 15 7 39448 0.9921317627336378
19 22 26 18 39012 0.9077297209054347
12 9 10 23 31834 0.9660202005108576
9 27 29 22 55904 1.0903021374776674
6 2 7 22 52848 1.0258405272529865
13 26 19 4 76179 1.0959669979640618
24 12 17 21 41443 1.0042108841178827
15 3 8 23 67380 1.0204706159309769
19 24 2 5 87408 0.9148384065569292
25 29 8 23 46037 1.085628723350969
3 21 11 29 33269 0.954036827936794
16 16 6 5 47633 1.07700704442632
13 25 10 2 57547 1.0082997157614288
6 9 16 23 52267 1.052222255988553
13 7 4 4 30695 1.0544102482069508
27 25 18 24 41113 1.0029963596534361
24 18 12 29 49899 1.0358649899549435
28 23 13 25 54502 1.023872830104569
20 0 10 12 64246 1.0680164498005866
25 1 13 7 50129 0.9222467276309235
1 12 10 26 56475 0.9804058016321642
5 8 12 12 29133 0.9909569360023264
24 28 20 13 43036 0.9587373243786828
26 9 24 25 57076 1.0700776411205113
28 26 0 17 101973 1.0457807583022765
19 18 28 25 49899 1.0630977376797928
13 7 28 1 58753 1.017694568456085
12 13 29 28 61386 0.9763120154018902
3 18 22 10 65649 0.9107799401755694
19 26 11 28 32110 0.9328038227618947
28 17 5 5 85438 1.0128124213249863
11 5 29 7 49499 1.0981081105102206
15 1 25 21 73206 0.9677403778630875
7 12 23 22 60217 0.981667768857304
28 16 7 29 70928 0.9791791106866561
21 21 24 12 29671 0.953163306679921
16 15 13 3 38850 0.973930183034223
27 27 5 25 63895 0.9799438925855375
7 29 23 3 86150 1.0152443068566086
27 28 5 16 83424 1.016654457953303
27 5 4 21 90574 1.0764481478093977
0 12 2 27 49166 1.069628158595441
14 3 26 13 61173 1.0075233749546302
4 22 11 7 46582 1.0985545507736234
2 10 26 24 90748 1.0486979894293202
15 24 7 20 38588 0.9908134574714267
11 13 17 27 45838 1.0380662896921702
8 6 27 12 60840 0.9120589845435948
27 26 3 25 71500 1.0715369177673961
6 13 10 5 30929 0.9311677785869912
21 3 11 25 67187 0.9053195722905542
0 20 17 11 70117 1.0301771701229783
26 1 28 15 40377 0.9368795148632685
2 26 28 5 105087 0.9331795372678344
4 8 16 11 43510 0.9546204738811823
11 25 19 7 61833 0.9051102443406635
5 27 15 29 24304 1.0572198363280714
8 16 27 18 75717 0.9757008833930327
1 9 11 16 41684 0.9811671564805642
11 2 1 17 58197 0.9060541180604017
25 27 4 16 74006 1.018204699633454
10 7 23 6 38683 1.0278357497050181
25 18 3 28 75270 1.0358334556251203
20 14 24 26 39313 0.9280331189965246
13 13 7 17 31084 1.00049927573302
29 24 16 18 50899 1.0692924036104547
8 2 23 18 74929 1.0358706382826677
27 9 3 13 71876 0.9129384373601687
16 5 23 21 52380 1.0264560635402376
28 11 11 3 67999 1.0243906486206902
17 9 21 27 58251 0.9310359679233636
26 29 25 15 47696 1.0873597316780426
9 19 17 1 59032 0.9586086720125317
27 27 15 22 55834 1.0147112617410023
29 12 17 6 40805 1.0687618798697625
25 8 3 9 72907 1.0614641594769567
5 24 14 0 77297 1.0684246484405957
12 14 8 28 38775 1.0755690038240904
7 28 12 3 61178 0.9590167904978351
5 15 8 5 34027 0.9759105203729611
0 9 0 21 48542 1.0789765170832806
18 10 5 19 55709 0.9331973388070027
20 16 11 11 40517 0.9267095153709424
17 7 5 17 60367 1.0751770554120341
29 4 15 27 75080 1.0752274885093516
9 9 17 14 32838 1.0292712937812571
23 26 2 2 100794 0.9785431079705926
28 28 6 22 64673 0.9638759753381714
15 1 29 7 52284 1.0993346073511565
27 11 14 13 38129 0.9634037554361099
0 29 2 15 41616 0.9079538809417026
5 14 11 19 26710 0.9768917561608864
29 1 19 4 45598 0.9344094978581166
18 5 9 8 33345 1.0793302128932585
18 4 2 28 94013 1.0756626292605507
21 0 2 24 97207 1.0693114297799375
13 4 22 6 35349 0.9856067438499795
2 15 29 25 83715 1.0536738842109643
21 21 24 12 29671 1.0604572828713834
22 5 9 27 78729 0.9813857688724803
27 1 2 18 100300 1.0961559336902502
3 5 24 13 65758 1.0559452508487934
9 14 3 4 39666 1.0129066232290456
8 22 22 2 80512 1.0199762796589893
15 6 16 22 46630 0.9844836374006168
21 25 1 8 85556 1.04254567555727
0 20 0 0 71675 1.0588076538205418
24 23 12 20 40403 0.9944797492810865
17 7 0 15 68020 1.054520717168093
29 9 24 18 36109 1.0037410972043401
4 21 16 19 37586 0.9577608213152532
4 2 16 7 41276 0.9457053326462292
11 12 6 7 24210 1.0596449766485383
27 26 13 22 60477 0.9213853185700819
5 16 9 29 43899 0.9416884046756678
6 13 22 2 64378 1.077225449673181
3 26 24 15 82748 1.0225179887950449
29 9 15 21 59092 1.0575562700475043
0 9 6 17 41228 1.0970187799672781
4 26 25 24 62684 1.0473998972345417
16 23 8 10 50146 0.9339023217628374
22 21 16 25 29074 1.0753497175608504
0 18 0 0 68593 1.0409072411176754
6 13 23 12 38688 1.0843507796560126
0 7 22 29 96687 0.9382215082190962
18 21 22 8 40739 1.0854455779154746
0 3 7 13 48756 1.0126695484295665
11 22 18 25 31525 1.093518088394709
4 20 22 27 57996 1.0734497240274503
9 16 3 28 47416 1.0220691483060664
19 6 5 9 46977 0.9014578620128123
25 16 8 29 70640 1.070929447629229
3 13 17 20 50656 0.9427136958224355
26 25 16 26 42011 1.0068309659074182
0 10 20 21 75256 0.9812889002396241
16 27 10 8 55184 1.0288229136585947
23 24 11 16 48920 0.9853634253941403
23 29 6 11 68481 1.0744467341097734
1 15 28 0 96954 0.961601153396715
14 5 7 15 46407 1.093718550496468
16 10 19 25 52780 1.0145407103349222
15 15 8 10 38669 1.0801905759276877
5 4 18 29 81997 0.9907346848008259
21 25 6 24 49222 1.0984104824493515
5 6 26 0 75038 0.9411137893533855
10 24 8 2 63315 1.0061006699130608
7 16 28 3 87422 0.9837213223581853
29 3 17 6 35652 0.9187829259409434
24 23 1 11 83254 0.9823975181898543
7 8 10 29 54342 0.9680456146417733
8 9 16 5 33590 0.9191049798191605
3 20 19 23 53055 1.0321760485583962
1 3 16 3 60796 0.967753191656437
19 27 15 0 90962 1.0086157359322498
18 6 12 19 41595 0.9778192883125594
22 0 22 13 37569 1.065446503869534
26 25 2 6 100750 0.9430322378618076
27 3 8 16 88215 0.9166027110078093
16 6 11 21 40532 1.0610023617839959
5 9 28 16 78235 0.9835541742048544
15 20 8 2 66199 1.071979076808197
29 27 2 23 69004 1.0522031263439136
3 2 29 1 86611 0.9814469168243227
22 4 16 25 71668 0.9785240881663603
4 10 29 24 79230 0.9827687279812829
2 9 26 2 88910 0.9220100996855125
27 28 3 11 94911 1.0665796091254096
21 4 4 2 56922 1.0078781713528286
10 1 16 28 69617 0.9660225260313879
25 27 6 22 60836 1.0862715906737552
17 20 4 3 69416 0.9713571783427162
21 12 27 22 39883 0.9814396626743164
24 1 13 20 71387 1.0330421018744853
16 5 3 21 65004 0.9085761208129214
9 29 18 26 29599 0.9288821833866817
19 20 1 8 76639 0.9858101840201722
28 3 8 24 94931 1.0861512461026162
3 2 1 18 52915 1.0993471961600156
8 23 28 21 58975 0.9749782578101992
21 0 18 12 41988 0.9980166880092423
25 23 0 28 68182 1.096831256945264
4 8 10 22 50167 1.0221636039602202
18 6 15 15 35360 1.0592838712782053
23 18 5 0 83712 1.0592479690805698
2 13 10 4 44200 0.9461443413948962
27 10 12 2 61341 0.9178652736748004
16 23 5 20 38476 1.0428180747821598
22 22 2 0 96974 0.9300128417722837
23 26 9 2 87201 0.9590207825325685
10 3 3 20 61234 1.0238418091497405
24 14 8 22 58070 0.9762066916215631
6 1 19 14 60798 1.0720543882452036
8 4 17 6 33147 0.9413146437489887
4 24 13 3 66445 0.9001715251681036
5 8 29 17 70627 0.9100313611284242
20 29 4 25 38713 0.9701578404234381
2 22 28 22 81482 0.9538396826426652
21 25 27 10 55021 0.9514527747718514
25 3 0 1 90086 1.002047193374881
11 19 9 6 29051 0.9574983227761562
26 11 9 20 64722 1.0917429925282576
8 4 29 23 85404 1.0115297698391836
7 1 11 28 67180 0.9328411298574889
12 10 6 25 46788 1.0055390339554546
27 29 25 0 69893 0.9732195927214693
19 23 13 0 71676 0.9699511537305436
8 9 25 21 70780 1.0937580519960899
24 13 26 26 42366 0.9266941712574929
18 29 2 1 90615 0.9382718727948209
13 1 29 11 65033 0.975679242982471
3 19 29 27 74963 0.9833683527027448
10 20 8 28 29835 1.032594041732647
28 4 4 16 84798 0.9954786006226408
1 27 24 15 85184 0.9257015801238666
17 11 2 13 44559 1.0809074682124056
25 22 28 13 30899 1.0804779117773007
6 18 27 8 72411 1.0162581161874054
5 7 11 12 29399 0.9114328822258171
28 19 0 8 91003 1.0978693036968088
6 16 11 22 29041 0.9990402551257164
6 29 26 18 70057 1.0622924801867648
14 19 7 7 49433 0.9083586417610527
2 17 12 7 44621 0.9148225425190132
13 8 29 22 63940 0.9832347688987259
26 22 6 11 73086 0.9965259614216084
16 28 9 5 65125 0.9079179466667221
26 9 12 27 79414 0.9504248130936477
10 3 22 20 67246 0.9430141180511441
18 17 0 9 77204 1.0359083552399715
8 3 20 20 75947 0.9865005237020503
18 3 21 18 50993 0.9983046109822138
16 5 21 14 34257 0.9596989603223022
12 26 4 9 52349 0.915704494354887
14 4 28 27 89523 0.925679435777913
5 4 13 28 73742 0.9843557817411676
13 17 9 24 29660 1.0795931614564807
10 2 9 16 42714 0.9791885587162822
13 26 1 19 52799 1.092287122998571
26 28 13 1 90281 0.9024860993934255
16 6 7 9 34627 0.9772085311265077
19 8 11 29 63830 1.0214041315523223
29 27 5 6 89759 1.0818218332144465
7 25 25 0 100358 1.0508597673788882
1 19 11 28 46588 1.034291747034322
18 13 0 11 54593 0.9338074316724941
24 9 0 9 85649 0.951368061889165
26 14 16 24 53326 0.9611346460593493
13 12 25 9 47410 0.935583757127644
23 11 1 21 71590 1.0998934635795568
8 1 16 19 62526 0.9894809175056408
27 12 5 24 79126 1.0621691204881145
5 12 27 25 87820 0.9564702356092869
4 18 17 4 67017 0.9602253940460661
9 27 22 12 61847 0.9410406426172951
19 27 14 3 84218 1.0650482490065762
5 26 0 19 31983 0.9057960187106445
20 23 11 0 70153 0.9278923244248506
18 26 25 15 53382 1.099103271335996
8 20 21 15 49355 1.060893462107606
5 22 14 24 39043 1.0862780303817376
15 8 29 18 52701 1.0157025985764956
1 21 8 29 32386 1.0366916418656413
6 8 24 20 66561 0.9059347863852026
15 7 18 17 45135 0.9132279555553042
29 12 5 5 74981 1.081206273340935
25 1 11 9 53713 0.9418667097694262
2 22 21 2 88577 0.9495773824801169
9 6 25 6 42622 1.0894820153463176
24 16 14 10 44400 0.9508532206721048
0 24 27 28 77225 1.0263133659041155
5 20 10 6 46009 1.0633468540411513
0 16 17 5 75530 0.9308388612912143
0 4 22 11 87376 1.0662947976302677
7 19 20 10 57411 1.0914819651854675
26 12 11 8 47762 1.0164875804118667
6 25 21 12 62304 1.029980457771204
22 21 2 22 58952 0.9963883399017863
18 12 7 9 46793 0.9083749703338607
12 17 13 8 21015 0.9695129535157156
16 23 5 20 38476 0.9973775894457724
3 20 24 26 67827 1.0501413541358224
4 18 21 8 60949 0.9433043616335993
28 16 27 6 28605 1.0426061676632008
1 16 16 2 72122 0.9867872566136712
6 3 25 3 69787 1.0442274563346354
0 29 27 2 112358 0.9458504616824358
16 3 2 25 84271 0.9285350518879417
29 8 2 16 76643 1.0014618334775724
28 8 1 2 91144 1.0453303705335215
1 18 11 9 46921 0.9170554846634624
1 10 28 3 95456 1.0574595649838905
0 28 6 23 26560 1.0710039334154435
16 17 0 7 67888 0.926042078835348
21 11 21 29 40594 1.0153050532684889
12 29 16 8 56007 0.9020311182470714
10 5 4 20 50999 1.0346238298307329
4 8 26 29 85148 0.9253653982966815
1 29 6 5 60193 1.0012277059653518
9 15 18 25 53482 1.076379313108599
1 19 22 19 69568 0.9114068303362632
18 23 7 0 81570 1.0388818870310215
11 27 27 0 96913 1.0920697151541818
8 0 15 21 63730 1.091356258161361
20 1 28 27 72620 0.9583920604685554
10 29 27 18 64835 1.0938797477756497
6 17 18 12 40801 1.0766623649204548
0 13 25 13 54431 1.0463886303613252
16 1 16 28 75225 1.0877835627190795
13 20 4 11 40191 1.0153650986482436
25 21 11 14 50100 0.9459040045778091
24 9 0 16 84164 0.9130370149531026
28 2 1 2 98629 0.9781664758751567
0 1 11 12 51454 0.9088142951087804
28 19 25 3 46739 0.9161589684342479
23 15 7 3 67319 1.0849804862104133
20 12 15 2 50777 1.002968523398958
23 15 10 8 42443 0.908680671490661
17 10 27 28 69898 1.009068347322181
1 26 15 28 43477 1.011430027812492
24 18 18 10 38511 1.0152886970068193
29 23 16 18 49512 1.025541992005226
5 24 18 22 48852 0.9200974956828202
27 27 0 17 99931 0.9852267371429504
3 3 3 13 30919 0.9812236282104989
16 7 25 12 40926 0.966308657046077
10 6 24 13 43980 1.0610438441263241
2 27 23 2 100785 1.052427910449148
5 22 0 11 48684 1.0922471349344285
1 16 18 5 71279 0.9441555694792646
26 10 12 12 46204 0.9086889317760604
9 24 27 24 63309 1.0675143176768396
29 20 13 20 51441 1.0351049858428278
26 28 6 13 74733 1.0234565716756279
0 3 21 18 91014 0.9514878964227969
24 7 20 17 38216 1.0170337820665165
3 24 25 2 105407 0.9948258599321902
6 24 12 8 47462 0.9350333638000898
5 9 1 28 55934 1.0174310740866206
28 15 16 26 60620 1.0010338047258864
7 6 24 4 52971 1.0550113106095251
7 12 15 29 52671 1.013543751049394
25 22 20 2 61991 1.0401304566600125
5 24 17 27 43783 0.9401303244252925
29 6 21 15 34083 1.079311381337457
26 7 18 11 43502 0.9295344345275101
10 15 25 6 54822 0.9522153543077135
19 11 6 28 73037 1.0519757581827753
11 5 6 22 46338 0.9954786513051628
11 26 10 0 55872 0.9845649055943942
4 8 23 20 67837 1.0323691184192372
20 19 11 15 40893 1.0513621675408042
17 15 26 24 59377 0.9955603328543186
8 23 24 12 60402 0.9776522869684265
18 1 19 20 61386 1.045659743863434
27 4 22 25 66770 1.0212612947848263
21 21 5 11 63984 1.0213272667285924
21 17 6 5 59629 0.9258207326817584
0 29 13 13 56675 1.018889149293544
19 28 10 25 33548 0.9936608411359694
24 7 0 22 95317 1.0460064631913235
4 12 15 1 52731 1.0168313418586372
28 17 4 6 81390 0.9365904840623829
28 26 7 9 91711 0.9645736212351473
