7724 8393 8255 7731 7528 8234 8259 8936 8072 7962 8660 8520 7966 8035 8651 8474 8369 8004 7642 7676 8689 7897 8861 8254 7566 8453 7751 8039 8693
7842 7048 8057 7344 7816 7232 7939 8096 7839 7513 8263 7491 7523 8037 7159 7221 8074 7245 7455 6957 7635 8092 8052 7258 7384 6886 8292 8028 7144
5535 5482 6398 6762 6623 5627 6598 6074 5532 6469 6518 5663 6548 5551 6559 6399 5603 5708 5772 6502 6957 6888 5574 6300 5883 6148 5549 6118 6838
4256 4714 4012 3417 3593 3556 3780 4600 3898 3370 4467 4759 4587 3781 3924 4280 3926 3497 4494 3992 4711 4307 4402 3784 4364 3685 3414 4803 3808
2463 2087 1840 3052 2706 3049 2498 2838 2711 2440 2931 2079 1797 3010 1657 1740 2462 1775 2668 2587 1860 1628 2542 1860 2118 2805 1944 2484 2340
3048 2655 2606 3073 2213 2113 2830 2542 3454 2391 2426 2767 2072 3516 2650 2770 2799 3452 2362 3286 2803 2739 2876 3176 2371 2334 3145 2231 2972
3184 2085 2213 2992 2855 2652 3099 2684 2391 2998 2609 3432 2200 2566 2742 3394 2905 3421 2561 2634 2075 1951 2395 2388 2641 1999 2766 3314 3272
4204 3855 4024 4171 3956 4533 3450 4470 4250 3636 3510 3744 3938 4072 4011 3512 4349 3453 4527 4066 3456 3260 3398 4626 4624 4116 3381 4132 4155
3221 3518 3039 3670 3052 3308 3508 3409 3404 3622 3072 4404 3508 3848 4146 3898 3022 4462 2983 4298 3014 4136 3429 4040 4454 3484 3050 4107 3612
3502 3701 3580 3713 3909 4520 3286 3227 3258 4084 4500 4551 4049 3695 3184 4291 3160 3320 3159 4622 4372 3624 4326 4478 3418 4089 4279 4645 4162
6261 6117 7276 6416 6068 6563 6528 6512 5942 6641 6110 7252 7271 6036 6571 6748 6553 6124 6438 6304 7332 6210 6975 6641 7027 6707 6623 7030 6224
7235 7083 7874 7226 7746 6792 6959 6803 6790 6617 6985 7294 6546 6472 6980 6950 7038 7006 6677 6871 6551 7212 7943 7180 7120 6853 7648 6586 7012
7239 6524 7681 7306 7150 6541 7789 7585 7246 6866 6769 6806 7721 6992 6819 7753 7875 6826 7048 7043 7825 7038 7327 6572 7734 6928 7160 6843 6814
5834 5477 5383 6268 6464 5376 5232 6340 5057 5085 5918 5867 6228 5641 6401 5455 5608 5481 6489 6367 5304 5575 5790 5864 6397 5061 5701 5213 6204
4234 3582 4590 4596 3879 3559 3864 4684 3227 4211 4682 3365 4484 4595 4329 4192 4360 4607 4355 3434 4111 4307 3484 3265 3928 4431 4452 4258 3288
4609 3952 3957 4463 4013 3800 3756 4190 3830 4420 4364 4615 4696 4964 4651 4052 4849 3812 3744 3822 4913 3701 3613 4941 4331 4545 3735 4170 3451
3318 4003 3403 3614 4638 4026 3376 4114 4489 4272 3236 4054 3656 4000 3857 4305 3901 3592 4176 3965 3264 4479 3883 3446 4682 3736 4716 4462 4285
4429 4580 4626 4602 5173 4170 4716 4825 4826 5111 4853 4408 3908 5080 4130 4093 4669 4514 4726 3927 4377 4564 3779 4343 4624 4306 4018 3776 5227
2459 3271 2544 3348 2760 2522 3359 2595 2585 2439 3345 3509 3380 2271 3145 3369 2741 3406 2240 3650 2706 2849 2874 2615 3114 2476 2349 3606 3636
5562 6347 6690 5848 6046 5558 5647 5358 6375 5631 5513 5486 6406 5948 6403 6000 5473 6097 6492 5646 5790 6683 6271 5783 6226 6672 6557 6193 5982
2452 2571 2615 2293 2572 1518 2467 1455 1682 1949 1777 2135 2585 2544 1943 2196 1688 1569 2161 1451 1833 1759 1647 1864 1388 2228 2364 1316 1775
3038 3026 1987 1723 2717 2467 2930 1591 2338 2391 2271 2401 1652 1625 2159 2351 1821 2231 1807 2097 2733 2084 2598 1833 1816 1874 2437 3040 3051
5528 5101 5107 5560 5551 5201 5372 6252 6098 5781 5162 5864 5744 6189 6430 6205 5586 5959 6478 5094 6330 6377 5943 5432 5087 6371 5383 6255 6395
2871 2771 2290 3434 3184 2425 3295 2754 3252 2146 2113 2475 2123 2082 2451 2135 3420 2287 3324 2481 2435 3345 3322 2991 2583 2580 2905 2687 3307
5491 6338 6555 6137 5726 5335 6521 5974 5639 5368 6017 6048 5166 5892 5100 5887 5642 6377 5834 5215 6399 5671 5834 6059 5156 5993 6248 5553 6156
4384 4586 4344 3905 3379 3918 3113 3444 4576 4028 3275 4164 3276 3330 3616 3913 3190 4272 4018 3200 4322 4331 3443 3892 3802 3940 3860 4369 4084
3542 4285 2913 3444 3854 3363 3198 3878 3760 3206 3301 2903 3110 3798 4340 4364 3847 3971 4147 4305 4135 3185 3447 3185 3212 2976 4245 3212 3900
7358 6987 7274 7339 6842 7849 7780 7698 6584 7768 7227 6412 7341 7759 7007 6548 7575 7375 6589 7211 6772 7901 7586 6986 7904 6827 7657 7733 7400
4418 5788 4575 4476 5306 5252 5198 5569 5747 5387 5200 4755 4400 4382 5225 5815 4583 5155 5251 4537 5295 4882 4613 5825 5500 5689 5784 5686 5637
5293 6637 5577 5663 6504 5611 5745 6432 5410 5123 5661 5469 5500 5831 5542 5619 6626 6441 5776 6160 6544 6637 6481 6336 5360 5998 5181 5988 6264
3483 7220 1709 7867 6564 7463 6572 5749 8144 7790 8163 6222 6330 3514 6291 7981 6711 8636 6975 7944 4058 4106 5591 2106 5937 3731 2464 3681 4189 2216
2773 6866 1144 8249 7613 7937 6736 5875 8002 8188 7024 6159 5894 4854 7072 7358 7299 8655 6462 8116 3766 3117 5459 2376 4681 4866 3605 3576 4062 1979
3234 6169 1086 7869 6747 6906 6720 5365 7851 8330 7347 5890 6711 4296 6339 7691 5915 8290 7172 8170 4005 3280 4549 2150 5767 4739 3024 3421 4100 1373
2753 6552 1437 7154 7307 7907 6460 5771 8095 8710 6976 6402 6110 3605 6329 7074 7126 7585 7702 7691 4361 3744 5335 2433 5064 3578 3247 3596 4851 2278
2850 6478 1329 7104 7567 8247 6540 6571 8023 7653 7872 5754 5830 4932 6635 7929 6480 7820 6208 8050 3332 3843 4181 2872 4575 4738 2640 3470 4705 2624
3836 5748 2487 7501 6576 7760 6560 5795 8554 7411 7010 6106 5803 4551 6041 7309 6113 7483 6360 7370 3956 3660 4638 3415 5814 3790 3570 3281 4719 2176
3462 7132 1480 7297 7127 8038 7124 5866 8734 8264 7471 5233 5786 4291 6907 7899 6604 8515 6673 7677 3063 2991 4572 3188 4889 4259 2414 2576 4863 1761
2777 6082 2179 8161 7148 6743 6607 5667 7839 8383 7128 6272 5847 4109 5996 7721 6919 8084 7006 7238 4312 3818 4998 2768 5802 4871 2709 2871 3561 2315
3035 7231 1223 7961 7285 6950 6816 5230 8904 7531 7727 6063 6777 4733 6777 7282 6323 7576 7455 7081 3008 3190 4439 3153 5153 3959 2403 4018 4838 2697
3778 6344 1068 7544 6643 6973 6906 5950 7893 7634 7184 5438 6150 3490 6616 6873 7329 7461 6668 7715 3215 2940 5538 3348 5683 4578 3514 2669 4088 1778
3706 7173 1888 7742 7018 7517 6836 5780 7486 8744 8232 5749 5919 4607 6677 6847 6223 7853 7489 8200 4173 3618 5319 3095 4695 4915 2570 2562 3432 1842
3971 6164 1225 7425 7339 6765 6868 5222 7932 7286 7112 6123 6805 3541 6315 7467 7376 8084 6862 6886 3982 3237 5565 3040 5209 3654 3461 3418 3671 2146
3084 6860 1638 7721 6424 7106 7466 6480 8004 7902 7303 5801 6445 3726 6640 7038 6333 8331 7058 7036 4031 2914 5213 3047 5396 3962 2772 3759 4391 2280
3688 6817 1163 7416 7622 6808 6320 5465 8073 8238 7234 6423 6099 4168 5907 7231 6032 8548 7385 7497 3222 3581 4340 2500 5913 3608 2948 3464 3667 2485
2758 6177 1085 7495 6843 7414 6529 6535 8642 8151 7221 6102 5658 3988 6348 7912 6750 7593 6686 7873 3062 3178 5296 2391 5978 4965 3521 3625 3496 1838
3434 6665 1879 7471 7164 6884 6020 6509 7695 8509 7850 5640 6308 3571 6853 7032 6911 8124 7201 7484 3458 3820 4677 2420 5621 4403 3092 2526 3532 1919
4061 7220 2403 7913 7500 7333 7070 5423 7749 7682 8326 5465 6663 3604 5912 7360 6129 7443 7376 7486 3410 2878 5052 2934 5068 4225 3389 4021 4578 2438
3484 5775 1541 7261 6476 7057 6766 6556 8823 7419 7935 6108 6037 3506 6918 7880 7268 7609 7534 7948 3405 3544 4993 2808 4708 4088 2940 3507 3460 1937
3377 7098 1658 8196 6799 6893 6085 5222 8922 7341 7889 5347 6867 4147 6601 7092 6001 7681 6974 7556 3387 3298 5092 3353 5469 4949 3454 3857 4234 2037
3809 6953 1390 7656 6315 7707 6877 5827 8102 7702 7877 5915 6034 3451 7177 7338 6415 8038 6723 7545 4337 4066 5082 3175 5471 4784 3225 3712 4125 1430
3601 6124 1987 7454 7564 6870 6728 6451 8449 8664 7299 6750 6328 4352 6558 8342 6863 7247 7401 7063 4015 4240 4721 3293 5803 3882 2341 3376 4260 1280
2847 6921 1738 7917 7497 7413 6350 5355 7939 8355 7334 6009 6782 3874 6391 6825 6674 8537 6259 6999 3118 4237 5287 3489 4992 4206 2414 3525 3828 1953
3218 6810 1981 7897 6747 7510 6320 5847 8030 8240 6935 6024 6455 4867 6784 8154 6060 7684 7693 8054 3445 4005 4566 3066 4831 4353 3446 3516 3707 2687
2901 6916 1404 7764 6211 7530 6188 6050 7660 7472 7003 6211 6927 4677 7024 7798 6035 7492 6625 8142 4093 3869 4253 2285 5718 3974 2392 2601 3728 1534
3429 6223 1156 7844 7624 8018 6687 6020 7604 7363 7046 5657 6349 4899 6949 7223 6352 7770 6888 7032 3591 3741 4633 2271 5851 4578 2318 2838 3784 1513
2611 6355 1692 8022 6608 6849 7376 6061 8385 7738 7065 5840 6831 4447 6658 6853 6072 7625 6228 8071 3649 3207 5109 2644 5933 4364 2444 2787 4629 2332
2928 6929 1252 8167 7492 7180 7346 5742 8611 7247 7645 5996 6568 3432 5913 7394 7342 7356 7307 7794 3903 3473 5537 2770 5869 3596 3109 2722 4506 1975
3708 6481 2050 7403 7516 7740 6522 5142 8781 8497 6955 6024 5670 4487 6322 7607 6439 7957 7555 8334 3696 2977 4980 2125 5010 4209 3115 3323 4034 1262
2901 6539 2553 7373 7510 7379 6438 6451 8444 7429 8347 5656 6081 4296 6514 8106 7353 7463 7726 7015 2925 3196 5541 2270 5706 3850 2462 3657 3895 1419
23 22 3 3 83974 1.0993249880186595
27 0 28 20 81610 0.9591939024492622
19 19 16 11 39548 0.9164057329500647
14 26 7 2 87280 0.9145012879099876
18 17 9 11 54327 1.09418138146812
25 19 15 4 75284 0.954733551860308
13 29 15 18 48291 1.0011927862828485
28 25 25 10 64617 0.9826102136196369
12 2 23 5 27371 0.9548043279198456
9 0 22 14 58612 0.9942033397300645
23 27 15 16 56049 1.0452872689440007
25 21 1 25 86846 0.9798908816843295
20 17 17 1 40588 1.0539398042920045
20 19 7 10 73934 1.0416426296596963
7 8 23 27 103300 0.9637690875379692
20 22 29 5 73749 1.0266313231885853
0 25 9 20 43983 1.0225475140642248
25 6 15 10 65112 0.9216895709489401
0 9 7 2 57008 1.0047726112728954
18 26 21 9 44017 1.0830771016981944
3 15 10 12 44125 0.9455950506913126
25 4 23 17 47431 1.0615337785002312
2 20 22 3 86674 0.915150107141701
28 11 20 26 68461 1.0042851007770097
23 19 5 4 79576 0.9438628474159377
4 29 4 4 58529 0.9792276998726817
8 10 8 23 48220 1.0791578633061107
3 28 7 18 40426 0.9263045641389152
10 8 17 28 108976 0.9070132203084561
10 7 22 19 87344 0.9860341359567066
10 15 3 12 44275 1.0201733921889704
14 18 22 2 69173 1.0920207010382224
1 26 13 13 76568 1.0538277493311554
22 7 12 28 75022 1.094130994398531
26 8 7 20 103950 1.0441655784420825
13 17 26 5 90240 1.0212603570412397
12 12 17 29 73012 0.9590521639560246
18 24 13 14 55563 1.0121446937758611
9 22 28 8 115752 1.0355816055958436
4 5 22 12 64819 0.9033757177633537
9 6 1 19 80834 1.0951122773525135
0 21 7 25 33992 1.0718207513696711
16 12 24 8 51226 1.0677639271047272
20 5 2 19 90230 0.9468797840345137
22 1 3 2 35899 1.0994451568052495
26 14 12 7 89779 1.0616162039962012
5 27 13 15 74680 1.0239236335227455
28 26 3 20 84679 0.9643535114650829
15 23 29 27 49204 1.0004518523849437
29 26 8 14 98173 0.9024259575862822
11 29 7 23 29961 1.02460396068668
17 26 28 21 44320 1.052750550787552
29 29 9 10 100580 1.0502443033370574
17 16 8 14 52579 1.0038052544932727
7 17 15 1 66681 0.9056263483536245
25 15 23 6 34680 0.9799262856445468
8 5 16 2 20930 1.0648866835999242
16 17 18 9 35846 0.9973290241882689
15 18 6 17 48250 0.9744991979933081
3 29 19 5 88982 0.9530268924698766
21 23 11 28 38841 0.9021429888979577
6 6 25 28 98357 1.03582106373685
21 21 16 7 54236 1.0705707403737237
6 17 25 25 78355 1.0666350557033626
1 7 29 12 117889 0.9512194449795076
19 19 13 5 71928 1.098260344442312
22 0 10 5 46011 0.9768897389909088
19 7 4 11 66408 0.9034108641015105
1 4 11 11 73030 0.94936028021226
24 2 27 10 38109 1.0994857027587022
0 22 28 0 116898 1.0543977467673273
3 26 15 19 57947 0.9778676956437944
7 13 24 5 78380 1.0236882911881011
11 3 29 4 48909 1.0277811659887408
20 6 0 1 48403 1.0431027105941184
24 2 0 22 100542 1.015736545851013
23 15 9 18 71688 0.9646614692278985
3 16 20 18 77583 0.9750983876171745
8 27 14 10 86109 1.074613295607179
23 9 20 21 37335 0.9040383962709013
17 8 13 15 50424 1.045763773903987
22 9 21 25 42225 0.9719791793611074
29 5 4 29 120034 0.9016744227038862
21 20 26 26 25952 0.9195250919067398
10 16 22 7 80015 1.0810169152485951
3 23 7 29 22545 1.0348459869344568
17 22 21 6 50517 1.083353338504292
16 23 2 28 55399 0.9868319056009772
5 29 0 11 66653 1.0785304081583718
17 28 14 9 78282 0.9372913954375337
8 24 20 9 66541 0.9688612425362249
20 6 18 15 27064 1.0617963148727005
2 16 6 24 37238 1.0935985831733281
11 20 6 27 33986 1.0588378455312197
24 0 19 6 30124 0.9968992173760133
15 9 26 13 63490 0.9465910274474442
4 28 15 17 66684 0.9851961906132086
9 7 27 21 99780 1.068388985817956
1 3 4 21 57424 1.0465251110620923
8 7 28 9 83668 0.9679080395278064
6 29 9 15 51736 0.9353010302917198
28 14 13 12 72080 0.9250602709609977
3 14 20 19 78022 1.0765823315471523
6 21 26 21 69246 1.012675094382014
1 23 13 20 45451 1.0483306590706234
12 3 13 26 90326 0.9871793463937708
26 4 19 27 69710 0.9707117762067541
4 24 10 28 31266 1.0150178640755283
21 25 0 3 88048 0.9509070405285338
15 8 13 27 85977 1.099299152840626
7 17 12 25 49124 1.0002002471897167
13 12 21 5 55056 0.9608392059003177
28 28 6 5 102827 0.9497532536983841
7 23 1 9 65075 0.9724647979659016
6 26 24 24 61494 1.0583635856725395
12 24 4 15 48713 1.0876460791277152
5 28 7 11 52815 1.0547329588547125
9 20 27 13 83782 1.0719569875203359
9 4 6 16 51002 1.0807911950026028
9 26 26 26 50241 1.0168744565952914
4 28 16 21 54810 1.0632615273853014
26 18 1 20 99848 0.9818537303019416
4 18 21 12 81063 1.0936294384603407
9 16 17 14 46945 1.0436739693911767
16 24 4 16 54205 1.060862106047293
4 7 24 5 60925 0.9950337175615278
3 8 25 29 98203 1.0999423665250891
11 8 3 12 64416 0.9770832312128339
11 27 13 16 61407 1.0640873993189297
26 3 16 13 50627 0.9033446269038633
1 28 16 5 104393 0.9100850389243212
17 4 25 29 75558 0.964424497367377
19 12 14 28 53232 0.9584608592246529
14 17 16 4 60896 1.0540066192058601
0 12 20 0 81848 0.9322200062154318
6 11 6 29 48656 0.9019773031082831
26 18 23 1 64273 1.0803211869308746
19 0 3 1 37846 1.0720312189745105
1 27 27 17 106740 0.9237778838591123
7 24 0 6 79275 0.9969951680063583
5 10 13 29 67155 0.9442190817765397
21 23 12 8 80397 1.0494803552078138
18 9 2 20 91490 1.0969033141432192
6 15 23 0 68601 0.9378110902246487
25 20 27 10 46945 1.0836987655365722
1 2 8 23 65780 0.9612925532500002
17 5 20 17 43941 0.9723393407343859
29 18 2 25 109412 1.0045527867133375
27 17 2 9 131963 0.9333324299486213
12 4 3 21 77310 1.0053568494349054
16 23 29 17 68321 0.9581448346818211
15 13 11 28 73527 0.9081762925182179
7 15 1 20 41057 0.9443898583882584
1 1 24 21 89764 1.0946920405753318
24 25 13 15 73873 1.085175935629106
26 0 27 12 48215 0.9786046074918076
20 28 19 5 51226 0.9160928441166213
27 0 7 2 41053 0.982075643255334
21 23 1 7 100924 0.925423449096179
1 11 8 21 54398 0.9843476191966178
5 0 27 28 102489 1.0896815699849185
26 28 14 23 43215 1.0805395316671669
28 12 5 15 105084 0.9213410455952404
27 8 2 5 84220 1.085099858574628
26 17 5 24 87384 1.0335440591926486
9 27 19 0 92543 0.9042141607799506
2 23 27 17 99019 1.0458231836003553
0 1 11 16 85565 0.9477357191428908
13 23 25 24 37877 1.0192131148091201
28 23 2 17 98385 0.9825325123911182
26 1 24 19 61869 0.9498066008635656
11 28 25 26 43888 0.9791222290844707
18 24 9 18 48301 0.9251255864409392
14 21 26 24 44423 1.0538880591167386
6 15 14 0 55113 0.981032351318413
9 13 23 19 68410 1.0685496067942826
25 18 28 29 45346 0.9794915789912209
20 28 5 0 81009 1.0068481306874195
11 4 7 17 72078 0.940143630033357
3 2 26 15 82099 1.0704419210626852
16 9 28 23 70660 1.0638733419585216
0 11 14 23 80904 0.9707711192268432
18 15 10 0 62673 0.9902898636227702
14 16 29 20 70250 1.0341298654684832
29 27 22 9 70792 0.9809988140530077
10 29 1 19 52021 1.0647691338825729
28 4 27 28 94790 0.979635952829327
23 11 21 24 36678 0.9572385325344837
5 1 4 19 45237 0.9931564160677819
22 9 19 1 33832 1.0128013158989218
26 8 14 27 90374 0.9034791868322923
24 18 0 21 93664 0.9539063277431885
14 18 2 8 87886 0.9407161328384878
28 14 11 20 85263 1.064503015919139
21 14 9 14 51471 0.9440525875301031
27 0 15 8 53763 1.0149344400768163
4 28 23 6 97020 0.9944694525593751
7 13 28 25 100682 1.0414908877746756
6 14 29 5 88068 0.980158246757255
21 16 1 15 101261 1.030857595409049
5 4 18 18 74256 1.081665587466429
9 5 3 25 77326 1.040815902013588
24 0 23 26 69619 0.938058626913357
11 22 22 0 86348 0.9255473425158954
23 4 10 23 82032 0.9923473741394877
25 11 0 4 89246 1.060314222584562
14 17 26 9 79379 0.9144132298146186
8 20 23 9 78192 0.9758421470404286
0 2 16 9 51680 0.9037882627024962
21 14 16 3 38475 0.9540850699867437
28 26 26 7 75294 1.0333285158427317
22 1 5 24 90380 0.9498627457009794
12 27 16 8 87239 0.9825023767831236
5 22 1 16 37501 0.9461084239932878
5 1 11 29 82598 1.0339778496673024
25 25 9 15 85083 1.0298437940076248
13 0 15 21 77499 1.0640206809933526
6 24 10 18 33641 1.0351103195497022
20 11 11 16 58824 1.0269714480122116
12 15 17 1 74881 0.9830167789795575
7 5 15 3 27577 1.0885755403600763
23 23 17 12 43651 0.9897598264190907
7 19 28 29 73369 0.9923024144931072
12 29 8 13 63963 0.9596429295017674
14 17 11 9 56353 1.085008630758758
29 19 19 6 73074 1.0652148421044176
2 14 28 29 93377 0.9648261197826504
1 25 13 15 85053 0.9079083953155895
22 15 11 22 59997 1.0769660918091166
22 26 4 6 88357 0.9734599572130658
8 5 27 16 94654 1.05151262214068
23 2 0 2 36718 1.052369747969314
11 16 17 21 49159 1.0463508924702254
24 22 0 1 96547 1.065762013826438
0 22 28 16 119708 0.9632514571471511
19 29 26 15 59905 0.9181832114142278
19 27 19 7 47757 1.0037471415257935
13 10 23 8 67234 1.0371083435869735
27 12 11 22 89196 0.9234576675282761
21 6 19 19 39572 1.0457046220261943
28 12 3 1 87803 0.9566640310446433
15 6 4 21 78698 0.9660029599004321
19 25 0 3 89142 1.0797665257399187
1 27 14 11 91246 0.9101706394698822
9 2 10 18 66995 1.0907484821541236
7 19 17 4 81850 0.9332504439287206
1 4 11 26 93248 0.9747227330289323
28 3 23 17 51708 1.0532941253121058
21 21 13 11 56164 0.948689395830792
25 3 4 15 70854 0.9253259449323027
17 22 7 17 53240 0.911956867896531
9 6 22 18 75561 1.040011095227909
21 28 5 18 65639 1.0029297116235674
28 26 13 1 85494 0.9321382902507762
20 26 1 14 91368 0.9275077469318115
18 5 22 25 58452 0.9191092119252727
3 20 8 10 49127 1.0033525439755642
14 26 14 3 81486 1.0096475150579545
23 23 9 25 49855 0.9202965167535714
14 16 23 5 69059 1.0544995016439989
13 3 11 18 85686 1.0471411821841095
0 14 5 23 47822 0.9374536042702544
16 6 19 19 57633 1.0707295097266618
8 19 21 20 51003 1.0921054393541287
1 10 12 15 76219 1.060623137331321
25 20 22 28 34105 1.0623908159809266
4 28 29 13 105100 0.966960022294639
8 2 21 23 63293 0.9135483913064565
29 17 18 27 70315 1.0908256201010438
14 23 19 0 67752 1.0979437832439778
2 12 6 29 54729 0.9519095441344889
3 11 29 0 82470 1.0083167000022304
15 5 5 27 91265 1.0658524532524718
26 24 10 29 47350 1.0098003016442396
22 6 18 25 57324 1.0027826482171531
17 12 25 5 57954 1.0634274618032067
28 6 25 21 70548 1.0025441150372367
0 14 7 26 60357 1.0697037306371746
4 24 25 23 63771 1.0090687194795194
11 29 25 5 91178 0.926424164171807
6 22 23 9 84356 0.9306674982789341
28 13 29 28 76686 0.9583225158924219
20 10 29 29 52178 1.0001464496836645
29 16 12 14 93476 0.9579141586556746
5 3 10 13 47055 1.043698721330926
19 29 7 11 81362 1.0841420473054957
7 16 1 23 37792 0.9916110175437259
28 6 17 12 70929 1.0788013863182002
19 4 25 10 50196 1.0451661216852008
21 21 12 16 56253 0.9897512010611555
6 11 27 13 91112 0.9350985609951541
16 6 24 13 55757 0.9990579399680141
17 24 7 5 88009 1.0505237950729134
2 7 11 21 67751 1.0532749218275967
17 10 7 17 68650 1.0376474051477307
24 29 7 20 62221 0.9810714347630344
27 29 2 21 71722 0.9688166217257587
29 11 0 0 100980 1.055592102872538
23 1 11 22 83927 0.940220701211324
15 18 25 29 50704 1.027398957179287
17 6 7 25 97983 0.9044815945810359
19 6 3 22 92510 0.9752489547950665
14 3 27 11 61417 1.0889974828645104
0 4 12 26 101296 0.9047769777247658
19 0 3 21 81139 0.9794052688626358
11 22 26 27 58423 0.9802110378021609
17 12 15 27 57273 1.0660998690959564
18 21 24 17 35359 1.0033793790147996
25 18 8 21 67577 0.9613003519445138
25 2 4 10 55036 0.9975084170630223
21 26 2 10 98109 1.0197395382758225
8 24 24 1 94591 0.9750920100140437
15 19 11 3 80275 1.014915121874215
4 5 4 15 25010 0.9065422163524985
27 23 15 25 43780 0.9699389756757081
11 8 17 15 64351 1.0145914284863962
2 6 7 15 52331 1.0598517098006697
0 25 8 28 37968 1.058935016236885
7 17 18 2 68552 0.9128554814510795
27 4 4 14 80394 0.9999121769060617
18 16 26 27 49336 1.088579096080545
15 20 24 7 65555 0.9243531360431266
19 14 10 3 55593 1.024725587954297
25 26 21 8 48652 1.068693026527375
18 0 27 19 78334 0.9037243666433136
21 19 26 24 26452 1.0905229678986068
24 14 5 14 85198 1.0094513715076
19 4 6 5 39523 1.0005353326434496
16 23 7 0 81786 0.9739824774304582
14 17 27 13 70291 0.9252271267669955
13 7 3 3 47082 0.9251008161546477
6 28 23 16 70439 1.0788373298083944
4 10 8 3 31648 1.0521250541733014
21 14 17 22 33520 1.0201512057262672
17 24 16 9 58730 0.9547100826257245
29 4 5 19 97396 1.0857591324019933
28 2 5 9 56398 0.9117735993420304
3 0 2 22 64515 0.9090727710791541
29 9 27 0 56704 1.0658360847390496
10 21 26 9 89155 1.0302881018528591
16 5 25 26 78877 0.9031656973528402
26 14 27 0 51483 0.9085406263110932
0 13 8 15 42146 1.0143086148542948
15 0 16 11 45608 0.9090386910894281
7 4 20 24 72238 0.9526778332566676
21 29 7 7 94459 0.9208341646619024
7 13 12 24 56099 1.0086618356687576
2 2 18 4 31003 0.92708796977443
22 27 5 14 82699 1.023426936310071
0 15 20 6 95530 0.955843939643709
28 1 28 11 52027 0.9661628399528023
4 8 25 19 99612 1.0753874974414628
16 9 6 18 70470 1.0996796990242934
6 24 0 13 46873 1.0648021289699237
22 21 18 0 55688 0.935364627703163
1 21 9 26 34830 0.9517981232076824
2 0 22 1 44999 0.9339948459505678
26 17 12 13 72228 1.0569009207715991
21 4 23 12 31213 1.0922376431858147
23 16 13 12 52424 1.0778072051666174
21 0 0 29 102374 0.971613706075951
11 8 24 14 88444 0.9458619608298375
17 1 13 27 82659 0.952324656420861
22 17 24 7 38685 0.9429657695023295
6 0 2 14 50478 1.024610965388721
28 21 17 6 76589 1.061067766724413
8 29 18 21 44879 1.0339496232762775
18 17 23 11 36815 1.0913370165726202
12 3 26 9 54806 0.9534102360833494
11 27 14 7 93144 0.9987096467886397
14 27 16 17 44246 0.9040227172703295
17 11 24 14 41619 1.0063154229496898
25 25 5 25 64067 0.9536840938345981
29 10 12 15 99479 0.9463884336048975
2 7 28 26 118815 0.9040726981873713
27 21 4 11 100465 1.0339524104782671
14 19 0 11 84176 1.0624500862455921
7 10 15 16 57221 0.9985761014408082
17 25 3 12 76974 1.056603552159684
0 12 21 28 97749 1.0451927770511573
13 16 12 29 63077 1.0734455727639995
28 8 15 29 100011 1.0381324383295434
27 29 12 10 92109 1.0044456691569827
18 27 13 13 58642 1.0336551959277342
29 8 10 2 66367 0.9377003613031399
29 15 5 16 119123 0.9590558999963391
4 0 25 10 69159 1.0775867298374713
15 21 19 8 51221 1.0985203733025308
11 8 13 18 70085 1.0341978785228034
13 8 8 15 56246 1.039373631775686
8 14 25 17 85718 1.083861340837559
11 23 27 3 85991 1.043901904920421
13 7 8 14 53929 0.9803036687763435
20 1 16 12 43983 0.9181871782057401
26 25 14 23 40526 0.9429130271877975
5 22 0 6 67350 0.9556697524796444
1 18 21 15 98156 0.9389475472031852
18 13 21 4 32708 1.0565346352449476
22 3 8 21 87529 1.0959446045109462
12 29 10 10 88738 0.9037801018057058
20 10 10 19 62820 1.051410080707371
25 11 29 0 52083 0.9129697671049872
24 28 16 25 34265 1.0481393873257177
11 3 23 6 38895 0.9915642951068817
12 27 18 5 82714 0.9330256786402354
17 3 3 2 27110 1.0875734698129789
2 25 11 27 34368 0.9575864983293657
29 27 4 9 106543 0.9167285827862285
24 15 8 0 72427 1.085172516958726
13 11 27 1 71868 0.928876805750697
8 23 29 22 65958 0.9590143267046468
5 14 14 27 61967 1.051899291308585
0 24 18 28 64742 1.0098105520305338
23 14 28 3 43702 1.0281088238241258
9 19 0 29 49110 1.009613063868159
14 13 2 7 68080 1.0704923725485604
12 10 10 22 71632 0.9600900032886962
28 13 14 1 68345 1.0656938828733369
25 11 16 1 53243 1.0282247464714103
14 23 2 23 35009 0.9182930330461406
25 20 15 14 55057 0.9005617113486409
2 23 18 8 90071 1.098952725916949
20 14 7 4 54127 1.0024097724296972
14 28 8 1 89340 0.9967410208400652
23 29 16 23 29125 1.0412226244640226
7 17 16 10 62823 0.9954140523574619
10 6 28 14 98755 1.0376911123713395
20 12 22 24 31494 1.0878533191504078
3 15 0 25 45228 0.952158785058428
19 9 3 18 94227 1.0201793101560812
22 11 14 21 50583 0.9760618604502642
17 21 9 25 38977 0.9822389291351604
27 18 18 14 61091 1.0715390909026643
5 3 10 20 64253 0.9452696415652135
5 5 14 16 70927 1.098400164451159
4 11 23 16 88052 1.004749757079406
11 13 25 3 69360 0.901108589882226
4 9 14 15 60319 1.0810295444930433
5 4 27 16 96718 1.0265433349342827
1 1 23 9 62691 0.9624781170796229
6 10 9 2 26766 0.9875325963769264
3 13 16 18 70459 0.9138226174246075
25 0 5 6 51548 0.9545228561142898
27 28 3 24 70163 0.9984754541016052
22 28 6 23 53442 1.0864949410224747
27 16 11 2 80714 0.9472886198452661
24 14 4 7 83083 0.9879260581214171
9 21 16 1 81253 0.9547501523732522
12 12 1 23 70863 1.0084078751658474
3 8 14 11 70050 1.0536521040403848
7 17 25 17 88800 0.9632119511448003
6 21 29 19 87501 1.047041205591453
14 18 25 5 85342 0.9172634254214621
2 22 9 1 69611 1.0153573834861171
9 4 5 21 65534 1.0972719417012402
7 22 7 7 50729 0.9396123567360216
18 7 28 12 62067 1.0308447958700213
0 29 3 4 73682 0.9389573327463698
4 19 22 11 87906 1.0793249817820307
26 27 11 6 110271 1.0408890807153006
26 24 13 25 48115 0.939653599731812
4 26 21 28 44802 0.9189804534890311
10 3 0 29 88309 1.095951777528291
7 9 15 6 56332 1.0475795127017342
22 9 0 0 68524 1.0082564037755215
9 19 5 1 69209 0.9532935490028678
2 2 6 10 28223 0.9959099423613361
18 27 12 4 84091 1.0663271818095639
7 28 29 2 99884 1.0792131156422184
20 10 1 21 86599 1.092397500168055
8 10 18 6 53299 1.0559997055871801
3 20 14 15 61603 1.0907586411558896
22 3 21 29 62886 0.9526220494819293
14 12 25 20 58565 0.9930046796742459
20 21 7 7 78838 1.0156163166961636
28 10 11 5 89002 1.0335949197181056
2 20 21 18 73638 1.0199308742680917
20 4 3 1 36695 0.9647016117780223
23 24 8 24 52143 1.0394818608832883
17 10 0 29 95548 0.9321016729403646
0 28 29 5 136573 0.9221859055653373
9 0 24 21 77554 0.9101710222521904
3 27 24 19 78183 1.0985022295626479
28 20 28 7 66006 1.0092140924361523
29 25 3 25 82295 0.9897765805698636
10 16 12 29 64749 0.9654004359571545
5 6 11 24 72409 0.9715517292305409
20 29 19 20 20511 1.030946188323977
15 29 4 10 66229 0.9604827963595354
28 16 20 6 64507 1.0951197666230588
29 13 17 21 65624 0.945803611191967
20 18 19 9 26088 0.9986879945237118
14 28 12 11 82181 1.0916336525138957
22 10 11 10 72537 1.0387612570195102
11 17 21 12 67146 0.9976272785111324
3 24 3 14 31465 1.034351587107282
28 8 17 15 80838 1.0091805117023802
10 19 2 4 80192 0.9359105662403029
25 2 2 15 80844 1.070145864343771
24 24 2 22 75856 1.0471652554404418
27 5 0 15 113881 1.0022301033315761
17 14 7 5 70415 1.089363083667355
15 5 13 17 62415 0.9300408475297173
1 18 4 4 55029 0.9075897695761209
21 4 7 28 86133 1.0649366765853912
28 2 12 18 92263 1.052310379667618
29 3 1 12 91885 0.9829363656911507
25 23 4 10 90647 1.0117727372571987
17 1 9 11 51006 1.0428765003183857
14 29 24 14 61473 1.0652925748425073
14 25 6 11 63608 0.9398513040292207
23 28 7 4 89647 1.0900302476382535
1 26 22 18 80699 1.0832146167808343
29 4 28 14 58706 1.015149591478614
21 26 12 17 62289 1.0679262331341892
14 17 7 5 76719 1.019167625655222
9 16 25 12 78914 1.0688778425167298
1 28 1 18 56735 1.0777030853618172
23 8 16 11 47620 1.0703103582709048
17 21 8 26 45343 0.9432119082476276
1 6 17 2 50518 0.95579592830522
20 14 26 28 42381 0.963478364131913
27 24 15 7 86013 0.9058998187702211
6 7 29 11 94182 0.9778449188604649
1 17 21 0 95027 0.9714986505282152
17 4 2 29 97347 1.0569152088640232
11 9 0 25 98826 0.9127350792308799
24 1 8 25 99045 1.0680817593645782
12 14 19 24 63279 1.0750789013623785
8 15 20 28 73666 0.9607983088985362
26 9 3 14 95331 1.0768785219265906
13 0 10 29 94586 1.0721981941892635
5 11 23 4 59385 0.9907500485847219
13 2 5 6 23193 1.0833099084039448
25 1 18 23 61219 1.0473577853531788
29 19 4 13 111847 1.0609725832981176
6 0 7 24 69315 1.000774559622688
5 20 11 24 33109 1.0961058916170197
6 28 14 9 89159 0.9128093268813887
21 5 18 19 47163 1.097303943469148
10 26 22 5 85449 0.9347480860870285
11 21 22 15 53496 0.9912447880913843
25 9 13 16 78200 1.048089779591118
14 20 7 2 77999 1.0150387427380871
10 9 11 0 47814 1.0000702420595107
22 0 29 15 73630 0.9289812572756159
12 4 15 21 83783 0.9644329868462667
8 15 25 5 84045 1.0495371427915992
16 5 7 4 33198 0.9782466660871862
11 22 29 21 66937 0.9390250073880456
16 3 10 18 80344 0.9890089878701822
6 19 0 15 51210 1.0292113358661452
0 11 15 27 93518 0.9884976491746227
17 29 27 7 86959 1.0735782684658548
16 17 27 5 81168 0.9284905367160721
10 19 2 2 73553 1.0686222432512316
29 14 12 12 83044 1.0020056566906832
3 25 17 10 94461 1.0027291881496614
29 15 10 23 96010 0.9372854457100268
25 14 0 27 108526 1.0639643401333927
4 12 22 4 64974 0.9906849231406
0 7 22 1 70367 0.9759994795446877
4 17 25 12 99229 0.9838949920354364
14 29 25 27 28952 1.0857437196985937
24 23 6 8 92287 0.918864316388722
11 14 23 2 68928 1.068026159569466
28 4 16 6 44984 1.0948529242338978
10 2 2 11 46123 0.9259359368599678
7 16 24 6 90478 1.0058114864693042
29 12 13 6 94997 1.0007623728358856
22 3 11 3 30688 0.9350565468499012
27 27 11 19 71938 1.0794770390898862
29 7 9 27 124085 1.0378189442247825
7 9 29 4 76023 0.9730042456592396
9 6 4 24 69635 1.01165840610361
14 23 6 16 42081 1.0048705072281239
11 5 4 25 88238 0.9692886689806707
23 7 8 9 61885 0.9332344304493625
14 10 3 4 57156 1.021002831385174
8 7 10 18 50470 0.9570548353566982
21 17 25 24 28553 0.9578122561315923
25 14 1 12 110692 0.9375038538543556
19 0 29 9 64739 0.9277135213059243
18 13 3 4 63840 0.9538898677968364
10 22 5 8 59108 1.0293607048341893
11 17 26 23 75135 0.9939902905027795
24 15 13 24 62707 1.0223631623542995
6 12 15 26 62184 0.9580071367383723
20 22 27 13 47692 0.9589888125794154
7 6 20 20 73624 0.9747867964383761
15 28 17 7 72126 1.0058790031543692
13 11 20 28 64490 1.065960378262555
14 7 24 20 75143 0.9278345198767325
19 19 11 14 57304 0.9252952847676251
7 10 12 5 51854 1.084157352640167
29 19 28 1 89030 0.9007970339622202
15 3 3 2 22159 0.9511470704289047
9 23 4 12 39122 0.9366912920785042
23 17 13 23 43490 0.9934923707220094
10 6 20 27 89249 1.0325331298611429
27 23 15 16 59281 1.0836146768397166
16 6 10 19 82812 1.0627688229943049
4 19 22 7 86055 0.9676155068449629
27 17 7 24 89587 0.9889871762886453
9 8 25 12 85523 1.0191325244156226
20 25 8 28 36122 0.9901439904109552
28 24 19 0 78439 1.0284799622386849
26 11 20 2 40875 0.9441860079471923
16 10 2 11 76821 1.0032973408793207
29 28 16 18 61073 1.0408995171379145
25 28 0 3 105092 0.9471760681597542
29 0 8 7 61105 1.0954313562298688
19 27 3 9 93139 0.9192808471936463
7 22 17 14 66289 0.9117952813123683
0 25 22 18 87816 1.015861079946144
5 27 24 15 84479 1.096977525624427
22 5 22 25 54815 0.9627683121781325
10 25 7 18 37102 0.9391449025547551
7 17 15 14 53270 1.0987634276730167
19 27 10 1 75382 0.9386927648383883
24 8 21 22 47418 1.03831167036145
7 10 22 17 82678 0.9539295061965913
28 13 21 21 47507 0.957479193972866
21 26 5 7 86802 1.0862344976653693
16 15 28 29 65188 0.9789273024126516
16 25 23 16 47727 0.9440044218686358
13 12 5 23 64784 1.099336601634642
5 19 13 24 41166 1.0890724307222306
7 7 15 1 35486 0.9913579240834077
9 10 1 0 51585 1.0092528245875485
18 10 8 8 57251 0.9310621762863556
0 15 24 13 115140 0.983303058604454
0 19 23 4 104772 0.9428503316101939
7 28 29 17 98039 1.036779238457231
11 28 19 5 78523 1.0293231266819634
12 23 10 14 50157 0.9829585221118312
26 19 5 11 104090 1.0813528373452816
2 8 4 26 56616 0.9019637561845723
23 18 1 0 86517 0.9938120412715865
22 25 3 8 100637 1.053120758545926
22 0 7 22 91392 1.0222637875091112
1 4 9 29 91769 0.9222491685894051
27 23 4 10 96061 0.9579195376331864
16 13 12 4 57560 0.9600756400714832
19 25 27 1 68072 1.0073434949914
26 5 0 17 115573 1.0677980117122456
16 28 0 2 95913 1.0084251538430624
24 13 10 21 67289 1.0845879610794111
19 28 15 4 72415 1.0559187651958601
26 9 4 10 81138 1.076428502756556
27 12 17 22 67385 1.0746484954788973
24 26 19 1 65649 0.9914441869999906
25 12 2 24 103126 0.9559355757060072
23 22 0 19 90573 0.9086452184319039
14 5 10 21 79409 0.9549538067530134
23 4 24 27 64709 1.0839099441654902
26 6 24 17 49622 1.0743834425902445
15 1 11 17 84340 1.0648418275152345
3 2 23 9 53413 0.9160042865160283
25 21 25 5 59655 1.0030680335273716
12 16 0 8 98764 0.9959304164488008
16 8 22 22 61411 1.0081977241227051
8 2 26 8 48769 0.9262821398907739
2 4 21 25 90030 1.0361343636778149
22 19 18 3 51040 1.0232941177613881
2 29 10 11 75785 1.0976429694581258
26 26 8 20 66678 0.9040870668615942
27 19 4 4 100084 1.0657587675920541
0 8 10 17 88457 1.0438075822044741
28 2 21 13 35741 0.9739253787873106
1 29 9 15 60824 1.0726424883370522
8 9 28 18 113988 0.9444340016667865
26 13 4 25 97392 1.0968515991807588
25 12 14 7 72865 1.0837648016714245
0 6 21 16 94269 1.099046880961518
15 23 20 2 56529 1.0876779202800364
10 26 5 9 58919 0.9893274636809432
29 3 13 9 67983 1.046553418000929
13 11 26 10 72969 0.9818341459520037
6 3 5 23 57971 0.9517540630245135
12 12 29 24 87222 0.995919796626674
28 23 17 29 37373 0.9878478304454951
25 22 2 24 76237 0.9971256042525573
19 15 2 13 77226 0.989977575667095
7 22 22 12 73007 0.9613764882216149
19 13 16 2 33491 0.9225368346227338
3 27 28 20 87563 1.0462778389147847
1 3 27 8 76579 0.9617592026161588
24 23 8 29 46986 0.9855443791656855
4 12 15 4 51329 0.9699720325780492
2 1 16 29 94257 1.0711845518047098
18 3 13 27 79082 0.9262070510135818
16 24 27 27 43250 0.9691671863555906
15 19 23 12 50587 1.0036589788989856
27 22 7 6 104895 1.0826197188727003
24 3 18 29 69906 1.0721940331213755
18 15 13 21 35113 1.0907631392573924
25 10 8 17 94280 1.055200551703169
13 2 28 18 86948 0.9170585130035117
10 13 20 13 38309 0.9729877447584229
0 18 14 23 67964 1.081403013891848
4 26 9 10 64428 1.0383447391324276
12 6 2 10 75337 1.0398239810604708
26 20 9 4 82673 1.0202741363621268
26 14 26 28 52571 0.946812721280816
2 2 2 19 59637 1.0798438918465656
8 26 19 9 77708 0.9518580760457114
28 4 17 1 31480 1.0949115060663963
8 1 0 27 83864 0.9784180716469959
13 16 9 10 45961 1.05265249978114
9 10 17 21 69069 1.0716545435916751
6 23 0 2 61533 0.9632720506944055
6 19 15 21 34176 1.0375252557737995
2 1 6 9 30707 0.9425004589509441
13 10 18 23 63685 1.0578844296489913
22 28 20 19 23816 0.9080419053659438
23 19 20 2 49590 1.0445741348008202
7 12 26 0 73075 0.990916965505633
6 8 11 28 70924 0.9035849775647679
24 16 15 18 53688 0.9438255637936871
2 26 23 13 89561 0.9907097106552178
26 14 5 24 97516 1.0358766008034102
27 2 18 5 22910 0.9463815233367432
6 2 24 22 78962 0.9553646288411929
18 6 15 13 31893 0.9304846679991212
24 0 18 29 70490 0.9235425213008472
14 16 18 9 40458 0.9288026650180123
4 11 0 20 35965 0.9414344581612925
3 1 11 18 85032 1.0606666323693692
6 18 16 14 59252 0.9030698007201374
17 7 3 15 82375 0.9026431395742401
18 15 2 13 70134 1.0432128484822996
4 12 13 20 50768 1.08531168161058
0 6 19 6 75890 1.03870284318356
23 6 24 18 37158 0.9048279714092166
28 6 13 1 49465 1.0617899915136937
20 25 1 26 58030 0.9567627567871563
28 14 8 21 95066 1.0645606810569326
22 15 27 22 43775 1.0503475999290568
27 23 21 18 27844 1.0259274945274526
15 2 11 24 83558 0.902775457057688
7 26 29 21 77895 1.0522976978147993
13 13 16 25 58881 0.9998390117528989
29 21 4 12 104559 1.0689131051791416
16 4 27 7 46481 0.9338845293053614
19 12 28 24 55178 1.0633534350971647
4 2 16 18 81177 0.9265156526126005
4 6 1 23 46182 0.9014425822443449
12 12 5 29 77414 1.0930981508561517
7 16 28 6 100120 1.0926564282599933
29 29 11 4 97811 0.9717024081448274
4 7 3 24 42942 0.9995294824404565
21 10 6 2 41951 1.0168412114300074
4 12 15 23 56543 1.031033865302081
3 27 29 23 76362 0.9738229137997756
5 10 17 9 69613 0.9351437953073299
15 24 19 10 52796 0.9034379521566651
23 7 10 5 55447 1.0081447203332534
12 17 18 12 51136 0.9296995242089708
20 16 25 3 42341 1.0805493425272903
1 0 0 17 83078 0.9053749894774962
16 22 27 23 35971 1.0739448272431324
25 3 11 15 82812 0.9845061985024666
15 27 11 15 73466 1.0530020260046666
27 21 18 19 38677 1.0277306247062223
23 19 21 27 24419 1.0843506951491235
7 1 24 2 31305 0.9163431825323168
10 19 23 6 87574 0.9775482539358137
24 8 17 23 60989 0.9101812858725782
28 8 14 11 90431 1.0396783432759988
11 11 23 23 76181 0.9230867426362854
26 18 0 8 137371 0.9693968200685404
25 28 16 27 29640 1.0047802247228925
15 5 21 10 41435 0.9114406922741497
2 18 29 3 100485 1.0395575460722868
0 9 0 19 81226 0.9620298336733014
0 6 25 9 96624 1.0249290044997197
11 7 26 16 102307 1.0627268529619747
11 3 4 23 69398 1.0390832517023592
29 7 26 20 66265 1.0911047067781587
17 7 26 25 71424 0.9012869472972745
15 17 7 14 54950 0.9522860890556635
23 28 14 10 72862 0.9358754792402778
4 8 11 24 62906 0.9173709453888732
1 3 21 12 62163 1.0133471799816387
19 13 27 6 57377 0.924198231052668
26 8 16 29 80964 0.9153088133469263
3 12 13 28 69210 1.0793744930812825
14 20 18 5 57891 0.9722512722627201
2 16 20 4 77933 0.991666186954665
24 1 5 11 61403 1.0593775251366857
29 19 15 7 93267 1.0148711532960506
0 23 13 3 78835 0.9556012762985815
9 15 3 29 57472 1.0048276945585335
22 22 3 1 81831 0.9409645751925595
16 11 12 26 69287 0.9208529069820681
27 8 29 26 82489 1.06602664309846
24 14 14 2 54258 1.0342744640957238
21 0 17 21 57392 1.077644467223313
16 27 7 9 84256 0.9954104233655439
6 14 19 10 67649 1.099066124274699
16 11 11 17 54144 1.000470650207338
2 29 28 11 111270 0.9969707227554734
9 19 5 7 54145 1.0135435033377562
28 3 28 16 66712 0.9496693690666823
0 11 10 15 64917 0.9126215468324729
23 6 0 22 110471 0.9567760464795718
16 4 4 25 79509 1.0072478651237666
15 11 23 6 56286 1.0843535623455456
28 13 17 17 61768 0.9206102739415659
27 7 10 8 79538 0.907226509916175
5 8 27 0 60397 0.9702542136076351
29 4 6 17 90605 1.0803870129076627
11 1 4 22 66065 1.0239294432790456
22 25 21 14 27736 1.079405307979807
25 14 19 9 42147 1.0334984885252532
17 20 9 16 42814 1.0011294806631479
5 24 26 10 103032 0.9315683351121404
20 25 3 4 79593 0.9398295349680559
20 29 26 1 67017 0.9248757953220209
28 26 10 9 111433 1.0046184644538305
28 26 11 21 60981 0.9390689649481809
18 18 5 22 54704 1.0410497236975635
23 29 6 20 57624 1.0403700709853305
23 8 14 9 61443 1.0688241778248522
10 9 17 28 104856 0.9640973794246827
15 17 4 10 71459 0.9227795760287213
23 20 15 0 64541 0.954700451806142
16 17 6 23 52309 0.9931631451751541
25 17 17 19 44808 0.9866112487413459
19 2 6 9 39316 0.9794829136664911
3 15 18 7 76372 0.9962640505629256
22 27 16 8 66989 0.9034253035540633
3 10 11 7 55824 1.0522789916221416
19 16 26 21 37114 1.0514798134494736
7 13 3 24 41920 1.0449278621069433
8 21 2 29 34644 1.0572756971628783
3 6 22 15 78715 1.0651730605505263
20 23 29 19 43834 1.0840459441649712
25 20 10 27 64891 1.0551057895918556
5 4 21 12 54789 1.0105954042014587
1 4 21 24 91669 1.0152730025497734
1 3 9 21 74926 1.0977527455187763
22 16 7 13 67802 0.952210107863792
10 29 27 26 44271 1.0402296974639422
20 4 8 0 29808 0.9326576344811175
3 23 0 10 60679 1.0401109581119663
10 1 1 5 42767 0.9225430339060383
24 16 9 17 78908 0.9700833573051061
28 18 17 17 63594 1.0994635230243566
21 6 7 22 80147 0.949986276497301
24 7 11 22 86408 0.9349618190216369
24 12 5 21 88261 0.911041004717683
4 7 12 16 69510 0.9001886527127202
26 29 10 12 86605 1.0188586147004708
16 0 17 14 52237 1.0107779727339161
15 19 0 17 82690 1.056449870957536
17 20 22 29 30536 0.9723420479881058
3 7 14 20 72760 1.0651596289193517
3 0 20 18 65927 0.9327981617744721
4 26 21 22 56388 1.0438243011004869
23 26 11 2 69502 0.9967782271953357
16 20 7 28 55782 0.9558050440725675
26 27 5 19 77357 0.9972580187413896
26 6 20 12 43995 0.961746869419182
25 17 10 10 94280 0.9058337112372923
15 0 24 28 82272 0.9221272336992101
12 12 22 13 46108 0.9796630353673464
1 23 26 20 81616 0.9572735935403034
11 24 29 8 117679 1.0220301992214347
12 23 26 1 78710 0.9420414215156925
8 16 13 9 55087 1.0261227026204294
17 28 3 23 49510 0.9173714645641018
29 21 21 5 61593 0.9944985972123139
9 4 28 14 83420 0.9665819576485225
21 3 4 21 75310 1.0103567941609404
17 25 1 17 84728 1.0600705340905208
27 20 12 6 102711 1.0648497937238188
22 1 27 17 71969 1.0957505472771214
9 15 18 0 69176 1.0946033187856452
9 1 7 22 67257 1.0924246503072632
27 25 1 13 109232 1.075571104055393
9 1 2 8 42754 0.9127549177674762
28 21 7 14 98545 1.016382526484138
10 27 3 19 41850 1.0313291106460278
1 24 28 23 83667 0.9321458610095279
3 21 22 0 85978 1.0949297135205933
26 20 17 7 64651 0.935925969039546
9 0 17 29 82319 1.0493528378109438
23 26 9 27 44593 0.9628293412733229
22 15 14 27 54573 0.9942636398087961
6 15 23 26 76237 0.9355679283178172
7 15 13 20 42628 1.0615190489254176
18 21 2 22 56859 0.9773341606800504
8 11 19 23 76410 1.010015284943974
6 22 28 14 101823 0.9901498649179421
4 12 19 10 76208 1.0550514853238022
19 27 28 28 26976 0.9449774949976764
13 16 21 21 49920 0.9671199183786331
6 0 0 10 59729 0.9009300155544775
13 28 7 23 39049 1.0621966020336906
21 19 12 1 57730 0.9994836895324516
2 23 21 11 79286 0.9663581829312591
7 5 6 14 32669 1.0852481074020375
29 5 0 14 111438 1.0317061574061053
21 25 6 11 80438 1.0562969302078982
0 8 28 2 83737 1.021678490853708
7 6 3 21 56616 0.9102621726796087
26 22 2 0 98507 0.9863591035875385
15 1 8 10 40254 0.952124763837696
3 13 9 8 46663 0.9883776629180492
3 16 10 22 45130 1.0334770609790422
3 16 11 8 71970 0.9861170606762635
1 7 21 18 92434 0.947269110595623
9 5 21 23 73272 1.0301715105626799
28 12 2 18 129368 1.0287664236982184
21 22 3 0 77696 0.9419557096606436
15 27 27 15 79496 1.0237691935507955
3 26 15 21 50130 1.0737636579196523
7 27 28 28 55590 0.9416125079303235
12 24 15 0 88471 0.9673828910680693
18 6 7 0 35803 0.9563441308142249
17 4 27 23 75474 0.9011844915094308
27 22 23 10 46865 0.904147095416414
0 9 8 5 68948 1.0189397285340709
10 7 13 23 79902 1.0771853362543213
19 16 21 4 38208 0.9116435328691487
27 19 17 4 83373 0.9190811668795685
6 14 17 29 63957 1.0574679629681956
18 1 11 6 43843 1.029820969005465
24 18 27 9 49423 0.9119044389643548
9 22 5 6 58954 0.9473918571407924
22 13 7 3 54693 0.914244902169083
6 26 16 28 34698 0.9956730847432756
19 24 3 10 84775 0.9646763025365486
24 23 19 4 55379 1.0383886314235298
27 20 24 29 39245 0.9802584919578825
18 23 17 6 57229 0.9522033496517882
11 16 5 6 60888 1.0406103807274674
3 25 1 9 63156 0.9441085258772259
23 12 7 29 72084 1.0926460907676507
21 16 9 27 59082 0.9040900296039841
1 13 21 12 83174 0.9449064604650972
17 0 1 26 96555 1.0966362719857858
0 23 7 8 62738 0.9545029554404133
5 11 18 29 75346 0.9027753440044327
12 21 29 19 67707 0.9199861955496925
18 22 21 8 41003 0.9787487813462885
10 14 4 19 45454 1.0947382628160707
29 20 27 5 73195 1.0836608881087935
23 23 10 29 40226 1.09073724301581
14 17 5 18 51006 1.0925740441024474
8 22 26 9 97120 1.0892791803863568
5 15 16 28 66772 0.9578576006319692
10 14 24 22 78508 0.9595140175749902
27 14 13 12 69490 1.0151404722505022
16 20 12 27 39736 1.094224646148141
7 18 1 24 38581 0.9273911781689383
20 9 25 17 43784 0.9875885693458446
28 18 8 20 81988 1.0841412022812178
21 27 10 20 51964 0.9278542503463387
23 17 8 13 69713 1.0597348147764063
9 12 2 8 54569 1.0977696769125562
22 8 21 24 42331 0.9390369795263783
18 23 26 7 71406 1.051225468204027
26 18 5 0 96904 1.0353704359704066
12 11 17 17 49208 1.029008849180975
7 24 13 12 68004 0.9068660082079877
28 6 13 22 99613 1.0486322145141398
2 14 2 26 44641 1.0454612554740657
6 28 7 16 37654 0.9873067420788185
1 21 16 17 65928 1.0762207587627652
17 6 29 27 86062 0.982570494820635
13 7 22 29 85344 1.0729013801322922
13 22 1 0 94796 0.9306568294298498
5 25 29 0 110292 1.040460014414752
9 19 14 6 68858 0.9361582306306584
16 17 9 10 56254 1.010287155525234
15 14 7 25 69749 0.9107788732264874
14 7 8 22 79774 0.9093320515136264
13 18 10 7 73569 0.9802440175250527
25 26 11 15 84336 0.9096507315005173
5 10 25 9 80474 1.063364536909076
17 9 24 12 49833 0.9917798243674567
27 29 16 8 77415 0.9142469216511694
28 1 6 15 76301 0.9996805737518727
19 13 18 4 30641 1.0113786873412367
1 20 26 16 107666 0.9968581686082807
6 12 20 15 61619 1.0901492288468702
11 29 5 16 49049 0.9038291276643393
4 15 24 13 86852 1.016017266480442
10 15 21 21 70541 0.9773746788714515
24 2 11 1 28175 0.933309815595219
17 22 19 7 48001 0.9097646838933456
29 24 15 25 54511 1.0368814978748386
18 20 12 11 55564 0.92620935748108
5 2 19 11 48550 1.0241143359641025
22 1 0 9 86174 1.0998022397876956
4 0 16 4 30211 1.0056345418558685
6 2 25 28 87645 1.032099991139377
