7238 7642 6463 7096 7552 7043 6862 7432 6596 7576 6629 6335 7869 7276 7623 7323 6502 6906 7030 6651 7269 7722 7130 7514 6387 6343 7121 6753 7457
4024 4344 4943 4678 4729 5272 4731 5240 4144 4573 4375 4860 5193 4950 4142 3892 4956 4107 4847 4281 5076 4467 4119 4601 4254 5116 4989 5000 5322
4600 4072 4029 4332 4688 4018 4823 4522 4173 3626 3641 3429 4232 4233 3301 4153 3808 4153 4573 4438 4712 4056 4496 3536 3408 3581 4143 3572 4157
7902 7937 7758 7637 8734 8290 8577 7950 8050 8560 7497 7869 8765 8014 8422 8249 8286 8196 8726 7308 7618 8042 8129 7618 7449 7829 8464 8647 7345
6689 6559 6686 7175 6474 7184 7134 7200 7591 6644 7426 6724 7041 7407 7088 7563 7355 7949 6619 6877 7975 7429 6897 7008 7983 7357 6606 6979 6536
8431 7648 7304 7212 7640 8257 8476 7664 7856 8200 8080 8146 8616 7468 7449 8009 8362 8290 8084 8770 8489 8325 8444 7295 7394 8191 8386 8738 8030
3876 4944 5112 4425 5275 4827 5027 4374 4987 5231 3958 4575 5173 4145 4988 3899 4475 3897 5358 4931 4192 4090 3979 4189 4160 4567 4297 4514 4077
5889 6005 5290 5998 5484 5245 5482 5957 5511 6368 5995 6443 6638 5670 5191 5176 6300 6240 5535 6455 5699 5438 5789 6638 5809 5780 5428 6548 5836
4765 3459 3455 3813 4494 4434 3482 4108 4711 3266 3676 3950 3252 4729 4241 4361 4394 4422 3746 4535 4803 4602 4790 4737 4353 3420 4585 4286 3388
4081 2926 4379 3292 3775 3453 4180 3476 4204 4173 4006 3064 3119 4123 3267 3042 3516 3041 3412 3591 2849 3647 3100 4108 2944 3714 3231 4378 3180
6079 6058 6772 5852 5741 6857 6871 5366 6794 6236 6366 6594 6843 6316 5644 6517 5639 5888 5538 6140 5812 6782 6337 6335 5673 6053 5799 6292 5473
3563 3643 3784 3512 3063 3237 3064 3503 4323 3551 2987 3164 3381 4138 2985 3718 2919 3243 3754 3849 3076 3832 3834 4155 2898 2867 3558 3194 3146
8557 7623 8809 7409 8651 7691 7562 8655 8775 7917 7964 8745 8559 7902 7993 7680 8414 7612 7314 8830 8031 8105 8232 8733 7638 7523 8161 7625 8627
6639 6882 6482 7385 7417 6416 6551 7754 6460 6929 6660 6951 7458 7309 7166 6597 7014 6928 7643 7245 7565 6333 6885 7291 7307 7225 7157 6571 7448
5753 5890 4929 4582 5076 5073 4909 4663 5537 4995 5131 5881 4677 5302 5858 5881 4571 5277 4752 4713 4873 4945 5592 5192 5323 5372 4586 5985 5737
5477 4119 5230 5280 4214 4854 4795 5164 5279 4041 4187 5063 4253 5291 4840 5236 4149 3944 5394 3961 4254 4878 5275 5175 4328 4020 4211 4094 4684
5950 5913 5757 5340 5225 4976 4939 5983 5848 5552 5170 5863 5727 5686 4886 5943 5061 6102 5828 5286 5896 5093 5863 5206 4845 5142 4865 5400 5191
3752 2687 3441 3918 3531 3693 3000 3644 4164 3809 3574 2826 3858 2631 2731 3511 3699 2713 3800 2832 3425 3412 3538 3766 4112 3450 4170 3416 3657
4381 4237 3159 4160 3463 3736 4415 4363 3200 3314 3191 3266 3954 4459 4169 4049 3247 4170 4397 3092 3543 4469 3320 4155 4242 3750 3378 3614 4291
4100 5010 5472 5269 4110 4850 4657 4635 4311 4917 4706 4368 4891 4565 4511 5386 4091 5153 4517 4697 5563 4446 4370 5475 5357 4999 4748 5166 4147
8512 7101 8140 7908 8571 7260 7999 7508 8482 7886 8184 7613 8406 8287 7308 7882 7232 7039 7748 7096 7459 7453 8452 7159 7189 8087 7853 8117 7332
7395 6942 7450 7562 7591 7843 7895 7877 7655 7009 8031 6913 8233 8202 7679 8291 7518 6912 7753 8242 7934 7987 7084 7373 7419 6810 7245 7425 6861
7952 8452 8054 7486 7597 8025 7673 7450 7465 7016 8005 7838 8057 8554 7943 8263 7513 8405 7036 8022 7164 7582 7288 7952 7647 7537 7676 7328 7247
2398 2530 2711 2872 2018 3131 2851 1857 2023 2049 2768 2559 3020 2253 3138 3234 3288 2659 2988 2310 3220 2589 1966 2008 2481 3342 2303 2756 2606
6669 6017 7325 6402 6710 7082 7132 6730 7083 7157 7078 7253 6652 5926 6349 7157 6682 6236 6644 6374 6689 6198 7452 7167 6145 6056 7223 5948 7420
5472 4883 4798 5332 4377 4099 5463 5356 4987 5480 5213 4479 4310 4429 4057 4637 5422 5338 4985 4689 4968 4172 4831 4616 4454 5170 4132 4431 5225
7182 7371 8549 8248 7716 8248 7869 8337 7749 8085 7401 8422 8191 8058 7656 7615 8101 7887 7869 8068 7205 8102 7298 8257 8558 7809 7291 8100 8515
6438 6705 6974 6368 6533 6908 6554 6753 6831 6598 6929 6414 6802 7384 6952 6291 6002 7179 6903 6239 7072 7262 7303 6951 6665 6311 6709 6807 6143
3031 3788 2403 3616 3571 3228 3753 3588 3853 2877 2695 2855 2899 3070 2691 2797 3112 3618 3442 3856 2918 3204 2961 3283 2596 3558 2905 2638 2850
6008 6004 5351 6195 5976 5877 6130 6154 6282 6608 5793 5768 6335 5741 6315 5471 5278 5826 5209 6433 6011 6249 5683 6538 6017 6259 5656 5401 5659
1513 7540 6456 5013 5941 2344 6491 3377 7340 2543 5281 3490 1664 2464 2389 1864 5298 7377 7185 4301 6952 5728 5546 7625 7274 1768 2268 7264 6558 4174
2491 6679 6635 4765 5764 3484 7056 3628 6027 3146 5445 3608 1991 1874 3468 2266 5414 7385 7872 3983 5846 4759 6204 7450 7155 2700 1880 7614 6690 4080
1332 6767 6021 5403 5708 2832 6671 4444 6999 2490 5136 2923 2153 2847 3011 2325 4555 6312 8271 5376 7147 4439 5917 7969 6930 1685 2871 7544 6956 4350
2237 7749 6133 5435 5758 2418 6236 3323 6544 2352 4942 3056 1181 2402 2110 2983 4790 6363 8416 4702 6048 5481 5953 8193 6615 2099 2191 7341 6554 4622
2485 6895 5797 4665 5681 3112 6847 4387 5946 3135 5486 2784 2029 1463 3461 2375 4941 7262 7076 4738 6695 4791 5811 8272 7270 2569 2568 7498 6931 4882
2100 7222 6690 5312 5196 3454 6474 3784 6091 3043 4386 3552 2000 2266 2781 1594 5327 6808 8601 4143 6076 4816 6242 8293 7833 1420 2436 8567 7192 5068
2182 7390 6154 6176 5549 2286 6014 3319 7102 2425 5468 3680 2401 1761 2929 2174 4910 6440 7210 4300 6415 4512 5260 7771 6703 2483 2787 8037 6697 5302
1820 6805 6141 4695 6141 3257 6755 4702 6564 2046 5246 2863 2411 2845 3558 1807 4640 5986 8314 5058 6677 5288 5113 7188 7783 1279 2562 7605 6731 4315
2726 6629 6322 5325 6196 2633 6501 4149 7079 2295 4250 3553 2000 2345 3188 2124 4944 6906 8358 4676 6419 5665 4949 7693 6947 1778 1727 8201 6488 4657
2009 7411 6601 6112 5905 3451 6342 4447 6986 2836 4878 2857 1301 1849 2633 1605 4700 7337 8147 4041 6740 5402 5050 7058 7840 2442 2494 7450 7390 4725
2522 6527 5911 5409 5167 2812 7005 3906 7186 1735 4816 3699 1200 2549 2951 1674 4204 6792 7052 5045 7048 4680 5709 7751 6747 1400 2373 8617 6413 4951
1732 6702 6034 4953 5191 2862 6741 3769 6958 2072 5586 2655 2240 2066 3148 2410 4257 6967 8499 4731 6128 4481 5799 6881 7588 1419 2143 7675 7802 4807
2263 6487 5620 5556 5145 3055 6778 3684 6952 2924 4881 2933 1477 1908 3012 2691 4739 7274 8001 4744 5662 5550 5110 7150 6998 1867 2411 7166 7084 5215
1517 6576 6682 4630 5368 2891 5835 4636 6074 3029 4205 2516 1739 1917 3560 1769 4871 6258 7960 4506 6425 4505 5223 7358 7930 1966 1968 8029 6929 4760
1250 7167 6972 5422 5778 2649 5820 3156 7344 2839 5050 2794 2416 2176 3044 2458 4298 6589 7435 4529 7062 5366 5275 7012 7331 2358 2276 8087 7273 4853
1208 7478 6175 5683 5245 3528 6327 3507 7087 2768 5607 2609 1206 1860 2551 1995 5752 7165 7515 4922 6482 4669 5903 7406 6640 2742 2094 7355 7372 4582
1981 6718 7077 5180 6106 3787 6561 3606 6952 3193 4562 3628 2113 1743 3366 2881 4604 6846 7420 3994 6175 5454 6050 8246 7180 1283 2217 8228 7189 5129
2699 7166 6216 5993 5622 3016 6932 3242 7202 1897 4599 3367 1352 2445 2335 1594 5453 6996 8367 5367 6770 4294 4723 8279 6751 2185 2647 8177 6557 4591
1442 6678 6684 5178 5843 2272 6273 4442 7266 2973 5605 3324 2130 1403 2910 1715 5276 6792 7180 4604 6153 4890 5980 7608 6704 2217 1504 7948 7685 4357
1783 7146 7041 5194 5262 3126 6253 3868 5942 2916 5374 2943 2210 2783 3625 2462 5686 6813 7423 5025 5726 5379 5190 7422 6582 1805 2917 8110 6529 5270
2420 7059 6361 5534 5596 3502 6598 4109 6483 2680 5374 2421 1496 2567 3020 2109 4958 7187 7544 4210 7134 4312 6206 6900 7550 1826 1455 7931 6496 4009
1847 7803 6713 5041 5804 3378 6005 3242 6126 2574 4287 3422 1730 1739 3536 2449 5602 6257 8278 5410 5724 5220 5086 6973 7725 1428 2254 8520 6972 5199
1282 7381 6991 6001 5161 3126 7267 3726 6222 2511 4454 2293 2200 1603 3495 2239 5357 6930 8498 5372 6864 4500 6232 6875 7726 2795 1632 7657 6606 5180
1836 6693 6111 5322 5089 3133 5874 4102 6198 2542 5283 3712 2486 1569 2217 2792 5319 7248 7305 4816 6243 5517 5484 8183 7658 2235 1858 8364 6905 4521
1669 7576 6268 4647 5868 2579 6568 4500 6854 2985 4256 3574 1225 2521 2236 2143 4584 6279 8260 4951 6828 5174 5728 8166 7717 1451 2534 8311 6995 5052
1427 7282 6501 5130 6218 3252 6491 4040 6786 2859 4599 3405 1808 1836 3435 2069 5250 6898 7289 5124 5710 4642 5434 7958 7051 2232 2854 7704 6400 4088
1412 7701 6287 5645 5716 3401 6530 3893 6449 1906 4307 3583 1042 2035 2078 1481 4597 6270 8057 4093 7115 4367 4862 7492 7268 2605 2218 7629 6547 4521
2100 6811 6236 5213 6091 2715 6522 4578 6115 1930 4984 3530 1561 1370 2923 1883 5197 7259 8088 4687 6366 4204 4733 7198 7245 1727 2818 8644 7193 4241
2437 6460 6199 5646 6322 3779 6907 4497 6514 1760 5046 2333 1546 2374 3106 1815 5206 6878 8169 5041 5632 4965 5631 7723 6689 1489 1604 7749 7376 5118
24 6 10 13 48220 1.0422261421674763
6 17 19 8 57087 0.9270292835364543
15 1 2 2 40324 0.9031033709890915
9 15 23 11 37878 1.0421075287445558
0 8 23 12 61966 0.9911990667803364
15 12 20 27 65556 0.9309338551951567
23 13 14 28 64998 0.9390975385932789
20 1 3 13 84271 0.935707237839509
18 20 10 0 84281 1.0527653564282922
4 6 29 8 88643 0.9802741487779169
14 12 27 9 34521 0.9875125148771464
21 19 13 28 63345 0.9842947635060074
9 28 5 3 104826 0.924552527143329
5 27 11 6 87781 1.0284488798532938
15 15 27 26 56993 0.9173547753153173
3 4 17 16 78873 0.9639461963566962
21 4 14 26 87668 0.9930184719085645
18 20 1 15 55680 0.9872465692245543
1 2 9 20 87352 0.9193688453838876
25 0 11 17 72722 0.9491156638811062
21 8 9 21 70999 0.9014437100585652
15 9 12 28 83769 1.0003547574009268
24 4 11 16 60876 0.9982195345094935
26 18 1 6 102767 1.0687322713541758
21 27 15 20 46991 0.9292053340430807
26 0 7 28 117322 1.0964702908186215
16 14 8 18 34789 1.0264672019378949
0 20 15 1 113045 1.0461871481318137
27 2 10 3 57310 1.0502949119538547
7 15 25 28 77022 0.9045178959683878
27 22 2 0 115066 0.9641996921412733
18 19 8 16 41425 1.0559500168680556
18 27 5 17 71934 1.0331113505946323
19 9 14 3 38993 0.9420322546823187
3 14 7 29 74294 1.0093576271972478
9 1 22 1 36706 1.0656992513492727
26 10 12 22 81005 0.9400844259386602
2 10 9 26 68718 1.0112815447164922
29 24 7 10 92280 1.0121574977881125
2 6 14 11 50517 0.9766000620463793
20 29 5 15 83196 1.0598132130843263
28 25 24 19 29640 1.0503485011951654
29 22 21 17 57103 1.037747311650353
8 29 11 4 90609 0.9662595601408108
15 14 2 20 53954 1.0258978738605704
8 27 14 17 59279 0.9825999695920917
11 15 16 9 33838 1.0367685603503136
21 28 17 3 100159 0.9175758326639579
19 7 12 2 49542 0.9809274456677718
9 4 17 16 56754 1.073005747583331
29 28 4 4 134205 0.980105020907118
25 17 11 20 59249 0.9904718697859405
15 13 3 27 77485 0.9862737390399052
3 10 21 13 52132 1.0440528919810728
27 27 4 26 58638 0.9128084849039345
12 7 29 12 53274 0.9539791892765735
25 2 15 20 83833 0.9861296344285934
4 3 23 5 69121 1.0843739968940427
12 15 24 29 66633 0.9508465331504126
22 9 8 3 60689 1.0418416632491727
7 8 16 1 58112 0.9251691911083847
12 20 10 1 78473 0.9610009884054669
13 8 18 21 61810 0.93670091875274
25 28 5 12 85073 1.056059557422818
6 14 27 16 55920 0.9418995779313867
10 20 27 4 93480 0.9522020390176251
13 3 24 21 91537 0.9005879890809786
22 1 3 3 65611 0.9389031118962159
27 2 5 3 71414 1.0066900542432926
8 23 11 16 38699 1.0635032595293812
25 3 5 9 71477 1.047651814145199
10 18 16 8 56618 0.9039043051436646
7 12 23 10 34548 0.9647984372454005
21 17 6 8 68951 1.078297289486708
11 9 12 27 68655 0.9661444248873284
18 20 0 6 90894 0.9353674198361313
7 20 1 3 90550 1.041574194461086
25 19 23 6 44454 1.0321710949694558
28 12 11 28 76786 0.9165411969340511
25 6 10 1 52365 0.9296919894356018
25 17 1 6 90140 0.9927588358021486
0 17 7 8 58784 1.082862842489026
26 5 21 26 68584 1.0946403696928921
12 9 14 21 57373 0.961266586816249
0 28 4 2 128137 1.0106952661913535
11 22 0 21 53911 0.983045818170452
3 4 20 26 120526 1.0280393885038088
17 6 6 6 41731 1.0128554074536276
16 24 26 23 39098 1.0703276280168879
4 17 22 16 61067 0.902692592847949
17 3 5 7 54298 1.0841352289500192
16 27 2 11 83794 0.9704043167574723
5 12 14 24 66988 0.9590429031570659
25 18 15 22 60385 1.0935049847586085
5 9 9 23 57113 1.058613471559314
10 5 2 10 40176 1.0545878888840199
0 8 6 4 40369 0.9901004930482322
15 8 14 24 77183 1.0918239970597372
0 23 13 24 46117 0.905744028227112
13 15 1 16 29920 0.9224640318196776
4 7 14 14 51970 0.9558916370385004
2 4 19 28 122168 1.0013728094018117
12 6 24 23 88490 1.0799974629449067
22 10 0 12 52421 1.0650246957364329
1 8 28 13 67992 0.9749276655591662
22 3 9 14 60181 0.9311372089007552
10 5 20 29 108630 0.9009041060675679
7 8 29 11 58569 0.9254459142641325
13 11 28 8 45212 1.0527596705895463
10 17 26 23 80038 0.9810904588444985
10 14 15 25 48824 0.9271674800944566
4 6 19 13 62430 0.9755630964304333
0 2 7 16 80915 0.996092516996143
18 24 8 28 35973 0.9915854468542802
23 10 6 6 60150 0.9286423700915164
23 16 1 13 55035 0.9870111280402286
18 23 10 1 96204 1.06671801483879
4 18 25 28 90611 0.9408290039463935
19 17 29 12 36815 1.0763066258817993
4 23 9 15 55897 1.0386981474872667
2 6 22 0 65294 0.9737350236416844
18 18 24 0 62454 0.9872993620945241
10 4 19 20 79172 1.006915663191811
10 10 5 16 37788 0.908283039490385
27 18 21 5 58139 1.030150302410507
23 9 24 29 58058 0.9284481815999929
10 11 17 1 55140 1.0363965328968625
18 17 29 24 59215 1.021577151060024
5 12 8 27 62354 1.0061069240792475
23 2 11 21 78211 1.068835443423398
11 23 26 21 55321 1.0406682068367947
4 16 16 18 49345 1.0010605627783462
12 7 29 29 106079 1.0832551087208193
7 7 1 16 51731 0.9741390523955211
10 2 29 21 103898 0.9206619897013635
20 26 14 10 70691 1.019714707080475
9 21 17 4 71893 0.996074132983205
26 26 14 19 57374 0.9406749013342056
17 14 15 2 53238 0.9903134300929112
9 2 12 13 45950 0.9969469390709538
21 17 8 1 91011 1.0345490907800894
28 12 6 0 70572 0.9456505524834966
29 24 11 14 74256 0.9871301394205726
10 25 25 25 28977 0.9837424961023259
25 16 4 19 72238 0.9532374288699389
28 24 20 6 76305 0.954527031776293
16 16 0 14 44724 1.0780064489033472
2 8 17 5 57856 0.92822340265536
12 9 1 21 69591 0.9626601669042915
11 27 18 13 60675 1.0693525726763409
8 24 18 11 66072 1.00061239770957
16 3 2 5 51805 0.9080199517534203
17 3 7 20 85259 1.0477597145074184
25 25 6 9 81013 1.0195178073427298
20 21 22 13 38725 1.0516762442460084
21 11 13 17 45148 0.9871033431282289
23 2 0 14 77269 0.922966489460528
11 6 27 15 59797 0.9391666266754592
21 4 0 26 114150 1.0473396198039975
8 20 29 26 66212 1.0293981214467167
0 2 29 23 138332 0.9722730971320032
5 20 14 23 51835 1.0093622531758752
25 11 17 17 35738 0.9639466548185586
27 8 0 5 95203 1.002075608372297
11 12 12 0 43126 1.050010950290914
25 14 9 6 57639 1.0983490816315231
29 5 10 5 58863 0.9079844982517591
2 23 20 15 73025 1.0651034652435674
16 10 20 23 65402 1.019927481333684
28 15 9 20 57021 1.0482497482498938
9 15 5 24 47604 1.072927891916187
4 26 11 11 64535 1.0008503136930562
9 29 7 3 100453 0.9294611012323535
25 19 23 1 57716 1.0505129018087909
26 9 14 3 56290 0.9935206092999611
2 4 14 4 44827 0.9645542817557604
3 5 4 19 69595 1.0429080332239509
21 14 16 2 60596 0.9111733085246302
24 15 14 4 61901 1.0513555273698105
25 18 7 9 68491 1.000919936869811
4 26 13 8 82529 1.0412662084616575
5 8 14 26 85252 1.0466623458998867
26 17 8 22 79990 0.947620615974731
15 8 15 26 73238 1.0827528980412124
17 0 19 24 89605 0.9371818741934234
20 28 23 14 54534 1.0482981616757878
1 29 21 15 91011 0.9290829193904524
20 21 26 7 64040 0.9921645501202393
15 3 26 6 51531 0.9170048972775758
0 1 17 7 64628 1.0734998355871963
28 2 20 21 80703 1.0969591683663744
23 0 17 18 60028 0.9198274321870179
29 9 11 24 80252 1.0491994194165652
5 29 11 8 88348 1.0071514269463624
26 8 16 0 51980 0.9193459492647276
5 22 5 7 78299 1.051626718548977
25 2 28 21 73420 1.0895053535000907
24 28 22 16 44172 0.9803236104416853
7 20 24 5 84589 1.0612727237323698
8 19 28 10 66678 0.9103392776847806
22 3 15 17 62728 0.9415797797690881
8 17 10 9 35326 0.9123782902677501
4 29 24 9 105750 1.074645327599016
20 6 5 5 52339 0.9535203502601474
3 15 3 1 66211 0.9675252875221376
19 7 2 15 62625 0.991795118777509
3 13 12 15 26161 0.9849792559704222
11 2 23 18 74089 1.031778851902424
1 2 19 14 85207 1.05944870212818
29 7 6 29 114369 1.0789099537951077
18 27 3 22 55460 1.0062036086058468
15 10 25 17 47092 0.9451021718692769
25 16 3 10 69174 0.9777385547040063
10 25 3 6 91261 1.0905850090411242
20 19 7 18 66216 1.0372590476558146
10 15 29 28 81658 0.9591387708816684
14 25 29 4 94519 1.0238438411288087
6 7 17 1 54717 1.0705184959403014
25 19 9 25 52074 1.0427566240577466
4 12 15 18 46503 0.9763545944944919
27 25 5 9 88893 0.9142854001577043
1 6 17 6 57476 0.9350430989915424
4 5 21 15 72090 0.964035785506478
5 2 11 14 66254 0.9454373510327707
25 18 4 24 74571 0.9224561825301213
15 8 24 9 29333 1.0362244039547392
27 8 4 22 108818 0.9910540212054915
22 0 13 24 94115 1.0457114180353788
8 23 0 21 46494 1.044841779393638
20 2 28 11 55322 1.0239493318310906
12 0 22 0 18410 1.002336086365374
4 3 9 16 67960 0.9500069663668514
11 18 17 10 37975 0.9901695290736792
21 14 10 22 58769 1.0236616327060306
27 2 2 23 129941 0.9183915476749402
2 6 9 29 96651 1.0651707616366628
17 25 4 26 30588 0.9582524793440608
18 26 10 29 30605 1.059121030634426
0 11 25 11 57165 0.9356837720412372
26 23 18 11 65675 0.9425541784363297
7 5 21 12 53326 0.9456086345600845
25 1 13 23 109101 0.9977066409682159
21 28 17 7 86187 0.9149587870924131
8 4 28 16 78072 1.0737526181613224
8 26 2 1 108485 1.0136206480767394
22 9 11 1 49889 1.0693487382579032
19 4 9 28 101993 0.92360145001871
9 28 19 23 42034 0.9155361199645367
22 12 11 9 29811 1.075627043943107
18 29 22 6 80915 1.0132280662466866
13 20 10 11 46640 1.0415590304282691
17 13 28 6 42719 0.9483479818620388
1 19 21 28 83900 1.0060336302432809
21 1 17 16 64140 1.0507050511605651
2 7 28 2 86662 0.9833636294335839
27 9 26 18 44689 0.9151744689841371
5 27 2 12 72696 1.0100246322182491
28 23 13 4 98620 0.9927938599488357
16 17 24 10 44124 0.9371412996710248
16 29 6 2 126325 1.083065860629182
3 2 18 17 93279 0.9838689385310775
6 29 17 2 116046 0.9659262433373329
5 22 21 29 70366 1.094906124239746
5 0 24 29 115232 0.947573616072655
29 23 18 29 48239 1.0943770569676707
26 3 7 24 108980 0.9032845453152843
28 14 0 0 88699 0.9731861983598706
6 16 24 1 79385 1.0079382303401612
13 18 2 8 67689 0.9109979349577598
23 16 3 20 76939 0.9201100890369067
0 6 5 0 40646 0.9163265145968862
0 1 21 2 63287 0.9409044651802064
11 0 23 24 83864 1.0597673636338003
6 18 13 7 56367 1.010525159499483
14 23 22 11 69160 0.9344636638677838
4 25 9 2 91290 0.9216700650839026
11 24 20 10 72005 1.0508187180216775
12 5 17 15 47102 1.0527189172243336
24 3 6 7 71697 1.006326698346068
21 29 21 15 52817 0.9684329124632826
6 25 2 9 71568 0.9507037072807846
1 21 20 21 77571 1.071997146468702
7 15 26 7 63148 0.9728810240708325
28 23 21 14 46445 1.0137370812758828
9 2 18 27 105035 0.9990125262574874
29 28 20 5 88867 1.0264151066067022
21 29 27 16 62905 1.0001722753279632
15 20 28 12 55060 1.0519729793077262
14 4 16 27 94310 1.0850428236068175
9 29 18 21 48351 1.077574471159377
26 15 10 14 39712 1.0786185765918206
19 24 10 0 102078 1.0270531269179093
12 0 7 5 30606 1.0427916191167887
16 15 11 24 43703 1.0981561918411078
22 22 10 15 54966 1.0930509708749512
5 4 9 13 48322 1.0938732659877946
26 6 14 26 89214 1.0752874785244178
29 1 16 29 113888 1.0380880018276875
6 18 23 0 83462 0.9056816704544236
16 12 29 28 74854 0.9254700525579779
8 8 22 0 57783 1.0822345468772527
0 13 12 1 69779 0.9159307724178415
28 8 17 18 50663 1.0825306506434018
5 12 20 1 77094 0.966573896369652
14 12 4 6 49986 1.0965428308279395
23 25 9 27 34678 1.0186633968421481
9 26 18 22 33093 1.0758896529430384
16 16 4 10 55262 0.989734581391901
27 26 5 20 72765 0.9952532114566112
26 18 22 10 45813 0.9464200294067151
10 19 28 22 69670 1.0040488179364715
29 0 12 21 98501 1.008648551505522
28 21 17 4 75714 0.9501813908200964
13 9 3 24 80035 1.0163982598976826
4 24 26 7 104297 1.0389819511637586
12 26 19 8 76851 0.9026129307935055
7 29 23 7 95915 0.9957402826423496
27 20 4 28 88007 1.0543256064384408
8 4 8 29 94899 1.0858315421299112
7 16 24 28 81207 1.096789625521416
18 14 11 2 54203 0.963870170707889
14 13 28 16 36208 0.9693585256156176
22 21 21 10 44678 1.0382495481445884
1 22 22 26 58529 0.9953099057993534
25 9 8 22 76269 1.065673581454766
15 26 29 3 98975 0.9665409810970729
15 3 2 8 60569 1.052276987653317
6 16 12 3 58371 1.008929080760428
19 2 5 15 75860 1.0948420751064463
7 21 15 13 48873 1.0934144358299827
16 8 2 22 87467 0.984191513165853
28 13 2 7 69397 0.9436550982281977
8 2 14 9 42304 1.0892628663433357
19 1 1 22 121870 0.9080381496313936
22 28 5 21 69514 0.9894791398923445
25 26 27 1 85437 0.9356711015076695
11 13 20 18 42394 0.9655382925964741
16 24 18 12 48448 1.07095307465352
12 9 1 22 74058 1.0212520881409264
4 17 11 10 44153 0.969927939394051
4 27 27 22 73273 1.011950625117963
29 14 19 27 59256 1.0418410214808242
10 26 12 17 40848 0.95264829488162
18 8 14 27 72974 0.9535644628533251
13 21 20 14 51419 0.9732853317801091
11 11 5 18 43151 0.9773801654515784
17 7 5 2 60742 0.9360056926246728
24 12 5 24 79727 0.9125302833426658
27 21 16 15 49764 0.9260941262195242
17 20 11 24 32786 0.9190870601573718
5 29 16 17 77984 1.0656946547295627
8 17 0 23 64765 1.0761200538177886
2 19 0 27 39496 0.966603378615589
27 7 19 16 50847 1.0907418625206542
29 29 5 20 87278 0.9294752732150506
27 12 13 27 73133 0.9365229815955948
24 16 17 3 60071 1.08808908484595
28 3 24 24 78489 1.0402767337090804
5 1 2 29 132990 1.0016602540434159
14 1 10 7 39037 1.0172956794884591
11 0 15 14 58133 0.9481362162589557
11 26 18 23 25084 0.9966450230017109
18 7 22 0 35043 0.9484645200477955
29 3 21 13 50166 0.9002869091182132
17 6 1 26 97242 1.0637083686739466
6 17 21 6 75917 0.9179256047246507
25 29 29 21 41810 1.0382896847851208
24 29 10 11 79854 1.0913391650915434
20 14 25 7 35182 1.0044158101991787
19 17 1 0 95900 1.0021631237914848
16 29 5 9 97187 1.028924554288297
0 25 11 9 73743 1.0703256894938702
6 25 2 5 89104 0.948500653136706
9 26 12 2 90196 0.968307853873122
5 1 27 19 107419 1.0964687044140986
26 23 10 28 60637 1.0164453604221118
28 26 3 16 91908 0.9004494548308035
13 17 29 19 63660 0.9172148237212531
26 8 12 25 81137 0.9810178259586686
2 1 24 9 70370 0.9659800850047511
8 16 16 21 49402 0.9878846375245787
3 22 24 26 63603 0.959930143825118
7 5 14 14 49521 1.0775833492310845
25 3 0 29 132004 1.0141321442037052
12 25 5 3 98764 1.0387665164772641
14 6 25 10 49544 0.9321206644076682
24 5 10 7 50532 0.9394554511555909
6 3 5 21 88553 1.00832593783553
20 7 11 25 81378 0.9931766739475929
10 20 1 23 48256 1.0031036048479065
9 26 9 7 66396 0.9959217902044792
16 2 6 8 59974 1.0161912601407814
16 2 21 18 82498 0.9175818862666784
16 4 9 0 34386 1.0991354315921649
28 19 12 14 54169 0.9063826765755997
4 16 16 7 63461 1.0661077378461326
8 28 26 20 72215 1.024284426685926
6 23 27 3 118749 1.0988085452088194
25 28 20 23 36694 0.9525956272670678
3 16 24 22 77129 0.9313317307184605
28 28 5 10 99046 0.9771569821384665
18 17 2 29 77816 1.0325798745589747
16 15 16 28 53621 1.0486828480870938
0 16 10 2 79944 1.046382508603251
27 14 0 7 80620 0.9168130212315369
27 2 13 10 74319 0.9179357436139434
10 4 0 16 71904 0.9779766461308229
8 3 17 1 32639 0.9982680752757193
0 1 23 22 110545 0.9123592980428454
6 27 9 10 65233 0.9474307720876298
25 4 1 15 80294 0.9665532253436014
4 29 2 4 110444 0.9263129894556529
11 20 1 7 67682 0.990200385070404
14 27 17 9 68860 1.0611259972685723
16 14 9 5 48051 1.0567845491814203
10 11 0 11 30086 0.9509897345108752
5 28 22 29 66309 0.9150736117229341
20 9 23 23 45806 0.9146521105328793
9 22 13 8 57266 0.960126365398854
5 2 19 13 76635 1.0583124368233305
20 20 3 11 75231 0.910596691336759
12 6 9 28 84916 1.0002078606842257
27 11 12 4 67367 1.0784952653520115
19 29 21 19 51017 1.0519737177497555
10 11 27 22 73634 0.9170845037567704
11 29 6 18 53046 1.0991234732849693
17 0 26 11 49372 1.0836993852764696
8 11 10 2 42597 1.0937208622431056
14 22 18 16 42198 1.042208774622258
20 0 21 11 38472 0.9988349843843279
3 25 10 20 35016 0.9545229407120811
5 3 22 27 122358 1.0788338503238828
22 13 6 1 70949 1.0361070252359297
1 28 14 26 40400 0.955616959445967
23 18 9 11 45466 0.9378304921292548
12 2 17 29 110134 1.086197083647294
2 22 13 1 109305 1.0335069971122597
3 3 15 8 65821 0.9844727552952843
18 5 14 14 41776 0.9866391445240434
2 15 28 17 61710 0.9600614654410278
1 15 13 27 69318 0.9707398867742405
14 24 6 5 92908 1.0315941894473166
19 23 29 19 52795 0.9358326198845868
7 10 23 18 57210 1.0762990267925798
2 18 27 21 91862 0.9506722811092695
28 12 21 23 52635 0.9117503178075381
19 4 5 24 105024 0.9585196499717387
26 12 28 29 55001 1.0865189563910078
24 1 14 27 96095 1.0415701626815934
6 15 7 3 56832 0.9072804069057253
11 14 7 26 47274 1.0091888413043775
1 11 9 5 43974 1.0920846567804832
1 9 28 16 72406 0.9134203247992854
19 28 18 8 75704 0.9229444391038099
6 23 16 0 103300 0.9935911018258173
0 9 20 3 79233 0.9664226478611404
21 17 26 7 52018 1.0354384992424739
4 20 27 26 79460 1.0906103312733195
10 6 23 22 78605 1.0250586868744607
22 3 29 19 62921 1.0159007934664412
20 18 12 9 57547 1.0743256026568302
28 26 18 1 91884 0.9773816266539914
24 5 5 0 50445 1.0680687463786036
19 3 24 13 44338 1.0648259081991573
11 26 1 11 71494 0.9493304818929904
7 4 25 0 53819 1.0278075088162724
4 17 15 11 50937 1.032674022709745
7 14 3 25 54000 1.013882419464826
16 4 5 29 118362 0.9200476065235319
4 20 27 27 86169 0.9189765149045024
5 1 27 12 79542 1.0529738124558208
11 0 2 12 58070 1.0759744100251745
23 3 1 23 109883 1.0373679836980563
24 5 23 21 46481 1.0176120913901825
8 4 3 19 78125 1.0012973616002958
27 24 15 29 48194 1.0021933084301908
27 9 21 18 52036 0.967789109262216
17 12 29 27 67340 1.0937049514741777
11 23 4 13 49574 1.006489612419891
12 23 18 15 50904 1.0249073330550518
23 26 0 25 48856 1.0063567702545668
13 26 11 0 94597 0.9062262078706712
2 18 26 27 88144 1.0394095981499671
20 12 4 22 78893 0.9749966277407384
27 7 4 26 105789 1.089414647468436
19 6 4 26 100261 1.0402111293128076
4 10 22 8 61489 1.0712990637557058
26 9 13 9 35766 0.9184301054003365
21 22 9 29 59889 0.9540341523522424
6 11 0 22 63142 0.956110802767374
2 5 10 16 60658 0.9596065510019793
9 14 24 21 56534 1.064859939524034
11 5 3 22 88031 0.9175562896688451
0 1 22 3 65719 0.9741498768723605
6 12 12 23 54923 0.9332377086042187
24 19 17 8 50887 1.0789489723099959
19 4 7 7 49684 1.0919954080908159
29 19 2 22 86595 1.034644445983825
6 5 24 20 88675 0.9639632556788292
12 7 5 25 74517 0.9925676659994285
12 6 4 21 82807 0.91596466145855
5 8 25 17 76477 1.0400681481747176
8 7 20 12 41095 0.9247799628293945
14 6 26 9 46923 1.0144187487920835
23 15 9 6 56324 0.9342361038728211
10 28 21 23 50492 0.9015735955750538
25 11 14 24 67306 0.965718011113107
0 21 13 12 67262 0.9261794230426673
15 6 28 23 83733 0.9038951605169179
28 9 18 24 66016 1.0497261867520482
13 1 8 25 99058 0.9200169041207863
14 12 23 10 22180 0.9504939843156524
27 28 25 11 65631 0.9315802917017157
20 19 23 29 40573 0.9215118060410465
12 17 18 21 47557 0.9965342690487284
7 11 24 6 53604 1.0512745278648172
2 2 24 18 104173 0.9340018633955758
19 23 21 6 79959 1.0545156651732266
0 6 7 17 67951 1.0807974742324733
8 18 0 4 79186 1.0691076665721084
3 9 12 29 91066 0.9895657479744432
9 25 22 13 61470 1.0242207707500048
11 12 25 3 54406 0.9037125252535457
12 16 20 2 79695 0.9011506816341677
7 16 14 21 47481 1.0915384342503291
4 11 29 24 95037 0.9998722280011675
29 22 5 19 87678 0.9697660136220129
24 9 4 29 105750 0.9642680304187743
25 8 14 8 40402 1.0511930170740935
7 27 6 6 88698 0.9804165355959674
23 12 22 24 40399 0.9849997152804721
5 24 28 21 64381 1.0000153653903405
4 29 19 29 66102 1.0557799097750766
29 16 1 29 104976 0.9609765705041232
20 29 28 0 98760 0.9629215667645483
9 2 13 8 39217 0.9151059579381824
13 18 6 12 45457 1.0361700072572333
20 13 4 28 90649 1.0533974082433084
7 11 17 10 28905 0.9636849267440228
13 18 10 5 62785 0.9006962969982685
21 2 20 22 84766 0.9722077182813172
8 24 23 25 33864 1.0722448675286829
14 23 16 6 81630 1.0609893501146694
12 10 22 17 55909 1.0674708932174417
8 12 2 4 45095 0.9014657125122011
17 21 7 15 41394 0.9719653623533294
28 3 16 15 61377 1.070238977038144
8 6 9 15 35702 1.0487284970923354
29 12 7 6 66366 0.9816156898276068
25 11 19 28 64858 0.9972678043232397
26 8 20 3 47463 0.9234619193863277
13 27 0 14 75849 1.097663680329851
27 20 27 9 42208 1.0592933890132088
16 22 9 12 52354 0.9430474852069326
4 4 10 17 71662 0.918228502585743
10 28 11 15 51310 0.9600694622722038
0 10 21 8 70303 0.9345934369444425
22 22 5 23 62069 0.9840922854918143
23 13 18 5 35662 1.0960785816769782
15 3 19 26 92986 0.9486921782633215
17 7 7 1 48939 0.9369950637723674
18 7 0 4 68342 1.0466298162799605
0 1 21 28 138898 1.0643519174564766
1 16 27 22 89639 0.9231178696319585
28 9 3 20 95522 1.0005624525035464
8 22 22 15 55859 0.9400325623459842
20 9 14 5 32251 1.086246469358232
28 15 6 18 58795 0.907743633731103
3 16 2 2 61755 1.0313199804492312
24 11 14 17 44395 1.077199471194674
5 12 15 0 59469 1.0617417155186835
13 6 10 14 42002 0.9791789161085911
19 4 23 27 75279 0.9952151866629104
1 15 18 19 52588 0.9208826399990876
9 20 18 1 82659 1.042321939270597
9 22 12 4 68191 0.9043979141543464
10 13 7 0 54523 1.0726573596951643
0 15 28 16 62728 1.0972846246480437
27 9 9 5 62552 0.9578355409927135
20 23 9 19 56271 0.9685090569192081
28 26 24 16 42636 0.9398323284881464
25 14 14 26 56627 1.0514276910637506
8 16 28 13 50428 0.9808326361545068
25 29 13 0 102930 1.0264557526024507
22 27 8 11 78564 0.985602320093944
19 6 20 18 62281 0.9998968528732919
8 2 22 21 96371 0.9850168691963677
29 16 0 11 73043 0.915457794446003
17 29 2 20 63691 0.9161978688192146
10 19 29 27 71648 0.902018089564781
17 10 12 17 41699 0.920682621999715
26 24 7 7 100846 0.9598545412700108
6 1 6 16 70940 1.0376533624543562
28 11 13 26 70392 1.0632679993807024
5 4 27 20 109986 1.0984522409202668
9 2 23 11 60170 0.9176106503832121
26 18 3 26 81650 0.9141723302867549
17 17 2 4 77217 1.0626417364417473
6 12 14 5 41950 1.0923979699198143
27 1 19 15 60219 0.989958305961832
16 14 24 8 36570 1.092742421216536
1 26 23 21 55551 1.0450216792680687
15 17 25 26 59329 0.9938712977598426
1 2 24 12 83949 1.0020234468372622
18 15 5 13 32241 0.9464843187854516
8 5 28 2 62304 1.0268819717032431
5 12 25 9 46525 1.0088781634986494
16 18 27 20 63470 1.0270027794801369
28 19 3 10 80942 0.9211556903628432
9 7 29 1 68930 0.9477147024619313
17 17 22 10 37329 1.066257981649021
23 8 10 0 44314 0.9035834706683005
10 5 10 28 88455 0.9651364405972822
25 20 22 1 69786 0.935123591918825
22 2 6 14 70643 0.9616273515870265
6 22 2 13 47653 1.0508382011909818
18 4 6 21 87358 0.9166210527654212
12 16 15 3 63259 0.9569878772762811
0 15 25 10 68234 1.095323098085047
14 19 4 21 54579 0.9750090990931964
7 24 13 28 33857 0.9825730190187403
24 16 10 9 50710 1.055435232581329
24 19 14 4 76094 0.9134738669668352
11 4 0 1 45157 1.043895103999909
27 28 15 15 70509 1.0608211768848865
23 5 16 10 33784 0.9599570976671736
5 26 22 2 107260 1.0209940789012704
18 13 0 3 79309 1.0552864138715075
12 29 22 27 46267 1.0207775060263218
4 20 28 18 89438 0.9147611099056273
17 10 28 7 39023 0.9770474591133815
20 17 11 26 60595 0.9444849698272725
16 5 21 12 35685 0.90940541224288
23 27 8 19 58293 1.0673795896126546
14 9 9 1 42281 1.005957070056428
14 4 18 23 80405 1.029405423521835
27 21 13 6 90877 1.022805936311887
10 10 8 25 57485 1.0580592570617207
22 26 26 16 43636 0.9402372243612055
12 18 25 15 50086 0.9223099495833874
20 13 16 1 54497 0.9404542108363525
11 7 20 14 43618 0.9168400986102434
29 19 17 18 50869 1.0847836293486224
17 13 1 3 72848 1.0747144505715995
4 28 12 25 33957 0.9581155096809701
3 17 23 13 64204 0.950406777753781
8 24 1 9 75779 0.9669723129613579
2 20 15 24 49301 1.082778116035015
14 12 24 27 64430 0.9048498437521209
8 15 22 22 58695 1.0570861717134923
18 8 6 22 75471 1.0637396601138454
3 15 26 20 75443 0.9587679312671828
9 15 17 10 30601 1.0076770400855048
0 18 14 23 72882 1.0794936600066924
10 20 6 12 40513 1.0753593835963664
11 21 18 16 40406 0.9502668291631701
12 15 29 3 75936 0.9077894807716195
23 18 17 1 62584 0.9421115111312026
27 2 11 24 108740 1.0496564413749625
9 14 25 19 55254 1.019283031762701
8 28 22 28 52648 1.0758083943448062
26 23 22 2 84473 1.0932716785998549
17 27 23 1 82399 0.9850211285053911
8 27 16 15 57635 0.9016661693197409
13 12 2 25 63290 0.904912841054575
15 13 23 15 21533 1.0817953829536824
4 11 18 25 77470 0.955442496556639
2 17 25 16 62966 0.9251764430191868
19 16 2 25 70816 1.0111094609501718
19 25 9 22 30031 1.030274283180494
19 5 25 23 75112 0.9269889456277128
24 3 8 20 84991 0.9695062278801541
9 17 8 1 61477 0.9546448424850857
5 12 6 3 44679 1.0268735433591163
2 8 25 25 92694 1.0090972628713928
21 6 23 26 64615 0.9869258931525139
23 18 7 24 54161 0.9580837181591175
17 12 8 20 46423 1.0924617179262535
12 24 21 12 68851 1.0963903925702068
1 19 25 26 77409 0.9289334520835287
7 11 0 15 31514 0.9727653097985074
0 27 19 5 114723 0.9708265738135647
20 21 3 14 71116 0.9118288976017705
21 26 2 21 56097 1.0933721718263485
9 9 3 17 51344 1.070533671305466
10 23 24 17 64768 1.0562340886459067
27 26 11 0 99151 0.9010874965818046
22 8 6 29 101503 1.0506530413838537
9 17 15 25 38144 0.9802244410754141
11 23 28 5 92009 0.9022489892899637
10 7 10 17 45367 1.0626900098138785
16 4 28 13 55691 0.9151050863887235
27 12 14 17 44685 0.9338044223341747
19 11 10 3 54662 1.0434859469279745
26 2 4 7 90094 0.9615909262738119
25 11 28 0 42938 1.0607822815244938
5 18 9 10 44556 1.0030809336975366
18 18 0 19 70294 0.9704541877942536
29 3 20 6 45179 0.9522548754147304
29 18 17 13 45328 1.004177489164893
4 14 8 2 57634 1.0874352258035176
9 8 4 28 87902 1.0303258794559427
8 29 21 24 48386 0.9910203046078976
20 2 21 27 94531 1.0207542547740966
20 10 5 28 101491 1.0964389421934602
5 13 23 20 57694 0.9731117192302188
25 16 9 18 49222 0.9483271348995786
5 9 12 22 63601 1.0716774118431516
25 13 7 2 79012 1.0411712432023328
24 29 14 23 44682 1.0059300037918668
14 20 9 26 38733 0.9224880568776084
8 20 28 12 65663 1.043294579118914
22 23 8 10 71976 0.923176014925555
14 7 9 2 36099 1.0068148007365825
20 29 21 3 93719 1.0821984264022904
26 27 24 2 83983 0.9518655122740876
22 27 3 15 82501 1.087396440925117
1 24 9 13 60907 0.9054307358234418
3 1 3 20 92158 0.9392099345224696
9 16 29 9 56670 0.9741100299803566
19 28 29 3 100472 1.031052157591847
12 4 24 11 60663 1.0377462555514632
20 6 2 18 85649 1.0429517409392906
2 16 7 6 55208 0.9428795895391139
0 15 9 24 49818 1.0567462491750765
3 4 1 16 56552 1.04913091990573
25 3 25 22 72008 0.9552098361591046
8 4 20 23 101815 1.0342769396688294
0 9 22 27 103174 1.079300140778594
14 7 20 2 44142 0.996139860699345
19 16 25 7 42914 1.0302788266732061
8 0 1 24 111761 1.0431681059133244
22 11 29 22 50212 1.0782541437354543
1 26 5 8 85089 0.9935048486588567
3 0 22 2 51424 0.9707129438626224
25 15 11 1 68100 1.0660772704202421
18 15 2 10 45751 0.93090689922851
26 21 14 2 98765 0.9889357267849878
24 4 0 2 73752 1.0254661291523135
17 0 25 28 92691 0.9380557755122448
12 28 22 6 97840 1.0781679648369937
29 29 4 22 84973 1.0824558499381765
3 8 28 24 104726 1.0795357577467286
14 27 15 18 44147 1.0406444051703447
12 0 9 10 42168 1.0535240085696294
25 25 13 25 24291 1.069485320217306
22 19 13 0 73148 0.9342391255037942
25 8 3 27 106543 1.0052080738023272
25 9 11 15 45716 1.0157830428179002
2 27 27 16 90289 1.0150575539161109
2 26 29 2 126541 1.0673291045321756
12 18 16 8 58065 1.0664851261431598
28 23 9 16 69369 0.956783120121734
6 26 16 25 24301 1.0924584596840548
7 15 25 6 64571 1.0455328127716261
13 28 0 6 116183 1.0883378059312305
22 17 14 26 49444 1.0109315291421497
5 23 3 10 76363 1.0179154655423366
22 18 1 17 74226 1.0762945051868251
5 19 16 7 73701 1.0537992060313588
16 19 26 11 49650 1.0747829334266576
24 28 6 16 82104 0.9815157194087814
0 18 15 10 67920 0.930812130724675
4 6 20 19 92027 1.0725293497127593
14 23 23 3 86436 1.065009263070782
23 26 16 12 51727 0.9167688299890282
27 19 16 23 57148 0.9983554575845118
6 19 17 1 86222 0.9042232937325264
15 29 5 29 48653 1.019459799685221
9 15 27 15 38536 1.0602401115515376
22 1 2 26 114531 1.0270143522703548
26 24 23 3 71758 0.9687392618051374
24 6 21 14 32285 0.965725593072692
17 11 11 5 37800 0.9645759103875566
28 11 24 22 45160 1.0765245633662917
2 7 24 28 108836 1.0608371466621376
7 3 28 19 96752 0.960845054315543
5 25 29 1 116503 0.9972416857890916
15 24 21 8 75879 1.0328384951005307
11 27 24 15 59851 1.07131661484948
1 9 7 13 28139 0.9756953548061822
9 0 14 19 83780 1.0965045008751848
10 21 16 16 42505 1.0255392785524204
20 29 6 15 81602 0.9721695289597805
24 8 9 6 57028 0.9696698192669017
5 12 16 11 26254 0.9739625009149523
7 9 2 19 52005 1.0985820688046284
16 27 23 8 67341 1.0135177810654472
18 22 3 0 107406 0.9426826697082625
29 6 4 26 112615 0.9907380283114318
20 6 12 21 80687 1.0036053448708329
21 15 13 20 46186 0.936044482603731
1 5 15 23 105315 1.0036328611689544
2 9 15 26 84102 1.0550435027751186
27 1 16 5 45371 0.975639973654411
27 7 10 19 79283 0.9781744750046665
11 15 3 12 25027 1.0848669714513364
25 8 23 23 48555 1.0126203458011287
28 22 17 16 49394 0.9019485384190539
1 26 5 14 58677 1.0661528868062564
0 13 17 24 72393 0.9165056821644848
4 15 16 14 29562 0.9573589626732758
10 12 8 4 34984 0.9858887567389071
6 27 21 14 79049 0.9250834539924243
1 25 15 26 31485 0.9806186764449012
27 12 22 18 32651 1.0302070319744168
23 8 9 12 34209 0.9221930868870398
21 18 9 26 64556 1.0644468172143413
22 22 16 17 49728 1.0651129193251676
20 27 26 6 83457 0.9013533776372642
19 27 11 25 23822 0.9564745272657028
25 25 7 24 40285 0.9296035865043205
3 12 6 1 57945 0.917402908552195
17 3 7 25 92667 1.047822946923725
12 27 0 13 77517 1.0512710039212758
28 10 0 26 97601 1.0393440710728745
6 28 28 15 83762 1.0652451239517926
10 5 18 26 87795 1.081802485140255
19 29 1 11 100246 1.0636967342163424
16 9 24 2 42318 0.9202619123221614
24 3 5 21 100442 0.9830447481070761
25 13 21 1 47401 0.9468225237717993
22 1 14 8 57097 0.9169564824367017
8 29 26 13 83250 1.092717498780325
28 10 9 10 45552 0.9257072139331665
27 24 14 17 72003 0.9806183344647672
19 10 26 1 50103 0.9723301504647275
2 1 24 5 61099 1.0895222654887036
6 2 25 10 74901 1.0908210194881645
9 14 28 2 72613 1.0733441239517845
9 19 27 0 84441 1.0571047278790977
0 0 0 25 111524 1.082657399323743
0 7 25 19 95728 0.914253302843851
24 25 2 9 87070 1.0695479295839858
24 4 10 13 52584 0.9619883635400233
13 5 8 24 80009 1.056564626820377
21 22 5 16 76988 0.9174742934120291
29 2 4 7 92071 1.0991012684960013
22 2 7 0 42420 0.9320573069050238
18 21 2 18 69071 0.9129259556799036
13 26 21 21 43025 0.9083626854970711
6 23 22 11 81097 0.9029701000278483
20 21 7 10 72081 1.097530518158416
17 23 3 2 111319 0.9083948035601114
7 10 19 21 66702 0.9282021458636552
17 28 28 23 39421 1.031337513044803
7 11 6 28 71490 1.058165397305396
7 15 29 1 85906 0.9390198117378386
6 19 14 9 54471 0.9212287511071665
7 2 4 24 108363 1.0895337828810934
0 1 27 20 121819 1.0907073218572052
1 17 14 23 70505 0.94928241290566
21 5 23 17 38675 0.9976296099491118
12 19 4 4 79142 0.9805977096016634
4 15 26 7 69291 0.9410669450629369
8 3 17 20 76963 1.0988076847242625
27 27 15 24 40124 0.9751473269994472
10 2 28 16 81987 1.050375710920397
21 27 20 12 55053 1.0733271637601085
7 24 18 6 89418 1.057980892835535
14 28 19 4 97855 0.9644546870120736
16 19 0 0 102344 1.0744397074481702
26 23 3 24 67524 1.068934973982127
5 29 21 21 74560 0.9553791090530177
5 18 20 3 94860 0.9665592173548205
21 7 18 29 77765 0.9204725478101564
0 20 14 6 92248 1.057185409850776
0 27 24 5 111421 0.9046011164435774
28 9 10 24 82667 1.0696770984470994
21 13 17 27 55352 1.0887119313357485
9 22 2 29 38918 0.961821044213213
28 8 16 25 69095 1.0644100260979328
10 14 15 19 33987 1.0422151067396777
29 23 25 7 67756 0.951442148249913
29 20 5 11 78988 1.0671834180440198
12 6 4 22 89343 0.9679983016151574
13 17 1 25 62737 0.962450986380452
27 1 21 7 38261 0.9231217563941875
8 6 20 2 59282 0.9320991609800096
2 8 25 27 100874 1.0383985167847283
1 27 29 13 95335 0.9287057508492425
27 5 1 11 75439 1.0894737436019006
25 25 19 4 73320 0.9232711725778727
23 17 1 11 60769 1.0000463165669853
2 7 8 3 34507 0.981678249640709
27 0 9 26 102712 0.9104555356401755
21 6 26 21 67562 1.026676633084191
28 12 16 13 24841 0.9614402142975707
4 1 25 9 71875 1.0455923815260215
18 16 3 25 63855 0.9579445422172594
28 6 18 11 40775 1.0428680333013292
8 25 10 16 36686 0.9750488581979612
19 25 3 19 63214 1.0721959668432879
22 6 14 17 59498 1.0075737099375541
15 13 21 25 51806 0.914490202185926
6 10 22 1 74905 0.9102848170860782
20 11 10 16 40410 1.007875692734525
16 22 25 28 45750 1.0050792805996298
3 25 18 13 69395 0.9032586572217357
29 29 8 10 96909 1.094460414630611
18 16 20 25 38657 1.0384120029172563
18 21 20 3 76994 0.9018079396756338
19 6 4 16 69537 1.0033469899096334
21 6 3 21 107096 0.940085419598572
4 6 15 19 83085 1.0167235931344851
19 23 19 7 70060 0.9340331650214542
0 23 2 10 64472 0.9881758107486724
14 3 6 29 111550 0.9502178447298277
21 17 7 4 84531 0.9124900178759139
28 1 6 19 100295 0.9043198756480382
21 9 19 18 44761 0.9037508364688305
11 2 0 21 97733 1.0314475378668815
19 18 1 20 75153 0.9076321159086674
12 29 22 26 38591 1.097338082054439
26 0 25 15 48045 1.0768265700045727
1 5 25 9 81263 0.963054934440188
9 15 2 23 49771 0.9869553532742914
6 6 25 7 70583 0.9114203345695129
21 27 24 0 81230 0.95771146785698
14 11 2 17 47621 0.9649196817242991
18 0 16 26 91618 1.0473643332877502
20 27 4 8 107061 0.914487529077512
13 11 26 17 55113 0.9085855366997324
18 2 5 19 89697 0.9249119365108257
3 29 5 18 65344 0.9311510045830077
13 2 14 26 101013 0.926685018157775
2 18 21 19 76275 0.9404244808052924
17 1 21 15 55387 1.0126428653495871
25 8 22 17 39753 1.0580002619659736
12 16 0 2 87677 0.9024542360133655
22 23 1 14 80970 1.027278531875424
22 13 18 23 47407 0.9358699181136176
4 24 5 15 55707 1.0375059466870236
20 16 12 19 46222 1.0779058937823154
13 9 21 7 33622 1.0659837878963954
11 6 8 29 84309 0.9205495722135061
23 5 5 19 80434 0.9220304131240639
16 20 6 5 80374 1.0923900782811844
2 15 9 26 52346 0.9559517960427787
15 10 29 21 65177 1.0193594484691477
21 8 20 23 71529 1.0346092431552554
13 29 22 13 76356 1.0444027989638482
14 16 26 2 76949 0.9599438027738515
5 29 19 18 77667 1.045078392984248
21 7 9 23 79741 0.91620462139252
1 9 21 4 76336 1.0805068455534588
13 22 1 16 60119 1.0294616001231163
23 11 26 2 40837 1.0954739194524787
4 11 17 16 43988 0.923624306733829
29 28 12 7 105229 0.9617481361193575
10 9 15 24 69157 1.0187716750497726
26 4 26 20 74291 0.9894176631852303
19 19 28 3 74975 1.0873585460766695
8 26 24 21 47492 1.0699999718285267
22 27 3 3 129444 0.953853922523223
5 18 18 23 69367 1.0004986640349374
8 29 28 28 62196 1.099909716029363
26 1 27 24 92223 0.9233311801858036
7 29 7 10 80339 0.9483312266419013
3 20 13 16 58631 1.0803907363543255
7 14 16 22 56047 1.0271929880061998
17 16 4 0 80565 0.9251006194260032
20 22 27 8 70722 0.9779213034783579
13 10 0 10 47282 1.040750530524414
1 2 1 25 101865 1.070961937811643
15 22 24 11 61590 0.994760547890819
22 27 3 15 82501 0.9909048981781061
15 26 16 16 43662 1.031376314017695
12 8 2 16 53094 0.94139422988196
29 3 1 18 109726 0.9646704432142901
13 21 16 14 43690 0.9080217913243328
27 15 14 15 28387 0.9969129594401767
28 13 17 3 54128 1.002648520111533
27 0 20 29 96660 0.9888876571220011
17 15 6 11 34299 1.0552918246010865
13 24 16 10 70646 0.9323399299074125
22 1 2 20 106576 1.0156846535003794
15 3 17 12 41519 1.0255508571406886
15 12 6 13 20231 0.9408918626684089
8 20 8 3 69614 0.9015845147148895
0 26 25 19 73116 0.9405750471154034
4 19 12 6 72958 1.0640887273152329
25 19 0 17 85324 1.0574552491043434
0 14 7 3 66249 1.005164845243207
15 19 27 4 79113 1.0047907332345076
4 9 14 28 91102 0.924776277600423
5 16 6 29 62053 0.9881786571722939
29 10 17 22 62448 0.9911831874772956
25 17 8 12 50215 1.040203535054797
6 14 5 5 45751 0.9171639207318191
24 25 8 4 95882 0.9721475701510831
21 13 23 24 32995 1.0903146014859189
4 2 2 13 57667 0.9312681566574283
7 18 16 16 42192 1.0206581802597137
8 22 16 4 85096 0.9024969561740281
19 14 24 7 31635 1.032495774566515
3 26 20 27 47168 0.9196438978517403
26 7 2 16 78752 1.0574413442147712
25 29 4 18 94894 0.9913183165853002
23 5 17 26 68098 1.0263372363993801
