7762 7397 8377 7621 8224 7621 7487 7958 8139 7986 7438 8622 7614 8263 7404 2008 2127 1593 2543 2239 2540 1905 1676 2474 2405 1561 2405 1336 2540
6675 5434 6714 6315 6479 6537 5980 5711 7723 8236 7408 7065 7196 7408 7151 7199 8320 7939 7833 7010 7964 8333 7020 7377 7486 8373 8020 8028 8351
6841 6334 5764 2836 2740 3566 2646 2630 3957 3886 3051 3645 2767 2767 3896 3417 3036 3250 3709 3778 3845 3079 2747 3890 3530 2536 3413 3503 2982
6223 6434 6911 6146 6852 6128 6838 6830 6642 6093 6599 6941 6761 6818 5993 6264 7077 6033 5719 6903 6722 7019 6709 5863 6705 7007 6346 7117 6573
8030 6965 7081 7962 7572 7453 7584 7185 6792 8077 7272 7401 6877 7692 7655 7913 7305 6581 5997 6793 7196 6563 7111 6019 6743 5939 6921 7152 5924
2631 2204 2223 2342 3254 3430 3687 6333 7179 6924 7238 6147 6620 6704 6682 7475 7078 6855 7518 7250 7128 6924 6705 6393 6330 7146 7024 7568 6384
8115 7622 7295 8710 7814 7367 7445 7945 7911 8503 7552 7744 7351 7463 8501 7492 7782 8113 8647 7801 7857 3869 4099 4154 3291 3478 2878 2829 3301
8341 7464 7117 7619 8138 8497 7618 7702 8083 7742 8203 7998 8508 8752 8863 8135 8481 8814 8884 7558 8640 8613 7770 7943 8720 8707 8233 8901 8623
2682 2097 1539 2720 2616 1784 2751 2057 1445 1446 1792 1451 1801 2607 6154 5148 6328 5643 6389 5987 5764 5388 6461 6363 6286 5579 6355 5165 6475
4502 4211 3611 3301 4069 3771 4490 3613 3567 4057 3637 4128 4508 4253 3536 4511 4663 3501 3669 4725 3307 4476 4030 4742 4434 3522 3617 3359 3512
4994 6014 6189 4970 5289 4947 5516 5960 5231 5709 5349 5634 6116 6168 5457 4600 4592 3727 5007 4675 3787 4954 4929 4720 4390 4401 4718 3748 4055
6135 7029 6041 6981 6544 7262 6744 6918 7275 6601 7126 5234 5060 4598 5238 5473 5849 5107 5491 4987 4553 4815 4812 5637 5562 5525 5761 5645 4711
3667 3539 4276 3417 3953 4588 4219 4389 4396 4535 3631 4192 3191 4338 6614 5782 5879 6208 5955 6229 6920 5793 6142 5472 5694 6511 6217 6086 5679
8663 8304 7968 8264 1803 1998 1910 1576 2121 2087 2775 1313 1445 2629 2488 2194 2697 2389 2577 1689 1790 1296 1937 1823 2744 1383 1721 2240 1326
5926 5855 7206 6357 5989 3896 4931 4138 4891 4489 4556 4578 4397 4725 3873 4047 3580 3675 3612 4261 4183 4636 4890 4358 4462 4236 4910 3611 4120
7942 7226 7927 7881 6860 7740 8181 7070 7801 7005 7856 6973 7027 6978 7523 7972 8049 7087 7783 7332 7469 7368 8014 6837 7436 7182 7542 7329 8022
4483 4197 4446 5109 4381 4717 4895 4996 5327 4684 4570 5421 5302 4992 4428 4487 4609 5393 4782 3987 4204 4872 4678 4188 5263 4662 8033 7443 7170
2010 1866 1438 2384 2536 2212 2759 2071 2536 2175 2309 1556 1591 2764 7092 6198 6617 7351 6568 7159 7429 7456 6678 6716 6576 6178 6117 6856 6216
3803 3457 3904 3635 3305 3351 3431 3744 3209 2989 2671 3658 2826 2838 4113 3257 3608 3428 4091 4072 3408 2971 2677 3509 3483 3359 2302 2870 2490
4392 5245 3826 5196 5235 4396 4873 4142 3989 4554 3932 4954 5238 5227 4610 4766 3903 4172 4003 4948 5012 4801 4942 5861 6372 5119 6457 6404 5882
7868 6941 8346 7604 8177 7151 8083 7431 7434 7044 7340 6844 6846 7895 6950 7727 7735 8051 7741 7198 7003 8176 7700 6852 7363 7520 8261 3742 3498
6080 4996 5502 5810 5684 6101 1935 1533 2188 2293 2601 2741 2559 1571 2738 2740 1589 2219 2514 2954 2787 1808 1559 2883 2457 1868 2345 2702 2411
4316 4307 5221 4837 4472 5101 4555 4805 4295 5425 4945 4824 5536 5271 4426 5259 1732 2903 2123 1763 2678 2530 2511 2466 2165 2300 1701 2749 2877
4366 4084 4246 3787 4499 3580 3540 3216 3483 3538 4638 4154 4581 5644 5688 5554 4674 5543 5498 4269 4996 4512 4329 5730 5625 5303 4778 5106 5043
2955 3873 3733 3421 3306 3935 4064 2674 5001 6062 6214 5655 5039 6160 6332 6110 6254 5795 5524 6213 6338 5895 6139 5259 6251 5216 5508 5283 5626
2319 2910 2221 3606 2839 2237 2621 3560 3627 3687 3611 2554 2780 3407 3026 2205 3306 3061 2232 3111 3647 2715 3053 3368 2895 2837 2412 2313 3504
7476 8637 8345 8268 7507 7463 7979 8603 8234 7982 7571 7325 8715 6898 7384 7807 7739 7252 6881 7802 7399 7592 8199 6878 7618 7154 7947 8134 8061
2425 1872 1701 1455 2476 2284 2236 2444 1208 2496 2104 2640 2369 2333 2845 2202 1849 2839 2623 2268 2395 2985 2738 2552 2387 2045 2777 3033 2528
7275 7397 6615 7837 7734 6576 6416 3019 3383 3041 2942 3569 3087 3158 2963 2469 3298 3204 2649 2703 2718 3230 2580 3323 3146 2207 2738 2778 2396
1207 1469 1547 2359 5653 4817 4523 5550 5491 4386 4687 5344 5781 5714 5691 4802 5781 4901 5269 4714 4548 4485 4703 4873 4334 5667 5347 4898 5194
4884 7771 6278 3432 2031 2114 2561 4264 7631 6305 5701 2990 2825 7033 2553 5413 6763 7846 3458 3814 5579 2652 5166 6113 6093 2962 6328 8255 3704 6584
5751 7354 5225 3265 1573 2784 3067 4116 8391 6846 6550 3543 3968 6120 3109 5859 6077 7254 3386 2985 5221 6356 5413 6700 5757 3202 6007 2896 3828 5740
6012 8118 4886 3069 2642 2884 2393 4602 8632 6503 6107 3498 3961 6401 3680 5855 6139 7951 3835 3484 4896 6782 4698 6406 5106 3156 8005 3980 3445 5612
5025 7485 6138 6408 1746 1691 3073 4036 8380 7081 5686 3723 3040 5941 2949 5753 6978 8017 2386 3393 4676 5652 4442 7209 5199 3297 7185 2901 3556 7042
5521 8021 5234 5831 1904 2970 2131 4601 8595 6606 5485 4031 3413 7169 3535 5602 6979 6942 2818 3132 5790 6373 4717 7017 5654 2787 8255 3737 4429 5820
6184 7515 6084 6351 2879 2249 3323 3874 7677 6219 6644 4336 3068 7233 3127 4755 6303 7479 3482 2762 5694 6012 5640 7167 4876 2115 8399 3965 4294 6751
5172 8319 5649 5717 2464 1539 2145 4176 7910 6027 5687 3209 2974 6026 2932 5049 7100 7019 2394 3103 5561 5597 4242 6348 5947 3225 7225 2793 3197 6232
5914 8579 5787 5855 2711 1762 3334 3439 8148 6630 6824 3643 3513 6829 2755 4446 6091 7277 2679 3259 4679 6122 4490 6910 6063 2718 7323 2696 4323 6738
5016 8395 5840 6340 2438 2743 2488 4490 8838 7376 6732 3099 4039 6843 3085 3515 5885 6979 2503 3610 4558 5658 5507 7264 6229 2606 7794 2795 3820 5756
5617 7841 6086 5892 1433 2901 2469 3910 8235 6984 6015 4130 3810 6754 3945 3573 6113 7340 2444 2755 4916 5936 4351 7008 6043 2579 7243 3395 4030 6777
5022 8343 5585 5930 2320 2533 2638 3216 8799 6837 6469 4199 3334 6724 4051 4454 6782 7969 2813 3232 5338 6599 4359 6185 5456 3216 7766 2736 4116 5894
5374 8182 6062 6001 1476 2710 3161 3173 8454 5967 6610 3805 3393 5834 3926 3506 6662 8148 2896 3627 5962 6283 5289 5942 7082 2185 7684 2826 4396 6903
5279 8660 5489 5771 2595 2670 2081 4577 8824 6613 6581 3205 2842 6169 3889 4143 6219 7618 2798 3198 5221 5500 4922 6322 6673 3456 7720 3087 3932 5885
5215 7442 5453 6226 2034 2183 3009 3411 8487 8416 5631 4097 3272 5952 4010 4346 6372 7765 2619 4141 5602 5492 5590 6183 6887 2722 8618 3562 3690 3774
6227 7841 5990 5570 1542 2226 2472 4248 8107 7515 6504 3671 3270 6031 3142 3372 6578 7772 3047 4003 5513 6434 4833 5946 6974 2352 7381 3363 3809 3770
5973 7475 5643 6690 2562 2815 2813 3837 7846 8166 6025 3568 3938 6950 2955 4387 7086 7592 3442 2963 5255 5816 1722 5173 7055 2772 7996 3651 3880 5037
5553 6762 6245 6667 1863 1890 2021 3639 7637 7649 7964 1873 4111 6560 4042 3814 6317 7549 2487 2992 5090 5962 1843 6113 5890 2857 7733 3174 4012 4182
5535 6798 4909 6039 2033 3026 2511 4431 8080 8239 8114 1784 4040 6249 2681 4362 6014 7326 3414 3953 5329 5945 2323 5651 6890 2966 7622 3267 3973 3962
5198 6698 5516 6227 2586 1969 7195 3819 7577 8033 8163 2073 3909 6010 4039 4028 2297 7815 3202 2739 5747 5468 1465 6434 6905 3425 7197 4024 3875 4615
6085 6876 5789 5704 2092 1635 6996 4090 8181 8682 7582 1917 3259 7062 3321 4574 2380 8237 3402 3661 5781 6712 1191 5261 6258 3277 7654 2871 4756 4450
6302 6409 5618 6237 2683 2998 6988 4540 6472 7725 8400 2918 3675 6536 4894 4594 2528 7477 2756 4101 4665 6153 2046 5186 5840 2349 8054 2823 4065 4828
5162 6392 3434 6798 1582 6221 7392 3586 5909 8165 8691 2515 2673 6859 4539 4591 1946 7735 2944 3239 4730 5607 2202 5398 7106 2322 8459 3724 3862 4494
6177 7623 3013 6575 2338 7352 7707 4359 5912 7554 7950 2668 3039 6450 4316 4403 1807 6779 2924 2971 5377 6302 2421 6120 6839 2047 7266 3214 5071 4079
5211 6969 2346 6766 2120 7277 8272 3272 6431 8341 7464 2255 2498 7137 5681 4033 1245 6728 2470 3077 5010 6267 2308 5810 7036 2089 7524 3705 5005 4355
5871 6359 2426 5754 2001 6982 7240 4554 5969 8160 7629 2236 2680 6890 5633 4508 1696 7169 2953 3573 5243 5760 1744 5614 6647 2634 7143 3913 3922 4582
4814 6342 3064 5901 7759 7281 8275 4382 6616 7321 7767 2225 3273 7021 4524 3973 2482 6964 2976 3225 5878 6520 1223 5792 6565 2212 7402 3829 4106 3885
5083 7081 3043 6710 7881 6262 8283 4192 5817 8619 8651 2872 2645 6510 5679 4289 2508 7150 3522 2830 5745 6309 1098 5091 5963 2573 8309 4040 4508 4746
6124 6575 2764 5983 8018 7089 7731 6137 5938 8647 8433 2923 2534 7050 5450 4644 1988 7528 3816 7179 4424 5496 2282 6386 5938 2583 8550 3242 4703 4984
5090 7238 2890 6899 7222 7386 7515 7122 5509 7546 8271 1575 2783 6784 4222 4792 2306 6565 1872 7059 5031 5586 1096 5702 6957 2651 8361 3301 4682 4155
27 8 0 3 78292 1.032377828094038
16 0 20 11 35623 1.08165816503932
27 7 0 2 84225 0.9555139063269615
7 4 11 15 37109 0.9687315569257399
9 3 2 16 51780 1.0559221233856584
8 13 2 29 71977 0.9466341146874994
20 8 28 23 55234 1.026815509317795
26 11 9 7 57235 1.0440227257794061
21 2 6 23 99418 0.988218209111127
1 2 3 27 92576 1.02047317242228
15 26 26 6 86863 1.0851318250942024
19 21 26 24 29699 1.030673980767881
29 13 23 2 43021 0.9242788147368592
21 13 4 24 80067 0.9360690980297434
2 25 15 14 62116 1.0868137779275298
25 0 23 28 84559 1.0291206048652342
8 29 12 13 59626 1.0499844281782302
13 20 20 8 54876 1.0342429984319492
25 10 5 23 98742 1.0073553856245456
25 11 15 12 27971 0.9246215594661041
25 9 19 21 49873 0.9269722384059974
29 14 17 2 59524 0.9354970775649479
23 1 15 10 53709 1.0877825496143003
4 13 4 1 56165 0.9499125011783982
4 8 22 10 75429 0.9099165449172496
2 29 24 26 78168 0.9063465785057127
13 20 5 24 37742 0.9664377327647926
6 25 25 15 70272 0.903522253302694
6 6 26 25 90508 1.0316414454921277
1 16 15 14 58416 1.0968905806135254
5 8 14 23 72745 0.988425225578998
18 18 26 27 44313 0.9640118370570794
25 19 13 28 51009 1.089957255633316
29 13 29 24 43842 0.9712390611412458
13 19 5 23 45824 1.0605553843428042
4 26 15 22 47753 0.963696908578005
17 22 8 6 59801 0.972575558435275
3 1 11 18 72766 1.0404440200839549
15 20 26 25 41402 0.996512782217511
23 29 16 13 62813 0.9504546453223808
23 11 16 21 45143 0.9754287976183923
4 16 3 29 62027 1.0786785947789115
29 7 3 8 95696 1.0613557936316438
16 11 12 23 42102 1.04283505002772
23 15 22 26 30532 0.9121749920060994
23 22 0 28 74946 0.9845526644812279
25 17 0 14 84941 0.9554999634341446
15 25 22 18 34262 1.086247473436372
13 3 13 22 45041 0.9752404717028557
7 4 19 1 39860 1.0719094356806411
14 3 2 20 76351 1.0240918336689293
14 14 29 26 70442 0.9940521483611398
6 6 5 17 50878 0.9171506611039166
11 10 9 29 64476 1.0137551450755762
15 10 22 18 40090 0.98850861487405
2 14 7 2 48774 0.9522769427945782
3 24 12 18 51543 1.0878757128698586
25 26 2 19 80171 1.0481257060408977
24 29 9 7 94237 1.0395110488603165
1 14 24 29 103403 1.007972765605317
8 10 5 25 66994 1.0544687413520792
6 5 18 29 82092 0.9382474679746043
26 20 15 23 39519 1.0239374250354305
11 5 5 14 34125 0.9338023093929515
23 0 12 26 90182 1.068417429458502
28 27 16 20 44145 1.011518628547761
14 7 17 26 57862 1.0003927745533803
10 2 14 24 64974 1.043391604225318
1 8 27 27 119193 1.0016881441497998
2 9 13 12 47969 0.9511101843071816
13 12 29 25 66114 0.90404644126291
18 15 8 25 53200 1.0315624685716127
8 7 9 22 48072 0.91448628423396
12 20 1 1 81769 0.9791167199365804
25 16 5 12 69146 1.089995073656107
11 21 24 17 56341 1.0557554544693433
10 12 6 24 60543 1.030296040317829
15 14 4 6 46778 0.9245429815004335
27 10 0 20 96605 0.969006546733314
27 26 0 4 106720 0.9563765448849849
27 24 6 18 63178 0.9070484297150098
16 6 3 15 57772 1.06679809139322
2 14 29 8 96044 1.0254627161254797
2 28 13 14 64416 1.0477195204361636
26 23 20 15 38327 1.0692357331492728
17 6 4 12 47062 0.9782816351450079
17 0 21 18 49145 1.0319347046293441
0 11 6 27 71600 0.9749350809049102
14 10 26 15 47581 1.07710461488761
24 22 29 9 44984 0.9929468717688108
9 8 18 19 60855 1.0507140063056302
15 9 8 29 77196 0.9696485986166008
0 25 14 7 78485 0.9789752602107035
8 7 23 18 68299 1.0567994730140668
14 17 26 13 51586 0.9355363515489765
2 8 23 12 73822 1.0769634185231396
11 3 28 23 84700 1.0977782740518942
13 23 10 8 49929 1.0286798344279482
16 13 1 23 79773 0.9181415449216597
11 17 11 28 38329 1.0432898101721522
9 23 0 21 43704 0.9032199199558341
19 17 28 10 38749 1.0609999759791535
13 22 26 26 46370 0.9766914618561058
19 12 29 24 53965 0.922813947334165
3 24 13 15 56025 1.0028406127251905
1 29 0 13 51603 0.9860609448781573
4 15 26 14 86235 1.073544297835094
13 19 23 6 59733 0.9102063068969221
16 21 10 3 62174 1.0635001770520396
9 24 19 22 40150 1.074435160910773
21 14 26 20 29760 0.9697543585894206
7 10 13 21 47383 0.9703897241199083
19 7 24 27 63331 0.9056880960836113
7 4 19 5 28281 1.0663124795255778
15 1 29 14 75627 1.0715511248141385
5 11 4 25 65061 0.996561992846241
9 11 29 6 77745 1.01024453211996
11 28 17 22 34164 0.9387568904945084
16 20 28 7 66102 1.003818959774368
13 25 17 19 25378 1.0265517655046423
25 2 13 11 45533 1.010326617168138
2 17 3 6 38091 0.9199831419303619
16 1 5 14 58716 1.0667880893430874
3 12 6 19 39574 1.064595030694838
4 11 0 4 33301 0.9662590806296634
11 29 28 5 103705 1.0251470545515216
7 24 18 14 65934 1.0750261636502725
21 10 26 16 24126 1.0485043571598394
25 21 1 20 81732 0.955961281841779
4 7 21 20 82409 1.0277131742920709
10 19 24 25 49202 1.0051684665330183
4 0 3 29 108872 1.0020282405923318
27 19 15 24 43433 1.0401855199130972
2 29 21 8 101768 0.9859006169616168
26 14 26 27 42224 1.024488788333177
25 18 10 27 58913 1.0628905802260573
28 26 26 5 58849 0.9947167721664749
26 15 10 9 69389 0.9260931786214945
27 12 0 24 100879 0.9337095154159198
13 3 19 12 41674 0.9215240102569812
2 22 28 22 82302 1.0830880824347233
2 25 23 28 68203 1.0710476571332659
15 25 27 26 33568 0.9716846762005656
2 9 17 11 60634 1.0226407879494164
28 5 28 27 62414 0.911172525282667
6 21 23 25 62487 0.94021559047213
22 8 25 21 47391 0.9984085329630811
18 12 15 22 40500 0.9108536322583854
25 8 9 3 47818 1.0931168122504549
7 18 17 27 46843 1.0322971263478644
19 27 7 26 46809 0.9025999729354983
24 4 9 28 85223 0.9708098286144423
12 10 25 10 42022 0.9369843888235878
23 7 14 14 41302 0.9965926967540204
6 14 0 29 55709 1.092728482967201
16 13 24 4 41739 1.09219738523303
5 15 19 1 72395 1.013274633906013
12 20 13 29 21481 1.0811266560594222
12 15 29 17 56645 1.0407776709321275
0 6 29 19 105385 1.0265574000401196
11 22 18 28 38915 1.0163027187360942
0 13 10 24 70214 1.0478441226199706
2 26 8 19 42538 0.9353364593098137
0 16 12 1 72701 0.9389970001602227
7 29 20 21 68160 1.0452244144883407
20 19 25 7 45574 0.993210086858922
21 3 17 24 72143 1.0741986896173963
24 5 7 27 90661 1.0130489381452816
14 26 18 11 50962 1.0337614385888159
28 15 8 20 68221 0.9372872070047567
29 3 23 21 63838 0.941740227159236
9 9 3 27 83557 1.038699186053236
8 0 24 28 102514 0.9183406887861397
7 21 19 24 63756 0.9027175797512045
14 17 1 5 60817 0.9638125782964361
2 5 28 10 79156 1.0750651008990204
18 8 28 5 50409 0.9362471227052943
11 27 22 11 62444 1.0807506501567117
9 3 9 28 72913 1.0303391614916961
16 2 3 6 42755 0.9124318243910535
27 27 4 12 96088 0.9328618072529171
27 21 14 27 47468 0.9288929486105763
24 29 6 11 95210 1.0384694255692262
6 18 14 25 35105 0.9255137381380619
11 20 26 9 75738 1.0397441764495812
24 24 12 15 58117 1.0533886245482273
2 21 19 28 70661 1.0068526972908778
3 12 13 23 56557 0.9504459892149586
28 25 5 23 73725 0.9873555418188217
18 20 4 22 66207 1.0452264672048057
1 25 21 23 62602 0.9464877270879962
21 3 14 22 65572 1.028100787286998
17 29 14 1 88166 0.9927582425001715
6 3 17 15 61749 1.020151285712606
25 11 26 26 49849 1.020273588346622
8 13 24 21 72462 1.0915689874366914
28 27 13 3 92255 1.0225734665607533
5 28 0 18 40046 1.0272223181055893
7 17 20 28 68770 0.9605992326869685
0 29 12 20 60157 1.0712724487391694
4 28 25 27 72045 0.9045459591496984
2 2 9 14 43915 1.0033616095801918
24 27 0 24 75871 1.061849406657962
20 11 0 20 76812 0.9538519631097766
18 15 16 29 53669 1.0480902544397523
2 4 25 24 97494 0.9799947106197382
6 8 28 20 98955 0.9692143372770314
26 22 13 13 50660 0.976818629265083
2 15 26 1 93401 1.0661802484630938
4 0 17 27 93372 0.9913127179664465
10 17 27 21 54580 1.025825922622637
24 25 19 12 43495 0.9406168302594724
23 12 8 7 54898 1.0748795845514525
13 16 21 27 44563 0.9865043019846305
13 12 11 2 31933 1.0289292875474771
0 20 20 23 76035 1.0303306738760725
11 5 19 21 62931 1.0924176687514635
7 13 0 16 40049 0.9398979058787873
8 16 0 22 45636 1.0415875621333746
2 1 20 23 102986 1.0510692236445656
14 17 3 2 68371 1.0837691783945453
22 16 28 25 32783 0.9186288175993905
22 11 24 29 55742 1.0112269720565736
20 21 2 24 68517 0.9617808680126503
2 2 6 12 42909 0.9456919132340714
22 17 4 29 82624 1.0718122103142946
21 17 5 26 69045 0.9876993790197824
19 14 14 27 51159 0.9866025732150975
25 12 5 27 86897 1.0951102873988172
26 0 2 4 65914 1.0223019860725582
19 24 14 4 67390 0.9022664807724307
16 15 13 26 34624 1.0557909431272585
27 21 16 26 38837 1.0871380958102421
8 22 16 7 66990 1.0822020030969781
28 20 13 21 41535 0.9254437924090789
15 6 28 19 60548 1.0675143967454865
12 29 28 29 61854 0.9757755533478586
19 13 12 25 52758 0.9274352594047561
17 0 12 22 57398 0.9488368452547903
1 26 21 20 71995 0.9516414584013566
16 10 4 4 49875 0.9536433564587025
18 12 10 2 47591 0.9908041412507864
23 22 24 8 51764 1.0466530263913953
27 2 14 10 54496 0.9322205399268069
5 27 7 8 86239 1.0694916981595621
21 2 19 21 67905 1.0803745226062538
27 10 12 1 61682 1.0823300051291387
2 16 14 6 57487 0.9146770224894812
22 22 15 8 59219 0.9139063167133166
8 26 12 5 63769 1.0975071311286881
4 21 26 19 85592 0.9956035060092784
29 6 6 20 109954 1.0396935558896259
23 4 7 8 48933 1.0197048866619858
0 20 22 17 72890 1.0514123803650648
28 8 8 19 81803 0.9510460419751772
3 19 17 8 68316 0.9481438522667618
20 18 1 10 85040 1.0812130368674873
1 6 16 8 50488 0.9620986414055119
22 1 0 11 85500 0.9587635354423466
7 15 7 2 40396 0.9041745363431635
3 15 28 5 100210 1.0369231007764577
11 20 17 2 55637 1.0031261985859252
0 24 16 24 53018 0.9130889837679187
18 28 7 8 81598 1.081897717757593
16 23 0 8 98019 1.0359822490779191
13 1 9 13 51448 1.086140405286326
5 21 10 26 36954 0.9228740862104136
12 14 26 19 53812 0.9117019766774578
23 4 21 27 63587 1.078480505228268
6 23 21 14 74296 0.9166301290396373
17 16 29 1 62819 1.004118953833215
22 22 14 15 42072 1.0527341964249772
1 16 7 6 51052 1.097252929222174
24 27 4 14 89519 0.9650607476712563
2 11 0 28 49057 1.0696779004399162
8 9 29 19 83241 0.9891280396213977
4 26 2 3 85060 0.9422376766792382
4 20 29 3 111275 0.9697873827416164
29 12 19 24 54661 1.0860921791420628
17 18 5 5 57390 0.9856210234765908
28 10 7 0 79141 1.0448911217772152
12 5 27 14 56651 0.9692736181771798
18 18 28 22 32474 0.9836517795941344
1 9 5 23 71534 0.9168419829553528
22 23 25 4 57142 1.0806751160322179
13 24 27 13 57708 0.9432868357730602
1 1 29 4 89787 1.049123187326459
18 17 29 17 32572 0.9743391359776795
1 27 6 4 87623 1.0761829932145766
18 7 22 13 30471 0.9457991458353636
13 5 29 27 85489 1.03250752758406
2 8 9 12 36656 0.9164697445581657
26 2 14 0 51777 1.0283026498487502
17 24 26 18 40397 1.0683296657056818
25 7 2 8 67864 1.0735020384558618
14 28 7 17 47837 0.9119923583994957
27 8 27 22 33156 1.0624119622421269
18 4 4 11 49406 1.0496483629177096
25 12 3 12 68868 1.0502331483198792
6 21 20 27 61623 0.9342446382163844
11 29 26 15 72643 1.023067404890788
5 29 9 19 53500 0.9952599566897478
16 28 2 3 87448 0.9851193983377056
25 12 15 7 37487 1.019330369068009
11 20 26 20 56197 0.9448727835038138
6 14 20 0 68216 1.0317846553797512
15 2 2 28 103457 1.061449505231665
16 26 23 6 71176 1.0476115921368938
24 1 14 7 43446 1.0413071662940636
7 17 26 12 74509 0.9098578975525118
22 15 16 24 38810 1.0477377583479934
10 0 27 25 104353 0.9678321605534543
15 6 6 8 36629 1.0674970403011126
4 14 14 29 65313 1.015718702593631
11 12 7 24 59413 1.0344991912749644
6 9 29 19 95898 1.085125847466832
12 13 27 25 65033 0.94525781854237
20 2 10 3 38792 0.9793338690329318
21 2 0 6 63790 0.9776738641229595
8 0 12 22 60999 0.9125381233589172
10 18 2 4 53970 1.0586766179759237
25 22 21 7 43112 0.9109333050897629
13 15 2 25 52476 0.9901073633524485
10 15 6 8 36794 1.0339675783862279
25 5 20 10 35043 0.9229155663644636
9 11 24 5 53993 0.9303213021278484
20 27 14 12 57195 1.0811553441929407
15 1 24 17 68816 1.054130811773961
2 1 17 21 96317 0.9292046341653815
27 2 11 25 86292 0.958105345240353
9 17 28 3 88931 1.0282077099542992
11 9 5 23 80894 1.0987537720011507
4 6 11 16 46404 0.9221502838242465
19 15 24 2 54306 0.9221211695646926
16 1 14 21 60863 0.9982373849024994
23 20 22 5 50050 0.9277651034297527
25 12 13 19 48866 1.049207493805753
22 11 20 23 35480 1.0481257870745304
26 22 19 19 25209 0.9787660893207559
19 24 6 0 95742 1.0394953864475676
12 25 5 20 45082 1.091722282973469
6 13 11 0 53873 0.9367313411730295
19 15 21 28 37359 0.9377939375954053
28 13 16 23 49679 1.0991980020435406
12 16 7 10 38411 0.940488366198295
11 2 14 17 50468 1.0695235018196456
20 16 6 4 60675 0.9854433120746295
20 11 14 7 26589 1.0841629069425598
3 11 21 23 81577 1.0722197612744035
2 25 5 12 54125 1.0434565603474542
16 25 12 8 52624 0.9827341548255617
1 4 15 1 52791 0.9532207216025934
17 0 9 5 27592 1.0303548430241087
5 6 25 5 50133 0.9326566072439613
5 14 0 19 31501 0.9991883097091147
17 14 13 22 31269 0.9088090561131874
28 27 1 12 108715 0.9252744321684792
15 15 5 28 59409 1.0778214883150585
26 15 3 14 78471 1.0916373969315387
4 18 18 16 46872 1.0905661086967668
27 10 10 22 75631 0.9310267033217348
15 21 18 11 48130 0.9098904708286505
20 12 26 19 31801 0.9533750348377424
10 7 17 19 50869 0.948145230125605
18 3 24 25 69495 0.963164608685297
11 10 2 5 41794 1.0686490413984586
2 21 20 18 63993 1.0235654224123105
14 11 17 27 49962 1.0679285220455141
29 14 17 28 64072 1.0394807671915025
11 14 20 22 43902 1.0533533809699678
20 27 13 9 60098 1.0168763380714019
26 12 13 1 71279 1.0708346653235044
11 23 4 13 68160 0.9543121083010109
2 27 27 20 81182 1.0657860947880566
26 4 27 13 28138 0.9653798789762326
6 0 1 20 79838 0.9035209477625198
29 21 29 2 58593 0.963373057845083
7 7 18 27 76076 0.9225982575907695
15 4 6 24 70133 1.098195844523461
17 13 9 0 51195 0.9585248490369911
10 17 2 2 60216 0.9894037725166562
2 13 14 21 58962 0.9287267110096278
0 12 24 23 98409 1.068475826062874
23 17 15 10 41936 1.0433511403462443
19 19 8 20 42886 0.9115770044719348
14 2 16 27 72558 1.09942942585037
7 0 6 26 91958 1.0787630545520002
29 7 19 18 55550 1.0206123678818173
3 15 23 16 75345 0.9402756079183642
21 18 16 5 40801 0.9764575917655349
20 24 14 9 63351 1.038797043206848
12 15 20 3 48604 1.0773083572953288
25 23 26 12 32727 1.0120273559672943
25 4 20 17 51791 1.0059385238898035
25 18 10 17 47894 0.9407513895646676
18 9 0 15 75836 0.9474474306688374
11 26 2 23 38644 1.0105443152059759
28 28 16 27 44555 1.0053175389084488
10 15 4 5 35848 1.0022783744260513
20 20 13 7 56282 0.9823586757665936
9 2 18 10 43369 1.0072983254051915
10 3 11 16 46628 0.9830859134426002
6 5 16 8 36107 0.9589599416466483
23 24 18 29 29285 0.9994887970438142
7 27 17 20 51689 1.0628402113609532
9 4 14 26 58063 0.9534541071372997
1 18 29 16 78589 0.9028376515347176
12 8 10 28 60279 1.077811527078102
18 13 3 18 56649 0.9587686306164951
1 3 13 20 64400 0.9535271686141035
21 14 14 5 36556 0.937619476234653
28 7 17 23 65363 1.0590884527996427
1 16 4 8 49882 1.0194459874168742
0 23 9 19 37902 0.9959209413624225
1 10 3 29 74784 1.0666252280293165
3 24 21 12 85885 0.912551929984974
22 17 7 23 71900 0.9600150334316647
7 23 24 20 75498 0.9331343145036494
27 16 18 5 47286 0.9295539703706595
27 29 17 23 42086 0.9803504158034915
27 4 12 21 78631 0.9210731292921222
9 0 6 19 66741 1.0070470124251638
15 13 14 25 40476 0.9053286103253192
3 25 27 21 69682 0.9646101222349851
6 3 20 10 61860 0.9267045512024197
9 12 20 0 61479 0.9119027921488421
1 18 4 9 46685 1.0498798840842865
0 10 24 3 81681 1.0302775388195358
7 13 25 6 64746 1.0560743794489889
11 29 5 10 83376 0.9393888939138115
25 8 5 5 55121 0.9282884819164466
5 2 29 15 89301 1.0191143698377787
4 27 7 11 78983 0.9518328230806232
24 11 17 18 36369 0.906704740222081
23 11 16 0 43724 1.0121558276763305
2 17 19 5 73621 1.0276131961396375
12 16 7 26 50628 0.9061088936427667
3 10 24 14 87287 1.0707356173719804
28 0 21 25 73668 0.9365518725640101
26 28 6 27 66912 0.9806932574576066
8 15 21 16 49934 0.9565815868913354
28 14 1 16 90692 0.9759745481670259
8 7 26 9 65054 0.9880070815166885
2 5 27 8 70124 0.9396190630064852
19 7 20 29 64518 0.9737168495327748
1 22 13 15 58152 1.0019751577918112
24 29 24 18 39622 0.9222283889919374
14 3 5 16 61374 1.0028223208557023
24 7 6 17 83528 1.0318287502383061
5 7 21 5 44966 0.9775610925888015
13 3 20 15 54170 1.0800602384981834
0 27 25 10 105667 1.0956078285008246
17 17 1 24 73429 1.0936417765565503
1 20 15 9 79321 0.935287964796872
1 5 1 21 60467 1.0398461832273762
13 9 3 12 39601 1.01663680409606
10 22 25 19 53731 1.087204874877948
24 22 3 19 64790 1.0186370046837128
23 24 25 2 68291 0.9822619462514293
11 8 25 23 78475 1.0581624055897616
27 1 8 2 53763 1.0510468268782889
7 10 23 9 62314 1.097372980310329
5 12 7 26 76183 0.9697548066902496
17 29 16 11 63780 1.0257172245979833
24 23 1 13 94969 0.95112213009485
20 0 3 19 94874 1.059962945791158
21 5 18 29 68263 1.0487853001092882
14 27 23 7 74138 1.0279624329470283
20 8 4 13 74031 1.0294084495006848
22 15 2 13 77054 0.9172816634733161
13 17 1 4 53217 1.008078936210393
6 4 12 20 54349 0.9997447496165256
8 13 18 7 41837 0.9663776637617937
2 9 26 10 88796 1.0087297608581152
21 16 2 1 85182 0.9589511154230497
14 12 24 2 49444 0.9516613324644954
0 20 28 27 92629 1.023818032503902
6 12 17 10 40736 1.0926136756159714
6 19 21 24 53014 0.9231643921965798
11 9 4 28 81333 0.9002989502709252
15 23 0 4 79055 1.0262064791466565
25 3 4 13 74491 0.9412046004954935
23 10 1 5 71125 0.9672464853009158
17 23 24 28 38454 0.9212906195098564
6 10 27 13 74422 0.9742890217436074
8 20 27 12 73513 0.9953084001736721
23 1 28 23 65577 0.932323399485692
17 21 22 26 25139 1.0721744561056379
8 29 22 24 54982 1.0177827389125111
12 1 24 26 90190 0.9443945451387642
0 26 20 27 65290 0.9239831824492581
21 28 12 29 38888 0.9114602109336082
5 17 27 2 95659 1.0865283815285063
4 23 20 23 70005 1.0648037846554028
22 17 7 3 68155 0.9128054615580474
2 11 3 29 65183 1.0833400231010661
22 5 7 1 48646 1.0292231748143041
23 6 13 13 44759 1.051350720587934
14 1 6 21 90906 0.9424833689677102
26 15 11 15 51264 0.9365906285992595
0 13 25 8 95607 0.9043893787723803
2 5 14 19 59571 0.9644403206530281
21 15 24 28 41760 1.0805744726255406
17 26 19 9 63056 1.0233282907510786
29 0 18 22 69380 0.9811076872349522
7 23 27 27 74842 0.9750565560075118
8 16 28 7 83275 0.9776291814854848
5 7 26 0 66851 1.0695112901577815
1 10 7 24 77550 0.9143801387372796
2 18 13 18 31048 0.9335506325685112
18 12 28 4 48603 1.0501702201748986
23 18 18 1 59332 1.0958994938263826
29 11 20 12 25685 0.9310446398200771
29 16 24 3 46628 1.0210145351318236
15 6 22 23 55911 1.0863262786308931
15 4 22 10 37175 1.0874125850387835
16 11 7 0 50820 1.0994981009684397
24 23 3 28 79127 0.9627854007817651
21 16 25 22 22148 1.0762436820087053
18 27 24 10 59904 1.0323116082153883
29 25 16 17 54397 1.0284718114725053
4 3 11 10 45676 1.075911937393102
5 10 10 5 34282 1.0281774045761078
14 24 21 10 53492 0.9010336880697578
24 18 1 4 83796 1.0404786760759892
17 19 3 15 62776 0.9984407207588056
20 8 17 19 46564 0.9019666602989511
1 18 18 15 59736 0.9457940552369506
14 14 22 9 37627 1.02272377632561
26 9 6 23 102635 0.9915529418243647
19 1 3 19 89244 1.07098639435642
19 27 29 15 51457 0.9914523368968081
22 2 17 28 87070 0.9773871580862357
1 3 17 20 82408 0.9625707205858408
0 3 27 26 112649 0.9960295547267912
5 24 22 26 55494 0.9989704444886116
26 5 21 29 73203 1.022405027554558
26 25 17 9 57324 0.9153387365531633
10 1 27 14 78968 0.9217928047099463
4 29 26 8 117994 1.0656032205350858
3 3 13 7 33823 0.9862077430925054
14 17 18 7 41072 0.9362491357893229
12 22 0 29 56772 0.9206910831652481
15 17 12 10 34456 1.038855751643609
21 13 22 24 27701 0.9670302627523802
8 17 0 6 55007 0.97178869544384
26 0 18 8 45103 0.987402687658304
7 21 20 9 82954 1.0124965751239807
28 5 16 0 54157 1.0235024160110526
9 22 13 11 41428 0.9400570212085304
23 5 21 16 36029 1.0100787717647512
3 3 6 25 87092 1.002913710385998
8 12 3 21 55099 0.9344282266986965
16 6 0 2 54613 0.9204452433610499
17 18 0 16 53207 1.0766094166983904
19 6 1 7 55401 0.9784549268406542
12 7 21 24 61098 1.0955104717525295
6 4 21 26 81994 0.9281673892186905
7 11 15 26 62466 1.0505218561469052
2 13 28 16 85718 0.9284290964811635
29 21 23 27 31014 1.0669298585616578
1 24 25 28 80001 1.053133245243316
10 17 13 3 49923 1.05970762249168
0 0 27 15 112665 1.0096796718785828
28 24 20 0 87916 1.056136600778567
23 25 8 19 53478 1.0547520484962891
13 12 28 23 58065 1.0247912337198202
5 4 12 10 36392 1.0745213259274524
10 6 26 1 52196 0.98067249102008
17 18 4 22 62464 1.0458767449076227
7 29 28 15 92042 0.9447548927041087
22 21 3 4 80751 1.0607132954981513
17 2 14 18 43867 1.0858664638838038
18 9 29 22 52764 0.9466865203157597
22 1 21 26 73269 1.0647796389982764
19 5 16 22 56372 0.9710367200269496
16 5 27 11 39415 1.028564988038259
13 25 29 1 87774 1.0376798657638686
27 6 29 16 27171 0.9903803116219092
28 16 18 0 64544 1.0240061226561132
15 28 29 21 53626 0.9553102277862507
15 28 6 14 61050 1.0527294877572069
2 27 29 11 107248 1.0165564587080587
25 3 9 0 52491 0.9940351170302881
8 5 11 17 43104 0.9261471522587893
29 20 1 29 100438 0.9567803012246765
24 1 26 20 58523 0.912946024049428
18 28 5 28 47338 1.0301990398708598
28 3 8 28 110474 0.9577155730055401
6 18 28 16 60376 1.0568168625376704
6 28 5 9 93310 1.0480308858025056
14 3 10 15 42639 0.9333681937426013
21 1 17 23 77893 0.986840928517555
23 17 12 10 49513 1.003134554942919
12 10 23 1 51508 1.0289944119901278
29 21 24 13 42664 0.9096225472270987
23 25 29 17 36715 1.0986516966866517
0 8 29 13 107586 1.0790162350052082
1 7 5 0 28760 1.0728575471856963
16 0 5 2 44133 1.0705875424111557
25 19 5 16 73834 0.9501789826654216
10 15 28 21 64256 1.0611962286569363
25 3 9 28 90830 0.9666695845983875
0 23 7 3 77000 1.057831065854669
17 22 6 7 68406 1.0589697643892109
21 6 12 16 48739 1.0167260799015927
14 2 28 4 60073 1.0844352322334516
4 7 24 29 111188 0.9849239739542903
3 23 26 15 95012 1.0752162581831939
6 1 23 11 71074 0.9962073133268702
6 23 1 10 70386 1.0819884412398906
0 28 23 25 69895 0.9186651567086022
28 2 6 12 72225 0.9041704601618056
6 26 21 11 74375 0.9990774189482096
4 12 2 28 59945 1.045927615060522
25 10 6 16 79239 0.9661204017796976
4 6 19 7 43846 0.91097555168486
3 27 22 4 96293 0.9130920781661962
20 17 12 5 54220 1.0850074689170472
14 22 25 4 67803 1.0122563650207235
6 3 14 16 54685 1.0912920429547297
2 27 16 13 76012 0.9507069038887298
25 15 14 4 52505 1.0179723260213251
23 7 0 27 108942 1.057541731967063
29 17 5 22 91164 1.0785727715436686
7 1 13 27 71582 0.934688194344256
15 9 0 18 73457 0.9386481926855448
6 13 28 18 83625 1.0200593792876242
26 7 9 28 96412 1.0709135053779861
1 18 28 28 91778 1.06485111000024
5 29 19 23 63408 1.0821367662089743
19 15 2 11 70077 1.0223439731009178
8 19 11 0 70523 1.0151609585589412
13 17 27 18 44547 0.978196989794323
1 21 28 4 122959 1.0834397181909283
21 29 14 25 29324 1.065559383752226
2 13 12 24 65199 0.9124829345667245
6 12 0 17 36217 0.9020526969298848
23 17 23 0 62727 1.0558620070182856
7 17 3 27 58236 1.0164752050732029
29 7 12 5 59439 0.9713322933396769
0 27 18 27 60800 0.9248877878241487
7 26 25 14 78780 1.0767220354393559
18 18 8 4 54696 1.0649501293874761
19 26 10 0 93384 0.9298164416586316
7 11 13 5 27969 0.9505731192261875
25 6 23 22 51976 0.9976425601204516
5 14 19 6 57022 0.9538174220774747
20 3 2 18 82789 0.9196165087499594
24 10 10 21 71804 0.9839292552402812
0 13 0 1 65835 0.9286447988601017
26 10 12 14 50647 1.0354523576612704
3 13 9 22 57589 1.0463024493908089
6 21 23 18 70266 1.0907725336300766
29 5 27 26 64317 0.92705158244368
15 19 24 13 48838 1.025195587756783
2 4 28 7 72452 1.0078864563450145
7 4 6 16 44141 0.914007542015058
10 11 12 1 39306 1.0901681899577325
10 9 6 19 56394 1.0436751902905683
26 13 29 28 51514 0.9900582704946977
18 9 24 5 33747 1.039090873804057
12 1 27 9 59186 0.933070966487719
25 24 8 2 87407 1.0805969553011445
29 1 3 26 122965 1.0861662237684702
29 28 12 25 55041 1.0595363137817086
8 18 14 1 64331 1.0566211410285802
7 13 6 23 63247 1.069493847880046
0 29 3 11 55095 1.0780845741970142
1 26 1 14 39356 0.9274835096097503
10 2 19 24 82906 0.9394809984402317
20 27 9 7 78671 0.9657744295025971
13 3 14 21 49237 1.01658646968826
5 21 23 18 71969 1.055873839971545
11 6 1 0 49399 0.9772895820808333
9 20 10 1 68484 1.0406388454155922
3 11 8 22 65781 0.9036394973626237
25 17 4 27 81355 1.0776296018136544
20 20 23 29 32187 1.0610537088236547
5 11 27 13 71307 0.9949303275795113
12 28 27 23 50527 0.9694059150658129
17 14 21 21 29319 0.9986691811102736
2 19 14 14 48535 1.066958910595884
19 3 29 28 91198 1.0462784480623417
19 14 1 17 72189 0.9065726428677119
23 27 3 19 74295 0.9775618417155584
2 13 14 28 70304 1.0481061631674655
24 14 22 5 43264 1.0725250468756693
25 19 1 7 94497 1.0669529542785092
3 14 20 5 61227 0.9783477346278333
12 1 12 19 49027 0.9038579386090889
22 14 16 23 37434 1.029230446561388
0 27 2 0 91972 0.9684383936994628
28 29 11 26 60465 1.0839367408547045
12 27 1 7 81669 1.0268560768555488
2 29 13 27 41396 0.9261275975482487
18 21 26 15 34416 1.0286500175182725
26 5 9 2 50292 0.9217578197816162
12 23 23 0 82834 1.0442560833839505
2 14 3 24 39753 0.9329397189052454
1 10 13 10 53254 0.9519730056041881
3 14 11 21 53790 0.9811910536354913
15 21 27 1 76178 0.9630296161845955
11 26 9 9 63210 0.9273861381913947
14 10 28 0 64917 1.092225954832606
5 7 21 16 68532 1.050222365660051
5 19 11 12 47431 0.923645480969125
24 12 25 23 35223 1.0301532915814597
24 16 17 6 37889 1.0054822705064943
15 19 3 2 73912 0.9401092170412043
18 1 10 15 54437 1.082926558749779
14 1 7 6 39448 0.9888374737699285
6 21 19 3 87270 1.0432078069755455
19 19 7 6 63634 1.0928328157267788
18 20 12 10 45163 0.9683936223423991
15 27 21 7 64959 1.0845299221934004
8 28 18 9 71991 1.00990620404942
23 25 16 20 29212 0.9375659539550179
8 12 28 27 85826 0.9703206307859179
1 1 3 29 105908 1.0709721000614216
27 19 28 2 40868 0.940191948174373
0 21 24 0 112056 0.9589982448880686
16 25 20 19 31844 1.0918301400072454
3 4 20 1 55729 0.9304848693134193
17 27 4 29 51554 1.0072177175495816
20 7 26 28 66759 0.9386776277078418
7 24 29 18 79447 0.9745084409030775
26 26 11 22 56581 0.9546867886471637
11 7 22 11 40725 1.0039775033289378
18 20 10 16 39998 0.955630592093514
2 22 18 12 77721 1.0688831982024531
15 11 13 20 27189 1.0019215347167625
14 3 15 28 64515 0.9261107199343835
4 27 26 6 113202 0.9643561585214347
2 21 22 10 86896 1.0702072406528726
0 10 20 2 82256 1.012672783576341
10 0 20 27 97396 1.0855078436288739
13 28 21 22 32861 1.0748102507600314
5 14 6 28 68881 0.9132757761210548
7 7 15 4 24428 1.07189862954752
10 5 23 0 47514 0.9207650106666381
6 0 25 24 103272 1.0867185926665488
18 29 8 25 38732 0.9697450278077994
27 15 12 17 51069 0.9474671194980312
23 0 1 24 121706 1.0351209198998765
6 26 28 22 64258 1.058893605811602
26 20 21 29 37140 0.9306753489799253
22 4 25 20 54323 1.086559171435952
5 29 15 13 74067 1.03566493155728
6 20 8 11 46597 0.9497846114529408
5 19 2 4 58972 1.0764106118423238
11 4 17 29 70785 1.0781607093731573
12 4 19 10 34983 0.9255404040618957
5 26 24 21 69589 1.060968327068275
22 20 11 0 78975 0.9806994351491974
0 5 18 20 81410 1.005427419222458
6 13 6 0 49304 1.0123107098171504
24 28 23 6 71469 0.968050802024653
27 20 3 3 95015 1.0502372982980188
8 20 28 15 68221 0.9547559275994317
19 18 15 7 42767 0.9969197945384835
15 26 14 2 71134 0.9784686858722563
23 18 15 15 32530 0.9088882087274501
20 7 0 20 92464 0.9010497466000649
29 6 2 0 101674 0.9597237100509554
13 9 11 28 47545 0.9304047385290957
12 22 4 18 37101 0.9834457294716294
28 6 22 2 29539 0.9601838214612075
26 1 12 0 58009 1.0204561466322681
28 10 18 25 58180 0.9526142993382992
26 0 23 11 37372 0.9593993920879962
4 8 15 9 58650 0.984555290327549
28 19 13 3 76727 0.9750828234577728
1 22 21 23 74980 0.9989645705281416
29 11 26 3 27911 1.0548600220644224
23 25 4 9 101064 1.08865781366385
28 22 23 4 58274 0.9961964072101032
22 29 15 18 47435 0.9392124716651306
13 1 4 26 96594 0.9673374174304039
9 3 0 14 50129 1.070116084616716
11 29 23 9 82654 1.0411495110031337
24 14 3 6 79107 0.900365117892652
25 26 14 1 95448 1.0130919486244876
17 5 0 21 81950 1.0452239283317983
11 20 23 24 49300 1.0584775707460081
9 8 17 29 79044 1.0614173580631956
26 25 0 5 104806 0.9662798832997277
16 20 25 22 26619 0.9730624494830644
25 20 27 2 47270 0.9060953923633561
19 10 4 19 66639 0.9879364696561631
19 5 12 27 61778 0.9716196388336158
20 2 9 6 41581 0.9262593087966045
17 28 29 17 58226 1.04509239140934
2 18 3 1 64504 0.9024053110863272
16 16 6 23 60396 0.991864646919789
0 12 22 1 85708 1.0665861130178558
2 4 11 10 43795 0.9372652994520907
6 29 25 13 86282 1.0116135434505067
19 22 4 29 65188 1.0172784282331053
21 29 14 18 47209 0.9660255130959621
9 8 17 19 57944 1.052943144791335
12 29 1 2 93259 0.9943822544955663
27 9 20 3 38251 1.0114377755029431
29 17 3 13 94176 0.9310820713067108
17 18 10 26 38709 0.9303805410787873
26 1 15 0 51738 0.9656520273414524
18 0 25 3 33807 1.0809233248137533
5 17 14 0 82859 1.0848889074276438
2 28 3 6 75152 0.955588379876716
5 2 14 22 65248 1.0944478886256586
12 20 25 2 70175 1.0482561239735184
7 20 4 4 64769 1.0108866457596197
3 10 24 26 105190 1.0930069825453297
29 10 14 22 62552 0.9216792944809002
22 28 11 9 76829 0.9991360593461903
14 21 4 11 59478 0.9593295354494261
29 14 6 8 91492 1.0614328853045252
18 21 5 26 55032 0.9277623351938301
17 3 27 8 38534 0.9648479744621582
22 10 13 7 37920 1.0960184202190315
6 0 4 17 75096 0.9334566411978477
28 26 2 6 106688 0.9081984632326133
19 3 1 26 100980 0.9121710215884077
27 28 21 8 59432 0.9643257387427783
19 16 3 16 64665 1.0859176014298555
15 5 3 27 79922 1.0588345787476765
27 21 5 18 64355 0.9243786009863179
28 4 1 15 107289 1.0640310277724332
16 15 29 12 45388 1.0246287121830588
20 22 21 1 66909 1.0605181840279654
3 14 15 22 61737 1.0676372358085384
14 17 4 22 57163 0.9116394940486859
3 11 24 2 73684 1.070630572299505
10 28 23 18 57238 1.0465142393272755
18 17 2 24 67163 0.91061001822456
28 6 6 19 94638 0.9894005281013172
26 28 3 6 108491 0.9797787696267125
23 27 5 29 66882 0.907697770363317
10 0 12 17 62544 0.9259068421494027
22 4 15 25 67332 1.0885887241551895
0 23 4 7 61038 0.9780022224918453
24 3 4 16 84785 0.9191871791170892
25 11 15 24 59326 0.9228576912676505
12 18 20 8 53408 0.9550810902925243
16 17 13 6 39487 1.039331030381096
1 20 24 18 76463 0.9605081062038777
6 29 4 6 92812 0.9611674942260772
20 19 24 26 30223 1.015535360272214
9 21 4 5 56651 0.9831556893782367
26 4 11 3 44247 0.9968189119838644
14 2 1 22 95894 0.9426646971604763
21 9 8 26 75427 0.9531029312188763
10 6 17 19 49693 1.096820136762652
3 14 18 12 55755 1.05001659261319
23 6 1 6 61916 1.058629812402993
18 20 12 14 36829 0.9825037914102502
27 3 6 21 108525 1.0935301086173455
22 1 6 22 103279 0.9414018214008166
0 24 19 11 83490 0.9527054538411924
8 22 4 8 76854 0.9342336027496899
26 1 14 3 44838 1.0899824810391214
28 25 23 8 58855 0.9789630112751987
26 4 15 23 79677 1.0446755643947496
12 4 29 7 57561 1.0062897788976988
28 29 26 10 58170 1.021208351203611
14 22 22 11 44158 1.0915258971365005
24 18 23 1 59895 0.9530952473851495
24 4 6 25 86701 0.9167201824243268
4 3 7 18 58589 0.9712988295005749
17 2 6 8 44796 1.0524840213244278
25 13 14 12 36575 1.0024710283420075
29 10 8 0 76547 1.0554120675357381
19 17 27 25 38839 1.0952849586890083
27 18 7 19 63647 1.0782902487531443
15 17 13 3 50154 0.945270046558054
17 23 22 5 61107 0.9432820612022808
8 1 16 28 76622 1.055744861268774
9 17 24 6 74553 1.0786411484019618
13 20 22 7 53523 1.0939345801310036
0 5 21 22 86603 1.0032120971151453
2 9 25 22 97803 1.0899529319577774
17 5 5 16 62270 1.084901753235036
24 19 22 9 39986 0.9864324759465606
12 27 23 15 56886 0.9459188849078654
26 26 0 14 104031 0.9580930859000859
5 19 22 1 90121 0.952824283563927
8 26 3 5 83933 0.9591357874827304
16 21 20 7 53115 0.9629892389947601
12 17 25 10 55570 0.9699174685917372
2 10 1 29 61232 0.949336892612321
24 26 13 0 99136 1.0771734043736858
27 2 22 15 45790 0.9105064766965573
22 21 19 29 30235 1.0174078686529275
29 22 3 12 90007 1.0776608284466447
28 19 21 3 61902 1.008939256074974
3 28 24 26 72934 0.9647587159469819
23 11 26 28 56976 0.9845290401794798
16 22 6 12 57244 0.9261439323726076
14 14 25 0 60159 0.9502494953508605
0 24 20 6 101786 0.9034706682818994
29 14 28 4 38907 1.0378414229745894
20 14 8 19 52188 1.0439040370488872
23 21 28 8 49979 1.0559646831246976
16 20 2 15 57935 0.9408593451345251
6 28 27 16 79333 0.9097955727578603
12 2 7 14 37865 1.0746636391339688
12 0 5 21 88651 0.9123508890280477
13 28 5 19 42169 1.0440101690501042
14 6 24 23 66740 1.085292586406938
26 13 5 21 92262 0.9613814821761582
26 16 2 3 82260 1.0021893173147727
13 23 6 8 62741 1.0520583781268504
26 20 2 13 94295 1.090820745009017
29 19 18 7 59185 0.9076922435605767
11 3 25 21 78743 0.9468678683461281
3 3 29 1 72605 1.0496103250385445
5 10 25 28 103055 1.0001077126775422
12 14 28 25 63278 1.0137016072671292
26 2 0 28 120414 0.9557471484079874
3 27 7 14 64329 0.9658965112856552
18 17 7 2 64477 1.0923786089824807
3 19 21 16 61109 1.0426093691631875
22 25 25 13 34257 1.0598943720401248
7 28 11 4 74002 0.9517191527563468
6 11 12 5 29014 1.077289619931328
14 7 22 22 57531 1.001878093284697
27 21 15 16 50280 0.9693059741048362
3 28 15 29 46546 0.9483266951608438
21 5 18 13 30043 0.9905815636702474
18 27 4 19 59287 0.990447644453756
16 4 5 24 77571 1.0184620935575994
16 27 5 12 68351 0.9388133748299258
18 15 13 29 45828 0.9328383734663146
22 27 4 25 53930 1.0805663916516706
18 3 20 17 50640 0.982874013141752
1 15 16 20 63794 0.9292045035856066
0 1 29 29 143235 1.0567369160807936
8 1 24 19 77010 0.9376452348770027
10 14 3 23 63171 0.9252143880666994
2 11 28 9 86456 0.9867145940902841
6 18 20 7 68317 0.9200658948312802
25 20 14 19 40383 0.9681916388237519
23 21 17 1 62774 1.0454426152966365
22 13 27 0 44105 0.9843181588824654
26 14 18 28 53222 1.0101102412319602
7 14 22 25 69005 1.0529318423611003
27 10 6 9 73109 1.0656745010980995
24 28 13 0 105987 1.0249021002415346
4 26 24 7 101570 0.9949814740622228
6 13 14 23 57286 0.9944915470821459
23 9 3 22 100572 1.0128777130591915
27 4 19 1 37134 0.9845006581021476
26 29 2 15 100058 0.9734591906679554
8 29 4 4 91276 1.0763418741570052
1 16 10 6 52675 1.0176369663256546
8 28 3 19 52413 1.0925783104199174
8 3 29 23 89849 0.9803096887834803
8 25 15 6 59003 1.0434766059724696
6 25 0 9 78799 1.0283510342014544
10 15 4 22 55450 1.0410072622522304
3 14 12 1 53947 1.094589120388577
21 21 29 11 40634 1.0178505854474296
21 27 0 20 75437 1.0997755908213578
2 19 24 13 85156 0.9119127326994142
26 29 1 4 114913 0.9668185904473625
2 12 18 25 77706 0.9353012910559855
1 7 13 7 37908 1.0158666748421008
15 16 6 19 41044 1.0740978006351558
28 16 25 25 28584 1.0777620597142872
4 27 29 21 77510 1.0032058772793528
3 27 12 26 34061 1.0166847781046824
7 8 29 21 92766 1.0275858071005304
6 21 2 12 51271 0.9041238998660303
4 24 0 13 56537 1.0322197754319347
27 1 5 20 103271 1.0264137695098594
27 23 11 27 50268 1.0452973222328859
20 25 8 25 34413 0.9872900141989212
27 4 15 9 58004 0.9607807751394861
26 3 3 15 86246 0.9568132717913285
9 8 16 23 65930 0.9176663074825577
23 6 8 6 44056 1.0353217859919674
27 26 18 13 51604 1.029014576780992
22 25 14 11 52970 0.9194614567470063
25 24 3 0 111148 1.0011247347347536
0 10 23 5 80639 0.9095355470622055
9 25 2 2 87925 0.9674591987915978
7 20 15 22 41972 1.0593743328832756
9 21 0 0 93035 1.0472298169861287
8 18 15 29 41524 0.989480315977882
6 8 5 22 81952 0.9586316308289938
0 21 13 13 57611 0.9369278031378371
4 5 18 9 46298 0.9598839069196474
13 22 29 6 84691 1.0249561995540128
19 24 21 16 27911 1.0197536387786774
23 18 12 5 56392 1.048196598968039
29 11 13 19 58902 0.985006720016061
7 22 19 10 72423 1.0804845705340398
28 22 1 14 89399 0.9915288929051264
29 16 16 10 43462 0.9265759454258325
18 7 3 7 49938 0.925466951440629
