2627 2541 3338 2411 3424 3363 3286 3231 2588 3310 2504 2732 3086 3131 6951 7710 6800 7043 6506 6538 6762 7486 7750 7381 7401 7475 6929 7609 7278
3271 3473 3904 3959 3518 3470 3520 3581 3500 3742 2803 3222 3019 3252 3102 4047 2976 2827 6237 5489 5646 6690 5895 5651 6636 5940 5883 5474 6506
2243 2738 2648 2831 2327 3305 3433 3339 4369 3736 3135 3622 3643 3285 3182 3394 4146 3328 4195 3620 3322 3271 4143 3691 4396 3636 3104 3364 4221
2785 2237 2297 2554 3212 3204 3353 3297 2447 3311 3097 2718 2478 2940 2823 3317 2409 3064 4168 4121 4664 4682 3859 4681 4086 4666 4633 4349 4206
1635 1985 1539 1610 1598 2541 2285 1855 2710 7461 7137 7804 8298 8364 7203 7716 7519 7264 7085 8378 7697 7786 7139 7369 7550 8184 8031 8057 7888
1679 2042 2567 2003 2678 1512 2254 2203 2093 2419 2002 1946 1758 2007 3439 3436 3981 3533 4160 3725 4201 3105 3077 3621 3664 2998 3548 3463 3790
3711 4173 4233 3554 3700 4754 4696 4395 3668 4220 2915 3150 3905 3815 3538 3816 3947 3686 3433 3791 2737 3515 3443 2839 3525 3704 3842 3526 3568
3705 3857 3835 4495 4183 4032 4169 3596 3369 3727 4583 3651 3413 3644 7053 7266 7290 7314 7109 7589 7856 7360 7301 7718 7319 7545 6623 6792 7126
3097 3927 2725 3963 3023 3374 2724 3957 3411 5149 5272 5088 5200 5497 5877 6145 6152 5544 5703 5823 6196 5290 5033 6237 5678 5226 5000 5054 5386
8408 7755 8295 8240 7790 7503 7336 7936 8167 7436 7842 8516 7791 8418 8305 7360 5874 5897 6003 6189 6208 6276 6032 6358 5978 5444 5395 5528 5941
7373 7487 7791 7126 7213 7293 7823 8013 7586 8034 7127 7001 7258 7886 7902 7764 7202 7692 2759 2226 2408 2574 2959 3127 2038 2533 2881 2842 2448
3229 3276 2470 2198 2915 2646 3072 3198 2725 2749 2409 3041 2362 2789 3237 2414 2487 2474 3327 3042 3325 2430 3103 2522 4208 5140 5365 5261 4871
2718 2313 2795 3241 2506 2803 2170 2667 2810 2521 2984 2627 2716 2249 2190 2002 1938 3003 7414 7842 7797 7175 7444 8258 8103 7940 7229 7292 7059
8202 7974 7686 7866 7526 8319 7755 8418 7821 7463 7392 8551 7898 7600 8269 8234 7744 7655 8527 7487 7657 3705 3169 3187 3086 3289 3589 3543 2638
4193 3828 3563 3415 3130 2147 2419 2392 2264 2327 2188 1882 1480 2023 2403 1780 1900 2427 1619 1289 1453 1568 1988 2053 1544 2298 1703 2288 2507
4488 3986 5064 3964 4495 4831 4172 4691 4590 5046 5187 4277 4725 5221 4619 4947 4874 5153 4224 4108 4223 5179 4326 4841 3094 2881 3404 3329 3611
2626 3298 2509 3327 2351 2187 2313 2591 2310 2809 3067 3029 2700 3314 2892 2263 3435 2223 5460 5615 5110 5088 5758 5644 4724 5371 5898 4879 5376
3279 3318 2907 3619 3203 4002 3836 3515 4818 4843 3730 4592 3970 4354 4716 4817 3882 4063 3779 4450 4444 4452 4323 4343 4910 4979 4939 3972 3849
2573 3050 2817 7696 7658 7293 7896 8495 8316 7288 7396 7606 8354 7731 8117 7257 7895 8020 7742 7985 7561 8375 7659 8440 7926 7860 7662 7434 7831
5596 5012 6249 5362 5608 5555 5568 8496 8226 7736 8402 7707 7727 8226 7930 8531 7758 7882 8725 7865 7746 8234 7867 7965 7991 8357 8880 8347 8752
1209 1711 1611 1777 2027 2294 2419 1592 1579 1636 1680 2410 1582 1141 1504 2203 1330 1543 1249 1155 1750 1600 1552 2127 2363 1472 1500 1511 1924
3604 3582 2674 2368 3114 3486 7084 7117 6867 7303 7825 6719 6526 7749 7196 7235 7197 7081 6559 6524 6802 7621 6749 6612 6624 6962 7424 7073 7653
6728 5879 6982 6999 6518 6549 7029 6039 6918 6747 7031 6876 6484 6484 6321 6262 6614 6529 5762 6431 6757 6368 5808 5925 6976 6356 7976 8451 7995
7976 6820 7124 7447 7242 6821 6440 7301 7153 6953 7106 6824 6611 7149 6324 6732 6342 7206 6664 6123 6610 6667 6071 6996 6975 6934 7142 7366 6155
5053 4136 4585 4086 4074 4865 4809 4657 4638 5090 4585 4668 5106 4062 2789 2523 3245 3023 2765 2535 2287 3189 3416 2764 2898 3553 2882 2317 2343
3886 3837 4023 2945 2960 2838 3095 3698 3797 3808 3099 3648 2918 3155 3533 3519 2860 2832 3180 1670 2676 2106 1474 2049 1582 2181 1424 1973 2068
3155 2484 2474 2467 3390 2846 2933 2668 2700 2288 3180 3370 3290 4648 4732 4376 5395 4961 4721 5449 5406 4986 5289 4338 4296 4261 4570 4703 5304
5708 5694 5857 6189 5744 6337 6418 6438 5526 5154 6223 6189 5309 5533 6157 7445 6576 7719 6710 6619 7368 7524 7679 6476 6649 6946 7271 6887 6979
5374 4954 5620 5984 5008 4764 5462 4749 5208 5650 5867 4989 5163 4875 5551 5885 4804 5660 4927 5203 5994 4678 5174 7854 6935 7668 7580 6814 7812
5006 5469 4685 5592 5651 5459 5529 5291 4679 4631 4538 4398 4608 4175 4613 3715 4823 4566 3858 4274 4238 3772 4602 3913 4626 4914 4012 3682 4575
5945 2498 8265 2602 4723 2138 2612 5944 6852 5943 6347 3663 4219 2398 6345 5511 7315 3350 7392 4512 3515 4666 8137 2608 3018 6933 3082 2553 6069 4331
5786 4378 8140 2891 5254 2279 2330 6284 6498 6990 6641 3757 3872 2315 2406 5291 6351 3925 7086 4150 3029 5524 8341 2359 3733 6619 2991 3205 6210 3621
4490 3907 7028 2886 5029 3346 8130 6410 6381 6172 5526 3323 7696 2736 2520 5205 7442 3803 6342 3936 3892 5644 8312 2899 2863 7058 2643 3499 5817 3143
3720 4448 7804 3234 7270 3305 7941 4850 7069 6921 5581 3502 7402 3154 2631 5005 6816 3885 6276 4599 6079 4965 8029 2755 3396 6981 3332 2789 6546 3312
4694 3284 7259 2809 6680 2282 8058 4503 3634 6624 5592 6181 7241 2306 1574 5404 6467 4146 7309 4531 6830 5414 8342 2996 3469 7128 2666 3371 6190 4167
3619 3362 8108 3095 7984 2877 8603 4970 3530 7110 6371 6396 7594 3192 1984 4678 6461 3169 6435 4525 6505 5637 7400 2878 3764 6628 2890 2737 6964 3633
4172 3424 7782 3722 7665 2926 8751 4254 2873 7042 6209 6439 7300 2036 1485 5174 7490 3261 7290 4514 7036 4678 8379 2846 3887 7374 3136 2989 7320 7162
3507 4019 6971 3547 7225 2653 8108 4713 4067 6885 5626 7023 7460 2353 2249 5241 4504 4164 7404 4000 6047 4875 7976 2951 2840 6967 3013 3614 7308 6963
3953 3420 8064 6988 7500 2351 8312 4072 2832 6317 6126 6894 7013 2286 1463 5396 4212 4298 6678 4596 6375 4430 7315 1981 3878 6718 2795 2897 6972 6840
3707 4216 6966 6698 7575 3364 8811 3841 3143 6394 5639 6564 7144 3287 1985 4523 3665 6916 7416 4514 5949 4446 7686 2307 3004 5885 3062 3513 6767 7280
4416 3831 7487 6919 7221 2889 7850 3752 2978 6312 5599 7144 7300 2650 2268 5324 4636 7643 7555 4796 7192 5644 7368 2950 3425 5405 2504 3491 7274 7151
3988 3172 7367 5948 7200 2756 7996 4818 3470 6315 6359 6814 7432 2733 2589 5124 3788 7604 7306 4876 7111 4985 5457 2444 3621 5102 3383 3453 6876 7093
3868 3442 8212 7093 6861 3252 8512 4366 3818 7003 6024 6140 7598 3030 2171 4833 3887 7295 6972 4932 6971 5139 5054 1790 3958 5852 2296 3274 7187 7079
3865 4471 7870 6100 6767 2285 8079 4761 3990 6541 6372 6232 6740 3108 2601 4911 3911 7535 7133 3910 6367 4646 6078 2265 3579 6102 2398 2398 6798 7507
4217 4330 7525 6518 7724 3105 7798 4875 2799 6432 5767 6750 6769 3211 2064 5096 4843 7936 1492 4082 7137 5106 5244 1923 3337 5753 3027 7460 7171 6860
3810 3246 7275 6383 7476 3215 8622 4026 3556 7139 6183 6894 7490 2376 2005 4354 4285 7824 1669 5184 6384 5509 5962 2800 3766 5980 3414 7282 6614 7318
4541 3329 8012 6151 7124 2826 7709 4821 4017 7041 6571 6214 6786 3290 2421 4345 4500 6854 2139 3904 6053 5616 5620 2418 3049 6108 2827 7001 7587 7704
3863 3876 7730 6910 7003 3035 8233 4815 3281 6094 6777 6363 7051 2411 1675 3541 4662 7647 1773 4272 6704 4662 5374 2573 3904 5138 2910 6862 6722 7583
3718 4428 7836 7184 7639 3020 8896 4390 3367 6387 6435 6034 7198 3091 1397 4414 3953 6898 1538 4389 5996 5380 5306 6595 3710 5424 3159 7827 7721 7142
4593 3444 8266 6782 7617 2615 8750 4147 3405 6395 6580 6815 7801 2075 1767 4724 3910 7289 1987 4844 6898 5529 5635 6388 3504 6065 2933 7794 6814 6828
3687 3179 7246 6901 7385 2895 7635 4903 3519 6148 6743 6531 7405 2149 2219 4144 4292 7203 2230 4281 6562 4752 5698 6416 3062 5967 2875 7443 6791 7530
4491 4323 2938 6145 7843 2969 7636 3816 3002 1604 5538 7067 6783 2464 2038 4469 4005 7828 2588 7676 6933 3824 5419 6298 3159 5665 2302 6978 7819 7085
4028 3797 3379 7076 7612 3319 8710 4291 3595 2302 5568 6972 7874 2732 2532 3596 4518 7727 1523 8542 6517 3023 5170 5395 3596 5433 3166 7968 7353 7890
4679 3773 2799 6968 6736 4560 8781 4936 2932 2128 5980 6764 7109 2147 2344 4010 4465 6831 2570 7953 6455 3552 5405 5854 3211 5983 3358 6723 7455 7696
4535 4302 3341 5976 7385 4578 8051 4447 3843 2149 6346 5941 7919 2748 1409 3541 4158 7487 2202 8445 6199 2858 6119 5838 2789 6382 3200 7894 7551 7171
4366 3566 3406 6924 7966 5581 8528 3961 2793 2307 6203 6142 7273 3106 2311 3512 4399 7126 2471 7934 6280 2680 5296 5780 3194 6029 2938 7850 7546 6772
4258 3410 2222 6227 7178 5716 7923 4038 3365 2158 6608 6743 7338 6894 1644 4782 3924 6752 1829 8304 7008 3543 5320 6487 3417 5848 2246 7818 7449 6850
3806 3632 2489 7122 7888 5805 8755 4405 4002 1790 6788 7255 7872 6642 1640 3789 3859 7165 1904 7973 6824 3639 6151 5894 3323 6265 1787 7248 6997 7482
4375 4173 2333 7133 7306 5780 8755 3770 3636 2526 7121 7077 7504 7029 2600 3980 4674 7512 2637 8640 6316 3665 5726 6087 3498 5397 2505 7359 7382 6719
12 12 20 14 21066 0.9815014568661132
26 2 6 29 107760 1.032123452508105
3 19 0 2 58621 1.0537939419360072
14 10 22 14 23159 0.9925086929576915
22 16 13 20 31043 0.996687811430219
9 17 17 11 46162 0.9020501097192054
0 24 25 8 93176 0.9803378349263386
0 19 21 14 64927 0.9925610593013511
26 0 29 14 47777 1.0793448036137998
17 9 4 1 56515 0.9392156324204529
16 25 18 5 56872 0.9435201954816531
8 15 21 5 49511 1.0065295384250512
29 20 15 0 79638 0.9244154890799907
3 22 5 0 62616 0.9837593623602467
21 2 0 5 67570 1.067579094411105
24 1 5 10 75848 1.0958980136221008
3 19 11 23 38990 0.9537340618176682
14 29 11 9 49135 0.9943645649715671
18 29 13 17 52733 0.9447027958263025
26 19 17 15 34440 1.0460705319642245
13 29 6 22 39154 1.0784545950355995
22 21 6 18 62437 0.9372439312262323
6 9 17 24 62727 0.9600040138123009
5 26 19 3 83386 0.9800116594724638
11 27 23 9 60321 1.0230395196797804
9 14 5 3 30056 1.0288466788362833
12 29 29 9 79912 1.0721371683125809
0 16 21 3 78429 1.0598559561793814
15 14 18 26 35205 0.9311654307981333
11 10 18 16 35952 1.0828887498254243
15 0 3 0 47726 1.0007133860791682
2 17 2 0 53610 0.992903893042034
16 2 4 11 58524 0.991918673552495
1 15 27 20 77679 1.0874030488001056
17 13 25 29 48794 0.9157043926635994
12 26 25 29 43330 0.9883198121928743
20 26 17 9 44747 0.9392225366722206
6 18 20 15 44631 1.0417066348251454
5 0 2 25 75528 1.038660355508021
22 15 1 22 71520 0.9812517281338057
6 5 2 26 71072 1.0541082548397602
2 22 11 7 64842 0.9646435604268493
17 15 27 15 30209 1.0366962523868597
17 7 15 22 45614 1.0974393191773584
12 5 24 11 53094 0.9952393212293416
0 2 13 15 59681 1.010666895184346
7 29 0 24 43682 1.0719701317412476
28 0 7 17 99652 1.0490813611586922
18 21 18 2 56024 1.0206749430125204
10 15 23 11 49172 1.0538780691681928
18 28 3 26 56376 0.9123387027417672
2 20 11 17 47114 0.9813337563177054
14 18 29 21 42764 0.9510103436690384
18 19 19 29 33015 0.9256667479756736
15 25 24 5 63655 0.9114875304451537
20 6 2 22 74339 0.920761571826706
12 8 25 25 63731 1.0517962485442671
5 6 13 24 57356 1.0132475944135386
7 2 28 3 86036 0.9816822895894205
29 4 10 14 79128 1.0394366116930893
4 16 17 11 51372 0.9034483824900345
6 2 12 7 33399 0.9846612009188216
3 22 28 26 78059 1.055591124092844
0 25 20 17 68963 0.9092341059525759
10 23 18 18 24439 1.0832388610307595
7 11 4 3 29541 0.9024108580179656
14 4 22 29 72979 0.9778339344789929
21 17 28 28 54247 0.9691030625234768
14 28 1 12 60323 1.0194741459213956
16 0 25 20 63705 0.9972573690276765
29 25 1 27 87988 0.9005173968842423
16 22 6 24 32854 0.9573452270283113
24 22 8 27 61185 1.0776801758553607
19 16 4 4 59815 0.9206341138153549
13 9 2 28 79349 1.0594039343419515
0 6 17 12 68345 1.0652617217734213
8 20 15 7 59817 0.976486509599982
23 1 22 26 59783 1.0409676367358354
8 6 26 4 65379 1.0031656521396601
29 24 16 23 47128 1.0219984640130957
1 20 20 17 64885 0.9925400126080892
2 25 18 14 63741 0.9032738511652548
28 14 11 24 50253 0.9406129628980147
20 12 28 17 32280 0.9361627307460404
23 7 24 17 42320 1.0036946874755097
0 14 22 26 70625 1.0325605540235443
23 16 0 26 80289 1.0281871942580887
7 19 9 9 56639 1.036322224934732
14 25 29 1 84452 0.9741922482170702
10 1 13 18 57098 1.064338896576384
15 21 5 6 53454 1.0308044855051213
6 0 15 25 76488 1.025711308449044
27 18 1 18 74200 0.9208424328718471
11 22 5 9 44302 1.0729804965752978
28 20 12 9 63225 1.098453436244088
1 1 20 23 83578 0.9175698657136929
28 16 3 5 81478 1.0562111659726123
17 24 1 13 58902 0.9645997311299065
8 27 22 10 69956 1.000376477980397
1 27 14 29 46025 1.0597362618351047
29 12 21 15 32497 0.9613016983584635
22 22 14 15 33576 1.0869649083334254
1 21 26 17 81060 0.9212958559296808
10 20 18 18 29432 1.0699880696138186
23 29 2 17 93468 1.0844694780107136
9 17 13 4 55069 0.9827774461749438
20 29 11 17 47201 1.070032652462486
9 6 16 29 84165 1.0736078388791246
16 15 5 8 37981 0.9427973324623788
16 29 6 28 48128 1.0997695657197002
14 2 23 20 66267 0.9729588608383961
9 12 25 5 69465 1.077337859396921
1 14 24 10 64247 1.0592200245616696
5 21 27 6 94600 1.0079117929276462
27 12 29 2 42698 0.9072479030082629
13 14 4 2 41417 1.0542165600433073
15 27 24 12 53160 1.0692704463674243
27 11 15 16 46590 0.9921457052975954
26 29 9 12 81659 1.0290704530192385
7 19 0 27 48461 0.9659412609351787
16 24 11 17 33356 0.9270990348958655
12 22 20 9 42688 1.0857936256491718
0 27 29 26 85627 1.0336184059157574
21 1 7 3 55551 0.9174191469335735
21 7 27 2 36811 1.0373154224388104
21 13 4 18 55112 1.0284078927116886
18 16 29 17 35256 1.0820274209364058
3 26 25 11 82412 0.9534612512540303
4 15 21 21 54387 0.9477810121529994
5 25 9 2 83970 0.9740078005246493
1 7 27 5 90875 1.0648149767207278
13 24 28 6 74907 0.9904205924470413
11 9 19 23 51918 1.0811380073630414
24 25 15 22 40931 1.0451643086559796
12 23 2 1 74467 0.9633281534795091
7 19 17 25 49120 0.9434566830955736
16 6 27 26 68797 1.0330873635372568
5 18 20 17 49550 0.9690684938711088
26 24 27 1 72854 1.0832883095258437
6 23 24 20 52260 0.916612460179798
8 14 27 16 50291 1.042462708390913
18 8 28 2 44702 1.0175342810715997
25 24 10 3 81624 0.904365157074614
20 1 18 10 29661 1.0566505391662324
16 1 23 11 53973 1.0044942736027742
3 1 18 12 71685 0.9009566917663484
26 15 9 5 62582 1.0151380574940592
14 2 3 16 58370 1.05285871364708
20 19 15 24 25154 0.9118537132630965
18 8 5 21 70489 1.0932334894782703
20 2 0 6 65297 0.9423782053699572
27 0 8 22 97009 1.0305103629776557
21 0 13 14 42285 1.0347332551740527
19 19 16 2 48689 1.0000723830414242
24 17 21 5 36918 1.014216033282938
0 14 18 17 57874 1.04897730129751
28 7 14 23 63993 1.0264268629307571
8 28 1 3 92152 1.0453583554554025
26 5 19 26 59015 0.9364700293889474
9 16 16 22 41349 0.9418522632006641
13 18 6 1 60974 1.082686554120606
9 27 27 18 56798 0.9109066937200793
15 21 24 1 65176 1.0411336555390946
7 23 24 3 80019 0.9608078242458662
15 0 20 19 52801 0.9284233264399657
29 18 4 8 72517 1.096830949407104
3 5 14 27 66601 1.0207815536314246
18 21 1 25 65700 1.0112845395416303
19 5 10 2 38564 1.0285374142624737
18 4 17 20 49733 1.011953265867238
8 17 11 26 40726 0.977208883594381
16 9 23 14 28968 1.0456111642114876
8 3 17 27 79534 1.0265820673156418
3 6 29 13 78953 1.0646574661528045
12 19 0 19 53549 1.0783291981775653
10 25 20 8 49607 1.0356412811095026
14 24 4 26 31985 0.9142582268771267
20 4 12 16 38653 0.9950827541114199
13 24 26 5 66781 0.9803327012606462
8 19 9 0 73332 0.9945070775469944
12 21 18 15 33114 0.9881909171036242
0 27 7 3 88555 1.0901761883194991
21 8 10 26 55118 1.0953060499925658
10 2 29 12 81334 1.0508036335072142
17 13 2 5 56595 0.9237714634734796
2 26 6 7 69399 0.9849808777749045
3 18 18 18 50196 1.0682075124883215
4 4 18 10 61013 1.0737114168259323
10 1 21 29 85747 1.0284503950694577
18 11 24 18 33473 1.0940996973450021
24 26 10 9 69505 0.9154106318434599
15 6 2 19 66320 1.0005053617013968
11 2 6 13 42397 1.0617590503766663
1 6 19 19 75559 0.9328506080061469
23 16 3 7 69210 0.9133735836534183
28 6 17 9 51128 1.0874111012058925
19 6 2 27 89547 1.0229461092147039
26 11 24 29 53325 0.9069531956463464
29 13 16 3 56419 1.0646430026192584
27 17 8 17 68116 0.9749057363041779
14 14 0 21 59643 1.0541265751687459
1 20 12 6 65338 1.0512836505457561
17 7 1 11 63163 0.9730207404291384
24 13 1 14 49888 0.9964961695590036
12 29 26 17 60316 1.0464056717825554
2 5 19 0 65030 1.0213259290243337
25 28 26 18 22786 1.0296971850222414
29 16 6 28 83708 0.9280629051454102
3 29 24 3 112966 0.9326646085668125
4 3 25 16 71402 1.0976300273932431
10 7 12 24 55007 0.9190511980930793
26 24 9 24 57063 0.9417926810019739
22 28 16 22 45093 1.0349712227583407
23 2 22 29 73099 1.0707013863442154
21 4 27 23 63408 1.0218043256883425
7 25 25 18 59115 1.095936131400854
1 12 9 4 48314 0.9236963099099668
0 4 5 19 53517 1.0302716124888565
8 12 15 6 43874 0.9667090973359781
9 17 18 14 35092 1.0959387187416902
3 4 26 21 85016 1.0215809058170238
19 11 5 28 75426 0.9289275947309369
29 19 5 27 77247 1.0034644381766546
2 3 22 11 78659 0.9448692463460161
29 17 4 5 81700 1.0522976774491444
10 0 22 27 90249 0.9415340375944595
13 5 29 15 56086 0.993792633103756
2 12 26 6 77036 1.0308658067477454
27 2 8 21 94422 1.0449638075095558
27 19 16 6 57705 0.9383598586476436
9 15 5 5 33680 1.0622361574091888
27 4 8 17 89356 1.01683121002789
0 25 2 14 50444 0.9613635232044935
12 3 29 14 60472 0.9729345554694324
15 13 5 7 38457 1.045572220740482
4 21 14 13 52458 0.9205386481436031
4 9 19 1 65412 1.020845640171306
19 8 9 23 50284 0.9464768762221114
20 13 9 12 35952 1.075912967760214
6 26 27 15 74231 1.0635203826799065
22 22 0 19 86159 1.0880234349022615
23 27 14 28 37746 1.003024723342505
28 16 14 9 48802 1.057198821354771
18 21 22 7 41982 1.0753043179005155
1 1 17 29 102713 0.922626371017287
15 27 26 20 51026 0.9194161998506666
13 6 7 18 63171 0.9706257527166053
23 20 7 11 63071 0.9883369746066996
4 16 28 23 88399 0.9662174491246955
3 21 19 5 77843 0.9387883296188847
22 5 17 25 54238 0.9796086431782107
13 6 13 27 51477 0.9953308379581319
19 18 5 1 63400 1.0263308645401719
2 18 0 5 46148 1.022088188700936
12 1 4 16 61767 0.9498193685256868
6 9 10 0 43094 1.0650373753275753
24 28 17 15 46303 1.0841608308309867
5 24 15 13 47694 1.0112591503180572
29 23 25 10 54991 1.064626896948078
3 12 28 12 65922 1.0352797961440947
24 16 29 21 29523 1.0928133063047007
24 1 27 26 78326 0.9801055890170987
21 26 0 7 84892 1.027403941635105
1 28 17 18 65013 0.9683179273615627
8 5 16 27 70680 0.9556905330141204
13 9 17 27 52970 0.9681050944112546
15 21 3 21 45366 1.036034404559847
12 23 27 5 71100 1.0350789032331145
8 11 28 21 74675 1.0151541334061245
18 1 0 29 115080 0.9336903349979204
3 22 17 29 59945 1.0150654996601844
15 21 11 29 35517 1.0169995420771665
23 5 11 24 59632 0.9236573314053609
25 3 4 10 83468 1.0376660004916927
14 6 5 7 31266 0.9366313453927103
13 0 2 22 89146 1.0599739894640043
11 25 24 9 58955 1.0258714776203572
24 7 11 7 52606 0.9460036817640458
23 12 16 28 57551 0.9006940069112099
21 2 9 0 51851 1.0953560702723908
25 3 4 24 95156 0.9139996515116102
27 26 19 22 33234 1.0804671713389509
21 17 8 23 40998 0.9048609201745887
9 22 3 29 45031 1.0250817118484934
24 8 4 7 69630 1.0084612794698715
23 1 26 15 52343 1.087313614413634
3 18 27 11 75832 0.9673538492157651
10 24 10 6 61981 1.0986818929981317
17 28 2 28 58765 1.0014898742511347
8 3 14 8 30841 0.9490345101758044
18 21 22 3 52498 0.9762682853954909
21 8 29 28 65328 1.0684315190009206
7 14 13 27 41749 1.0174108359282512
23 0 25 14 47416 0.9331341598995164
27 12 15 20 49357 1.0066033539485155
15 22 19 3 55270 1.0549811814752947
21 11 1 29 91082 0.9519149822579454
28 26 4 5 92182 1.0279289004320975
18 1 22 8 27824 1.0639688480233254
14 15 20 8 23760 1.0068038280687157
3 26 4 17 41876 1.080931521336791
3 2 25 9 76405 0.9207045800589782
21 14 3 15 39371 0.9832473973681952
19 26 6 22 44209 0.9609284831496514
3 23 24 3 91494 0.9010295744048249
0 20 10 14 43252 1.0763415113944395
4 1 18 25 83962 0.9712924217677446
23 3 23 18 50852 0.917909267035994
18 0 0 28 114558 1.0420367307803204
20 20 28 16 30185 0.9221442046510641
6 6 29 23 101338 1.0083381234670585
0 13 27 16 70603 1.0305381211480251
14 26 3 4 68110 0.9823547264145184
12 18 5 11 28867 0.9146959329682152
4 11 13 22 51204 1.0400492405425004
22 16 27 10 38413 1.0624209513261211
20 20 9 18 43310 1.0603631959181354
26 21 18 26 33065 0.979101388833199
28 22 1 20 96521 1.0237954075927442
23 7 3 9 73503 1.0653997077359048
11 26 19 13 42283 0.9627587502977115
4 25 16 8 71771 0.9435990780431347
15 6 26 14 47740 0.9282772670857876
6 21 17 13 52432 0.9054220084346122
24 29 21 13 42381 1.0207891709109767
25 14 27 26 34846 0.9369728998609959
12 22 27 2 79708 0.9011039881781516
2 4 16 10 55045 1.081118490696623
7 24 2 0 77669 1.0689422718236976
26 21 1 2 94622 1.0304631555349453
3 15 19 13 40368 0.9954329279256341
14 2 3 0 45824 1.0135532230565216
2 11 22 25 74998 1.0770429617297803
17 4 15 17 44663 0.9191265192909887
19 14 14 7 24118 1.085725187025721
24 29 20 16 35384 1.0240993963184857
16 7 23 28 69388 1.0580302502789023
16 17 29 29 59436 0.9677136649324133
4 28 14 28 40307 1.099890813482464
25 21 16 28 46899 1.0491932624694609
29 20 13 22 50691 1.0754749994040584
8 10 23 21 67199 0.9407972281050379
1 6 13 22 72074 0.9197129706394942
29 29 3 11 98821 0.9363513687613185
27 23 2 26 84139 0.9402628098583603
19 29 7 6 85644 1.0852599028948444
26 15 5 11 53420 1.0028089111274452
5 6 6 16 26020 0.946140897339155
2 26 29 13 88020 0.9700016656854609
2 2 23 12 77673 0.9176050492045493
10 1 23 20 79142 0.9729952803616517
1 6 28 16 90459 1.0993842974424932
1 5 19 19 72203 1.0340347727082695
5 4 17 21 66150 0.9783445397766937
26 1 1 24 109312 1.0773860923950456
6 9 16 29 77814 0.9448686631748828
3 29 29 27 90399 1.071017632410491
23 10 9 13 51682 0.988945256981033
18 23 22 14 31126 1.0192273334670858
22 29 16 0 80560 1.051938250430439
12 27 20 25 27117 0.9822760655086448
6 0 25 5 76078 0.9284063195552968
9 25 16 13 44179 0.90821337789179
4 12 15 26 55150 1.0359595774243529
13 27 3 0 77781 0.9484493017580949
3 2 16 5 42694 1.0365846349617696
24 4 11 1 54785 1.0165969862549602
2 17 12 22 55002 1.0232988720273328
11 19 0 13 39967 0.945060924562892
14 0 21 8 42680 0.9176362043243587
27 2 6 11 84479 0.995848403127994
22 20 15 16 33279 0.9480749760345524
8 27 26 27 60551 1.0126344635944426
17 14 14 21 19361 1.0405283550765887
14 23 3 19 45489 1.068522553980032
17 24 8 14 40988 0.9344109221805317
15 26 1 9 69126 1.0456270293875145
5 6 18 16 53863 1.0373102237177536
14 29 10 13 41224 1.0706240568177579
15 23 25 18 31551 1.0974953051956526
29 29 8 18 95240 0.9728619566490814
4 1 12 6 31633 1.0600440682982628
18 4 9 8 42120 0.9612972376056499
18 27 14 3 67829 0.9845865733617734
2 14 13 23 44212 0.9741954976053658
20 22 4 16 55800 0.9870350197028842
3 16 13 17 37793 0.9467501674351577
24 24 10 2 82855 0.9266120972513345
18 9 26 27 63350 0.9250236714540307
2 1 28 14 81451 0.9593166447907
2 0 4 24 76800 0.9912853778397338
15 13 24 10 37094 1.015632116975465
16 21 0 25 63076 1.0670806840703864
21 25 1 10 75707 0.9413594080008832
22 27 18 11 50983 1.0385272902264546
10 19 29 8 73405 1.004431857662558
26 7 4 13 64892 1.0138107496319686
9 26 24 20 52264 0.9553748046852708
2 5 13 22 66439 1.0740767302374692
4 19 9 24 34961 1.0518344854193242
5 23 24 12 63246 0.9442339340020831
3 29 25 23 82723 0.9870541882883482
28 15 21 21 37174 1.0246294319287668
10 21 5 16 36527 1.0013712134937882
14 7 9 26 50521 0.9208895064158849
24 28 19 2 66762 1.0458917286716254
20 9 7 21 62277 1.0027019935748376
18 27 13 12 52405 1.0322120105432808
20 14 0 22 68874 0.9973119330645098
21 21 11 4 57145 0.9992066332060863
28 2 12 26 83642 0.9433833585127033
24 13 8 11 50227 0.951698026728208
17 14 25 2 44680 1.0368169230014155
17 10 20 18 27590 0.9302658474333165
9 12 25 10 57857 0.9764549223583232
1 13 18 18 46574 1.030273406078684
29 26 23 3 82018 1.0770802877698786
29 0 14 16 76278 0.9664543616978015
25 24 13 11 53794 1.0901346342240597
17 17 19 3 42860 1.0785034126044284
22 0 5 16 69845 0.9072306780520334
29 1 7 24 103023 0.9833237976979108
22 5 5 27 82212 1.0019815406326729
17 22 1 29 65787 0.9117541088940607
1 25 9 17 57916 1.0989004509138955
28 7 12 1 70866 0.9063307654733274
9 20 29 18 58860 0.9531073140618751
3 21 15 7 66997 1.051320777329824
2 10 28 1 101696 1.0913666930687964
28 17 6 9 75702 0.9983425103209135
10 0 8 29 98553 1.00031686782684
9 19 27 23 69731 1.0193790869415482
3 17 15 8 46512 1.0670214813575625
2 27 16 22 53598 1.0322270057862424
6 25 14 22 27886 0.9433631815458312
26 7 27 20 54130 1.097183153810251
28 22 16 15 48537 0.9712814397358157
0 0 23 15 87040 0.9559797768656628
12 12 10 4 31440 1.0459100728147497
13 7 1 8 50824 1.0353642970305723
5 24 21 12 60944 0.9822693807629516
20 10 3 7 59501 0.9672618417555411
16 15 19 22 26747 0.9688647995741161
25 12 7 3 74180 1.0514439774753395
24 23 13 14 43613 0.9676573394428344
14 6 11 17 32214 1.0371093085143417
13 10 25 20 47817 0.9284715431950616
26 5 25 26 59198 1.0655814033608242
13 26 4 23 31840 1.0028023365134717
0 10 24 26 84589 1.016515009912663
22 27 15 10 57670 0.9487591407811486
21 7 9 1 54631 1.0863525168423513
20 27 8 21 49523 0.9178605092632973
3 4 28 5 87391 1.0918895719096409
9 18 3 3 57823 1.0565036579705267
12 6 14 17 30892 1.0131697252877505
17 13 4 12 40474 0.9784140968411694
4 16 18 29 82219 1.0417138820846317
13 15 11 0 47414 0.9877637897624304
10 29 28 14 65879 0.9393133303418262
9 19 14 13 32373 0.9268817535922305
26 8 13 6 52999 0.9158326871178673
15 5 18 29 69797 0.9867735807686904
20 23 6 3 69980 1.0502934076321346
7 1 22 1 56726 1.0671746909452016
25 0 5 17 87068 1.0469344691082725
0 5 24 15 73590 1.016022386372184
12 28 10 3 76436 0.977030713638804
13 13 22 20 38939 0.922377439802662
3 5 23 24 79735 0.9348198699952898
13 4 29 4 71862 1.0002641232955778
6 29 12 1 91359 1.0125351282119486
17 21 3 7 67842 1.07083988172986
9 10 29 22 82651 1.0157982011578266
13 10 14 21 26816 1.0360017186156596
29 26 27 8 63592 1.0627370095015805
10 18 0 0 73404 0.9581180166685478
12 8 22 8 34754 0.9643277372718684
19 27 24 12 44881 1.0186248168346745
17 20 20 0 44775 0.9858757521122914
18 21 12 13 38166 0.9279958732804907
11 27 24 21 51736 0.9465231733661814
13 26 7 14 40046 1.0362173988382466
21 4 8 1 54360 1.000990403567122
18 6 12 28 73710 1.0722869262040298
27 15 22 1 51615 1.0350183356723495
6 4 12 29 83249 0.9558517845089778
14 15 18 26 32097 1.0057818958894278
26 11 13 14 37077 1.0676307330949057
6 25 14 5 61447 1.0012940594065094
27 15 14 15 34386 0.9716169906959616
25 29 20 20 31230 0.956130201516009
7 17 29 13 65614 1.0708227892494686
27 24 3 29 87285 1.0459856454268193
2 13 14 11 34061 1.0374071640226954
3 19 18 13 51865 1.0843452261953617
0 1 16 8 61648 0.900515495029453
23 23 4 27 71314 0.9159935193565314
23 2 21 12 38383 0.9636165197328385
10 21 13 2 65999 0.9524705332924668
6 26 17 24 36581 1.0603853239167838
28 17 14 14 40886 1.0670410124898324
17 18 3 18 48423 1.0920085046722827
7 5 28 25 97718 1.0924432278639502
15 17 19 24 27196 1.0463310965509574
12 10 26 27 68796 1.0751515420140414
28 8 3 23 87501 0.911712863245112
3 4 18 14 53953 0.9519253170767232
16 3 0 20 84001 1.0307435259836941
28 8 29 24 66876 1.0664648459538522
23 28 29 6 85878 1.0353959720876444
25 20 28 1 64987 1.0609263599940617
23 29 28 5 89157 1.0975307066624087
20 10 10 22 44316 0.970250753782961
8 10 24 6 70584 0.9941538094027693
26 27 2 15 82150 0.9882985715890475
27 11 19 13 30824 1.0408174971861528
24 22 5 18 70780 1.0580139851795802
2 6 24 8 74760 0.9078465039560614
12 9 20 11 34331 1.060674162259805
24 28 10 25 48284 0.9573859915484207
21 25 15 7 55058 1.0438227930438126
23 25 14 15 42930 0.9516129862507654
19 14 11 6 38872 1.0236849317133916
4 26 25 21 70706 0.906642569177498
14 10 20 29 43685 0.9623354159755837
11 29 8 5 79301 0.9620732162879377
3 28 7 6 83390 1.044923435147414
28 1 10 19 89938 0.9869674235290504
29 11 24 27 57120 1.0997171253242664
25 19 22 11 39263 0.9301860491184393
8 7 29 26 91366 1.077104282995589
16 26 20 9 40126 1.0817699423029024
18 4 0 10 73833 0.9189491061957751
25 19 18 27 41315 1.0347375627834232
4 20 26 13 75715 0.9511718979666687
25 6 14 0 54015 1.0167895664705542
18 14 4 24 54094 1.0176206973204935
4 8 25 2 75640 1.0814901729725075
8 13 24 25 61245 0.9545616429998511
2 20 15 26 50720 0.9888188209545387
2 10 17 14 44084 1.079270191037365
18 16 0 29 84478 0.9322848427337684
26 15 5 7 62137 1.0803157548930247
22 9 7 7 57650 1.0415386873517147
17 1 11 24 65704 1.093477112901304
29 26 14 11 60801 0.9230993697560536
5 4 26 3 75235 1.018305984061309
12 21 0 18 64605 1.0725053198319179
21 29 15 10 56982 0.910713303695445
7 28 21 7 77791 0.9310461162269945
17 11 6 3 57443 1.072777122128762
5 5 29 25 97224 1.0493506278494664
18 12 10 26 54341 1.0460442033855237
12 7 1 6 39357 1.0184175018920394
14 26 26 18 37994 0.9124124286345572
29 23 18 17 52085 1.0288361312547962
23 22 6 16 64115 1.0142510513367071
15 13 7 1 54864 0.9815468312160227
27 3 1 12 93657 0.9953680256408695
9 6 22 2 53854 0.9761601059399438
21 19 3 9 60983 0.9541630542312813
27 14 5 12 48386 1.0752450263425732
9 11 5 23 59305 0.9799894833267968
19 1 13 19 49610 1.083099038243738
6 28 7 7 73550 0.9389014034738187
24 10 14 26 55982 0.9304561307327895
22 0 7 24 80109 1.0043915551411382
21 3 4 28 94378 0.9732055100170841
17 0 7 18 82222 1.0880826268813046
11 10 23 4 56362 0.92065576750265
16 2 10 21 64099 1.032200314654182
21 13 13 20 29743 1.0267428309493314
29 21 25 28 26316 1.0049872418159427
6 10 15 21 48573 0.9559296267289358
27 1 8 6 70895 0.9692930634993526
16 11 5 23 51951 0.9749645275268536
18 14 25 8 29741 1.0543444093593257
10 22 0 2 76012 0.9721691862288223
0 10 4 29 77788 0.9561214549044843
2 24 23 0 96722 1.0442537244681742
1 2 14 12 58897 0.930804225669421
5 23 15 4 65561 1.052724251676472
8 5 29 12 74868 1.0904325590352955
26 11 9 28 76640 0.9441763974773781
3 10 11 16 32523 1.0766761797946478
3 7 24 5 68870 0.9674023397037717
26 16 1 7 84148 1.0296152442837823
17 17 4 8 52260 0.9570032176237491
16 16 8 7 45174 1.093948121680273
7 6 28 15 75721 1.0668660754740718
1 22 9 6 78980 0.936683824384031
12 18 19 3 52153 1.0647316325419414
26 20 8 18 67787 1.094611424848819
28 11 2 10 80087 1.0472896486674521
5 23 12 28 37778 0.9430667803773167
18 13 17 4 32231 1.0667727205047703
3 23 25 9 76038 1.073754360065528
21 27 2 4 88369 1.0690777016766242
14 12 4 0 51141 0.9860475036973998
27 5 20 2 35033 0.9709989033739235
0 7 16 3 57350 1.075794135111794
14 4 25 2 44454 1.034422959887451
0 6 28 24 105813 1.012368436652794
10 6 19 1 46861 0.9425884518911322
23 25 7 23 56082 0.9018695800662028
15 4 1 8 54622 1.0578285069148052
28 3 20 16 57285 0.9350669467631871
18 25 2 25 57139 1.0357103691610234
29 7 15 4 59634 0.9713268776827761
3 13 20 2 59017 1.0630462851187448
21 14 23 4 34977 0.9153184079358514
7 26 29 2 100732 1.0979253875001986
22 18 12 8 42699 0.9530461699881528
18 15 25 20 30177 0.9838044632804557
10 11 24 11 54037 0.9179128312481565
23 26 14 8 51684 0.995885975067357
9 10 15 23 47154 0.9989655775934139
1 8 28 4 105269 0.9646569021260247
16 6 25 17 49456 1.064538842487418
26 22 12 28 60420 1.0690413747413585
1 17 23 17 69507 0.9184629639015417
22 16 10 12 42749 0.9419675553737615
29 6 18 21 68703 1.064733219396837
23 9 8 21 67456 0.94321872507951
9 18 2 6 61337 0.9768475976539398
6 13 20 4 50315 1.0262472741664685
23 1 2 2 75852 0.9918010568128985
0 17 5 2 48048 1.0626937939233958
23 7 7 3 62969 0.9211822194326348
0 24 24 25 80032 0.923492973638748
4 18 27 4 98624 1.066270720721352
15 17 2 28 61043 0.916180361047476
0 13 15 24 55206 1.0605610442536326
15 5 24 21 54122 0.9749121184230058
23 19 15 7 50300 0.9061669625856608
9 7 16 23 54981 0.952223142157996
22 8 27 2 32163 1.0484825409133836
22 22 2 2 86027 0.9550691954842199
0 5 5 20 53818 0.9908720724145489
1 14 19 5 58203 1.000986690889461
2 2 29 22 105094 0.934494510695897
23 17 28 2 59375 0.962139562881837
23 27 17 9 60232 1.0149696102779937
27 18 14 2 62552 1.0799510742578005
21 26 3 2 82062 0.9543352548461902
21 17 8 17 53730 1.0815398955470243
6 25 26 19 62718 0.9910370541018533
23 20 7 5 75709 0.9486483451586418
15 11 0 18 60405 1.0654876008536007
19 19 14 7 38558 1.0900642471213735
15 6 17 20 45642 1.0046925424305087
10 12 11 23 38290 0.9350066640529087
24 18 10 5 57124 1.0303547275802347
13 13 0 28 78042 0.9456364651849358
26 22 10 0 89869 0.9364994351161591
3 8 21 4 64433 1.0395210230737146
8 27 12 17 45114 1.0197351498274099
12 18 24 15 37156 0.962820198128241
8 5 0 19 59234 0.9920444361679741
26 12 17 13 26213 1.0981830828772725
5 5 20 11 53451 1.0298277043669413
22 24 18 8 39034 1.0353604414623858
25 22 19 5 46273 1.0157421972288323
29 2 7 27 104767 1.0891943927071273
29 3 26 10 33495 0.9167917719264951
20 18 17 7 30176 1.0666757221687666
17 3 19 12 36903 1.0549723031526574
14 9 9 20 43911 0.9686168180787811
22 25 6 5 80405 0.9547369290164602
21 16 2 9 60658 1.010438605695713
16 15 0 15 43500 0.9869368050384175
8 13 0 1 46750 0.9171057037386184
25 22 28 6 60038 1.0063938616175094
2 11 23 22 74409 1.0709355936581908
29 18 20 8 36562 0.9749881969530299
4 9 19 24 66397 1.0992208160501291
21 29 23 14 39102 0.9894683724457667
0 7 23 23 94164 1.0213281910328265
11 20 29 9 66972 1.0211448132040266
24 28 2 25 72924 1.0036367174841063
13 7 29 23 77766 0.9934999555557832
4 28 18 26 50856 0.9815685446807242
23 14 12 23 35939 1.0013055205984094
28 25 6 21 80197 0.9154119628005155
17 11 4 1 62080 0.9965576199230546
5 20 23 0 89272 1.0185884418325832
26 8 8 4 63725 1.0352850949890013
15 5 4 29 84994 1.0801573309638046
12 13 8 27 49215 0.9801895649268293
9 19 21 12 51495 0.9709202664723305
2 7 8 24 72430 0.9940767456633595
25 12 1 16 62703 1.0955422331778213
20 16 1 9 58813 0.97460460861676
21 24 12 25 36706 0.921449269774285
20 16 29 24 40573 0.913104776225343
23 27 14 23 39650 1.0948693905108031
24 0 0 6 85102 0.9778019048705463
27 29 13 4 93960 1.0425978927022268
12 4 28 26 80076 0.9305900144761412
13 27 6 6 69312 0.9892074044571437
21 15 5 28 66118 1.0315597191568764
26 2 2 5 79016 1.051958883935172
26 17 12 19 39604 0.9187075367874032
10 24 25 26 48323 1.0309660709271402
8 5 8 22 68425 1.0181749111098346
15 3 10 25 61597 1.0804756062161511
8 7 27 2 69947 0.9846935361445804
14 8 1 6 46879 0.959124883659173
17 29 12 8 64322 0.9115045284888363
27 5 22 20 64429 0.9248075878878138
28 9 0 2 92080 1.0343677499521624
27 4 8 7 75281 0.9675898351138461
16 11 19 1 37343 1.0420630619051066
14 19 20 25 24013 0.9884487541379144
24 8 14 29 60564 1.0398207435260522
23 15 10 29 60447 0.9631593434749001
3 24 14 10 56844 1.0653313644677376
12 2 25 14 55072 1.0795090591653407
17 28 24 6 70303 0.967180279493028
28 22 18 3 73862 1.0059750217481398
28 22 0 13 84477 1.0327956000788256
23 28 28 18 38976 0.9046582984866438
10 27 16 0 75337 0.904190229519096
29 27 18 12 62760 1.0109125730657862
27 14 1 5 74027 1.015971867186368
18 6 4 3 50317 1.0719817658160051
3 10 14 18 42743 0.9515496373848552
5 20 6 3 48244 1.0561716304491358
6 13 29 17 63055 1.0647845900432553
10 6 3 27 91156 1.0295682188612085
6 19 10 27 34150 0.9767389881679679
28 15 20 2 43436 1.0027095616293404
23 15 29 4 59680 1.0791242307542828
8 6 18 13 48341 0.9693168998244561
28 2 11 19 80327 0.9019914585376809
9 11 12 18 33226 0.9738187252098297
25 27 0 14 81635 1.0918551956568596
25 7 13 26 63663 1.0242314282542415
7 16 10 29 55894 0.9314845640831017
14 12 3 20 46405 0.9649108357713991
24 0 0 18 101152 0.901935195962006
3 8 27 24 88779 0.9203822550553254
4 21 19 10 72496 1.0795505847727913
9 2 0 28 110500 0.9872393478930601
29 9 3 5 79752 1.0625025272848456
22 19 10 23 38544 0.9554960703839089
7 17 14 1 64431 1.045169400359762
20 21 29 15 34084 1.044340590261529
26 13 18 6 42258 0.9521017366573414
5 4 5 20 43146 0.9688976657303086
15 22 24 25 40931 1.0780433002507894
5 26 24 10 81459 1.0654890032430167
8 25 12 1 76947 0.9147243044009654
9 22 26 13 59370 0.9344478821267125
27 5 19 24 61467 1.0297692138807217
29 10 21 16 44191 0.9151945768768429
7 0 13 5 34854 0.9633555876039271
10 4 13 15 43428 0.9919498809638612
14 10 8 3 35432 0.9861803800053762
19 7 12 0 43956 1.0745993454522158
8 20 9 0 79155 1.0248787637718864
21 26 10 19 46656 1.0286334861785762
23 28 27 6 79729 1.0915517642864208
25 24 12 27 44309 1.079554796328791
8 4 1 7 29567 0.9615879904028265
8 17 3 2 49925 1.0421926019014816
21 0 2 2 69449 0.953423357317254
12 5 0 5 33166 1.038574369940685
2 20 19 4 82222 1.0913232082876458
0 20 20 5 80543 1.0278281543676238
11 10 22 6 52350 1.0516454671331459
13 14 21 16 21929 0.9901462237590001
13 5 0 15 57946 0.9125058935880181
14 5 25 28 68459 0.9312553962567037
28 26 12 4 80076 1.0053284628144357
4 8 24 0 77352 0.9808994903642225
19 19 24 7 40406 1.0181230433676909
17 6 4 21 80202 0.9105970112902605
3 13 20 7 48889 1.0489080665825758
25 1 4 16 86299 0.9424645212123405
19 27 16 20 41074 0.9779732000184116
5 28 13 17 56262 1.0404842696531236
15 10 4 20 61239 0.9282069693241567
10 4 1 27 95888 0.9138764914056453
3 27 17 28 53364 0.9089764616913962
5 14 23 20 55832 1.0057656103623733
2 3 23 19 79513 1.0238228642217566
14 15 28 2 61690 0.9132990774376863
12 21 24 25 50103 1.0975154623613228
3 24 16 23 37567 1.0103330136003448
16 10 7 14 31505 0.9422668759922251
8 16 1 7 49803 0.9040906621964938
2 16 18 3 74096 1.0690070661884916
11 3 25 28 81865 1.0864487559526987
6 19 15 15 41914 1.0274122418792995
1 15 21 17 54597 0.9937635410443973
0 0 29 25 122833 0.9414317538947897
20 7 23 23 43615 1.0539300352032273
13 20 23 6 57523 1.0697512095049004
28 5 2 21 108743 0.9971357310435984
25 29 10 27 52098 0.9704491989243671
14 1 27 28 97390 0.9855151835936848
14 22 0 3 68531 0.9844672632875938
11 9 4 20 53888 0.9039697380172927
10 22 22 28 54194 0.9039197640794912
23 9 27 21 47398 0.9608127037595066
16 28 25 26 37507 1.0769974647064349
19 11 2 5 69199 1.0936116280880137
14 12 5 0 51461 0.9192350938175693
0 1 11 1 40787 1.056468036267146
13 3 5 27 83114 1.0175694437330123
14 25 1 26 39407 0.9202444333515608
25 2 4 25 101761 1.0977952896022174
18 9 10 24 58772 0.9997503485424054
21 28 5 15 63213 0.925659116478376
18 19 7 26 46614 0.9369950739223843
28 6 2 3 94966 1.0283081709220883
24 29 8 0 103174 0.9649740985620265
21 1 10 2 47680 0.9057184306057461
8 2 1 6 31392 1.0698024268425859
17 18 5 22 38706 1.0790702817295452
7 0 18 4 56491 0.9619383804220676
4 22 19 24 51645 1.045709212161359
14 3 20 12 37971 1.0301713226305858
20 10 10 26 48384 0.9846407100489858
27 8 7 8 67772 0.9717024294194886
5 16 26 26 74548 1.0165969509639352
27 29 29 11 70125 1.0972346056463371
22 10 15 7 36183 1.025723492977217
27 15 11 19 53023 0.9253982224530276
20 19 8 8 51151 1.0655969959264808
10 12 20 24 46758 1.0236466046117743
20 22 10 9 50290 0.9872550616014111
22 15 15 20 31127 1.092014261332476
12 13 25 6 51720 1.0683932148568218
22 8 1 12 61888 1.0541689556259062
8 2 1 18 58047 1.0021023092344488
21 7 9 8 44319 0.9999379222193474
29 28 19 1 78684 1.0736041564453396
22 17 1 13 60247 0.9964038374448688
2 7 17 19 65358 1.0981162587880722
2 2 21 6 63808 0.9927862564021034
19 3 7 15 60627 0.9829390817055065
9 13 16 16 24915 0.9284351773267826
9 27 18 23 32584 1.000404817900349
3 13 5 28 57096 1.0770618907377822
26 9 26 23 48019 0.9818566792220749
3 7 25 11 72635 0.9454126380247546
20 28 25 4 60473 1.0800780265043208
18 13 18 24 29534 1.048735126421139
18 25 3 5 80535 0.9091301653227621
18 4 28 22 69385 1.0090696515799926
20 21 4 26 55527 1.0170630522148778
25 22 4 11 69341 0.9578047778857073
11 23 13 12 33169 0.9632863940208679
28 7 16 6 49769 1.0979914563152697
25 5 16 2 38004 0.9055954711129474
7 10 27 26 81741 1.087286206428031
20 27 7 3 79229 1.0989807911118774
18 3 1 29 112750 0.905638000573524
15 9 25 6 45900 0.9782345872426985
4 21 2 6 59002 0.9362852248079075
5 3 21 7 57466 1.0295396556193532
9 17 29 1 94016 1.0055318808114222
6 21 11 16 36147 1.090539198752862
8 14 21 19 36516 1.0668475739772196
26 27 7 15 75827 1.0777624916660935
1 11 17 9 63261 0.9968644368331262
5 27 11 13 57590 1.0643718571468095
8 12 27 1 83647 0.9219765787261079
12 9 16 23 39019 1.0591391341894292
24 20 14 20 27717 0.9749422000716338
4 8 29 8 82223 0.9299582327105129
29 15 2 25 87594 0.9619411557800386
1 19 23 4 90954 1.028421673439686
26 26 12 13 55899 0.9198203407777638
11 17 15 4 41961 1.065926463494903
6 16 19 8 48927 1.018833848109203
27 4 14 14 58131 0.9631749048797968
19 10 12 18 38627 1.069816188925313
15 21 27 2 72114 0.904052379789229
9 17 15 13 32161 0.9108479255307103
12 20 1 14 44657 0.9611750399206491
12 15 0 6 51120 0.9215484578152172
1 29 12 23 50809 0.9647953819620312
6 4 27 4 78462 0.9587535054027594
22 25 14 21 37589 1.0384049810484057
12 12 24 20 41857 0.9650006266948461
21 20 20 3 35683 1.0631866964494225
17 11 11 18 36948 0.9753750744520868
17 5 16 27 62578 1.0876851662711389
13 11 24 27 57377 0.9967970105265969
1 1 9 20 77912 1.0905914127579517
23 28 17 15 52254 1.079513432389978
24 11 4 4 72605 0.9000596704659747
6 16 24 17 53184 0.9042836733631686
0 7 25 10 85215 1.000430449462822
25 7 4 3 72913 1.0459095411557313
13 28 25 9 61414 1.006008832047234
9 19 1 23 38653 0.9256120221516164
21 14 24 1 40750 1.0263296539492872
6 18 24 17 60817 1.0184202431806493
16 9 10 24 47861 1.0738631103494276
27 1 0 19 111849 1.0700954087507086
28 17 18 0 62536 1.096003939187531
26 2 10 24 80788 1.0283723014143837
19 20 7 16 52830 1.0366005753563712
5 1 14 11 48380 0.955719868134697
18 1 9 12 64708 0.9487805288422142
24 16 8 12 48951 1.035804270982632
12 23 18 11 46080 0.960561683979964
29 27 3 25 82800 0.9460862590152721
14 15 4 10 34503 0.9775726287357658
21 1 5 6 54986 0.9524975074438264
25 7 29 26 63261 1.0240369574648205
27 4 0 3 94742 0.9255939351763014
1 23 23 5 84032 0.9585711534754853
4 25 21 5 81148 0.9776902504997261
29 25 5 0 108193 1.0202991507008137
1 22 11 24 35339 1.0324355524385438
28 21 6 10 77006 1.0322100194152957
15 7 29 9 45378 0.9049830751256877
12 10 16 20 38094 1.0632138772831623
26 21 3 3 84941 0.973305853143146
23 17 29 25 43191 1.053942053867408
8 23 24 1 77363 0.9042670213635087
27 4 6 12 82662 0.9737127796256528
7 7 14 27 63681 0.9222260844872359
13 20 17 6 47552 0.9200801591469622
23 8 8 1 64772 1.0997916797002312
3 0 15 10 57038 0.9525846599264659
0 0 25 25 106357 1.0917232329395345
1 20 25 25 84828 0.9886934541751333
23 16 1 23 67624 0.9274797699703462
4 29 4 15 59873 1.0754920506782977
28 8 23 2 33691 1.0070184512996045
0 14 22 25 74810 0.9553382910174483
26 17 17 26 40815 1.089759488647781
13 26 20 21 29782 1.0500732553266678
15 22 2 5 65605 1.0558990677859
8 13 19 2 59320 1.0648371618509778
16 7 14 25 41134 1.0596304070143792
23 6 18 1 31002 0.995619375589224
9 1 20 28 80509 1.0365240837574086
4 24 6 5 60818 0.9274855259492335
27 5 13 29 83222 1.0434848876905494
25 14 8 27 61404 1.0620209373656082
29 17 10 26 59511 1.0067138980603507
4 4 23 4 63474 0.9942336932561019
29 3 18 10 61178 1.0316337908435929
12 4 14 17 33248 1.0658365977802373
17 16 15 5 35951 0.9389320599688388
0 0 13 29 95202 0.9786398535945553
7 18 19 4 74572 0.961878393823246
18 26 1 24 56559 1.0222089463257575
26 3 22 18 52475 0.9835911573638119
4 18 11 0 71040 1.072489897172162
20 21 2 13 50739 0.9121723768663167
11 12 2 8 43385 0.9646920209293379
21 27 21 16 29376 1.0395028054210051
27 17 16 19 36029 0.943734159346988
13 20 6 13 38411 1.0647986269476122
28 3 18 11 61294 0.9099496621300782
26 20 21 26 29504 1.0879354810591981
8 14 12 24 37698 1.0371088604569947
3 8 25 15 65395 0.9210559610077103
27 20 22 28 46190 0.9839352973602152
27 4 14 4 55416 1.0013738198867348
20 16 6 1 64677 0.9904700242966269
20 13 14 27 33834 1.0612162249306722
28 18 4 9 70777 1.0320778992816833
23 24 7 24 54587 1.0048372489153063
20 14 28 24 40782 1.083535352332154
22 11 23 26 46922 1.0018922965924126
23 8 14 15 33876 1.0489439921694879
26 25 17 7 61934 0.9248967022288898
3 1 28 10 90547 0.9761137989975824
15 12 11 29 53241 1.087172436816441
15 6 25 23 63686 1.0742833925727155
12 17 12 7 24704 0.9606837493080885
15 19 7 22 34369 1.0075810631631301
12 12 6 5 35521 0.9711556365787323
15 9 26 28 73215 0.9004001155236903
9 11 6 28 74006 0.9920753084627735
20 15 8 2 58563 0.9741139977891635
5 12 18 19 44421 0.9262264094519986
11 29 28 1 104723 1.0388407563344433
0 22 19 23 60088 0.9952185026837012
14 26 6 11 50003 1.0674329537433427
28 8 0 20 98453 0.9805323727965054
27 1 24 14 45170 0.9799863613600008
8 19 28 18 57158 1.0187897318047554
10 27 2 21 39606 0.9111483179834513
10 17 3 24 44013 0.9640544855248476
16 1 22 16 50540 0.9522552287336549
27 24 6 25 69836 1.0203383476881878
13 7 7 11 35202 1.064576672538995
28 29 3 8 112500 0.9505792328754437
27 3 21 21 63804 0.918723114522504
