3285 1966 3589 2242 2280 2523 1606 2155 1863 1634 3714 1970 3156 3105 2018 3772 3128 3175 1878 2648 3679 3371 3501 2272 3635 3636 4251 5860 5676
6220 5893 6182 6788 7114 7883 6457 7853 5963 6138 7047 6722 7627 5852 7855 7857 3545 3214 4710 4804 3250 3973 3605 2939 3727 2877 4198 4079 3854
6113 7610 7800 7699 5917 3221 2519 4330 3913 3033 3759 2593 3454 3861 4245 3864 4073 3300 3244 3091 2797 2270 4187 3597 3280 2558 2751 3717 3527
4576 3666 4275 5039 3168 4315 4352 3280 4918 4656 5022 4683 3406 4355 5071 4014 4089 4344 5415 4811 5421 4238 5146 4766 4243 4327 5727 4407 4634
3639 3328 4373 4151 4184 2823 3825 2798 4448 3546 2856 3268 3671 3622 3025 6149 5210 5903 6306 7211 5411 6554 5526 5760 5912 6252 7024 5769 5814
3935 5745 4994 4618 5325 4243 6166 5801 5014 5140 5847 4000 4038 5274 3997 4121 5402 6029 5252 5498 4957 5226 4254 4003 5998 5183 5845 5547 5640
2869 3058 4666 3945 4633 4214 2771 4546 3271 4719 3201 4529 3155 4142 2598 4653 2613 4018 4571 3784 4154 2800 3290 2813 4335 3922 2426 1452 3516
5860 5014 5075 4467 4838 5810 5133 5084 4325 5655 5169 5440 5080 5781 8326 8073 8007 7601 6494 7031 8154 8206 7603 7301 8418 6366 6964 8153 7158
4927 6306 5268 6370 4831 1865 1511 2098 1742 3388 1457 2582 1905 1318 2004 2038 1808 1482 3092 3299 2283 2580 2125 2517 3368 2111 1422 2861 1927
5298 5192 5743 5281 6560 6544 6610 6085 4904 6445 4451 5885 6453 5626 6552 4735 6407 5396 5389 5703 5121 5580 6437 5862 6520 4738 4538 5078 5039
3407 4241 5456 3799 5297 3315 3485 5153 3910 4323 4772 4161 5445 4060 5242 4321 4581 3957 3513 3644 3790 5270 4799 4668 5065 5389 3894 4070 4585
4115 3758 5087 3932 3220 4924 5087 4719 5101 4698 3869 3830 3532 4779 3350 3497 3654 4302 4464 4113 2986 3432 3601 4085 4030 2881 3276 2655 3175
5381 4205 4046 3615 5038 4816 3559 3369 3761 5441 5788 6748 6679 6591 5997 7458 7256 6893 7162 5672 6496 5538 6994 6769 6596 6534 5378 6191 7169
7604 6083 4225 4260 5510 4312 6021 4044 4509 4723 4310 5048 5887 5136 4543 4912 5318 4215 5664 4947 4868 5281 5645 4770 6088 4440 5456 5504 4286
4359 3446 4104 3281 3198 4296 3880 4559 3928 3114 3978 4248 4847 3465 4916 4758 4975 4839 4607 2941 4408 4374 3497 3151 3777 3418 4644 7665 7481
2002 1926 1301 2435 1836 1856 1692 1269 1385 2820 2636 1639 2772 2046 1829 2412 1479 2965 1685 1207 2304 1693 2885 2509 2606 2984 2883 3559 3501
5571 4593 5872 6002 6644 5240 5638 5304 6328 6738 4850 5874 4735 4917 1995 2782 3267 2149 2551 3289 2110 2259 1378 2048 1968 2208 1554 1595 1604
8039 7292 6696 7904 7264 6623 6212 6961 6844 7882 6237 7079 6605 6490 6025 6775 7244 6362 7244 7451 7346 4168 3677 4238 3462 4517 3170 3493 3980
2965 4612 3272 3458 4199 4161 4598 4365 2420 4228 3823 4488 2929 3891 2788 3190 4403 3355 3486 4343 2395 2814 4512 2397 4299 4060 2144 2959 1961
3366 2577 1908 1890 3534 2124 2184 2415 2562 2698 3529 2039 3032 1453 3269 2125 3495 2863 3559 2546 2497 2390 1876 6787 5625 7317 7309 7108 5764
5761 5425 4717 5922 5975 5016 5601 4974 5843 5203 4421 4916 4755 4574 5615 5995 5672 1923 2700 1565 2114 2771 2232 2993 2455 3381 3610 3704 2372
2209 3305 2602 1313 2192 2679 2749 1435 1633 1969 2231 1644 1596 2873 3072 2237 3416 2287 2293 1434 1240 3322 2550 1720 1778 1660 3076 2715 3269
5096 4387 5894 3293 2977 2495 2695 3193 2631 2458 3616 3156 3476 2547 2203 3909 2537 3900 2781 1842 3801 1947 1897 1803 3129 2597 2944 3156 3085
3762 3329 3894 3440 3650 2325 4171 3889 3394 3200 2062 4139 4217 2500 2230 3333 2828 2193 3984 2992 4029 2923 3601 3975 4026 2135 3046 3601 3548
4544 5497 5433 4119 4778 4981 5057 5460 3631 4037 4436 3547 5349 4842 4905 4228 3475 3113 3023 3948 3368 2254 2395 3540 3851 2693 3729 2887 2893
6458 5819 6136 6398 6521 5783 5107 6204 7130 5334 6487 5526 5416 7583 6266 7803 6470 7713 6716 8041 7093 7092 6731 6009 7345 6411 6042 7315 7977
1952 3757 3302 3111 3130 3109 8247 8292 8453 6711 7465 8809 7639 6780 7813 8714 6982 8344 8181 8095 7766 7021 8264 7265 7659 8352 6697 8825 7107
7544 8024 6336 7970 7513 6309 8085 8068 6690 7656 6368 6335 8303 7189 6643 6854 7484 7385 7271 7047 7509 6582 7329 4502 2803 4546 4164 3811 3632
4650 3922 4438 4881 3962 3504 3184 5002 4485 4172 4833 3247 3700 4349 3344 5300 4320 5562 3948 4074 3795 4708 5309 4533 5377 3791 5301 4172 4011
4319 4393 6132 3967 4641 3602 2465 2539 3187 2022 1978 3469 3116 1819 3667 3336 2546 2846 3369 2083 2449 3238 3582 3063 3597 3661 2466 2242 3438
4241 8311 2848 5689 4573 3920 2064 8499 7236 4990 3452 4804 5929 2668 6144 5082 6936 5167 6839 5960 7209 6654 7811 6472 6459 7564 2240 4825 2900 5108
4249 6726 3970 5366 3441 2411 2158 7643 7779 4039 4347 2381 5887 2772 5695 4815 6956 5840 7283 7640 8540 4597 8282 6513 6606 7198 3499 4712 3282 5032
4155 7635 2385 6243 2629 3302 2542 6994 7315 4682 3449 3234 5056 3428 6089 5786 6024 5652 6825 7888 8543 5703 6712 5678 6043 6359 3113 4344 3884 5217
3177 7985 3667 6059 4728 4138 3359 8527 6760 4031 3930 1489 5965 4222 5613 5049 5874 5782 5914 8068 7148 6231 7590 6599 5469 7925 3402 5822 4023 6104
7140 6979 2924 6216 4161 3012 2660 7048 7191 5511 2866 1403 4504 4163 5089 4642 7015 5142 7004 7459 8138 5468 8056 6430 6122 6806 2553 6143 2541 5270
7086 7836 3309 6367 3608 2280 1329 5697 6471 4204 4319 3335 5904 2961 5458 4618 6870 5100 7333 6246 7952 6034 6526 6246 4792 6527 1946 4064 3378 5245
7015 7255 4049 6484 5066 4122 2534 5501 6113 4796 3698 1880 5082 3264 2812 4965 8586 5075 6629 6906 7064 4515 7587 6379 2357 7611 3215 5098 3298 5059
8799 7286 4345 4938 4404 2718 3081 6375 6584 5016 3958 3102 5043 3728 2806 5689 8455 4756 7712 6655 8502 5493 8476 5057 2029 6112 1901 4510 3458 5266
7686 7562 4246 5131 3638 3220 2143 6190 7498 5855 3035 1489 3296 2252 1897 5214 8680 6585 7639 6302 7743 5089 8595 5706 3081 7620 3401 4886 2745 5570
7595 7584 3263 6577 3534 4341 2372 6682 7760 5646 4379 1869 4686 3384 1673 5895 6704 6431 5534 7191 7221 6460 8305 5381 2550 2959 2811 6173 1905 6952
7100 4409 2626 6624 3079 3680 2945 6557 7578 5057 2695 2799 4539 2507 2673 5241 6869 6373 6217 6446 6561 4740 7654 6320 1750 3744 3450 6959 2642 6803
8458 4414 4285 6570 3437 3296 1359 6552 8002 5459 4011 2409 3661 5771 3001 5337 7146 5690 1835 7039 8163 5595 7897 6701 1615 4409 1983 5761 1922 5417
8073 5762 4101 2765 4509 2502 2258 5468 6602 4576 3616 2397 5310 7492 1332 4733 7146 2924 3195 7247 6973 4771 6825 7199 3260 4096 2320 5910 3783 5881
7734 5339 3097 1521 5201 3449 1377 7191 7659 6069 2560 1337 4682 5972 1947 4931 8734 2874 2902 6632 3589 4748 7354 7035 1679 3971 2919 6957 4030 4528
6828 5531 3274 3257 4656 4266 3190 6924 7411 4345 4692 3097 4169 7477 1765 5987 7336 1915 1700 7749 3259 4615 8212 6866 2947 3187 3936 7017 5310 5989
6970 6275 2515 1292 3723 3035 1487 5748 6303 6234 4159 1587 3918 6072 1741 3952 7508 3743 3462 6140 3564 6364 8675 5388 3222 3671 3615 5947 4525 6402
6874 4428 4189 1607 3515 2427 2873 6785 6686 5164 2774 2156 4563 6061 2609 4512 8368 2013 3114 8033 3732 4790 6828 7093 1563 2647 2664 7662 3458 4865
8679 5359 2822 2993 3152 3442 3126 7411 8337 4930 3726 1792 4766 6728 2736 4665 7524 1969 3618 7802 3072 5938 7008 7102 1753 2944 1964 7431 4618 6395
8055 4881 4449 3322 4571 3562 2058 7258 7174 5172 2715 2756 3602 7813 2465 5853 7866 3740 2108 6983 3361 5457 6788 5502 2568 4330 2270 7849 4071 6195
6746 5707 5014 1610 3997 3689 1374 7393 6655 4229 4247 1555 3174 5860 2611 3811 6527 2596 3457 8264 3636 5475 7379 5333 2322 4396 2112 7798 3982 4329
7276 5798 4969 2186 3834 4037 1883 5941 7449 7907 3352 3232 4526 7150 2917 5347 6916 3363 3011 8197 2697 5614 7685 6603 2676 3693 3219 7981 4137 4718
7062 4438 3619 2623 3707 2607 2038 5626 6376 7133 4158 3040 3792 6082 3413 3894 7837 2186 2933 7100 3382 5323 7955 5270 1810 2916 1813 6133 3532 5579
8668 5847 3627 3005 4401 2536 2406 6101 7045 7549 3259 3001 4739 6724 2260 4197 7047 2708 3747 8364 3350 5570 6473 6631 3358 3010 1522 5857 3506 5581
8005 4527 3672 2857 3078 3503 2366 7369 7390 6191 3255 2031 3944 7568 2998 3896 8377 2787 3191 7415 3913 6016 6783 6094 2937 4077 2500 7408 4410 5596
7296 4778 3703 2293 5095 3897 2199 5681 7744 6419 2692 1293 4278 5625 2832 5239 7526 1956 1922 7195 2264 6526 8303 6968 1676 4381 3084 7088 4930 5018
7615 5222 5443 1514 4877 4156 2738 6801 7775 8311 3537 1651 4871 6050 2335 7051 7022 1914 2848 7793 2482 6275 7471 3228 2547 4204 2868 7094 5316 5969
6905 4226 4912 1632 5011 2804 3674 7264 6776 8261 4003 3276 3667 6402 1705 6668 6992 3423 3714 7175 2540 4679 8257 2828 1901 4538 1137 6626 4451 6338
8166 5081 5452 2560 3027 3862 4403 5521 7471 6128 3864 2881 3560 7200 1638 7845 7817 2205 2590 7652 2367 5296 6337 4195 2137 3280 3016 5865 3991 5634
8277 4537 3741 1757 5191 3145 4486 6331 7258 6887 3980 1534 3610 7280 1398 7093 6926 2779 2337 6959 3974 5994 7122 3326 3041 2700 3053 6964 3852 4795
4 6 10 18 46110 0.9771408470825742
21 10 29 8 28125 1.0863388494027504
26 16 0 3 98605 0.9897197665189887
2 22 13 20 67237 0.9175329568584253
28 22 15 20 48449 1.073000105917669
8 11 17 1 44163 0.944857536327494
4 4 26 20 90733 1.0765757497957678
13 2 5 7 41882 1.0216438501291565
17 28 4 25 46909 0.9328192428678443
29 6 18 15 47462 1.0757777049605615
12 25 14 12 43815 1.0463360146321403
22 21 3 1 97762 0.9234041213539645
18 15 8 18 31494 1.0641386734564573
9 12 23 25 62329 1.068522236390387
9 2 23 16 68057 1.090728843117522
12 1 28 18 80929 0.931838757867096
10 19 20 28 54113 0.9538516607040677
20 27 12 15 50773 0.9696441056916938
26 6 3 11 60956 1.0505696446316275
13 17 28 0 75247 1.0377470748892057
24 5 28 13 40623 0.96263915091354
0 24 29 22 91657 1.0934498433747262
1 8 14 4 50081 0.9857369649443052
17 20 15 6 35132 0.9924606876590119
27 7 1 28 121441 0.9610360301437098
11 5 24 26 72458 0.9270187937725278
14 13 0 24 73835 0.9969586392413993
24 4 2 16 83957 0.9466348852865756
23 28 20 12 45986 1.0601067583391175
10 9 21 19 52623 0.9671179665391592
21 12 3 18 68808 0.9945107837353155
19 4 2 27 93337 0.9397909086309592
25 25 8 27 50995 0.9710139669532933
3 24 25 1 115685 1.076623643837507
27 19 24 8 53371 1.0328139411363306
12 18 23 5 52311 1.0079317971511186
25 14 25 28 54590 1.0900203542342546
28 2 29 25 72776 1.0202264194907138
29 6 19 27 76660 1.0855477248797105
22 5 10 26 74423 1.0361764713945107
22 9 17 26 51534 0.9126169178145936
5 0 25 9 89867 1.0519984213999274
27 23 29 12 39572 0.933546434744697
19 24 23 1 63734 1.068523424027148
0 23 16 13 79745 0.9665627943245849
19 4 1 19 89367 0.9786114489743465
24 8 10 22 78451 1.0659312295861956
10 16 27 15 57546 0.9421671656278008
16 18 19 29 35698 0.9944404123983155
21 26 1 3 100006 0.9062783550972736
4 22 11 14 49639 0.9403525328154092
22 16 28 24 35064 0.9241843917104864
1 1 4 15 55210 1.034763475264925
9 7 28 22 92211 1.0237288959476891
0 8 21 27 89264 0.903575003951533
12 27 26 10 77918 0.9614362749022467
29 14 21 6 34709 1.0827877152099186
21 7 21 17 22106 1.0545665187702908
24 3 5 17 78599 0.9917395101109877
25 2 2 21 110046 0.9722343406375675
4 14 20 14 42615 1.0633001117102066
11 10 23 10 34290 0.9678257448257422
4 6 15 12 36689 1.007274561745884
26 0 27 20 71953 1.0191055022700841
13 27 6 3 80563 0.9584064087087055
25 8 18 19 55171 1.03377742184076
1 20 24 24 83663 0.968285997450246
12 7 7 16 40876 1.0749070343324085
0 6 19 27 91335 0.9193280177655337
13 21 3 4 73266 0.9368317137890132
19 5 0 18 77995 0.9295058325519989
11 15 25 27 63612 0.9223399224041623
27 6 15 2 35650 1.0216675076052337
22 22 27 8 64065 0.9570718002939351
29 23 13 24 41200 1.0375209662422067
18 8 8 2 48585 1.0655577942032233
5 29 28 2 116916 0.9300958419546911
4 16 25 4 85565 1.0760332918130189
27 2 2 12 81480 0.97235855672582
6 10 26 9 60956 1.0489291540936547
12 5 29 0 60583 1.0385503678142645
12 29 24 29 54754 1.0077066088259625
18 2 6 3 47425 1.0640339659414007
21 21 29 3 56534 1.0691656622940835
0 10 14 18 55820 0.9615628890089312
21 10 8 7 37742 1.0103236903434036
26 8 19 24 67433 0.990527715980184
9 22 25 7 84139 0.9023178938612229
13 29 24 3 90355 1.0671260701731806
23 22 14 29 44185 0.9672744558553061
11 5 3 10 37937 0.9394012081291719
1 19 25 20 101147 0.9550222982725012
25 18 11 13 48168 1.0441682604752638
16 21 7 6 50621 0.9316597530337003
17 26 3 14 65842 0.9269181640620439
27 25 9 1 100191 0.9944158608538826
17 28 24 25 24756 0.9192007138413083
12 23 21 2 73469 1.076258671977047
12 19 0 15 63690 1.0189121795207376
11 15 12 24 35749 1.0965699155622644
11 28 22 17 52794 1.0492724672165221
21 26 25 6 52148 1.0783593037058719
7 26 27 20 64173 0.9420560850986334
0 24 4 16 47146 0.9841217972443516
20 21 7 15 50064 1.0107795095799188
16 23 2 2 82364 1.0201732776800667
28 22 12 25 53983 0.9326277665996886
15 26 9 20 39720 0.974366307981182
4 12 13 28 64780 1.0955841675464066
22 13 17 1 43634 1.0217555628650756
17 28 7 22 44005 0.9311474021785318
4 9 16 15 39951 0.9589667537472385
18 16 14 6 32513 1.0126154438511328
6 20 26 18 75629 1.0735130592763973
21 19 4 2 82432 0.9144323181180889
15 1 5 8 43909 0.9775808390930135
7 15 27 22 81859 1.0196680191281247
6 19 2 29 46107 1.0059009422232974
0 23 16 26 55847 1.044464652699898
19 2 14 11 30148 1.0466511550742128
8 28 20 11 63581 0.9068690552812325
1 2 9 0 39385 0.9024287191255574
7 17 19 18 43802 1.0299033093466465
27 24 2 16 94510 0.958248999635486
8 26 4 11 44232 1.0830265704679611
11 14 25 3 54067 1.0494779362778397
23 27 12 12 61951 1.0230695061204265
13 19 29 0 87280 0.9437559465143188
18 5 2 17 72492 1.0578901100121243
7 12 15 9 28478 1.0760120951236507
27 10 19 14 31971 1.021787164946622
27 28 18 25 32560 0.970256703502819
8 6 22 25 68801 1.0194322374284603
11 10 23 4 45212 1.0177254793315835
13 20 3 10 54749 0.9169843735533769
28 2 28 28 84997 0.9096412003627501
23 3 6 25 87109 1.0510871407208953
16 19 4 23 50799 1.0910720795054485
18 23 28 2 76573 1.0463205301857808
10 28 5 21 33735 0.9178928182940738
8 2 14 14 46858 1.0541873721372448
5 0 9 26 83047 0.9595307906299253
7 3 23 5 49102 1.0514657875976716
9 17 1 28 55322 1.0106941176837103
14 25 17 14 31111 1.087263866578424
12 23 2 13 62077 0.9760620719871138
29 3 18 3 25359 0.9951109527942015
16 7 20 26 56437 1.0316129187616319
25 20 9 26 56877 1.0316350273737926
7 17 19 5 52821 1.0667220702715507
20 1 25 17 52381 1.0448332316037248
3 11 18 4 50490 0.9976454620241079
2 10 11 4 43128 0.9961494268572225
9 4 1 8 40467 1.0205119308501467
10 13 15 22 30352 0.9736074635728674
6 8 26 3 59853 0.9140421251329244
6 4 16 24 66563 0.9700062576511473
13 23 29 16 60850 0.9769675231282137
9 26 3 2 76911 1.0985454206206444
29 3 20 29 79864 0.9826177824076596
14 11 3 13 31598 1.0192703172263342
2 26 19 28 54367 0.9819719747460732
15 17 19 10 23997 0.9678254500454098
18 6 15 14 23745 0.9947906198277947
25 28 17 5 72905 0.9341532545943141
4 25 12 7 72819 0.9120212835080481
7 6 7 24 44339 1.0007034683690845
25 20 24 9 43220 0.934813845079541
7 6 23 14 53329 0.9226047263614119
26 20 22 27 29813 1.0893546856274532
10 19 0 10 55064 1.0915893177629497
7 6 20 2 40393 0.9801828302943886
29 23 26 4 64254 1.0133016513810054
4 21 15 8 65102 1.061106954094361
2 17 4 3 55444 0.9614247600032917
14 14 19 23 33541 0.9375353111682729
5 13 0 8 28560 1.070371952482395
12 18 9 3 54497 0.9501218209301545
4 16 10 9 41883 1.0017298510945571
6 4 20 8 49780 1.0211701410341216
1 8 3 19 53316 0.90105958397485
9 28 21 21 47901 0.9549929828634895
28 14 7 25 79256 0.9395477016051367
18 17 1 19 77745 0.9609053705917305
28 26 25 6 68088 1.039241466586963
7 12 7 28 44714 0.9006962081098308
17 18 23 12 34281 1.0521888693352472
24 2 18 6 24693 1.0208671238607643
27 14 24 27 50813 0.9237628288320461
29 20 11 9 73424 1.0801222908747337
14 6 19 17 36634 0.9803905367701566
27 19 23 2 66594 1.0804313936737424
5 6 22 16 61044 1.037981080276323
19 19 11 1 64485 0.9946564136310996
25 21 25 9 54302 0.9810095110736496
19 29 16 18 35698 0.9344472885570656
3 13 7 28 56104 0.9538322392231493
24 0 23 26 74580 1.0428438544805354
16 22 1 17 75886 0.9828406379849282
9 19 0 15 50373 1.0789020768356912
24 4 3 23 105608 1.0845473030449488
15 18 21 22 27059 1.044525320085881
1 0 28 5 89820 1.0823292082305518
23 24 6 19 57381 1.0510043168855534
5 18 21 9 64634 1.022796771603674
21 23 21 4 42852 1.091930651579422
5 15 14 5 45585 1.03588871787825
24 29 11 18 53547 0.9833667437841963
4 13 13 24 50918 0.9055344647636961
11 22 27 28 55628 1.0723997544596284
17 28 5 5 74993 0.9901449700457109
4 21 10 6 58032 0.9306190077928453
22 5 27 0 31855 0.9634445076437901
9 3 27 22 103914 1.006029809809043
2 23 27 21 94037 1.011336826399943
8 12 27 28 75666 1.0027774712936035
3 2 0 20 55659 0.9251029091872986
12 16 18 2 50049 1.0992918145036017
27 5 0 6 65832 1.03405610435758
23 6 7 6 35970 0.9285926069360343
7 6 0 13 32744 0.9126049117307016
18 11 19 1 28177 0.9878127868348652
24 14 9 1 70684 0.9076993527141607
27 1 24 10 43757 0.9738744449785357
5 23 13 6 63487 1.03163238754054
8 13 20 8 43619 0.9294238966321349
19 11 10 7 32707 1.085624291992721
22 24 8 12 53139 1.00695178078859
28 24 25 4 74659 1.0159747688738845
4 16 27 12 78075 1.0594964866452365
11 24 15 16 26228 0.9191869543292709
6 6 13 22 64429 1.0931035800751634
21 18 16 12 32948 0.9785665140890967
19 8 6 26 71648 0.9781371360623085
14 11 29 27 68269 1.093074435063725
14 0 29 14 65694 1.023446561151052
27 3 29 17 46671 0.900655235810476
29 24 12 20 55469 0.9044105430612872
22 10 13 13 34772 1.078373548841241
5 28 22 6 86465 0.9977339419850588
19 5 25 19 49152 0.9798016199562849
8 29 27 2 104709 1.060751239744505
5 1 22 17 86489 0.9158951637177267
6 13 15 7 34986 1.0875366201529992
2 15 16 28 72860 1.0390703306250026
18 12 3 13 44718 0.9315436244473305
29 3 6 4 65567 0.97888993119106
18 28 7 3 81020 0.9073964480529015
7 11 15 25 46769 1.0892940338521726
14 0 17 11 31729 1.031407980136396
6 15 17 25 50055 0.9579154617743377
0 15 27 23 100484 1.013871209866164
29 27 29 12 44838 1.032035424492836
19 1 5 26 86142 1.0959023474468785
19 29 18 20 33736 1.0382141648912229
19 19 27 28 42048 1.088054561359346
5 1 0 28 98200 1.0481881883962005
28 5 4 7 63396 1.0407204749623995
13 0 18 5 32966 1.0319972973156195
11 11 23 7 40458 1.0784873923691305
21 27 14 9 56590 1.0538052751887967
28 2 27 29 92620 0.9547474133403852
28 1 24 11 45153 0.9477015250706937
26 1 3 12 79427 0.9179919407332616
6 12 11 20 41088 1.0578382294130988
25 12 1 28 103301 0.9379501861258487
4 16 5 6 39868 0.905343558642638
16 20 8 22 32541 0.9742876443121371
27 7 7 15 74547 0.941578248616615
26 16 27 27 50130 1.0742944643159829
7 4 1 23 80043 0.9170493815534159
23 9 13 6 33266 0.9155146344414282
8 11 13 19 37545 1.0114274928263796
11 7 27 9 62418 1.0694925208678459
26 19 24 7 56027 1.063559709817434
27 3 11 23 83722 0.9982360767094259
28 2 16 12 54488 1.0072606018905907
16 1 14 20 45631 0.9319265889269395
12 15 6 20 42699 0.9137369299668306
9 11 15 27 49806 0.9635362058395606
29 4 12 11 57826 0.9353665696214184
9 16 23 13 46930 1.000525202872778
23 10 15 25 51212 0.9165931503419087
16 7 9 20 56069 0.9863908174912863
13 15 6 6 36735 0.9791211998449864
15 26 29 27 37303 0.9349302311403097
24 17 12 16 40074 0.9529662010625473
17 2 6 8 42708 0.9976627483656452
16 9 4 11 36807 0.9604877919138085
2 9 21 17 64472 1.0389388865295395
8 26 14 2 69956 0.9961138095628393
6 9 23 12 51552 1.0119878075734654
7 2 3 18 69936 1.0445508208896246
28 6 1 25 114385 0.905072256337537
4 17 28 8 90210 1.0233946557591587
5 2 14 17 63182 0.9795819340227442
25 3 2 18 94795 0.9661224669262145
2 8 14 14 43476 1.0854573439400796
20 2 26 23 71806 0.9862753573819014
17 19 11 10 41536 0.9882880498802266
1 10 23 25 84164 0.9621168770888452
3 9 24 28 89953 1.0505569386456783
28 18 6 18 78284 0.9480367919206909
20 16 26 24 35493 1.025268578094289
20 0 17 14 47258 1.0328776296432356
18 0 27 21 78620 1.0264147565270596
16 28 27 12 68518 1.017844327734768
18 3 7 13 45433 0.9379845622613401
12 7 28 4 48669 0.9703817032311371
21 19 0 21 85015 1.026920669706946
2 17 12 16 56484 0.9371025984797927
7 14 0 22 53942 1.089350220430291
21 11 24 22 37119 1.046412657199822
2 1 23 5 74011 1.064208206166153
19 17 19 0 44200 0.970388412968096
21 12 7 2 59069 1.0144793421087945
17 13 0 23 83927 1.0781326178059618
9 13 0 14 32563 0.9765101080799682
15 7 1 15 56918 1.0925934907961605
11 5 18 24 55619 0.9677682374530309
26 28 29 4 83277 1.0726832204434675
18 19 28 27 47548 1.0562405147971172
16 22 4 29 49736 1.0969579238357605
11 5 6 17 42993 0.9641502989986789
19 8 10 3 37349 1.035727477334649
2 5 21 13 60428 1.0171114797148642
4 27 9 1 87897 1.0798790815027652
21 11 8 15 35827 1.0056968867272669
28 18 20 5 52923 0.9412708614584038
23 28 13 2 77296 0.9486720118174161
18 23 18 10 42890 0.9392532727539861
22 19 10 10 51721 1.0081767293422585
4 2 17 18 70150 0.9156745229598502
4 15 27 15 69029 1.0752194355170979
26 3 28 26 77555 1.0578778687491082
20 23 7 25 40783 1.0201162595627493
14 14 6 11 23310 1.0578530812588782
27 19 29 9 36997 1.0891118194169198
21 15 28 25 40811 1.0260984045407417
18 16 23 21 30161 1.023793116438632
29 22 19 29 46119 1.0655235537186052
29 22 5 27 74123 1.043929538375592
15 9 20 19 36317 1.041762157175736
13 11 22 29 59145 1.0139848730519114
8 1 25 20 95021 0.9380292547800815
20 21 12 26 33168 1.0241471547523346
10 7 16 20 46014 0.9167573880371039
28 22 0 8 106175 0.9648619030925785
24 27 12 28 42590 1.048829747535216
25 12 28 21 45691 0.9889607056077121
25 17 22 28 35834 0.961427761666515
19 25 16 5 55595 1.0620735755916388
24 21 14 16 43625 1.0504441389727273
20 9 10 8 40701 0.9890167529349572
26 6 20 26 58105 0.9799248252036288
2 28 27 22 85123 0.9762808291510212
17 16 15 1 40499 0.9594435500339898
17 16 11 2 53146 0.9513827554173819
4 10 23 2 66282 0.9307550828156328
27 20 0 17 101208 0.9307486749596328
24 0 9 24 91935 1.0740942961982092
8 23 12 3 58494 1.0614045818987232
1 25 12 0 102628 1.014080294366464
4 18 16 3 69593 1.0656303963008518
1 22 13 9 77531 1.026534326724598
11 22 3 26 33563 0.9285134941343675
10 20 25 27 61652 1.075658331048199
1 10 28 25 96772 0.9023817781737354
1 13 16 13 46802 1.0801874038937966
16 25 14 3 50547 0.9533804958555778
23 20 19 8 41160 0.902347738189686
15 6 2 3 45705 1.0701700295959984
13 26 17 14 37448 0.924921364439785
15 18 28 18 39715 1.013566881245332
29 15 1 11 73658 0.9072871504721972
3 7 23 1 64795 1.0009468894178002
14 25 3 22 48393 0.9124081774265334
27 13 13 28 77072 1.0514130773472474
10 18 22 20 41728 1.0264829194365659
26 26 6 4 92670 0.9051295269116344
1 9 22 20 77191 1.0351823496768409
20 6 22 18 31958 1.0099902121368667
27 1 8 12 70343 0.925404837035256
14 20 16 29 23547 0.9710910169032725
5 15 16 13 33780 0.9737376199140167
19 18 3 17 63824 0.919088018220048
26 23 18 15 50440 1.0621163284340347
17 17 14 26 29118 0.9694061771038881
25 27 24 12 57001 1.0170511636816149
1 6 19 28 88866 1.0070400974641895
0 29 17 11 87651 1.095696827723289
0 9 22 0 75158 0.9390209213690235
21 18 11 1 65702 1.0752539976947508
13 6 28 2 44474 1.075744683584567
24 3 1 2 72153 1.0450368522656408
14 20 20 12 32046 0.9176107208554588
9 4 12 21 64225 1.0647425754950264
20 20 18 29 27392 1.0021378017495397
22 17 26 9 39086 0.9563593551569305
7 7 16 3 30949 0.9127072282286955
12 26 27 12 75580 0.9968396407699756
14 5 18 17 35826 1.0929857008379502
10 28 5 17 46721 1.0813839527829583
12 23 18 18 37132 0.9547776041623539
27 15 17 20 48092 0.9748165368327779
1 9 11 8 45099 0.9505382304961799
25 23 26 3 73967 1.0663946147252208
8 7 17 0 42355 1.0768082390819724
11 27 29 7 88624 1.0499775374663365
15 20 26 22 49523 0.9271948786797687
25 10 0 26 98449 0.9264477615293267
4 25 20 19 61197 0.9328144201094495
13 27 22 9 66936 0.9122401092609339
6 20 18 23 43260 1.0915387844939726
5 3 4 15 46837 0.9264404137552175
0 22 29 8 107073 0.9456929979797349
27 27 10 19 65021 1.0742331672590806
29 21 15 18 49218 0.98561475854348
10 29 19 11 65286 1.070600217305419
18 25 29 26 30654 0.96552321401885
17 3 21 28 65225 0.9527675972554364
23 14 12 22 54305 0.9933738536550512
8 0 2 7 47591 1.0956006600986357
27 17 29 0 62182 1.027259257324273
25 17 2 25 79636 1.0117537692120078
14 22 23 18 39635 0.9836551716693871
5 0 15 6 50582 1.008161834959718
11 7 22 18 56147 0.9849026498076896
9 4 17 22 65409 1.0383209507733628
20 7 8 29 81949 0.9552978636727691
5 1 14 11 53499 1.0305075530983947
22 23 10 25 34033 1.0045399240513404
3 23 15 17 57665 1.086432457065466
1 19 26 4 104952 1.07087380941319
27 8 29 17 39869 0.942581911335205
26 22 4 20 88470 0.9090769085684438
17 21 0 25 61563 0.969028267018391
16 29 2 5 80880 1.0892681018822656
1 23 29 3 123565 0.9409396176044551
2 0 16 17 79186 0.9915817831721528
13 22 22 19 42234 1.0475990667832846
0 10 29 1 90380 0.9447992348473772
20 11 9 9 34650 0.9307057877086939
23 8 3 23 97283 1.0887098301674734
26 0 4 23 113674 0.9179996698412165
19 6 14 14 27568 1.0950054701752057
8 5 18 28 68997 0.9223899349779712
12 2 0 8 49316 0.9514749081534962
20 18 27 21 32178 0.9452847341945592
20 2 6 20 79984 1.0432207890883136
18 1 2 9 61814 0.9710268807514068
22 15 5 21 67031 1.003946607873193
16 13 1 26 69282 0.952474156710032
11 19 24 28 55118 0.9114303827584765
1 26 24 9 97554 1.0423431527880034
1 20 7 3 74696 0.9146600473669415
19 15 27 11 28872 0.910749386208464
24 16 2 19 88186 0.989536552392749
29 29 24 24 26706 1.0508047827375737
25 13 14 12 39193 1.0171903351036142
3 25 8 1 86692 0.9286369208589251
28 1 14 18 70473 1.0730153684810955
14 27 20 23 27570 1.005245330789137
20 15 16 5 36588 0.9316894230684098
27 19 13 16 53564 0.9163333205567583
28 4 12 7 48669 1.0092485455506988
5 10 26 3 67635 1.009523708098274
28 22 25 6 66220 0.9855597378370188
5 10 29 26 88844 1.059903199508776
10 26 21 12 60378 0.9918306381304202
16 10 19 23 42698 0.9056289683486968
8 8 24 19 63125 0.9741188980013409
16 11 4 4 43644 1.049104661524238
16 6 27 2 37758 0.9282626339974298
9 7 10 23 52478 0.9226395857327037
9 1 20 0 50766 1.0885402568506137
29 21 29 10 30678 1.0497457232767609
8 15 19 5 44219 0.9807991538991293
15 11 24 15 30990 0.9112725730587091
13 9 4 18 57428 0.9441013319398189
3 5 23 13 69313 1.0183885714329723
21 21 11 23 35282 1.0886699882267787
1 5 18 7 48865 1.0767336169795327
12 26 23 15 53749 0.9829872364405322
26 20 3 7 91437 1.0744340616265757
21 27 7 9 70286 0.9507961660048099
10 1 0 17 74471 0.9424431449439499
10 9 24 17 55724 0.9194788338569132
19 17 1 13 57329 1.050875879120919
9 16 3 24 48635 0.9733938781353234
8 19 16 9 42859 1.0690501776338062
24 26 15 28 25738 1.090548042462147
26 16 0 13 84489 0.932081488887536
23 14 1 29 93481 0.9936543789572974
17 14 8 8 31030 0.9314476700540975
22 0 7 4 57438 0.9766394229857441
21 7 3 7 48509 0.9547048519529096
19 5 24 24 53187 0.9491636312951839
24 26 16 10 55298 1.0825012453198548
3 19 11 22 56321 1.031970676613795
26 6 21 16 33186 0.9062741786430983
6 5 21 8 41334 1.068375183945515
9 10 5 1 42777 1.062084273944705
16 15 9 8 37914 0.9521216767390486
11 1 7 25 76216 0.9541544387501797
14 3 20 7 25903 0.9741554770255073
1 11 17 23 64898 1.01442640265134
14 16 17 0 52898 0.9080377896159015
5 22 9 0 83189 0.9501714797980986
1 26 6 21 31673 1.0895127107426479
27 0 3 13 91690 0.914785105006134
12 5 5 9 33002 0.9153524450658618
23 1 16 10 41366 0.9093387829106201
27 26 24 7 67930 1.0149553090278522
21 8 0 28 97143 1.0416473408341345
13 23 19 4 61825 1.0361746839438677
6 22 15 27 35844 1.022788809154912
9 13 26 8 67965 0.9495737663583963
27 6 18 12 35866 1.0994332043638002
12 9 23 8 42819 1.0758482636766784
2 29 10 10 68767 0.917782406672551
19 11 5 1 64740 0.9541758512025599
9 3 7 21 53115 1.016243757346087
21 17 16 24 25728 1.081927716816345
8 25 0 22 37024 0.9848547414909115
10 28 15 19 35583 0.9969589802750582
16 15 5 6 40969 1.0965632554345373
19 15 8 10 34370 1.0244051765789468
16 24 27 11 54858 0.914729310456918
8 11 18 10 24755 1.083063680009432
8 11 28 27 78590 1.0534693064163594
14 12 25 26 55162 0.9798918075239664
19 29 2 7 93312 0.9821928199861638
14 22 15 8 36168 0.9239612614592091
13 28 1 5 83125 0.9855774371734243
27 20 15 12 51191 0.9456426834664562
9 10 29 26 80834 1.0288541482695237
11 11 26 6 43590 1.0220010360772247
3 12 9 17 34132 1.0180093836670143
9 3 23 12 61215 0.9712577156534312
17 7 19 26 60841 1.0490645579489388
29 7 28 16 28172 1.0970598119343102
23 22 9 25 45362 0.9532625776698764
29 15 14 8 55166 0.9508116306998274
3 29 22 2 108030 0.9287178474023996
3 5 22 0 66372 1.004911508857376
2 20 19 4 86569 0.9976969449359097
13 22 16 12 37261 0.9222357657018762
18 14 13 3 34250 0.9106165873358881
2 7 6 24 61639 1.0229963758056355
4 8 25 22 93675 1.0762507538583146
14 6 10 17 44311 1.0934261055596772
2 26 20 2 97052 1.0163098833208308
26 19 29 9 41621 0.9848431690106032
4 10 25 22 85681 1.028112319985038
10 3 19 8 37349 1.0232991077501739
12 26 5 0 90442 0.96952853682902
27 0 17 5 44432 0.9624690230919829
1 22 21 15 89689 1.0732732737369266
20 10 4 29 84446 0.9416277318029714
0 1 15 10 55137 1.0520157171232414
24 24 20 7 50998 1.0797680919656978
17 2 1 20 92194 0.9205164102659074
22 3 18 22 54579 0.9845649533875187
19 11 10 22 54638 1.0014461370864833
0 10 23 24 84421 1.0771140548400746
24 28 14 23 36091 0.951370113794198
16 14 12 23 37364 1.0269970661363428
21 17 28 28 43174 1.0373097489401448
3 16 13 0 83004 0.9956433997836367
11 6 0 2 37821 0.9404117825002661
27 25 3 24 68787 1.0297200014131755
8 18 11 10 23163 0.9623430699831316
21 1 5 28 96518 0.978048184803898
12 24 20 27 27904 1.077070784109774
11 18 10 0 66851 1.0819949763264227
17 25 27 27 31170 0.9867461094523733
9 3 21 27 84813 0.9254522126134727
19 21 17 29 29275 1.0958407831727115
20 8 27 0 46025 1.0688887699329948
11 24 21 24 23605 0.9209827012065591
13 2 9 16 53736 0.9071564629373855
1 25 10 5 75044 0.9783832782864195
5 0 12 3 39849 0.9059420203749743
24 28 11 19 55118 1.0379744673458418
6 16 14 24 43757 0.9208759241211991
5 20 18 23 50097 0.9991566712282723
11 24 23 8 64701 0.9186079567640468
7 29 7 15 43868 1.0892103620243498
9 4 21 24 73018 1.0503322016320258
19 28 22 4 64559 1.0181646932865
16 5 25 8 35132 0.9144739158655009
21 9 3 23 86786 1.020097652016407
20 15 11 29 60565 0.9135391562385576
3 29 17 20 60680 1.0705315821474684
3 29 19 13 77569 1.0351104547886816
13 18 1 29 68980 0.9992951796499522
8 14 11 6 23461 1.0635252063032785
20 13 22 3 29214 1.0821800057832673
24 21 29 26 26749 0.9420921507901461
10 18 22 22 46492 0.99988235836644
22 7 5 8 52089 1.0157884522521359
21 27 14 9 56590 1.0593463484344174
18 27 9 8 68062 0.9333395740545811
2 12 25 14 63127 1.0402674022124847
19 9 2 23 85337 0.9695781908826684
5 18 4 7 47428 0.9898737087569207
10 27 1 14 70521 0.9141888627054962
15 9 6 14 31819 0.9743311950932729
20 23 15 1 58699 0.9543898884275291
19 22 12 8 57919 1.0571089577970938
12 24 22 22 27500 0.9628855387469597
13 10 6 23 51505 1.0028441642791122
19 2 5 9 52260 0.9240429957824227
20 1 22 23 59165 1.0356737122367745
0 15 19 24 76755 1.0228491864247116
1 21 15 11 68959 0.9696454472203075
11 0 20 23 79219 0.9972704066698792
8 9 14 13 26240 1.0010218002429438
5 27 17 19 56167 1.0518375413565528
12 22 8 7 57918 0.9892744745125364
27 20 17 2 67959 0.9207219881860801
23 23 9 5 78005 1.0686507345448306
27 2 9 19 86518 0.9528353363209189
16 4 26 25 77479 1.0225933126952798
2 26 25 4 106777 1.0934722524873386
9 8 20 16 55650 1.0436399899249384
10 27 26 2 95562 1.0205231341969618
6 11 29 17 67698 1.0473021853572408
24 11 6 5 55239 1.0357550183886939
7 21 1 16 49768 1.0616783731279766
7 10 8 23 31931 1.066218487823319
15 5 22 28 63284 0.9028702641478618
20 16 6 18 55260 0.9778923519046036
8 28 10 2 71373 0.9869635667080474
29 3 7 15 75466 1.0653655605233425
12 21 1 23 58745 0.9928538712413687
5 17 15 2 58557 1.0753071295547623
21 9 11 2 40619 1.0959181461202734
26 6 19 22 53836 1.064188106672799
26 12 6 17 69067 1.063544426273128
26 12 15 12 34479 1.0502274179650941
24 25 27 9 69285 0.9585122899254401
18 26 8 19 41712 0.9070379110501001
21 8 9 9 43715 0.9952303920175511
17 12 2 28 78892 0.966938077408465
24 7 13 18 54214 0.9001546708906599
7 24 3 18 43614 1.0593319893827842
25 26 2 17 90037 1.0987534758128392
16 5 24 27 67515 0.9148122688516995
23 3 12 5 33126 0.9026138971462836
0 9 8 12 29558 1.0661284778072906
16 11 27 20 50274 0.9434832858312495
23 22 6 25 51690 0.948569085178795
18 14 27 3 43901 0.9526719065868879
9 4 23 4 43286 0.9199075774921742
24 12 25 25 51196 0.9682711331859846
5 24 24 4 89251 1.0096074348902653
8 21 23 18 57447 1.0551457508723732
19 6 3 22 88076 0.9200928474611874
24 6 10 14 46588 1.078778520270172
7 7 1 11 31884 1.0680385551636111
20 12 22 29 47002 0.9661139532442551
29 25 0 22 94008 1.0012474387457397
14 21 17 4 45685 0.9176636539837676
28 13 4 27 96243 1.0993033184584151
26 29 4 12 96668 1.0248211851537414
16 26 29 21 44348 0.9035056207728932
3 9 17 11 39293 0.9511208832945655
17 23 6 24 30291 1.0936471490542934
27 2 22 24 67955 1.0817339091093439
23 27 22 17 26851 0.9886362285695237
12 8 1 17 65612 1.079495283066218
6 5 20 23 72080 1.0086658551737386
23 19 10 28 56004 0.9866393895623703
6 18 23 15 56770 0.9241584733664935
4 17 9 7 46404 0.9360041798255485
20 2 1 4 63115 0.9374811205223559
1 16 4 28 52084 0.9973590748673447
23 2 16 14 44844 0.9535968094942079
21 1 15 29 77652 1.0019957991969906
5 11 25 0 81115 0.90737610601968
8 23 29 13 70476 0.9786323665009733
0 10 23 29 96221 1.0017531230751175
11 20 20 24 35033 0.9202977102463521
5 26 25 25 56635 0.9289143480710924
21 22 14 0 66416 0.9601945243914349
11 11 22 17 39342 0.9427322788019538
10 13 4 21 44470 1.0539148504270062
25 25 10 3 89445 1.0150040177704789
3 19 10 23 51553 1.035223070232884
8 27 14 12 50964 0.9203902454720447
9 9 3 24 60502 1.0505468727847826
18 1 2 11 59545 1.0392301561293324
17 13 29 15 39465 1.029555528672505
1 29 22 7 105158 1.0258998929131546
13 18 6 7 50463 1.087156320430216
12 28 17 0 86692 0.9956228147640791
22 29 13 8 72687 0.9034163186590337
1 0 22 24 105770 1.0864091612386604
15 3 20 25 55983 1.016032537808147
22 0 7 5 54390 1.048759625493348
13 14 27 17 41830 0.9651256265803457
16 3 0 21 81951 0.9766779696757836
27 0 15 29 99953 1.0949001461690302
13 9 6 26 59624 0.9704528007580074
25 5 9 26 86870 0.9288681961361079
20 7 1 18 87271 1.0456057737687565
18 19 1 11 57203 0.9291961020247878
17 22 11 7 55739 0.9207295895445821
17 12 23 7 33780 0.9668221576857408
14 1 17 11 27693 0.9103631371162498
11 26 7 16 41933 1.062185959203834
28 11 2 27 98584 0.920321794734004
10 24 27 22 51415 1.0117732785099571
19 28 18 14 47151 0.9369288048232862
13 9 20 27 59656 1.0877805486799357
6 0 4 8 33909 1.0143216968609825
20 2 6 6 42927 1.0922983614769757
21 17 4 1 81763 0.9857821917439487
5 27 28 10 96142 0.9690085933318036
12 18 6 12 34346 0.9588319434184489
1 9 10 19 54996 0.982859022389869
12 16 13 3 45663 0.9272308113795394
6 1 8 12 37785 0.9418218831422572
3 10 6 26 55859 1.0504298531935359
10 9 0 14 41488 1.0564719217396195
21 18 9 24 40464 0.9112700567117994
11 5 26 11 46942 1.048442846924185
18 23 0 14 74566 0.908477508503156
11 14 26 17 42740 0.9799983744552807
26 3 24 14 43277 1.007440451644165
16 19 22 0 63244 0.929577481493712
13 10 9 16 33031 0.9525970123032069
23 25 21 9 41588 0.9524968429007812
7 15 12 29 52559 0.9124466301868907
27 11 11 10 40479 0.9884234984527442
4 1 17 12 64029 0.9174816387214904
6 15 6 4 37555 1.0438894984773044
1 21 12 0 99172 1.064190930271622
9 1 8 19 52975 0.9494309469423448
28 15 17 2 55814 1.049799725605158
4 5 29 15 79248 0.9512842847547673
18 10 2 6 48974 0.9819127589795854
23 17 4 22 75797 1.0737009699775812
15 26 16 8 46159 0.972084000716417
27 3 25 12 43277 0.9036755854136568
20 5 7 10 43698 0.9664715568495359
1 1 18 10 72571 1.0680456086242625
26 7 16 18 59325 1.0818006915011904
28 18 13 18 44317 1.0800763289602404
29 5 1 0 92965 1.0461156383164574
13 0 28 27 100674 0.9035444962381834
15 0 25 15 57325 0.9838445889128412
0 26 4 20 38976 1.0159257920887559
5 29 8 20 32739 1.078228859086314
1 20 17 27 70138 0.9441937342701237
10 6 4 25 64956 1.017955572251092
12 0 15 21 57442 1.0790312442450727
16 14 11 26 39121 1.099862916601875
12 8 17 16 42905 1.0743955093588122
15 28 25 27 34864 1.019589403017838
24 29 7 8 85864 1.0606170222225972
28 2 13 28 98506 1.0627769317907387
29 6 28 24 53815 0.9913375605772289
7 16 19 6 52588 1.0119158040298437
5 15 23 5 62951 0.9005370511615807
18 25 19 16 31424 1.0543206372024292
1 7 5 0 42651 1.045155034074807
7 24 8 1 65898 0.9361617652730876
2 1 4 28 98418 1.0611290360838188
2 2 9 19 63914 0.915218079763793
22 16 26 5 40511 1.0633241927689279
27 12 2 28 105755 1.015245597242245
4 26 8 8 50714 0.999399341150248
4 15 16 29 63629 0.9389459534524408
1 27 27 23 78789 1.013685585434832
19 23 24 0 72071 0.9501732623284628
25 25 12 4 82658 0.9700705294851432
0 17 16 7 67208 1.0979505442398836
9 24 5 10 44616 0.9864900647514758
27 21 18 2 72646 1.0422550508713884
1 21 8 11 53562 0.9480045189398698
17 7 20 26 61011 1.0209283243323541
1 1 24 7 79414 1.0180191721217844
21 19 29 6 50316 0.9604549860259847
13 26 24 2 81536 0.9070497508246465
8 23 19 13 46003 0.9499214885251921
29 29 18 14 62020 1.0531408867757668
17 2 15 22 45965 1.0420961019004538
29 9 6 3 78229 1.0386931045449308
23 22 23 5 51322 1.0092869123339467
9 9 9 20 37971 1.0126085247280174
14 17 3 3 62696 0.9087880757563587
3 11 17 22 57511 1.0273416833070468
0 19 22 9 80328 0.9222935483661209
1 9 20 9 59418 0.9608006358959458
11 5 14 15 36048 0.9116997955761331
25 15 1 21 99682 1.0485697958734062
7 20 22 29 63429 1.0639610310419978
22 14 12 3 46014 0.9355323343882176
22 1 13 3 28133 0.9924867988742098
20 13 2 12 50692 0.9382779553891007
8 0 20 15 75066 0.9865716644772344
9 13 15 17 23578 0.9870467351312908
9 11 1 25 58507 1.032678148988443
4 16 24 7 78840 0.9869207714335232
14 24 22 13 44954 0.9282796181549855
28 18 26 1 60545 1.0524989170739971
1 15 14 22 70284 0.9240533424362578
23 27 0 21 81329 0.9881136921507419
0 18 17 23 77873 1.077822019128143
14 3 24 22 69321 0.9055085449635089
21 5 0 21 90012 1.0582484276973205
18 28 11 11 52540 1.0707795790516066
21 2 14 24 61761 0.9536395613626145
12 29 11 12 61867 0.9512149502285212
25 20 29 29 39099 0.9255348187323007
29 2 9 9 70208 1.0020402177253265
15 15 26 10 38951 0.9431285674848863
0 11 10 18 47938 1.0560830882940335
9 11 23 15 41002 0.9524741432624444
27 11 13 22 62352 1.058982963163178
28 12 5 2 84140 0.9111901857465637
8 29 23 6 82709 1.079847283862146
22 13 9 21 56422 1.0002255803096454
12 24 7 6 51306 0.9703325758815602
16 15 15 4 23687 1.0673817272244146
0 6 13 7 36825 0.9284627486870691
17 19 19 29 41041 1.0931968566498809
15 1 1 2 51467 1.0938898233438392
12 19 3 15 52568 0.9203872609649297
21 6 6 3 45728 1.0073773254298601
0 28 8 7 71977 1.099457555990592
12 14 16 27 33710 1.0798772467625906
22 17 21 26 20470 1.0222154561349273
25 23 18 13 51124 0.9660356492507862
2 2 13 8 52329 0.9474380057084741
8 27 18 29 37549 1.0844073262619138
6 21 2 1 80812 0.954361920850203
9 2 7 12 39179 0.9348058751375516
29 24 8 25 53761 1.0982748074844197
14 16 21 25 36766 0.9391525892638981
26 20 7 21 66968 0.9287601450037137
5 18 20 17 60680 1.0843066382197137
8 6 4 19 53691 1.0408746236934039
0 25 20 18 73669 0.93706215140138
29 14 7 20 70171 0.9332870033354091
25 12 1 21 96928 1.0056655617374868
4 18 19 2 79423 0.9086133623103518
2 24 18 21 59955 1.0344648102081082
0 17 15 21 68716 0.9269797356028396
13 26 12 1 71278 1.0197479631904904
18 12 3 17 58822 0.9811021248959091
21 8 14 23 50693 1.0716275103118265
27 0 17 5 44432 1.0474339167999371
5 20 29 5 103736 0.9267056377550018
8 27 1 22 34199 0.9830754082370642
21 6 7 28 79796 0.9579073691260336
0 11 5 6 23755 0.9583367986237759
25 24 24 2 68860 0.9635143544158822
9 25 17 11 50443 1.0388497827158256
11 22 3 11 52741 0.9066883724029643
6 19 28 17 78596 0.9377297709924974
22 27 29 22 31457 0.9648899825781677
9 21 12 12 37749 0.980284901206274
12 22 13 12 47222 0.9917495854930743
1 26 22 2 104089 1.0630548079598277
1 19 16 1 88701 1.0897881552283193
9 23 4 3 63180 1.034696517700106
13 15 9 0 62894 0.950468953294791
27 10 11 19 62976 0.906309366282085
12 12 3 14 37301 0.9830490102756672
27 20 2 23 87202 1.0385646942675528
19 24 16 1 59615 0.9936434565135579
3 14 10 22 54603 1.0080573112956308
17 25 24 28 26533 1.0911598269343494
10 16 7 0 58971 0.9037264453545526
18 7 17 24 51327 0.9262872248815004
8 4 5 27 63010 1.0196965966065852
26 9 6 21 84135 0.9604773547142464
6 23 16 26 31479 0.9627446019432705
12 19 22 25 44786 0.9199839834453202
24 29 8 8 79280 0.9623921016317487
28 18 21 9 40390 1.0667860081137037
15 10 27 20 54497 0.905981639292355
11 2 22 18 64877 1.0834027742183572
16 27 11 18 29613 1.003039199594375
8 9 12 21 48540 0.9379117213531776
26 17 17 14 31005 1.0105881318552286
7 24 9 12 31776 0.9825519210656934
15 23 23 29 33581 0.9222059655641553
4 17 1 28 49508 1.0471395679103943
14 26 26 19 53971 0.9961831382648753
16 29 13 12 45534 0.9716575494313049
6 24 19 24 30374 0.9858280732923058
4 12 10 6 27699 1.0530713435197419
28 8 15 10 46377 1.075273919672494
1 19 8 15 49117 1.0609888718839808
10 11 17 0 47041 0.9896766586404868
24 16 15 14 31106 1.0177698933532497
27 6 29 19 45248 0.9045470779944289
22 29 0 0 114155 0.9744681700204129
19 22 7 17 54794 0.9216761284661485
25 29 7 29 67780 1.068983712529983
0 10 4 2 30762 0.9079360842253813
21 8 10 25 62652 0.9630435689144845
23 26 12 10 59408 1.0667937436860258
2 29 17 21 62183 0.9637689313949721
0 10 4 26 60912 1.0320948204642597
15 1 16 28 55874 0.9278236747141458
23 0 21 12 34458 0.9579505257901559
29 15 23 4 47428 0.9390705807721962
4 12 1 2 39630 1.0188374857656508
12 23 29 1 99633 1.0843289165952685
21 3 6 13 55663 0.92429907000097
19 28 10 17 52035 0.9139228291515912
9 24 25 9 73688 0.9860057672896068
26 12 1 23 109377 1.0851226572572839
2 0 2 12 45125 1.0510757053925803
13 1 12 28 80979 1.0088968091958785
5 10 14 2 47060 1.006144707722417
11 9 8 23 41240 0.9899653891128481
8 13 3 20 46516 1.0659417826950532
12 4 23 17 58969 1.0042400333597177
3 26 0 16 39775 0.9721480444091756
18 20 24 28 34415 0.9466018304837392
8 7 21 6 29956 0.9858899590323635
17 21 11 28 35355 1.0183490452241992
29 23 0 9 103357 0.9703066724686693
10 6 19 0 34321 1.0312003838692165
19 21 1 28 66944 1.0168391186590566
3 9 3 25 65689 0.9830725902422021
15 4 23 9 32391 1.037635258599791
6 27 11 6 59710 1.0251949024128153
11 25 20 23 27952 0.9055354691697333
20 14 7 7 47315 1.0367071991942693
15 13 5 3 50785 1.0941899684079266
11 29 27 26 49032 0.9843971951139194
1 11 20 3 58974 1.0789250505857593
18 17 4 29 64964 1.0082243594916458
8 0 9 13 46502 1.08747050745822
17 17 11 24 29408 0.9496665495128421
29 1 23 6 32553 0.9464745609648358
26 28 17 20 47733 1.016722792321977
0 17 22 18 82483 0.9887699598984562
25 3 1 6 63070 0.9087050537490401
22 3 7 20 74380 1.058931740724874
9 12 3 22 54504 1.089225829081701
6 27 11 13 45710 0.9655586617482692
25 20 14 20 36230 1.013673225098369
4 19 27 19 98772 1.03690292961886
11 26 14 1 67787 1.0451986864274627
5 24 11 6 55867 0.9140146342949789
2 29 8 19 44408 0.9183209109853844
8 0 13 29 95841 1.0889223502420233
3 22 4 10 51083 0.9236237739627098
24 26 6 1 98387 0.9632029558207479
11 6 22 4 28495 0.9527122372567377
14 7 0 23 82434 1.039772668349568
25 28 19 10 58819 0.9762243199257641
18 13 7 18 40309 0.9216733976259075
28 9 9 5 64081 1.0033179982100908
16 13 5 5 46723 0.9028787449877841
26 11 28 19 34775 1.0012513856712582
4 6 2 18 47586 1.0387737889892903
29 23 29 6 47711 1.0803923410680474
26 4 16 5 32798 1.0275436605449582
28 16 17 7 56608 0.9533351594604551
2 15 25 19 84659 1.0562123635745304
13 22 2 10 66820 0.9000463195462011
18 1 25 6 28355 1.0225387828308024
14 23 4 12 58406 0.9337162285180907
13 20 1 20 72814 1.0650962472084837
24 17 2 12 67954 1.094246619725707
25 20 5 25 66947 0.9684494603365326
2 20 12 24 48518 0.9862897383286681
17 4 6 18 60977 1.0603446316302674
8 0 17 26 89404 1.0790506424920676
4 4 28 3 67724 0.9610357437837104
1 25 15 5 83616 1.0775711470012954
9 9 10 28 54145 0.9805847904715776
29 10 22 6 30942 1.0105797142520914
27 2 29 29 89041 0.9044616133741616
6 25 18 18 48080 0.9138868841284175
3 22 17 18 66422 1.0405728112946249
21 0 11 24 73829 0.9789742223997044
12 3 18 17 43374 0.927865764043609
29 21 11 6 75990 0.9604278115188255
21 23 22 5 42514 1.0649466731857544
6 18 13 0 75965 1.031461254893131
12 25 19 15 45096 1.098404751876423
26 26 20 6 56809 1.0812025037570907
24 9 10 14 45648 1.074278707395464
25 14 14 3 49818 1.0365043137219072
22 4 27 21 63819 1.0236574414687192
4 9 17 28 69934 0.9419704028264985
3 19 29 0 123004 0.9337382619828417
28 26 2 21 84626 1.0164735188964145
11 14 2 22 57193 1.0578475822168016
