5382 5090 4929 5350 5454 5347 4812 5267 4734 5544 4540 5851 5396 5414 7280 7022 8197 7670 8242 7628 8082 7055 7169 7876 7740 6888 7008 8081 7700
4917 5709 6145 5634 5328 5755 6084 5756 5961 5557 5247 5071 5788 5332 5006 5673 5390 4947 5891 5174 5521 6079 5440 6009 6131 4949 4974 4929 5752
5417 4458 4897 5216 5018 4859 4827 4659 5300 4455 4560 5020 4742 5339 4786 4312 4789 4785 4959 4773 4842 5345 4915 5794 4723 5934 4705 5435 4615
6515 5322 5804 6999 6556 7244 6858 7437 7566 7042 7216 7391 6524 6365 6880 6748 7302 6725 7632 7165 6959 6366 7577 6766 6574 6738 6521 7617 7196
2192 2370 2074 2043 2738 2809 2813 1677 2012 2653 2530 1914 3088 3035 3090 2528 2308 1996 2563 3154 2306 2109 1993 2993 3370 2135 2811 3069 2685
3576 4598 3336 3714 4025 4663 3902 4055 4521 7654 7500 6936 7921 7931 6651 8048 6643 6699 7733 6800 8089 6716 7362 8016 7591 6748 7102 6866 7905
6800 6795 5533 5718 5851 5707 6926 5810 6892 5904 6582 6485 5828 6549 6465 6335 6643 6451 6380 6497 5505 6099 8567 7996 8072 7618 7457 7989 7356
6146 6640 6011 5876 5618 5588 6821 6527 6356 5517 6381 5851 6736 5690 6091 4794 5027 4593 3783 5022 4906 4150 4951 4450 5172 3805 4447 4734 3929
4330 3384 4453 4698 4585 4134 3886 3395 4497 3776 4636 3847 3586 3968 4365 3292 4237 3406 3490 4705 3010 2857 3001 3950 4139 3399 3388 3818 3838
3650 4612 3265 4246 3834 3849 4286 3985 3973 3961 4673 3276 3507 3725 3865 3802 4624 4071 4584 4177 4646 4408 3516 4403 4001 3924 4547 4282 3403
3796 3719 4992 3977 4648 4989 5003 4481 4209 4478 3634 4539 4836 4666 4650 4863 4731 4425 3611 3597 4006 3702 3851 4937 4116 5934 6976 7209 6679
5910 6521 6222 6980 6095 6387 6786 6330 4515 3545 3751 4367 3635 3510 4199 3611 4556 4447 4345 4092 4022 3418 3892 4519 3697 3868 3992 4031 3332
5774 5952 5689 5286 5723 4556 5321 5512 5174 5091 5113 5625 5837 5636 5366 5834 5065 5671 5117 4743 5563 4564 4610 5040 2063 2030 3004 2621 2316
2291 2897 3294 3484 2796 2862 2697 2819 2157 3295 2415 2224 3166 2773 3100 3365 3387 3161 2801 2819 2923 2702 3311 3162 2221 2124 2531 2629 3249
4457 4715 4543 4549 3805 4699 4004 4514 3432 4356 4796 4149 3746 3506 4522 3848 4520 4671 3520 4069 3635 4572 3482 4487 4737 4351 7347 7823 7131
5123 5374 5809 6124 6218 6264 5660 6138 5561 6122 5526 5524 5800 4982 5456 6003 5042 6270 6220 6122 5920 5759 5725 6238 5422 5317 5876 4906 6282
5039 5817 5423 5715 2039 2273 2520 2772 2605 2536 1894 2741 2569 1969 2664 1921 3043 2051 1983 1804 2710 2113 2034 1995 3144 2396 2222 3130 2163
5570 5799 6408 6491 5995 6696 6859 5908 6061 5836 5732 6473 6746 5921 7028 6109 6739 6764 6312 6830 6652 5596 6028 6739 6958 4388 4503 3970 3130
7009 6726 6656 6830 7278 7388 6868 6773 6340 6706 6833 7151 6704 6800 6975 7331 7088 7451 7542 7035 7608 4713 4637 4672 4310 4997 5193 4800 4859
6519 6805 7008 6441 5170 6350 6174 6006 5947 5903 6057 5635 5622 4983 5305 5863 6316 6110 5835 5701 6149 5981 5313 5722 6172 6083 5737 6204 5425
4296 4721 5358 5408 4236 5146 4415 4324 5006 4526 4523 4774 4779 4317 4186 5583 4805 4703 3312 4351 3644 3163 3413 3788 3361 4109 3145 3138 4238
6033 6542 5754 6815 6511 7082 6969 5949 6436 6236 6404 6511 6019 1145 1352 1762 2225 1650 2314 2431 1325 1377 2109 1145 1191 2189 1673 1159 1126
2735 2660 2332 1849 2682 3158 2376 3045 2034 2220 2305 2962 2863 1862 2510 2125 2358 2716 2459 2240 1915 3031 2850 2257 3258 2971 2467 2555 3468
6740 5755 5899 5857 6208 6945 6499 5823 5765 5973 6846 6062 5649 5902 6929 6750 6177 6803 6753 7376 7758 8116 8699 8134 7369 8204 8749 7595 7563
5831 5511 5235 6299 5531 5801 5023 5514 5700 5759 5356 5633 5695 6081 5763 6121 4888 5916 5026 6187 5911 5222 4432 3730 4797 3805 4005 4482 4421
3637 3310 2584 3204 2828 3635 2832 3491 2512 3493 2673 3246 7451 7038 6511 6417 7166 7043 7409 7244 7374 7286 7037 6990 7060 6612 6998 6250 6017
7550 7699 8393 8424 7654 7951 8819 7489 8345 8764 7944 7635 8455 8535 6249 6949 6133 6294 5906 5875 6167 6765 6493 6881 7250 6167 6450 7238 6908
1949 3031 3055 3067 3078 2031 2353 2637 3021 2262 2471 3030 1884 2611 2498 1987 2165 3155 2217 2914 2337 2626 4342 4665 5454 4398 4410 5016 4948
7920 7366 7613 8585 7311 7990 7650 8596 7715 8607 4733 3953 4026 3844 3702 4260 4911 4398 4533 3702 4837 3653 3885 3704 3800 3841 4233 4512 4764
6705 7525 6145 6104 6781 7243 6151 6914 6926 6577 6904 7527 6828 6746 6689 6726 7295 7154 6079 6068 6084 5705 5833 6301 6145 6163 6079 5800 6326
7230 7992 2681 3497 8026 3805 2890 7744 5602 2158 6186 1785 3699 5655 3270 8272 5601 7847 7193 5173 5483 8247 3050 2817 3759 2274 5176 3727 5023 2063
8096 7884 2349 2565 7277 4183 2607 7385 6213 2535 6331 2258 3064 4983 7363 8199 5873 8323 7862 5511 4859 7378 3107 2116 3008 1692 5634 3556 4788 2458
7163 6784 2970 3016 8240 4294 1806 8634 5184 1791 5309 1252 2923 6895 7125 7116 6000 8329 8278 5868 4745 8434 2418 2916 4009 1985 4782 3054 4997 2765
7847 7480 3201 2739 8131 1919 1549 8288 5611 2171 6239 1848 3279 6863 7659 7557 5456 7489 7995 5177 4868 7701 2204 3053 7827 1907 4798 3485 5626 2927
7619 7833 3341 3885 7638 1622 1746 7414 3392 2019 5829 1466 3670 6814 7941 8055 5701 8445 7839 5613 4607 7318 2547 2668 8204 1408 4524 4040 5389 2800
7413 7168 3378 4834 8246 2250 2702 8439 2686 1466 5253 1255 3335 6574 7809 7679 5227 7651 7792 4942 5501 8650 2150 2171 7632 1180 4774 2997 4788 2358
8324 7263 2719 4704 8555 2651 1557 7340 3901 2307 5797 2039 3499 6245 7659 8012 5511 7079 7208 5148 4881 7730 3200 1993 8070 1182 5304 3217 5353 2254
8014 7681 2777 3771 8613 1915 2183 7393 2582 4104 5257 2094 3574 6886 7965 7716 5176 7643 7900 4830 5020 8058 2417 2830 7226 1136 4458 3537 5881 2006
7709 7993 2451 4172 7613 1571 2700 8002 2987 4666 5259 1600 7247 5897 7587 8088 6022 7457 8168 5810 5451 7771 2600 2588 6927 2557 5257 3624 5961 1837
7727 7191 1706 4308 7456 2331 2569 4849 2898 4057 6171 1322 6676 5855 7974 7863 5211 7413 7804 4909 5335 7495 3201 2065 7863 1151 4589 3069 5371 2011
7872 7017 2234 5091 7544 2536 7455 4873 2859 4460 6539 1862 7949 6701 7152 6839 5604 7281 7950 4934 5036 8529 2474 3166 7949 1439 5693 4143 5368 1859
8263 6856 2439 3945 7776 1706 6681 5182 3180 5233 6443 1452 7149 5887 7520 7537 6115 7274 8056 5353 5226 7343 2800 2343 8097 1132 5491 3745 5878 1917
7383 7149 1878 4544 3749 1225 7825 4807 3956 4458 5434 1208 7389 6498 7129 7501 5728 7568 7353 5759 5358 8160 2498 2953 7767 1215 5178 3157 4867 1860
7589 7793 1758 4561 3954 2308 6961 4353 2757 4503 6033 1320 6898 5746 7469 8051 6016 7706 7932 4847 4288 7867 2553 3059 7804 1903 5757 2899 5127 2651
8183 7390 1952 3979 4008 1894 7782 4643 3957 4491 5302 1387 7816 5737 7126 7112 6115 8384 7586 3824 5153 8158 2802 2205 8175 2325 5211 4245 4684 2308
7421 7989 2128 5158 3819 2114 7139 4778 3299 4769 5814 2175 7440 6802 7892 2709 5981 7244 7796 3314 5346 8722 2343 2901 7305 1971 4736 3181 5577 1672
8427 7910 2570 4231 3568 2198 7416 4163 2614 4150 5326 2536 7011 6552 7202 3443 5598 7580 8059 2635 5587 7643 2091 2250 6909 2080 4610 2933 5272 3090
7704 6915 2864 4648 4240 1850 7824 5018 3791 4006 6619 1635 8038 6075 8372 3416 6086 7482 4146 2510 5295 7943 2662 2612 7359 1598 4607 2874 4946 3055
8241 7782 1431 4824 4249 2622 7880 4284 3471 4483 5683 1924 7609 6493 8203 3287 4835 7715 3700 3097 4507 7811 2714 2452 7759 2091 4996 3432 5862 1748
7378 7658 2723 5051 4347 2376 7717 4774 2972 4576 5708 2417 6604 6046 7339 2832 3586 4836 3969 3064 4715 7997 1934 2395 7833 2542 5052 3420 4850 1754
7957 8072 1606 4801 3974 1876 7682 4648 3769 5260 6055 1727 7922 6109 7844 3298 4850 4271 3152 3435 5216 8409 2897 2284 6981 4716 4479 3681 5045 2833
8204 7386 1536 4498 4184 2203 6612 4227 3151 4819 6223 7075 7956 5510 7663 3739 4718 5234 4083 2556 4742 8016 2459 2168 7714 4472 4577 4010 5343 2185
3932 7652 1464 5099 3344 2360 6796 4179 3607 4805 5861 7926 7391 6945 8314 3771 4659 4105 4260 2513 5054 5399 2240 2803 7270 5238 5219 3017 5841 2073
4552 8163 2362 4683 4018 2193 7207 4500 3785 4408 5630 7751 6678 6412 7200 3183 3883 4668 3695 3053 4292 5476 2353 2254 7102 4384 4754 3143 5562 4961
4091 7654 2788 5161 3760 1501 6716 4899 3795 3952 6080 7581 7615 6790 8015 3626 4337 4287 4206 2732 3330 6272 2011 2807 7833 4343 7663 3177 4552 4528
3951 7617 2121 4633 3713 1921 6625 4853 3200 5008 6311 7975 8005 6791 7650 3574 3762 4798 3084 2418 4197 6003 2300 2034 8051 4822 7149 4207 4989 4634
4151 7990 2376 3772 3128 2211 7464 4501 3643 4893 5864 7096 7699 6680 7220 3183 4759 4300 3403 2499 4177 5565 2644 2853 7857 4051 6830 6795 5688 4316
4878 7282 1586 4311 3116 2316 7373 3858 3959 4909 6574 8303 7437 5649 7753 2753 3607 4521 3838 2712 3431 5833 1995 2580 7516 5113 7642 5559 5824 5240
5005 7677 2573 3757 3261 1833 7884 4662 3155 5128 6799 7908 8033 6088 8082 3813 4304 4796 3248 3007 4002 4937 2637 2020 7686 4856 7946 5644 5382 4618
1 26 24 3 102971 0.9801743280395645
29 13 9 3 76931 0.9440127709543218
0 14 13 1 66818 1.02396554965785
10 14 18 23 55909 1.0053784617585042
6 22 17 16 46190 1.047938916096549
15 9 6 26 65569 1.0228698366155955
5 3 15 0 37125 1.0589226302827246
17 18 25 2 63051 0.9841460527183821
24 29 25 14 53725 0.9483769658396045
22 6 3 21 82157 1.0717903489027254
5 2 1 13 40907 0.9605603439164025
10 20 17 5 64096 0.9845792383408735
29 11 21 27 64921 1.0698545192022813
5 9 18 26 67798 1.0305726295352453
1 8 2 22 50354 0.9431560245155912
6 19 1 6 48724 0.9944316817696774
17 26 3 19 46169 0.9157242354498453
29 15 14 25 58762 1.0172596610085922
25 16 10 13 61294 0.9376686570659848
28 12 16 28 69973 0.9208047962975493
27 12 22 24 41049 1.0110970619682451
23 15 12 11 37372 1.086255476803314
12 25 6 2 75700 1.024419845514489
15 10 0 17 66752 1.0016270953579935
9 1 10 29 94765 1.028681820906579
14 27 19 1 86232 0.9382713485521454
24 8 17 5 26898 1.0241816854014612
6 11 0 28 64161 0.9229387051086584
20 26 9 18 53291 1.0444888273947788
4 1 12 25 71351 1.0061753295166818
14 4 0 12 49650 1.0599745522751283
23 7 26 21 56396 0.9515465183664271
17 28 8 21 39161 1.0886610002814967
16 4 21 27 62432 0.9734616288825706
23 18 14 22 31851 0.9224779526504631
21 25 23 7 45144 1.089945455390125
27 27 13 13 79303 0.9799802945629195
4 13 25 21 78397 0.9774655758422766
3 27 15 23 31478 1.0895988149978966
10 1 8 9 34253 1.0978450428073026
14 2 22 25 74217 1.0245641100343355
8 6 27 29 103291 1.0742816376592716
24 26 8 18 68435 1.0728440175954952
29 28 21 12 66680 1.0808998676773043
20 1 9 17 74609 1.0658310586544546
22 22 1 9 71185 1.0689358046507897
12 6 26 27 89043 1.0288567489482079
4 2 28 2 54188 1.0142398013681544
28 22 9 18 64568 0.9941855148856995
21 6 2 27 93064 0.988109494189948
6 28 26 22 61838 0.9563374631805626
8 6 3 21 53556 0.9605761024143654
4 5 16 0 44075 0.9082561617594055
11 6 3 1 36641 1.079631492750287
2 1 0 27 87193 1.0326187792373562
27 17 23 23 26890 0.9490611557412522
20 4 6 21 85949 1.0234556569062803
7 10 18 12 32123 1.0544281607426276
15 14 6 4 55044 1.0829376515255285
1 26 17 12 66143 0.9298039519081653
13 27 22 25 28353 1.090136042351704
21 27 4 24 38858 1.0153576658917314
28 9 16 5 38262 0.9518810425715198
23 9 28 27 69377 1.075789082559422
3 15 7 0 62257 1.0051713843281722
27 20 7 29 60163 0.9796251979265742
25 8 23 18 39402 1.0156643817364968
12 24 2 14 56442 0.9270538172622738
21 15 26 24 34140 0.996413074764117
4 4 19 21 75428 0.9133853860015647
12 19 21 5 60140 0.9102468097732958
6 14 4 29 54860 0.9764835393009553
14 20 24 8 61413 0.9124365872372636
8 16 23 27 70228 0.9384634376295818
28 17 0 28 91861 1.0201645566374409
21 23 12 17 43699 1.0802783803420892
16 10 6 20 54858 1.09109115132
23 1 19 26 72301 0.9604746690387922
18 28 1 29 44687 0.9530782674482444
19 10 20 1 45047 0.9116276709858633
20 9 22 23 43164 0.9422873349250491
1 19 27 23 81298 1.022617513326963
0 10 10 11 21459 0.9415459027903907
15 6 6 0 49839 0.9679028637596764
5 28 11 9 68785 1.0032145661141896
29 12 24 19 39531 1.0048368756246062
25 23 8 28 49693 0.9278213348274512
18 9 0 7 55605 0.9967281479192592
16 7 4 4 31654 1.0090728465346752
26 22 18 24 25275 1.0713960510279321
10 8 20 1 48094 0.9125517272101873
17 5 28 21 66519 1.061701180920938
28 26 15 7 83024 1.027381676117155
6 20 13 6 61465 0.9751572410326074
1 24 22 18 57842 1.0701457121394091
20 0 7 3 43375 1.0656198032792994
20 9 7 9 42403 0.9146272639917962
16 26 21 20 22570 0.9607584608210248
14 23 17 7 46678 0.9425552966455432
23 12 12 5 46157 1.044236044085537
4 22 14 6 61432 1.024294187906291
22 7 4 19 66620 1.0941885414674333
27 6 0 10 70805 1.03882781397322
3 29 8 16 51328 0.9638333985495966
22 14 29 8 39390 0.9457982530737313
15 18 26 0 76854 0.9156172387591713
28 21 21 4 62458 1.0725063432312962
14 17 28 7 74006 0.9077649398563773
25 21 7 17 73696 0.9923389462114703
13 27 19 17 44841 1.0880065041085112
12 1 15 26 78193 1.0075672749805877
3 15 29 10 98404 1.082053838473098
14 11 21 0 51749 0.9706927613071176
10 28 21 27 33711 0.929997395949477
10 2 18 9 40767 1.0967140232399373
13 16 18 25 36342 1.064929127840142
6 14 25 6 72735 1.0648865627300506
21 21 6 6 72286 1.038685026450417
4 12 29 28 103660 1.0708212376892128
20 5 9 12 37648 1.017571156604487
27 23 22 6 54622 0.9926111239422718
1 26 0 3 78072 0.9847398338975278
26 29 16 13 61149 1.0738491357298985
11 25 23 5 70432 0.9994213169613503
8 9 18 6 43033 1.0622181116055442
0 3 23 17 86371 1.022276678701333
0 1 25 22 103749 0.9522650769102871
2 3 17 24 80716 0.9011377063032995
20 10 7 0 69796 0.9833971017255292
28 29 6 8 107733 1.0223498701129827
25 14 9 3 77744 0.9040172723973374
18 1 28 18 67014 0.9544263395548058
0 3 3 15 49776 0.9770328861129957
25 5 3 28 97820 1.0290651564476732
26 5 7 11 50120 0.9772704942562588
4 21 19 19 48563 0.9630547130414797
22 8 20 20 35989 1.0435120004091039
15 18 20 23 27904 0.9844982149495941
10 10 8 26 58162 0.9363097738316742
29 18 21 6 58662 1.0998619276688895
18 23 3 28 42241 1.0068406018942127
15 2 3 17 67279 1.050468900900646
6 14 22 5 63046 0.9951998516779732
8 0 20 12 62198 0.9203124180131531
4 14 0 4 39375 0.9478304288560515
29 8 0 8 83309 1.0121996802850957
18 0 7 21 100352 1.010666674348702
19 21 14 3 65978 1.087443391770036
26 11 5 21 95599 0.9675836811598701
3 19 20 3 78169 1.078609015559885
13 29 23 27 28423 0.9117295706632783
16 22 1 10 55353 1.039629331627597
14 6 2 0 47715 0.9445479528655996
21 22 4 3 76321 1.0897919287970856
19 26 11 11 52135 1.088055763940405
4 5 27 26 102705 0.9844034526201538
25 25 4 11 78870 1.0123632097236552
18 17 3 6 62383 0.9905658866562087
1 25 27 29 66054 0.9617292391934971
17 21 2 2 77798 1.0358414984404958
9 23 19 7 69211 0.9524477548826351
23 8 17 2 29209 0.9585122077554661
0 6 11 20 68937 0.9917110285887589
25 19 18 27 34827 1.022562905062401
1 19 23 1 98065 0.9848412542355697
12 12 27 28 86873 0.9870549420395707
17 25 13 7 50389 1.0737264915530227
24 19 5 28 62730 0.990122132813523
4 1 4 23 53803 1.0942418903315907
14 23 6 19 39725 0.9864425156221728
1 27 23 22 55811 1.0389449666635275
0 23 27 26 80599 1.0363270641418987
15 16 22 11 35159 1.0097776057505845
13 10 26 27 70644 0.981803789241246
28 5 26 27 74579 1.008198103804114
4 2 6 13 36096 1.0551575276107603
14 20 23 21 36539 1.0500951753830203
29 2 4 9 68692 1.0960192340985468
21 12 19 22 26431 1.0127571013290333
4 1 11 13 43359 0.9059699662007138
5 29 15 23 36075 0.9329863655328153
29 0 13 3 47836 0.9475806672500907
2 7 11 1 42806 1.039399991576452
6 13 20 12 42058 1.0644193652618297
28 27 3 5 108265 1.0835884641344398
0 27 8 3 87430 1.003331853821179
18 4 28 11 49138 1.0088658644409942
2 15 3 25 40467 1.0868039634143023
17 26 28 22 35782 0.9449214128010672
26 2 29 28 85127 0.9883238057034722
2 9 3 18 35099 0.9647493898866925
7 23 20 0 98094 1.0145383816459543
10 5 15 21 58394 1.0353124870792958
15 2 20 12 43191 0.9708064482571581
10 29 1 19 55614 1.0215230069257881
0 2 23 16 86025 1.0850133164966806
12 29 29 11 88177 1.0502452887854843
1 23 13 12 54691 1.028271719512874
16 13 0 25 53888 1.0226585453888193
12 19 15 7 49203 0.9146673665756365
5 28 21 21 50852 1.059711911609937
18 9 17 19 34162 0.92667263287538
24 28 3 0 113383 1.0583859449695112
15 15 15 28 38212 0.9131038174689937
10 26 3 8 63801 0.9931028232159418
1 5 20 17 75891 1.0396356660675075
1 10 9 28 66651 1.0511106956006706
6 16 7 7 48284 1.022081024397473
14 12 12 22 39021 0.9682378988084979
28 18 27 8 28922 0.9203204919662571
10 9 26 4 54618 0.9191710796558128
6 7 15 23 68031 1.0730720299131942
19 5 7 23 72982 0.9721470009565913
5 3 11 24 73357 1.0701745330761618
23 21 17 13 45843 1.08408160633605
15 7 22 23 56348 1.0658847110266458
5 19 28 27 86934 1.062951419134195
2 12 5 27 49721 0.9457167325932055
11 16 25 25 71456 1.0953467731675928
22 10 13 28 60176 1.0043520063968256
4 5 15 12 37023 0.9681856666559745
25 7 4 23 87815 1.0562221813851367
8 28 13 15 47951 0.9767143431859437
5 1 16 5 38174 1.0406897389480503
5 1 15 4 38920 1.0710379397559004
18 6 11 0 44074 0.9086311241162771
29 20 4 10 81045 0.9834532641802897
23 26 27 18 38197 0.9093148759330751
8 7 2 13 35829 0.9076879869870419
0 27 14 2 97090 0.9005240869208906
24 18 0 1 99485 1.0336165558000678
3 5 2 25 56752 0.9478668172577835
29 25 0 18 109322 1.0283173819331706
16 13 9 18 42906 1.0263549350358523
21 2 23 23 56231 0.9606762590708365
18 27 20 0 79916 0.9093221618923379
6 16 9 3 57166 0.9151797372898834
25 15 6 16 80162 0.9281954382249383
22 1 10 11 46652 1.0837522952173846
2 14 2 3 43227 0.9509912928117004
1 24 18 26 38897 1.030133650664091
3 22 24 0 97942 1.0990473147756024
4 12 12 8 28035 0.9172675712992296
11 26 1 27 28962 0.9431157565057948
17 20 9 11 37058 0.9212437935354909
14 7 18 1 37484 1.0634654147936558
20 12 12 22 48963 1.0926344592198611
29 26 10 15 94454 1.0492589420733731
20 29 24 17 35062 1.0266612263703032
21 6 9 8 44238 0.9526131772024757
24 8 0 7 69692 0.966165736410969
12 5 29 7 43756 0.9797945782859037
8 15 19 27 63637 1.0969228139769012
29 25 10 16 83428 1.0189714420046887
1 26 27 10 89526 0.9787774056025341
20 15 16 9 27351 0.9013094360258066
10 13 18 16 42327 0.939230940952515
21 28 14 15 46830 1.0217308730054815
9 14 16 8 28269 0.9333858700845679
0 2 23 4 60217 0.9245954676133701
20 3 3 19 78169 0.9980670029698431
24 5 3 25 84585 0.9964503144459903
25 7 26 23 52707 0.9899066391396135
15 3 24 4 32210 0.9885917580969099
4 8 27 20 78277 1.0199823383408748
3 10 4 1 27428 1.0349568324503569
27 29 5 4 110096 1.0929883686029487
28 25 23 16 44310 1.0284464696760278
6 3 27 3 54471 1.0572261082966643
9 7 2 22 57759 1.008484251117373
16 27 15 14 35581 0.9687359522339676
23 10 3 29 84780 0.9249166465455069
15 22 13 1 61298 0.9806892590713193
1 8 23 11 62061 0.945834799172115
15 25 1 12 60427 1.005388445892891
25 6 15 14 52585 1.0051071319115836
27 22 13 3 78106 1.098912025072615
16 19 26 17 40184 0.9838070245552328
9 21 0 28 47997 0.9029824181235652
2 15 11 12 38988 1.0320758934789227
13 20 29 13 71227 0.9871069179903982
9 2 6 22 68636 1.0929355549257258
29 12 7 6 78588 0.9350494346508436
18 25 9 5 65133 0.989816781054948
18 6 22 26 69730 1.0807523700409045
1 19 12 21 50014 0.9660258393559157
18 11 10 19 49076 0.9856334768108616
27 16 5 6 76357 0.9076007325417248
18 3 9 6 34596 0.9981186409675761
10 4 23 0 43415 1.0525588380543067
13 8 4 5 26185 0.9275619766342258
26 24 28 1 74427 0.9035932261250476
21 27 13 9 56385 0.9233603954851805
1 12 26 5 65309 1.0892485759970225
15 27 25 6 76256 1.0474081888359321
23 19 21 4 44372 1.0380629346527512
17 26 10 14 62654 0.9892525603540792
22 24 6 1 95716 0.9105346395652596
9 3 23 15 64425 1.0385529445410162
20 11 2 12 35808 1.076279104585734
25 29 17 16 55018 1.0146763004784445
21 22 25 0 62478 1.0985876338564013
17 22 28 4 68641 1.0521321361328069
19 1 25 25 82489 0.948830932114202
22 8 3 23 76190 0.9481116220858568
16 0 21 27 80810 0.9321009413421771
20 15 1 7 65498 0.969307007739626
28 20 22 2 57716 0.978301255194419
4 23 12 8 56205 0.9010077395642936
27 8 0 13 79473 1.0390934124075857
28 19 16 24 39713 0.9918248669188572
15 1 6 11 46480 0.9105387861816188
16 21 26 11 61669 1.084715267465708
26 7 1 13 78801 0.9244552139703974
6 27 16 2 86816 1.0390197634520846
17 12 26 5 44364 0.9405487729163645
6 13 20 9 46333 1.062396427227177
8 18 27 2 84726 0.9286468527428132
21 26 26 14 43860 1.0701198320318666
9 26 6 16 45107 1.0689449222560268
12 15 18 28 58755 1.071994469310705
17 3 1 7 50963 0.9262106046833939
9 4 11 21 69014 1.0863979614876427
2 14 12 20 64649 0.9184044552683075
25 15 10 19 65042 1.046724519283785
22 12 13 1 46428 1.0888779365575856
2 0 12 9 55701 0.935419516089934
3 19 12 9 48993 1.0531198107094282
10 9 16 26 52653 1.0997296956077094
11 20 29 22 51373 1.0899733531781344
10 23 27 0 94908 1.0266945862725376
3 5 11 9 33456 1.0898552725885566
11 12 18 15 28711 1.0323487393888888
4 28 12 1 92409 0.9149142957200818
11 22 13 8 45586 0.9350925239682688
4 9 24 16 62541 0.9332832818122929
5 18 8 8 45374 1.015556929266868
10 5 14 27 70381 0.9531844103445898
22 16 27 21 25999 0.9484751748432425
1 9 11 8 29634 1.0576769041285201
10 1 2 19 72840 0.9638695340907515
5 12 25 5 58429 0.94378707491946
12 13 3 26 61556 0.9715797264801644
22 12 3 26 66958 0.9693153007855653
24 12 18 21 50281 0.9532772273668768
8 28 13 20 32418 0.9148836790544695
28 14 23 6 43953 0.9014808421412664
25 5 6 8 52762 1.0559986624711597
14 5 29 9 47398 1.0142162033274877
2 23 7 5 57070 0.9798775856475757
11 25 5 29 23553 0.9516555998152161
23 27 2 20 64899 1.034076461093199
19 16 1 12 55561 0.9491482138756474
21 7 18 28 62533 1.0894556811468437
14 13 9 25 46408 0.9150251039092225
10 0 8 19 76652 1.0350688848072478
19 20 8 13 52643 1.056105858577138
21 15 26 24 34140 0.9125438104648311
0 9 12 1 51651 0.9608613087888388
26 12 6 16 92036 0.9033720375359875
10 12 24 18 56608 0.9782952818372728
9 3 6 23 67506 1.0802389099723844
18 13 0 7 60956 0.9088693845951806
27 26 3 28 76975 1.0668032084799912
12 5 20 18 55700 1.0527371533178767
28 12 26 1 44517 1.013382221545024
1 3 19 1 52825 0.9275579080939662
6 21 13 9 58895 0.9198718743691667
8 19 3 13 42916 0.9559878966370894
11 6 29 24 95345 1.070492940193122
12 0 24 2 34965 1.0872764896085774
7 23 29 7 97574 1.0940877977320411
4 6 25 13 74151 1.0368420180379394
29 29 21 20 45849 1.0460762673901156
12 29 16 10 52020 0.9338844218842188
0 0 16 13 67512 1.0641524417607218
2 20 11 25 32437 1.0840887893529814
20 27 27 1 75047 1.036727611823093
22 26 2 23 50724 0.9814641230624023
12 22 15 1 69822 1.0752257050219654
5 20 27 14 85831 1.0909100565268157
22 5 2 0 60149 0.9141383252637437
18 9 24 4 38326 0.9605599260743156
26 22 11 13 64773 0.960664631724236
23 17 12 14 56273 1.0188648314246977
17 2 10 16 61813 1.0102940034045094
21 11 12 5 32380 1.0245946857960977
27 13 0 19 108654 0.9088313441657677
19 6 9 16 56521 0.9338265067072754
29 15 23 7 44076 1.0307896642112593
6 26 3 10 55422 0.9318185093629743
14 21 0 20 55382 1.0797332639595443
20 26 15 4 65619 0.9447870712143749
19 25 8 11 50836 1.062176414895387
7 20 7 5 59682 1.0478364803469855
25 8 9 14 56294 1.0815639474019316
15 28 26 22 41540 1.008136842435346
7 3 19 20 76223 0.9770816560844358
0 10 26 25 95375 1.034974686721873
1 25 27 19 62559 1.0372541373212831
17 14 24 17 36856 1.0669171649791747
8 28 17 15 50539 0.9905052386147253
2 22 15 13 61042 1.0566261648463104
13 16 22 1 56758 0.9034253851245279
2 21 25 22 62913 0.9672022232059752
26 8 24 23 50208 0.9611082211659424
8 2 27 5 46325 1.0369583586207152
28 28 14 7 95989 0.9927651601456301
16 4 23 15 44270 1.0724432379630369
20 24 5 25 28863 1.0518670645166242
26 6 12 4 41912 1.0217496938062507
27 18 18 27 41961 0.9916553041230477
20 2 14 8 36135 1.0790194524421162
5 23 13 7 57736 0.9972672580285389
21 19 28 3 57563 0.9212173322238681
0 22 4 7 47742 0.935621292574684
23 22 7 14 74257 1.047540850241775
26 27 18 9 73579 0.9678032969236329
12 28 20 23 29917 1.0110567764493072
9 11 17 19 32302 1.0631826872566725
1 5 20 1 57924 0.9583340351512319
7 2 28 15 76653 1.0199215029526005
7 27 16 15 45879 0.9427135438364087
29 10 19 10 58428 0.9837578477405946
27 17 9 26 58808 0.9814135913011124
3 22 21 18 53534 1.0526707736928422
28 16 24 23 30408 0.982051284082094
23 1 13 5 33523 0.9037004617141523
20 15 12 13 39691 0.925949899395128
13 11 5 21 47598 0.9099712709329754
29 29 13 2 110632 1.0989617786240875
1 4 6 12 37649 0.960460267148517
19 1 20 20 64101 0.9072926260912398
2 2 16 8 44714 1.0748780037330208
23 5 17 16 47547 1.0332258274783948
0 5 18 6 49760 0.950525972369974
28 2 26 24 67061 0.992413723360037
9 26 27 19 53436 0.9200129927756423
5 21 16 29 46129 0.9804734607305928
16 16 15 7 26449 1.098887580872408
6 9 16 4 38958 1.0578767665869233
25 8 4 16 67895 1.0384025925612488
26 28 28 9 71039 0.9260248544174334
27 25 18 8 72683 1.0648938448450087
6 4 22 20 76460 0.9849528552651621
29 2 16 1 33817 0.9007832804186513
6 16 20 25 60630 0.934628507241709
10 27 23 25 43073 1.0169777673461196
6 10 25 13 66327 0.9179561330573303
24 0 20 25 71957 0.9559956795183407
28 20 19 7 61872 1.0658001054742199
8 16 28 7 77537 1.021993358670459
1 3 28 11 83613 0.9561914510747626
29 22 1 24 66333 0.9532358596996677
5 4 12 21 72156 0.9269306881345539
1 4 13 8 41909 0.9807070170144314
25 13 11 19 73657 0.9114958895622095
0 12 23 29 84510 0.9212712281406521
3 26 13 3 80203 0.9732703476766823
13 13 13 29 46258 0.9360035905935697
26 18 14 1 74082 1.0606303040528176
0 4 16 13 55828 1.0880601778817718
2 29 16 25 34991 1.0008973280599534
8 12 22 16 45809 1.0134374564506565
16 20 19 5 42015 1.0710272469390771
24 28 20 10 57320 0.9751279617696288
0 0 5 9 39858 1.0334533344622898
0 12 2 3 38024 1.0472720677797114
25 8 11 25 70680 1.0088287094630046
18 22 28 11 56251 1.0274490696659822
17 7 25 11 42927 1.0158739909279846
15 14 11 23 39285 0.9797604675482778
13 9 25 9 45596 0.9234158293849036
24 7 6 24 86754 0.9278616051510348
25 22 9 13 64438 0.9084202705278732
15 19 4 23 42076 0.9481413680644576
10 16 2 3 56870 0.973303314600133
18 19 8 25 32638 0.9978713177623802
23 22 24 6 52587 0.9852195936276767
29 26 1 14 116346 0.9058851099400624
5 8 24 24 80317 1.038746027082722
8 11 9 27 58618 1.0621060706029364
18 3 28 3 32429 0.9824610431256876
26 10 12 17 73804 1.0202688241105375
7 5 18 1 38856 1.0813336435262406
0 19 28 14 110000 1.008618707944301
13 18 24 5 58336 0.9481163080976925
20 17 3 22 59455 1.0589082834416903
13 6 21 11 28504 1.0192353605441524
14 10 28 21 65879 1.0834631894705282
19 16 14 4 48365 1.0624549604505458
20 5 1 7 48024 1.007280120501338
18 9 26 19 54234 0.9842906025313901
20 26 29 5 67502 1.0557743387623544
8 10 0 5 34373 1.0400695068105867
2 4 6 29 77222 1.0511907384215586
7 20 10 10 46472 1.061080713475881
1 25 7 10 53172 1.0719140682104
3 29 17 18 54973 0.978874437631009
14 15 25 29 61703 0.9009794788357431
21 16 9 12 41030 0.9029007580748938
29 9 21 11 44703 1.0726821682543803
26 0 4 19 91802 1.048824785276635
3 2 8 24 68246 0.9357942278953751
2 11 2 21 41158 0.9344884134240066
13 20 28 22 41623 0.9164987790301625
13 3 23 9 41139 1.0598301486976511
1 27 7 11 56248 1.0999429369328158
3 17 17 5 59430 0.9291726679033523
7 19 2 25 34223 1.0372646852133194
22 3 24 22 51303 0.9556805735914188
22 25 6 12 69347 0.9504444148369523
13 8 1 18 63486 1.007293233141283
23 4 0 3 59872 1.099372639604988
18 25 29 5 70183 1.0000317169420065
21 25 17 10 45991 1.0533595189051388
29 23 3 12 83487 0.9094205895431617
11 3 29 23 94495 1.0896103547923788
18 23 28 26 35975 0.9869100428097632
3 18 28 11 103075 0.9408751034693966
27 5 18 3 31001 1.0370385851679893
23 11 5 26 76253 1.0380652061473075
14 13 28 17 63197 1.0916066767662067
10 4 27 22 81941 0.9308322145546287
13 21 26 10 71484 0.9144028910295459
17 8 15 18 34403 0.9985588976648567
8 21 20 3 82986 0.9628243607056013
4 13 29 5 66242 0.9118090702610158
25 3 18 28 75926 0.9142783560727052
27 9 17 10 48101 0.9666893816769959
19 8 7 8 38351 1.033835877074048
29 7 28 20 44803 1.0715951306280007
7 11 0 2 37310 0.9948598082970694
15 17 0 1 78971 1.03737125126016
8 8 21 11 35474 1.0761743492963225
20 13 26 28 54190 0.9883114533990681
18 12 25 26 69334 0.9054044845091521
24 25 24 14 45995 0.9640648463099608
4 18 28 0 92696 1.0699207911343598
9 13 17 11 20045 0.9081995228224241
24 26 5 26 53705 0.916419379176587
24 6 24 23 58254 0.9594486935169562
26 16 9 13 63786 0.9604802153159433
7 29 22 18 51341 0.9676828829899996
6 0 18 5 49737 0.9869404340984398
22 16 4 28 59308 0.9016816098577047
29 11 13 25 80285 0.9084666471042445
4 10 27 0 72166 1.0153696776881902
19 1 11 6 38400 1.0352530707224832
21 22 12 27 29920 1.0248525436348137
10 25 13 0 75908 1.0287404085959198
17 27 25 9 66320 1.0487333239868675
6 9 16 29 69801 1.0628921348104616
8 18 27 29 80540 0.965674915123741
11 20 6 4 72617 0.9620487051132982
24 22 17 26 26832 0.9538711853354228
9 26 25 13 73484 0.9973309984451513
9 13 23 11 42749 1.0510369018848174
26 14 11 1 75975 1.050731353522128
14 3 3 5 30388 1.0210460007837054
22 13 29 27 59866 0.9695725989785912
0 6 14 10 40951 1.0186607422418585
27 3 10 11 53460 1.0591624038475174
9 24 17 0 89594 0.9939977635770385
7 5 22 4 33407 0.9778642204062042
20 10 24 2 35720 0.9992352765828881
7 21 9 4 68475 1.038597304277431
15 25 3 24 25109 0.9243085161542982
29 20 4 20 74701 1.0014418345760532
13 7 10 27 65938 0.9679565991278053
8 28 4 9 57141 0.9202338569115449
9 28 19 22 38529 1.0280198835402183
19 29 5 19 57941 1.043839111486968
27 7 11 3 48780 1.016326163196509
1 10 20 20 64383 0.9648179770956405
7 13 15 11 24308 1.0961472855294634
10 1 18 17 70729 1.0124588406286161
11 25 21 20 28720 1.0334754422814925
14 15 16 23 27480 0.9766432315627704
1 12 25 11 69472 1.0569887887042695
2 5 10 12 34214 0.9587345953143588
21 9 8 16 54205 1.0027152351046842
16 27 8 13 57118 0.9908952758263735
10 21 19 11 50835 0.9179361735005342
2 5 15 21 71090 0.9807520412932779
24 4 11 9 49514 0.9467448637611576
10 7 17 11 28742 0.9484972545276935
10 11 2 7 28880 1.096429172957891
15 13 23 24 52782 0.9527824357448839
29 12 9 10 82605 1.0013742067986149
6 24 20 8 76707 1.0444154918079396
11 29 4 18 41561 0.9780608428442372
8 20 16 26 33046 1.0515799922898448
3 1 24 25 104399 0.9013453554478743
11 7 25 17 70611 0.9332603088119874
9 6 17 26 70813 1.0806607149855532
10 27 3 21 35312 1.0349867747864736
29 20 5 20 79308 0.964930963292566
27 9 18 27 64024 1.0512707437888564
5 18 2 3 50828 0.9324446664713989
0 11 21 20 61971 1.094952386395429
7 18 27 19 73658 0.9877512617178186
22 0 27 17 51394 0.9809426752513276
27 17 22 4 41818 0.9304507243115382
3 4 6 18 56559 1.0751928422625356
8 23 24 0 97349 1.0265373197534977
29 15 11 28 73806 1.08995351745244
14 4 28 22 75318 1.0928621839187656
8 2 29 9 66404 0.9685879043332007
12 20 20 13 50641 0.9048198811132636
9 7 28 0 63206 0.9360816054776564
13 19 23 14 49116 1.0916027001584605
8 25 23 16 51046 1.089250402847018
20 19 21 8 34928 1.0761327325099452
6 19 23 25 67816 1.0982597160800212
7 13 29 3 78607 0.9703674448673086
16 16 29 28 70702 0.9910346224446598
6 15 25 16 84301 1.041774948084581
3 20 16 11 47724 1.0927298117244977
8 2 20 17 73367 1.0715414159081913
15 17 25 0 70300 1.0080531995208089
17 6 4 23 69007 1.0215243949047503
5 17 26 7 86992 1.0849963340025301
8 4 1 17 63891 1.0440963129263914
11 8 20 23 56664 1.024944345160567
3 22 22 10 69094 0.9638387719407431
1 28 10 4 87899 0.9014262310646716
26 13 20 9 46898 1.0575458938940636
8 5 16 22 55853 0.933556046308207
9 3 20 15 59715 1.0237300553800102
22 15 25 0 45759 0.9984701761595381
7 24 25 6 88458 1.095236425939799
20 2 14 21 71148 0.991349246534033
28 18 4 10 76753 1.0730572924324435
26 11 8 29 86734 1.0407387026960773
27 13 10 15 78052 0.9311737533128555
23 9 8 0 59271 0.9415150045359848
26 19 4 28 62491 1.0931033496568867
16 4 22 16 42624 1.061702523949219
20 17 25 12 40812 1.0130726261797425
29 25 17 8 79103 1.0080347838694568
25 7 5 1 62132 0.993199968250191
26 8 8 19 80777 1.0673157050605777
2 27 8 13 60811 1.0359976008405538
10 2 17 19 58617 0.9516897470172706
2 1 21 17 80411 1.067968029378169
13 0 16 27 73037 0.9997842144312514
1 15 8 23 49093 1.0438599189490128
1 22 11 13 55460 1.0232537012699021
21 7 27 17 45517 1.0636389130004738
28 17 19 1 63190 0.9245111066693693
5 5 7 19 52341 1.0163717385551452
28 10 19 25 61199 1.001442809416553
13 19 29 1 86242 1.0451478737555306
1 16 24 27 85779 1.087326891076323
12 27 2 2 80186 0.9730161786456268
21 13 10 21 47051 1.0602512946218277
4 7 14 0 43933 1.096623541961292
25 27 26 18 44398 0.9002271085007345
9 21 6 29 36801 0.9812471701173953
29 5 7 1 59891 0.9604387541109538
21 5 8 3 35890 1.0194669398686882
0 22 2 6 53910 0.916598496335131
0 11 6 25 46178 1.034543754970645
1 6 28 28 114011 0.9589825953556687
25 18 3 25 60287 0.9902762275669554
17 8 18 19 33735 0.9719025152534593
4 0 6 23 60834 0.9837594312935491
17 22 3 21 42246 0.9140528272727313
27 7 13 20 73973 1.0829613920690044
20 20 3 4 76747 1.0862646333690547
14 13 19 27 53827 0.930322710172531
28 8 24 22 46092 1.0388895780721084
21 24 2 29 49209 0.9986809771037375
13 28 7 12 63264 0.9443618175716504
21 3 3 22 86229 1.0381977534839943
22 0 13 3 27257 0.9822594407499549
9 6 16 28 72093 0.9841671144722681
26 14 19 21 48038 1.0462092426190752
15 11 29 4 49541 1.0306558834534991
28 8 21 2 29565 1.0865178490748917
10 27 7 2 85620 1.040513407903999
29 14 16 11 58103 1.0152914155474182
28 4 9 19 86285 0.9818859435265714
9 7 28 23 84412 1.006851634455663
18 5 9 23 64942 1.0124788637149316
3 17 18 8 56072 0.9775278188266033
7 25 5 0 73081 0.9352381764949578
25 6 25 26 78235 1.0402995768894034
15 19 9 13 39764 0.9810739185744117
25 2 24 27 74008 1.033872164215293
29 15 1 23 87513 1.0937715894805733
6 11 19 9 33528 1.0861588500279955
9 0 26 21 97274 0.9881964591689174
24 26 1 18 86673 0.9256965374762735
8 13 15 28 65205 0.9577940918336798
23 10 0 26 85899 0.9276532904650677
25 2 0 28 116595 0.9785475223799708
25 22 3 22 55150 0.9492031592314002
27 15 18 29 47355 0.9138455242703145
3 25 23 22 42677 1.0018873815370875
13 27 16 5 58195 1.0055963171413769
26 12 0 29 102104 1.090698523937327
6 29 19 6 89630 0.9176779483932063
1 3 23 12 74442 1.047414610016685
0 16 5 28 59126 0.9705358159536106
11 10 1 1 50967 1.0835432900258333
2 2 26 27 110047 0.96112766400824
18 21 9 29 39811 1.0333974018811887
24 26 2 18 80294 0.9443544703743206
16 29 9 14 63886 1.0253149701689948
7 28 19 22 42455 0.909075778498338
22 16 0 15 79900 0.9066078336888602
29 19 24 7 48253 1.0532014164554395
24 29 18 12 60493 0.9951113237428468
27 11 17 1 47783 0.921105823997957
29 14 24 4 47984 1.0102349389711671
28 6 21 12 45646 1.0054800162898365
5 3 20 21 80472 0.9189847477234051
19 9 14 16 40402 0.9330768568197
6 13 11 22 54736 0.9554568689225814
23 14 6 10 56356 0.931594148162456
22 14 7 13 51484 0.9300262896729121
14 18 26 26 61514 0.9858146597650299
21 25 3 14 67695 0.9144460973644408
21 27 16 4 62432 1.0890694087247206
29 6 3 1 74204 1.0965343624058972
16 3 4 15 52661 1.0742585501183364
2 14 15 15 50029 0.9578661011376343
16 7 25 21 64022 0.916663288184613
16 27 6 2 84053 0.9013693637079369
28 7 8 0 62281 1.032917940637859
21 1 8 21 92362 0.9381777147125311
5 14 19 3 68039 1.0211077501937076
24 3 5 6 53699 1.0875680832731514
27 9 5 28 94659 0.9877869730471535
15 8 1 8 46520 0.9642527756501973
9 18 19 7 60513 1.018925174735365
13 13 7 27 52607 1.011404056646573
28 2 8 0 49687 0.9185383708543394
4 24 28 3 100624 1.027489509772663
16 20 25 11 60296 0.9607874505552448
25 19 17 22 26194 0.9602721337260831
4 10 2 19 34097 1.0130207337835664
18 19 14 7 42891 1.03039839445729
7 1 28 24 107525 1.0717501205483024
1 27 0 16 60763 0.9788829985216251
0 21 4 7 54797 1.045872162025688
29 11 20 19 54916 0.9145889550187675
18 13 16 21 30772 1.0254749014785394
3 18 8 4 53471 1.054351838927803
6 21 23 7 85984 1.0293152054995263
20 22 3 27 43604 0.9195634162557111
0 26 15 1 100394 1.0881161004983795
24 9 9 9 50412 0.9073129474672376
7 20 10 8 55159 1.0770892121890039
16 12 29 24 62674 0.9513395026011767
27 3 22 19 51324 0.9201952029418955
28 18 2 21 80809 1.0208430561919868
12 21 21 23 28787 1.0216612020377267
6 14 11 5 49615 0.993338116453183
1 5 0 17 67623 1.0779223135316864
10 11 16 16 21268 0.9528193846233859
10 1 4 28 85735 1.0331911650979178
19 29 8 2 91743 0.9265614295285794
10 21 2 14 54655 0.9167686669166112
11 20 24 6 80341 1.0239236630830593
19 18 1 12 62472 1.0643475803590587
21 14 3 6 56328 1.0074321369533297
3 24 20 21 46817 1.004059504366644
25 20 0 4 101207 0.9450074988429886
14 22 29 7 76805 1.0750391807108866
24 18 13 24 43532 1.0376374258815375
5 5 12 2 26111 0.9379940696152578
16 13 26 23 46351 1.0735777031996383
6 5 15 6 24401 0.9701521923337313
15 1 17 27 75571 1.064857229824758
22 29 26 11 60324 1.0721028502686405
22 17 5 25 47527 0.9937921498730458
26 26 5 5 105093 1.0447284746494543
8 16 19 27 60345 1.0243201091146756
25 23 8 13 69386 1.0123530080937846
10 27 16 15 43134 1.0052791628964906
17 4 23 17 50845 0.9799939325566782
16 24 25 14 50011 0.9123379794663595
13 4 18 21 58746 0.9665809995971752
7 1 21 1 43699 1.0388762762741126
18 15 27 13 35602 1.001386700961164
15 7 28 19 66285 1.0343940889871759
17 21 0 14 74082 1.0581749136603287
5 7 0 13 33032 0.9744833353125336
13 22 27 8 68201 0.9541736127885806
22 0 25 25 75214 1.082781214542284
1 12 14 13 33942 0.9097767494926718
28 25 7 20 71188 0.9760585854121898
11 1 6 9 44611 1.0920345886101934
4 20 29 13 95113 0.987085219653259
11 27 1 0 94855 1.0258658250956818
14 20 0 1 83022 0.9059107405492308
19 9 26 6 39974 0.9208768608174566
4 21 25 20 66073 0.984640797327011
18 7 25 24 71440 0.957789403111593
6 14 7 4 47931 0.9220229934893134
26 12 21 5 37893 1.0586634137357493
17 21 25 26 44455 1.079743094583584
3 11 25 11 60891 1.0413978758186722
17 15 29 3 65510 0.9056553963580048
28 9 19 1 44670 0.9969315316668941
4 0 22 2 46053 0.9356118420103346
14 10 5 2 45104 1.0292146461313592
2 0 26 9 83681 0.9309560851371439
15 2 20 22 64874 1.067185368190954
15 10 22 14 32702 0.9531533876473659
23 2 22 23 53356 0.9241292144867782
26 15 4 0 86756 0.9145314745214576
11 25 19 16 45776 0.933244279860084
21 19 7 24 42606 0.9320469143416603
26 21 3 2 99724 1.09066315344801
27 2 3 24 104580 0.9676353673967086
15 1 16 29 77931 1.001666648481381
8 25 18 0 93380 0.9084786298729448
3 22 16 29 39070 0.9286745235582929
11 6 17 19 51810 1.0208704967949918
25 21 16 17 39308 1.0398360931850257
16 19 10 25 23785 0.9765988631490368
16 14 12 0 50340 0.9505776506034322
14 28 6 26 29841 0.9497163285164755
6 29 6 10 61608 1.012492614946628
18 24 17 15 30636 0.9094324139975415
13 3 18 9 30922 0.9885704637031776
17 6 9 13 37252 1.0155280770268018
22 20 0 13 75583 0.9454143411207887
1 22 8 14 47405 1.0018023257181627
3 20 21 19 58299 1.0908753135838067
17 5 13 15 32943 1.0167294406848364
5 28 10 23 31052 0.9140781537214848
10 1 3 23 74410 0.9348455150981835
26 13 1 18 110578 0.953947345568514
17 12 10 26 52930 1.0899020281675569
7 23 9 6 59489 0.9660667602081734
19 1 0 23 100611 0.9872986921209393
19 22 3 10 60984 0.901170963883132
8 4 0 16 64102 1.0862495094638596
13 24 3 3 73082 1.0849057421263715
22 21 10 17 52599 1.096421179257892
25 24 29 13 50007 1.0229115185549733
27 1 22 25 71549 0.9500985697553391
11 1 20 17 73497 0.9919956793244751
24 25 18 0 86507 0.9542506407900818
28 12 20 24 52934 0.972066019955452
5 7 10 13 33793 0.9645759711159023
20 20 16 2 62375 1.0455888333101684
19 2 0 26 100728 1.0952511031402463
3 22 14 10 50709 0.9394473156537255
26 19 12 24 45354 0.9437375371059233
9 28 24 25 50402 0.908966315084329
14 26 24 1 84373 1.0948567730384768
28 8 0 6 70075 0.9969560997569133
7 20 25 19 60443 1.08765600779865
6 8 20 26 76879 0.9557337015436099
28 20 11 29 55881 1.0127402540310297
7 10 13 22 48340 1.0002150385627087
14 19 10 29 36947 1.0895390182056894
0 4 20 24 91617 0.902342291828016
1 23 25 29 65968 1.012829697296425
18 12 16 24 40919 0.925225321225842
26 24 24 11 62347 1.0393795000032837
18 6 27 27 91175 1.0997685285999246
7 20 28 21 64111 0.9334912125963728
28 14 7 12 71050 0.9512385871855383
18 25 28 23 29184 0.9662631903718886
6 7 11 13 37988 0.9836953542762192
13 4 24 29 81009 0.9394901470514627
23 24 20 0 73578 0.9436088860966249
29 11 7 16 102409 0.9260156643226294
19 28 15 18 43395 0.9264899214907707
12 4 0 22 75669 1.0999631833582326
9 28 3 6 69280 1.0275700318362793
19 7 4 13 47099 1.0008566282441163
0 12 29 23 91288 1.0665093137110242
24 16 29 25 46512 1.0608459086364903
20 14 24 22 27620 1.0697408711390182
15 29 20 10 57359 0.9827184801392673
2 10 19 28 79642 0.9370571388888407
7 20 4 0 64576 0.9768525613584959
1 11 14 17 44820 0.9744992978303161
18 1 11 9 47601 1.0685172087388635
3 26 13 10 60093 0.9749316871851723
29 2 4 28 108273 0.9175404780144177
13 24 19 19 28230 0.9059773113173675
3 28 6 11 52809 0.9292863158724975
0 12 1 22 46871 0.9609686583834229
19 5 8 17 56891 1.09370743122321
19 22 5 21 43221 0.9214618470989551
22 17 25 24 30065 1.0508520311653267
18 12 15 19 33577 1.0907109538084505
17 22 2 22 38298 0.9742559198596503
22 16 9 10 45035 0.9418550227886431
22 4 6 7 46292 1.0054766961884796
26 25 18 11 61205 0.9553038438373043
10 12 12 3 36130 0.9640053166058422
5 19 27 8 87218 0.9705558339272006
5 9 14 19 50324 1.0241657997941216
8 18 21 17 56728 1.0997460247159225
14 5 26 25 83120 0.9259035381022188
28 10 12 10 64944 0.9546393527953742
26 13 12 21 69275 0.9034653464238708
13 11 27 28 80040 0.9381127025016742
15 6 2 12 46762 1.0063971230973576
23 12 4 14 54884 1.0884768758152055
5 25 21 9 70923 1.012748126034811
25 3 4 1 53059 1.022461049252982
0 5 13 19 64159 1.0213081130518278
20 7 28 18 56482 0.9266630324117707
22 28 8 13 72054 1.0514879164881008
17 26 6 14 69227 0.9234232787312763
6 4 21 28 87654 0.9812257821121815
8 21 11 10 46441 1.0139836173752728
5 24 22 18 52402 0.9822537043548913
4 8 25 5 50601 0.9087171966172769
14 0 6 24 93966 0.9933985658583137
1 13 28 21 92918 1.0581954068717687
4 3 9 15 42102 1.0359858398974944
5 16 13 25 40893 1.0968976353209987
13 24 25 6 76343 1.054589848039114
1 27 14 22 38688 0.966276646245361
23 7 27 16 39497 1.0870498481713535
8 23 24 11 77975 0.9742101030246308
28 7 10 15 74248 1.0225625930652948
9 16 1 7 50026 1.0506635730079248
5 20 4 29 28078 1.084567368844077
24 3 20 28 70878 1.0746424674557293
25 17 11 22 51218 0.9166264923294912
0 14 24 23 89804 0.9036662540288353
28 25 16 29 45966 0.9869484081646043
3 11 20 26 66189 0.9027726349845142
6 26 8 13 54356 0.9832248266774994
2 15 13 14 45444 0.9071102332633524
20 5 29 1 33737 0.9510850008476962
17 28 12 15 55051 1.0242203024576544
14 6 4 24 66418 0.9190334897309778
5 29 16 19 45427 0.9161949228658728
18 1 28 22 75265 0.9192639158544834
16 3 3 6 36235 0.975918603192428
29 23 13 26 43205 0.9308266652347047
20 15 26 7 43220 1.022397766679618
20 8 17 22 47542 1.0524146667590561
7 0 1 10 50444 1.081380747810636
0 1 0 11 44783 1.0664730377310345
1 29 5 7 69939 0.9656262253791467
23 8 14 16 50813 0.9022401517528348
3 14 20 29 74226 0.9235269421326583
5 25 29 20 61066 1.0909162043515646
12 2 1 12 52424 0.9522859937288681
29 18 3 17 93707 1.022160551042472
27 0 1 4 73610 1.0860789085128213
1 24 7 4 70813 1.0336862827417193
20 8 1 16 70047 1.0913698093321167
22 22 29 18 28728 1.0285412153182318
2 14 19 10 49529 1.024021182163723
26 14 2 6 82134 0.9815857707670985
9 5 19 12 40444 0.9421747077231383
4 27 5 7 56035 0.9365356067142154
22 17 24 4 39862 0.9951911196267365
17 18 12 11 31107 1.0881149743467187
7 9 13 21 49679 0.9433447762703109
29 29 1 13 116030 1.0254066968472393
4 6 8 16 37597 0.9808325058247133
26 16 14 18 52129 1.0106483595551288
16 15 5 10 35157 1.0114578037541861
27 14 0 22 87588 1.0234052038844232
1 27 15 24 37091 0.9556987913166484
18 2 6 13 60981 0.9411448211415695
20 16 0 13 66074 1.0398979767597338
18 8 13 1 32757 1.0955701852223665
9 10 26 25 79911 0.9779351558929427
17 17 0 29 64926 0.9951478834257074
14 12 2 12 27883 0.9984153478840213
14 20 26 0 82248 1.039733111901143
20 25 7 12 60799 0.9473223325497715
14 15 7 20 52117 1.0980523830966744
6 23 17 4 73912 0.9953203615716305
11 15 1 0 67844 1.0731662563455793
20 15 8 23 51764 0.9474601978551643
15 12 26 12 57664 1.0628257275391964
14 23 25 6 70122 1.067572638894422
1 9 29 23 89974 1.0766118700391818
21 27 12 5 67934 0.9062354745801077
20 14 10 10 35420 0.9544670478583048
11 1 18 14 64181 0.966806782440377
15 20 12 12 37806 1.0861786794198567
9 2 0 28 97288 1.006615478417402
12 11 3 8 25896 1.0267113348171382
0 17 18 16 86949 1.0219682249160387
2 22 12 13 57265 0.9730381352257087
24 21 1 15 93595 1.0841468838604928
17 15 16 2 41163 1.095020712749817
0 19 24 4 99200 0.9288321399455904
23 11 7 1 68620 0.9371598055262575
13 14 16 6 25372 0.927822124349608
