2127 1911 2006 2248 2078 1856 2090 2003 2097 2098 2238 2123 1909 2051 1711 1856 1894 1948 2098 2066 2045 1859 2077 1959 1968 2082 1797 2087 1766
3908 3973 4243 3913 3840 4219 3856 5403 5431 5567 5360 5462 5857 5880 5603 5644 5385 5610 5897 5450 5359 5459 5673 5890 5634 5495 5586 5753 5403
7945 8013 7921 8291 8442 8257 8085 8187 8235 8421 8021 8222 8318 8098 8230 8355 8413 8417 7972 8030 8402 8230 8454 8043 6488 6589 6727 6672 6324
7386 7620 7615 7612 7244 7348 7641 7500 7577 7660 7500 7525 7536 7260 7636 7367 7686 7460 7567 7674 7428 7583 7772 7313 3678 3898 3805 4053 3630
6950 7019 7428 7167 7231 7398 7099 6945 7311 7300 7480 6944 7397 7412 7438 7067 7432 7256 6978 7105 7414 7189 7220 6987 7239 8081 8118 8036 7766
2153 2692 2366 2312 2309 2520 2663 2255 2661 2481 7238 7150 7315 7198 7024 7419 7080 7241 7372 7369 7196 6981 7303 7198 7040 6994 7361 7328 7250
6821 6797 6801 6531 6612 7017 6663 6609 6700 6995 6536 6934 6976 6782 6740 6571 6945 6715 6979 8475 8501 8143 8290 8400 8489 8062 8045 8179 8496
3873 3670 6593 6913 6639 6726 6965 6599 6974 6722 6854 6877 6997 6741 6981 6651 6763 6652 6777 6992 6915 6833 6687 6465 6684 6495 6464 6731 6485
1176 1525 1082 1090 1591 1287 1453 1338 1397 1116 1107 1158 1312 1239 1542 1789 1570 1269 1376 1490 1779 1229 1265 1298 1413 1366 1610 1508 1425
8268 8588 8509 8323 8608 8564 8439 8222 8321 6875 7197 6713 6871 6784 6997 6721 6800 6769 7182 7206 7042 6823 7068 7075 7208 6716 7011 6798 7227
4280 4618 4299 4390 4638 4207 4443 4605 4467 4488 4622 4358 4480 4191 4606 4547 7623 7416 7386 7412 7321 7620 7428 7328 7258 7682 7574 7688 7629
5455 5046 5195 4991 5190 4957 5231 5502 5286 5213 5117 5410 5202 5521 5189 5118 5351 5152 1825 1807 1393 1332 1635 1822 1624 1790 1830 1407 1507
5433 5170 5183 3822 4066 3741 3914 3749 3777 3806 4217 3793 4020 3894 3799 4250 4068 3797 3990 4078 4096 4179 3817 4185 3829 4084 3913 3813 4125
3093 3052 2826 2650 2643 2864 3018 3012 2700 2841 2744 2655 3468 3336 3514 3451 3394 3334 3246 3444 3312 3755 3616 3467 3787 3482 3376 3551 3333
4488 4344 4223 4649 4184 4671 4259 4216 4552 4454 4243 4465 4188 4595 4441 4198 4688 4250 4491 4328 4483 4439 4348 7123 7226 7115 7031 6987 7458
7352 7370 6965 7382 7056 7272 7226 8653 8433 8361 8746 8389 8747 8690 8705 8311 8465 8502 8677 8401 8176 8692 8672 8372 8434 8210 8732 8281 8316
8402 8172 8058 8528 8610 8195 8223 8590 8140 8090 8490 8140 8388 8563 8194 8571 8616 8208 8216 8462 8505 8164 8524 8096 8180 2460 2920 2865 2415
1990 2011 1811 1789 1978 1581 5036 5044 5373 5423 5269 5351 5496 5385 5107 5364 5328 5288 5324 5462 5083 5111 5188 5171 5428 5067 5088 5498 5225
2600 2482 2509 2556 2591 2887 2472 2357 7757 7803 7749 8203 7696 7876 8163 8120 7996 7764 7705 8099 8198 8242 8094 7877 8204 7836 8103 8227 8240
2992 3018 2665 7975 7982 8077 8227 7997 8141 8061 8351 8435 8252 8165 8408 8334 8394 8067 8100 7937 8095 8105 8076 8060 8239 7940 8054 8250 7957
4577 4930 4576 4745 4984 4553 4882 4561 4838 4700 5000 4768 4860 5001 4616 4720 4773 4547 4827 4983 4811 5071 4751 5056 4907 4549 4963 4912 4864
7734 7851 7548 7842 7727 7619 7852 3502 3381 3441 3363 3040 3464 3259 3025 3467 3412 3205 3189 3332 2958 3232 2963 3053 3236 3371 3448 3387 3457
7383 6955 7253 7196 7235 7295 7409 6934 8453 8128 8146 8621 8327 8229 8263 8372 8069 8293 8388 8298 8421 8219 8135 8177 8158 8352 8127 8304 8187
6075 6264 6126 6258 6392 4845 5008 4639 4515 4765 4650 4852 4835 4527 4787 4916 4736 4742 4596 4701 4651 4535 4733 4909 4931 4999 4571 4671 4631
2591 3006 2869 3109 2975 2847 3072 2702 3136 2889 2946 2645 2648 3138 2792 2901 2900 2711 2593 2626 2662 2746 2655 3136 4735 4615 4554 4905 4797
6584 6478 6631 7016 6753 6652 6919 6858 6586 6630 6636 6517 6689 6756 5712 6152 5980 5960 5994 6007 5938 6096 5656 5778 5683 5689 5831 5751 6122
5806 5628 5682 5782 5973 5748 6130 6129 6019 5990 5564 5903 5765 5590 6116 5726 5946 5900 5981 5704 7896 7694 7847 7752 7638 7634 7989 7996 7627
6246 6388 6078 6054 6484 6431 6151 5955 6026 6360 6326 5945 6389 6441 6428 6420 5962 6152 6156 6102 6287 6094 6170 8528 8471 8283 8263 8578 8437
7097 8049 8521 8086 8583 8210 8322 8236 8117 8514 8068 8146 8128 8554 8358 8462 8429 8378 8084 8214 8403 8537 8552 8084 8043 8507 8138 8463 8573
7766 7799 7762 8087 7928 8143 8045 8012 7914 8106 8171 8077 8084 7868 7810 7851 7851 8059 8192 8137 8056 2806 2411 2664 2615 2691 2495 2713 2682
4432 3342 8439 7681 4024 6388 2222 4911 6653 1564 7704 2553 6135 4088 6374 2012 7222 7579 6187 2437 6058 3170 7118 1759 1492 6818 7637 8090 8273 7073
4726 3148 8158 7459 4145 6070 2314 4512 6898 7764 7593 2651 5955 3827 6397 1714 6806 7833 6539 1947 6037 3442 7166 1708 1851 6826 7408 7910 8005 7471
4433 3844 8566 7848 4106 6143 2335 4870 6730 7489 7767 2201 6211 4004 6234 2085 6800 7504 6234 2179 5807 3640 6982 1635 1789 6532 7498 8021 8131 7053
4442 3725 8257 7902 3979 6280 2361 4697 6637 7500 7586 2148 5953 4102 7698 1663 7184 7621 6213 1953 6315 3458 7286 1628 1666 6422 7981 8129 8220 7423
4777 4079 8522 6091 4159 6415 2213 4626 6792 7384 7782 2311 6235 4008 8126 1864 7336 7982 6194 2083 5895 3657 6974 1975 1922 6499 7923 7891 8360 7572
4441 4222 8366 5966 3683 6347 1973 4526 7104 7381 7723 2273 6044 4004 7978 1557 7062 7833 1898 2477 6151 3171 6951 1837 1902 6734 7631 8231 1599 7206
4785 4230 8073 6137 4025 6434 2156 4734 7032 7592 7978 2262 5897 4210 7906 1748 6811 7958 2012 2185 6347 3375 7101 1676 1709 6640 7603 7908 1539 7038
4777 4222 8270 5604 3898 6068 2086 4960 7087 7570 7573 2542 6068 3798 7893 1745 6875 7582 2259 2433 5916 3657 7226 1448 1938 6631 7718 8047 1585 7316
4451 4141 8179 5733 3909 6185 2240 4937 7063 7874 7732 2315 5929 3987 7843 1974 7078 7485 2236 2422 6164 3141 7431 7282 1585 6436 7954 8213 1148 7173
2976 4034 8325 6126 4187 6159 2167 4801 6849 7562 7981 2384 6042 4023 7908 1693 6934 7867 2170 1911 6118 3586 7017 7604 1452 6352 8167 7690 1349 7164
2850 3952 8393 5798 4009 6575 2213 4769 6667 7609 7924 2116 5895 3991 7865 1984 7257 7735 2021 1925 6073 3374 6998 7688 1789 6774 7895 8090 1483 7029
3287 3771 8150 6028 3826 6564 2414 4660 7027 7333 7874 2184 5812 3712 8044 1996 7217 7996 2235 2268 6096 3606 7978 7337 1568 6523 7669 7692 1080 6991
2954 4285 8401 5603 4144 6554 2087 5033 6608 7500 2692 2204 5848 3928 7932 1685 7328 7991 2180 1911 5949 3639 7985 7745 1516 6490 8147 8097 1244 6712
3240 4260 8184 5996 3883 6385 2173 4595 6782 7892 2629 2232 6130 3711 8053 1946 6922 7954 2228 2197 6339 3195 8093 7560 1663 6391 8140 7802 1067 6650
2834 3834 8428 5699 4192 2264 2439 4873 6947 7331 2384 2390 5733 3773 7958 2011 7121 7820 2060 2131 6046 5689 7810 7471 1796 6605 8139 8048 1305 6883
3049 3739 8562 5669 1783 2512 2022 5027 6022 7717 2386 2524 5736 4180 7894 1597 7315 7901 1913 3425 6415 5378 8011 7794 1553 6836 7825 7935 1085 7190
3350 4176 8526 5936 1400 2121 2460 5082 6294 7888 2875 2426 6165 4015 7726 1751 6797 8026 2070 3270 6442 5385 8098 7729 1889 6444 7801 8134 1431 6640
3402 4059 8315 5905 1592 2127 2426 4777 6270 7345 2923 2600 5914 3910 7749 7244 7094 7764 2063 3658 5973 5370 7770 7407 1526 6552 7820 8144 1549 6786
3351 4165 8415 5979 1698 2525 2239 5059 6137 7493 2703 2178 8594 4241 8020 7685 7081 7694 1957 3624 5930 5690 7739 7405 1566 6516 8171 8109 1227 7087
3152 4131 8499 5713 1321 2382 2071 4714 6022 7776 2713 2361 8464 3894 7650 7293 7068 8013 1900 3175 6002 5463 7743 7767 1549 6721 8127 7873 1206 7190
3076 3960 8557 5901 1309 2378 2529 4799 5965 7340 2444 2124 8789 3811 8092 7753 7143 1271 2128 3109 6246 5593 8012 7391 1896 1532 7801 7726 1500 7175
3092 3907 8408 6139 1449 2259 2231 4764 6242 7604 2749 2561 8755 3937 7854 7366 7199 1619 1910 3511 6097 5670 7710 7510 1593 1312 8139 7796 1296 7188
3401 3732 8149 6160 1695 2358 2394 4721 6009 7581 2363 2276 8744 4134 7958 7449 7067 1128 2075 3503 5941 5684 7899 7298 1454 1651 7784 7993 1501 6732
3158 4192 8629 5965 1517 2272 2239 4597 6301 7528 2858 2279 8458 2449 8138 7692 7248 1129 1885 3430 6001 5359 8237 7741 1787 1584 7719 7728 1531 6805
3367 3898 8161 5892 1429 2586 1988 4982 5913 7480 2483 2415 8635 2553 7601 7589 7320 1399 2248 3444 6092 5467 8174 7276 1749 1500 8031 8010 1063 6749
3321 4237 4814 5627 1397 2328 1957 5094 5986 7334 2682 6238 8694 2486 7879 7404 7184 1669 2176 3352 6294 5826 7783 7258 1534 1801 8079 4933 1554 6656
3224 4074 4372 5816 1371 2442 1925 5109 5944 7799 2634 6657 8627 2751 7592 7640 7199 1606 1914 3282 6037 5516 8171 7265 1547 1700 7867 5118 1557 7137
3058 3841 4735 5637 1333 2313 1962 4990 6093 7392 2723 6649 8691 2332 7737 7453 7193 1322 2250 3356 6085 5500 8204 7456 1622 1426 8001 4846 1596 7169
3332 3877 4496 6152 1606 2325 1971 4662 6184 7335 2868 6317 8370 2429 7717 7729 4538 1516 2205 3111 6299 5688 7961 7516 1358 1739 7880 4616 1366 6920
9 18 22 27 42844 0.9085355276519069
8 13 28 28 48515 0.9556040106519674
22 29 13 8 69858 0.9678654228736225
12 8 23 28 64483 1.001776049760685
19 15 5 21 51042 1.076483639874305
8 16 23 10 45553 1.0066827940014333
0 16 16 17 46123 0.9623085451697093
10 24 26 28 28079 1.036230433644908
29 26 27 4 74033 0.9781209403585807
8 14 19 10 33556 0.9889765562442598
16 18 18 27 44069 1.0157813963580098
14 5 22 10 37968 1.0748522128315683
5 21 14 18 27918 1.0515141410541065
17 1 17 26 79418 0.9537558490598995
24 19 27 27 38898 0.9067292122015195
6 12 21 3 55685 0.9416807334875135
1 1 22 14 85167 0.9666211295350807
24 13 18 8 38570 0.9612324665529923
25 16 6 25 61970 0.9259818234257218
5 15 24 21 50590 1.0730534603037287
25 4 9 24 62096 1.0004025191372203
1 2 10 13 48544 0.9878159987672166
24 26 20 17 33626 0.9588096679360792
29 23 4 2 85627 0.9476406783145684
17 16 14 1 58252 1.0019842216507027
11 1 24 4 38423 1.0424634509177075
11 28 20 5 63434 0.9025050477174512
18 3 11 24 57475 0.9387599085224603
5 24 18 24 21886 0.9232412768484423
18 15 28 6 64182 0.9078055652804742
4 24 1 17 28429 0.9222374848902386
24 6 4 5 51494 1.0984443443779548
7 28 8 0 39960 1.0166207069720856
6 12 0 4 35531 1.04890318323185
11 19 21 22 30527 0.9052216543819229
26 19 4 19 52974 1.0519029626039995
21 22 9 13 47197 1.0617308092074331
27 19 8 4 64693 0.9264116231128338
20 23 4 19 40747 1.0637470458103029
26 6 23 24 56630 0.9454505801490845
28 25 16 25 30816 1.0962226781577349
24 11 24 21 27616 1.0890162662299712
16 0 19 28 77984 1.0963650889997336
24 21 14 2 75011 0.9065797971981371
4 21 29 16 68110 0.9637412854743438
11 10 2 21 47414 1.0051669723146952
24 6 24 22 45107 1.008588282184478
23 5 17 29 82866 0.9281218806784155
29 10 28 24 58941 0.9029397204340142
16 24 1 0 71967 0.9438675746875926
17 26 7 1 60830 0.9390425270673223
2 10 27 9 76017 1.0321929367931377
23 13 11 15 45405 1.0610244049026856
24 19 15 0 67476 1.0913308289555483
1 1 7 13 43780 1.0977471316526546
24 7 13 3 33383 0.9168723251781954
13 18 15 3 57205 0.9708341530668201
24 25 12 0 75173 0.9854383379906276
22 3 26 24 70411 0.9173884406773971
17 20 3 26 50192 1.0607109352007815
5 4 20 24 55223 0.957431167028432
1 7 19 20 73639 0.9611622241421741
22 12 25 21 42700 0.9374268000088314
13 5 5 14 37721 1.0212809509052343
13 0 18 11 43615 1.0923291303473421
28 10 17 27 76575 1.0315638198899062
25 22 15 26 44640 0.983607659745745
4 25 18 18 44099 1.0800338040186372
20 23 28 1 92771 0.9619209815426126
27 18 9 13 50765 1.0944684279689871
6 10 27 1 73299 1.0670294692175442
5 18 21 26 42561 0.9986173060291172
9 20 22 11 51508 0.94270812944292
1 0 1 16 42634 0.9533926505932289
25 12 3 19 67722 1.0292763272162242
21 24 0 23 36312 1.075666115425583
15 4 9 28 56475 0.9657711793518478
19 18 13 12 32788 0.9270751069881612
7 8 2 22 46378 1.03249626146296
12 26 15 10 51583 1.0807061521393158
25 9 19 14 41549 0.9889262798684371
18 23 9 29 36098 0.9107732159119912
24 16 1 5 73089 0.9897646608549173
28 27 18 28 22494 0.9773068991351107
9 20 14 10 35485 0.9780988361677757
28 12 17 4 54691 1.0591651619482225
17 2 25 15 53560 0.9009049577826183
22 10 5 6 48776 1.049322519539833
13 18 0 2 52980 0.9399913307334622
10 19 23 20 37766 0.9443579876964621
17 16 2 4 56951 0.981039579571913
16 14 6 18 31979 0.940965205190557
21 1 0 5 64685 1.0232149588010375
1 26 7 6 50719 0.9050042456387895
14 23 19 29 36466 1.0412456281562255
22 7 4 10 62399 1.0978872552250534
28 6 16 6 26421 1.0690013837867172
7 4 22 5 40243 1.0369942117794453
18 29 24 5 84194 1.079562358296873
7 21 17 8 53198 0.9721394596557105
27 27 17 12 82359 0.9049616271668507
20 17 6 16 44272 0.9077898616304013
15 22 20 11 64638 1.0037839017765149
19 15 12 1 65701 1.0346248643169753
23 5 11 2 44870 0.9797677501451106
25 28 2 17 64722 0.9951230165976066
25 11 11 28 63719 0.9426121097463185
15 27 24 26 30066 1.028452597994425
21 29 2 26 50031 1.0238339944246349
3 0 18 4 55152 0.9608725307332838
24 14 2 18 65493 1.074689742276783
27 4 14 0 31612 1.064733823209058
8 12 23 23 46462 0.9492231621176171
10 4 19 1 36541 0.9603617412356131
9 3 3 25 47243 0.937723912532309
10 5 29 5 49124 1.079202154594075
7 0 28 4 52413 1.0173133128950345
7 29 0 0 68580 0.9509379476643177
18 21 23 15 41829 0.9601255822806626
29 16 29 2 75939 1.0685982039326327
28 11 24 25 61991 0.9480536776963515
9 27 18 20 50907 1.0274433998260357
24 1 23 15 46607 0.9063832020615082
28 14 6 3 83243 1.0838066501601065
17 24 1 12 54070 0.9324410795527489
28 22 19 1 98267 0.9061714794494989
26 21 10 29 56373 1.0576340627702685
3 4 29 13 80591 1.0888119165147425
22 9 9 6 48879 1.0471241994619729
17 2 8 22 49538 1.0918333909036473
25 3 18 17 66866 1.098171775108976
23 14 0 20 68688 0.9632099251805235
10 17 27 4 66051 1.045761870233901
0 25 19 18 47583 0.9173289351020051
20 9 7 28 63058 1.0697325969244866
20 5 27 19 59088 1.0064431136099405
19 24 27 8 67563 0.9348332729158502
23 16 9 5 61611 0.973645830497347
13 22 25 23 32882 0.9144499574985755
28 21 14 5 89277 0.9822242059513047
4 8 4 19 44769 1.0760304498264401
21 10 10 0 54990 0.9755826314017181
15 4 19 28 69295 0.9198044168607885
17 28 10 23 22980 0.9086750671507391
26 20 7 23 52513 1.0235355676916784
21 9 12 14 39550 0.9619971582121615
28 1 0 3 83231 0.9555428550628651
18 1 10 26 73775 0.9380254142114914
5 29 22 8 82651 0.9831870640630092
28 4 2 28 97314 0.9770560536736556
7 10 1 23 37605 0.9308578881010594
14 5 15 24 54061 0.9087525351660821
23 25 18 3 74584 0.9968108706792136
29 26 5 12 71786 1.0827326102542785
27 0 7 18 74391 1.0307621536463583
12 9 5 5 29209 1.0094187001415793
2 12 16 22 69817 1.059051805261226
28 12 5 9 77493 1.0341348102566514
10 13 2 23 32757 0.9301083199397644
24 19 28 27 34052 0.9675235415334261
28 8 2 5 81794 1.0951938274921258
27 26 24 2 80717 0.9833618629100966
12 17 9 3 37328 1.0540027234553322
27 13 29 22 51535 1.0375709126912445
2 21 1 11 28866 1.0508350769383314
27 10 1 14 71129 0.9939701606597835
28 3 10 17 75470 1.0136475689649251
23 24 8 27 28784 1.0169436018428077
7 25 26 10 71625 1.058864267913703
2 26 2 15 37948 0.936205188770547
28 9 10 2 79164 0.9670556160435629
0 11 16 29 53320 0.900761063371576
19 17 6 22 49753 0.9183955598200061
4 28 20 25 41495 1.0746074711748501
24 28 29 12 70304 0.960856475656425
29 24 24 2 70508 1.0022038611621273
18 2 21 23 74400 0.997780992538434
7 26 10 13 34353 0.9517364419282865
7 25 20 14 59946 0.9817342347675856
20 9 5 17 60549 1.044763687734625
12 0 7 20 46387 1.0434799692965042
21 4 10 9 38802 0.9372784774637292
9 29 20 12 65270 0.9540904189986622
12 28 21 18 38279 0.9987958729794797
2 6 21 15 62361 0.9285427560571704
2 8 2 27 65672 0.9908279258212129
9 17 17 6 42721 1.0986533174972262
4 16 1 28 48550 0.9831566666124223
22 26 27 7 79241 1.0293007672318868
11 1 6 26 61529 0.9807595845967755
8 21 17 4 44709 0.9747699676537065
20 16 4 5 65793 0.9411159042957608
19 17 29 5 59770 0.937232249694406
15 10 0 3 49213 1.0286819264759757
3 17 27 23 72759 0.9102339898522805
7 20 29 3 74650 1.0104054374041462
1 27 23 21 66778 0.9234599941219713
14 3 28 15 75499 0.9448835511978293
29 24 7 10 60988 1.0854775330869173
2 10 8 1 34744 0.9552994425181875
4 1 0 11 34684 1.0307502085395386
3 1 28 8 86631 0.9525610915943028
23 9 20 18 36802 1.0850825343721242
20 0 10 5 41080 0.9859677344232561
7 2 26 12 71441 0.9650287192428217
17 0 24 16 52873 1.0097424068492742
17 19 1 10 54463 0.9023880311863244
8 6 15 10 25371 1.021117459720096
20 7 24 28 77855 1.0138094646120943
3 25 22 8 77596 1.0989398206854248
28 4 23 15 43153 1.0706397766756974
4 13 9 21 31215 1.0896211393838147
1 26 16 24 36828 1.0760363167519529
7 12 26 12 58936 1.0610190075958807
6 27 26 21 63120 1.0537291318739421
17 13 21 4 46471 1.0047030913189214
21 7 5 24 66908 0.9449044303362949
26 1 20 26 87990 0.9566143874381485
15 0 26 25 87502 0.9503766561505721
11 21 19 2 63690 1.0713846060128986
24 26 3 23 43608 0.9921444139316493
14 27 29 23 40932 1.0755781200290013
8 4 20 15 53399 1.0934680457782024
13 29 25 20 49270 0.9121752549154546
14 15 23 16 37915 1.0039134596204713
27 20 16 24 42882 1.0233838143781482
28 14 21 25 57606 1.0243778172655291
6 27 16 9 64952 1.0342364194894191
18 1 7 0 39770 1.0139313091910194
25 9 24 24 48212 1.0859591676822395
5 3 13 23 49460 0.9053955951819638
11 3 19 23 70664 0.9728030727431943
5 19 16 3 56260 0.9914137692403002
7 26 11 3 55198 0.9736395432434466
25 24 20 18 26165 1.053925038981036
7 25 14 8 51942 0.9643956522894098
14 16 28 15 52997 1.0912638665393288
0 9 18 16 55613 1.0222446596873072
0 5 6 15 31071 0.9206329974162479
7 5 0 10 30588 1.0791467870308364
29 3 23 16 57162 0.9280349032274832
3 1 25 13 77629 0.9560868630117453
20 7 16 16 57899 1.0299140629999406
1 24 0 2 45802 1.0428563539408944
13 14 18 27 51561 1.0779598422809118
9 3 9 29 48700 0.9004250191444421
0 0 25 6 68218 1.0601077285126221
0 25 28 12 88673 0.9027800418255385
14 7 28 24 74914 0.9183630640431656
11 28 22 29 22177 1.0472330482782781
10 21 25 29 39021 1.008592788643521
19 20 21 10 43518 1.0919028935029733
7 17 16 7 48581 1.0289143954589777
16 7 20 23 75213 0.9478061814678047
1 7 28 27 85153 0.997488782244656
26 28 19 7 84415 0.9496222648693667
26 28 10 15 46248 1.0035092048643597
13 13 0 21 42477 1.0543648191221802
12 17 28 7 77300 1.0489987264557818
26 17 29 25 32622 0.9104522036021786
2 12 28 2 83789 0.9370730380851807
29 3 8 2 54628 0.9476814177023414
17 21 23 25 28206 1.0524636941528325
16 4 5 21 56312 1.035497972729887
26 15 22 28 53441 0.923741680362092
13 3 13 25 55702 1.0218369574338682
21 0 8 21 65291 0.9094941783934688
3 22 24 9 76343 1.0691514155636797
17 4 10 12 37830 0.9428692486670984
27 29 14 12 75441 1.000334179011369
14 8 29 9 56900 0.995014302780126
9 24 10 14 22923 1.0317913164619186
23 26 19 14 56160 0.9953910420162775
17 25 28 21 38178 1.0849620471676333
18 29 28 21 47720 0.9843939487082506
14 8 22 17 51138 1.0394751855374644
2 15 11 19 22924 0.9689978503255212
18 18 15 11 38108 1.052562506155658
4 7 24 5 50834 1.0072440694035119
20 15 10 6 54928 1.0419128617872582
20 29 15 1 83912 1.040119851898968
20 1 23 22 78298 0.9872772225229354
22 24 28 11 60497 0.990368066066486
0 13 19 9 60881 1.013008302134572
29 10 23 23 57094 1.035017554190386
28 26 7 8 73088 0.9762328469523041
21 2 28 17 63638 0.9491934495349343
3 15 13 1 45395 1.05069192701157
15 27 11 21 24417 0.9748746050013102
13 7 21 29 64894 0.9721801939244432
9 14 1 8 41824 0.9500252965022555
2 27 8 23 29837 0.9372698932406152
25 23 7 9 61818 1.0154524268794425
14 28 29 17 54220 1.0675866976392838
15 18 3 12 44070 0.9590647004664361
27 11 9 5 66347 0.9819775159946015
10 24 1 16 34122 0.9555907323238344
2 6 29 26 77094 0.9958378784147157
16 17 28 0 87543 1.0044052434129491
27 22 10 15 62442 1.0369060790969726
18 21 19 11 53582 0.9019659596287438
27 3 10 29 85356 1.0690942036859297
17 22 1 28 55646 1.033819000109534
4 18 8 12 21084 1.0805632045086637
1 26 29 9 103818 1.0730253186280043
22 25 3 19 44088 0.9305985565535105
29 4 1 11 64290 0.9066532488439196
10 13 6 19 21413 0.9527013987114694
5 25 2 15 36316 1.028145140833693
7 17 18 19 35345 0.9910917133509418
20 18 15 11 39213 0.9697157554164255
12 16 28 17 39441 0.9203980411392522
13 5 24 12 45477 1.0052385812805362
12 19 2 8 54941 1.0137343325967947
25 18 25 7 38638 0.9257901008432611
4 11 28 28 60373 1.076979898581762
23 8 17 3 28885 1.0823859343112558
5 27 1 1 73776 0.9234555241273034
3 23 9 3 41694 1.0486270007753147
20 0 19 11 51988 0.9315992761201668
29 24 29 9 68405 1.0619713271993618
7 4 13 8 23927 0.9335973941753928
28 27 3 0 95645 1.032299024056534
21 13 29 11 38127 1.0576312848400993
6 17 14 23 36119 0.9969772865769526
7 21 26 0 77210 0.9181236404341193
8 6 21 13 42953 0.9071302041529588
28 13 19 23 57321 1.0114285344268399
10 24 29 13 63700 1.0529208696966363
25 8 28 22 71883 0.9723676304868168
19 26 2 27 62621 0.9753674185909936
25 16 5 14 58323 1.0424761328519219
29 3 23 13 43532 1.0864074023562587
25 4 13 13 45101 0.9697335261698916
20 20 22 28 33190 0.9527406028601056
27 20 7 9 71299 1.0123469429045486
5 29 17 12 62312 0.9341733687258197
9 7 22 13 50374 0.9542594561156225
23 3 16 6 21341 1.012006012007081
27 10 11 16 58468 1.058141329119128
15 3 6 21 58826 1.0784379714181256
25 23 17 0 79042 1.0823385117097366
22 26 13 28 25344 0.9255587305494064
3 13 2 4 38580 1.029869937113905
4 13 27 27 71517 0.9728504427961019
2 21 27 21 76278 0.9587005052893437
6 26 8 1 49402 1.0893971328380647
2 9 16 2 69078 1.0087076980935585
24 22 13 16 39544 1.0208935774553984
1 23 21 2 80420 1.0694357520345328
8 26 3 4 46688 0.9969590536308447
21 18 4 24 42845 1.0785473315057257
15 26 2 13 67143 0.9962151639526657
8 18 22 9 54157 0.9106725107888276
8 19 12 28 18018 0.9304898865802222
22 12 4 5 62781 1.0367397507396339
21 8 0 22 72984 1.0735526182305155
12 6 3 28 58332 0.9150594070191769
13 27 27 29 30860 1.0708681814261556
21 27 2 22 45909 0.9594020523652091
22 9 7 29 76561 0.9274649658045436
3 5 2 22 59288 0.9467109033346087
19 3 13 24 66538 1.0374156777335557
12 20 2 5 51651 0.9723796582130175
23 4 12 10 35980 0.9301676036250137
0 6 8 2 22710 1.0689527977707995
25 29 28 14 75530 1.027032257757809
15 29 10 1 62366 1.0010729700010963
22 21 6 19 47945 0.9682747060707755
26 9 21 18 38206 0.9758824202096397
29 25 18 17 46462 0.9401998955111314
8 19 15 22 32147 0.9983687656507951
1 20 5 7 47251 1.0034971528910992
17 9 27 18 52161 1.034847359040025
15 20 4 23 35707 1.0158707542353742
4 6 10 25 43450 0.9160717447653509
22 1 9 5 55035 0.9525712318826238
0 2 19 13 72032 1.0925554952678016
23 22 20 9 54536 0.9339389534802965
16 13 21 21 45718 1.0109099135339379
8 21 18 25 28333 0.9173147409864973
28 15 7 21 65431 1.0429826175283967
28 28 23 1 89586 1.0082587342388714
8 18 10 9 23688 1.0618926057843359
29 12 7 7 73000 1.0636016324696533
9 13 23 22 53870 0.9695969892965027
25 26 8 5 62334 1.0208823342119855
8 4 20 28 48676 0.9987720008342338
10 2 27 7 60350 1.0278173515959619
6 4 22 26 69776 1.0662179378145775
7 2 23 7 52433 0.902174558550925
24 0 7 21 70522 1.0298983682208998
18 7 5 23 53503 1.0125127291292553
0 12 29 12 84146 1.0180103695772975
2 22 2 9 48207 1.0362919104521031
1 16 10 7 37967 0.9284020253175435
17 18 4 7 48907 1.0922162420569257
11 16 23 0 71519 1.0009477732949579
16 25 29 21 37131 1.0634702284471402
0 11 12 17 38147 0.9690659731458792
5 14 18 26 57516 0.9836120949571674
10 0 24 8 51342 1.038988974249751
8 26 2 12 43054 0.9580345395103638
3 27 25 11 78403 0.9827155882402399
25 12 23 4 31016 1.0882242361941148
2 16 17 14 40761 1.0426634850993257
5 16 17 3 49694 1.0883822030413215
29 22 16 12 75386 1.0552815443939425
18 6 0 27 67484 1.053844814066573
6 0 27 28 73113 1.0786191187181848
26 23 12 26 38736 1.0361270650689822
16 12 27 2 63841 1.0137642776023397
10 5 2 7 29823 1.080707754554255
2 29 22 2 105573 1.0412899931497186
21 21 1 14 59247 1.0341670760806045
13 19 28 22 54370 0.9429227099923951
29 11 13 4 61021 1.0216265014380297
14 21 22 24 29064 0.9361679940013544
29 10 5 24 77355 0.9558801165469538
0 19 29 19 71062 0.9933149129814435
4 1 16 26 68663 0.9315657409309827
24 20 6 28 46310 1.0507267796224333
16 1 21 23 80714 1.0717196551351458
14 21 0 19 37592 0.9881643261247886
14 25 15 9 62436 0.9605001678980903
1 5 16 9 55504 0.9681685228860691
21 25 4 14 52001 0.912486184741658
10 4 21 10 48187 0.9920565826008777
19 29 22 10 71816 1.0340553148382556
0 2 25 14 84015 1.0528969027859814
1 15 15 1 57288 1.0012224317533356
27 16 12 2 83215 1.0474557075185942
18 13 11 2 62307 1.0806624673772802
22 4 17 24 70681 0.9148288989753476
26 16 9 7 63030 0.9581296139805098
13 8 25 19 59411 0.9677520187851038
21 20 2 13 64375 0.9898375271478902
27 22 8 21 49502 1.0791604875674743
17 4 5 14 47510 1.0443030063078291
18 2 27 22 85140 1.0796558859541516
16 17 8 24 33464 0.9583265726907947
19 19 19 29 45927 1.0339495466532822
16 6 26 7 28664 0.9018695542722496
4 0 29 17 83388 1.0215881633128574
14 29 26 7 91872 0.9467169765171701
3 18 11 16 33973 0.9237163627328703
25 21 8 7 61216 1.0367100921526726
0 3 27 11 82717 1.0391921230053722
17 22 3 13 61138 1.0217157605163423
22 22 3 19 53266 1.0741259781205934
4 5 28 6 59326 0.963048888357874
16 29 0 17 45130 1.025850269784016
3 6 22 10 53350 0.9028022801864184
2 6 23 21 74508 0.9258642614264825
21 4 4 1 52187 0.9779234419453544
6 21 16 3 59466 0.9527715924313143
9 28 10 14 28383 1.0814362968203348
29 23 18 7 77547 1.0751965650299578
14 28 15 10 50544 1.0251383532489842
14 0 26 8 49441 0.9500865554900048
19 4 27 16 55518 1.0661394374790836
15 23 25 7 75993 0.9861743258234051
24 26 16 2 88777 0.9465252464116162
3 26 6 7 49681 0.9283951105412801
21 10 24 3 28700 1.0509481185171132
17 1 4 17 62460 0.9844813167409805
2 26 26 14 87314 0.94946677239973
11 9 5 13 31627 1.0764118133167735
0 26 10 15 35051 0.9724496895889142
2 2 4 15 50066 0.9397265387638127
5 28 3 20 36486 1.0996199334181946
25 29 2 12 74359 0.9169014022508842
26 17 26 7 41841 1.044900435983012
15 27 19 17 54215 0.9669862799285438
12 24 1 1 62222 1.0749406111800617
10 3 26 1 55327 0.925269161058041
9 5 27 6 48173 0.9434843204921551
1 28 0 10 44041 1.0087065208841566
9 29 20 28 21253 1.0090462673426208
19 9 13 5 33491 1.0028474032141184
22 21 26 3 67834 0.916536298495061
26 24 16 18 35689 0.9647018631661938
4 20 18 27 50209 0.9574061860693576
25 0 23 17 53662 0.9933033969489194
3 16 10 8 38727 0.9559849968685109
20 0 9 27 78609 0.956965869812737
7 17 26 2 71248 1.072733752223478
19 15 26 4 57734 1.0735425505167164
11 26 22 15 51412 0.9373778693682602
0 14 25 1 74998 1.0380849752404218
21 28 14 19 33710 0.9197794981306356
12 8 16 28 54773 1.062243145799875
23 11 15 15 38787 1.0949934487994315
26 3 22 9 38412 1.0794287739158281
7 25 3 8 57333 1.0757384442029527
27 21 9 5 81483 1.0122522682391508
0 21 0 5 32083 0.9021153324202283
22 7 13 23 75015 0.9517997717960127
5 7 17 18 44281 0.968576293902162
23 22 0 20 54982 0.9851665458749309
5 27 16 22 47398 1.0335277473294338
26 25 6 6 61401 0.9405226629469955
14 25 26 26 37719 0.9355535999476096
2 27 19 4 80330 1.0117046796625815
6 12 22 3 56488 0.9771859862870746
11 17 20 16 33078 1.047977381787881
18 23 0 13 55429 0.9288659258543419
27 17 22 28 43375 1.058278990337138
23 14 29 0 60713 0.947739124325867
5 29 9 12 40957 0.9933239381624744
28 4 1 12 68146 1.0372017272085108
8 29 13 8 45126 1.086013819955359
10 16 19 25 47421 1.0010020983570416
12 24 29 6 77268 1.0239459412140635
7 1 8 18 27087 0.986885143597036
7 13 1 25 38055 1.0053748871311805
6 14 28 0 80795 0.9903185825210183
23 16 10 2 73507 1.067647284239329
0 20 18 29 47823 1.002337181929249
13 13 9 4 30524 0.928855936866546
15 10 24 20 50880 1.0985420006601985
28 27 3 27 60591 1.0095376612275646
22 2 18 11 52007 1.0797826374896373
21 29 20 11 60622 0.9004888420418008
17 27 29 15 69297 0.90641229716185
27 11 11 25 71108 1.055298806905958
15 11 24 21 48348 0.9159512223376431
21 4 10 23 64786 1.0807265450664154
12 20 5 15 23658 1.017137341048493
8 17 28 21 57267 1.0665603111753406
26 18 2 19 52141 1.0854142947071264
27 5 29 24 68911 1.0833535546511162
12 20 16 4 55444 0.9359710242356127
2 14 10 8 41675 0.9806969477312895
0 1 29 2 85099 0.9983484215344529
18 11 5 22 52657 0.9623582413454651
27 1 28 10 49336 1.0778818065704352
16 7 24 28 77604 1.0938396303608846
25 20 14 4 69569 0.9442829971823503
14 0 1 20 65882 1.0373173758441279
29 21 24 11 51844 0.9097366327783438
8 15 10 26 29200 1.0019998403519217
21 14 12 15 38597 0.9279741106223519
0 18 17 2 59122 0.9914703625079979
6 4 24 18 60122 0.9185195469789404
15 2 20 24 81990 1.0017534865879953
25 8 14 7 38996 0.9631601468346902
4 0 2 23 58972 0.9448669422713956
2 14 29 10 77633 0.9574389647479704
3 27 7 9 48627 1.077229668562891
27 16 19 6 53869 0.9214283585006765
12 15 7 6 21395 0.9832009298136111
16 1 12 17 59731 1.0366339540783907
15 28 15 15 39712 1.0711194365138605
22 15 0 24 67093 0.9296732515611565
24 25 2 8 82607 0.9425092770670995
27 11 16 23 72340 1.0659854393360744
14 2 24 9 41560 0.9204639989960878
16 0 26 11 49882 1.0240337974278966
19 6 22 19 55011 0.9194368795893654
21 6 28 12 45152 1.079081309390656
17 18 11 29 30658 1.0271394662073543
29 2 19 29 108644 1.0220802379771263
12 25 14 7 52503 1.071020144496941
9 25 27 10 74064 1.0434217296306758
17 14 3 0 63192 1.0117875433643304
22 18 14 2 71090 0.9738930489476223
14 13 9 5 34920 1.0770608571080347
24 11 16 7 40779 1.0997680533931558
14 21 5 28 30583 1.0202902710983057
15 26 23 7 83880 0.9522877144305502
2 15 21 9 52755 1.0978610218454699
4 23 18 21 43885 0.9964996203222982
11 7 23 0 47699 1.0092209930309426
27 9 7 18 66397 1.0065150627093693
29 24 8 23 35290 0.961505286018192
26 2 28 28 90700 0.9425990123132764
26 19 11 6 65330 0.9662681042911699
4 23 22 19 47936 1.0183581953915375
7 9 27 1 67306 1.0922521784381263
16 24 29 16 47752 0.9592651083923177
4 18 13 0 52922 0.9157410673292171
29 1 8 20 82422 1.0298165393247039
0 10 16 18 46091 1.0181248144924322
13 18 21 25 33987 0.9560440634278796
11 15 25 12 51537 1.0485823720930874
24 26 18 4 75059 0.9979600783375487
1 5 3 16 37939 0.9178397493839147
15 2 7 5 45166 1.0653783384266848
6 28 1 19 31339 0.9227629309390648
6 28 15 26 26495 0.9277719899175966
21 25 15 10 61860 1.0825351779640509
14 11 27 2 56110 0.9009780211981063
23 17 27 27 45331 1.0726315516636733
4 5 29 14 84427 1.04212126175223
1 8 29 16 87746 0.9517010168109552
19 17 29 11 53603 0.9995456340388617
22 1 29 17 62011 1.07916192655807
20 21 26 17 25221 0.9884147011678837
3 22 20 17 53055 1.032179213203683
26 4 2 2 75256 0.9401179697899964
23 17 2 1 79465 0.916452228828826
3 25 9 12 35902 1.0195416902952972
9 29 19 20 55120 1.0162966073865858
6 24 18 5 52297 0.9991241418338924
13 22 17 4 61898 1.0912192472392919
18 12 7 18 43716 1.0830148796410053
0 23 17 9 60328 0.9353481738078633
27 9 9 19 67605 1.0791724460629684
27 12 28 26 64708 1.0211842220551297
16 2 4 2 60144 0.9283527606070844
3 24 15 3 64723 0.9923036864202232
28 18 2 12 73457 1.0704899995929955
2 19 15 16 40914 1.084064763733187
8 25 17 20 34892 1.0533069098093473
13 21 5 27 34716 0.9591001839364083
10 14 7 28 28820 0.9544869864016703
8 16 0 4 35045 1.0204336596648749
10 20 28 29 50271 0.9435628726333083
29 21 10 0 81778 0.9670100354381496
18 29 5 20 48069 0.9073124012655507
23 20 12 4 73574 0.9851157627566043
18 26 23 2 96506 0.9854660696429004
0 8 15 26 69693 0.9345180754472575
10 26 6 0 58175 0.9742119821476161
3 12 29 19 80932 0.955088038370901
18 2 4 13 55332 0.9764820071033757
0 9 6 14 29765 1.0037414524713408
9 13 3 21 33359 0.9836196194345244
22 6 27 20 57709 0.9493966788160366
13 11 26 14 41873 0.9588490357631484
19 21 29 17 35128 0.9997275761307641
13 20 24 16 32990 0.9125782243056814
24 6 7 20 61416 1.038322955608967
20 2 11 18 60423 1.021402741611867
27 10 17 10 26552 0.9423128809756768
13 2 10 21 49766 0.9700858170972897
24 4 7 5 41710 0.9016086901559945
1 28 20 28 51547 0.9879869814960486
27 0 29 9 60604 1.003269845815456
8 7 26 21 67042 1.0535862080127072
15 20 10 13 39803 1.0065019480266186
0 16 16 22 58493 0.9818961447344439
24 18 28 7 50634 0.9006694770477744
6 19 28 3 70255 1.037318826206736
17 15 23 7 52996 0.9549572093354964
1 23 15 3 66195 0.9497457010458906
10 6 21 25 53718 1.0552366494178662
19 9 24 17 40124 0.9141429431051245
14 25 12 10 48331 1.0530900857165824
12 1 4 23 52838 1.0253038714200995
16 2 11 16 58331 1.0263026600057896
11 24 23 12 56644 1.014373195690046
24 13 0 26 72505 0.994813223220472
6 20 22 18 43540 0.9325051066176657
22 14 7 13 53923 1.034012464051564
29 0 19 8 53310 1.070569615616177
4 6 16 2 44328 0.9684419673734224
1 22 13 9 51386 1.0130272934598332
25 17 14 1 66931 1.0816049783606991
26 12 11 4 64062 0.9377155031113832
21 8 28 21 66629 1.0099026602546177
1 24 8 21 16569 1.0012259141033368
12 29 23 16 53092 1.0428513937537005
10 22 10 11 33570 1.0504578458093208
21 2 23 29 99810 0.9334917799585974
16 13 7 0 47929 1.0219534267881907
25 26 14 2 90430 1.0805442441334605
8 21 13 5 34920 1.055012976687587
25 14 29 27 50934 1.0748320706121772
22 9 11 9 45765 1.0948124880975103
4 9 20 10 56728 0.9912905282455214
23 17 28 22 41104 0.9648738017724126
12 13 14 1 42627 0.9662272682745416
1 23 15 9 56246 0.922146065075497
1 3 29 16 93305 0.9078453389558513
13 18 1 20 32925 1.0214011355014805
10 22 3 9 55567 1.0065907184983816
6 10 2 27 58195 1.0314916579353697
18 21 5 11 55707 0.9774530922392973
4 16 15 23 46787 1.0118161463341564
23 10 24 24 41957 0.9148791136760843
2 13 8 9 28819 1.0413636110609228
5 11 21 21 53596 1.0581349162068672
29 19 12 17 47127 1.0590437819275527
21 5 2 17 70300 0.9240134660064513
3 23 27 11 78046 1.077321044185618
3 27 29 23 57174 0.9198896731506403
9 20 2 14 32550 0.929053733343594
22 11 5 17 55888 1.071790311476994
20 29 22 16 51426 0.9995280204563647
17 15 16 24 39809 0.9138603134323353
29 19 3 16 72564 1.0155280962973183
14 6 27 3 31312 0.9506942312180571
20 22 7 15 44069 1.0003355933541027
21 20 25 0 66135 1.0460563352865115
27 0 4 0 80315 1.0983812062872944
20 1 20 27 91919 0.9029751695984506
7 15 7 1 24204 1.005505420989026
24 12 8 15 45050 1.058092939923915
12 13 22 4 44354 0.9872956671736768
29 26 5 21 53238 0.9222920807958964
20 28 8 4 48676 0.9434508697505571
25 3 25 29 91159 0.9533376469343686
27 25 23 3 74231 1.0693148016100131
2 5 25 15 83758 1.0797370110006304
11 18 21 0 67073 1.0268191194590974
2 20 14 13 47237 1.050159404108157
29 14 17 24 61524 0.9172500879305809
6 12 14 4 38660 1.0867825077218531
14 1 27 21 92933 0.9684157414192666
6 5 15 6 26992 1.0694021734963515
11 12 1 2 50289 1.0886932856113858
3 3 23 9 75061 1.0708347276134957
19 21 27 11 59471 1.0294996122460711
1 28 26 28 59992 0.995563286677273
4 16 0 22 28307 1.0382854752841393
9 8 26 25 61431 1.0827293169531182
3 26 3 7 59641 1.0872094473121123
16 24 13 7 51788 1.077385148949876
0 4 24 11 65159 0.9042911758506309
11 17 29 16 48330 1.0489121154880872
1 14 19 12 57218 0.9032706888320198
15 25 11 4 59513 0.9992802730582863
1 1 0 15 31761 0.9081802330474747
17 28 22 19 37973 1.006319705136739
15 16 20 23 51313 0.974303419445546
1 12 14 20 49160 0.9767500600305077
28 2 23 23 82389 0.9614062381618548
14 16 5 28 39161 0.9245773368913311
9 13 27 4 51420 0.9655876110256285
15 18 22 2 74364 1.0636334206186426
3 23 25 6 70325 1.0703204362703282
27 3 6 23 71159 0.9599637653206501
3 11 26 13 59022 0.9958264014490721
1 17 19 15 54971 0.9417787979224983
21 24 15 10 58624 1.000981099407918
27 21 2 21 76278 1.0028734596038202
29 15 10 14 67064 1.029365567337438
20 2 18 12 54159 0.9036633892225384
15 9 22 26 79885 0.9474395378630175
22 8 26 18 45252 0.9203026870851266
22 26 21 11 54499 0.988338073225232
21 29 3 10 63380 1.0694779460862378
14 0 12 13 44700 1.037438550411844
9 3 16 20 54019 0.9157986123988336
27 15 24 1 55503 1.0322250223664349
10 12 0 3 39310 0.9887296365193143
18 23 23 0 89175 0.9685426697489722
2 26 27 18 71585 0.9114281509217711
2 0 20 27 84929 0.9391079167127455
3 23 28 12 79926 0.9685350357168903
22 7 14 22 73155 1.0586745421791817
1 22 14 10 51174 0.9635851116583097
20 25 27 12 54641 1.0282416765937819
20 5 26 26 78682 0.9578900124015407
28 16 4 28 75768 1.0443640004118293
14 13 8 22 30395 0.9582312388222776
10 24 15 6 43497 1.0479844897904083
3 18 8 26 28538 1.0367906875970694
22 9 3 22 77632 0.9962522765800647
22 18 3 2 77862 0.9647369658832434
21 24 19 5 70228 1.0907489681921274
16 15 24 13 38619 0.9470632525727536
16 26 21 0 90526 1.0748493037646853
0 15 17 15 31025 0.9608467345380975
29 8 29 21 84200 1.0518001752786874
24 3 29 26 72945 0.9761191656597031
28 22 10 13 70884 0.9983052047266731
27 21 9 14 71320 0.9748471804375387
24 19 21 2 62946 1.047274840488883
7 4 4 24 38974 0.9146132525451903
26 27 14 1 91655 1.0549706343369842
7 0 13 25 48952 1.072201537523763
17 16 29 6 67317 1.0593335422969123
15 12 9 3 39745 0.9538312784373184
11 3 9 14 37937 0.9245423460738061
28 26 8 14 58672 0.9388486852203868
27 20 21 14 35087 0.9532710674514133
29 1 6 16 84992 0.921242199477902
25 23 20 1 81081 1.0741191156119803
1 20 29 25 63610 1.099316099480768
26 12 23 28 62004 1.0174191112655646
9 18 28 15 54893 0.964722422419572
23 16 17 3 54309 0.9907741253909506
2 20 23 24 52796 0.9506192214627521
11 25 11 10 36698 1.0875841104058603
11 15 21 20 36700 0.9076698670045454
1 5 7 26 54881 0.9435411897903344
29 24 4 23 42226 1.0230200839946841
12 8 23 29 69114 0.9459795245140172
13 8 21 19 50945 0.9081586161391969
27 29 2 15 63237 1.0102052697726427
6 24 24 6 64718 0.9317990845957126
2 14 23 10 62656 1.0562966971946008
15 28 11 1 58002 1.099803561624675
0 26 19 25 44461 1.0393713652750376
11 26 1 25 26651 1.0271969990783771
28 21 5 21 61556 0.9157561216130188
29 14 6 7 77518 1.093085150746344
11 15 17 28 35805 0.9848816551305275
4 28 6 16 42109 0.9393019486293159
26 19 8 8 55919 1.061735898673077
29 7 10 25 89214 1.0381668635947823
16 21 8 18 32341 1.0324604701837896
0 20 18 9 64448 0.9387919969324301
19 2 26 25 82687 0.941030015691534
13 27 17 17 40314 1.0306261421607077
26 14 16 9 48149 1.0443201282182464
21 23 9 22 34395 0.9953890133239468
14 13 14 29 52469 1.0378446308447011
16 4 11 27 59971 1.0664052264399944
23 14 5 27 73621 0.9776729387620829
14 10 8 15 21827 0.9778457900422772
13 13 14 22 34665 0.9903714371804484
24 27 9 23 38894 1.014963545073825
22 12 22 24 48907 0.9929250845545
14 6 6 24 41668 1.084677005750377
5 1 23 13 69387 0.9156521735791806
6 6 3 19 33039 1.0469472279988115
26 4 25 19 49165 1.0984647793348723
3 28 19 6 74178 1.0336058253572733
8 14 22 24 37548 1.0476198985389131
8 29 17 11 46413 1.061384970213984
13 18 12 8 36171 0.9784147752755223
27 12 5 6 69252 0.9778273795320136
5 19 19 15 44665 1.092301392547914
27 6 15 3 32838 0.9561375533636856
13 26 24 19 39366 0.9825658733660532
0 20 29 4 77403 0.9603423742009274
7 25 24 25 37175 1.0728719196881484
6 24 17 27 26234 1.0605181268300243
28 16 20 18 23634 0.928961161817563
28 25 26 5 69821 1.095022876142635
25 7 14 17 59101 1.027698632269209
24 1 9 16 63696 0.930547698685166
10 17 23 29 46024 1.099501388383957
29 11 6 2 89465 0.9197550448339037
28 4 11 23 69976 0.9914396649819618
0 4 2 22 49003 0.9485369316536012
18 3 4 1 50415 1.050036851547117
2 15 18 5 46247 0.9840838138042122
14 5 1 15 42003 0.9420621328335406
18 3 23 27 82688 0.983000512424871
10 17 19 11 45158 0.9992087765054233
15 23 18 5 68391 1.0700232802573657
25 8 8 21 66562 1.01849008866384
10 1 21 15 63987 1.0218830620964918
9 13 19 5 39316 0.9613514644175124
13 20 17 28 29209 1.0742964947647053
6 15 0 8 25122 1.0171743827502564
29 10 23 23 57094 0.9642002456422288
14 15 15 1 51363 0.9281038471973554
25 8 16 20 64093 1.011641111453885
23 17 0 5 68919 0.9070605160227747
24 16 7 15 43515 1.0017242140247113
1 9 27 15 84008 1.0673921546643765
9 0 25 20 72834 0.929732120258703
25 23 10 24 30672 0.9649204744978364
9 11 16 4 33900 1.09793455577929
11 20 18 23 25570 1.0435403762397002
4 8 21 27 68610 0.9452426210774394
18 0 10 28 67898 0.9169289208139869
19 7 3 28 79470 0.9576696083306694
23 25 22 2 80700 0.9317208320781986
25 16 9 16 51538 0.9741605657490736
10 25 18 0 69799 0.941424305036339
20 24 13 8 57256 0.9740869679733501
0 14 11 5 39338 1.02166956718722
17 14 20 29 59529 1.0559922614331216
20 27 24 17 38243 1.0515814663314575
27 27 11 9 75112 1.0734773796828996
14 2 3 22 69148 1.0585821827599318
21 13 8 3 46921 0.9097609817490477
27 7 17 25 79718 0.9353165405044439
21 22 25 2 71522 0.9737062542177476
10 5 4 14 34628 0.9006020604445427
16 11 4 12 34681 0.9704198104814379
0 13 10 1 44134 0.9861646723816655
4 27 23 28 39413 0.9844218161174583
11 17 5 12 35598 1.0773765137245896
13 25 29 0 98656 1.0082066553911706
2 6 27 15 80712 1.07342224731982
23 14 1 21 73903 0.9926287346250797
7 3 19 13 55756 1.0558971496426959
4 29 17 14 60251 1.0979550612900888
8 19 18 19 25118 1.0414874658118278
29 25 11 29 33564 0.9453408675097258
25 12 14 3 52104 1.021453090822102
18 13 8 12 35132 1.0479651228310314
3 12 25 29 71461 1.0286692774290394
24 20 5 18 44419 0.9541722780755997
5 13 19 7 51065 0.9668101722944725
28 13 11 19 51493 0.9133664169685117
18 16 6 5 52016 0.921194006976323
0 18 5 4 40292 0.9135989335775191
28 0 18 28 102265 0.973676479945286
0 13 25 4 65168 0.9694125166918327
26 19 17 27 47575 0.9053334895239843
2 6 23 8 56876 1.095157806476713
15 27 24 13 65415 1.0113808981863073
25 17 20 29 45168 0.9487016808080341
16 22 29 5 90817 1.0970323724073165
18 10 29 17 42278 0.9094357446943904
12 20 3 7 48471 1.014954309832911
4 7 14 22 55507 0.9754761357458867
6 27 11 22 25391 1.0496315399385105
0 23 19 14 62946 0.9227254095983173
15 5 28 4 22722 1.0703286934933267
2 7 4 28 64916 0.970370276668563
10 4 9 16 31331 0.9342704151500909
17 11 9 5 34658 0.962119919824715
27 19 21 27 38792 1.0939050012680696
1 2 18 20 82214 0.954152964929458
10 29 19 0 78878 0.9541641328071557
10 3 24 1 47192 0.9938237650084909
20 9 3 1 67450 1.0068990675899236
2 1 15 24 66158 1.0393411385877527
7 25 8 10 27467 1.0423794211569328
3 29 3 6 63717 0.923319375230304
23 29 9 21 36932 0.9931232565984779
19 15 5 24 50180 0.9329978688823332
3 0 16 5 52527 0.9734342034323091
27 11 25 2 45885 0.97097376338599
2 20 15 13 51010 0.9841592828408673
23 10 4 19 58946 1.0515366920967164
13 5 23 16 63164 0.9808104354315033
10 15 21 12 40513 1.0989201088031
25 4 27 25 67885 1.0880707058303851
4 12 14 3 47903 0.9077967042885622
18 8 11 0 37129 1.0510873289738005
5 17 17 7 54951 1.0116849300127906
29 9 14 10 47894 0.9472673514578431
28 17 21 22 25788 1.0251475517547315
3 27 1 13 42165 0.953397522214442
28 9 2 1 95609 0.9928058866810651
2 23 18 8 61098 1.0620753867456008
24 17 13 18 23400 1.0781281574053883
24 18 12 12 45766 1.0339053214324443
28 24 2 14 64591 0.9687646399010441
8 20 14 12 30645 1.0237922092509333
11 4 15 29 62599 1.0293844254427595
27 3 21 27 81860 1.0958515083354328
4 2 12 14 47352 0.9426309698434565
12 27 7 3 49069 1.0030635472313953
20 22 28 10 57716 1.038871787648747
20 23 17 12 60551 1.0141275546960387
0 14 14 5 45726 0.9611115055896542
4 5 19 26 73959 1.0239469424533267
27 18 28 9 48055 1.069218791226697
4 19 16 11 38782 0.974993098530713
14 16 0 17 33614 1.061795390584822
25 18 23 4 44067 0.9322546065980065
7 2 21 6 42800 1.047318595416791
28 29 17 20 59203 1.0456554283350743
28 24 13 26 31993 0.9991319199454337
25 15 11 2 79374 0.9689250531090874
11 6 2 4 29908 1.040857141514533
25 17 1 28 74330 1.0344237018149558
1 3 6 15 41086 0.9842165847443656
8 2 25 10 54044 0.9354033751894312
25 12 14 27 74668 1.0894535256661555
26 14 7 10 61756 1.0829703969089919
8 27 6 11 27509 0.9398245749249243
28 16 17 25 50353 1.0333702781529168
6 23 23 5 62378 0.9757102487410576
29 26 14 8 83141 0.9312988110869866
23 25 2 19 47918 0.9174137387439758
1 27 2 2 74331 0.9842769131653812
10 6 11 20 30138 1.0533439755089862
8 5 24 6 37631 1.013111148821428
21 3 13 28 74464 0.970205301950209
8 3 3 24 37832 0.9980722975668952
12 20 2 12 45818 1.0521167317326872
3 21 7 29 35077 0.9562096748048708
13 11 10 19 26791 1.0933646241824897
4 14 14 17 34516 1.0767487211141922
25 23 28 10 53761 0.9414526953475123
5 27 24 27 37958 0.9717133145145986
18 5 28 25 78650 0.9211515499261084
6 29 17 5 64040 0.9275344629852664
21 16 26 25 34453 0.9791865682201094
24 6 2 14 66898 1.0446307312943994
22 29 21 13 58020 0.9851407257448457
0 15 25 1 73287 0.9536718359931845
22 20 4 24 47122 1.0956472237091182
2 1 5 23 58452 1.0914465382459517
21 28 18 4 72664 1.0225778023606498
12 25 8 1 41525 1.0424714010723233
19 8 3 10 59054 1.0194482208856122
5 0 10 10 36299 0.9630165179692347
20 25 20 0 90366 1.0841224239022376
15 14 13 25 43941 0.9089586053406625
27 18 28 3 60256 1.0477444332575978
1 24 28 1 96893 0.9296241575934076
4 0 27 27 89722 0.9927810458068921
26 23 15 20 53869 1.0278559496026345
13 19 25 24 35273 1.089462242311799
18 11 3 13 45967 0.9763795681931875
10 10 4 15 21486 0.9119904173448596
