7160 7089 7136 7246 7262 7056 7036 7288 7301 7223 7332 7291 7269 7215 7260 7049 7199 7021 7152 7331 2275 2107 2207 2350 2394 2136 2389 2384 2105
7783 7961 7763 7830 7932 7996 8015 8009 8714 8742 8974 8777 8705 8859 8672 8977 8978 8841 8977 8683 8850 8955 8705 8931 8931 8824 8738 8888 8813
5887 5812 5855 5851 5760 5886 5992 5994 5925 5757 5932 5872 5809 5826 5991 5904 5971 5722 5837 5960 5847 5376 5293 5364 5477 5497 5439 5312 5400
8677 8731 8588 8675 8624 8671 8604 8587 8845 8672 8570 8833 8748 8760 8708 8803 8752 8819 8254 8147 8037 8179 8213 8205 8097 8053 8242 8220 8049
1669 1680 1751 1660 1669 1868 1617 1785 1588 1839 1548 1640 1854 1867 1761 1596 1647 1676 1726 1590 1670 1731 8534 8527 8609 8626 8701 8535 8700
5787 5927 5730 5985 4550 4385 4347 4438 4642 4505 4582 4552 4528 4534 4605 4546 4438 4336 4379 4394 4601 4564 4380 4579 4561 4396 4433 4494 4471
4090 4273 4281 4034 4110 4245 4331 4270 4084 4221 4138 4253 4115 4209 4224 4415 4264 4295 4214 4363 4414 4148 4246 4281 4162 4400 4150 4161 4148
4393 4398 4461 4331 4486 4294 6684 6458 6553 6586 6664 6494 6570 6514 6605 6613 6681 6536 6527 6613 6731 6484 6608 6651 6539 6601 6667 6671 6614
7538 7324 7529 7329 7467 7367 7380 7537 7412 7573 7565 7540 7387 7485 7388 7450 7523 7362 7265 7336 7574 7539 7392 7399 3567 3366 3350 3506 3432
7991 7997 8080 8226 8243 8115 8178 8182 8219 8184 8097 8280 8013 8234 8167 8052 8047 8132 8141 8084 7993 8162 5966 5811 5982 5971 5890 5821 5967
3873 3637 3893 3718 3940 3811 3810 3621 3649 3784 3764 3842 3834 3667 3750 3812 3931 3666 5675 5668 5863 5651 5683 5801 5680 5844 5893 5711 5797
6627 6837 6634 6795 6745 6752 6642 6698 6772 6834 6645 6886 6711 6854 6701 6691 6635 6729 6694 2299 2463 2398 2233 2329 2533 2506 2371 2401 2349
8352 8180 8347 8170 8284 8097 8323 8213 8166 8181 8120 8312 8209 5937 5837 5914 5707 5670 5802 5918 5858 5770 5633 5925 5844 5808 5780 5790 5842
5109 5294 5282 5306 5296 5180 5237 5303 5175 5275 5096 5261 5134 5008 5212 5291 5298 5195 5195 5146 5050 4996 5003 8870 8852 8872 8891 8910 8814
8217 8066 7966 8232 7947 7948 1459 1318 1406 1516 1240 1240 1326 1272 1232 1306 1323 1253 1425 1268 1405 1349 1257 1457 1219 1239 1314 1370 1354
2902 2763 2854 2733 2969 3018 5375 5262 5462 5486 5422 5347 5252 5287 5296 5336 5393 5372 5351 5389 5356 5356 5326 5418 5436 5237 5491 5325 5199
7057 7058 6782 7030 4026 3861 3998 3863 4073 3767 3906 3770 4062 3930 4015 4058 3934 3796 4010 3808 3890 3839 4064 3831 3982 3943 3998 3878 3827
2761 2591 2618 2449 2504 2760 2484 2523 2506 2740 2743 2722 8600 8826 8611 8774 8673 8652 8562 8639 8717 8621 8611 8801 8535 8735 8545 8797 8593
8747 8668 8498 8724 8721 8745 8469 8635 8647 8723 8502 8558 8701 8733 8685 8671 8763 3413 3365 3388 3560 3653 3597 3450 3595 3519 3369 3343 3513
8332 8160 8223 8284 8175 8217 8157 8213 8173 8132 8280 8131 8324 8127 8260 8139 8150 8327 8217 8141 8430 8286 8267 8394 8386 8218 7730 7661 7611
6846 6674 6631 6764 6865 6636 6837 6725 6726 6751 6772 6616 6627 6795 2497 2703 2655 2719 2751 2621 2670 2760 2543 2480 2618 2523 2550 2702 2499
7255 7156 7305 7077 7316 7214 7314 7124 7255 7170 7228 6559 6435 6505 6484 6400 6452 6399 6403 6601 6458 6531 6544 6384 6612 6355 6412 6583 6537
4913 4780 4772 4684 4936 4724 4775 4796 4724 4944 3512 3386 3401 3491 3588 3402 3543 3356 3460 3580 3447 3570 3327 3280 3576 3436 3432 3449 3336
3275 3462 3535 3400 4002 3986 4115 4130 4029 4106 3896 3813 3999 3953 3896 3878 3994 4086 4115 3967 4003 3906 3914 3846 4101 3872 4056 4027 4027
7440 7493 7309 7449 7382 7363 7351 7275 7440 7305 7427 7485 7196 7440 7319 7453 7199 7422 7256 7354 7480 7266 7277 7493 7460 7276 3297 3067 3113
7754 7698 7670 7721 7712 7730 7758 7779 7782 7608 7872 7825 7831 7649 7619 7567 7719 7832 7738 7635 7664 7564 7702 7589 7552 7559 7842 7761 3131
3651 3601 3645 3607 3739 3820 3723 3774 3776 3682 3818 3667 3737 3694 3815 3672 3742 3501 3539 3630 3696 3541 3632 3511 3614 3751 6954 6996 6896
4595 4701 4744 4795 4572 4794 4790 4567 4678 4824 4737 4623 4535 4742 4777 4938 4639 4955 4915 4681 4817 4922 4686 4884 4673 4955 4933 4784 4746
3151 3242 3231 3259 3266 3081 3220 3061 3037 3096 3132 3340 3209 3286 3118 3086 3082 4544 4300 4450 4525 4301 4536 4287 4507 4419 4375 4301 4522
7432 7453 7511 7475 7316 7517 7525 7433 7487 7567 7582 7384 7572 7393 7403 7556 7501 7544 7457 7378 7278 7522 7469 7422 7331 7569 7351 6368 6320
5546 7200 4970 5050 4627 2131 3756 7732 2446 4479 7644 8753 4631 2783 7320 5494 8645 8040 6821 4382 7411 7311 4776 2572 8675 2269 2417 3655 2313 8636
5583 7253 4873 4943 4652 2246 3941 7981 2178 4546 7571 8600 4496 2561 7274 5639 8718 8264 6821 4431 7289 7392 4767 2333 8725 2472 2466 3646 2191 8614
5617 7221 4833 4967 4743 2173 3737 8030 2140 4483 7531 8554 4364 2567 7314 5634 2153 8262 6627 4264 7563 7415 4494 2365 8755 2354 2595 3664 2232 8743
5693 7130 4884 5112 4449 2137 4005 7731 2407 4571 7447 8683 4558 2772 7526 5439 1978 8163 6812 4294 7321 7268 4582 2473 8732 2187 2696 3748 2128 8669
5685 7163 4843 5182 4594 2014 3837 7899 2241 4634 7419 8461 4579 2549 7301 5401 2069 5838 6694 4196 7515 7340 4635 2464 8590 2291 2421 3815 2143 8586
5739 7128 4942 5094 4652 1971 3987 7864 2374 4578 7700 8490 4538 2689 7274 5657 2004 5871 6589 4341 7267 7274 4529 2429 8827 2211 2608 3650 2107 8555
5786 7123 5048 5212 4649 2032 3920 7991 6228 4691 7497 8637 2637 2601 7490 5480 2164 5953 6852 4260 7353 7297 4604 2532 8808 2490 2541 3804 2052 8741
5580 7209 4961 5148 4711 1991 3843 7818 6240 4639 1450 8644 2794 2561 7322 5413 2218 6025 6744 4426 7332 7383 4783 2441 8800 2209 2654 3665 2176 8509
5810 7100 4772 4966 4727 2147 3831 7899 6078 4552 1702 8705 2674 4181 7430 5558 1937 5996 6871 4182 7462 7219 4712 2451 8526 2350 2413 3735 2190 8485
5787 7032 5015 4983 4613 2103 3864 7830 6178 4539 1522 8682 2512 4213 7256 5651 2199 5951 6802 4333 7277 2227 4733 2463 8686 2258 2441 3567 2054 8715
5599 7267 4807 4958 4623 7177 3988 7728 6202 4662 1616 8619 2577 4171 7257 5406 2082 6132 6694 4293 7489 2416 4737 2368 8613 2395 2639 4034 2240 8676
7555 7149 5030 4941 4669 6912 3893 7913 6177 4589 1538 8558 2552 4203 7261 5584 2227 6018 6133 4356 7394 2332 4527 2302 8663 2406 2401 3768 4047 8772
7461 7184 4842 4956 4532 7044 3953 8008 6291 4632 1435 8617 2544 4396 7312 5411 1959 5972 5916 4327 7455 2241 4591 2408 8803 2418 2407 3942 4011 8677
7355 7064 4986 5068 4739 6914 3947 7886 6000 4435 1715 8469 2676 4223 7552 5461 2096 6137 6160 4137 7353 2460 4583 2392 8719 2732 2594 3972 3968 8843
7477 7212 4820 4966 4716 6986 3839 7858 6116 4565 1450 8493 2790 4382 7411 5660 1973 6099 6086 4423 7573 2325 4593 2465 8650 2726 2681 3827 4215 8830
7297 7264 4999 4923 4683 7065 3774 7939 6086 4679 1723 8662 2562 4367 7229 5665 1941 6012 6098 4287 7574 2445 4546 3224 8585 2902 2427 4046 4131 8782
7334 2118 4933 5130 4480 7073 3951 7828 6097 4606 1611 8602 2617 4135 5569 5707 1994 6118 5992 4243 7411 2359 4657 3117 8612 2760 2441 3940 4080 8714
7472 2257 4771 5103 4638 6954 3750 7871 6121 8042 1521 8203 2768 4286 5697 5572 1987 5899 5997 4328 7419 2521 4779 3096 8710 2859 2478 3817 3957 8586
7280 2325 4810 5157 4684 7021 3924 7918 6226 8052 1490 8159 2798 4159 5604 5414 2171 5838 5947 4245 7273 2264 4611 3234 8819 2827 2685 3975 4050 8831
7392 2140 4956 5051 4482 7072 2605 7981 6210 7982 1498 8286 2785 4339 5665 1911 2195 5860 6134 4207 7387 2222 4487 3117 8828 2844 2473 3886 4061 8777
7492 2204 4883 5061 4724 6955 2442 7923 6258 8177 1449 8035 2560 4394 5709 1955 2061 6029 6037 4129 3184 2280 4564 3076 8529 2896 2416 3984 4083 8665
7431 2172 4921 1791 4478 6964 2699 2854 6040 8086 1544 8045 2805 4103 5548 1926 2062 5970 6043 4355 3359 2384 4768 3102 8781 2742 2607 3741 4204 8593
7356 2118 4752 1880 4606 6997 2626 2937 6170 8196 1429 8003 2644 4358 5410 1925 2158 5909 6153 4323 3362 2321 4486 3176 8809 2648 2700 3852 4086 8882
7326 2272 4820 1743 4739 6924 2591 2952 6026 8037 1657 8116 2634 4211 5689 1908 2022 5939 5923 4179 3397 2532 4705 3161 8789 2654 4399 3796 4188 8877
7392 2228 4925 1901 4667 7015 2467 2882 6190 7970 1479 7997 2587 4290 5461 1943 2184 6055 5975 4423 3147 2535 4622 3008 6728 2906 4320 3882 4120 8794
7396 2042 5023 1727 4613 7166 2553 2803 6235 8028 1488 7984 2545 4142 5534 1945 2026 5997 6158 4248 3343 2448 4541 3131 6574 2907 4457 3985 4209 8617
7355 2092 5062 1626 4679 7025 2597 2729 6274 7936 1551 8010 2724 4100 5594 1915 1943 5920 6154 5639 3372 2473 4604 3014 6775 2816 4407 3970 4245 8774
7386 2074 4759 1620 1296 6920 2484 2891 6169 8153 1687 8081 2573 4282 5508 2090 2172 6133 6088 5552 3238 2458 2598 3046 6474 2715 4267 3900 4210 8757
7240 2321 6070 1857 1340 6949 2688 2844 6254 7997 1689 8085 2511 4302 5701 1851 1954 5839 6035 5788 3370 2471 2515 3136 6507 2903 4551 3831 3979 8820
0 27 9 18 61033 1.0421193995753577
9 4 25 8 65564 0.9026465059038405
4 8 4 23 32267 0.9500861244933995
20 7 3 5 62667 0.95746870583217
9 6 1 19 54551 0.9547110629717371
8 25 27 8 63523 1.013269543112528
29 2 11 8 71192 1.009149761431366
23 21 29 17 36104 1.0657388786113222
26 2 8 24 85803 1.0925620310972461
23 13 12 6 39022 0.9553804541715557
24 3 11 28 76211 0.9789259720157728
2 14 9 8 42795 1.0333116009535188
20 16 1 6 61994 0.9017527265236382
13 18 25 3 61479 0.9326037890592991
9 20 0 3 76696 1.0264470904091187
2 23 19 10 53779 0.9463364431265349
29 24 10 21 61876 1.0405405043702833
25 21 11 2 81060 1.0201992599975087
4 6 25 12 61001 1.0832962938188038
29 24 10 20 67739 1.0649833106997666
17 13 13 1 52033 0.9273732890204417
24 16 1 7 69946 1.0018273074060542
24 10 19 25 49018 1.0128831531498126
28 3 6 3 84993 0.9526334797064331
16 29 25 28 40656 1.0239549216169732
24 3 16 16 54756 0.9972325177500734
7 1 26 10 67235 1.0041830490419321
8 22 14 15 31593 0.9029857858105252
22 2 28 14 50256 0.9186948479481983
19 18 12 26 37432 1.0123221210678548
25 1 18 6 34388 0.9086707301157958
29 13 29 2 45304 1.0149938461703252
23 1 22 18 63873 1.012114192201041
26 29 14 22 54068 1.081946814852921
14 6 4 27 57456 1.0958001127471588
4 0 28 22 92889 1.0426498148533354
26 0 10 0 67549 1.092781708222128
19 13 5 28 63327 0.9273152108209969
1 28 7 14 61738 1.0471229173034242
3 16 26 13 57008 1.0898974308913196
20 9 5 25 57085 1.0284264461980168
17 23 24 15 38583 1.0175763149902675
10 10 23 3 47787 1.0645634999530371
19 22 2 28 55521 1.0486676153190957
17 12 15 1 34124 1.0451022094389508
28 18 14 18 39091 1.0919600115978165
22 9 0 10 71879 0.9883424792995323
6 29 16 25 33901 1.0340625762811606
2 28 7 20 49925 1.0918295284335902
6 1 20 1 67421 1.022716386287371
17 14 28 27 76884 0.9950630003243464
8 12 22 11 33813 1.0543489907819938
21 16 3 10 52990 0.9536889166922706
8 13 0 26 50821 0.978610167102995
19 2 27 19 82544 1.0170457970377227
18 16 13 6 25157 0.999841835402098
19 4 0 16 79688 0.9339360738003545
16 15 25 18 38319 0.9354121098961493
6 0 21 10 64782 1.072820357698201
13 24 25 29 52099 0.9574577678352804
7 5 29 10 54486 1.0559953540938893
28 7 14 7 35011 0.9422682212776377
11 6 14 15 23802 0.9059079217767992
26 24 5 10 79785 0.9429567810491428
27 16 15 9 40414 1.0126181302809754
28 20 10 24 55969 0.9835133284787082
21 8 1 22 77621 1.0707940982655495
3 4 25 27 93717 1.017680014081249
18 6 8 18 53788 0.9952550945575556
24 27 10 25 41794 1.0481880866267388
25 26 2 16 69908 1.0551840640097503
16 14 9 9 30451 0.9425370011879055
0 19 16 8 62004 1.0239918190078445
16 14 5 27 52313 1.069434461403587
6 15 9 22 41791 1.0223765910036908
3 14 20 4 73559 0.9131993512802309
11 11 23 25 56109 0.9998435110100131
12 24 3 21 40925 0.9067923623034212
27 11 13 21 41377 1.02242278006677
6 0 7 27 81097 0.9022129040619791
27 28 17 9 74580 0.9984374664130047
10 26 5 6 63778 1.0827387913448365
20 28 1 29 62937 0.9770642815770423
1 10 28 26 109347 0.9529101968495916
7 9 26 25 70807 1.0245616883944173
8 20 17 10 45543 1.013322892186634
15 5 21 16 34494 0.9910172239458322
19 24 27 7 72726 0.9659772269937579
26 9 21 26 60433 1.0728303712094935
3 14 12 10 40123 1.0529211286439613
0 24 18 14 68876 0.9633719115879511
4 23 24 16 54094 1.0796043557091228
25 3 11 28 78112 1.035396062457725
10 21 21 19 33005 1.000035815894455
7 9 1 21 56392 0.9812889312558302
10 19 4 26 38771 0.9422485385725184
16 16 8 27 35354 1.0773893514516688
15 6 15 29 42447 0.9925935043203529
2 28 0 10 81862 1.0048465247993703
27 4 20 13 48144 0.9844478285037889
19 26 3 23 43350 1.0049528848779448
27 17 19 28 54748 0.9583761380356961
20 11 29 16 39227 0.9296931188027282
0 12 18 6 69399 0.9447084568727069
3 19 5 3 36817 0.9254464701871321
14 19 20 25 24873 0.9746192435744305
3 18 1 27 44730 0.9074656691482746
9 11 12 21 34914 1.0921405146189298
7 19 24 14 63912 1.0651022280013918
22 23 6 18 57732 1.0354721574318062
16 22 26 1 70616 0.9652220410751658
7 11 26 3 62102 0.959905274138314
19 2 11 12 45201 1.003391615228901
20 7 0 17 84472 1.0964412107634594
25 26 16 16 48736 0.907688610383781
24 7 6 6 63872 1.0709933505453593
29 21 25 6 62591 1.0919363807112086
27 5 7 20 87984 1.0140832103994282
17 26 24 22 33230 1.0681013170781573
7 13 26 1 75096 0.9634419409201713
7 1 14 14 53974 0.9548475075790184
10 14 11 29 43644 1.041255913701213
7 5 26 22 77687 0.9482791405716585
20 2 28 6 33586 1.0584775885285211
1 6 2 21 51770 1.030896026651554
19 1 4 12 65104 0.9191635815834043
8 11 5 24 51182 1.0525560523590327
25 12 21 22 45669 1.050836863888503
29 8 25 29 93120 1.0152475893358348
28 11 6 27 69760 1.0515836135374708
3 2 15 4 49441 0.9740337853557443
19 21 9 9 40831 0.9044797912200584
11 20 14 3 47010 1.0692314003943602
0 5 21 26 79401 0.9779716098181409
26 7 7 3 69608 1.0479250909862752
22 2 27 29 115187 0.9349385485213098
29 2 29 22 78209 0.9767813989481986
18 20 29 13 48981 0.9780963136742171
11 5 1 17 56764 1.0816993188969295
5 22 21 26 47682 0.9576488063342331
19 20 12 10 37784 0.9452186903448753
11 9 18 14 38612 1.0272970160189658
4 19 4 5 24012 1.0875740862420922
21 2 10 13 60704 0.9043547004368917
13 25 27 5 62989 1.0456026216676595
19 12 17 2 31615 1.0755258571237105
12 29 4 12 57733 1.077505798016597
2 27 22 12 75844 0.950556188932311
5 24 28 8 70971 0.9223624582831293
11 18 5 6 47814 1.0197144922791088
7 22 4 0 51200 0.9163256395948377
15 18 14 6 21977 1.0181718579246049
24 4 0 25 95436 1.0878921647032656
10 3 26 25 85880 0.9480461425165083
8 1 24 13 83275 1.0039866214516133
2 11 13 24 62283 1.0757104266537385
13 24 11 7 51206 0.9206459986838211
7 20 11 2 72038 0.9323078524767696
24 11 9 12 38140 1.0635748797255355
2 11 22 12 66541 1.018276526618657
24 11 4 7 55538 0.905461099826478
21 1 4 0 73653 0.9666356784147381
26 29 17 2 95075 0.9750219669040544
23 10 9 23 42544 1.0365414182429726
7 9 5 24 49642 1.0136417879793072
13 21 7 15 30465 1.0518331107935222
3 9 15 17 44997 0.9178235122525118
29 23 17 0 90015 1.0912100957048165
0 15 2 25 51826 0.9453803775082622
0 5 22 11 60709 1.0315652284379755
23 1 27 7 29986 0.9445254709955799
12 25 7 10 35700 1.0588908982682004
3 21 27 5 84833 0.9987247973716382
0 1 4 13 45468 0.9336305910421052
7 6 7 21 58499 1.0519068586160265
3 5 27 1 80285 0.9723569587955025
7 11 10 18 37134 1.0993411766742525
29 0 14 25 79395 0.9103337386782915
1 29 18 15 72261 1.0796645007042969
27 8 17 19 53962 0.9677100807305743
17 2 25 26 77806 0.9646431273827518
5 21 15 3 62478 0.9693625537008064
0 10 12 11 59619 1.0803867006870835
17 11 5 28 53331 1.001844642030399
0 29 22 12 78100 0.9744279365406303
7 29 15 0 75036 1.0096105783797036
8 7 24 1 70830 0.9980001241589045
5 6 19 12 53313 0.9341972378562204
14 8 5 14 37706 1.0855927483484598
23 3 11 22 65204 1.0021060930234686
7 2 5 22 52933 0.9233058631967548
16 15 5 11 43164 1.0412109643411742
27 16 7 4 70039 1.0283147307580558
9 5 23 9 44903 1.0270892810217982
26 21 9 15 53137 0.9833376526614624
21 16 2 0 73979 1.0705275044009734
26 24 12 29 54580 0.9495896077797903
22 17 29 7 45652 0.949096412360054
7 8 0 26 59733 1.0156438057914545
26 27 9 0 109109 1.0106655160799043
5 3 6 23 48958 1.0144340162691297
4 2 27 4 82938 0.9729637708794775
26 21 1 16 69114 0.9730683753874056
0 5 3 19 36993 1.044341762858553
7 29 20 0 89786 0.9175366288030478
5 27 10 11 58010 0.9006056982058059
23 15 5 4 66951 1.0587884718830303
10 25 24 3 72749 1.0935620887757704
9 26 28 2 80121 0.9471782756115661
8 25 29 25 56664 0.9597722523240371
8 16 27 19 53695 0.957459576518604
11 10 15 2 25800 0.9556244385519193
4 1 20 24 75271 1.097422200160656
14 22 6 2 61316 1.0131295017177913
15 11 13 3 32300 0.9592529708012688
18 19 26 17 32832 0.9009105604576922
17 26 24 18 45553 1.036002313004836
28 22 14 24 41931 0.9997414427123158
26 6 12 18 55562 0.9854459385529359
3 26 13 1 84630 0.9376478216638141
5 25 19 10 48836 0.9239453902974019
26 21 16 20 27756 0.9449898989814962
20 3 2 9 78582 0.9655363173292935
29 21 2 1 103239 1.0456640224300038
23 6 29 18 57074 0.9163038554342272
29 27 2 7 108556 0.9505460292477226
2 16 7 1 46787 0.9942356732883647
5 15 21 22 51566 1.0041298405996844
25 23 1 0 106876 1.0064696813790284
12 19 25 10 36932 1.021234107468264
11 8 0 23 69183 1.026352818776049
14 10 26 9 22021 1.099041979971081
12 29 6 0 89471 0.9890696579679948
22 20 7 20 55256 1.0614363424647772
12 6 5 25 54640 1.0317738339383111
11 9 3 16 42071 0.9751196220440992
7 4 16 6 37932 0.9176582191038453
2 15 3 6 30577 1.0666795711559445
20 28 9 19 47379 1.053653272740554
15 10 29 4 40228 0.9913578894214167
15 8 10 28 44263 1.0909422607771764
9 11 19 27 54105 0.9193738203927903
28 2 8 22 84731 1.002196979938777
20 22 11 26 30819 0.9054445725919585
16 1 24 12 44567 0.9227659410475737
11 10 10 29 45710 1.09633504556519
9 1 10 16 63179 0.9714054840138328
8 29 2 7 72514 0.9764309132124613
21 26 19 15 33370 0.981016224254042
9 12 2 25 56935 0.9370517710598263
13 9 3 5 41921 0.9908152432420432
22 12 7 26 57544 1.0526037316796966
23 3 18 26 72321 0.9612469671299101
24 27 11 1 98834 1.0231626310163426
3 28 2 7 70023 0.9015676352201146
28 7 6 27 75822 1.0304643654897685
18 27 21 20 27305 1.0449724176262662
3 7 22 15 63009 1.0845144143511778
4 19 16 1 63697 1.077607402239759
1 17 10 26 61212 0.9564197370221402
21 7 3 1 77339 0.9552366324495519
8 14 16 1 62619 1.0052903343939066
2 17 7 1 52758 1.0131075695008898
27 5 5 19 78501 1.0508682308923303
1 14 8 18 45323 0.9929027780760633
26 22 23 11 46778 0.9257679828925578
2 19 8 7 51920 0.9956667235583774
16 4 21 26 58620 0.9951268115094223
7 2 29 15 84011 0.979196444144983
15 5 11 18 39818 1.0927561716008052
4 3 10 25 61526 1.0756422695614836
23 9 10 7 35179 0.984252943988765
23 5 1 2 85116 0.9410282134648886
12 21 25 26 42849 0.962458328908707
12 8 24 22 59235 1.0551842321662819
13 11 24 15 35751 1.0599126948422848
17 20 27 4 71770 1.0494982334623286
22 26 29 12 61797 0.9063079087795332
28 28 15 11 76923 1.0322885725253794
0 10 26 0 106017 0.9750696958159222
23 23 29 16 39512 0.9247764408621654
13 1 26 9 58025 1.02590109348629
28 2 1 26 100515 1.039577661271809
14 22 21 13 36673 0.959883205740062
19 10 28 4 32543 1.0486170588426318
7 25 26 0 87708 0.9963409988033998
13 19 21 29 44388 0.9910417070556313
25 6 8 29 78054 0.9952690885667121
4 29 18 16 56926 1.0886369997189824
17 14 27 5 57544 1.0841894739746722
22 26 7 29 47656 1.0763069630904327
21 16 8 18 41707 1.0066348271451206
5 0 2 13 33192 0.9437059847975737
16 14 27 29 76173 1.0678970567973705
18 9 13 2 44660 0.9146907329405628
17 24 22 7 61253 1.0089260831491778
0 0 13 29 96862 1.0099819811747812
2 19 28 17 66533 1.0545874578774965
26 7 20 3 28992 1.0383416600969213
27 13 7 14 65936 0.9570668135917212
0 19 22 3 94354 0.9307554556920445
22 14 11 26 43030 0.9700746933749407
3 16 0 4 36890 1.028644189640366
23 21 1 10 81565 0.9823794084882316
26 9 7 28 63666 1.0048527896284793
13 20 3 21 46952 1.035897755865907
12 4 0 27 81793 1.0321222534908185
27 24 15 1 81872 0.9859199550403385
9 10 21 11 25796 0.9592027670645392
29 8 7 4 69670 0.9632938323966173
9 19 5 6 47386 1.0827546182918013
4 12 4 22 17118 1.0528327372452428
3 8 19 11 49436 0.9212742904974963
2 8 24 8 63377 1.0463329376636632
19 18 28 5 60256 1.0657764912939507
29 20 4 16 69091 1.0546833865239915
12 23 18 11 36503 1.0285678878699742
28 20 19 16 35199 1.034805761914333
18 26 12 13 35651 0.9340995350110824
7 21 24 28 66470 0.965344171824739
18 5 13 18 41103 1.093279887827346
21 4 15 24 63608 0.9345271302351248
12 25 26 14 47487 1.0270689525218202
25 17 2 29 80558 0.9168848988093146
29 26 15 15 67094 1.0482643699454337
8 25 10 12 42000 1.094010422099482
11 0 26 23 99738 1.0553864008868896
24 8 21 1 36946 0.9483275677148015
11 0 17 13 65668 0.9214178643014083
14 8 19 28 44522 1.0914259407711613
15 28 27 1 77519 1.0767934806356954
11 17 25 8 52565 0.9509627141349645
5 0 21 29 98284 0.992978827289381
0 17 7 13 39469 0.9418395889213464
5 7 14 26 53962 1.0959801976891232
4 12 14 27 42542 1.0285300531475592
1 27 27 28 85740 1.086801618427628
21 24 19 9 59116 1.058072240813475
3 18 8 12 30143 1.0043062253359476
0 20 9 29 43741 1.0176530385477016
9 29 4 21 44696 0.9565880960682878
25 10 9 6 41883 0.9411197567118639
18 12 24 1 46896 1.0305746861856706
13 20 21 28 38551 0.9265861315513204
12 24 6 7 58230 1.0469874463809818
20 19 19 7 56344 0.9021736543225947
17 27 20 14 43702 1.0347897632874017
21 9 15 3 36170 1.048877112906013
10 0 11 19 68477 0.9277987059383115
25 8 8 25 66163 0.9409936591165627
20 11 20 24 46437 0.9062825955599444
25 28 24 18 52530 1.095758090749926
0 16 20 5 82017 1.024981597527045
28 23 9 0 105986 0.9219776510019093
18 11 3 0 65153 0.9882077970736711
21 10 15 0 37519 0.9145218155127063
29 28 6 22 81952 1.0029447616444855
28 4 8 3 80810 0.9609611437639736
24 24 3 24 69362 1.0265924271171625
27 13 23 28 67885 0.9256551957981182
0 11 11 24 66535 1.0372598365090935
11 24 17 18 33422 0.9869355328345775
26 11 3 4 64499 1.0915063478890739
26 5 16 24 63530 1.059713772548161
26 13 11 16 40357 0.9905902188922779
3 14 23 1 80629 0.9976790645710123
4 29 26 25 70297 1.063429403752441
10 14 16 1 50407 0.9630902261088947
8 1 29 1 79986 0.9322012333008285
1 27 11 4 81025 0.9531392883921749
22 5 12 28 66655 1.0007320981376164
24 1 19 15 61636 1.0252588666823015
10 2 0 28 82742 1.015900882986954
15 3 26 27 77540 0.9619602846179622
17 20 7 5 61356 1.0816707006038357
28 26 13 10 64908 0.986323593475979
27 22 3 8 79760 0.9808531896170885
15 11 8 28 45126 1.0190889670207646
22 3 9 28 80642 0.9195121783295128
7 18 4 6 36549 0.9769634617093449
9 29 22 21 47756 0.9597676736396354
27 6 10 14 56221 0.9034416435097024
12 8 5 25 56254 0.9053367063530204
10 28 9 18 40540 0.986781178099528
19 16 29 8 47835 0.9075330895908394
14 21 0 1 78321 1.0373415855011507
2 5 25 6 70828 0.973401460003256
22 13 15 17 29344 1.089526037568229
16 23 7 19 37324 1.0742142838669584
7 23 2 4 53049 1.0504374681713218
18 27 19 17 38072 0.9943055325004961
23 17 3 22 58113 0.9588087643904595
15 29 20 9 48953 0.9358012837672185
29 2 9 1 80535 0.9760158500942552
0 13 16 22 52145 1.032807044431032
13 22 5 25 28488 0.9147518319203886
22 21 16 5 50263 1.0805184427680248
20 29 19 0 84620 1.095787290779646
14 21 2 6 52466 1.0510125329277509
28 7 18 28 68321 0.9621259134310494
15 24 10 18 32252 1.0571091764326974
23 20 10 4 68333 1.0683884567297548
27 12 29 25 56707 0.966680716718821
8 12 24 4 60837 0.9913056554092772
13 2 1 15 72567 1.0022288922101874
5 4 18 24 70813 1.0396276739083194
5 23 16 10 41855 0.9443196193927338
3 1 7 11 44023 1.0666312254389114
27 11 25 19 37295 0.9501455888362602
11 7 5 17 52169 0.9696324049583949
16 27 26 19 48825 1.0540614465900904
23 5 24 29 91676 1.005759095426729
25 11 8 18 59724 1.031958626925923
26 22 3 13 67802 0.9131872255197049
29 8 13 19 49718 1.066918707338463
9 25 17 15 37844 0.9114628409676627
27 3 9 11 61140 0.9611526547565299
6 4 29 20 93114 1.069243956863527
29 24 21 11 73136 1.0145399086665023
3 18 5 7 30507 1.0066473179387516
10 15 18 0 57984 1.0765133977666896
14 15 24 23 39934 1.0985386858557444
7 2 1 29 88969 0.9537371341229522
3 4 13 28 65883 0.92049257104171
16 14 9 20 38330 0.9941751885811567
24 12 5 13 54308 1.0903133958862419
4 29 14 29 37042 0.9807459545701158
29 13 9 20 67620 1.01390248932384
9 29 22 25 45781 0.9165756136174171
14 20 13 10 14600 0.9618379714834236
23 23 5 26 54220 1.0060739243003631
8 20 3 14 40491 1.095757680524112
21 20 1 20 70589 1.041124650799672
25 14 4 16 53195 0.9957812828133157
14 25 5 23 24462 0.9872330082104264
16 4 26 11 37370 0.9391922547145889
21 26 1 8 72169 0.94164903737559
2 11 15 28 62921 1.0783708277195596
9 22 7 14 52758 1.0470289721208776
18 9 23 17 41636 0.9962055746887513
6 8 0 14 30982 1.0400220200176098
20 9 5 6 53542 0.9068733663366133
9 16 15 7 30277 0.95884121366426
21 25 7 7 69961 0.9363157187017181
1 6 16 18 61377 0.9190743683548427
5 8 18 13 49028 1.041080311709894
2 22 18 13 61051 1.069315809863328
15 16 26 19 33583 0.9295382415158622
4 25 15 11 48989 0.9027475691831203
7 6 28 4 73044 0.9120401255782067
3 15 6 7 26421 1.0251209824400276
29 23 21 29 48494 0.9732416725531153
13 25 15 4 37829 0.954262842258978
26 24 6 19 72609 0.9974097188128342
21 9 11 3 53237 1.0952945827396963
15 26 8 11 40585 0.9307703395143674
6 23 21 23 40686 1.0210826254106091
0 24 9 10 61065 1.093490275459734
8 26 27 0 90110 0.9647707231794382
15 11 29 19 59876 0.9296847767173015
24 18 11 1 87580 1.0498024633076268
8 5 24 4 66179 1.028983143064368
2 0 26 21 94967 0.9582620195379025
28 6 12 5 55687 1.0380569116267062
26 10 12 1 61527 1.0506587455202367
8 26 13 17 32904 1.0797440926070954
29 17 5 2 87651 1.048226741219232
15 22 9 13 36148 1.0955233453051034
28 14 9 20 60032 0.918569477211023
21 14 9 28 52833 1.0214665348454925
18 20 10 12 35369 1.0817816441782804
25 0 16 14 64719 1.0951814296957816
24 1 23 16 60472 0.9346876605288243
27 15 22 0 62840 1.0001712019934994
26 21 26 0 77529 0.9813014280312673
5 3 8 16 35929 0.9130242781210743
26 11 23 18 32667 1.0159282032570347
12 8 1 27 75519 0.9511300136778809
17 0 1 16 72140 1.0952465552123585
15 27 2 15 49326 1.007064633079642
20 14 29 22 44863 0.9712987305872544
20 26 4 12 56413 1.0663706489967062
2 19 10 15 30010 1.0010879424793075
21 10 3 5 49103 0.9614801494459257
5 23 19 1 71223 1.0677249084418194
23 24 1 24 69009 1.062046892690494
9 14 10 25 45089 0.9932388735760443
19 5 3 21 75076 1.0186273059416884
1 1 1 12 52934 0.9887316021900933
13 14 26 9 34651 0.9031877388149465
22 17 0 23 63200 0.9970515404996676
21 27 5 26 44417 0.9974776678231982
21 0 5 18 79416 1.0860078513546207
25 1 2 12 87160 0.9070477278126265
26 17 20 9 41942 0.9104783599081497
24 23 25 6 71331 1.0417428710957894
23 25 0 17 84521 1.0562923897329226
21 21 9 16 33653 1.0170988305183006
5 3 13 13 52764 1.0592569941572987
23 1 17 9 33651 1.024293448539232
29 4 14 23 58574 0.928875518105262
6 21 13 24 34229 0.9573479356060106
11 26 21 23 32646 0.9166837313379604
12 28 16 19 28567 1.0721348533429578
17 15 7 19 47594 0.9629583222976786
23 8 10 16 37830 1.0811674942979135
13 7 20 26 48122 0.9854411868686982
7 8 11 24 50444 1.0551724009504668
14 3 5 16 49726 0.9797485155052313
16 3 3 17 61562 0.9249608387305871
8 8 18 6 43300 1.0285382124407763
20 6 0 15 75055 1.0942094498226997
18 15 3 6 58621 0.9359612287170185
19 8 29 15 48023 0.9892616669806026
22 22 2 11 71871 0.9785937942464239
16 1 25 13 54212 1.0467662302765508
9 9 16 6 27939 0.9034561730371632
3 6 16 8 49374 0.9934232776063802
6 0 24 19 94687 0.9691841654831415
4 8 20 1 65635 1.0459109249254128
10 22 24 1 71905 1.019934678801641
18 28 21 1 74435 0.9748176823692032
19 15 8 23 40539 0.9445051229395595
7 16 22 9 39564 0.9678021521236291
18 0 12 21 57183 0.9922333683343979
7 10 21 4 49807 0.91881021912751
17 19 7 2 69068 1.0029523908375733
14 5 7 2 47059 0.9352844612047536
24 12 15 18 40336 0.9474727797193911
29 25 7 27 64805 1.0764163915218632
11 19 1 16 43005 0.9570155263421508
18 4 29 24 91656 1.0737329368499746
19 6 21 16 44649 1.0490527243900936
2 7 25 7 73309 0.9128321442654243
22 0 22 15 60603 1.0143047343443379
23 19 7 28 56446 0.9956885442752812
11 18 5 23 30771 1.0458003928695363
11 28 17 13 42063 0.9239147887516953
14 21 10 0 58330 0.9216312763301523
2 15 3 0 42562 1.0434804863191665
24 23 27 11 53685 0.9381090942915886
23 12 12 5 43120 1.007290690689028
2 1 5 11 39315 0.9021485382005171
1 5 11 12 40752 1.041000647735676
18 15 14 5 37829 0.9114139976024791
12 13 18 3 40278 0.9847016614037453
18 29 9 13 56979 0.9539452774410045
16 7 19 20 49510 1.0473612931004965
15 27 18 18 31625 0.9344534780815441
13 8 26 5 46036 0.9203817204988601
21 16 9 5 49020 0.9292846718042564
9 26 6 17 44601 0.9458593366240359
25 19 22 29 46299 0.9850400174431561
7 25 12 12 39080 0.9735493422484549
29 9 13 29 64525 1.0761018163025144
18 5 22 11 30981 1.0517249019146742
22 1 2 11 86414 1.067415344177987
28 29 16 7 90664 1.0096932703153287
18 22 29 23 37798 0.9962549085220102
21 0 22 25 86268 1.072081521478598
15 1 9 29 67121 0.9183589178332779
28 26 6 26 64501 0.9414385752964531
1 28 6 17 50620 1.0130175262386842
21 22 14 8 38672 1.0724784285411415
3 23 25 4 89085 1.0253283576661958
1 22 3 7 47092 0.908490362958965
4 21 21 6 64638 0.9870812130692089
15 28 29 13 61371 0.9450041471074992
13 24 23 5 61153 1.0055069331934732
8 20 17 6 55796 1.0426905248173015
20 7 3 12 66616 0.907086306785917
11 12 8 24 42990 0.9631596739166725
21 28 9 18 59603 1.0949101256638545
15 16 14 5 23236 1.09668215578841
14 14 0 28 51733 1.0053594719604946
25 1 4 29 102322 1.0893257345083955
29 11 10 28 66073 1.0753093054819745
17 2 28 21 73225 1.0186916882919625
1 19 7 11 41746 0.9016860648774974
24 26 3 19 70800 0.984856157244387
11 5 21 18 55532 0.9793504434911289
16 3 16 23 45766 0.9872532659927629
28 5 4 2 78376 0.9029041511407963
12 14 13 4 38484 0.9155709981486846
4 8 29 27 98015 1.0979548771671235
29 8 3 14 73418 1.043885832351516
3 13 13 3 51282 0.9529851963161134
7 17 20 17 36315 1.0977333360425523
29 15 14 2 65445 1.0753868168586227
12 2 1 20 79330 1.085591558392576
10 17 22 3 63274 1.0300650319984812
1 21 13 12 59151 1.0908529473912119
6 11 19 13 46752 0.9965899743581399
19 25 20 7 63141 1.0370604340725904
18 8 23 25 60927 0.9412677824063584
14 12 2 27 54180 1.0195385072412906
21 24 9 9 57816 1.0617256912760562
4 12 28 17 60004 0.909492392747486
21 16 28 27 56956 0.9594474459771589
3 14 14 3 62678 0.9088949806544976
10 5 2 8 22075 1.0379410946234429
25 6 22 14 36657 0.900980394176833
11 29 3 6 69328 0.9087651348005292
17 7 12 29 49869 0.9683711459044401
11 21 27 0 75727 1.0837086674844145
29 11 6 2 76525 0.9852758173201845
1 15 8 9 45763 0.9650370184198764
14 18 13 9 16143 0.9518172234271378
13 0 15 21 57728 0.9317615791751714
11 10 6 1 45262 0.9403306686865536
12 19 25 6 55234 0.9026033164395374
28 11 8 28 64178 1.0651330565160604
25 0 8 25 87560 1.0308301304185412
11 21 27 9 46037 0.9592190434079547
17 2 5 18 60644 0.9904068902352757
2 12 26 19 72511 0.9585329482960708
16 13 7 19 46474 1.0453750909638337
25 17 5 1 84308 1.0105937314509381
5 16 15 13 27078 0.966055672640067
7 28 13 5 56471 1.0231900554276463
5 20 28 20 76029 0.9570845780060367
22 26 2 29 57104 1.0711178301875772
16 14 20 28 45619 1.0705839769990533
16 10 24 19 45705 0.9455751948770716
9 1 15 18 63477 0.9253520198329251
20 3 15 11 42033 1.0615262367033684
25 0 14 26 74240 0.924993576514072
24 29 10 19 59393 0.9666324989140378
2 0 6 7 32300 0.9835446351261097
13 27 17 7 38650 0.9413341700096309
4 12 29 2 85461 1.0300389536637446
15 2 16 21 40172 0.9476881363850702
1 28 2 8 60523 1.0607060001751616
2 24 6 7 51354 1.0844722455838494
21 11 2 0 73933 1.0730556503106343
29 26 19 18 55831 1.095012732415733
11 27 23 18 49500 0.9558117481132988
14 0 15 27 60206 1.0604254475800667
10 26 13 12 31048 0.9980805982542188
6 22 3 2 48131 0.9061085406934796
13 11 2 1 60214 0.9693951455097843
20 8 26 23 70207 0.9630264225553331
5 11 29 17 73002 1.082464321947051
16 25 12 9 35783 1.0686256257585185
17 13 22 19 38967 1.0146856213999151
7 24 19 21 37996 0.9465541421079358
23 6 15 0 43010 0.9462236669899124
27 22 26 4 70420 0.9964698174766669
19 5 6 4 59430 1.0626649290613508
27 0 8 21 87589 1.0280453554973796
22 10 28 0 40935 1.0208794146866174
19 21 27 28 46206 1.0640251649251447
22 2 4 2 77256 1.0732111284320534
7 7 26 1 78247 1.0870842184497926
7 15 22 10 41233 1.0054012956936857
27 1 24 21 76944 0.9570676534879441
7 29 5 16 53373 0.9181064618821675
25 15 16 21 35142 0.925648044436394
28 8 17 11 25669 1.0870596426510635
20 13 7 4 60933 0.9512926784575741
18 19 4 12 49315 1.035288131106221
7 19 9 27 43967 1.0965393208495566
8 2 12 12 52748 0.9829321974296457
11 22 1 13 49096 1.0054646130211442
19 18 14 10 31385 1.076932470457325
16 13 5 2 58041 0.9124625809882572
12 6 14 15 19909 0.9409825823448346
18 18 13 0 68800 0.9969981412236791
3 28 21 10 60817 0.9007734376011457
22 16 20 5 51796 1.0837116129839495
11 1 8 18 77016 1.014911091499426
25 28 10 13 70305 1.0079460338489676
12 22 28 13 54120 0.9535013363462107
6 19 14 22 34638 0.9890368484760333
8 17 5 1 48864 0.9900142034302949
17 20 23 4 68219 0.9432812977295775
12 11 11 29 46386 0.9317923118550802
9 1 2 13 53556 1.040081230277344
2 26 12 15 53574 1.0073000084261952
25 20 23 10 44782 0.9738542749960295
9 4 6 11 39702 0.9084098409724489
2 9 16 11 47600 1.0473640107027318
11 9 26 27 70804 0.9513886591003988
3 17 0 28 46486 0.9961545068021178
21 3 27 21 76838 0.9867746449819462
22 1 22 11 41824 0.9059207906119656
22 7 20 21 51842 1.0466850979021578
16 15 27 24 55392 1.0705607871595264
4 17 22 29 66222 0.9222737491619495
20 2 10 28 75130 1.0278171744124105
6 7 26 0 81977 0.9265773620395853
16 16 8 14 31252 0.9275299376030727
16 25 21 9 43112 1.0760794950812274
5 7 19 15 57642 0.9021864295597474
6 28 23 22 54434 0.998756478311408
14 23 27 22 38637 1.0223340285448033
27 27 21 3 102676 0.9829791746059295
19 16 8 20 43209 0.9314171211300836
6 24 10 5 56986 0.9138401867556377
9 14 16 23 38151 1.0036300328220487
4 3 6 25 52219 1.0713660107608116
19 1 27 11 47600 0.9520900882127167
8 3 2 27 83832 1.022898863158186
3 16 27 7 62849 1.051759475563916
8 0 26 6 87471 1.0760689796989518
25 9 16 7 32989 0.9908036885874438
8 12 17 27 46912 1.0614493963039022
25 13 9 25 61285 1.0543330838830625
3 7 0 23 51526 1.005128245175506
29 10 10 16 39246 1.0067386628988966
23 8 11 18 49112 1.0352893505021634
1 11 11 23 63012 1.0998819611931632
12 20 8 10 34377 1.0058513175033104
23 1 10 6 53483 1.0543506257091881
29 3 3 20 87985 1.041693237975063
18 20 23 25 26733 0.9595025705649528
11 23 27 0 78402 0.9087177512989544
6 19 4 6 30681 1.004981380807398
21 18 14 25 33497 0.9862111064407433
3 1 20 20 76815 0.9469774124397952
7 7 20 6 55846 0.9460363790845114
17 24 1 22 56755 0.9750976532565814
0 27 23 1 98314 1.094171908377257
17 1 6 27 73010 1.0124011870974916
4 29 5 8 68295 1.016822278343386
12 27 1 22 45553 0.9857054515613136
22 17 11 17 32844 1.046158787690306
14 14 27 10 24968 0.9485760189062301
23 1 7 13 68554 1.0393675528064834
14 15 18 1 36526 0.9530912260131816
1 24 8 2 77895 1.019351283639183
26 25 20 0 94770 0.9245471343579371
9 28 5 6 67970 0.9349642534599742
1 25 22 29 62437 0.9098149929299271
6 26 29 26 69052 1.0992828917983275
7 3 9 28 77316 0.9705628746081995
23 23 1 28 65209 0.9719246137354436
15 10 27 21 46849 1.0323426265460647
21 3 15 13 51310 0.9273917217296598
16 18 20 6 44576 0.9595641214024652
28 19 14 29 53101 0.9927805492982734
18 26 7 23 30767 1.0369744033043005
6 14 20 29 61652 0.9271634395630071
10 13 19 16 29385 0.9355348895414407
3 18 24 18 63635 0.952581410364859
17 14 2 3 70882 1.0534232648393111
1 23 8 13 41369 1.0190107661998353
2 9 27 4 82155 1.0359539063113807
14 18 7 14 30512 1.080364967176166
16 16 9 20 30257 0.9056554229497846
2 28 16 12 55179 1.049862611579538
13 1 6 19 73275 0.9245929153798168
6 8 8 27 59650 0.9819185284611692
16 29 11 8 53962 1.0271886928865974
25 10 6 0 70891 1.0318860959940426
18 13 6 0 74355 1.069525407184605
4 13 17 20 48699 0.9679572601128337
17 27 28 8 61567 0.9484042858818408
3 18 20 29 67221 1.0378137662936409
19 1 18 28 70091 0.9375843786038439
4 1 23 29 94891 1.0067421815437174
2 16 9 1 57572 1.0968469454819485
3 15 5 6 24775 0.9478228539878589
4 19 19 9 49547 1.0045014343751502
16 22 4 2 60281 1.0108472814747087
9 2 1 13 50463 0.9010586835119233
25 1 16 8 41742 0.923478753315967
8 4 19 5 58261 1.0031173045123105
27 12 14 21 42838 0.9299228787249529
19 15 10 28 44484 0.9958730919596863
13 20 29 18 55172 1.064777266035706
4 26 17 29 48690 1.039160892340221
24 5 27 29 104381 1.0560826941922357
25 12 1 26 80332 1.0793719805925148
12 8 24 19 57745 1.0375482791617021
24 20 22 1 79790 1.0718975279299723
23 5 12 19 54162 0.995852201113776
13 19 19 26 26043 0.975629372496218
14 9 8 3 41382 0.9976586878885305
15 17 27 14 36678 0.9019509967187219
17 29 16 13 49325 0.9989942987630589
23 4 23 20 63878 1.0759456991894698
26 3 3 16 75009 0.932558981813939
8 29 21 19 52167 0.9793974498017046
6 7 2 26 62328 1.055012352202661
4 26 18 18 51603 1.0904155966471707
5 28 11 23 24959 1.0430648704829926
8 10 19 16 27210 1.04521452330366
28 12 18 10 21744 0.9020777262193996
6 0 12 6 40753 1.048998635171634
9 27 16 24 28223 1.0443411818520756
12 17 21 7 46982 0.9973057227170763
4 22 1 7 38467 0.9540300550037164
13 9 10 28 41176 1.0534027362567397
9 14 0 0 67422 1.0986550865373035
20 21 9 22 33037 1.0663101808566127
9 11 18 13 36238 1.092907681784599
1 15 8 20 45282 0.9037741209935294
25 18 2 10 84374 0.9247796790319464
0 13 20 10 52775 0.907386944521632
20 1 14 6 31208 1.0982431982554393
3 0 19 7 73367 1.071496177255521
26 12 4 9 57291 1.0171361169670383
18 28 9 19 43681 1.0539807746527026
7 27 7 11 60363 1.0697421152094488
1 16 13 20 46426 0.9181128208700966
14 6 26 19 48871 1.088934684438996
16 13 5 1 62041 0.9307183022755883
18 0 27 10 48514 1.0347844240520379
12 13 26 10 30764 1.0336184171850151
29 20 3 13 77087 1.0354038948686994
2 8 28 28 102845 0.954150078330778
2 2 7 7 31792 0.9664172221308739
8 2 3 8 31933 0.9391630695142498
23 5 12 9 44664 1.0191093967061264
29 24 5 12 89741 0.9981958307751245
24 25 13 12 47626 1.006958091654109
3 15 20 17 42906 0.9823843596656623
11 5 11 17 44777 0.9952518591447262
8 2 22 12 65501 1.0361054399577598
0 4 17 23 73953 0.9006935600481165
3 20 20 24 62256 1.0742811120391078
7 14 17 4 54194 0.9175468018729237
20 4 2 22 81792 0.9968136287547622
7 14 18 17 44594 1.0953165178445154
3 7 21 25 75934 0.982168676376369
20 25 13 19 29010 1.0626924553689399
14 11 1 13 39459 1.0465004248610885
21 26 0 13 67658 0.9584226496558199
12 15 9 22 35544 1.044414828462482
12 25 2 4 67094 1.097596784052043
29 20 18 6 69713 1.0454720769377017
0 12 17 10 55396 1.069210536298573
18 2 12 18 52407 0.9328022530303653
25 3 7 22 85456 0.9115595245339113
3 1 20 10 59407 0.9527437160072274
22 25 6 4 79490 0.9666963606501626
14 25 12 8 34785 0.9768110429360018
15 6 24 19 52070 1.0632422057516344
10 10 23 15 34690 1.0549199490776897
2 6 6 26 59164 1.094042447105348
14 8 28 10 24499 1.0936120170187444
29 1 9 0 76172 1.0100899995235255
29 19 5 7 87370 0.9541681532416795
23 23 8 17 55490 0.9226798106257322
17 26 11 19 25865 1.0563480940490608
13 13 15 0 34806 0.9561178275678038
10 6 7 19 52878 1.0724723695271732
15 20 10 7 37816 0.997381689513281
25 28 8 19 68915 1.0501457676319967
27 19 6 21 70742 1.0762135557697894
0 4 24 4 90136 1.0455911920672005
27 1 15 8 51962 1.00023299472991
1 19 5 2 46924 1.0894112796095827
13 12 26 12 30980 1.024263465124283
29 25 0 8 97880 0.9026746019132872
11 3 5 15 47642 0.9715790356212771
4 24 28 8 77383 1.0695871932376502
8 24 3 0 66941 1.0477462013781542
15 12 0 17 55287 0.933858505506763
20 17 3 3 63275 0.9200756227096668
14 25 24 3 62798 0.932404996633466
23 3 4 19 75103 1.0216565931062387
18 25 29 15 49649 0.9236908107354137
21 7 15 24 54383 0.9067827098815713
10 29 21 26 37812 0.9865050121541111
26 1 24 26 95835 0.9201550333666754
27 13 4 23 71530 1.0132010875912385
4 6 14 18 40626 1.064839256452692
8 17 25 12 54284 0.919078643560542
2 26 20 27 48145 1.0592917640968835
24 0 20 7 42701 1.0400941719464454
16 8 16 28 42854 0.9813310558729096
20 23 4 4 67700 1.0694446077263875
27 16 6 2 80010 0.9515696572492075
14 10 18 27 34207 1.0373256094790588
0 15 13 27 60604 0.9444967464888565
19 9 26 1 52043 0.9333620766722455
5 23 15 21 26717 0.9083081128651925
10 18 3 24 47187 1.0279787341762097
22 6 13 12 35613 1.012489810218293
25 4 10 3 70350 1.0253112557461241
11 25 15 0 53905 0.9540664346874921
0 21 13 3 80631 0.9751046939968981
2 23 18 16 46263 1.0436993242616068
9 8 1 11 51971 1.0873781226423491
19 29 14 4 69452 1.0218795058261132
9 23 25 28 53639 1.0553228477408398
3 13 15 20 41793 0.9779800191979107
10 3 10 20 62239 1.0636602118762861
20 18 13 10 26966 1.0821001551749905
13 15 6 12 30257 0.9768904419410219
28 22 5 26 67087 0.965374549969029
27 29 4 11 93859 0.9538473581888732
2 20 8 6 52249 0.9409715752101822
26 22 11 25 45015 0.9404908693726994
19 1 16 11 33274 1.0533604697905048
17 15 1 24 63311 1.007973917767852
9 22 14 27 23128 0.9146936045064579
9 16 12 2 53731 1.0132820938105631
23 8 27 27 80272 0.9645324321381386
19 23 1 10 78186 1.0005887630934356
10 28 27 14 60867 0.9382695585406823
17 0 4 28 78667 0.9710118173725124
7 12 29 26 83593 1.064225559093412
22 24 12 15 45540 0.9852837996627821
29 2 0 29 111814 1.0893745792276182
13 21 24 23 34414 0.9540907769964596
5 18 16 9 42216 1.046664881529125
22 29 26 9 73257 1.0235984152686424
7 8 17 12 34366 1.0638588350342717
2 5 22 21 69702 1.0059968361350538
12 17 7 25 38486 0.9836976148182757
5 10 23 25 70951 0.9959958942553226
2 7 14 16 45189 0.9865051519013839
0 23 13 10 52604 1.0467426597723792
19 15 7 9 42055 0.9300278619031365
17 4 29 21 70629 1.0064983437069783
4 19 11 24 31019 0.956076793125216
12 19 1 1 80014 0.975945385384728
0 29 14 2 84848 0.9319363636364149
13 9 4 4 41453 0.9960390039825208
10 5 28 10 46556 1.0537013780477091
19 7 19 27 66524 1.0547692839770941
2 7 9 3 40501 0.9859014349976861
11 25 28 26 51177 0.9515514051336803
25 3 16 0 33032 1.0800893980955706
2 11 28 5 84429 1.064877317506317
19 5 10 11 40996 0.9318329484336174
8 22 10 7 55261 1.0912128771863723
2 13 0 0 49946 0.9538087297026309
29 15 5 26 68315 0.9609021267809003
18 29 10 4 69982 0.9611523563933279
6 23 22 8 58207 1.0792569639836531
26 23 17 19 37435 0.9378045916918292
17 2 17 16 38892 1.0796086830371447
27 29 23 21 44047 0.9893724907639612
23 4 1 27 98389 0.9471632852869739
4 11 5 27 45742 1.0197715717673677
8 23 14 2 57212 0.9402712403073583
0 5 21 27 83519 0.9705226590729087
25 22 17 28 46043 0.9081624583395983
14 5 2 29 71354 1.0349796153017123
2 21 2 4 52025 1.0665421380415385
1 3 5 18 47331 0.9576975418236147
1 20 20 8 78062 0.9215001838461063
5 9 29 22 81506 1.0486984194303457
5 7 13 12 38307 0.9040117162618859
29 7 6 8 59954 0.939931178493334
24 16 5 11 55756 1.0387275714232262
2 8 26 10 53840 1.0352130293772828
19 19 15 2 53321 0.9157260017843153
27 29 23 7 93932 0.9381150478630859
22 28 8 6 76763 0.9698027911255012
10 24 16 1 62244 0.9394198741041677
23 1 12 25 65897 1.0965587275493611
26 11 14 5 35804 0.9542724320202962
11 20 27 16 42887 1.094007044485311
8 11 15 24 41872 0.9692130692886127
14 17 25 23 40313 1.0819762934618884
23 28 17 14 61742 0.9441707352153947
16 14 27 6 47181 0.9789729121276463
15 28 15 18 23604 1.0795092154565404
1 7 13 6 47907 1.0162533745590727
0 4 21 7 79398 0.9098506981028858
24 18 2 19 67107 0.9949342852499148
13 28 3 20 52090 0.9999296299085039
9 15 26 24 63821 0.9953058755011992
0 20 25 8 89510 1.0099426292715035
15 12 1 29 63621 0.9718625882037212
7 21 26 22 58455 0.9895699126606954
19 23 11 9 43554 1.0540387773300626
22 2 20 12 48112 0.9760322741300778
25 19 1 6 89072 0.9738807891440983
24 19 21 28 41393 0.9697459817424844
18 17 26 15 27434 0.9466536290373853
15 7 20 17 34630 0.9049248980042949
22 2 9 5 62021 1.0931701654139105
13 23 29 10 42554 0.9818968356781201
14 18 10 6 31360 1.0287011768608991
17 2 24 7 35444 1.0529367951471966
25 19 4 9 72399 0.9677607643353261
23 4 6 0 86251 0.977882716924768
23 9 10 26 48673 0.9173931307113462
15 11 5 15 36705 1.0407491051773614
26 14 25 0 58079 0.9296096539090606
16 22 27 7 55199 1.098492277734147
9 10 0 26 62576 0.9206178855541225
28 7 22 11 21997 1.0694773187532918
9 8 15 12 25185 0.9419935552111711
15 14 7 5 43709 0.9371291564211519
4 21 19 18 53033 1.078357923194181
6 0 26 9 76061 1.0891416155352474
2 18 11 28 55225 0.9610964626027484
25 2 13 21 69547 1.0475361307201516
2 24 19 7 79690 0.9915038375329248
10 7 15 14 29847 0.9712442946242239
0 3 21 23 92302 0.9117253904235535
0 16 11 18 48376 1.0001593816096583
11 16 1 14 36656 1.0560164476419267
