6224 5563 5515 6248 5920 5579 5594 6392 7084 4849 5847 4835 4718 7531 7181 6982 5555 7405 4760 8043 6907 7592 6113 6139 6819 5658 4937 4713 5203
2496 4206 1752 1336 4253 4188 1154 2523 1263 1703 2320 2480 4422 2985 4112 2690 3265 1966 1639 1591 4298 3614 2477 3469 2517 2431 3038 2658 1134
6625 7014 5801 4601 4575 3868 4105 7097 4093 5520 6042 3888 5239 5319 4864 6088 3895 5864 4858 5967 6900 5471 4102 6524 5672 6368 4931 5288 6782
1627 2687 3547 1582 4156 2175 4139 3426 2445 4404 4260 1433 2148 3752 3914 2851 3619 3075 3757 3247 1966 1646 4258 3440 2403 1728 1859 3189 2218
2901 2059 4240 1180 1458 4340 2933 3134 3852 1966 2049 2848 1565 2356 1381 1731 3755 2646 3239 1870 1866 2587 2350 2388 1125 2248 2667 2167 2854
4736 4940 4285 1762 4963 4944 3605 4563 3618 2233 2700 2525 2592 2686 2241 4513 3076 2675 5016 3377 3842 3751 4199 3714 1865 4571 4867 4869 3770
2880 3044 4166 4230 4014 3220 3769 4603 3302 3163 5279 5511 5919 6231 5145 6033 4394 4196 5577 3809 5244 4361 5782 2862 6085 3438 5732 5309 3176
3345 5190 4260 5282 5479 3962 3426 4376 3419 4975 6144 4360 4126 3616 5205 3176 4591 5212 3024 4926 5765 4333 3315 5126 3043 3507 4251 3728 5013
6619 5363 7868 6540 5504 5303 7465 7125 7372 8239 7598 7406 7147 6390 6231 5157 7147 6231 7636 8101 6802 6611 7658 5302 6611 7906 7860 7483 7448
4070 4790 3446 3660 4935 5389 3519 2283 2995 5215 4613 3145 2886 2275 3426 3411 4153 3814 4431 4291 3450 5150 4305 4565 3993 4081 2482 3156 5099
7200 4621 6085 6121 5740 5435 5477 5108 7477 7496 7234 5551 5226 6564 5668 7719 7018 7655 6407 6509 7278 6517 7614 5245 5686 6601 6697 5502 4613
4058 3662 6041 3459 5868 5621 4431 4538 6083 3725 3235 4481 5733 5435 3176 2748 2873 4131 3902 6035 3934 4518 5142 5971 5968 5761 3407 2975 4673
7837 8056 7423 7425 6712 7276 7041 5585 8604 7400 7279 7567 5758 7241 8042 7569 7255 6057 6625 8258 5645 5894 5892 7959 8454 6136 6881 8736 6825
3761 4836 3379 3137 4994 3701 4846 3968 2394 3077 4628 5553 3455 3917 2743 5277 2829 5408 3099 5269 4954 4673 4051 4461 5369 4325 5064 5019 5163
3053 5240 4671 4850 3778 2451 5563 3781 3404 3452 4898 2871 5563 4844 3653 3089 5546 4163 2490 4196 2896 4011 2662 2297 4672 2342 4595 2801 2955
5793 7428 5210 7917 5265 7177 7277 6999 7883 6292 4893 5239 5688 5399 5490 6282 6894 5263 7927 6677 5073 8250 7022 5560 6758 7939 5889 5554 7118
1958 3552 2753 2209 3639 4187 3216 3452 4598 1290 3273 4251 2234 1633 4271 3746 3717 1873 1988 3037 2321 1801 1332 3887 2345 2409 1395 3999 1512
7287 6229 6711 4669 5461 5978 6290 5310 5176 5008 4670 7760 7597 7141 6739 7397 6618 7031 5732 5233 5032 6989 4677 7618 5240 7618 6901 5088 4878
3254 2280 3566 5185 3675 5549 2660 5178 4080 3181 2427 2814 2498 2839 4075 3529 2189 2946 5050 5191 5583 3356 4348 5351 5513 4067 4068 3715 3267
5162 7583 5945 6628 7669 5230 6530 7859 5852 5531 7606 7431 7529 5433 7186 7248 5026 6425 5276 5856 6164 7192 6605 7003 6177 8086 6617 5941 6115
5372 6162 5953 6676 7426 7183 4786 7485 6337 6322 5680 6486 7105 6165 6713 5312 4744 5547 4734 5710 7510 6681 6881 5070 6553 7596 5910 4833 7874
5257 3096 2936 3434 5200 5812 4455 3136 5039 3532 5593 4981 4569 2977 2926 4929 3689 3539 3980 5090 4182 4380 2879 5709 3072 5648 2786 6127 4943
1882 1823 3067 2568 3510 4057 2941 4479 3861 3750 4217 3872 2400 2757 2872 4012 2400 4651 1803 4466 1888 4321 2183 1820 3546 1951 4547 4706 3553
7615 6632 6322 7720 5651 5478 5874 7806 6357 7650 8261 7999 6732 7703 5621 7700 8510 5530 6096 7200 7162 7166 8455 6737 6923 6999 5287 6795 8309
6958 4847 6734 4960 4656 6094 6932 6973 4926 3797 5933 4258 6663 5249 5727 4330 5228 4634 4801 6370 4640 3801 4030 3981 4187 6067 4348 6651 5673
5054 4232 3885 5413 6351 4420 3329 6551 6182 5764 6358 5579 4501 5243 6590 5663 5973 3647 4387 5721 3753 3346 4163 3595 6012 5735 4589 6288 6234
7745 6805 4873 5280 5159 7593 7157 7140 5662 7229 6998 4924 5958 5932 7245 7891 5833 5099 6252 7149 7330 5849 7743 7174 4907 5220 5735 5295 5294
6077 5785 4765 4981 6891 6505 6756 6598 5269 5659 7690 4914 7373 5173 5280 6954 5386 5365 6792 7642 7500 7717 7109 4426 6201 7288 6144 6313 6564
5857 4878 7843 4615 7105 4810 7961 7270 5654 6150 5318 7493 7838 5997 6347 6815 7831 7139 6243 4756 5207 6160 5732 6877 7013 5132 7410 6477 7105
8826 7193 7697 8349 8353 8342 8599 5589 6064 7618 6265 7077 6089 5954 8713 7879 6762 6848 6421 7572 5785 8517 7108 6700 6243 8496 7764 7561 7028
6164 6392 5177 3613 7299 3134 3657 6854 5175 3779 2481 3810 3833 3936 5503 5736 5826 3779 6134 5880 3725 2310 4231 2006 3438 7835 4579 6207 3647 7332
8348 5874 4589 4430 6100 4043 2542 5632 7938 4759 2661 5908 5353 6108 4869 4801 5859 4538 3720 7378 2397 3567 4286 4708 3320 7889 3576 4616 3518 5463
7717 4645 5308 5843 5384 5474 4104 7381 5761 4670 3122 5261 5895 4627 4035 4728 5814 4066 6224 5575 2012 2447 3352 2433 3365 7616 4344 5457 2389 5634
5734 3278 5226 5979 6718 3348 2459 7395 7236 4188 4306 3738 3622 4697 3539 6381 7920 6022 4464 8159 3779 1703 4870 3213 3048 8642 3582 4822 2440 7116
6978 3206 6389 3262 4772 5226 4992 7410 8000 3388 2454 6331 5465 6939 4248 6332 6396 3811 6059 6563 2314 2456 2148 4515 2737 6831 4402 6303 3035 4882
5930 6203 6870 3122 5789 4039 1987 6532 7547 3946 2881 4894 6066 3737 2872 6750 6368 5239 3933 5363 4670 3049 2010 1818 2265 6084 5061 4781 3077 5801
7775 3881 6914 5072 6263 5998 4711 6034 6519 3505 5802 4697 3550 5696 4103 7725 5921 4703 6475 7578 3891 3462 2462 1769 2225 8294 2534 6642 2659 6105
6267 5606 6961 2810 7673 4105 2222 5396 6992 2986 2647 5651 5872 6138 3676 6817 7315 6725 4715 5755 1692 3862 4099 1686 1472 8785 2438 4836 3048 6962
5518 5344 6680 4134 7558 4977 1918 7514 7072 2662 3139 4383 4003 4541 5686 5993 7320 4329 5240 6458 4066 3133 5152 4829 4657 6567 3226 3587 2586 6783
6137 3465 4672 3351 7050 4524 3488 5521 8158 4723 5735 3413 5838 3899 4462 7338 6532 6168 6836 5325 2069 1848 2275 3448 3937 7844 3138 5046 1315 7489
8123 5608 6180 5699 7512 5180 4247 6264 8009 3127 3991 4784 6663 6908 2907 4494 6780 6921 5432 7873 3147 3541 3784 2068 1440 7471 3518 4361 3055 7203
7196 5003 3773 6151 6209 3471 5066 6671 7734 5396 3998 5294 5611 5568 5955 7784 8158 5064 6832 7370 3731 4407 5004 2633 1578 5581 4546 4379 1534 4566
7270 3892 5639 4470 5520 5196 4288 5461 6359 3029 4577 5471 6393 6497 3162 5237 6757 6472 3796 6424 3412 4171 3191 3656 3628 5711 2849 6090 4343 5371
7065 3418 5352 3356 5507 4957 3677 7728 7233 2302 2475 4327 3424 5192 3170 4436 8279 3701 5641 7926 3171 2663 2979 4631 3998 6185 4080 5500 2286 6043
5962 5177 6214 3720 5813 5221 1922 7810 6837 4817 4958 4157 4625 6824 5882 7088 6995 5209 5558 8314 2619 3886 1976 2982 3741 5606 4827 6629 1816 6290
8208 3363 5248 3463 6552 4890 1891 6840 8274 2644 5325 3413 5437 5143 4294 5056 7882 3768 5247 7128 3849 2425 2443 4583 3908 7449 2226 6805 4485 5979
7696 6292 4357 5288 5894 5168 4232 6941 5849 2208 5562 4160 6559 6823 2906 6728 6256 3887 4026 7709 2613 3516 2330 4607 1804 7940 1907 6019 3692 5512
7534 5708 4254 3633 6994 5661 3665 6164 8395 3531 3574 4688 3495 5858 2815 7409 7479 6163 5922 7175 2622 1960 2803 3325 2829 6266 4711 6727 3185 4799
8313 3971 4500 5174 7552 3525 1943 7631 8477 3541 4336 6408 5526 6160 5559 5925 5637 5061 6956 7894 4592 4091 3175 2477 4737 7616 3370 5629 2571 4464
5711 3490 4159 5613 7646 5654 4897 7493 7443 2601 2888 4338 4866 4188 5614 7180 7047 7028 4409 5893 4675 1394 2487 4542 2474 7229 3962 4964 1849 7176
8282 3584 3724 3381 4787 3112 1866 5713 8410 2360 2772 4111 3594 4717 6090 7311 8072 5048 4721 7559 3570 2296 2966 1685 3189 6375 3545 6451 3264 4783
8754 5523 5716 4118 6766 3321 4539 6031 6081 2572 2858 3805 3348 5032 2861 6233 7050 4568 6317 6283 2973 2248 3079 2718 3049 8014 2508 6591 3654 7080
5793 4001 3867 5652 6678 3609 4935 7449 8442 4221 3855 5913 4349 6496 2939 4716 5348 4103 6427 5259 2353 2624 4126 1570 1946 8283 3307 5933 2295 4893
7806 5436 6766 5154 6715 3187 4527 4611 5708 3893 4847 5815 6345 3753 5444 6979 7503 5975 4560 8204 1402 2278 2563 1639 3755 5531 2671 6115 2488 6153
6649 4876 6971 5761 7646 6382 5163 5270 5146 4104 5720 5016 4499 5516 5553 5550 7840 4845 6020 6558 1738 4238 4864 1671 3606 7333 3488 3444 1823 6685
6879 4698 4658 5908 6078 3540 4225 6948 5553 3646 4717 6332 6337 6704 3819 6839 5186 5878 4327 7423 1477 2577 2574 2380 1940 7317 4661 6249 4571 5143
6585 4432 4225 3572 5403 5244 2553 7397 5515 2209 5169 4492 3327 6127 3496 4781 6297 6459 5505 5787 3439 1655 2926 4036 2290 6467 2087 6404 2531 5676
8096 3561 6131 5198 6684 5084 1970 5796 6754 3544 3571 6610 6292 4734 2981 5113 7657 4670 4289 7403 2297 4264 2080 4919 1470 5745 3556 4960 3156 5426
8125 5744 6812 6022 4543 3683 3898 5327 5790 4711 4890 4760 5581 6534 4119 7352 8074 4992 5022 8410 2963 3649 3823 3932 4577 6382 4842 3438 3601 5259
28 16 1 7 130470 0.9669053943672857
18 29 20 13 67173 1.0353109404902343
1 11 13 20 62330 1.0573135093794175
29 9 13 11 59601 1.0517611212126547
23 6 22 23 61808 0.9975032408127738
1 10 5 17 29585 1.0979434790107139
0 11 5 23 45972 1.0539358643402805
21 6 14 15 52873 0.9249809415687031
21 24 2 24 57032 0.9733556813550166
20 12 9 9 50591 1.0814565556396265
3 14 9 26 46793 1.084825408313043
6 27 1 18 35757 1.0630155660256007
18 8 11 22 60847 0.9588884561862558
19 6 14 26 71427 0.9541980866793779
4 12 10 17 41664 1.0423685526600848
1 17 22 23 72407 1.0663939343395987
24 21 24 1 79733 0.9259045117900429
29 18 13 0 121244 1.0723098052991917
5 23 16 22 33356 0.938380871991914
17 7 18 27 68788 0.9865113858025748
28 17 8 23 78121 1.0637276788100753
9 17 17 8 59527 0.9312604907895405
21 24 6 14 81552 0.977850986996043
28 14 0 4 131053 1.0774347837025418
9 25 8 2 90977 1.0231609055175344
11 11 29 9 67791 0.9438957958746654
0 9 11 3 50976 0.9593056124697298
19 3 20 19 74098 1.0240821872140324
12 25 9 8 77534 0.9978916223111275
23 27 29 6 100055 0.9271699496375378
21 9 5 17 75809 1.0444542032995818
13 6 1 2 53553 0.9581008357018757
26 16 10 29 87100 1.0725759828750554
9 6 27 4 77058 1.0508192938356549
2 15 14 12 60048 0.9418418123784559
10 21 19 16 48188 0.9216086918122399
26 6 8 8 77445 0.9195380072371789
11 0 24 1 62916 0.9956256072278953
25 2 10 12 93194 1.0556155754138934
21 17 16 2 69386 1.0408559008963298
1 17 12 8 69629 0.9475551490364942
23 24 1 17 76173 1.0738640241595805
1 2 0 11 24302 1.0780192372289583
19 16 12 2 70175 1.097385198287914
12 4 14 15 52804 1.0387685595045326
21 1 14 17 79382 0.9089624654825071
24 5 18 25 88508 1.023732256736012
5 7 13 28 78358 0.9352629374388085
7 25 17 12 66311 0.9106995337348758
27 14 3 19 104667 0.9891869606627597
19 0 12 11 64686 1.0890844918455105
21 5 18 16 47799 0.9463643069567239
15 21 24 11 60131 1.020267149711503
6 7 14 5 35837 0.951296562979826
19 23 8 27 48186 1.0874537265188282
23 2 12 5 54598 0.9794106329757033
26 15 12 29 91405 1.012572571065271
21 18 12 8 65743 0.9483737592485723
23 19 13 21 35920 1.0211979828057074
0 13 6 19 41165 1.0715829240312587
13 17 13 28 43112 0.9113525074201199
14 27 26 17 65208 1.0901373801018428
2 0 10 28 94342 1.0962013760421276
3 14 25 19 87537 1.0364108610429694
11 22 27 17 64995 1.0917492424416286
6 3 25 3 86000 0.9616749946553615
12 16 27 5 94690 0.9859323533376916
22 22 2 17 74762 1.0725842364137996
0 1 2 12 38923 0.9884548972799772
17 29 22 6 85920 0.9556937911568977
1 24 28 16 104917 1.0963238887575282
20 9 12 24 64320 1.0597141341859226
15 0 10 22 91574 0.9945460204582554
0 7 9 23 66774 1.012181094136131
16 17 25 28 51208 1.0102152863099605
9 3 22 22 101094 0.9633826242780064
19 20 20 9 47473 0.9473667396405623
20 29 0 26 71032 1.0969425983463832
8 6 18 1 50176 0.9205625293297369
12 17 20 24 47233 1.0842580379007125
24 8 27 17 58092 0.9014893794687047
19 14 19 3 50819 0.9998984263700095
4 17 20 22 60526 0.9404655419980785
28 6 1 6 94029 0.9412874279170195
13 27 1 2 98770 1.0220109701742868
21 16 16 9 42556 0.9679130102032439
8 18 21 4 97747 0.9788649525226638
11 6 4 2 34783 0.9229043031387536
17 18 24 27 49839 1.0223906357272035
16 4 8 15 67333 0.9528768834255817
2 13 19 6 74862 1.0521951784050299
26 4 1 17 125507 0.9995707937757046
4 22 25 11 102046 1.0825363607493983
3 20 5 10 29673 1.032457867815297
29 15 4 3 128516 0.9448314948236924
0 11 19 28 95257 0.9438656350031427
25 5 10 27 116399 1.06224590925948
13 7 20 11 37949 1.0095080925905369
28 15 24 22 50176 1.0359841611587886
15 9 21 22 51840 1.0808932990668276
25 17 7 9 89702 1.0912497609472314
14 25 22 14 53448 0.9190225089598969
20 27 10 5 101572 0.9936764638572212
23 22 16 29 37845 1.0822096790724385
11 10 5 2 47164 1.06974085772482
5 20 14 1 92639 1.0456003764573627
13 17 18 28 45942 1.0231202480115715
15 22 6 14 60408 1.073521866741617
10 12 8 20 38591 0.9220349380978196
13 24 2 21 35414 1.0282759897020792
28 28 26 1 124343 1.082378736572615
23 8 16 29 79705 1.038095563319565
26 22 22 10 48616 0.935604481863407
2 20 10 11 52717 0.9624017018261879
12 24 20 13 58666 1.0871213287273938
18 25 15 2 80102 1.0538313544710136
28 7 20 25 94449 1.0918970010941702
27 29 0 19 102807 1.042045216408345
2 23 27 18 87554 0.9838491129256254
3 4 12 25 82071 1.021598618909
7 20 17 1 92967 1.0969246705361873
17 24 21 3 83267 1.0521284675875244
2 13 29 26 118328 1.0198858369257275
0 29 28 5 154047 0.917913876450917
21 18 29 20 27712 0.9298058605916653
11 17 10 0 75524 0.9991891398565227
19 28 8 22 51619 0.9768170121689844
23 26 24 6 76959 1.0516199560767516
9 24 6 10 51322 1.0841255906772957
10 5 19 15 64706 1.093890741571049
24 26 15 18 46712 1.080669964582271
5 25 24 18 70563 0.9667152887904925
23 8 18 27 80940 1.052857301706312
3 6 10 25 69954 1.0722692274322045
6 11 13 28 73477 0.96218205535201
26 14 2 22 100956 0.9438976856265375
14 4 25 1 56558 0.905152146134137
20 21 5 24 47340 0.9903366047968373
12 11 24 15 65441 0.9171125173211511
27 17 29 2 99271 0.9525366054338634
21 16 28 9 49329 1.0022873492226094
3 1 18 21 98125 1.0992927770008594
13 0 18 12 55651 0.9339917257828521
26 6 13 9 56707 0.9625362645148031
17 2 8 22 90650 1.021989662907405
11 24 15 9 56661 1.0351086825443567
1 29 6 10 55654 1.034216967328594
19 20 27 23 29902 1.0754835399018885
2 20 19 18 65381 0.920491230087135
10 28 20 6 92818 1.0996541662761063
26 14 15 18 62454 1.033842897790186
5 20 16 24 45658 1.0772980126385914
7 29 13 23 39403 0.9756613850976504
0 8 21 17 107251 0.9468776174650674
1 5 12 20 69940 0.9945166743152927
2 27 23 12 100490 1.0998497651031292
4 3 12 13 62197 0.9283174208837387
23 14 14 8 47613 0.9033321276661942
22 5 2 21 105296 0.9554634753906646
6 7 12 21 67467 0.9794232204958383
3 0 23 7 90123 0.9916553725545504
27 29 7 5 132226 1.0668660711428797
1 25 6 1 77213 1.0529507748715243
25 6 17 28 97213 1.0515049271968395
29 27 20 19 57678 0.9498539695353437
21 3 21 22 71250 1.0671542719477585
13 8 17 2 33449 0.9793924345112429
27 4 5 8 96064 0.9473089450894564
23 28 21 2 92927 0.9765966749854871
3 10 1 24 46545 1.0487147827624155
15 19 0 19 57118 0.9424702328568613
25 8 3 20 105907 1.0448303842181639
3 6 17 4 56588 1.0250109089660484
5 22 1 13 31061 0.9905192108740009
3 8 21 13 80882 0.9209603666274933
29 17 9 16 93976 1.0763254546574643
17 29 24 11 81898 0.9169348214173156
15 10 9 29 78478 0.9671312378277822
0 6 7 21 54662 0.9893186883008611
14 23 19 28 29542 0.9613112262093538
15 23 17 11 40947 0.9865241055041671
10 13 4 17 33626 0.9433686152032756
15 28 8 3 102721 0.9749776948771076
25 13 1 2 118116 1.0385497046623973
4 5 19 19 93979 1.0572818554062435
15 21 16 3 57360 1.0092659980737515
26 5 16 0 56354 1.0163148066197394
9 17 0 23 46505 0.9707410364444915
12 4 17 9 34543 0.9875834846298351
12 28 8 3 94276 0.9205711465749913
7 9 1 5 32923 1.038702498802196
14 25 18 5 72691 0.9233183221472188
26 26 4 4 122664 0.9796876975148388
12 29 25 11 99011 1.0596253272361535
23 18 21 7 46660 0.9530965377348453
19 23 12 18 37666 0.9780232548321406
23 27 22 15 41635 1.0911303995000987
20 22 28 10 72811 0.9707783867953063
29 9 11 8 67412 0.9950497184608413
21 1 3 27 127196 1.041096628033535
26 13 17 22 61967 0.9311676303529088
12 19 6 26 49452 0.9304973048411336
29 8 8 3 102158 0.9705451998855346
29 20 22 6 64150 0.9723507910486922
22 8 15 12 33889 1.0385372846310885
3 3 0 15 43257 0.9706113335837926
28 16 12 8 89719 0.91693311490981
14 16 11 27 50157 1.030680048531436
28 2 17 14 84058 0.9891225970877208
22 2 26 8 42176 0.9521151519637718
15 12 8 20 54000 1.0935513562780232
29 15 10 19 96368 1.095860120644965
1 25 15 25 50465 0.9842984054852469
24 27 4 7 111034 0.9439137628853765
21 13 19 29 64400 0.9544018040037369
3 16 25 21 80915 0.9165298425031954
7 14 9 23 44797 0.9873126657290465
8 11 12 19 44258 0.9980902583926383
19 19 10 9 64688 1.0296202428851478
8 7 22 16 79523 1.0273198580256508
23 15 5 22 76617 1.0269799864675107
1 25 18 20 58922 0.9573816627136797
15 19 21 0 86651 1.023891498429207
22 22 29 0 110701 1.0566932148556107
13 17 29 13 84345 1.0703536846238544
6 13 11 25 59185 0.9506911839247986
21 7 4 29 106227 0.9672169484383555
24 3 2 27 135584 0.9168525127673014
14 5 23 9 38564 0.985100131549675
2 2 27 2 119334 0.9140910404930139
3 26 13 29 37303 0.9358214533792046
23 22 16 6 67667 1.0722422122512962
29 7 21 29 107254 0.9186862713488145
13 0 24 11 76147 0.9781790461698276
3 25 26 11 113621 1.0366975476085518
13 24 17 18 26549 1.00276311350499
4 5 20 26 103146 1.06042985609952
21 23 3 22 59033 1.029108627023703
16 0 24 9 54491 0.9278711927260798
23 8 7 1 89896 0.9032746826208596
25 26 29 11 91677 1.0513585920174804
16 14 28 3 80678 1.0741835729928764
13 4 5 19 77802 1.0397602075245107
17 4 25 25 93931 1.0770919422663217
14 26 12 11 62675 1.0864931422536157
28 13 6 6 107724 1.090892709066897
22 3 9 23 96918 1.0798359667964792
26 13 13 6 72277 0.9913398953924885
21 29 25 2 110669 1.020492239817985
12 10 18 3 45308 0.9508428765163977
4 3 27 22 116563 0.998223665871141
12 29 18 14 62963 0.9551834194841122
13 4 9 28 96451 0.9879679367593495
3 28 12 4 93265 1.0872949757733232
10 12 5 0 63604 0.9960412228351135
22 27 19 9 64989 1.092091938887724
7 22 22 3 104567 1.0886558185408002
18 27 20 7 81797 1.0171951692283878
19 6 5 13 66230 1.079311374330985
0 26 15 22 54132 0.9597633430186678
24 27 3 21 78479 1.0036783127329936
9 27 15 15 58054 0.9801391519628778
12 29 16 4 89015 1.0386116111804762
16 26 0 21 57692 1.097902159566237
29 7 14 14 77651 0.9008293002651158
17 7 28 23 83367 0.9582995740958526
11 8 9 26 78616 0.918508742030176
9 22 17 6 72585 0.9390104846820724
13 20 1 20 37180 1.016422776775082
15 22 18 2 70543 0.9457584400917125
26 10 6 0 104401 0.9628679349126255
9 29 27 15 100998 0.9247138753653684
13 16 28 15 77790 0.9431344446034325
2 2 19 25 114876 0.9577233550962986
6 24 15 2 97050 1.028649319665486
23 27 28 8 88774 1.0296769495689009
23 26 25 6 82122 1.0738141660167382
28 18 18 15 58420 1.0495882739509497
9 7 6 17 46047 1.0164909632937904
7 10 23 14 73409 0.9796098166723826
22 22 29 3 100615 1.0859616198317192
29 10 6 18 117182 1.0719598226817941
10 16 27 8 87776 1.0576389215640558
15 27 11 16 55933 0.9033093110652929
28 18 19 15 59543 1.0519844226530701
28 4 27 18 86302 1.0420883674748898
11 22 5 28 37754 1.0475915778380849
17 23 0 4 101329 1.0615817962512781
29 28 24 18 60151 0.9149151873767626
13 7 9 13 35477 1.0994918025941707
20 5 5 21 99513 0.9591306808399792
21 5 27 27 93024 0.9433204103448455
15 8 25 12 53941 1.0086172696251907
12 1 10 19 87787 1.0105653488375572
12 0 6 10 63660 0.921365301136232
27 22 20 0 95814 1.0652589268217885
21 1 6 7 71923 0.9423221086940043
23 4 9 13 80289 1.0240994426152616
5 10 18 25 80817 1.0795473813978542
6 28 13 4 99182 0.9660214849252459
8 8 2 26 66291 1.0664971572398871
19 8 27 6 46069 1.0928935228313055
20 5 27 17 75311 0.9482512509834728
1 22 28 26 94154 1.0348963177337438
0 8 24 12 100834 0.994149704627241
20 21 3 25 55528 0.9238925205072311
29 16 24 22 47023 0.9699516786041352
11 8 12 25 81154 0.9727944092062605
27 16 16 23 56120 0.9180239357941175
11 14 2 11 42191 0.9253454878598293
8 11 14 22 58652 0.9236029650307634
29 11 26 22 75189 1.0217166281051686
3 0 28 10 112963 0.9240465908388998
28 9 2 23 117382 0.9283043210060101
8 29 4 6 71990 0.9217015574512395
16 24 4 24 35586 0.9445825431820479
23 10 8 23 83845 0.9637470384782831
27 3 14 24 107693 1.0627478790054778
23 10 17 21 51182 1.0975606509490892
28 15 3 26 108954 0.9433119025940847
25 10 7 23 96098 1.0607007970506026
4 7 10 11 33901 1.045346869071829
27 11 9 7 79551 1.0135989319140888
20 15 16 9 35582 1.0552075909416372
1 5 7 16 49233 1.0580814199013404
16 26 14 10 53313 1.014415532437114
23 18 14 14 54938 1.0318892572431215
29 16 4 12 119042 1.005128020818855
4 27 16 6 89698 0.9248170528615272
16 15 3 14 58227 1.0749597517166707
24 12 29 6 46586 0.9520743772058278
8 17 26 1 118602 0.9298308729291251
2 12 14 9 49343 1.0387246619883188
23 6 8 18 94226 0.9536006330554878
11 12 13 21 46130 1.0129519002038438
9 3 19 16 80462 1.0031533791127771
16 19 11 9 46464 1.0355267431970225
12 25 0 0 102523 1.0513246127701383
19 22 23 12 43679 1.0254698912909013
12 25 23 11 78796 0.964515101199062
13 17 20 20 34078 1.0832566021044048
21 20 1 13 82668 0.9293853994136604
17 10 26 8 39355 0.9290504612682536
17 17 7 26 51545 0.9866154733491979
20 14 12 18 50293 0.979788828095771
17 20 24 3 82185 1.0052539836674952
21 19 23 29 41471 0.9061724582798708
17 12 8 23 61263 0.9432804451124541
1 21 12 11 66587 1.0678428114039151
5 25 20 6 96375 1.06515555060181
28 13 7 23 99396 0.9471525299719483
3 23 21 29 66551 1.0245036848482008
5 20 4 0 53817 0.9270646137799081
28 26 5 23 78564 0.9741512047199148
14 7 25 20 71166 0.9264394553429385
5 17 4 29 31818 1.0423519227884914
7 18 9 27 41185 0.9825420864494111
26 16 4 19 90439 1.0386045353759878
16 16 29 24 52512 1.0613127104146525
25 7 3 4 88295 1.0323726722125282
5 4 15 17 83763 0.9182038478025266
19 4 3 10 78072 0.9698540127540611
7 21 27 18 72172 0.947449180244274
27 2 17 12 73270 0.9663501125360262
15 21 5 6 78257 1.0749752099885699
22 18 6 2 107060 1.0382697206494693
26 16 2 14 110765 0.9173810256819454
3 9 11 7 37738 0.9571727176844156
26 22 22 15 32498 0.9470222502211147
2 22 13 26 45628 1.0379644452298553
6 0 11 18 77633 0.9461021087987471
13 24 26 15 70293 0.9399595843881424
16 29 29 11 102575 1.0711076745253005
20 20 23 5 62690 1.0868610857282681
14 21 25 20 29197 0.9973816655623053
17 7 29 28 102176 1.0464334375751299
14 18 1 6 79021 1.0240689826283664
0 18 12 12 73451 0.9583343233027929
23 12 29 8 44611 0.9790136753114155
1 6 23 14 96518 1.0735517173295104
13 8 26 6 56296 0.9576088532498118
22 14 14 27 60385 1.029888256197612
29 27 17 26 48714 1.0428187142576693
6 16 22 11 85760 0.9327457450189545
6 29 15 18 60064 1.055137919880838
2 13 26 3 116992 0.9950396708168437
3 15 16 24 63129 0.9986944102035508
3 29 5 7 58364 1.0798198927396188
26 19 19 9 58852 0.9398353014188727
23 19 5 26 69761 1.0632261408735062
4 20 22 27 72863 0.9862493685294481
13 12 27 10 58973 0.9249508130399609
4 9 25 5 87854 1.0673713133939189
7 19 27 4 123426 1.0349518052231312
28 15 8 19 97951 1.0029213140650843
5 13 20 0 92902 1.0812328704796483
7 14 21 5 81865 0.977851837231741
8 14 14 6 51961 0.9430881608015382
23 10 0 3 97578 1.0811257336703668
1 3 15 25 97355 0.9580751051266638
0 16 27 4 133471 1.0629421017071239
13 26 24 20 43421 1.0625661289637247
10 4 27 0 91863 1.000657848966562
20 6 28 12 57182 0.9404127128307586
24 3 1 16 116777 1.0569456557730486
5 17 20 23 67790 0.9687882971452442
26 0 13 8 78717 0.9445753207873144
11 27 28 27 58995 1.0086543466813358
28 5 14 14 79134 0.9509760545047612
25 24 0 6 113303 1.0184422977874528
15 4 15 25 76047 1.0199887623279016
9 17 16 10 51986 0.915551025999248
19 2 17 16 63235 1.0030375962857625
23 29 21 13 59450 1.0830698113987334
20 16 23 24 37438 0.9382576072297576
16 28 0 23 56194 0.9736533933026097
16 27 7 1 109951 1.0868457961919413
5 26 0 20 26903 0.9980900064881972
3 16 19 24 69648 1.0413575314665773
22 16 4 12 87067 0.9936497290311103
2 3 2 19 53668 0.9361645148970031
8 13 15 24 61479 1.0984490664818842
24 12 5 22 90624 1.0023842312785503
10 27 29 27 66794 0.9095173874836593
28 16 15 20 62238 0.9745612691306117
13 17 26 18 59218 1.026793079868144
5 27 18 29 45217 0.9509558044140928
15 14 26 1 79105 1.0980953069856665
16 17 0 29 73355 1.0700605827619574
2 0 28 12 133491 0.9914073689353337
23 5 0 18 115339 1.0346803070565773
10 4 27 23 107798 1.012453705413419
20 8 5 25 90096 1.0790544255690235
4 1 20 21 100332 0.965726090130326
25 28 8 15 92401 1.0611483984999295
10 18 16 3 74578 0.9939593925998799
21 10 13 28 73003 0.9323671806628782
2 24 18 3 109027 0.9077224418980685
14 28 15 4 82702 1.0162661485865627
6 21 6 0 66148 1.0139828523006906
16 28 8 26 27698 1.004538772086085
24 24 6 8 100141 1.0268780720388757
25 1 13 6 57970 0.9396745571329541
16 6 24 13 52567 0.9922928404002023
2 19 27 17 98152 0.9194545910523907
29 11 1 28 139565 0.9834131790699301
3 3 14 24 82825 1.0527332797150724
16 6 14 20 49047 0.9721216684873546
2 17 25 8 104461 0.9094612253649615
7 24 14 10 73428 0.9479580228095098
22 29 11 6 100680 0.9870944469981691
25 25 7 16 83141 0.9718764538515111
1 10 10 7 38539 0.9686265520092165
3 2 20 12 89137 1.0821393403605202
13 28 28 24 51824 0.9513647068449735
19 23 28 6 89191 0.9176503562398015
5 16 13 0 82148 1.0689334490157412
20 6 13 17 61146 0.9967403312884666
20 22 29 19 34723 1.0062681487701401
18 9 1 3 75286 1.0442826029881411
13 3 16 15 46466 1.0390090629532929
11 23 4 3 68721 1.00421026440473
21 19 0 11 98470 1.048999415173221
28 10 27 29 106563 0.9926123082125666
3 24 14 5 85344 0.9247560189725325
3 24 11 2 87240 1.0028285650894393
21 17 2 6 102560 1.0028311164214543
7 19 17 8 71379 1.0658569214700653
21 13 6 27 90140 0.9397707069841237
4 9 12 6 38085 0.9519447971526928
3 20 11 11 55489 0.9403464589729928
9 27 1 23 34665 1.0115692787874475
13 5 26 19 87603 0.9914982975429826
5 7 8 17 47414 1.0281608040289685
0 19 20 6 102653 0.9605862161285854
24 16 11 3 92384 0.9930493315405275
20 2 18 13 49472 1.0825341948051095
5 1 24 16 118816 1.0953784496801637
12 21 12 11 52078 1.0451617993986126
9 0 26 24 123983 0.942409574564511
16 15 21 2 60697 0.979189716559219
9 21 19 17 47271 1.05160288172461
28 7 12 5 68863 1.0454289998042121
21 6 10 9 46853 1.0651775223769755
4 14 20 25 77796 1.0354686144093466
22 0 4 17 104375 0.9707319519515516
27 26 3 7 119093 0.9465693330849533
9 13 24 25 82321 1.0153679451758961
20 29 12 4 102308 1.0745683711790388
23 11 5 4 86273 1.0032736808378955
20 22 16 13 35182 0.971028158616122
1 0 2 25 75194 1.0087231820024682
10 10 12 24 66605 0.9630072184716261
26 23 28 0 112019 0.9158169877830719
7 3 25 10 88142 1.0020584460322164
0 0 11 28 100740 0.9332282546751586
6 13 26 7 98268 1.087910816580986
16 1 16 26 73014 1.0835394693842217
27 14 11 27 91923 0.9141783563344691
26 17 10 8 92686 0.9780066385770317
26 20 21 26 25187 0.9656431542905632
3 9 4 22 34047 1.0904132936106008
2 10 1 24 43989 0.9543157617296044
8 1 8 21 80079 1.0888011744570543
25 1 24 15 71725 0.9422089343229771
27 25 19 27 40134 1.007704087392585
6 12 11 20 47328 1.0748176019553717
11 22 9 9 55017 0.9295145229301065
10 12 23 26 88008 0.918706779929983
16 4 25 12 62506 0.9366496704742763
15 5 25 18 81997 0.9923552981930533
12 19 4 4 74961 1.0802576474644348
8 16 25 14 83770 1.0278575195898756
23 6 28 22 73588 0.9347072168860117
7 23 6 0 73164 0.9287751078656264
29 9 9 6 77976 1.0224089593041268
22 28 10 20 57633 0.9694088184097082
20 20 16 7 53865 1.0904023539865615
8 4 20 15 83142 1.0063809324793218
0 19 8 27 45738 0.9589953423842528
11 23 10 10 59334 1.0617074965290179
11 26 13 3 92816 1.0725472207621163
6 0 21 23 117315 0.9870562735778284
2 24 20 16 79671 0.9579133634752901
28 23 19 6 83772 0.9455537322402303
1 2 3 20 50051 0.9778804738327979
20 0 23 10 48127 0.9166435702734395
5 26 27 21 71692 0.9167756583326944
8 25 28 1 140077 1.0787780625993346
3 15 23 13 92968 1.0665721765310336
27 11 7 1 111383 0.9278163271479872
2 4 18 21 95744 1.0907366077208036
18 15 7 7 61958 0.9374086104356921
7 8 3 27 56867 1.0698138240321784
20 8 17 1 45074 1.0157076301610823
14 6 20 13 42086 1.079078687907068
24 24 13 25 40799 1.025559714624223
18 5 0 24 109127 0.9516685622133316
11 2 6 21 82372 1.0986020474358598
24 23 27 13 57402 1.0902054216959702
23 0 19 17 73668 1.0019430321682898
24 16 1 0 130250 0.9945217412909144
14 25 21 28 29350 1.0958620911186885
25 20 14 26 41079 0.9794211807558432
9 2 25 9 81296 0.903446968191557
21 17 22 2 55331 0.9190581885941634
20 28 28 14 74830 1.0223130151411999
3 27 11 25 33515 1.0104552205333512
1 21 3 2 56517 0.9106316266658545
12 18 24 6 83409 1.0401854309329601
25 9 21 2 40688 1.0573250615571659
27 24 10 21 54622 0.9192341315667407
19 14 11 28 63865 1.020895925944243
25 19 14 24 39786 0.9181134866880006
4 23 25 1 130738 0.9555670971985579
18 16 9 6 60841 1.0195839815348424
7 25 21 20 52371 0.9140856021270638
7 11 28 28 118432 1.0323038308266739
3 18 29 5 126444 0.9271330262710722
27 19 21 15 41616 0.9853855081610338
14 11 8 28 75229 1.0901003405790257
0 23 26 9 117142 1.091632935461538
26 10 1 24 118094 1.0782544111439212
12 19 21 15 60608 0.9508302288336172
22 24 23 0 81393 0.924329638513253
15 16 11 7 55959 0.9816955013561538
10 11 23 28 94195 0.9137848837764894
9 0 28 23 129783 0.9009828532182047
0 19 6 26 35710 1.0914817917901884
23 9 2 21 94179 1.0646802816987573
21 3 17 17 64785 0.9062530381367462
0 1 22 3 102305 0.9517129117966661
4 3 17 25 94124 1.0736026792144338
2 22 25 16 88218 0.9213458757831267
16 8 5 12 51058 0.954969008346619
8 19 23 11 87607 0.9846238160149274
23 29 19 16 65735 0.9930007394183427
24 1 2 5 96121 1.0006169245618308
0 14 4 27 42209 1.0670080891031972
12 13 12 25 62746 1.0869947869477268
15 22 12 3 71862 0.9941896315626033
17 27 9 4 97981 0.9939674665522884
26 13 8 13 86180 1.0664431042494082
29 3 3 27 155583 0.9480297231194152
21 1 19 25 93867 0.9997514849304434
5 4 21 23 104511 0.9147440918103489
7 4 2 18 60976 1.0283593585953712
14 11 4 15 52119 1.0309953729298496
12 24 18 15 43792 0.9443553107761672
12 1 26 20 99618 1.085013994423801
10 12 16 1 60260 1.0578699148254813
16 19 14 5 45806 1.0075222015613317
5 17 13 26 54249 1.0774541148663352
11 7 27 3 77203 0.9885396128294133
28 1 27 13 75480 1.0732399627568148
11 5 29 5 72866 1.0096140827595903
2 28 13 25 41706 1.0290990396683268
25 17 19 10 45971 1.0589702734291113
5 7 13 29 83521 0.9981577700864273
8 6 27 13 96401 1.0887930817227454
29 2 11 22 131063 1.0955339484940732
10 2 5 14 56599 1.0983854238399822
26 24 13 3 94387 0.9443380826920598
27 9 1 13 97886 1.007449259894289
15 13 9 8 42904 0.9093694137151359
8 28 25 16 81202 1.0710073552986867
4 7 27 18 115397 1.0131195666329271
19 7 8 0 69732 1.0392029327282226
29 25 25 19 37098 0.9578847523912382
20 7 2 17 95165 0.914153108395443
10 1 0 28 101796 0.9094702873809107
25 21 10 17 64737 1.0143019990233373
12 19 3 4 77953 0.9733724548570863
20 21 5 5 95212 0.9884540460642369
7 23 10 11 53338 1.015308299999333
14 27 23 8 83813 1.0284450037897455
1 20 25 24 75686 0.9243362744449263
23 21 1 17 70306 0.9037938347205534
3 0 2 27 76969 0.9881089472954446
15 3 20 27 90032 1.0853970066004686
13 27 15 6 74128 1.0049422815463191
13 3 8 13 56696 1.022855356511863
1 23 16 23 48972 1.0493286469056913
2 21 29 27 97915 1.08675270411527
20 20 12 29 53112 0.9443989152953617
28 3 17 22 105762 0.963158319781799
19 7 4 17 82002 1.004772168232382
22 24 0 14 89797 0.9390942627180441
16 1 8 27 101143 0.9808293264927781
0 8 17 4 72086 1.018809445807827
24 1 15 4 48410 1.0981202619272932
17 13 18 26 47801 1.0000727376460532
3 27 23 20 67676 1.0900303957079838
13 1 26 21 98585 0.9855986854250847
3 7 13 2 53750 1.0777487561754135
29 29 12 14 98784 1.0840117398544116
24 8 6 16 94670 1.0370241878732367
6 14 22 8 75284 1.0548755331689823
27 10 14 1 76614 0.9433831154550367
1 13 10 8 48115 1.0938573643949538
16 6 14 24 56079 1.0280171835523626
22 23 11 14 62687 1.075333904755052
16 13 29 4 78973 1.0222556045215696
27 19 24 3 87001 1.0748036915195178
25 13 8 13 81015 0.9359124976252599
6 27 19 21 56272 1.030358892476579
12 19 1 6 74010 0.9953338969721721
13 15 0 22 67958 0.9283509643830001
28 20 25 9 62124 0.98961271297685
17 3 20 18 67823 1.0111410450290932
9 18 16 12 48503 0.9913400863622633
6 19 17 27 56965 0.9329516596716845
21 22 1 13 80197 0.9813388681115943
5 9 3 20 31906 0.9347783415920945
19 29 18 11 66601 0.9420175603547463
23 21 28 29 49667 0.9409960569265858
23 9 19 1 42861 0.9573509187229662
25 13 19 17 44450 0.9585044969225727
12 0 5 15 79285 0.9756113095082349
3 12 5 27 43699 1.0830492723049456
9 1 22 0 60376 1.0415787057315657
11 19 20 24 44002 1.0179795702380496
14 8 26 5 55074 1.0735897822616267
7 14 23 7 83117 0.9683686056107845
3 19 21 23 63666 0.9881042876690619
15 16 19 10 36244 1.0696396516622726
24 11 9 19 86316 0.9817796659542056
13 16 22 22 43367 0.9236403881201599
4 24 5 14 28061 0.9554605191853451
3 9 25 4 97175 1.0221631975755294
26 2 10 2 81235 1.0695540344866619
19 25 8 25 48337 1.0750718718722394
0 12 16 14 73041 1.093316448536119
4 1 29 8 113147 0.9501143078118965
18 16 10 25 48967 0.9876021206773212
0 1 21 25 125181 0.9382550611261031
27 22 2 17 90206 1.0728617915656316
25 5 2 11 100066 0.9257453254677354
24 0 7 8 88169 0.992293561679532
0 26 2 14 43517 1.0144449493898193
9 2 6 20 71133 0.913925845512175
25 24 8 27 63114 0.9076853215329049
12 23 13 10 59512 0.9482625805559853
6 22 3 2 57855 1.095415819100903
9 19 2 10 51792 0.9747698715803054
1 4 0 19 46843 0.9258379637480451
11 5 5 28 83677 1.0927677229287822
24 27 15 28 34134 0.947323530681093
26 2 6 0 99408 1.0385516530034764
2 1 4 27 71756 0.964570792288589
3 11 29 25 109592 1.074088297292217
8 9 28 19 97189 0.9814382448793778
13 15 26 13 65621 1.055441982609417
21 3 19 18 68524 1.0043842025953398
9 13 12 20 34748 1.0633613824857697
20 13 5 18 77582 0.9539320979300886
20 2 26 29 110827 1.0393653905898383
5 2 27 23 122145 0.9717082356819026
23 29 17 11 77060 0.9231895207235893
22 20 17 8 56981 0.9012155236435132
17 3 18 18 56458 1.0927822572738959
2 4 11 20 71348 0.9849611105775236
25 26 12 21 50752 0.9437888825761311
7 19 7 29 43007 1.0939339591774209
4 17 12 5 58960 0.9402093506524392
27 22 2 20 78075 1.062545833463723
10 26 29 25 70709 1.0155487724929917
10 20 17 7 63936 0.9902648734770704
27 3 13 5 67119 1.022033699730129
15 17 10 23 34594 1.024998394567374
6 18 25 18 76348 0.9790411340533214
2 8 12 26 77634 1.0163602312642948
7 24 25 25 61760 0.955840043507314
0 28 25 12 117264 1.024194153000772
27 17 19 1 92180 0.9486761107464083
18 5 23 13 49276 1.01178776208116
5 23 17 2 97202 1.0543211261207186
23 20 20 2 71747 0.9437991656116483
22 18 9 6 82579 1.0915192985762485
2 11 20 11 76561 1.00358077543737
29 1 15 2 65455 1.0850501958444545
20 25 20 14 51863 1.0784475908046698
24 9 15 1 55896 1.0475743423075579
16 22 7 6 74410 0.9489765421522071
1 12 26 22 100216 0.9154128535918945
21 3 6 14 92997 0.951612696096984
21 18 5 4 102807 1.0638028421993884
22 6 15 21 64153 1.0915780508021344
5 20 19 15 64908 0.9868650262416201
25 18 12 11 79185 1.018046739175771
17 8 4 26 83507 0.9877819449045342
24 19 19 4 80138 0.9848235161965364
18 26 1 24 56691 1.0007073207830852
22 6 4 2 72769 1.0472811008751035
23 2 20 10 37226 1.065068036772865
3 2 8 12 48971 1.0327995157502112
8 3 18 23 97652 1.0408448340925345
11 2 0 28 104393 0.9172010306205075
5 11 23 3 87816 1.051689338516554
5 10 8 18 38131 0.9433701184377837
10 9 22 0 66316 1.0003999497735139
23 25 16 18 38859 1.002956635732587
15 29 24 4 101896 0.9657568785701781
11 22 2 18 39545 0.9267504299337996
24 12 21 26 54272 1.011055578125964
20 24 13 15 48867 1.079814083265726
12 0 0 8 70622 1.014487656122648
8 11 9 24 53685 1.0997076201339206
27 20 21 11 43447 1.0005304479799653
7 17 20 20 55420 1.0494227140862373
18 17 1 29 76073 1.0862357425856335
10 16 21 2 91366 1.0610859042035758
27 28 19 24 37170 0.9638593114757381
25 7 17 20 75172 0.927780853172842
6 16 29 21 88734 1.0865849350020258
25 2 14 12 73213 1.0366812513687351
20 17 1 25 82724 0.9310362519032778
13 19 26 21 44451 0.9324565196561785
19 6 2 21 90323 1.0185946536775303
3 2 9 10 42727 1.083884733956714
10 11 24 10 58158 1.0910249600113782
14 1 0 16 94307 1.0024800299159842
12 10 24 15 65336 0.9821216949973661
23 5 2 26 119809 0.9837723905384569
3 0 24 23 117715 1.0998465430600413
3 19 25 2 128450 1.0217065444830453
4 0 9 15 60783 0.9048919759879855
2 1 13 24 89655 0.9476676412550664
11 10 17 1 52982 0.9314360298640931
13 29 3 11 70811 0.9690786973073982
0 23 26 27 90881 0.9230731575679535
18 13 23 22 49878 0.9771183480574469
28 23 6 22 68603 1.0046990298862097
13 1 12 23 88269 0.9401548331578314
24 20 17 26 34829 0.9018722562947699
0 26 19 19 76380 0.9157310466023983
25 10 29 27 93297 1.0587877180685374
0 22 23 11 106660 0.9898414534415609
6 4 11 26 84422 0.9245503871826449
15 7 27 0 74855 0.9563426139681869
26 11 29 26 90023 1.0995705530359483
20 7 2 17 95165 1.0962548022185499
7 26 22 4 107734 1.0392001805929234
6 4 2 13 39689 1.0731806073414816
29 21 22 24 26354 0.9411562581101908
12 19 19 0 95658 0.9736546170150318
21 1 14 17 79382 1.0256090004183391
11 18 9 0 73518 1.0226161512053127
21 16 8 6 79309 1.0179205352315484
6 1 5 29 80100 1.0657264452979476
26 2 29 20 98923 1.0688463620445918
1 10 14 5 54795 0.9154434899159337
0 20 20 12 90626 1.0347262544615397
12 11 2 15 54563 1.0987481491237947
19 19 13 24 33181 1.0684988010293388
1 14 18 23 72715 0.988438056420502
19 9 2 20 82200 0.9505493126027026
11 4 28 24 105625 1.0869748255099922
3 15 17 18 66800 1.0036095877626814
7 0 28 19 134982 1.0476135464855463
2 20 0 6 40167 1.054058593816166
2 17 15 21 54290 0.9268425877604339
29 23 20 8 77008 1.0841190435447408
18 0 27 27 120230 1.0884589960881477
18 10 22 25 60062 1.0444765730162855
20 16 1 28 89812 1.0593389814488379
28 13 21 26 68650 0.9984726575464533
10 22 29 21 57968 1.0533350918685034
29 18 29 1 118693 1.0596100901046486
29 10 29 24 93363 0.915881584349276
18 24 6 18 55007 0.9837435354656114
21 9 11 26 77543 0.9699103109240678
11 16 0 23 56126 1.0991423458830583
5 11 4 23 33336 1.0309252305260634
20 27 11 6 93378 0.9127514336269158
10 23 8 0 93740 1.0149324909512027
13 23 25 17 49891 0.9771549628940183
10 4 15 17 70227 1.0476960269843052
17 3 24 17 77392 0.9453028217350466
17 2 11 29 98350 1.0330111012465184
22 4 17 26 82976 0.9453989397730139
26 21 15 28 48875 0.9138448811245427
17 21 9 29 44617 1.0402728917277821
12 16 26 12 78045 1.0599026148347412
2 24 13 23 34366 1.0542191150464637
24 22 1 27 78563 1.0478869884126856
2 12 6 27 54375 0.9976881941976383
29 29 27 2 139934 1.055834830986931
23 20 29 25 34517 1.0250045633517648
5 9 23 16 85178 0.9049272263961236
2 18 25 16 96545 0.9321842518024058
14 13 23 16 51677 1.0500708772453178
4 6 12 21 62949 0.9912062704356951
28 12 0 21 122833 1.0719938207902877
7 3 19 29 119004 1.0055624439105
0 0 25 5 112286 0.9955948004846568
9 26 28 18 74932 1.001334184323908
25 29 5 26 68786 0.9763747171309284
16 21 20 12 42403 0.9695338792580659
19 28 27 22 38394 1.0893311713421316
17 2 24 25 94246 0.9588400114791306
9 27 18 12 68327 1.021218081433
13 25 29 19 61180 0.941449547666203
15 4 26 24 90472 0.9600994247494871
27 26 19 3 102749 0.9295903316907663
17 2 13 21 71019 1.0022168297677452
20 1 19 27 104129 0.9119115734486619
23 4 22 19 57332 1.076805134951729
21 24 22 7 58801 1.061947829769009
5 6 21 1 70141 0.9924323811769213
23 4 2 25 126246 0.9438873683291038
6 6 24 0 85078 0.9583550259292829
4 13 13 5 53700 1.0549036958712725
22 7 1 11 81251 1.0855539600834072
16 12 29 16 74655 1.0270308345834376
5 21 19 26 57956 1.0264319686353989
9 24 21 3 100203 0.9000961022709808
5 11 5 28 46966 1.0799045241961784
20 10 5 0 87314 1.024919252464851
29 20 14 12 67944 0.9818718251667945
13 5 11 14 44656 1.0330137307673677
15 13 11 25 54080 1.0213368718952245
3 19 12 24 34552 0.9452844140824578
19 29 23 1 105865 0.9280742618988965
17 15 24 23 47443 0.971478882516071
19 6 8 18 79972 1.044639542073675
26 0 22 13 66791 1.0671499122317565
15 3 24 15 72683 1.0932220814496938
10 15 4 25 54387 0.9298200178140184
2 28 10 1 94631 0.9630494427085501
26 24 3 13 93089 0.9440982190497023
27 25 9 18 72771 1.0479837237294796
21 15 14 3 63785 0.98279994142406
0 14 11 20 50803 0.927051740184087
16 4 3 14 71210 0.9131193766311473
11 3 14 12 46224 0.9438852903621504
28 1 21 21 94646 1.0972172794870645
20 23 0 22 70545 0.9158891013762329
26 27 4 13 102302 1.0107509778010364
4 26 28 21 75630 1.0367467581807583
15 26 27 12 81611 1.013707990073563
17 12 22 3 44407 0.9549202938365839
13 9 3 27 75371 0.9204211926739635
25 1 12 0 65870 0.9975715507050058
8 27 25 13 96022 1.009873079995794
19 20 10 2 89625 1.009690747054886
26 1 12 11 84061 0.9502542681040639
10 7 1 23 67220 0.9542449812185321
19 26 29 11 92226 1.0742845165977821
27 19 14 23 44326 0.9767978446444745
8 3 7 17 62567 0.9631012375735781
28 26 22 11 63810 1.0765943056160472
14 18 25 18 48469 0.9506019582569574
22 6 21 20 51454 0.9369580602653378
19 10 2 19 89072 0.9630940108543325
20 8 3 19 88459 1.0455514341669367
6 23 26 7 112452 1.0205911664898584
29 0 19 26 130216 0.9461280970458785
11 19 1 0 86287 1.0080665535302953
26 2 27 17 91714 1.0833166783357053
27 16 26 0 99290 1.0404539616996065
22 3 22 25 72374 0.9008721547437326
6 12 15 1 76185 0.9756348002542091
11 10 11 24 61314 0.9349332535343242
14 0 2 28 115605 1.0699415503827459
11 13 15 1 63502 1.0080921864478947
2 26 29 19 91049 1.051901214106112
1 6 18 3 68470 0.9790077011228471
22 15 8 3 89634 0.9455348863630129
13 11 0 8 58082 1.0544012712165014
13 4 22 29 99385 1.0021769847913253
17 19 29 21 43539 0.9834171763782186
17 9 28 13 61830 0.9132092088933458
13 19 22 17 45542 1.0433284755662198
0 1 1 14 40977 1.0815998239584477
21 15 0 3 110787 1.0128331170249494
15 0 27 22 103887 0.9629198241311917
6 29 19 2 118270 0.9815732463957072
10 10 21 12 53157 0.9631761245148277
7 6 20 24 91473 0.9632869435715743
4 2 29 9 105024 0.9723404719869488
6 0 21 24 118587 0.9252372340047105
23 25 9 23 52966 0.9810335857352441
10 27 21 7 93486 1.01529942941293
21 28 7 4 113779 0.9199541346636839
2 15 21 7 87104 1.0999630969390897
5 27 2 5 66967 0.9869536430420833
5 29 11 6 81826 1.0532227945120223
5 22 2 2 61153 0.9641553521755686
16 24 23 19 33966 1.0461598431728694
8 24 25 24 54276 0.9701563505107332
16 9 3 8 49158 1.0171975421927806
11 9 27 6 67685 0.9249793168145208
15 0 23 21 88525 0.9738278408352413
7 17 18 11 65748 1.070205748459616
20 26 9 11 81875 1.059703067107418
20 15 25 2 71490 0.9035770110130228
24 21 22 8 47851 1.0109442879127202
21 13 5 23 78592 0.9430074290992376
29 11 4 23 123567 0.9010184294640037
25 28 10 3 121457 1.0759491728144215
5 13 3 4 30946 1.0145831326869608
2 3 27 12 119958 1.079197045564665
0 18 6 14 36713 0.9440879378946236
2 21 12 2 84790 0.9735393153630159
12 29 14 12 71171 0.9384226793956046
4 29 18 19 62924 0.923662350457707
2 27 16 4 105755 0.9135565834703979
4 8 18 10 55297 1.016093871628095
1 7 24 11 93924 1.0659484586236978
18 16 13 1 63735 1.0280329328433784
23 28 25 10 75129 1.001265356648233
6 4 15 0 54883 0.9207982701821306
8 10 28 21 97044 1.0498841797553504
6 10 8 23 44848 0.9357421570633982
5 18 22 12 87066 0.9219144897760098
15 27 4 0 103209 0.9170245568029826
21 25 1 23 66433 0.9539487292980983
23 27 28 7 96044 1.0405527161025079
10 12 12 21 45903 0.9386909429308389
15 28 14 1 91356 1.0698227426865197
9 21 22 15 57666 0.9151453341018495
18 9 13 15 34282 1.0163535650683704
8 11 6 24 55968 1.0058984277516818
10 13 19 9 49491 1.0825829891019687
21 19 29 10 67386 1.0103666478722797
2 0 12 22 92611 0.9701861563339603
18 27 10 12 79020 1.0244482180768575
4 6 22 22 94141 1.0643670108815568
22 9 15 13 33004 1.0009379496840742
20 28 10 0 120247 1.0762438529512606
15 0 24 6 56100 1.0484493946086668
28 25 5 13 103743 1.0490699737930946
25 4 14 3 56370 0.9964428696302821
25 29 2 25 81126 1.026613105588899
13 1 6 15 79650 0.9683978900588709
16 25 0 14 74100 0.9576365629142707
14 1 8 22 98308 1.055264611460256
25 6 10 27 113789 1.0014849820661187
2 7 14 13 69086 0.9564807121028998
9 29 25 15 89378 1.083813010531482
14 12 28 17 80988 1.0158091323675364
17 29 6 3 106348 0.9535107957972508
9 22 6 15 42258 1.0139614801549366
19 7 24 2 41667 1.0711431121465382
0 1 4 7 34165 0.9691307871053899
16 0 10 17 80199 1.0047846006261545
9 10 4 22 44816 1.0932618107603846
21 25 3 26 60646 1.012423260994127
14 4 8 24 85359 1.0614633638958306
12 14 17 28 56768 0.9290292619030134
26 4 15 16 82318 1.0417385349034918
7 2 14 6 43889 0.9151631333167904
24 23 4 12 82751 1.0284872075491611
28 7 0 13 118290 1.00031023588242
14 0 25 15 92591 0.9384637863295082
16 29 11 22 32472 1.064039997095996
23 13 28 1 74045 0.9584670682798044
26 6 18 26 96425 0.9654266912739156
12 28 8 2 102144 1.064053223395096
