5176 4751 5358 4380 4285 4947 5454 4036 3931 4899 4102 5671 5801 3892 5410 4906 4121 5941 4884 3892 4717 5657 5945 5118 5155 5609 5791 5416 4593
6058 5515 5412 5978 5661 4362 4772 5955 6129 5029 5453 4545 4364 5199 6080 5655 5896 4397 4295 5475 5888 4464 4274 4297 5097 6124 5155 4696 4176
3189 3827 3848 3642 4026 3463 4285 2670 3502 3027 4078 4153 4651 2992 3044 3243 3843 3499 4506 2565 3279 3519 4479 4190 2796 4368 4488 4561 4608
5575 4891 4991 4214 4959 4476 4690 5236 3881 3782 5048 4933 4497 4233 4113 3782 4239 5231 3601 5391 4694 5354 5289 4172 5149 5184 4424 4892 5612
6271 6978 5767 6988 5579 7001 6243 6803 5592 5206 6985 5616 6408 5342 6305 6904 5795 7130 5266 6138 5358 6021 7014 5431 5921 6971 7259 6911 6463
3938 3631 4783 4811 5268 4546 3532 3880 4338 4569 5425 4050 4578 4330 3616 3850 4921 5422 5280 4940 4572 3691 5182 5127 4638 3563 4557 4679 5381
4421 4510 4243 4590 3844 4309 4400 3331 4435 4328 3069 2799 4931 3964 4880 4229 4216 4084 2953 3218 4509 4563 4696 4141 4660 4550 3197 3802 2867
2777 1997 3073 1707 3203 3078 1177 1704 1524 1967 1487 2966 2936 2422 1858 2158 1910 1723 3143 1723 1504 3066 2519 2051 2713 1831 2649 1377 1239
7559 7536 7966 6745 8294 7808 6799 7719 7549 7233 8169 7777 7081 8079 6603 7547 7855 7185 6656 7366 6469 7492 7636 8337 6726 8386 7803 8085 6318
3489 4838 3592 5022 3969 3668 3351 3451 5016 3270 4097 3975 5087 3217 5103 3648 4669 3590 3959 4358 4762 4504 4972 4790 4058 5001 4128 5106 5277
7875 7884 7085 7668 7457 7106 7281 6512 6156 7076 6732 6407 6988 7615 6286 6196 7573 6294 6750 7563 7234 6723 7644 7816 6350 7153 7920 7878 6626
7705 7898 7167 7977 7318 6664 6034 7979 7414 7660 6722 6109 6853 6836 6623 6043 5961 6263 6573 6885 6641 7797 7136 7194 7392 6188 6497 7970 7237
4080 4090 4950 4852 4036 3627 4424 5027 4105 4082 3990 4464 3962 3724 4927 4953 5642 4616 3645 4382 4152 4237 4364 4683 4021 5150 5380 4985 3832
1639 2175 3026 2933 2062 2565 1946 2539 1542 1606 2945 2254 2833 2844 3315 3202 2311 2578 1477 2204 2148 2816 2304 2018 2649 1443 2793 1954 2612
5561 5133 3984 5532 4146 4323 4569 4936 5235 5080 4410 5453 5226 4865 5157 5655 5629 4064 4490 5834 5973 4760 4706 5305 4150 5365 5995 5514 4289
5664 6042 5798 5620 6609 5682 6325 6245 6420 6048 6575 6393 6318 5415 6819 6780 5499 6491 6519 6224 5928 6035 6311 6689 5451 6837 7338 5416 7381
2570 3123 1522 2788 2090 1422 2500 3473 2952 2381 3354 3166 3221 2547 1474 2989 2632 3126 2607 2603 2368 3527 2920 1897 3370 2280 1658 2433 1627
3021 1948 2026 2359 3350 3503 1931 3395 3336 2448 2519 2329 3663 2881 1796 3443 2423 2177 3299 3606 2795 2609 3364 2092 1836 2547 3144 3598 2619
5584 5063 5978 5040 5171 4720 5906 4225 4675 3956 5759 4003 4552 5310 5509 4640 5624 5578 5964 4266 4424 3897 5793 4881 4286 4131 4341 4884 4006
3739 4296 5299 4336 4244 5081 4132 4824 4084 5338 3833 5053 4454 4226 4208 4000 4468 5554 4887 4232 4710 4822 4845 4198 4744 3981 5521 5005 4036
2577 1720 1644 2799 1662 3169 2697 1999 2061 1599 2770 2869 3288 2543 2720 1915 1886 3302 2195 2340 1754 2910 1953 3064 1561 1314 1325 2294 2755
7393 7700 7425 6289 6840 6501 7660 6735 7544 7097 7266 6879 6464 6859 6209 7612 7295 6525 7120 6472 6120 6838 6891 7007 6408 7767 7247 5841 7159
4871 5136 4723 3288 3078 3493 3255 4240 4976 3172 4433 3318 5003 3412 4829 4213 4951 4362 5130 5051 4456 4092 4304 5147 4005 4417 4099 4542 3575
4668 5129 4882 4898 3485 4106 3851 3410 5289 3569 3247 5199 4921 4767 5107 4671 3930 4835 3178 3721 5188 4587 4801 5076 3801 4901 4700 5052 3648
5748 5646 5985 6693 6623 6560 6777 5813 5512 6775 6926 5454 6536 6640 5549 6053 7271 7092 5813 5217 6526 6682 6869 5473 6278 6642 5603 5498 5326
7001 6201 6914 5510 6325 5825 5555 6733 6835 7304 7119 7420 6727 6944 7273 5988 5529 7264 6888 6860 7147 6184 6873 5983 7095 5818 5991 7014 6473
3514 2371 3323 3515 1755 2056 2951 2200 2257 3140 1843 2259 2409 3143 3062 1421 1821 1538 2989 3478 1953 3212 2100 2500 3447 3318 1922 2104 3486
6786 8123 7603 6298 8395 6810 6969 7524 7104 6844 6689 7923 6357 7943 7140 8280 6752 7211 7156 8278 6481 8110 8267 6615 7196 7611 7364 7663 8382
6339 5652 6424 6494 6779 6582 6703 5555 5872 6204 5347 6481 6104 4974 4893 6771 6860 5893 6492 4865 6662 6461 6374 5571 6725 5478 6247 5365 5027
3272 3168 3321 2698 1642 3430 1938 2555 2731 2927 3124 2698 2497 2737 1823 3420 3059 2375 2244 1510 1835 2227 1559 2854 1444 2759 1954 3509 3277
4033 6342 3343 7796 8255 3713 7132 2876 4269 2752 4803 2620 6110 3488 2285 1836 5762 3908 7690 4987 6148 2834 1965 7827 7544 2421 5806 7983 1575 2314
3741 6943 3344 6434 8025 4257 6820 3544 4112 3099 3340 1458 6373 5094 1345 1854 4205 2657 7480 5820 6984 2805 3124 6614 6467 2568 5905 8120 1746 2565
3259 7672 3672 7086 7888 3847 6744 3921 4006 2911 3424 1028 6907 4182 2970 3003 4984 4582 8124 4249 8110 3032 3286 6022 7150 3088 5113 6210 2893 2564
4648 6911 4508 7696 8026 4775 7679 2133 3720 4559 4763 2461 6871 3024 2439 2967 6167 4562 6919 4417 6997 3839 2808 7387 7249 3668 6797 7876 2774 3328
4167 6839 2543 6877 6952 4618 7469 2921 2876 4088 3397 2838 6200 4468 1861 1405 5423 2603 8078 5438 7441 3266 2163 7835 6429 3298 5741 6579 2971 2677
3057 5691 3240 7554 6889 3692 7810 1984 3841 4231 4509 2152 6295 4884 2813 3111 4868 2951 7442 5069 7087 3141 2042 7253 6292 3902 6186 8021 1807 2548
4550 5974 3100 5939 8088 3418 7791 2560 4013 2522 4693 1366 6498 3991 1428 2010 4971 3471 7328 4306 7038 2881 3745 7402 7205 2010 7186 7049 2512 3120
3855 6695 3308 6733 7555 4808 6478 2280 3724 4524 3994 1751 5991 3102 2815 2500 4662 3769 6187 5398 6204 3447 2632 7930 7589 1908 6297 6285 2165 4315
4652 7381 3860 7098 7008 3818 6818 3613 4695 4191 4637 1275 7434 4929 3190 2282 5377 3648 6259 4195 6130 2947 2506 7621 6771 3935 5989 6861 1664 3657
4124 7345 3541 6633 8619 2994 7829 2104 4713 2763 4332 1093 6042 3746 1380 2503 4982 3240 7606 4511 7394 2258 3778 7401 7174 3173 6928 6486 2123 2449
3673 7697 3433 6852 6616 4612 8256 2205 4504 4347 3995 1146 7118 5055 2430 1473 4520 3121 7131 5071 6688 3579 2248 7412 6934 1902 6999 6873 2794 3062
3091 6112 3786 6630 8193 2991 6654 3956 3683 2921 4874 1792 5534 4606 1206 1685 4854 4236 6762 5239 7474 4146 1878 7708 7279 3699 6041 6568 1370 3356
5114 6696 3856 6792 8189 3879 7775 3169 4542 2886 3932 1559 6125 4663 2238 3239 5563 4579 8256 4110 7840 2511 1798 6165 6775 2307 5265 7799 2528 2719
4146 7475 4416 6460 6822 4579 7054 2734 2984 4538 3219 2037 7450 4501 2351 1689 4698 4110 7410 4542 7994 3736 2528 6552 6732 2726 6317 7511 3105 3280
4136 5984 2555 7024 7967 4482 7889 2533 3834 2851 5063 1737 6297 4471 2677 3423 6203 2952 7918 4008 7139 2712 2706 6828 6380 2237 5981 8196 2384 2522
3484 7205 2973 5709 7734 2880 7704 3563 4490 4128 3334 1975 5508 4502 2031 1733 4776 4635 6460 4033 6917 2875 2668 7539 8152 3234 7107 7105 1278 2379
3173 6103 3866 6504 7867 3923 7740 2757 3312 4005 4287 1603 5676 3486 1337 1811 5838 3327 6463 4476 7948 3291 1817 6134 6494 3953 7013 6991 2268 2516
5103 6998 2732 6524 6700 4008 8410 3560 4600 3644 3942 3060 6914 4673 2240 2640 4458 3438 6171 4515 7057 2689 2595 6066 6583 3579 6535 6436 1628 3007
4017 5810 3566 7752 7215 4595 7395 2083 3932 2756 4299 1291 5458 3331 2758 2508 4883 3991 6621 5168 6474 2550 3138 6015 7060 3856 6238 6124 2294 2870
3092 6861 3777 6212 7392 3538 7547 2533 4263 3819 4139 1816 5597 3754 2973 1902 6287 4678 7912 4488 6253 2333 3601 7422 6691 3927 6312 6836 1064 4226
4456 7068 3726 7171 7067 4078 8369 3181 3977 3173 4467 2408 7101 4832 1969 3039 4863 4469 8147 5517 6735 3817 3838 6993 7743 3782 6186 6713 1282 3318
3598 6919 4214 6099 8190 3947 7226 2506 4747 4487 3192 1737 5807 3530 3175 1822 6295 3610 7123 3978 6493 3432 2255 6153 6562 3078 6101 8010 1108 2612
3708 6878 3133 6203 8585 4802 8493 2963 3386 3931 5201 2215 7239 5034 1447 1602 6207 3509 6980 5569 7940 3431 3430 6037 6989 3118 5160 7979 2045 4355
3683 7536 3516 7704 8394 3370 6927 2495 3325 4121 4510 2474 6761 3340 1572 2927 5392 3883 7731 4638 7582 3606 3254 7420 6692 2503 6767 7450 1300 4177
4250 6481 3050 7187 7618 3887 8311 3165 4333 4165 3855 2816 6904 3333 2222 2916 6239 3522 6498 4201 6942 2009 2106 7056 7629 2242 5165 7384 2039 3834
4255 7561 3019 6090 7702 3591 8051 2677 4070 2541 3840 3112 6971 3977 2179 2877 4231 3673 6473 4905 7471 3564 1705 7496 6423 3853 6905 8040 1402 2993
3920 5871 3548 7338 6710 4122 6423 2001 4899 3952 5096 1370 5855 3700 2421 1832 4910 3552 7288 4284 7933 2383 3597 7415 7904 3922 6740 7875 2946 2531
3974 5867 3428 7070 8059 3790 8313 2224 4334 2851 4198 1548 6405 5084 2840 2346 4367 4559 6501 4346 7244 3133 1785 7180 7030 3650 5569 7410 2044 3321
3304 7201 3566 7239 7673 3417 7036 2348 3193 3048 4924 1147 6605 3522 2001 2729 4809 2845 7027 5366 6238 2680 2576 6256 6761 3325 5266 6146 2801 3619
18 12 16 0 36841 1.094289799537113
0 0 27 25 125615 1.0688869720186502
0 21 29 14 85094 0.9265743552410483
29 26 3 25 67830 0.9452615307209831
0 21 15 12 62924 0.9414671958095487
5 26 16 12 59698 1.0948839746972807
8 8 0 22 53244 1.0821683047726192
6 3 19 21 70993 0.9805267518164491
0 12 3 1 50853 0.9158275871387617
1 20 0 9 51706 0.9351543612716844
19 27 12 0 87313 1.0600503621233277
5 24 18 21 45953 0.939493887528742
1 25 15 20 55849 0.9433632224837314
27 9 8 18 67992 1.009974784148189
0 21 22 6 83647 0.9380915621009429
11 0 20 21 71441 1.0095714522090011
28 8 28 20 40576 1.0406664547566018
21 21 14 1 68974 1.0471045026811037
7 3 6 16 32268 0.9547738860350757
19 6 29 16 47096 0.9741148250398327
20 0 8 11 45081 1.0738958830815888
1 29 8 1 84202 0.9013549366673562
2 12 12 1 51724 0.9166236289947299
11 25 20 12 53171 1.0217070451349624
8 6 19 20 65710 0.9559604144857528
19 2 11 16 59840 0.9988527231552509
29 12 3 10 57525 0.9312426331760777
21 19 18 8 40860 0.9855584483872475
23 25 9 2 92428 1.0406218572469452
14 28 13 4 59453 0.9687206753511504
13 24 7 13 38669 1.0476104745781398
27 1 21 16 60776 0.9777357107182391
24 19 2 0 104196 1.0792385163167435
16 6 24 27 72328 1.0356215980154004
15 26 1 23 55053 1.0046401663836926
28 23 16 5 75778 0.9929128371550122
9 14 24 8 50494 1.0147484852679882
27 1 13 2 52785 0.9978962604179278
11 24 6 1 77433 1.0678689193091753
1 0 24 11 77709 1.0338712479549448
28 18 3 2 96018 1.0771653662929073
10 23 23 17 54647 1.0538011133359866
7 4 26 2 71107 0.9131540086369537
5 15 22 28 62543 1.0903516699348463
11 12 1 28 64626 0.9859533153533493
25 28 13 8 66546 0.9368004924265847
18 13 8 28 57582 1.007385794327542
19 6 5 16 56382 1.0278591323063213
2 8 24 18 79973 1.086939840926923
15 0 4 11 48232 1.0479680756270064
1 13 12 15 30356 0.9856207546216662
22 29 18 9 56142 1.0355403421947496
21 19 11 10 49754 0.9372561584603629
4 29 20 21 50670 0.9934096769015377
18 7 12 29 69015 0.9639236996579276
11 25 26 17 61788 1.034176878802071
12 16 28 0 83013 0.9406819488089437
0 1 13 9 60588 0.9732466354558923
27 11 20 0 40829 0.922310933338084
1 27 22 7 94199 1.0469560162560234
9 29 2 25 30929 1.0182695496340615
2 12 11 15 29770 1.0622290962116518
21 9 11 18 52829 0.9732270887623736
24 3 6 14 72861 0.9059814091214345
12 22 18 7 52321 0.947972542572447
29 5 24 12 32152 0.9342177003330789
0 20 20 25 68390 0.9161215183781949
21 7 12 22 54840 1.0115897344107805
0 7 2 27 79312 1.032366178337003
25 13 21 0 52306 0.9424751706000272
4 22 6 10 37794 1.0073969937427907
23 25 3 25 60311 1.0794531035502644
1 23 24 27 71683 1.0875123207256503
26 29 23 16 47055 0.9578797975153754
0 18 19 0 91260 0.9670645676603433
20 26 28 20 39870 1.0094579560639851
18 9 22 27 57109 0.9026981439852952
24 7 7 25 74401 0.9010520973565926
24 9 26 23 41074 0.9231375363390555
28 15 13 13 39015 1.0239769523576563
16 4 26 18 54480 0.958254040721642
11 27 27 14 71407 1.0033770644495037
5 23 10 4 66392 0.9971616168871625
16 27 18 5 64801 0.9386539165194497
14 0 24 0 38450 1.04417195181891
6 8 8 19 33505 1.0847189045998138
28 25 3 14 85668 0.9004146701198703
7 23 9 7 40503 1.023916459790662
6 5 11 17 42383 0.9005720440815771
27 9 20 19 41328 1.0486086629620759
20 21 20 5 39107 1.0204359245927903
14 3 9 23 67254 1.0924605271095542
24 28 15 15 44142 0.9911357105482862
1 29 29 28 61673 0.9094507109165069
27 0 14 17 77210 1.0702643855243454
9 18 2 26 47462 0.9061328742025841
2 1 4 10 40477 0.9907272976175255
18 0 11 12 51182 0.9186193020990561
5 28 15 0 84744 1.0243507720260343
19 22 22 13 31179 1.0933058183047133
27 15 4 13 58528 0.9199536434219727
11 5 26 13 52962 1.0327125837449334
15 12 3 14 35648 1.0566457641934337
22 21 12 0 75599 1.0963097641735404
24 1 1 27 120718 0.9414299540106543
9 7 8 17 30594 0.9535295826882166
11 24 7 6 58762 0.9560400974792269
0 1 21 18 95698 0.9089264898335991
16 23 8 9 55398 0.924676454228245
24 4 16 7 37533 1.0981299891703817
13 11 4 0 44084 1.0879886684325029
19 28 28 20 41021 1.0566940454605842
27 10 2 25 92494 0.9319980852091496
12 26 28 22 53982 0.9531246769316754
20 1 22 18 49782 0.9475129375170439
6 7 13 12 20112 1.0278425956007071
10 25 22 24 42285 0.9677476602907604
18 6 18 20 51956 0.9229825494764637
15 0 21 8 36408 1.0173382336879466
27 23 7 16 72656 0.9083089776884642
18 25 23 15 37126 0.9414130897848991
19 12 2 4 57347 1.07020718403821
13 26 23 10 59453 0.9070210293069477
29 28 21 5 74573 1.0301854126546746
26 2 7 21 82280 0.9199361748097202
28 29 3 6 100779 0.940571210804528
25 23 0 6 103526 1.037260794727288
3 23 28 18 89329 0.9806704668118857
11 0 29 6 68716 1.0845791820551478
27 19 14 21 46024 0.9910125192747359
21 27 13 5 70241 1.0054377015977567
28 0 17 20 81909 1.0587705857210223
2 14 13 5 41594 0.9812012972354888
24 23 18 1 80174 1.0209314607061954
28 7 10 25 83282 1.0438185608429165
3 8 11 13 37655 0.9839241958424224
0 14 6 19 30239 0.9751509163383167
18 11 3 20 59192 1.0971276101676042
11 0 9 28 82376 1.024787272234251
22 19 18 9 41157 1.0397739304111118
27 20 24 10 39591 1.031392812947603
5 5 15 11 30437 0.9343339057962461
14 22 4 24 37763 0.9946095180588516
23 21 25 8 44562 1.0513010939208116
4 14 14 20 41408 0.9485095245826399
1 5 22 9 66091 1.0696830542436482
21 6 2 19 79174 0.9618736713359503
6 25 28 17 78614 1.0917663758110323
8 3 17 22 68897 0.9144554855504896
29 19 16 29 45499 1.0730085879065725
22 2 5 7 61545 0.9510503481084082
12 0 25 20 86655 0.9453768421101112
6 8 27 10 52827 1.095915169992454
24 17 2 14 60959 1.068738884631712
23 3 13 4 45799 1.0926971867723556
20 14 7 6 38694 1.0699660957549837
14 6 23 21 64873 1.047540135952499
26 17 1 11 61006 1.050571789771967
9 2 26 20 83796 0.9326088301537276
13 17 16 26 28671 0.9324834397486775
1 9 12 6 41372 0.9393113076719191
27 16 15 4 63430 1.0850922507109773
7 1 27 2 71872 0.9299115833785127
21 28 3 15 65807 1.0436255392569742
5 7 28 27 92052 0.9448422868773146
6 3 0 18 63122 0.9076857370693573
19 19 26 9 41864 0.9785292432136208
20 26 5 6 72434 1.083971709004736
16 9 18 27 57155 0.9992222852116412
16 25 20 8 51427 1.098097830233628
5 6 19 8 46177 0.9289660996415395
7 3 25 28 84916 1.0741324349371606
28 2 22 27 84020 0.9886617120717273
10 10 16 15 27386 1.0681349838345287
26 20 27 8 34259 1.0460207448504517
14 23 16 9 46075 1.0702311213379894
2 9 17 20 58330 0.9279245953465187
24 15 2 22 68049 1.0441022970930138
28 4 22 15 49198 0.9583165343071285
10 5 27 15 64302 0.9215804697606234
3 26 17 14 63910 0.9180061662221851
26 27 28 16 37555 0.9870840939967498
15 6 15 16 40221 1.0956203622258667
2 18 13 18 44854 0.9312085874677086
13 0 18 17 52098 1.0393146222131615
20 8 22 18 34092 0.9074310232051963
3 29 25 14 80495 1.0487318749044618
4 27 21 12 84172 1.0072177433978087
20 12 15 0 41730 1.0645519210095558
7 2 21 21 69611 0.9869061853575052
2 28 22 4 97583 0.9018545463725349
11 26 7 9 53252 0.9641772315576477
28 29 11 16 69647 1.0067683436665047
16 6 1 5 54181 1.0575679411992762
24 24 15 26 42144 1.0668143822791838
13 18 26 22 44286 0.9452035886567445
12 23 28 28 45209 0.974230290817782
13 29 9 15 41409 0.9031815228113035
1 0 12 24 94183 1.0650313472424764
10 21 1 29 42899 1.0629634462352882
18 23 24 5 67791 1.032481195115467
18 10 3 25 67999 1.0368571366810806
16 9 27 23 63758 1.013526032441113
24 11 4 28 76808 1.0809072198117242
3 22 10 2 65796 0.9808123425788692
17 17 4 7 46445 1.0258473225295495
9 8 29 29 90896 0.923145292145417
11 14 24 0 65036 1.0015273767060537
25 0 5 27 113251 0.9227782128553895
27 6 17 10 41858 1.013666895290054
8 28 12 21 28967 1.0029373928567409
7 12 24 25 71220 0.9971578327568017
7 20 21 20 47799 0.9518099335796222
6 25 25 10 74809 1.0517200466918328
21 16 24 25 38309 1.0072686866519924
23 16 21 0 51707 1.025374279144716
13 9 25 27 72018 0.9265889305196858
1 23 16 28 53196 0.9430334736166667
13 10 8 25 46161 1.072108267213524
17 29 18 17 37124 0.9249448572610071
23 8 27 22 49850 1.0462792072216716
20 15 14 9 31831 1.0720398203924066
3 15 10 18 30512 0.9612319841927096
24 24 21 14 46110 1.0612830605319332
10 25 4 1 76489 0.905851795015766
7 19 6 2 41136 1.0111248377488855
23 1 9 5 62584 0.9911953900996822
12 20 13 8 35399 0.9526962253854232
13 8 25 18 55191 1.0677291809317944
3 28 9 7 61188 1.0065641768762106
11 2 11 28 73847 1.0817783174758817
21 10 23 19 41734 1.0221233352817072
27 14 8 8 54522 0.9846556893862226
5 8 28 12 59128 0.983899435887436
2 29 21 1 105348 1.0752861464578998
19 11 17 20 29968 0.9594325099556247
17 29 14 12 54826 1.079203944037392
15 29 3 0 98289 0.9289747596608662
18 19 11 26 42409 1.0863366952752425
26 25 14 16 59314 0.9469658570444105
0 26 2 13 52553 1.0381144646274902
2 11 5 25 48449 0.9651958676088194
12 8 21 27 67733 0.9042018164230547
20 16 12 18 32329 1.0736706874387898
22 4 0 22 90619 0.9127534324570309
28 22 0 0 119028 0.9761078710663357
4 18 14 3 63619 0.9632675579818498
4 13 22 4 62691 0.9159232873795679
0 8 6 1 43823 0.9858336368711503
11 12 26 3 57458 1.0222772045569952
20 13 8 25 58270 0.9379003356819899
19 16 25 5 47035 0.9317886249456974
9 1 3 20 71090 1.0289871495471525
10 1 25 26 108410 0.9914125084373597
29 27 29 8 45777 0.9069010826070109
27 22 7 16 66738 1.0086744795832019
23 8 22 26 64042 0.968246896212507
15 20 4 14 45984 1.0432266456723274
23 5 0 29 106075 1.0011637052702937
5 6 16 0 50248 0.9120813023273509
29 28 29 1 68038 1.0629683266365781
1 12 26 24 83321 0.9092969340422622
22 5 26 23 56873 1.0323738347017337
23 29 5 22 53675 1.0404341603987506
1 13 14 21 51251 1.0143156939238478
27 20 1 4 103508 0.9823866920721097
24 18 19 23 40965 0.9135817166319266
1 24 9 11 54174 0.9118931793255307
19 27 18 5 66203 0.9850160777660193
14 20 22 16 43164 1.0183109782766955
5 6 29 11 55720 1.0512582658353375
28 26 0 18 102011 0.955538274496248
17 17 25 12 39689 0.9567719606592224
15 26 23 17 50751 0.9559014794908889
3 4 23 16 75021 0.9365329740221018
2 27 17 22 53042 1.0400646010446173
7 10 2 17 31251 0.9365257401920792
2 2 27 21 98027 1.0405143273345887
12 20 29 7 71464 0.9503686171794467
17 17 23 7 39781 1.0666695959799597
5 18 20 8 54659 1.030732173742464
26 11 13 27 65945 0.9059474178565416
16 7 2 9 43028 0.9712391125181088
26 16 28 29 39720 0.9888686421399723
1 21 27 22 74446 0.9773560725318194
23 1 9 13 64773 1.012179590011807
26 16 9 29 67671 0.9040447244411992
15 3 3 4 57149 0.9368215342425673
18 25 10 29 32419 1.0707808890868886
12 20 13 29 25252 1.0484233127683509
5 3 24 12 64549 1.0044407473150259
6 23 16 14 45669 1.072887874206341
25 22 19 18 31262 1.0454370565938103
15 27 27 4 87768 1.005457469927793
28 29 6 2 101829 0.9776422241009443
9 0 18 26 93520 1.0938683768036905
23 15 1 21 66976 0.9553526105449683
2 28 21 5 92014 0.925608125679832
6 17 17 18 37920 0.9267681433147786
13 12 7 28 49161 0.9661672378553872
12 24 3 20 42895 0.938909728328845
29 19 24 3 57912 1.0862502402012102
21 23 10 4 82196 1.0155361777757355
7 7 1 18 43500 1.0790071431714567
3 13 15 4 55676 1.0967196771652596
2 14 13 5 41594 1.023284641421654
6 4 18 22 67111 0.9887432378773505
25 15 14 20 46396 1.0020367644086001
16 23 25 0 84122 0.9573421409942792
20 28 21 12 43465 0.9827441934294429
29 15 19 24 50100 1.0829525213030202
5 0 26 27 103876 1.0239939721555165
23 18 10 10 55994 1.0480307837218474
9 12 23 5 48120 0.9048217674006517
10 17 28 28 64507 1.055781549519806
8 14 24 6 58245 0.9991725347010288
8 7 26 25 79882 0.9339754600279994
6 4 5 15 33502 0.9634824939260808
13 10 9 21 40298 0.9487854795136818
17 27 11 21 32175 1.0029418185224062
3 18 27 22 83202 0.9322839793226321
12 9 2 1 54939 0.9732579463087118
4 6 6 14 30142 0.9949147974154747
28 20 2 17 85417 1.0171659141068172
16 4 11 25 64433 0.9453930033170207
5 0 19 12 56673 0.9934975874770882
25 27 9 23 54928 1.0110289017381384
28 21 8 14 61153 0.9956517920140162
21 7 26 0 33291 1.0017916261055757
6 25 22 6 74208 0.9885497960301317
18 9 2 28 76085 1.083240226293987
11 5 16 11 25762 0.9851639749824583
1 10 5 25 55360 0.959881721791169
2 26 9 23 35025 1.0393405945115235
16 4 27 8 41031 1.0028851968702848
0 7 18 9 51200 1.0802084422646479
26 1 25 19 48958 0.951325901861603
4 27 13 25 33035 1.082982145092156
27 18 25 28 35713 0.9310972872358032
25 7 6 4 62917 0.992484715828195
28 11 10 27 82417 1.0009298729446323
18 8 18 22 46519 0.9018470766476808
3 28 24 19 74946 1.0154739022804753
21 24 5 4 85859 1.0879143942062157
14 0 21 11 45051 0.9341317054977241
27 29 1 0 123228 0.9305215593528025
7 18 11 8 38587 0.9824171627607945
10 22 25 7 70095 1.0368479856595412
26 4 5 25 91703 1.090978740109716
3 14 13 26 48880 1.0743674468706486
4 11 29 1 74852 0.9644409074845893
19 3 28 17 60647 0.9569867639117356
17 29 28 4 87651 1.0026983847478288
23 18 2 20 77918 1.0580180864591613
23 4 26 19 47422 0.993934171670936
22 22 28 29 35224 1.0834855651253241
3 17 24 27 75784 0.9269544413658597
22 27 17 11 52332 1.0685661960327533
14 0 20 28 81803 1.0257353919280203
4 10 17 19 50114 1.0641048774271589
6 18 28 28 67523 1.06281734659826
0 29 3 22 36082 0.9337619388160083
19 17 13 28 42711 1.0927879296679621
17 25 27 9 62895 1.0150672434425436
4 6 25 5 74662 1.0775266101688032
29 13 1 7 69902 1.078516475932612
24 0 1 4 97208 0.9183590595883119
6 19 23 18 62527 0.9062901076788654
17 20 14 4 54605 0.983485545897034
4 8 18 23 70413 1.0152739064318639
19 17 20 2 40299 1.0631724698702976
18 5 0 1 74560 0.9837404166007675
6 11 15 15 26340 1.024052671503121
5 2 20 9 51764 0.9436705738499657
7 18 28 16 61060 1.0406405897498872
0 15 19 25 70699 1.08480491603662
22 6 13 21 55987 1.0754340074045188
17 29 10 17 47230 0.9313091353680849
24 19 2 7 81398 0.9001058220337794
5 25 14 28 27518 0.934409697335389
4 15 27 18 63165 0.9055169936450288
5 4 11 24 74218 1.00755967622961
3 21 12 26 43162 0.920995054837581
9 7 27 9 56593 0.961248708027609
21 29 18 10 54172 1.0622347200888638
8 11 1 23 48602 1.0301086776237858
16 26 20 8 53707 1.0207011140961466
13 4 23 5 42894 1.0607174635096857
7 8 20 15 38460 0.9372989012623447
25 9 28 18 35643 1.0279195110380903
26 18 26 4 31855 0.915327813227141
16 1 14 28 74085 0.9175252654518209
9 0 17 25 85810 0.9962813864023382
19 27 24 14 43238 1.0527091774129198
9 1 26 6 70591 1.0839349087458086
7 17 15 27 47848 0.935828248125433
8 22 1 5 60247 0.9387511431683808
8 1 4 13 44226 1.0597613569221274
22 9 26 20 40342 0.975011938914234
9 21 27 29 56581 1.0918228906480105
21 7 1 22 76322 1.0889936004137244
6 25 27 6 90009 1.0548480238900544
21 21 17 2 58403 1.0357089841305336
17 14 4 14 27757 0.936022443996245
20 13 24 24 46684 0.9951519947781271
7 18 10 28 28528 0.9027190326656034
23 23 18 5 64474 1.0912270583673238
18 27 0 26 55676 0.970963260421938
22 3 10 1 55507 0.9033741393882911
11 20 13 5 49923 1.0620020055140735
11 21 27 10 65518 1.0272953570733552
8 28 13 10 52275 0.9410531016719459
27 16 8 6 67129 1.0276323585833993
13 11 0 13 32316 0.9402715943182433
27 17 6 4 71454 0.9879085070716284
0 17 4 25 42154 1.084764168454827
2 20 20 3 81225 0.9536668824503485
9 24 26 6 86593 1.0052313517754237
16 5 28 5 44761 0.983331804428941
15 23 5 9 58350 0.9554871652400679
26 7 19 24 60545 0.934763291790391
18 20 8 22 31649 1.0831412390747073
5 4 26 7 69652 0.9073867918030685
0 25 7 6 61506 0.94817824592498
18 23 22 17 32243 1.0441656549183254
9 25 1 23 33771 0.98503175718461
28 29 18 9 68691 0.9418649237070905
26 15 6 23 68239 1.0294428328918728
17 8 14 26 58299 0.9839697953822756
29 24 1 25 77689 1.0836843822950621
12 6 19 15 39189 1.0097971652514295
11 3 27 20 88585 1.0909416793368736
24 27 28 17 43845 0.9017588027800181
6 24 27 22 65853 0.9795576667971575
5 19 13 4 52312 1.0626475576613152
10 15 1 3 59518 1.0747462685547549
0 13 26 28 85099 1.0655739388773657
11 9 16 29 59895 0.944708086939043
7 0 7 18 39667 1.0152321461610154
23 0 27 6 35145 1.054559341850438
17 21 25 3 69866 1.0920885911617955
20 15 1 5 65688 0.978438609328137
26 29 26 0 75087 1.0313963625354836
12 18 5 9 44777 1.0751274815151768
20 13 4 18 54075 1.0572894856166999
19 20 23 3 62730 1.0503628471267938
5 29 23 16 72519 1.0350447558836695
17 8 0 27 84514 0.9251649094558502
9 23 21 12 61969 1.044922969007009
0 21 29 2 109469 0.9685353893309574
2 3 2 15 43533 1.064017172086333
19 9 2 18 60598 1.0275380584252227
0 6 4 22 65434 0.9140177043715684
14 22 10 0 67366 0.9262608869765337
17 27 1 24 54765 1.0917809075010898
5 26 25 15 73679 0.9161127350601833
11 2 10 22 62712 1.0073069968593196
0 13 7 28 49258 0.9420267928024111
19 29 28 23 40843 1.0688100774930103
28 5 19 4 39369 0.9261384350493316
14 5 20 10 27876 1.032099451212349
13 12 20 22 39221 1.0493241738803412
10 14 13 3 31943 1.012346087592954
7 5 19 7 38812 1.0274147824087756
16 19 27 0 75356 1.0934474899699669
15 20 24 6 65076 1.0950150899071676
8 12 13 20 37568 0.9934680568287098
16 26 7 12 54731 0.9640597067116048
5 20 15 23 40045 0.9407106352971449
27 19 15 21 43312 0.9328215232177637
0 4 16 15 64977 0.9840655552733071
28 12 12 2 62700 0.9111779296629193
14 13 18 21 33138 0.904377026997698
25 2 16 12 48975 1.0814831783700092
2 0 13 17 68374 0.922215245191211
2 26 12 1 90752 0.9411179346423902
19 16 5 3 63706 0.9121230476292178
26 27 6 16 69125 0.9007714007201933
11 8 27 1 69356 1.0451782860372125
3 29 12 0 90169 1.0911905675448672
21 24 25 16 45730 0.9678050305491392
7 12 29 3 64973 1.0190845585408654
24 25 26 2 64467 0.9029704123391927
8 1 7 13 33514 0.9243054900937858
12 16 18 11 29781 1.088040296946483
27 19 10 10 61127 0.9133900990871159
13 5 25 13 49815 1.0544395557566513
0 21 11 6 67059 0.9687175252886988
4 12 28 15 62611 1.070973773056859
14 21 7 4 51658 0.9891387279086467
18 6 22 13 31417 1.0259022166380696
27 0 15 19 79389 1.073119227316722
20 13 9 8 37649 1.0405363036459496
1 18 19 1 87426 0.9249216305617701
27 29 15 5 80590 1.0603187971934689
17 10 9 16 33596 0.9109095947043905
11 13 2 10 32150 1.0322330654170817
29 1 1 16 98622 1.0635778070144148
20 9 9 11 23478 1.0272038533472518
7 26 10 16 37204 0.9397780710253645
3 13 22 0 73133 1.064068391986253
13 23 0 11 52825 1.0262282246551286
12 4 27 4 62648 0.9999094242085351
20 0 28 23 77191 0.935517900182824
26 16 16 24 46811 1.0571648108312919
8 1 28 11 67427 0.988802899597251
27 28 2 14 80523 1.0326451904664502
3 11 23 22 68124 1.0861394938409996
20 19 29 11 36458 0.9532265599688877
0 5 8 18 58079 0.9257011728438063
7 7 15 15 31656 0.9040668397897732
0 11 22 12 43521 1.0013989919339317
9 4 23 1 63317 0.9971614983557059
2 11 24 9 49277 1.0570363895328776
2 9 25 6 67379 0.9740084897789836
4 24 24 17 80197 0.985153266049065
14 21 28 2 82953 1.0431853671103442
28 18 10 25 73321 1.0890772044606822
25 6 17 3 39184 1.0036618326901257
29 10 4 16 67698 1.068082219101099
6 27 20 24 39473 1.0224098570080729
23 22 2 16 70952 0.9463996641666332
19 21 24 29 27815 0.9855748077371058
10 22 12 9 41343 0.9738878784420779
18 29 3 6 84646 0.9751004784412587
22 23 13 25 36421 0.9098718172409532
18 18 4 16 49982 1.039108415339736
3 9 8 18 39807 0.9270100627834015
28 3 12 0 66871 1.0567156210921067
3 8 16 23 66848 1.0856289489460182
14 22 29 12 58544 1.0840636015376075
12 29 14 10 52638 1.095273189930286
23 3 21 26 75219 1.0485340660191789
29 2 2 0 100948 1.0827724555222045
0 6 21 5 72427 0.9358891546445729
11 21 6 5 48929 0.9742102730031592
14 0 3 20 77904 1.0291079682547746
12 25 21 6 69980 0.9339517870411669
6 16 29 9 63434 0.9182789873928011
6 9 24 28 73006 1.0905675492496059
4 14 13 10 25987 1.044935512514461
2 17 24 18 75009 1.0723855366122965
28 5 9 12 60205 1.0402974635833293
10 5 26 25 86929 0.9788295799486353
21 19 22 28 26422 0.9206356901596576
22 15 16 29 41555 1.080280532033646
29 5 27 15 31535 1.0614744467162542
28 21 14 18 53740 1.0632826081558626
11 27 17 16 51657 0.904011421073385
3 25 0 8 70734 1.093560900947168
20 17 9 19 44273 1.0246016951996835
24 17 20 2 50767 0.9413878676500673
5 22 17 28 40606 1.03385249692051
18 29 9 15 52714 1.0887096392439621
4 23 25 0 106900 0.9630279942856848
3 21 9 0 67671 1.0731196658927211
16 3 25 23 77478 1.090846944621042
24 4 11 12 58008 1.0569218462901
4 12 23 14 49398 0.9478441227696957
23 11 11 17 45384 0.935070925431191
17 12 15 0 35591 0.9489640530351949
24 13 6 2 63975 0.9919652366329907
10 7 21 2 44790 0.9452868699574888
4 4 15 3 56191 0.9771209322276966
14 5 18 12 32110 1.062128731020456
6 16 3 23 34087 1.0051467538330974
11 8 23 25 72042 0.9961789350293445
15 14 23 19 35291 1.0105586393930748
10 18 15 28 46988 0.9178663296059806
10 0 27 25 103082 0.9795652951185785
12 0 27 22 87946 1.0053294580840035
6 27 23 8 83049 0.9505101021743376
3 14 22 24 70888 1.0062677462889156
1 24 16 0 93241 1.0736726902242366
21 18 19 9 34403 1.089093067203359
14 28 0 12 70808 1.0727722081201054
6 27 13 0 76043 0.9645618067899961
14 5 27 20 74152 0.9518941394880195
15 8 10 29 65803 0.9997625016719099
17 11 12 17 28621 0.9387908009258961
0 6 23 6 74984 0.9858633685596155
26 6 11 17 64721 0.956561175197068
26 19 10 17 56107 1.0746235426808592
20 21 1 5 79080 0.9421636794654005
21 5 14 11 29855 1.0868139088425113
13 28 16 1 72050 0.9011445878248002
21 28 18 0 72321 0.9603774721107519
13 15 16 28 36664 0.9393216657769012
1 5 27 4 92015 1.0872751068087954
9 7 12 14 30235 0.9950147562470341
26 14 29 21 23528 0.9509499224462629
28 0 2 5 101665 0.9736557893469561
1 26 24 28 56954 1.034596444240051
16 29 7 21 37244 1.0779455808732958
19 21 17 7 43750 1.0859553628554346
1 10 3 1 40366 0.9886359782612322
23 5 12 28 80818 1.0131699600506854
23 10 11 15 39227 1.0551180147601258
16 3 25 0 39455 1.0765992285544126
9 28 13 12 47704 1.0533485313386763
27 8 14 0 58654 0.9967823017134259
14 27 23 12 63242 1.0598960034971452
22 6 20 17 32592 0.9414591753145553
20 10 24 18 40229 1.019417319360315
24 10 26 25 44870 0.9035746492692717
24 21 1 3 103211 0.9646065428585654
3 14 24 26 81045 1.023590670713773
16 2 19 11 28436 1.010249315513587
26 15 15 6 53576 1.0986649861167945
10 27 19 0 95613 1.049355928694823
29 2 15 3 52372 1.0695257171076333
1 20 12 6 71429 0.9684702247151364
6 19 17 5 56522 1.0811360732064423
15 7 9 21 51252 0.9830195942783739
18 17 26 7 45005 1.0477619817969988
8 14 18 26 55216 0.95831037441583
26 15 7 12 49427 0.9102518290382658
13 2 26 16 60430 1.0444425696817887
22 18 8 6 64061 1.027733083226643
21 0 8 3 57944 1.0845037274341134
4 24 10 16 48485 0.9020950222121001
25 14 0 7 67841 0.9502498475012744
22 10 8 16 47715 1.0272291683706753
10 0 1 21 77632 1.0312825073952427
29 19 18 27 44860 0.9401125680403725
6 4 0 0 37586 1.0497520015213002
14 16 25 25 57275 1.0696999714349977
18 26 28 12 66417 1.0082308947168002
12 5 8 20 52681 1.058384428048277
19 7 2 28 84603 0.9553965989289787
24 11 13 10 25298 1.0346716286756357
26 12 6 5 53511 0.9439658639991966
26 6 21 23 59317 0.9170156420934154
8 9 28 1 80543 1.0553904550089186
29 15 14 13 40530 0.9833527794046372
27 19 8 23 68412 1.0401723713978046
29 21 21 2 67151 1.0767384188134357
26 15 19 19 28969 0.9054177035919259
12 7 25 8 42650 1.0141455737440046
0 13 24 27 87156 0.9937313612439681
16 18 14 1 52298 1.0759525678665303
3 3 3 13 44503 1.082285346096792
23 16 12 10 41549 0.9362096989132896
9 20 16 3 66632 0.9390037205148324
16 14 29 10 36872 0.9169344971926859
17 10 22 18 36348 0.9238577867934568
11 17 8 0 55577 1.0466130878534068
17 27 20 11 47817 1.0988967964444138
2 10 14 17 43408 0.9402106456380562
9 26 28 29 50584 0.949568077237041
23 29 16 2 77000 1.0706212049036439
9 15 1 25 45826 1.0362092991617304
11 18 1 24 56939 0.9297705123346965
7 28 18 23 39729 0.9396502988500449
25 20 10 15 56004 1.0075498376073158
6 10 3 29 55896 0.9045757335624512
17 9 1 20 67523 0.968800985118863
28 14 8 14 44636 1.0137673261112796
20 5 6 29 79338 1.098087284577393
6 26 25 12 80457 1.0601790225570846
24 9 7 6 47291 1.0760994998445272
11 21 23 25 45082 1.097871133732917
18 7 6 9 37202 0.900609120241539
8 20 21 1 78366 1.0700139860211777
1 15 17 7 52198 1.0092126962470789
5 23 1 3 78429 0.9173445831886321
12 21 16 4 51151 0.9364874583566163
26 20 29 9 32236 0.9963151203491891
9 28 18 9 65852 1.098626070619159
0 19 15 10 65065 0.9370605053763137
2 9 23 14 54376 0.9654667065219933
27 3 12 15 68296 0.907210399156844
4 15 23 6 59773 0.9198702031100948
18 0 21 12 41093 0.9686616804424868
4 4 20 23 79981 1.0777212947736083
3 7 7 14 24604 0.9929533761009306
25 3 28 19 53079 0.9875689100683478
0 13 28 18 81531 1.0106249362765296
25 25 0 24 78288 1.0187138682185382
22 8 28 25 62026 0.9613609469717715
4 20 3 11 45184 0.9711240547075366
20 18 9 11 37559 1.0647146462995527
11 15 5 10 27883 1.0854233582331279
16 25 14 5 60872 1.0027813693872933
17 6 20 13 24693 0.9875179249429406
22 24 28 14 44681 0.9665236997319492
18 8 14 2 26392 0.9059117850216918
5 11 12 25 49394 0.9092202746124274
18 7 8 18 53386 1.0244137970149227
24 1 10 7 61299 0.9432519326628366
8 14 17 27 53197 1.028320964683807
20 25 28 4 75113 1.0195143764780306
25 13 22 23 41393 1.0204520099745233
24 2 6 4 72191 0.9605924839899673
11 21 5 14 30491 0.9886973602929894
16 12 22 20 39795 1.028321848856657
26 26 11 1 100844 1.0438649099168074
22 14 7 24 56250 1.0685770418268217
16 7 4 12 38050 0.9750827371841483
13 27 13 6 49767 0.9228049001743394
8 16 18 22 44885 0.9285471077367777
13 15 18 4 44840 0.9009208857974149
27 11 20 26 48659 1.061155650355796
10 26 6 0 77105 0.9676218943793746
27 18 4 12 70501 0.9384414082253301
25 19 18 28 41473 0.9994371123128154
18 12 12 5 31437 0.9755896223084942
29 21 0 15 82107 1.0817729351914513
25 29 21 7 65090 0.9784435148238804
2 22 25 7 84327 1.061351987205946
18 24 26 9 60924 1.0777638942987404
19 20 15 10 43696 0.9382980444893227
17 14 8 9 32614 1.0672931694359609
19 11 2 18 53582 1.0335056943987266
22 9 5 29 79341 1.0706747545330835
16 13 25 0 58549 1.037470408505225
18 20 9 3 74015 1.014189467937495
14 3 28 24 94543 1.0545628439382002
21 23 13 11 50114 0.9200895708574403
15 17 2 12 46435 1.0074983589427284
10 4 3 19 66542 1.0168575292666397
15 9 29 15 46215 1.0905727102332086
13 27 15 3 70811 1.018291133055685
29 14 5 26 83120 0.9079604889022592
16 3 22 24 71428 1.0514444288680116
25 28 25 14 38446 0.9314663117251439
29 26 4 19 83341 1.016086337104139
12 21 2 19 38380 1.0016054178010771
28 26 19 22 40623 1.0422720861540815
26 15 8 8 55163 0.954628559753335
5 0 18 8 60172 1.0068813219509154
28 9 18 4 47417 1.0726539760566731
24 20 27 2 59553 1.071425000210835
18 15 9 26 51085 1.0200557251222069
26 23 5 25 60901 1.0499870991272473
9 18 20 23 48291 0.900276338240667
4 24 8 11 47555 0.9794843867339998
7 28 29 19 63283 0.9108405534360158
7 18 3 11 24790 0.918698659370202
25 11 27 2 29700 1.0156705464315792
17 18 8 13 33635 1.0982959541912816
20 5 25 13 37448 1.0169100174513785
0 15 29 0 98136 1.0403249439481372
20 21 5 0 78175 1.0102736366423761
21 27 12 9 64535 1.0495460732462365
16 2 24 4 41208 0.9124694909496521
12 27 0 28 31379 1.0609837874697827
28 3 17 18 70534 1.0125531230494507
13 2 26 10 51288 1.0570429084618334
20 4 12 11 31035 0.9847005664754372
1 6 28 6 85782 0.9854073793464762
4 24 21 4 90963 0.9778148729887407
10 11 3 14 20984 1.0810230665080467
17 23 12 29 26350 0.9149812896332192
26 16 23 27 40175 1.0451626646192036
12 28 28 15 61706 1.0211263866349958
28 22 15 2 78777 0.9462640879061162
2 18 3 8 39164 1.0619483500241
26 29 15 14 52689 1.02197874468635
12 29 19 14 49882 1.0266427282767
13 16 25 15 31214 1.0100981256791572
7 3 25 22 80425 0.9035546392976656
19 17 5 25 59669 0.9354203449761558
21 26 10 6 80489 0.9154006240356339
11 25 1 5 75816 0.9335947001726085
18 8 29 22 59877 1.0744548831700413
0 18 29 1 109832 0.9860948251223145
20 2 20 29 62388 1.0042330850576147
1 3 17 12 60348 0.9400481876842786
19 13 9 26 58669 1.0634299274873034
13 3 6 19 50176 0.9718390981493931
6 14 15 1 52545 1.052228420583774
15 0 6 8 47672 1.0702910005358408
20 20 15 28 24707 0.9943144006952379
9 24 0 9 63110 0.9264346558937472
24 20 9 10 67485 1.0953875145369414
26 20 6 17 63357 1.0408232367884795
5 9 17 19 47981 1.0456574885664667
10 22 26 11 60662 0.9062880697960963
10 28 6 16 37132 1.069862327734995
24 13 9 13 41536 1.0559254782311696
22 16 17 23 36011 0.9834258372653574
29 24 12 23 54174 0.9788704847281438
17 6 6 17 47318 0.9679856384774664
1 27 24 22 70352 1.0088413502567992
12 25 8 1 73488 0.9276609373471358
0 4 16 16 67966 0.9189357616632604
13 29 13 1 67094 1.0550647535849533
1 5 28 14 80866 0.9609205647224759
4 15 15 26 55364 0.9948587727479485
29 21 27 6 46673 1.0052125660054685
19 2 3 2 55283 0.9754437153414315
27 26 1 19 88974 0.9333025452461673
8 18 0 3 66744 1.0680431758052154
13 3 18 19 51811 0.9533158367841349
9 18 15 4 60866 1.0732255550580327
12 16 3 7 41858 0.9780259953811574
16 23 27 21 36254 0.9193525151648535
29 12 13 22 59423 0.9938001641268097
12 20 25 5 74100 1.018403570020126
21 26 13 1 78585 1.0184189590608166
6 18 10 5 44362 1.0802228835208134
25 12 11 17 56011 0.9964010892429431
6 6 14 16 40848 1.041840754345757
16 16 22 20 35694 0.9464573893331657
20 12 4 1 59785 1.027916213563815
25 15 0 25 85159 1.0986058359662376
2 5 13 25 71518 1.030092432610389
24 27 13 26 30001 1.019969127421541
14 27 0 26 48748 0.9727474741700399
1 19 14 13 53264 1.0277884974445244
1 8 23 14 61990 0.9537862726978898
9 23 19 13 50290 0.9304046764505887
29 16 18 1 64808 0.9696210817446027
17 23 5 1 78572 0.9321268443241826
25 21 0 4 103373 1.0709815151392348
7 15 17 27 52769 1.0337014405372058
18 29 28 26 32875 0.9262280328553151
5 0 0 12 50895 0.9282311000004249
4 8 8 17 33727 0.9069597232317234
0 29 23 15 81296 1.0696871408833748
17 11 28 15 34671 0.9840814644161513
28 25 25 18 33724 0.931224075958467
13 14 2 17 34699 0.9911446048977152
22 5 2 28 94505 0.9632685286712666
4 23 17 20 44927 1.0974379444452371
8 0 16 5 40812 1.0633003669226948
3 14 6 22 29371 0.9554356511488119
2 2 21 0 71485 0.9410048202834513
0 16 2 24 36723 1.0709589633451553
22 12 7 28 68147 0.9202174258354224
3 9 21 8 50189 0.9493337656114342
7 28 0 20 41059 0.9780037473677102
24 11 0 20 79827 1.0888695986865293
25 14 21 6 38355 1.0861513509632479
1 14 11 24 55435 1.02796367465284
25 0 27 9 32149 1.0209300232386587
24 8 13 16 49688 1.015625214376717
3 5 1 18 53852 1.0460505373934796
29 0 17 2 47715 0.9394836025598361
19 26 13 19 35595 0.9060442446926112
14 11 6 27 53102 0.9887056606385618
3 15 10 20 37540 1.0183847018887315
1 8 2 21 50494 0.9926569397006111
3 4 22 28 94090 1.0894641082274688
28 27 15 23 45962 0.9759730351026246
22 20 12 10 54259 1.0828615267566442
11 1 3 16 64417 0.9707067273009713
10 10 22 29 69873 1.0725771360772496
14 1 29 1 58970 1.0431299333139292
14 1 13 23 60999 1.06394586730432
14 8 3 4 46573 0.9726572243131237
21 2 11 0 39630 0.9703329129813104
8 12 16 24 55251 0.9069485454183979
2 29 28 27 61672 1.002771360804587
28 12 9 26 86319 1.0957263359520493
21 8 11 9 34284 0.9904848010893342
13 25 26 25 36731 0.9860635920775391
4 17 9 6 39201 1.0402966971431276
15 14 20 29 42782 1.0779536393026246
21 3 27 18 62321 0.9621758113384794
10 15 29 12 49084 1.032687696841224
14 21 15 11 32676 1.0801294999413729
26 26 20 0 76800 0.9527194114588823
19 21 2 5 77156 0.9522233769934451
12 12 18 1 45468 0.9625409084745831
3 26 22 26 57076 0.9104700693927795
13 26 15 13 38908 0.9664095809089213
24 15 19 26 39896 0.9817706686216283
28 22 19 13 43717 0.9429056601075487
25 15 8 10 51269 0.9215562065369692
3 25 15 10 64535 1.0257226101492043
20 27 29 16 46590 1.087397568997629
12 17 17 25 32813 1.0669232530705126
4 12 22 13 46573 1.029978787485102
5 26 14 4 72651 0.949808941642532
17 18 23 10 34486 1.0051031858613337
2 6 20 11 46621 0.9406784635278213
28 23 14 13 62675 0.9691684509308004
13 20 3 23 35851 1.091670735659027
22 18 6 29 64164 0.9224947409396413
0 12 20 10 44499 0.9115384915546796
6 2 11 19 60311 1.072196038181044
3 28 9 1 79539 1.0767350101223767
12 11 10 3 39971 0.9290924168318062
16 29 22 18 42021 1.0434985509899766
11 24 0 28 40445 1.0945511302977338
1 26 29 16 95515 0.9568185798723723
12 17 24 26 59820 0.9101850601067756
26 16 4 11 54238 0.9851667633428808
22 21 13 19 31787 0.9951070139994063
3 14 14 13 29016 1.0699842338485905
6 3 15 29 79959 0.9868903777490997
9 11 3 15 22701 1.0004769083184843
14 10 9 23 48820 1.0648500723001129
24 18 3 8 78949 0.9741897775078298
4 18 23 7 69619 1.0109858993368768
23 25 26 8 51170 1.032465299068825
29 11 0 29 99866 0.9020363597750857
13 18 5 25 36680 1.031876739941665
16 13 2 1 60562 0.9875699956069935
26 20 15 26 48184 0.9756993409250494
25 0 0 0 98810 0.9194480461141903
4 25 21 21 55050 0.9339203430904025
2 18 21 7 67008 0.9377305410344247
5 21 20 21 43828 0.9723212942654589
5 27 7 6 54583 1.0176771163662834
6 23 20 21 43181 0.9576097788907388
21 12 24 2 44276 1.0812169167770402
27 22 19 16 40859 0.9507918471094641
20 11 1 13 42347 0.9215371077666271
11 5 6 10 30375 0.9241087726601576
24 21 16 6 60960 1.0969364534332076
8 26 18 17 56685 1.0592938911467253
20 6 27 15 37284 0.9774302210633445
8 9 5 25 46582 0.9554037505049034
1 12 7 1 36765 1.0156020993269774
12 5 28 14 57066 1.0363997763472887
29 17 17 15 35619 0.9354050361760566
19 25 5 29 42432 0.9946950298140238
22 6 12 12 36913 1.045870966760011
24 4 26 28 71224 1.0381398084966702
19 16 24 27 43418 0.959762578350189
26 27 15 13 56325 0.9190588918363856
28 16 11 17 55915 1.070483375779576
2 25 18 20 57530 0.9221771512085873
15 8 9 20 53281 1.0899702585587698
5 13 20 4 50238 0.9640481322996924
19 9 12 24 57477 1.0061994146453694
4 10 7 19 31456 1.014333561160206
15 14 29 5 52484 1.070319661468935
10 4 0 28 84841 0.9918445935213445
7 2 12 11 25977 0.9739713090687405
21 27 10 12 68002 0.9347403268559433
9 0 17 11 48169 1.024254442222333
17 11 5 13 28114 0.968151377879843
27 14 23 5 35527 0.9246737609251233
19 19 29 17 42355 0.9507868134944131
13 21 25 14 41932 0.9011671038557904
29 19 12 2 78219 0.9011323822746165
11 6 16 29 71328 1.02889037424893
15 5 2 6 48703 1.0467254344745094
28 23 2 13 87923 0.9385558718505324
12 11 20 20 38063 1.0851579229003903
23 25 14 3 82322 1.0829331996899847
23 12 1 24 84842 0.9501478698478826
14 14 28 18 46888 1.0811409662367273
4 27 22 4 98827 1.0393091970996526
25 26 6 4 95102 0.9796252610612233
8 17 25 18 63007 1.0680714862264953
22 29 6 23 49298 1.0130299275076533
1 12 11 28 61390 0.9722773807035948
3 15 20 21 52273 0.9431761521121204
28 26 19 24 38696 0.9151080323663532
27 18 10 6 75156 0.9426677049162024
6 14 22 16 41003 0.9205856090242562
4 24 19 2 92116 0.9297344909219272
19 4 10 10 46825 1.049054251047098
13 13 26 16 36258 1.0276648348874542
19 27 2 28 43563 0.9974434218143856
26 17 24 6 36174 1.0359285044280968
23 1 27 28 83376 0.9057360411912321
4 13 10 18 34321 1.0415558778150342
0 16 1 6 45029 1.0475163097473579
11 18 7 1 55208 0.9585501604112876
14 26 3 9 68976 1.0652032693581825
9 23 12 1 71766 1.0596290657747969
7 25 24 0 94969 1.081171168648658
18 22 10 7 58258 0.9461457533640403
6 13 5 26 39235 0.9516774387974385
12 28 0 6 80740 0.9349022842926109
28 23 13 1 89352 0.95471153857218
6 1 24 0 73021 1.062837876415944
0 13 22 25 79274 0.9783714361212441
13 3 5 17 47426 1.073054144591444
28 12 1 24 97444 0.9597402137952373
17 26 16 1 67521 0.9042725136041789
13 26 4 11 51368 1.049955975076333
14 6 28 5 51504 0.9767479689779849
6 10 19 3 51538 0.984106314818368
22 9 24 22 49318 0.9618465922386333
1 20 6 5 60943 0.9270959148487209
1 1 12 20 82764 0.9842049237170353
10 21 21 9 56394 0.9997500614010145
24 8 26 21 39716 1.0942884563966608
23 18 21 5 49692 0.9893316469687522
26 21 5 0 90962 0.9484747125304027
0 18 14 20 63888 1.0966569991025574
21 12 10 10 34035 1.0760173205020676
9 5 25 23 89920 0.9198939661105995
4 24 1 4 83671 1.0832244738917227
5 1 1 12 44739 1.0198407422389906
27 25 19 3 77675 0.9731276894141295
25 2 6 29 103082 1.0190704205682288
2 26 11 13 61353 1.059765645712237
5 25 2 4 70579 1.0898463150772673
8 28 26 29 37162 0.975287559204347
26 6 16 25 69063 0.995586598886896
22 19 8 20 55685 1.0044132487642767
16 11 27 12 30646 1.0902357802635527
