5065 5011 5078 4999 5049 5152 5171 5028 5024 5138 5072 4966 5073 7009 7046 7132 6959 6987 7096 7076 7047 7088 7117 6957 7145 7142 6961 7035 6977
2699 2862 2765 2676 2726 2680 2778 2848 2771 2836 2759 2699 2831 2776 2747 2730 2691 2767 2687 2782 2668 2683 2661 2817 2689 2656 6084 6100 6050
3320 3240 3157 3219 3117 3176 3288 3287 3121 3151 3256 3195 3141 8031 7970 8029 8019 7946 7998 7836 7888 8039 7836 7881 8002 7857 7876 8003 8001
7953 7933 7954 8042 7891 8013 7936 8060 7937 8000 1190 1282 1192 1179 1372 1278 1307 1331 1259 1184 1158 1217 1354 1241 1285 1158 1346 1236 1357
5384 5342 5337 5358 5503 5502 5439 5433 5416 5355 5294 5337 5402 5432 5346 5353 5421 5331 5408 5409 5490 5470 5450 5294 5365 5338 5310 1932 1821
6619 6655 6644 6537 6602 6520 6465 6542 6673 6630 6542 1316 1380 1383 1434 1414 1401 1400 1303 1479 1351 1383 1438 1349 1482 1494 1454 1336 1339
4735 4871 4829 4838 4870 4878 4880 4796 4714 4727 4916 4846 4901 4791 4893 4738 4825 4858 4895 4706 4821 4746 4713 4884 4769 4911 4730 4783 3410
1501 1648 1607 1682 1508 1498 1506 1533 1500 1607 1584 1569 1655 1590 1473 1590 1568 1538 1532 1662 1668 1607 1550 1471 1587 6515 6654 6600 6522
6627 6680 6683 6711 1366 1570 1501 1530 1464 1541 1379 1354 1365 1509 1374 1520 1545 1530 1513 1505 1519 1559 1522 1393 1350 1547 1564 1554 1361
5675 5599 5571 5517 5708 5568 5632 5681 5632 5556 5524 6659 6722 6746 6647 6681 6619 6656 6776 6731 6776 6643 6724 6662 6676 6640 6756 6640 6610
5737 5755 5672 5691 5711 5686 5648 5716 5760 5770 5608 5736 5605 5776 5610 5650 5772 5791 5782 5788 7767 7783 7736 7569 7764 7731 7712 7733 7597
1004 1177 1069 1037 1149 1045 1097 5843 5814 5804 5823 5857 5869 5861 5906 5822 5877 5748 5768 5957 5817 5893 5957 5822 5935 5770 5913 5783 5846
5838 5847 5931 5958 5961 5805 5893 5901 5976 5806 5970 5926 5931 5929 5963 5827 2114 2244 2208 2139 2274 2147 2167 2185 2137 2163 2106 2214 2256
7556 7589 7550 7482 7473 7595 7668 7533 7610 7569 7653 7477 7658 7471 7541 7482 7544 7547 7656 7601 7673 7671 7622 7479 7647 7486 7588 7551 7845
4565 4543 4521 6311 6337 6461 6491 6318 6413 6408 6321 6340 6333 6355 6476 6336 6421 6314 6395 6328 6394 6414 6428 6420 6332 6443 6484 6521 6447
4724 4569 4700 4652 4650 4675 4548 4737 4579 4699 2388 2336 2311 2263 2241 2364 2256 2322 2342 2305 2256 2293 2380 2384 2335 2352 2189 2194 2190
7980 7935 7984 7920 7866 7903 7817 7913 7822 7991 7942 7786 7880 7918 7982 7891 7920 7825 7889 7894 7866 7896 7799 7914 7879 7968 6787 6837 6828
3383 3273 3323 3377 3430 3417 3410 3414 3312 3284 3293 3245 3359 3443 3239 3396 3284 3391 3294 3352 3437 3439 3323 3394 3332 3344 7673 7643 7677
8880 8732 8849 8743 8857 8799 8836 8880 8746 8709 8843 8726 1519 1478 1514 1438 1373 1567 1466 1517 1369 1502 1511 1591 1536 1551 1458 1375 1543
5491 5347 5435 5341 5335 5372 5455 5282 5330 5318 5287 5414 5302 5319 5483 5459 5492 5431 5411 5487 5401 5405 5340 5052 5224 5131 5130 5076 5206
4578 4513 4625 4538 4590 4463 4638 4626 4642 4630 4604 4570 4432 4476 4494 8714 8842 8750 8910 8885 8823 8759 8714 8722 8860 8799 8752 8800 8719
8299 8145 8199 8111 8234 8235 8182 8264 8246 8216 8276 8274 8227 8177 8123 8254 8210 8104 8152 8132 5889 6003 5887 6003 5917 5881 6026 5941 5864
3593 3677 3641 3667 3627 3773 3667 3727 3655 3715 3599 3575 3732 3731 3677 3712 3678 3740 3605 3652 3655 3652 3713 3581 3688 3613 3786 5841 5894
4248 4304 4382 4387 4275 4409 4412 4454 4439 7551 7593 7534 7655 7608 7689 7660 7594 7709 7657 7544 7637 7732 7614 7545 7716 7674 7599 7718 7604
2440 2358 2453 8178 8169 8169 8306 8273 8252 8118 8302 8316 8098 8256 8260 8219 8216 8300 8109 8255 8139 8222 8122 8151 8313 8269 8288 8232 8112
6852 7012 6794 7004 6988 6979 6808 6931 6829 6978 6944 6902 6907 6883 6917 6974 6909 6962 6970 7104 6886 7088 6989 6970 6973 6912 7004 7065 6941
2886 2908 8319 8167 8299 8127 8263 8236 8324 8183 8241 8189 8208 8148 8136 8215 8133 8261 8143 8159 8221 8143 8159 8292 8230 8213 8304 8283 8154
2062 2245 2239 2084 2062 2080 2082 2082 2078 2059 2247 2190 2155 2211 2090 2138 2130 2139 2191 4671 4814 4714 4722 4763 4743 4716 4806 4885 4713
2860 2842 2850 2702 2835 2747 2840 2751 2879 2748 2671 2756 2799 2675 2859 2667 2838 2877 1890 1985 1857 1845 1883 1902 1885 1959 1800 2009 1860
7274 7251 7157 7272 7216 7270 7131 7238 7231 7317 7289 7242 7336 7144 7217 7266 7337 7246 7335 7169 7225 5333 5355 5384 5376 5407 5337 5212 5204
4926 2094 1332 3176 6439 7520 2231 1308 7123 1207 5960 4701 4456 2106 3945 2587 4968 3191 1873 1784 3754 7734 6094 6418 8703 2411 3171 8194 6802 2282
4885 2056 1266 3203 6461 7451 2261 1170 7015 1310 5975 4581 4409 2094 3939 2565 5096 3054 1850 1870 3736 7626 6134 6310 8681 2379 3303 8201 6609 2288
4753 2037 1253 3206 6309 7519 2323 1265 7168 1377 5857 4522 4461 2205 4003 2633 4961 3112 1868 1795 3719 7599 6065 6395 8602 2441 3271 8116 6670 2346
4804 2091 1295 3338 6412 7149 2420 1337 7150 1217 2342 4691 4580 2197 3950 2610 5068 3029 1833 1872 3800 7589 6206 6395 8584 2511 3193 8140 6768 2380
4750 2249 1363 3158 6380 7186 2309 1267 7177 1378 2346 4641 4425 2127 3931 2571 4947 2980 1912 1958 3857 7594 6166 6229 8708 2472 3328 8033 6602 2283
4853 2229 1445 3160 6380 7233 2370 1345 7193 1208 2380 4641 4600 2118 3934 2498 5044 3099 1926 1827 3784 7719 6186 6232 8608 2406 3280 8196 6758 2227
4783 2204 1366 3361 6393 7296 2385 1287 7007 1254 2325 4633 4508 2081 3964 2533 5004 3199 1740 1778 3802 7527 6127 6378 8648 2510 3367 8043 6741 2412
4819 2090 1294 3215 6393 7248 2315 1185 7138 1284 2214 4591 4535 2194 3827 2500 5021 3071 1727 1957 3734 7575 6068 6286 8786 2431 3286 8045 6583 2280
4815 4364 1419 3254 6489 7297 2391 1360 7130 1286 2222 4663 4414 2206 3975 2471 5041 2981 1832 1889 3850 7718 6222 6421 8603 2436 3154 8028 7708 3740
4927 4295 3937 3330 6428 7258 2415 1285 7189 1290 2249 4563 4531 2174 4019 2477 4980 3138 1808 1908 3789 7527 6071 6349 8666 2518 3349 8084 7699 3640
4803 4361 3832 3331 6390 7249 5507 1244 7063 1397 2213 4557 4517 2012 3924 5566 5069 3187 1761 1817 1760 7617 6122 6270 8740 2497 3169 8063 7639 3658
4899 4332 3825 3353 6386 7333 5348 1259 7116 1252 2195 4660 3109 2149 3977 5536 5085 3100 1912 1853 1844 7558 6176 6260 8633 2479 3257 8126 7742 3549
4794 4348 3931 3234 6282 7168 5524 1246 7196 1310 2278 4555 2964 2012 3846 5553 4978 3004 1923 1953 1914 7550 6101 6248 8667 2538 3344 8034 7585 3701
4758 4303 3970 3310 6348 7264 5357 1379 7010 1256 2397 4677 2949 5826 3980 5443 5135 4040 1929 1882 1810 7413 6125 6378 8677 2466 3273 8116 7747 3585
4812 4447 3798 3234 6353 7206 5512 1170 7207 1385 2240 4519 3116 5929 3899 5627 4965 3916 1897 1839 1800 7235 6140 6285 8747 2547 3175 8102 7733 3667
4767 4314 3844 3263 6366 7169 5355 1183 7188 1316 2219 4646 3088 5819 6703 5519 5104 3871 1761 1824 1901 7414 6144 6361 8681 2445 1522 8122 7617 3614
4805 4409 3994 3322 6317 7336 5453 1274 7092 1378 2356 4651 3019 5943 6738 5587 8628 3886 1897 1787 1846 7411 6086 6255 8598 2384 1416 8208 7687 3543
4749 4329 3842 3165 6397 7326 5393 1236 7049 1422 2304 4704 3130 5965 6741 5550 8488 3905 1865 1876 1749 7318 3378 6309 8648 2428 1533 8097 7642 3657
4849 4329 3817 3241 6335 7233 5393 1315 7159 1207 2217 4571 2963 5773 6637 5487 8631 3993 1927 1991 1733 7324 3216 6385 8656 2416 1573 8135 7604 3614
4840 4429 3912 3325 6446 7250 5453 5467 7048 1380 2320 4708 3084 5965 6633 5446 8583 3953 1739 1937 1854 7401 3306 6406 8749 2517 1408 8097 7685 3716
4929 4449 3805 3146 6463 7211 5466 5629 7183 1346 2186 4698 3046 5975 6748 5520 8603 4002 1864 1992 1790 7272 3372 6422 8794 2393 1618 8208 7604 3567
3290 4407 3977 3153 6493 7167 5371 5505 7030 1406 2257 4674 3152 5798 6545 5549 8574 3953 1790 1956 1830 7210 3189 6382 8678 2514 1610 8058 7637 3745
3212 4453 3914 3294 6381 7282 5531 5637 7201 1336 2282 4600 3113 5932 6688 5565 8614 3859 1781 1939 1834 7348 3231 6309 8760 2451 1596 8217 7722 3570
3090 4362 3817 3233 4786 7282 5554 5593 2080 1319 2379 4631 3003 5912 6760 5479 8475 3899 6973 1866 1857 7220 3297 6282 8730 2384 1415 8086 7576 3523
3234 4352 3861 8781 4760 7312 5486 5619 1952 1280 2250 4605 3125 5879 6616 5522 8597 4020 7030 1936 1860 7418 3351 6387 8690 2537 1559 8182 7584 3661
3198 4445 3884 8968 4774 7304 5540 5495 2101 1419 2284 7669 2953 5905 6662 5593 8632 3959 7005 1697 1889 7407 3290 6406 4299 2408 1474 8123 7760 3656
3188 4290 3931 8823 4673 7283 5519 5501 1940 1211 2322 7669 3143 5805 6669 5485 8512 4016 7023 1598 1858 7410 3193 6296 4286 2374 1480 8209 7674 3719
3250 4393 3817 8946 4875 7295 5453 5541 2048 4909 2299 7690 3066 5896 6737 5610 8526 3863 7112 1699 1714 7200 3408 6318 4297 2517 1602 8100 7653 3537
3238 4413 3800 8815 4705 7202 5440 5477 2078 4951 2187 7734 3063 5769 6600 5635 8544 3900 7130 1788 1739 7307 3244 8025 4230 6316 1411 4838 7621 3699
21 8 20 28 65607 1.048522235691316
20 2 2 13 60477 1.0989828890669613
16 2 1 21 64277 1.0587469977636452
23 5 2 27 79254 1.0711095584542936
21 17 2 9 51810 1.0036267591624801
13 22 12 4 51318 1.0474838874268246
25 9 1 14 45495 0.9563896057299616
15 22 12 5 50667 0.936254442051697
1 20 1 1 50261 0.972913977713742
13 23 7 14 31851 0.9271571952832209
27 26 5 29 50982 0.9937889759021035
5 8 13 26 49334 0.9018664119453583
26 27 10 23 51783 1.0903723352171728
22 28 10 18 42824 0.9043790868402382
18 20 3 3 58075 1.0973254428780166
13 12 14 29 48709 1.0253727631950287
15 2 0 3 39935 0.9711827072512424
24 8 14 1 48410 0.9736004031774785
26 3 28 13 33652 0.9259382939038573
23 1 17 25 75409 1.0566762706056578
7 28 23 10 59354 0.9426439826294636
22 18 21 29 34636 1.0887497430913224
17 26 8 0 65226 1.0565180974745556
6 8 14 15 38293 1.0531235465219764
7 12 18 15 34104 0.9618163629078822
8 28 17 11 46590 0.902227497129916
12 5 1 21 48987 0.9233623716314111
8 11 2 2 21622 1.0669799677986966
25 21 23 13 44164 1.0671982107224398
1 7 27 25 74044 1.0579427987162788
14 28 18 11 46245 1.0128828046489735
1 14 24 28 77367 1.0779112713271382
15 18 28 1 60545 0.9841454915513332
1 25 26 9 59758 1.0947606917618704
6 8 3 29 38923 1.0167945959187519
29 0 7 20 68736 1.009592682604366
18 20 29 13 41703 0.9002500780509941
11 11 21 26 52763 0.9924027444102005
21 23 1 22 59987 1.048357290872958
17 0 6 29 72203 1.0675313071440387
10 13 11 1 23476 0.9973448552754434
22 11 18 19 26175 1.0312506552521683
10 17 2 10 28575 0.9387649922182872
7 8 19 23 48236 0.9056261146700338
12 23 26 8 59776 0.943404847140686
5 4 19 25 66074 1.0581626744609895
9 3 27 16 53642 1.0422951797757225
20 20 19 8 36370 0.9184008101774007
6 10 26 8 34430 0.909102495027874
20 21 6 7 52561 1.0940813207370037
4 25 15 19 29657 1.071532798591627
17 2 5 25 59646 1.0527153735048702
23 12 0 14 59507 1.0679517501501512
6 28 22 15 61520 1.0514929835841478
1 12 6 6 22962 0.9145643689814925
19 4 22 23 68490 1.0219714241730475
25 16 9 10 59963 1.086617856455843
6 29 6 2 47481 1.0167851535957917
21 25 13 9 44994 1.0662219044432921
3 28 1 5 43964 1.0936630164352934
26 23 1 17 73033 0.9137795113181936
3 26 27 15 62127 0.9667517594397612
29 7 4 29 73751 1.0883738366806188
24 7 12 28 74344 1.049716959470895
27 9 14 21 51840 1.0836005697032833
19 20 2 19 33065 0.9086375006461559
3 0 21 9 47240 1.0237745371913929
12 7 12 17 30816 1.0724059902764886
6 9 14 2 26484 0.9874389792279289
14 25 8 0 58360 0.912989861454991
21 29 10 1 74329 0.9065497137415492
25 1 20 11 44238 0.9896140394349818
3 16 11 1 33174 0.986647045047238
16 21 0 21 51041 0.9173389413156582
9 18 4 1 35259 0.9431057647185315
15 12 11 6 24890 1.0579428170137415
3 15 21 14 57549 1.0669243519912894
17 1 18 20 51780 1.0643136955210655
19 7 2 1 32899 0.9311670808312609
0 29 7 0 55825 0.92070831946715
13 29 12 1 63637 0.9439758604349844
21 21 25 29 46643 1.070409547521435
12 5 23 16 64828 0.9804686687262374
18 28 7 9 47862 0.9375205190381839
0 3 9 27 60503 1.05828269161714
2 13 13 10 28177 0.9282353330879445
5 14 20 29 53376 1.090049219116719
27 12 7 11 36167 1.0322503121256568
1 24 12 15 42843 1.03671713613018
1 24 0 11 37204 1.0159556573365203
13 12 3 26 43908 1.0552920431980086
21 1 0 29 94312 1.0034101223804144
14 10 11 25 42942 0.9911733265193525
6 29 18 18 39660 1.0095195059218083
24 6 16 29 72416 0.9483984978864664
16 27 0 3 77506 1.0496849827857466
5 7 17 26 52089 1.0103743596610966
27 9 16 22 50485 1.0320560093700488
0 4 5 29 58381 1.0084611965578723
24 5 7 13 52662 0.9796375933157531
14 2 4 3 31719 0.9013450354186489
26 10 10 29 66461 1.034963975778762
20 10 1 1 43339 0.975247595961232
15 28 20 14 40059 0.9294859399542849
6 29 3 7 43550 1.059242586697331
10 1 0 11 37082 1.0296326525181079
26 10 20 28 66734 0.9738165108950727
6 13 26 5 50581 0.9970559382293427
18 7 3 13 31518 1.0202083403439544
18 21 3 29 43442 0.9332587057623163
17 10 15 28 39454 0.9555783059015953
26 20 1 24 59132 1.0618551438147938
0 24 10 20 40351 0.9381867483820636
3 13 23 28 69355 1.028618942505257
24 17 3 25 55239 0.9310163429258902
18 5 21 25 60538 0.9908513616530472
18 7 21 28 58412 1.0399240254743756
7 14 9 2 21552 1.073830362861616
1 14 20 11 48042 1.0550310672656031
0 4 3 25 49389 0.9571436406590789
12 0 28 13 52401 1.0993140576841547
6 0 9 22 45347 0.9836733561699296
25 18 7 13 50124 0.9977900120309473
24 13 21 25 53166 0.9044098319023062
6 14 21 18 35975 0.9177107756974237
18 11 13 26 40577 0.9925047190363284
11 29 26 26 36641 0.9506809490807036
0 28 26 16 86333 1.057724365075116
28 11 14 21 52995 0.9761958620205912
2 7 21 27 65050 1.0339630969719005
25 25 22 5 63292 1.0063633199685689
13 23 18 10 47700 0.9746869536876296
12 11 3 27 46765 1.0647424213688272
20 16 5 21 46466 1.0364904279917782
12 21 17 9 38118 1.0241045126143524
9 28 12 17 32291 1.022045765207988
21 24 5 25 45328 0.9220938565427813
5 11 9 2 26012 0.9602788815932354
13 10 10 0 31962 0.9170795132466814
4 4 25 24 90133 0.9247670534133557
14 22 26 6 66096 1.0605477008767386
18 24 12 15 30413 0.9522724061002291
16 5 5 25 56624 1.039384846178035
24 16 6 6 66806 1.0619581359804
5 3 2 28 55987 0.9886719812049205
4 14 8 1 30500 1.0914172620509168
5 6 10 26 41968 0.9112589622664828
20 23 4 3 71910 0.9714163528060569
6 7 25 22 64544 0.9235351300439482
11 8 27 1 43989 1.0628588450133092
16 10 12 19 28657 0.9551651141663109
8 15 16 28 46789 0.9144109672771054
17 13 8 24 40927 0.9880923074169039
28 17 4 16 56570 1.008073862754944
29 6 23 20 48842 1.0597373990743444
14 23 5 16 38010 1.0327709265214526
0 17 15 27 51156 0.9466859393704103
13 24 11 14 41912 0.9823926931645003
9 7 26 0 51752 1.0051249063707741
24 15 2 25 68356 0.9539564688106273
4 17 10 12 24990 0.923464609492427
7 12 28 26 57104 0.9423618984254973
6 18 11 11 27447 1.0243405073101068
12 2 12 20 40341 0.9206322820484502
26 15 8 5 49698 1.0401653064943117
0 18 7 10 25115 0.9541326517781068
12 28 27 4 75471 0.9665270776038497
13 23 1 9 46100 1.0704124695656079
1 24 8 16 28420 0.9693332901327079
0 8 23 2 63561 1.040399263083696
14 8 1 14 37133 1.0369720071728046
22 4 9 5 49534 1.0175299072859585
27 23 6 17 58083 0.9312787757086705
8 4 18 28 54009 1.0642940706502642
17 16 2 1 57071 0.9231167254263472
6 1 21 14 59360 1.0148657291949905
27 18 22 1 55358 1.0877975057068163
29 11 16 26 58863 0.9671982874311924
12 3 11 29 55106 1.0096442302375048
6 14 10 28 42293 1.0434291571065377
0 19 28 4 69418 0.976689157292057
19 12 1 16 48751 0.9526538623449552
21 28 13 3 75602 0.9138233351918065
17 11 0 25 56631 1.0949131523067002
19 25 17 17 18164 1.0451555901653378
25 17 8 0 70339 0.9791668895537345
6 21 23 3 70702 1.0069383938327359
20 8 0 20 54236 0.9695721747107092
13 3 8 17 29385 1.0836897784656512
24 21 0 17 59419 0.9202432899516614
9 8 27 0 48556 1.007402959432162
19 1 20 27 81231 1.0263891500680753
2 29 21 2 84585 1.0528874167449846
0 15 15 11 42547 0.9972582803328501
2 19 7 6 28724 0.9934691989701507
16 13 10 23 46479 0.9684079575352079
3 1 17 9 34271 1.0779748235255442
22 5 22 26 61676 1.0241137337614912
24 16 12 2 71512 0.9326484030152288
14 9 26 20 43550 1.047668849783063
6 6 16 24 55824 0.9375537173320352
21 6 28 1 43732 0.914336441905121
7 6 17 16 40814 1.0204628125785613
24 19 19 24 27827 1.0421178240013587
0 23 19 15 59724 1.044332955417792
14 12 20 20 27812 1.0783743150242835
2 12 19 14 51776 1.0644959645112444
22 16 11 4 50030 1.036715079015603
11 22 29 1 85525 0.9410764980246281
23 9 0 14 46841 0.9605305009753856
2 29 29 13 81722 1.0147172638150774
24 19 27 1 43733 0.9372824419584895
27 20 15 16 29589 0.9651958462944459
4 21 11 4 40411 0.9095490834114651
18 4 21 16 63812 0.975033395799631
2 8 6 19 27039 1.0609025233621256
23 1 3 21 78374 1.017171873756098
1 21 25 13 75379 1.0826469177678892
2 23 20 28 63677 1.0819936083494608
10 6 19 24 58615 1.0842914683529081
22 3 5 7 44881 1.0989316481247418
7 29 26 13 71398 0.9157600913302387
14 7 1 12 28029 0.9016639816593105
2 14 14 24 50015 0.990647885043374
24 23 20 2 88704 1.0805251727621714
20 21 4 2 63249 0.9101555643756
24 10 6 23 56248 0.9029701488299094
13 28 29 28 51099 1.009114674800133
26 10 29 18 31353 0.975555901680586
21 19 21 0 70768 1.0340886649613301
20 16 8 6 52480 0.9956876050845042
4 5 23 9 38218 0.9566299715383084
11 8 20 13 35956 1.0755494672565793
21 25 7 24 36082 1.0483349483960163
3 23 18 2 63620 0.9284572216501905
15 16 28 7 41499 0.9542342865890665
28 10 26 27 48191 1.0778612782612285
19 4 15 16 46735 0.9468145158251812
29 27 9 9 66441 0.958579363389843
20 10 3 7 29924 1.03594591173671
19 12 10 22 42574 0.9788376717074023
25 23 20 9 55133 1.0468213608392236
6 9 22 26 52492 0.9548072550973188
28 26 9 17 50319 1.0605050937433882
24 29 27 4 67191 0.9113952626964227
6 10 1 29 35628 1.076685768395002
29 23 6 20 58086 0.9093009256844593
7 0 21 0 62584 0.9757950062780704
29 10 11 17 52634 1.002225669089612
23 29 23 11 63940 1.0354725590442022
29 25 8 2 79172 1.0953298650634238
5 18 24 17 42796 0.9643491329821183
23 22 14 3 71031 0.9838839030915931
20 23 16 14 39527 1.0618046256454752
3 3 24 6 62216 1.0244976141069035
8 2 26 9 37259 1.0565947267322038
20 3 5 27 69002 0.9220988289751185
18 24 4 6 53407 1.063979739348586
17 16 4 23 41971 1.0422524038887218
3 19 21 18 34512 0.9325727173129482
5 14 28 18 51594 0.9370595676490308
22 21 3 14 46856 0.962654353048869
28 25 13 2 75322 0.9154983704809004
24 3 4 15 64560 1.0444053257848056
29 12 6 5 50769 1.0354089276048588
5 11 17 18 31841 0.9290676382473673
10 22 19 14 43251 0.9244076299069496
13 18 14 29 32713 0.9498776921606742
27 14 0 26 73706 0.915698307602466
21 18 14 7 37724 0.9487924894100421
23 19 9 10 43664 0.9472772457743494
27 9 12 20 49170 1.067414433903748
1 0 17 14 54023 1.0670419274621463
8 28 24 5 73106 0.9976276013908172
4 29 23 7 65061 1.09228394797534
16 13 28 27 48456 0.9846084138685534
21 8 17 14 30225 0.9352287516398612
9 19 0 7 29677 0.9140606162338171
10 20 23 14 46422 0.9005771020674607
11 27 22 14 57603 1.0066718617719157
2 22 21 20 44538 1.0723028394698635
12 6 1 12 30590 0.9461559121833524
25 11 5 23 61665 0.9044430124226636
21 28 10 29 44612 0.9666257009400294
17 5 11 12 37808 1.008465357293489
8 15 22 26 41432 0.9153524489097458
21 29 29 0 87985 0.9439485607905578
20 29 10 0 72208 1.0126830164452447
28 4 21 29 77742 0.9014891861162687
16 2 18 19 50984 0.9953440926968949
8 2 21 24 68711 1.0594942952172846
4 6 21 17 56841 0.9337818615116893
28 27 17 17 34434 1.0133229129441212
23 15 5 4 67689 0.9344153389935923
7 18 20 24 44597 0.9439056854838022
4 19 10 15 18197 0.9998265861575587
4 0 24 8 52180 0.9918587894730021
19 12 3 9 34126 0.9073700193302522
25 11 4 27 74628 1.0054680075353064
9 13 7 24 20901 0.9963564362876535
23 27 19 3 76054 1.0922107560252112
8 3 0 29 54284 0.9521159708496322
0 13 9 28 44703 0.9899402288717623
20 12 23 1 50443 0.9568600217555439
0 3 5 28 56455 0.9377955667579355
13 6 6 16 34352 0.9444900075826925
26 15 19 25 42437 0.9483524506472951
1 23 23 28 70082 1.080738289429779
15 8 5 8 24039 0.983142347065874
4 18 24 18 41964 1.061548193923489
8 16 23 14 50475 0.9258296310267078
9 12 21 23 53477 1.052351501328189
1 21 10 14 33475 1.015324599980871
16 17 28 24 37831 1.0133582689246812
20 26 2 6 60694 0.9371491918649982
27 7 16 1 48851 1.026256984969401
13 27 23 10 61140 1.0984360126461832
5 19 15 17 22080 1.0011173228016672
20 9 0 3 41765 0.9223447700244841
13 21 11 5 42848 1.0236557814697238
17 24 16 2 65467 0.9661027085858622
9 28 22 27 46672 1.0512788506954438
9 9 22 13 31966 1.0348162848913218
16 18 5 19 21519 0.9480671237805074
22 26 29 1 71449 0.9719080248841203
13 9 19 28 49656 0.9678607371509882
0 20 19 13 52326 1.008504243667545
23 16 28 6 50425 1.0675784605985845
16 10 25 19 35996 0.9495473581272118
15 20 9 7 34114 0.9288149552045601
22 25 2 15 54604 1.0760043514914686
26 4 2 29 78649 1.0744654408597532
28 7 18 25 52536 0.9085904622364276
27 13 4 13 47872 0.9374878653721813
28 26 24 5 66786 0.9009518199702942
28 26 6 22 52805 1.0023696284631083
3 13 6 2 26864 0.9686252181888008
20 19 1 24 46896 0.9087354496466481
17 7 6 18 30978 1.0413436815128603
8 29 5 2 44295 0.9724568686486921
7 8 5 25 28931 1.0266512351743085
29 14 15 12 47079 0.9403479067865119
6 28 26 3 84093 1.0348127072038191
18 15 15 7 26646 1.0092423245271251
19 28 24 21 38534 0.9847594817062439
5 26 15 26 28674 0.9320508452573205
28 19 14 7 46928 0.9901161902813745
8 29 26 24 57808 0.9744776079321493
8 13 2 20 22778 1.0584302204780704
24 29 5 12 70544 1.0158050242140513
15 15 29 15 48449 1.0007736150824567
2 26 29 7 72932 0.9450012656447044
4 14 28 29 66605 0.9747677356496265
14 8 28 26 59711 0.9019382799481825
21 1 6 8 55620 0.9103329652638594
7 3 3 24 37771 1.0501654371334663
16 7 10 19 31547 0.904554782339398
15 20 16 4 53620 1.0838707867163209
10 0 17 23 61014 0.9372904480031979
16 19 26 28 43080 0.9661612820280383
22 1 15 22 71064 1.0324896563348442
2 17 11 18 18982 1.0126109011616973
15 0 19 19 65209 0.998184597659779
6 16 23 21 48083 0.9735915820612075
8 25 29 18 55107 0.918313736340234
4 8 18 22 48096 0.9553378930160538
29 24 29 7 49305 1.0351111169047298
17 18 21 24 25600 1.0010667025183984
3 27 12 24 26901 0.910563116087153
22 1 21 11 41422 0.9299354456678944
15 22 20 7 48146 1.092166192783655
16 12 10 22 43660 1.0732067005500292
21 2 7 2 49220 0.9563921894161311
16 27 8 18 38503 0.9271934881952665
29 18 9 20 47561 1.035270440637901
5 13 15 8 25653 1.0217944843523143
14 5 7 13 31358 1.0836179919913211
4 18 2 8 24093 1.0594797170207935
14 3 24 6 47768 0.9066178657008029
4 18 0 1 43336 1.0114841565818082
14 22 4 13 41843 0.9290755446548397
3 20 10 23 29451 1.0836269849334408
27 25 7 5 69377 1.0551118654266847
11 29 6 7 46008 1.033477721128723
21 21 11 10 46209 0.9174561561757864
22 13 25 2 43708 0.9454862225739746
16 1 22 29 84267 0.9029037563784456
17 29 17 18 21941 1.0413045776891163
20 5 1 29 72197 1.0315820270277845
10 26 24 3 78802 1.0901628491402888
29 13 26 21 35353 0.9978944230807963
26 16 15 7 46111 0.9177812442876492
0 5 26 13 61663 1.0104108950278536
14 16 14 2 55060 0.9337680364109591
11 18 18 12 22073 1.0296284488626082
4 0 25 22 84772 0.9046502692191725
17 23 7 15 37012 1.0694991486618957
21 3 6 28 78511 0.9705284725846158
11 11 27 14 43712 0.9433292292086489
9 23 2 3 49015 0.986120297120247
15 13 21 23 38604 1.0316202563835966
8 27 4 10 34313 0.924196176885159
12 15 20 5 56085 0.9777017435577159
3 15 28 16 59321 1.0741793062071283
11 26 20 29 29226 0.9197387784545834
20 24 4 3 76039 1.0161061274592653
5 10 1 17 19654 0.9330601292134171
27 16 11 10 42117 1.0501953341865673
7 11 22 25 51627 0.9563880946167809
26 2 13 27 84355 1.0703942618520355
4 5 13 19 42301 1.0141412937964558
7 24 25 14 69474 1.082011605523944
18 11 13 25 40377 1.085893222689869
17 10 29 28 57365 0.9152832655170279
20 9 0 24 61208 1.0125369235009678
12 7 0 17 38523 0.9841899271302902
5 5 16 29 70458 1.0474308358771227
6 28 27 3 75270 0.9383382548262338
14 6 25 9 27540 0.9442336529524402
4 6 19 24 62063 1.045619598608159
18 25 17 11 25756 1.0030623253013182
7 5 22 28 66764 0.9587884088422272
0 2 23 3 59911 0.971700666030911
22 21 18 28 22755 1.0602393700325718
7 29 4 0 57478 0.9437137883095668
2 21 1 2 50893 0.9216881628444779
26 13 13 1 57273 0.9358720648561739
26 29 17 9 62144 0.9351412127085217
1 15 14 12 38851 1.0217880094892213
17 21 24 0 71970 1.0198947640849396
23 3 5 3 58258 1.0703967910647934
24 3 15 18 61278 0.9931400005683717
27 0 26 9 20225 1.0150280102071987
11 19 25 0 70840 1.043975824594683
14 16 29 13 56718 1.0939334264250566
8 11 27 10 30175 0.9810924704542037
28 29 19 4 79705 1.0126976324828605
14 20 24 5 65213 1.0210295792601223
7 29 12 4 48344 1.0741579728070518
3 21 13 15 35790 0.9294231753238023
7 5 22 0 56164 1.0889990854818843
2 0 10 28 68812 1.0747498613305235
26 17 20 24 48077 0.9648509336223565
15 9 8 26 34201 0.9816659983746848
28 18 6 5 62104 0.9153180824900818
18 16 12 7 31879 1.0902450868895086
19 20 27 14 28850 1.0365978220861027
15 6 6 8 20759 0.9038865475893234
27 15 23 1 46055 0.9956017920043527
8 17 5 4 33051 1.003987746507259
12 16 25 12 46005 0.9449415687249063
10 1 19 29 67046 1.011814741752389
1 7 9 9 13136 0.9612754832146098
3 1 8 28 50544 1.0548711829232575
24 18 18 27 29575 0.914806766466666
26 22 5 13 61676 0.9219372473295929
4 17 27 22 56670 0.9162592107412739
10 9 28 28 62322 0.9868883371127647
14 21 21 0 81592 1.0084605458717715
1 11 7 17 24573 0.9567220190059975
12 12 24 18 43229 0.902904143837473
22 13 1 13 53405 0.9867458573348808
27 28 14 25 32794 1.0432448626606394
25 19 6 8 54037 0.935133245038746
19 25 26 10 50167 1.0911376867310003
1 26 24 1 90514 1.0431151236315115
13 28 22 5 79801 0.9870457583675105
13 17 20 7 44785 1.0835393230673454
21 3 2 15 61977 1.055296100035915
12 23 13 4 53666 1.0607052621949953
23 20 26 29 33434 0.9754580102139436
3 27 16 25 34760 1.0535245244665776
17 5 8 25 44699 1.0405316866001095
3 26 17 13 50914 0.9055114038385498
24 27 18 7 59354 1.036465955518824
1 9 7 15 17222 1.0150449607074643
10 23 26 27 51783 1.0064474263551757
8 6 25 21 58824 0.9477829402676876
15 24 11 14 38845 1.0072593884254313
5 16 7 8 16345 1.0243304016537944
22 15 5 28 56497 1.0266232083971816
9 10 24 28 70166 1.0910553591419296
16 13 25 17 42116 0.9152341450711065
18 26 2 22 46579 1.0132567443894218
21 11 15 27 42907 1.0393230181647808
4 17 24 2 70237 1.0758929868357021
15 16 3 16 29416 1.0215256811318678
3 27 29 5 78319 1.089008391571701
15 16 3 0 57793 0.9063239390726875
18 24 3 13 43146 0.9369455489353214
2 8 26 7 45696 1.0501034206275883
3 13 1 1 36088 0.958222800825003
18 11 3 6 38320 1.0649559723007118
5 14 23 27 57074 0.9760288292379011
27 2 11 4 45561 0.9744036035828828
29 6 14 6 45327 1.0262090940553281
10 9 21 20 39495 1.0030004543560036
13 23 22 0 88468 0.9953489967234838
29 7 16 2 53357 0.9026605112164144
12 6 26 27 73312 0.9266944408654756
29 29 4 20 64806 1.0353319742671587
18 6 11 17 44090 0.9303918238571084
19 7 5 12 30163 0.926809296701505
10 1 12 17 40492 0.9271468863187052
23 3 9 27 78658 0.9379172435270628
5 21 18 19 27020 1.045656710899699
16 7 11 2 11634 1.0855808093703458
20 26 14 16 30090 1.054592685880408
3 19 10 24 30958 1.072863556156439
21 4 7 5 43761 1.0501434834038292
8 28 28 4 68598 1.0713356656033595
1 25 8 5 41838 0.9423490278807963
7 9 25 10 30541 1.0660301303044135
13 3 9 22 43233 1.035150261698741
6 27 20 3 74167 0.9775627757275602
1 23 6 29 22313 0.9616218595673875
4 2 22 5 49607 0.9627773679515927
12 28 7 1 53519 1.0750493363433817
7 14 11 6 17209 1.0934730633748657
13 4 21 15 64112 0.9226531470305146
28 1 25 9 23975 1.094710097531045
15 26 7 11 42904 0.9483593781765584
24 2 6 20 71567 0.9170705000866213
20 10 25 29 65925 0.921780709417679
28 4 22 24 64098 0.9834646665127675
15 8 29 2 42923 0.9491632990563577
8 6 3 18 26750 0.9550850739875067
10 26 0 0 61517 0.9958467851456213
3 16 13 16 28425 1.0509689978500498
11 16 17 7 38583 0.9000562302821448
26 10 8 0 49525 0.9778276588980057
29 23 0 18 66817 1.081758339602451
10 23 22 10 55851 1.016973476472084
29 22 1 6 72004 0.9724141373880664
1 23 10 18 28496 0.9594550939705908
5 29 21 20 45189 0.9383281857229736
13 0 21 17 63730 1.0561959926876119
27 2 25 12 27299 0.9434737053682275
24 3 16 10 41044 1.0517027517246258
9 4 18 20 48605 1.0799929441542844
14 25 29 17 46108 0.956518198815533
10 16 21 5 57844 0.9509419305319131
20 13 10 14 43916 1.0784127675660038
2 17 24 18 48240 1.0078856406405614
9 16 29 18 55798 0.9682112276214521
19 3 7 24 58768 1.0857109584456484
20 18 19 1 61121 1.090438415441232
19 26 28 3 66744 1.078043891752695
28 17 3 13 59034 1.08965587243063
16 0 13 11 54121 0.9717679982913139
1 26 4 5 54410 0.9503279286427485
12 10 15 1 41307 0.9443301754337972
28 28 10 13 61630 0.9470503976863622
6 2 3 17 32000 1.0218657169616683
15 16 9 21 28843 0.9586459894345568
26 0 29 9 30002 0.9134791965979384
10 11 27 25 68500 1.0289092539850566
22 14 12 25 47040 1.029921290700547
27 2 3 21 65759 0.9595344157266292
12 5 26 13 51494 1.0350683755302938
8 10 2 20 26876 1.0494114480042658
11 14 15 1 48779 0.9674237428993553
25 26 28 11 39233 0.9889168674064269
5 13 16 25 42671 1.0308953719013478
28 16 13 18 37031 1.0712376440714517
19 20 9 2 51111 0.9899507165167287
3 7 12 5 19785 0.9435846400652825
26 1 25 20 51210 1.020242588448974
25 28 2 26 65911 0.9619464665562927
17 24 13 12 40140 0.9457039331287075
17 9 9 19 28389 1.0381963635269995
25 19 16 22 27469 1.051491518790849
22 26 5 18 42230 0.9462227999739383
22 22 1 3 71909 0.9750811625592736
2 6 27 19 60714 0.9470296713518829
26 20 18 27 25165 0.9895598824254436
14 21 24 20 24588 1.0506823164137793
12 4 4 7 18650 1.052559280063445
2 8 9 28 46690 0.9568336247218712
27 27 25 3 69808 1.01528604197718
20 0 28 28 83529 1.0444873206026632
11 8 13 25 45733 1.069125940808634
17 25 29 24 27388 0.9047498702209767
8 27 7 12 24613 1.0930250674416349
29 9 26 0 30002 1.0914513209901067
19 29 5 23 42472 0.9594812276242605
4 0 2 29 61820 0.9242185201077548
27 17 7 4 51107 0.9407650411137138
22 15 0 27 72479 1.034045807361984
11 25 16 7 44049 1.0258625177996261
17 29 5 0 76458 1.0906893431209224
11 23 1 8 48883 0.9483186870288574
15 2 9 22 53239 0.9136655567525309
17 28 20 4 71327 1.0368879468763668
6 5 27 17 55364 0.9431032497345285
13 1 2 17 46273 0.9491075739609334
14 5 26 7 46292 1.0313601431019
5 27 3 19 15260 1.08138279878571
6 19 20 6 45204 0.941122153833053
3 12 6 22 23106 0.9091212553458303
0 10 23 5 53054 0.9735585867641705
27 6 13 27 71959 0.971441123247792
25 10 3 8 43535 0.9565485528783929
24 25 2 28 61701 1.087545904117703
7 10 16 28 55984 1.0725010775231438
21 19 0 5 61099 0.9788317471596827
18 21 0 29 50358 1.0976432976970254
0 24 22 12 71931 0.9095482679247872
18 21 14 7 36546 0.9849173927669517
8 28 6 10 31141 0.9066440318723131
27 27 29 16 35728 0.9597208480273275
20 26 1 21 50693 0.9653587003556563
7 27 19 10 54309 1.0020099321417633
6 29 21 27 45647 0.9075673288634502
27 13 13 11 40954 1.0766511652923996
17 20 4 6 46256 1.0429246443476368
24 26 1 23 56180 1.0936140951797346
15 15 22 2 51450 0.9914594812702007
27 0 21 13 45998 1.0418048625141778
26 28 15 17 48728 0.9460379391128546
24 3 24 21 68803 0.9561253972076172
16 21 29 6 64768 0.9835946341962382
2 0 21 22 72712 0.9228432004247751
14 26 26 15 49218 0.9877916197559702
15 25 15 8 44054 0.972510298456607
4 6 15 1 37648 0.9093443550133826
13 3 18 27 60494 0.9349305413475018
8 9 23 12 32633 0.90566040598282
4 2 0 27 62445 0.9761230010086497
21 0 10 7 50765 0.9262611121404195
1 6 22 19 55672 0.9735185261145577
22 26 23 2 75891 1.0148026173279452
28 24 7 15 53697 1.0883424346647745
14 29 7 17 39581 1.0507713637995695
27 29 5 6 78726 1.0679391173078712
2 2 11 26 53399 0.9492538837020843
0 7 29 22 70534 0.9405019247963634
29 28 1 14 78392 1.0744774595186821
25 8 13 27 68959 1.0913925208327508
16 7 3 22 40193 1.0202614519152655
12 18 28 26 38650 0.9379685516048396
8 26 27 29 50392 0.9589689104410443
11 23 22 12 47985 1.044377007785397
16 20 27 6 47987 0.907837327828097
12 10 29 13 43907 1.01030122079264
21 29 15 25 22096 1.0020663344914345
0 3 29 10 57627 1.0179233602533415
0 24 13 17 44773 0.931446446663087
13 24 19 28 29920 0.9856397921304129
18 10 23 27 48308 1.009344413308128
10 22 12 13 34408 0.9392098995851562
2 2 6 12 26824 1.0574978966880229
1 15 10 22 36600 1.0264128502930778
12 12 23 20 39179 0.9120565131436025
28 1 25 23 67161 1.01698212431549
6 11 20 27 59704 1.0702466046749912
22 23 2 2 71614 0.9273441656545087
18 15 2 6 43301 0.9772798840465579
2 11 10 13 22093 0.9126732878279841
25 10 17 5 30940 1.014627128532511
17 29 13 9 47252 1.0728580382595652
27 16 6 15 52379 0.9249544242035587
13 21 5 27 36185 1.0082719154463038
5 1 19 14 52517 1.091866284097142
23 24 6 8 69453 0.9779834639096843
27 6 7 4 40129 0.9857076166630941
16 20 26 19 20426 0.9929038797894851
14 21 9 5 46808 1.0432713048611715
13 8 25 25 62490 0.9232733129505266
12 27 26 25 35971 0.978343162443517
6 2 4 29 47537 1.0667348669944288
15 0 9 16 48807 1.0312985751248642
18 1 26 14 62142 0.9030633157660914
7 14 22 17 37541 1.0900733500454876
21 2 18 11 47776 0.964654751393038
6 24 9 15 26931 1.0767807619884155
26 21 6 11 61779 0.9447108576933605
24 9 28 23 34729 1.0191604825263638
12 2 7 24 40439 1.0066962809816375
1 4 29 15 68760 1.0385926364688869
29 7 26 15 30791 1.0839882740065383
4 25 21 25 41883 1.060732146428717
28 3 7 28 77883 0.9620472741940281
8 4 4 21 37668 1.0368200961675207
10 15 0 2 34770 0.9789283798370262
23 16 11 19 36993 0.9083710424846481
3 19 20 28 56719 1.0520281393724253
28 28 5 27 53743 1.0567662103751723
2 8 16 29 64337 1.0152999959189983
19 20 0 4 62891 1.083235662820802
14 28 20 7 63748 1.002878062937127
2 14 21 11 50941 0.9452224406862705
13 9 18 2 32860 1.0086766192883525
11 23 3 26 32696 0.9203045774988156
1 23 27 3 75637 1.0374506815242621
11 23 28 8 66144 1.0613376975328093
3 6 6 26 46228 1.0260388704826822
17 2 9 5 37817 1.0849312019985458
5 14 28 28 60814 1.0366919457001589
17 10 28 5 29074 1.0142312159895934
24 26 8 18 39848 0.9417277479754795
15 1 14 17 60605 1.0936829261033325
14 26 29 23 36439 0.9110651225271004
9 27 25 28 55642 1.0785748778672488
24 4 9 25 72656 1.066609810112925
22 25 9 14 48861 1.007154058027883
21 29 3 25 51907 1.0882532852927587
28 18 1 19 52186 1.0062773883664158
22 28 10 20 39520 0.9546439531169097
1 18 14 28 54891 1.0724505588897502
13 29 24 23 47978 1.0750250910429402
1 7 26 4 52103 1.0865905471638362
10 19 4 14 20242 1.0871247428343336
1 9 10 14 24170 1.045275850697042
15 11 28 20 41664 0.9183564039956509
5 10 7 2 17146 0.9784970807196145
25 0 18 24 69523 0.9798245816039568
3 1 5 17 37501 1.0803835176430614
5 26 19 5 57561 0.9619905141750908
20 18 22 27 25704 1.0463214809082872
11 18 24 9 39804 1.0439612326005383
12 11 26 19 49861 0.9235220599062458
0 12 13 20 40075 1.0477908151085185
23 27 24 4 76285 1.029642048193953
5 8 1 16 29891 1.0560989007495991
27 0 18 21 58533 0.9613905517083866
10 27 4 20 33969 0.9010276312382833
5 28 14 0 61491 0.9478611576947291
2 20 3 4 47599 1.0371138074657398
4 15 8 5 23291 1.0577729298265524
8 15 18 4 39570 1.0711346268831679
20 10 23 20 36134 1.0465013947077817
2 15 13 18 24923 1.068752173982406
9 13 12 21 23077 0.9670918304913894
7 14 5 23 16789 1.0617823885165496
11 15 3 0 49051 1.0459553745876526
0 16 18 19 43333 0.9263443055080417
6 5 16 10 29042 0.9031729449274465
2 19 12 18 19505 1.0348078836032033
15 8 8 27 40344 1.0955233609221748
29 5 14 26 74522 0.9061587681648748
14 8 21 17 42714 1.0808029242948152
27 28 11 21 51165 1.0145261670588983
7 5 19 17 43320 1.0880843245690945
27 24 12 3 72262 1.0689154366555726
17 20 7 18 22117 1.0211802091947029
12 23 2 6 44792 1.00232255053592
22 14 2 6 50951 1.056806787165768
29 3 19 17 64369 1.0304264606820157
2 26 15 8 49137 0.9036158718846571
28 24 26 2 51359 1.026534555839432
22 2 15 16 53814 1.0252685372773487
23 13 13 11 42678 0.984405194979977
5 29 5 8 42189 1.0184346056682
6 22 23 11 57985 1.0516826249005038
17 23 26 14 45358 0.9214498374896865
27 28 15 20 37980 1.021599779115343
17 12 27 18 32588 1.017661109496231
6 11 26 23 74753 1.048732662773407
7 15 24 17 43826 0.9179208610952744
14 7 21 22 47942 1.0320489119415535
8 27 17 24 28753 1.0128185818180184
14 13 28 19 42975 0.9801649827682785
3 24 27 5 63186 1.0586703335581984
22 13 4 12 50955 1.0864303602875873
3 10 17 15 44017 1.038277331436905
29 12 13 13 51791 1.0293878052731231
4 21 17 2 61588 1.09541316187426
15 26 22 7 52498 0.9100617048972551
9 8 19 4 34434 0.933939739947698
10 11 2 6 25588 0.9775816976024352
4 1 27 23 82572 1.0331422425335033
29 22 15 23 37590 0.9768277736071506
27 7 29 27 47363 1.0179414525598252
8 1 19 0 52154 0.9483708238485709
2 27 19 29 55244 1.0107949932996148
14 27 25 6 78321 1.0519426330038462
17 14 18 1 47909 0.9233946704689407
10 19 3 28 24368 1.0091587250082341
22 3 23 23 78237 0.9521765357670803
11 2 26 9 31749 1.0826590140861463
22 19 5 18 33320 0.9947039604027703
13 9 2 12 23855 1.0430513004835518
2 17 8 12 20330 1.0320429746969824
14 17 2 21 36939 1.0070406130000933
17 17 21 7 43085 0.9935038911101652
5 28 16 24 39436 1.0940907910470945
13 4 3 10 35066 0.970623166817176
12 9 2 8 16064 0.9763201809429033
7 29 9 8 38702 1.0339002563945356
3 0 29 2 77535 1.0536510695170418
24 22 2 0 80989 0.9369658461974684
13 29 5 26 29336 0.9633209173001451
5 2 23 12 47424 1.0679993817213989
26 13 1 26 78081 0.9706371349860032
10 23 18 25 31660 0.9539326326063372
18 5 27 20 60426 1.047342608733284
10 28 12 7 51692 1.056252470559437
10 29 8 3 50472 0.943811277422582
14 2 2 5 35162 1.0277131669701933
23 9 0 4 46440 1.0774200719678964
8 10 18 0 44297 0.9816168282440707
29 13 29 24 35277 0.9552808490233233
9 9 26 11 35885 0.9387506818777653
4 28 2 14 27287 1.053354316633018
24 8 21 24 60192 1.0900317927987724
18 28 18 1 68002 0.9960895061045147
0 11 15 23 53666 1.040752874049189
7 0 19 18 48758 0.9532749005603259
8 1 17 29 67496 0.9603430065645656
4 11 15 21 38620 1.066741060958106
14 28 6 15 51032 0.920480426680337
15 24 6 17 32420 1.0018166789154337
13 3 16 24 65552 1.0700942987204791
15 14 1 22 44440 1.09526825325309
1 16 26 16 70249 0.9263589853372828
2 3 24 7 56312 0.9466888043596224
26 18 9 12 56765 0.9621625659480492
27 20 21 5 54775 1.0143876162099739
17 15 0 21 54037 1.0337646113119805
27 26 20 20 26380 1.0732967653957917
8 10 29 19 51774 1.054068329590169
7 14 15 23 31468 1.0772148515162263
28 18 19 27 34098 1.0256840804350233
6 12 17 17 35760 1.0438695484827083
11 26 29 4 79857 0.971693421038366
17 7 13 28 61870 0.9705358995481391
6 10 21 16 56425 0.9435479998577424
11 26 6 20 25335 1.0679687221018008
16 0 6 13 48211 0.9703955082349524
24 7 27 17 33564 0.9039027791046998
13 25 22 19 29172 0.9241706272743644
26 4 20 19 49591 1.017959786497334
7 12 29 17 56223 0.9919978688582971
10 25 16 0 66923 0.9352201689399599
14 24 4 1 65054 0.9783382946484034
19 0 5 4 63081 1.0382010637467405
23 6 20 24 67528 0.9226824558263146
21 25 15 4 62715 0.9056759217623006
3 5 23 11 53727 0.9301717351600228
20 19 29 0 60036 1.067963076532917
12 25 12 5 49766 1.080771478916531
10 3 12 18 34972 1.0782452487156928
22 0 9 18 66607 1.0235842038463228
18 0 24 7 54783 1.0727554486759314
14 13 24 26 44161 0.928848002398458
1 2 15 6 30465 0.9880056383763502
22 7 14 27 62157 0.9326273485668546
13 20 17 2 57501 0.9574665719457169
11 7 10 26 38411 0.9573714534425314
11 3 27 17 49111 0.9944212947208536
24 28 2 12 77319 1.0640232564914958
9 24 4 7 38809 0.9838796995682495
11 29 25 6 82719 1.0294366620544846
14 13 1 19 37919 0.900706588263574
4 21 18 17 37272 0.934143192567386
3 18 24 8 48741 0.977245441968898
0 25 25 14 83621 0.9759447046448025
12 2 6 26 47783 1.0743160920420842
14 0 12 22 57569 0.9966997773204724
22 28 5 29 53085 0.9429749986007248
16 2 12 26 67219 0.923990927518522
25 10 13 25 57981 0.964813796050172
8 21 22 24 43638 1.018953246402013
18 16 13 8 31846 0.9319193760161595
22 13 3 19 53848 1.0553888261663884
19 13 8 27 45196 1.014256437985598
20 3 2 8 45738 0.9385555671215271
23 27 29 17 37112 1.0019162903317391
29 16 8 8 55766 0.9185953215386738
22 4 11 6 38827 1.0380641365025438
24 12 21 27 49918 0.9443378155359801
26 19 15 22 26876 1.0935213319385197
16 28 5 16 50347 0.9974020301559143
7 23 23 18 37432 1.0351332022312223
20 26 12 11 48105 1.038635243552739
19 24 22 3 68330 1.0859305196205797
29 5 8 2 58136 1.0418886045508409
23 17 13 18 24268 1.037252223096938
13 16 25 12 50002 1.0878439406487246
2 10 16 1 46010 1.0539769065295999
10 19 8 4 25858 1.0358599620760076
22 5 17 24 59373 1.016799425945558
22 22 23 2 71745 0.937291228170095
25 20 8 19 32903 1.0235764109868202
23 8 1 0 49935 0.9188877590195537
18 6 2 23 58019 0.9074765603582514
13 18 4 13 23788 0.9628513648153252
29 11 18 29 60290 0.9099060696797173
14 23 18 8 53702 1.0887093469900078
25 22 8 0 79026 1.0695232755085389
2 28 1 6 47954 1.0447033066734788
5 25 28 19 51283 1.0330999391510154
1 27 10 29 35559 0.9618075733065689
12 17 28 10 51551 0.9484082036561078
25 24 21 8 61820 0.9060344555106766
23 14 5 24 61096 0.9795416283481587
11 12 22 9 31016 1.0827630882724195
2 14 22 29 68075 0.9050466193968605
3 25 17 23 41366 1.055391858136435
20 12 5 29 54322 1.0491111804248545
12 0 25 2 56736 1.0392469384526724
3 8 20 25 61405 1.062801589997943
18 19 9 18 18219 0.9896521826926394
29 4 15 17 56842 0.9824030474882114
10 15 19 29 48161 1.0146548868395597
17 7 3 26 46505 1.0661770499004053
15 10 27 25 53342 1.0424438606175639
8 3 19 0 49208 1.0384517139000433
18 7 10 28 59180 1.051380826822566
1 15 24 18 52911 1.0149397304893666
5 0 20 2 58115 1.021726590701228
12 29 15 7 54084 0.958199255777042
6 26 19 16 48194 0.9310711765379805
23 2 21 11 41659 0.9925079152096934
14 25 1 8 50211 0.9544276439678452
6 24 18 14 44342 1.091714853383518
25 23 11 28 57462 1.0801944281771119
29 28 21 10 59710 1.0919147375519804
2 12 16 10 33414 0.9274768838232492
25 19 7 15 40091 1.008135559456951
17 3 24 21 64221 0.9035542512911511
20 8 2 28 61884 0.977833729507802
11 1 17 23 55207 1.0206664750699825
27 27 11 4 69951 0.9081808267168009
1 22 26 9 59297 1.0343633666959364
28 24 20 16 44349 0.9844329363918273
8 11 1 28 43814 0.950797524333443
14 10 9 21 37385 0.9176630379981411
23 1 6 8 59770 1.0941134961565293
17 26 2 19 41925 0.9114365664258509
15 15 16 25 25682 1.0998592506549434
17 4 26 0 39617 0.9301288435016328
11 22 19 16 35652 0.9053065227270606
2 6 25 29 87485 0.9392751818133012
27 22 3 19 54866 0.9635167361592114
23 7 14 29 65585 1.0410659684247099
25 0 7 1 64224 1.0636207703456824
24 27 22 15 48001 1.0663117087183696
23 0 15 14 59691 0.9381215700374659
9 8 23 20 50081 0.9037558925226243
20 23 28 28 36613 0.9250364297222889
7 5 0 18 32759 0.9022585726627117
4 12 29 28 75623 0.942796537165733
25 1 9 22 76318 0.9317773697642253
21 27 6 10 57368 1.0668440152689433
8 2 0 23 55395 1.0824504175933012
18 21 25 17 27190 0.9384162085993699
17 26 25 3 75578 1.0078852237775313
24 21 14 6 60705 1.0789273625488605
3 1 14 29 71834 0.9245154525415349
11 25 21 5 69653 1.037596473553166
3 3 19 23 68842 0.9949617020857262
19 4 28 16 58033 1.0452106197041005
26 22 6 2 74079 1.0629445056700164
25 10 9 15 40250 1.0002547634089118
8 11 25 6 45097 1.099462769161226
22 0 15 7 43032 1.0542666536396585
6 8 29 8 38652 1.026693683527268
1 5 27 3 54972 0.9325450332084381
12 27 12 14 35674 1.0795629639287558
23 14 5 11 57420 0.9801406743034626
25 24 0 23 77545 1.0763173731251388
9 16 16 25 38403 1.018720630839497
11 6 3 17 29004 1.088143623275258
21 4 9 23 69722 0.9940315011142309
3 18 24 19 40870 1.0703217053290437
6 20 20 21 39976 1.0424729125782188
24 9 11 22 55857 0.9778989187052836
26 1 29 25 62164 0.9669524211996128
21 7 2 28 69404 1.0185149355231766
17 26 6 17 38625 1.003712808886758
6 0 13 18 42265 0.9403331988930462
14 16 4 3 52795 0.9173546569979011
3 15 17 25 44559 1.0088138997780662
23 6 22 26 61495 0.9833884246027542
14 22 24 6 67965 1.0393921778706088
12 29 9 6 49033 0.9203235715439968
23 19 27 25 22670 1.0781260710668275
16 23 9 18 28642 1.0833467070373375
18 7 1 19 42809 0.9962196318919245
20 16 21 29 45671 0.971312954971082
4 1 3 22 45113 0.9370700251186872
15 19 26 1 62784 1.0661954882296365
1 11 14 5 38282 0.9705585540471033
19 28 5 25 42088 1.0074808393436607
1 26 9 21 33348 1.0923352489994094
7 12 15 20 27784 1.0797924287179888
29 19 24 10 29834 0.9321012258051603
29 17 9 19 44017 0.9951121479963682
0 23 0 0 71850 0.9061993527613906
29 4 5 2 59951 0.9623910995172873
9 10 20 5 35276 0.9266616575932612
18 21 2 6 50022 0.9439522733498267
10 11 24 15 60506 0.9362808090367392
11 4 25 2 49624 1.0940004399220533
2 17 19 10 43871 1.0477806051034826
11 22 5 4 56297 0.9325529166517692
14 15 25 14 56955 0.9458498661985262
26 12 0 1 59759 0.9560581565766668
