5041 5059 4888 5051 4952 4899 5057 4994 4942 4855 4961 4976 4940 4914 4844 4964 4982 4904 4939 4825 4959 4968 4966 4975 4838 5038 3960 3810 3736
4257 4190 4044 4100 4241 4221 4274 4222 4167 4143 4208 4239 4138 4057 4096 4227 4083 4213 4122 4127 5020 4940 5082 4933 5001 4920 5047 5090 5087
8557 8573 8504 8431 8356 8402 8412 8571 8570 8529 8542 8387 8497 8562 8343 8578 8537 8347 8559 8346 8370 8391 7756 7723 7618 7595 7660 7593 7554
1693 1629 1561 1661 1573 1570 1758 1757 1561 1567 1611 1574 1687 1648 1640 1538 1768 1639 1644 1723 1766 1699 1712 1778 1720 1783 1621 1789 1659
7039 7008 7191 7062 6987 7047 7151 7126 6991 7157 6971 7001 7097 7105 7010 7036 7035 7125 7034 7163 7049 7130 7555 7550 7659 7604 7698 7551 7546
5998 5839 5833 5964 5823 6025 5975 5861 5953 5969 6053 5873 6023 2052 2114 2112 2069 2099 2087 2034 2115 2197 2208 2037 2248 2215 2169 2154 2210
6419 6303 6402 6349 6397 6395 6319 6445 6330 6271 6296 6409 6405 6458 6409 6407 6479 6291 1696 1637 1579 1687 1636 1671 1683 1769 1609 1630 1645
5802 5854 5807 5685 5847 5825 5704 5811 5853 5700 5797 5684 5670 5776 5857 5704 5863 5790 5734 5736 5702 5790 5752 5775 5735 5706 5655 5745 1164
1355 1400 1470 1355 1456 6406 6344 6344 6262 6337 6301 6251 6392 6408 6266 6251 6362 6288 6438 6375 6244 6345 6422 6251 6434 6264 6247 6240 6388
7870 7850 7892 8021 7913 7853 7907 7933 7892 7911 7909 7906 7933 7858 7905 6251 6202 6204 6111 6085 6212 6183 6087 6124 6124 6241 6261 6172 6128
6327 6283 6273 6244 6293 6369 6323 6215 6357 6186 6366 6328 6368 6362 6227 6291 6249 6194 6373 6214 6140 6270 6319 6246 6177 6304 6221 6348 6220
5399 5500 4903 4919 4731 4746 4712 4889 4827 4826 4738 4859 4831 4817 4756 4722 4851 4719 4844 4818 4744 4911 4899 4709 4728 4920 4868 4770 4710
2741 2916 2761 2758 2911 2805 2734 2723 2884 2712 2715 2888 2902 2791 2745 2808 2800 2813 5256 5215 5333 5247 5399 5393 5365 5379 5251 5326 5358
5806 5676 5905 5702 5849 5806 5732 5860 5877 5888 5739 5724 5872 5737 5767 5805 5847 5858 5809 5814 5750 5767 5764 5904 5805 4338 4153 4146 4274
1574 1519 1505 1602 1501 1598 1449 1640 1598 1518 1513 1542 3576 3569 3526 3637 3697 3544 3604 3691 3640 3581 3555 3618 3650 3605 3707 3674 3559
3231 3148 3008 3028 3237 3010 3133 3075 3018 3041 3032 3237 3208 3066 3048 3087 3163 3120 3111 3016 3169 3107 3184 3168 3163 8248 8088 8032 8222
6426 6380 6419 6368 6479 6595 6500 6535 6530 6459 6449 6565 6480 6493 6522 6383 6519 8745 8634 8639 8760 8643 8713 8675 8636 8721 8676 8797 8649
5629 5543 5594 5675 5712 5737 5599 5703 5692 5632 5655 5512 5616 5697 5664 5680 5573 5577 5674 5559 5739 5542 5510 6451 6287 6434 6373 6430 6384
3068 3181 3058 3163 3049 3175 3239 3134 3247 3186 3135 3099 3044 3214 3136 3244 3140 3215 3105 3102 3026 3048 3118 3033 3121 2158 2124 2232 2201
3392 3452 3230 3448 3438 3317 3280 3434 3433 3279 3355 3237 3432 3330 3333 3296 3383 2614 2610 2482 2605 2590 2615 2620 2501 2685 2488 2604 2524
2081 2208 2098 2214 2199 2085 2148 2096 2081 2036 2065 2193 2167 2117 2189 2189 2128 2235 2054 2181 2157 2334 2173 2306 2288 2224 2259 2361 2352
7516 7446 7456 7528 7566 7402 7479 7415 7439 7127 7049 7214 7030 7200 7144 7053 7175 7037 7101 7047 7073 7070 7125 7107 7189 7067 7166 7132 7118
5330 5410 5466 5402 5436 5298 5305 5379 5278 5339 5339 5466 5391 5362 5381 6677 6846 6821 6652 6752 6843 6677 6849 6660 6792 6813 6677 6810 6743
1656 1830 1637 1668 1803 1654 1682 1633 1634 1831 1806 1633 4538 4541 4610 4517 4457 4680 4561 4479 4485 4496 4675 4542 4566 4499 4661 4647 4534
6064 6015 5903 6034 5990 5992 5882 6004 5934 5878 5853 5979 5887 5885 5842 6011 5906 5924 6017 7474 7490 7343 7569 7546 7349 7498 7494 7530 7351
5500 5507 5507 5694 5555 5587 5651 5528 5532 5578 5615 5643 5699 5700 5533 5708 5588 5682 5607 5637 6399 6453 6573 6417 6470 6460 6400 6564 6525
2862 2871 2813 2846 2813 2815 2948 2997 2985 2995 2789 2847 2969 2809 2985 2945 2916 2877 2838 2998 2978 2826 2800 7362 7386 7338 7358 7274 7282
5152 5379 5356 5334 5220 5240 5321 5273 5318 5270 1066 1035 1054 1193 1211 1187 1170 1031 1050 1218 1153 1163 1071 1219 1093 1125 1218 1073 1097
5411 5417 5464 5404 5432 5454 5332 5508 5496 5544 5470 5384 5363 7170 7253 7207 7117 7204 7319 7123 7265 7225 7194 7167 7271 7153 7174 7300 7176
6648 6672 6760 6792 6639 6683 6657 6766 6800 6626 6721 6678 6729 6634 6613 6660 6798 6872 6785 6822 6966 6931 6952 6857 6941 6916 6871 6903 6814
3630 4510 4340 2743 6297 5879 3651 5757 8657 4213 3174 2168 3461 4279 5986 3557 1176 7175 6979 6019 5295 2345 5358 6656 1621 3397 1299 4573 8355 2625
3710 4415 4178 2736 6208 5680 3652 5730 8737 4040 3226 1980 3367 4383 5988 3587 1105 7278 6836 6068 5224 2364 5342 6661 1803 3619 1312 4422 8287 2607
3656 4352 4362 2760 6306 5892 3605 5739 8707 4169 3338 2030 3240 4468 5931 3668 1231 7334 7018 6204 5164 2339 5284 6755 1819 3459 1234 4457 8456 2523
3664 4526 4329 2643 6245 5692 3568 5618 8662 4018 8171 2187 3399 4459 6002 7486 1202 7293 6782 6235 5171 2372 5216 6680 1846 3464 1299 4528 8361 2432
3801 4388 4217 2599 6224 5879 3580 5770 8547 4049 8185 2085 3351 4409 5971 7455 1219 7277 6939 6111 6539 2421 5289 6584 1754 3560 1296 4449 8308 2505
3679 4325 4307 2595 6160 5676 3733 5604 8577 4121 8300 1986 3415 4414 6015 7405 1148 7235 6998 6206 6405 2335 5182 6581 1647 3430 1198 4556 8360 2425
3681 4426 4271 2830 6212 5719 3713 5580 8593 4104 8242 2032 3246 4445 5903 7383 1262 7391 6991 6028 6490 2261 5244 6709 1742 3542 1261 4420 8443 2499
3785 4449 4317 2784 6240 5714 3657 5718 8511 4182 8336 2029 3448 4325 5997 7497 1226 7290 6899 6218 6550 2283 5367 6679 1854 3439 1334 4370 8401 2534
3693 4357 4259 2705 6121 5802 3579 5637 8674 4206 8324 1980 3233 4370 5999 7382 1188 7168 6952 6105 6506 2381 5182 6561 6767 3433 5483 4414 8256 2412
3724 4443 4259 2763 6083 5893 4127 5749 8712 4194 8326 1980 3304 4452 6080 7545 1106 7210 6938 6205 6406 2359 5161 6616 6678 3386 5302 4400 8441 8245
3634 4531 4341 2827 6130 5849 4181 5668 8723 4167 8221 2070 3325 4342 6061 7406 1049 7237 6924 6108 6455 2285 5225 6650 6748 3493 5307 4372 8418 8097
3719 4513 4159 2793 6261 5884 3963 5779 8598 4247 8235 2106 3366 4381 5914 7512 1179 7268 6911 1540 6564 2309 5341 6583 6695 3434 5475 4376 8428 8258
3751 4418 4203 2668 5201 5830 3964 5551 8663 4067 8303 2178 3353 4338 5929 7533 1221 7389 6807 1556 6563 2248 5182 1165 6743 3615 5477 4410 8316 8187
3823 4542 4240 2601 5265 5777 4142 5612 8697 4137 8167 2120 3354 4290 5857 7401 1202 7236 6938 1577 6422 2318 5315 1233 6745 3428 5285 4449 8453 8292
3655 4486 4189 2714 5228 5755 4162 5751 8557 4122 8332 2184 3317 4399 5912 7500 1079 7204 6827 1614 6475 2388 5338 1094 6759 3403 5276 4451 8314 8151
3512 4383 4244 2647 5106 5673 4034 5654 8603 4059 8333 2011 3446 4378 6048 7402 1225 7314 6983 1594 6588 2193 7236 1174 6678 3507 5291 4452 8365 8273
3532 4344 4143 2616 5164 5750 4113 5711 8641 4070 8168 2027 3437 4317 5913 7365 1109 7367 3407 1578 6618 2317 7148 1297 6631 3485 5393 4446 8355 8102
3688 4340 4243 2675 5158 5678 4190 5752 8677 4031 8165 2076 3457 4331 5919 7495 1135 7291 3515 1484 6526 6180 7238 1183 6829 3525 5441 4419 8419 8120
3687 4532 4207 7247 5261 5796 4095 7894 8512 4029 8212 2016 3421 4272 5852 7531 1247 7349 3387 1434 6505 6132 7193 1173 6684 3518 5274 4404 8339 8302
3630 4538 4273 7283 5283 5735 4186 7784 8565 4192 8198 2155 3291 4477 5898 7479 1101 2999 3567 1461 6402 6115 7202 1160 6638 3594 5360 4483 3223 8127
3562 4450 4336 7338 5150 5900 3971 7720 8527 4111 8213 2082 3429 7902 6078 7561 1186 3120 3448 1587 6435 6248 7044 1233 6833 3557 5293 8686 3395 8177
3624 4516 4264 7389 5276 5835 4145 7782 8591 4062 8195 2083 3362 8041 5996 7392 1255 3186 3430 1564 6595 6099 7067 1162 6728 3543 5274 8468 3317 8244
3668 4419 4272 7216 5107 5796 4138 7781 4695 4039 8370 4824 3273 8115 5887 7453 1248 3029 3441 1473 6591 6243 7083 1199 6735 3500 5324 8640 3416 8244
3477 4321 4189 7356 5220 5672 4063 7727 4710 4069 8188 4681 3275 8089 6048 7557 1259 3030 3554 1460 6591 6291 7040 1176 6828 3427 5332 8572 3229 8192
3534 4517 6473 7394 5292 5790 4166 7848 4739 4062 8379 4815 3254 8033 6666 7402 1171 3115 3505 1494 6614 6236 7033 1209 6703 3563 5485 8560 3338 8244
3645 4524 6510 7204 5088 5865 4184 7922 4624 2392 8272 4731 3424 7995 6677 7568 1212 3160 3459 1439 6540 6235 7050 1155 6767 3429 5474 8559 3241 8219
3687 4444 6376 7284 5140 5869 4089 7837 4683 2373 8333 4803 3465 7985 6800 7484 8753 3178 3450 1568 6516 6215 7127 1209 6767 4565 5363 8605 3416 8206
3644 4540 6484 7275 5092 5879 4140 7837 4786 2463 8198 4820 3299 7927 6657 7467 8905 3039 3473 1587 6540 6234 7022 1297 6744 4509 5356 8471 3429 8117
3657 4424 6291 7394 5269 4090 4150 7908 4706 2369 8216 4663 7548 7907 6775 7414 8882 3064 3396 1607 6623 6210 7021 1244 6657 4556 5415 8579 3402 8284
14 22 25 26 33253 1.0243162380867912
8 25 29 10 72066 1.0087963926699568
20 13 27 24 27825 0.9073232851285961
17 1 22 25 72451 1.0551708323308022
27 8 14 5 52602 0.9502613689653201
13 17 3 28 38289 0.9168020506231622
19 12 29 29 51437 0.9708377205626082
16 7 2 28 75624 1.0426162278843922
0 25 7 28 21223 0.9153007056268743
5 25 13 14 38734 1.0623642477031072
16 15 7 18 28511 0.9973547444277824
18 18 21 7 35556 0.9000780801442088
12 19 3 11 29535 1.0637356245182752
2 9 8 28 51541 1.0074190172362376
3 18 5 0 36900 0.9538468368677506
5 29 4 10 43605 0.984012152594021
29 29 20 14 43862 1.0733425046136544
29 14 28 5 47303 0.945883052312525
27 15 5 13 39537 1.0010522627920053
28 24 14 6 58538 0.9893961263725469
1 20 25 4 79459 0.9460911040613833
6 21 21 1 66751 1.0868800437125612
0 9 24 6 72460 1.0794106842276687
23 7 29 17 33873 0.9686635160049019
29 9 16 16 36035 1.0873182496879727
4 24 16 16 30881 1.0421802104488576
24 28 4 19 65677 0.9922288059155704
23 22 22 5 53012 1.085488078706913
22 8 3 20 55079 0.9151788789417671
23 2 18 8 33670 1.0616024364549088
17 26 2 16 52477 1.0870462161062875
16 6 12 14 28793 1.0432121666276006
18 17 0 27 45727 0.9616515722347306
24 14 0 2 70971 1.0446094446281315
17 2 26 28 71855 1.0202586112100114
11 10 14 26 58317 0.9856902171465701
23 19 20 6 32322 0.993929902205715
20 23 15 12 33488 0.9143567898023713
24 8 19 25 49217 0.9876519304322127
23 6 2 10 57746 1.0095102435970356
17 22 13 13 41732 0.9239750773255951
27 13 19 22 23565 1.0386123926828474
8 18 7 29 34631 0.9156483619390527
24 0 9 19 73325 0.9899308671559488
12 12 26 24 48662 0.9852692588576379
19 7 6 8 59207 0.948355757102221
1 1 17 28 91682 0.9427834414001168
9 29 18 25 55257 0.9542685703733376
24 7 3 2 73461 0.9135845787554593
0 7 26 12 70746 0.9019029261103363
6 16 9 2 43894 1.0834621520939014
26 15 11 11 35835 1.0394375997659226
20 4 4 28 74466 1.0614741595750512
3 25 4 0 45141 1.0664120069439198
2 6 22 25 66800 0.973729667438539
0 18 12 13 32321 1.010802228267996
26 8 3 29 72854 0.9632258728821046
10 19 28 3 78365 0.9180613993162483
12 26 16 7 74965 1.0782129673227916
25 15 28 7 39348 1.0207141516269531
8 2 1 6 26982 0.9312851366708984
26 15 6 18 38919 1.0707943639837896
5 29 18 7 71410 1.057618936836824
22 1 5 14 62754 0.9256802453007029
14 17 6 9 40152 1.0227021367965032
16 23 2 3 61030 0.9007447824155715
29 21 12 11 53774 0.9833864555430538
20 3 16 18 43404 0.9165133492993848
10 9 9 24 64229 1.0984808188706914
20 21 8 25 38490 0.9253287726045983
24 8 0 20 70270 1.0144943046221009
3 8 26 19 48158 0.9658631840887619
22 17 1 18 38964 0.9232066732844862
28 22 7 28 66090 1.0623201045547552
26 8 8 20 67478 1.0660756412072983
22 12 27 2 43568 0.9671231814599108
1 25 15 0 71876 0.9735667477666532
9 18 16 5 54576 1.0551129690348784
0 27 8 9 56081 1.024595327269762
22 11 7 25 55455 0.986919254984798
13 29 6 5 93876 1.0507495550857737
0 2 15 7 54836 0.9812361931388752
15 18 9 8 49846 0.9971495009935684
13 8 1 12 42007 1.0835297807135988
8 2 26 2 70061 0.9382851372726387
12 3 7 12 37835 1.0692562713847928
3 21 17 8 57871 0.9509540981096372
13 8 23 21 55796 1.065724782101812
9 29 17 12 64466 0.9431542766019578
5 26 18 10 55310 0.9971808333396948
14 14 22 10 30660 0.9587572642681355
6 13 24 9 55719 0.9825451239948766
14 1 22 23 55846 0.9635283460117031
22 6 7 19 61851 0.9039480788666708
1 27 14 21 38276 0.9834650210826404
25 28 8 11 64085 0.900772145606649
9 12 22 3 59566 1.020923860825967
9 5 13 18 60446 1.0762283702514026
25 7 6 23 73631 0.905570042470502
28 17 12 28 53914 1.0741755347626991
14 27 1 29 49255 1.0596155924063346
25 17 1 1 64707 0.931937571675243
28 5 2 2 97249 0.9402511268958671
27 21 24 8 32359 1.086685031248124
15 0 21 11 35223 0.9829621086479449
17 12 7 29 59520 1.080722127005673
2 26 29 3 102885 1.0411083868483058
25 19 6 15 36731 1.0565285745123774
9 11 20 20 38207 1.0485697530251605
0 9 13 18 46686 1.0120095237949027
26 20 7 24 53319 0.9499303424553104
12 0 24 6 54443 0.9587890050509236
27 28 8 26 54318 0.980784485758585
25 17 6 20 43282 1.0855739451187152
1 20 4 1 46023 1.0578267912451753
21 29 18 12 52199 1.052980493888841
20 15 4 22 37542 0.9237684337233155
24 5 19 21 48721 0.9648353881044026
20 6 14 0 32918 1.0162014183779722
24 16 10 25 47374 0.9474058029216625
18 21 21 6 40692 0.960295235075081
18 8 17 20 40949 1.0836213229634448
6 17 27 4 70176 1.0851131776364829
12 18 24 26 48932 0.9167605215949812
22 2 7 3 49931 1.038321584122488
17 26 2 28 62027 0.9032581337128742
18 17 13 7 35419 1.0683469184043948
12 13 15 1 30017 0.9581374988285334
12 18 28 4 67392 1.0819835949102434
29 2 29 19 60202 0.9426124972277489
3 8 20 18 37087 1.007449992841749
23 1 10 8 63132 1.010399943949062
8 17 6 4 47750 1.024721298124796
12 9 19 26 53108 1.0572329425486808
1 17 17 11 40184 1.014119275462856
25 24 2 18 57981 1.026022221556444
19 11 2 11 35097 1.0547385169649988
17 0 13 24 74651 1.077705956091817
9 25 25 14 62624 1.059344194662326
29 20 10 8 69173 1.0537305794215022
19 17 5 10 40592 0.9907160746804837
27 0 13 5 60379 0.9457740960385143
21 16 18 4 36972 1.0959006144208456
27 4 1 1 100368 0.9297261574783515
26 7 20 16 33652 1.0276179008548525
8 28 25 16 59863 0.9680999485427092
19 27 0 25 62117 0.9142011910404976
14 0 16 27 76659 0.9635812478773644
4 29 29 0 104953 1.0083033141684674
6 11 8 28 50452 0.9963737238916612
3 23 17 15 34046 1.021217022426316
13 9 23 16 33603 0.9975338355057989
26 3 12 18 60006 1.0153290724366515
13 11 8 27 54497 0.9633462908150631
23 24 0 21 54973 1.0411673674829391
10 8 0 28 70122 0.9816836704406098
25 26 27 9 34146 0.9824731586883435
24 24 3 23 55516 0.9467288238643309
24 9 24 26 48458 1.0860091703473005
28 5 14 13 61258 0.9998085958752563
28 0 16 20 76102 1.035677508694767
4 9 6 21 30443 0.9460705560815186
25 27 22 11 51325 0.9683046757624312
17 19 0 16 30159 0.9870582163461035
12 14 15 23 30925 0.930381865487108
6 28 13 9 56210 0.9410894803206996
10 8 21 4 56825 1.060239082556123
1 23 2 12 32037 0.9599412380532042
8 2 11 17 50317 1.033630040836756
8 8 8 20 63254 1.0285049171795964
11 9 26 28 62382 0.9833180184736051
8 5 14 19 58282 0.9209802064207326
21 9 14 0 37698 1.0591464489192048
16 19 9 15 24075 1.0899591203721086
3 27 13 21 29986 0.9843737088988078
17 19 3 10 36345 1.0159696927701365
27 29 3 19 51885 1.0419635184405625
14 10 21 29 61472 0.9052207600194909
2 6 5 15 24479 1.039393305587001
15 24 2 18 49121 1.029581138756994
0 11 6 23 32748 0.9897616776920165
17 5 12 27 84197 1.085726887325358
19 8 0 19 60816 1.0511514090350753
3 28 23 0 79218 0.9782660381078754
5 4 9 15 45449 1.0177282351267285
13 10 0 1 55897 0.9456229030217534
10 27 10 11 61047 1.0764544666286786
1 2 27 11 70858 1.052928434039379
7 0 7 16 45684 0.991364417765202
27 20 2 23 55328 1.0666471269392253
12 26 22 25 37310 1.0578154816118759
7 14 12 3 49281 0.9754356294884163
17 8 10 16 40980 1.0560701667106887
24 24 3 19 52527 0.9186649142326242
13 22 13 0 62951 0.9600028371547897
29 25 13 24 33938 0.9006703008560203
2 28 9 10 57393 1.0302562212833115
1 15 21 8 52025 0.9903857352342488
17 3 15 11 22580 1.071118875605364
14 26 0 21 50542 1.0134837244525827
24 11 4 6 60714 1.0285351435383605
19 26 6 11 58471 0.9094198129335884
0 14 22 12 48671 0.9165308519837507
0 17 13 18 31493 0.9024023390938937
6 29 18 29 57058 0.998335137743197
19 3 29 10 54572 1.084677979638269
16 11 28 7 47263 0.9016371047694827
24 17 25 3 49620 1.043739994060987
16 21 13 9 41869 1.0238632925526459
15 18 24 20 24220 0.9997607059335729
1 16 15 20 28827 1.0130191178295636
24 22 24 1 60193 1.0302352028570148
0 21 23 10 57136 0.9379440536686948
6 2 23 14 68098 0.9206218281784024
11 27 24 7 82399 1.0253290237302173
7 6 0 19 49272 0.9727800414738517
18 22 4 6 56095 1.0128060117506652
24 4 8 20 76411 1.0935734884966883
6 26 21 25 49258 1.0053663296053683
28 26 5 17 48450 0.9968339512930425
16 7 12 29 90553 0.9703583333464969
21 24 27 5 54076 1.0196482262688746
29 5 0 12 90852 1.0547176127813622
19 8 27 12 35766 1.005656805968599
26 26 5 2 80061 0.9982833144080586
22 7 10 7 60488 1.02074095502347
8 24 7 9 50129 1.092119432629638
0 0 14 25 81337 1.0344059142971256
9 5 16 17 59272 1.0907732108257058
16 20 5 29 46344 1.0486984349935127
16 8 19 19 43856 0.9494427158998857
13 22 21 18 28425 0.9659925173157387
25 22 7 21 42952 1.058887282484259
13 21 23 21 29300 0.9217068260611251
19 12 4 20 43796 0.9979909415040674
7 26 29 19 57723 0.9891110862422245
7 6 27 19 66339 1.029999427390134
25 24 5 1 80805 1.0057424630323417
21 12 5 29 57410 1.0872502206814794
9 4 3 23 54023 1.03241471966726
10 21 29 15 55188 0.9588451926652795
9 13 22 7 58663 0.9723555116520596
16 12 7 8 40118 0.9840645086116822
19 19 6 16 23835 1.0383201717809019
21 26 2 19 58526 1.0070166983513344
18 2 12 20 60486 0.929015243067469
23 2 3 26 72322 0.9533974935910652
25 3 16 14 62598 1.0086886625016795
10 20 22 8 59935 0.9776504672260966
20 2 6 9 60553 1.0163996106626587
17 1 27 4 52535 1.0530874540484698
24 4 5 17 56653 1.004831577081559
28 13 9 12 56673 0.9508084089953105
19 20 27 13 21370 1.0353062809155031
16 16 23 26 37055 0.9703335949526717
23 20 0 18 48816 1.0813151789588085
9 10 17 0 46079 1.0755810250848454
25 18 4 3 60269 0.9383164888719971
26 2 10 22 76249 1.0150882816869191
3 8 16 26 67336 1.0201768790197128
21 17 6 10 45787 0.9094089527838554
11 11 27 3 64619 1.003734685472253
15 6 12 25 64929 1.0120248719685807
17 23 25 17 24883 0.9133400252653093
11 29 10 16 55786 0.9358597781441421
20 28 23 19 24907 0.9436906959081516
21 8 5 8 63634 1.0586358477657432
28 11 29 25 29733 0.9059751583062735
16 21 6 17 34228 1.0120713926602674
17 6 22 1 32241 1.0016213279641446
6 0 27 5 89719 1.0023637960991132
10 6 28 0 76094 0.9753289291470111
12 2 0 3 35539 0.9501275256020946
4 9 2 23 33989 1.0704894661677096
12 16 24 12 31320 1.0479226469062388
24 28 2 13 65026 1.0050807802683426
15 21 0 0 66684 1.0163044919370963
20 10 2 25 51726 1.0430362924598633
21 11 13 7 26432 0.9934041377324905
24 7 19 14 35774 0.9121395315506687
24 9 2 14 56557 0.9468501418636659
16 19 5 22 33143 0.9297767666243463
22 9 1 4 70150 0.9411123057202961
18 11 7 7 45922 1.0850739957294169
7 12 21 11 34698 0.9836747917909107
27 11 13 20 36072 1.0458144810156513
21 19 24 12 27037 1.0389217082791093
8 5 5 28 61557 1.0688808644185803
23 5 3 11 54451 0.9116421292602045
16 5 3 25 64864 0.974724240723351
7 10 12 0 44851 1.0926439749389778
6 28 0 10 43490 0.906006300708999
0 19 15 4 63234 1.0925418106380629
20 29 0 12 65531 0.9805580195397549
20 20 3 12 35009 1.0864921594891983
0 28 25 28 77243 0.9360774988830095
18 7 29 29 67212 1.0607869867860658
15 4 23 12 39136 0.9658102075532884
27 25 0 23 63775 0.9662659594559289
27 11 12 2 57993 0.9126676727329125
13 14 3 14 25239 0.9595181044821821
27 7 25 27 49412 0.9381027900004801
18 27 0 21 54940 1.0193864125221146
23 9 2 0 69445 1.0450199162519023
11 5 28 17 62374 0.917745171946706
23 15 29 26 35147 1.0168941021160305
24 20 9 10 57493 0.9743936677278787
2 5 27 10 65042 0.9515102191998064
1 16 23 29 63596 0.9047319996384638
26 0 12 27 87058 0.9432960548279181
22 2 19 23 54899 1.0503208951578114
7 0 1 15 46570 1.0265654815791136
6 19 15 20 27217 1.063098812894375
15 27 1 12 69196 0.9327225660884672
7 16 3 28 25473 0.9418277813346377
12 12 29 28 53235 0.9392726500254853
3 18 25 7 63397 0.9071643196076686
6 9 14 11 29062 1.0380522387675286
13 6 23 22 58137 1.0192361196515582
18 29 11 6 73648 1.0122634526571408
26 25 14 15 37521 1.0324004788841221
0 5 27 29 78982 0.9057267318666613
12 4 19 23 59359 1.0894107927723806
0 21 16 11 47326 0.9803640659998369
22 21 19 3 57398 1.024730065790089
5 19 20 25 43588 1.0257259872024544
3 27 6 18 18772 0.9140197798365184
0 0 6 23 55507 1.014602846454899
8 1 16 29 103078 0.9357680888770937
15 0 11 7 29573 1.010587200487253
1 2 24 24 78161 0.9096862618479146
12 7 3 2 37308 0.9534111605689919
1 5 20 26 69797 0.9781592754799825
0 15 12 24 53312 0.916910457989683
9 22 17 14 49347 1.0881203378497286
19 28 4 6 69127 1.0118930510029085
20 24 28 6 49320 1.063420288790898
26 15 20 9 25232 0.9724580558718187
14 2 7 20 60943 1.0688339536500833
25 21 2 21 56808 0.9635361340588628
27 12 6 1 76712 1.0807058096195674
6 7 1 26 51353 0.9728321174482681
27 24 11 23 25624 0.9009856462679952
26 7 5 24 67975 0.9989050443547373
25 17 18 24 26733 0.9389921148756002
20 14 10 16 15925 0.9832274318373134
25 0 24 13 36640 1.071560085272134
4 10 29 16 63469 0.9537155291466569
28 12 25 2 39770 0.9119376474498587
12 23 28 18 26950 0.9233086112655989
11 10 18 24 50925 1.0226013868279642
2 22 20 29 60562 0.9822185366532805
1 3 19 19 54045 0.9449015851660273
13 12 9 4 38988 1.0755114196133968
22 25 9 19 46690 0.9190218110688221
15 25 0 23 48321 1.0997760036658308
26 12 13 18 38497 0.9223707453363743
26 3 13 6 62063 1.0888384453661268
16 10 0 2 59582 1.0302531655993814
25 0 2 10 75005 1.0174650552039806
29 7 16 13 62882 1.0751094937457375
14 24 10 10 54760 1.0976925011498422
1 2 15 26 81215 0.9853842638884875
6 24 10 17 29912 1.0639840602211241
7 12 19 13 37130 0.9585341667236622
11 17 2 10 27287 0.9240231914893099
10 6 17 11 30190 0.9866391773658955
28 17 18 19 18600 0.9555052358175192
29 20 22 15 29758 0.9115751413773369
20 17 19 4 32976 0.959832524027973
3 27 24 21 65047 0.9818591976245575
0 4 11 20 62241 0.935020788160664
19 14 2 20 37364 0.9303552302586189
0 22 11 11 44992 1.0255893482082448
5 18 16 12 31683 0.9521303256813074
2 10 20 5 52682 1.037971080977257
20 21 22 5 45450 1.074269448887312
2 27 15 8 62128 1.0265246729365098
17 23 27 20 15246 1.025696362513572
24 24 2 16 48707 0.9370481445993295
15 27 3 4 75560 1.0389820897571584
27 5 20 10 40294 1.0184954055163744
25 28 22 18 30953 0.9320959813676684
29 7 0 18 78305 0.9641642480354545
6 23 24 4 70646 1.0511861346591629
11 22 20 3 62106 1.035601187531003
6 2 17 17 57372 1.0564455439077156
23 8 8 20 64419 1.03242798831318
29 26 12 19 41696 1.005364281616237
1 5 0 25 51629 0.9521446002288125
22 14 28 7 45659 0.9672388618656743
4 3 18 4 40980 1.0734090588549856
19 9 25 2 38777 0.9044590504592168
0 22 27 1 95282 0.9125701721499467
12 28 21 22 44204 1.069340020821421
15 14 21 7 35794 0.9184462176957046
25 5 1 22 79627 0.924122921263104
12 14 29 9 46315 1.000625769185569
27 25 7 28 60309 0.9006833459873383
1 16 29 9 53677 0.9958280640301891
20 0 22 20 50486 1.0910371867593873
10 1 0 7 45890 1.0750892766684514
28 25 14 13 44560 1.0925603364013556
28 28 4 13 57432 0.9649941345137265
8 25 20 26 40801 0.9191410307119311
19 3 27 13 48535 0.956094091346658
28 17 11 18 34387 1.0814617539786326
26 18 18 22 22805 0.9537368054025688
28 29 7 11 68671 0.9664079588267088
8 16 24 9 41391 0.97208589615986
8 14 19 5 55142 1.0653598058808602
19 28 21 1 65855 0.9471768214705393
1 0 28 6 98121 1.0296555717974465
22 26 29 13 50961 1.0693713413640316
12 27 11 5 86496 1.004710517167538
5 16 13 29 60419 0.935340644477962
5 19 3 9 19941 0.9006448681696172
5 21 20 29 48786 1.0237059574236376
5 19 15 29 62028 0.9476791324152688
4 0 5 17 34182 1.0179277363006345
26 21 4 9 56591 0.9971968839234325
4 25 13 20 34325 0.9316702173668348
5 19 25 18 40315 0.9981827057737931
27 9 24 23 23445 1.0066584767236795
12 26 19 7 66893 1.0462417153744026
12 0 4 8 49427 0.9450212337789909
8 23 1 13 42500 1.0972899169169577
25 2 1 23 88036 1.0094313278582054
23 5 14 11 31698 1.0772566057381667
27 23 19 10 36476 0.9111614027156857
12 20 6 8 56446 1.0601033035378005
0 5 25 29 91067 0.9193326855733298
1 20 8 0 55983 0.9271615166767011
4 22 20 4 60918 1.0026343357998684
28 6 15 7 56647 0.9748729653076124
27 0 19 25 66506 0.9148622597936381
16 14 3 19 31315 0.9997540593068943
15 5 28 2 68206 0.9880626348311938
1 12 15 18 33484 1.045400022121298
4 11 28 12 52711 1.0806178460861786
8 20 29 5 90463 1.0294274939696293
7 10 0 23 46121 0.922197082464726
6 8 27 21 67558 0.9932072623481321
16 10 1 5 53129 0.996147733864424
20 6 3 16 41179 1.0849873426217964
1 7 12 24 70888 1.066350005799085
3 2 23 29 83966 1.0992394514704102
5 10 22 22 62816 1.0733882992845456
9 22 29 16 58535 1.0722653011019636
23 18 7 12 49265 1.042177758319546
13 29 26 28 52017 0.9962139991085828
9 15 13 1 47843 1.0968403910040627
7 18 27 14 43713 1.0310712351355036
9 20 29 0 96680 0.9104254798116574
12 13 29 19 36363 0.922344170931094
5 25 27 24 51112 0.9000080727762169
18 8 8 19 55886 0.9623863685233821
14 19 15 29 44431 1.0114773004353543
9 12 9 27 60084 0.9406873586565621
3 2 23 11 58830 1.093464806595033
25 17 23 28 31976 1.0365216354672406
9 24 2 3 53244 0.9097261288001885
20 9 0 1 68848 0.9654973168788533
11 13 21 18 29855 0.9834175824860617
28 2 14 27 85326 0.9953111188660996
3 21 6 12 25218 0.9007418755274929
29 0 10 21 90447 0.976607261103304
27 26 15 3 61427 1.0477551700209602
25 29 18 24 32619 1.003549500704793
28 0 12 9 68004 1.062231821549209
10 28 4 21 37206 1.0101357475574984
11 20 29 17 37425 1.025170094056977
10 29 24 22 62738 0.9946949279121713
11 11 20 18 29922 0.9335445494537489
27 2 19 9 51429 1.0931225147780714
21 21 15 14 28955 0.9923288571486442
9 1 6 21 56983 0.9572191240795704
15 16 0 1 51693 1.0951064487433877
12 0 4 4 36865 1.0035127370961616
24 27 7 23 71969 1.0325706185606984
6 11 21 19 42247 0.9087604490494469
3 7 25 2 76717 1.0271595446439823
0 24 25 16 44989 0.9272400164291897
11 17 18 26 40292 0.9029164448635618
2 8 2 24 37081 0.9073103923218646
18 3 23 21 58954 0.9296681120227419
29 5 25 28 60600 1.0846838277158204
10 11 21 0 47816 1.0852127670619538
21 21 29 6 59387 1.0676480992223787
17 21 5 27 37155 1.0410558583422602
4 16 21 12 30787 1.0114000257858895
10 6 24 12 50334 1.0689273255215699
9 5 12 23 76890 0.9109286482724758
2 14 14 17 25808 1.0785615458324975
18 18 29 28 33749 1.018689919028003
7 9 14 24 65880 1.081418847441721
15 0 19 21 56011 1.071860876746514
18 20 10 15 28052 0.9916792222610701
8 0 14 5 23685 0.9589275043077259
13 10 21 3 44590 1.0504127611691643
19 16 9 9 40387 0.9444742780908059
10 16 28 26 40451 0.9444098899928245
23 26 8 11 64052 1.0061167078086226
14 6 9 25 63979 0.9775698999025678
23 0 3 25 74025 0.9752707539012733
24 21 7 20 55158 0.9750271492993768
16 0 9 21 69072 0.9314618243341546
5 16 2 25 21329 0.934568355741062
26 20 2 16 39561 0.970037557162539
26 26 12 19 36288 1.0728089786799555
25 28 4 14 60170 0.9680477554833121
20 26 28 9 37496 1.0755442060692544
7 17 0 25 34504 1.0329685362425158
10 27 20 12 61755 0.9993707807129961
2 15 11 10 31304 1.0646083348860735
5 23 22 9 55415 1.014635245711697
12 2 19 26 67423 1.0222053214268623
7 29 9 5 71617 0.9683646000513665
10 3 6 10 44531 1.0009223131440248
7 7 10 15 51281 0.986070588693577
2 28 23 9 72477 1.0717586106926618
5 22 1 5 42841 0.991471622366134
11 0 25 9 61536 1.0911638759485776
7 1 0 6 36482 1.0543589328343754
28 11 8 11 54798 1.045706952029876
19 16 26 22 25221 1.0804380885033171
11 22 29 16 48149 0.9011767086483103
1 24 3 10 27049 1.0469272200673638
9 3 17 5 33016 1.0316434048311047
0 23 13 16 35747 1.0209416481864328
5 29 5 2 57612 0.9505989317774333
26 24 20 29 28286 1.054769452689534
13 18 2 0 52683 0.9364077858576212
28 9 24 26 42094 0.9116042205873693
3 25 20 7 54480 1.0304052535973183
26 0 19 27 67992 1.005800193490837
20 1 25 29 71106 0.9530369945215452
23 8 6 29 68661 0.9120086038322498
18 0 27 12 52056 0.9931143747134981
25 13 12 4 55765 1.0077155111243825
28 17 21 9 35531 1.0429850780344467
6 0 19 16 55969 0.9647827425747462
23 1 12 11 42934 0.980120368062425
19 2 10 0 37442 0.9838768968476002
23 2 1 1 76827 1.0199922850593652
20 12 24 1 32681 1.0923442310204285
27 7 6 26 75864 0.9697560118374354
12 14 19 8 33260 0.9963322457960219
17 16 6 8 46198 0.9936360502419928
15 19 18 27 26566 1.036897578100284
15 8 27 15 46013 1.0074342000283514
0 27 19 12 56888 0.9957823961204221
27 5 5 0 93398 1.0929843815972504
9 6 24 25 80883 0.9868724808409913
23 16 24 7 34470 1.036025638525233
0 2 0 24 53244 1.0236615627350523
23 27 0 7 88831 0.9120419999023172
25 12 21 25 35884 0.9389411363360177
5 1 8 28 69356 0.9674889509781085
3 16 28 6 64727 0.9601961652134492
18 11 17 1 35907 0.9508314770669545
2 10 18 24 53562 0.9664367616448669
26 24 12 23 23975 1.0698952423489343
11 18 3 2 41676 0.9541223046589294
27 14 3 7 51474 1.08469952266931
10 4 19 25 73841 0.962354652402787
16 24 1 26 49122 0.9361846682973332
17 1 16 18 58851 0.9396046168659299
22 14 19 5 36480 0.9011115126909527
21 12 11 26 55944 0.9658545013850153
23 23 12 5 58882 1.0911151072832914
25 13 15 9 39208 1.0795891753052886
27 23 7 3 71821 0.9285119553147975
13 10 0 12 37526 0.9038150191227116
28 0 12 15 68792 0.9776814130310664
7 27 23 27 68998 1.0272682986586015
2 9 21 0 69442 0.9197184444114489
21 15 25 27 44927 0.9523439405642892
24 9 1 6 67428 1.0366266858362638
9 7 27 27 76449 0.9192691159214456
13 9 2 9 35296 1.0650280792250761
22 29 12 11 63608 1.0656460001534365
29 2 14 27 91617 1.0418270796269273
3 22 13 3 54111 0.9681172026738665
25 12 17 21 40573 1.0669925061100813
6 27 8 4 58585 0.9413641038437224
16 11 20 17 21257 1.060340468197638
29 6 15 26 71730 0.9655424501629182
11 9 3 16 34000 1.065939868877777
5 9 6 19 34214 1.0205225961796627
24 2 23 24 56380 0.9204848231405803
18 29 15 14 44416 1.0512303781647148
1 0 27 25 75715 0.9326493167225764
1 27 12 4 69022 0.9039576472308152
22 24 24 3 61227 0.9669829050759735
0 2 16 7 60490 1.0026614978658577
15 23 28 11 32686 0.9031629001076462
6 25 16 20 37266 0.9676079855930366
3 0 14 27 77653 0.9267031824019935
28 25 22 7 49058 0.9651229397405223
27 11 18 20 25513 0.9893014268555385
2 19 11 18 30225 1.0425074868074062
23 13 0 3 66639 1.0979599714037453
28 17 16 5 59773 0.9538579650921932
9 5 20 26 79425 1.0567853489519496
12 24 8 1 79330 1.0155443099935588
18 14 12 5 36284 0.9159791547284023
2 27 6 0 60482 1.094273407080134
11 27 12 6 78908 1.098109333077495
0 3 11 24 70632 1.0841358307298585
3 17 21 18 29477 0.9846324108059143
1 13 28 8 68145 1.08598855457273
26 4 7 18 68948 1.0198209616131155
10 27 12 19 44509 1.0662981069488502
26 25 16 7 65948 1.0283533778883602
12 22 9 3 69910 1.0825478240479554
29 22 2 5 73305 1.020595038599092
19 21 22 28 24515 0.9891236955418707
25 18 2 2 63549 1.0086370096300334
20 21 25 11 33388 1.0736068762269713
17 18 22 6 41615 1.0383199020637077
21 0 8 25 81602 1.023371743581717
7 28 8 1 67038 1.0145575371166693
7 21 7 8 50831 0.9707972078286197
26 22 15 7 57426 1.0849568136384835
3 14 16 1 51974 0.9395479599272966
11 2 28 25 74286 0.9185714790539242
24 24 14 29 41210 1.0067218968930027
27 3 22 12 41663 0.9215916018543342
5 19 20 13 30227 0.9530338842973616
8 29 22 1 89630 0.9171697932268301
22 1 0 12 76572 1.0054973136594916
26 20 26 5 33951 0.9507528426698875
3 7 13 6 39823 1.0308337322359757
2 13 8 22 35343 1.0456743078680026
28 18 1 29 65258 0.9157842691135193
25 18 18 29 38015 0.9613208328605236
1 25 10 16 30703 0.9876139693702531
16 28 25 9 63411 1.0431349150860751
21 4 1 28 80528 0.9176095231299864
12 6 12 28 83133 0.9573742297876671
22 5 26 17 40080 0.973646843777686
5 21 25 26 57613 1.0185332577972226
7 14 16 13 34390 1.0493624733903104
10 13 24 19 38887 0.9234703381402518
18 6 12 19 48277 0.9118115346639777
5 25 14 20 30973 0.9925241042863436
23 10 8 4 53395 0.9977801707185469
0 28 14 28 54345 1.0989910031904087
4 4 20 22 58716 1.0057408771189935
0 26 12 1 72438 0.9193587353492836
24 25 27 12 26370 1.0568351181380562
1 4 2 28 59839 1.0309097939145426
0 12 26 1 85905 1.0617031912769705
14 17 24 13 33279 0.9153191445090137
17 3 9 5 32947 1.006571147220127
14 1 24 25 69580 0.9128505415932304
7 27 18 26 50120 1.0122649764853173
22 6 29 27 59738 1.0990189929286733
21 2 4 12 63394 1.0459872454463004
26 2 6 10 76535 0.9765444941688111
9 0 22 25 85370 0.9101412964651135
27 11 6 3 69155 0.9496339533015715
0 0 20 4 70046 1.0942197396568374
27 17 2 7 53645 0.9320960235375553
6 3 7 21 46403 0.9621841088434907
6 22 16 10 50192 1.0709032327160264
29 24 8 13 62275 1.0279641509835091
16 10 27 12 38763 1.0662791871817914
29 27 2 9 74905 1.0957717366573194
13 27 19 19 35242 0.980034054829709
8 15 18 5 52597 0.9262628260484786
28 27 14 12 54441 1.022651337791699
14 5 25 2 48827 0.976903754671863
22 24 9 22 39660 0.980676362930739
16 24 7 12 62338 1.024448153544021
0 1 9 13 56857 0.9276963490316256
25 26 1 7 80335 0.9222707712465997
5 10 15 16 32493 0.9701943523479672
7 1 23 21 78846 1.0518382127775217
2 13 27 28 55031 1.0568714794953573
6 26 1 18 30457 1.071375867398512
19 15 25 29 43418 1.0738157068453187
8 0 20 10 47535 0.9594568912496169
1 5 23 28 84545 0.9070908099373327
11 29 1 16 52032 0.9082704679781376
27 22 22 11 31305 0.9229128691405802
0 9 25 0 85656 0.9928539201751571
26 29 14 14 49201 1.0058268103936479
0 29 17 19 55252 1.0396432581532096
21 5 1 15 55727 1.0604913653611057
4 17 18 29 58195 1.0843993338598914
2 3 28 15 67052 0.9758217070601171
7 10 12 22 56459 1.0450816901852285
21 7 2 15 51957 0.9089541608864667
1 27 25 13 67783 0.9521579200633985
15 11 27 15 36922 0.9995294630561908
12 19 19 8 41296 0.9018622266859774
5 9 11 13 33789 0.9264177834251468
24 16 17 7 38428 0.9759968864840955
12 19 23 26 38344 1.0860706272074447
28 23 1 20 58468 0.9165209753854685
0 21 29 6 84465 1.0667115458917125
0 4 8 8 48646 1.0655071634880058
13 14 4 19 32006 1.0969262453504658
18 24 5 15 40217 1.0484800379725776
2 22 10 13 42754 0.9206800378645165
3 17 10 2 46352 1.0063655417565651
5 12 22 27 69102 0.9814017337684318
13 23 18 18 21380 0.9897571559497795
21 24 22 14 38101 1.0952378460694123
0 1 7 29 66020 0.9519776846987973
27 4 3 10 76964 1.0880690427544464
13 27 6 18 44172 1.096270222417199
7 6 22 26 83480 0.9731719894030584
7 25 3 8 37027 0.9107643770318429
8 29 22 3 89350 0.953624215361849
22 23 21 5 46923 0.9070048240977501
10 7 18 29 78398 0.9012696200422387
9 20 7 0 69150 0.9900443892052838
28 11 21 16 23909 0.9332058130779005
13 11 6 20 38568 0.9241476763714939
7 1 16 16 54249 0.9047745964880841
25 20 1 22 57713 1.0568040651386799
21 11 28 22 38999 1.0223535894359819
8 20 22 29 59254 0.999712612070792
19 15 6 0 59265 0.9162505934630963
4 14 13 9 38860 1.0889662067821297
22 26 5 9 71877 0.9296181461418747
4 11 22 21 53274 0.9523392259815109
24 4 7 22 74254 0.9246156325976587
19 27 13 0 70302 0.9807021729585887
7 15 2 7 30857 1.0522251747708968
28 19 13 5 54932 1.008579760627479
4 8 7 21 38909 1.0349960629518407
14 2 21 6 33796 0.9372913699508574
19 6 16 16 30059 1.0076177881684316
29 13 26 20 27242 0.9975759560512572
27 20 15 9 43937 0.9192571380319707
23 29 1 24 72624 0.9628519658786467
14 20 29 19 26635 0.9393935549983498
1 25 18 16 39902 0.9963540046154996
21 15 4 7 48338 1.0199349692504691
7 8 15 13 39880 1.033771960681403
12 4 20 13 37275 0.9183654912987101
29 14 0 29 80379 1.036835161669459
23 18 12 28 53876 1.076058911668303
8 2 16 17 54919 0.9206655992245038
3 1 14 20 51873 0.9334292072421071
23 21 4 16 38701 1.0543096702880699
2 24 22 21 58548 1.052649054500646
27 17 8 9 57652 1.0702550480550899
10 11 12 25 57932 1.0721190182992681
29 1 11 0 70777 1.0303911357296853
19 25 29 4 66928 1.0073981161502963
7 13 20 18 36767 0.9802765207628628
27 22 23 8 31752 0.9884910939168988
15 6 4 20 52677 1.063223644458337
6 24 17 4 70235 1.0076821044689677
16 21 19 13 32447 1.022266144414311
25 1 9 29 96851 0.9836446424696201
27 28 0 29 71795 0.9646589447588764
22 29 6 19 60770 0.9097645193245555
27 1 12 14 69321 0.9989804183671681
11 9 6 25 51382 1.078638952437622
23 19 11 8 48995 0.9249183303650014
10 25 26 11 53846 1.0095611589358733
3 15 24 7 55911 1.0506619926539136
6 2 13 12 43730 0.9516211251783623
28 0 5 10 82813 0.9544595727508746
9 11 18 29 62073 1.0353078137576717
17 26 3 12 57759 0.9176409623571244
27 3 25 25 57239 0.9861862680376614
1 24 18 1 75513 0.9960867376774311
22 25 6 6 74076 1.0658724682849807
10 11 18 7 29474 0.9684180647189405
5 1 24 3 76482 1.0318027972944774
25 2 2 27 89062 0.9585130113117909
17 21 23 6 50050 0.9711812543291511
12 29 19 17 55560 0.9705015011494218
15 10 19 21 37088 0.9799789438484471
20 21 26 17 19070 1.0382585689799095
13 26 13 0 75767 0.9317615612656709
26 11 22 23 24287 1.00506443196023
6 14 16 4 56918 0.9670372301566292
0 28 13 25 41519 1.0569617206451
10 28 20 26 50997 1.0090366581342955
17 27 26 10 46659 0.9820427711500929
11 4 23 2 48043 1.0778978264193193
1 2 17 22 70397 1.0777004342169645
20 17 28 19 16461 1.0971705698283383
9 20 4 6 48206 0.935625561078385
5 2 1 22 49435 1.0705145989602867
4 11 25 11 51520 0.9433313337922372
29 13 8 29 82599 0.9259428398979235
3 20 23 11 46516 1.064096218798631
4 13 6 29 35194 0.9713742765067476
22 3 10 8 66881 1.0105035815872658
28 1 29 16 60532 0.9524769163592568
19 24 20 14 23420 1.0542925814162982
23 14 17 27 45266 0.9963060651540259
7 16 21 23 31562 1.082877031949929
24 0 28 26 58656 1.0282458825334948
23 19 5 22 41119 0.9173992064523011
5 20 15 20 28451 0.9704468182915239
26 29 20 17 34510 1.0984318441150238
22 0 19 29 73196 1.0623980912101971
5 10 1 24 35763 0.9323799370127526
9 23 20 10 57510 1.08628667506141
18 16 3 14 20728 1.0549058018411128
19 10 14 20 35638 0.9950930343435584
13 27 3 5 69750 1.0247949309217548
17 24 4 21 40352 0.9101045487492428
24 19 27 5 39755 1.018944992505367
5 14 20 0 55869 1.094942626900526
4 26 29 3 102950 1.0203737453185366
0 15 27 27 53140 0.9500897469490168
15 28 4 28 61080 0.9371453343834477
28 11 11 3 62845 1.0697025563966318
9 25 24 1 87155 0.9223804477869018
11 14 1 1 51980 0.9628251909992357
9 8 19 17 51662 0.9346326776103163
28 7 13 22 55760 1.0450099099254366
24 17 15 12 29080 0.90341369698857
19 12 24 1 35880 0.9006216314089315
0 17 22 11 43412 1.0548939275333826
7 11 21 4 46792 0.9787169241898984
9 4 1 22 60255 0.942466863073518
27 26 11 12 47479 1.0750303494102285
19 26 16 19 22594 1.0167823940319114
1 2 24 20 70558 1.0408698731100778
20 8 1 20 54097 1.046582435718019
4 10 2 21 28124 1.0723290999457582
6 20 1 9 35993 0.9220411545387869
3 12 14 10 25840 1.0528792620970493
6 29 17 9 67287 0.937982285969071
19 5 0 2 65449 1.0475344548156584
19 8 8 24 61387 0.97449012903711
7 6 7 27 57989 0.915097236648435
28 2 24 29 78396 1.0339809067953785
18 13 23 20 27462 1.0508955022194921
17 25 2 21 49464 1.0146192482694094
24 1 26 17 45543 0.9530718617279491
22 21 7 16 38169 1.0998127317776958
11 10 24 27 73661 1.0304090629983773
11 28 18 10 71652 0.9799293400407826
20 0 0 2 69237 1.061034592676432
28 1 21 4 37864 1.077592623391186
6 16 25 17 28036 0.9034530740500661
16 12 27 25 44095 0.9534957437348354
26 4 4 22 77581 1.0727503556408782
7 15 15 23 36824 1.0405538094807816
4 4 15 29 92738 0.9711312600283629
10 9 25 2 65607 1.0532936455297568
15 14 27 26 35500 1.0132376437290533
0 4 4 23 53066 0.9860288564544483
12 7 4 5 40314 1.0206043748232867
4 0 13 2 37223 1.073343507190037
5 2 12 15 44639 0.9521994970446737
17 8 5 25 66004 0.960125643132366
20 19 10 28 53024 0.9820591754278184
11 8 2 10 35689 1.0203206283110269
22 2 17 20 54832 0.9004038334498635
5 23 21 29 61352 1.0895071789180126
24 23 21 8 45596 1.028667307765552
14 18 8 10 38235 1.0593322187136565
12 4 19 12 33997 0.9643861126064247
13 12 15 23 39971 0.9064041746356722
17 11 15 22 38370 1.0597274463009945
12 15 17 25 39401 1.0418206247951756
23 4 11 16 42385 0.9607248690287622
3 24 22 26 60287 0.9842927002293143
20 10 11 3 35015 0.9272034848142661
23 14 6 10 53355 0.9774364748860591
26 19 6 8 65115 0.9151875963411052
25 26 15 22 31788 0.9026174782220183
16 12 10 0 40249 1.0916803471071468
9 11 2 7 24534 1.0453957848582225
3 24 20 23 42902 0.9705314994531336
0 22 14 4 60225 1.088345595816477
29 25 8 1 85880 1.0893388505720936
1 17 14 1 50714 1.054128801453283
14 16 2 15 18208 0.9172827131732765
7 21 27 15 47330 0.9180061509760519
19 28 11 10 59617 1.0992250025376697
13 19 4 23 37551 1.0742495094508007
7 18 28 18 44649 1.0375023342970933
12 9 1 16 32476 0.9714693735747928
17 22 7 0 79346 0.9267281510139248
26 13 12 10 42238 0.954133680169503
9 16 3 12 13758 0.9138505169403071
29 24 1 24 64265 1.0666584414876241
6 25 8 3 55255 1.0644488942235246
9 25 24 5 81568 1.0535837148105496
20 16 14 3 35165 1.0125063888244998
10 24 28 24 43825 0.9578512590267202
17 19 5 13 30504 0.9121802750855129
18 13 17 23 30720 1.017802884369012
3 26 19 28 56638 1.0694910437326746
21 28 15 3 67974 0.9760678825780171
28 22 2 3 69865 1.0324196194394073
2 26 28 14 62014 0.9446959132560757
29 0 16 3 53616 1.0409982707897385
2 29 18 12 55012 0.9855688263892339
27 0 8 8 85969 0.9616734701582419
11 15 9 4 56194 0.9635108587342497
14 20 26 8 44066 1.0536362523193799
16 18 21 11 28562 1.0505781258532143
28 8 19 27 47628 1.0865740972465114
22 11 6 13 43189 0.9057927339180101
18 7 16 20 48741 1.0952698082198948
25 27 6 20 61532 0.9339303147644918
4 21 22 20 46622 0.930955300562301
10 24 17 17 48431 0.9196845497288123
18 13 24 27 55306 0.961017318035506
0 10 0 26 40303 0.9536605443404318
12 22 26 20 30616 0.9678660663319634
18 14 21 26 36101 1.0051060518524337
26 23 0 25 60117 0.9600815574493535
5 8 19 3 66412 0.9203946150524949
14 1 21 22 58322 0.9972198678314526
26 1 14 2 49169 1.0927614518463755
25 16 9 20 43374 1.0817436271245835
25 2 17 27 74503 1.0833795684887229
16 21 27 6 57173 0.948823528547774
19 7 24 14 40829 1.04272093086978
6 29 21 4 74261 0.9244067679003414
0 2 25 13 77230 0.998403307887275
27 24 18 23 11895 0.9703574162035552
0 17 19 5 57176 0.9782901858063563
6 21 8 12 35149 1.0642022830090339
6 17 13 14 24971 1.0649191210352604
6 26 14 8 52245 1.0214901358147364
21 27 13 0 76611 1.0896851101365181
10 16 21 3 46664 0.9015159058165879
12 19 9 9 43038 0.9155761907876547
1 28 26 10 74488 0.9790693847152129
10 15 16 0 50976 1.0737241712532875
20 7 10 14 43198 1.080335670611528
25 23 6 6 68361 0.9202747840168466
29 17 4 18 48112 0.9052318311554478
0 22 23 5 70538 1.015217093182283
5 8 24 1 79413 0.9046380263589849
5 6 6 16 27058 0.9597941918332754
12 15 12 4 30810 1.0031010664668145
23 11 22 0 22502 0.9346033381642356
14 1 26 19 53623 0.925943525753027
25 23 28 6 41035 1.0427059303039203
8 16 9 29 37150 1.0198875308247461
1 29 4 11 37705 1.014691479698396
21 5 25 19 43261 1.0451449020794572
8 21 7 1 61619 1.0035191601521518
4 0 24 16 54538 0.9643531439316813
6 15 7 28 37287 1.0979116948171346
1 6 8 1 28382 0.9440587706668196
16 11 24 8 27244 1.0558918610770414
24 4 23 17 41559 1.0646022846395296
10 4 10 15 54528 0.9834943579940566
23 18 13 26 40145 1.0469237385175947
13 10 24 5 45229 1.062717371907585
12 5 25 8 54807 1.0053355104575965
4 14 16 17 29601 1.0141791147795087
15 26 6 11 64875 0.9493704893910171
3 18 27 10 44646 1.027294095850092
26 24 5 14 49800 0.9061430465358192
0 25 23 12 62434 1.025383795071229
11 0 28 9 68764 1.094915498022131
22 12 29 5 43678 0.9530930147837484
14 9 10 26 64027 0.9251004260398153
15 18 0 16 23876 1.081737223378425
13 25 20 8 50076 1.048199972809158
15 29 26 19 51561 0.9762903627836669
18 15 9 11 30505 1.0329718583795693
16 3 22 7 36380 0.9753875085438777
14 16 13 0 36690 1.0334782805958995
21 21 29 7 54836 1.0980797177231347
24 0 9 26 88895 1.0606382287206542
19 20 24 0 52515 1.0215861755894404
20 15 8 0 54136 0.9072762711587316
11 21 16 29 49850 1.003381428671761
24 14 29 3 63932 0.9413530131115223
25 17 22 0 49706 0.968897089364605
7 13 21 21 49407 0.9651305202969198
10 3 5 8 37624 0.9466117263644762
27 24 0 10 60454 1.01395833931743
22 17 28 11 27182 0.9329361297628549
1 17 8 5 43826 1.0139488939338963
15 26 23 6 64258 1.0072046627989244
7 11 19 28 62938 1.0575145865546067
22 0 26 28 59198 1.0672956228587913
22 21 7 5 79760 0.9772996206266303
25 2 14 27 78976 1.0670872375981109
7 19 14 29 56570 0.9050278993808123
14 0 11 13 31486 1.0700868129871244
24 12 1 5 68851 0.9998856726376859
3 29 11 6 64745 1.0601088061009931
11 28 26 11 64911 1.0403504961590144
14 3 29 21 65486 0.9804657149967433
25 0 20 15 43500 1.0296137056610832
13 12 29 6 59732 1.041455701964562
