6191 5246 5803 5518 6690 6320 6221 5405 5553 5133 5623 4748 5379 4926 4241 5699 4261 4723 4538 4633 5417 4915 4224 5081 5191 5018 5094 4295 4688
8054 7068 6630 7428 7515 4706 4841 4746 4248 4159 3657 4171 3685 3837 4036 3773 4123 4777 3582 4836 3580 4132 4536 3826 4379 3302 3720 4418 4658
7896 6942 6425 7961 7394 7675 7961 6738 7845 7824 6356 7080 7913 6915 6792 6209 7644 7569 7201 7487 7467 7813 2125 3539 2580 3049 2629 3606 2235
3530 4204 3355 2693 3485 3049 3814 2723 2915 4071 3675 3495 2957 4269 3343 2893 2830 3766 5102 6143 5537 5607 5251 4636 4755 5429 4704 4384 4723
2152 2493 2694 3354 3041 1828 3539 3197 1943 2404 1892 1806 1777 2007 1558 2686 2901 1724 3059 2526 1431 2886 2656 2173 1540 2184 2817 1452 1720
4681 3922 3634 5286 4273 3734 4039 4117 4231 4790 4480 7403 8028 8388 8681 8315 7257 7920 7270 7107 8059 7655 7789 8404 8660 8190 7127 8712 7239
1722 1583 2164 2212 2613 1237 1173 2257 2424 1265 1839 2645 1948 2921 1122 1064 1780 1417 2644 4957 3867 4215 3843 5588 4111 4466 5090 5263 5419
4755 4161 3738 4184 5089 5195 4410 4883 3810 4521 4108 4123 5179 3687 4620 5057 5265 5540 4102 5169 3957 4561 3670 5324 5012 4588 6074 5735 5469
1855 2207 2281 2880 1290 1152 2805 2458 2629 2155 2446 3072 1841 2275 2110 1991 3389 2423 1926 2207 1755 2939 2849 2618 2352 1983 2517 3438 2766
5062 3960 3912 4355 4700 6503 6174 6534 6523 6834 7215 6033 6412 6923 6505 7274 7110 6961 6755 7715 6849 5995 7434 7170 6513 6086 6111 7400 6366
7109 6389 7163 7481 5977 6058 6783 7373 7738 7791 6270 7270 6057 7402 7190 5802 5766 6391 6464 6695 6293 6544 6959 7413 7592 6697 6177 5944 7519
6182 5763 6157 6472 6243 6208 5367 6763 6619 5969 6777 6970 5326 6656 5605 6458 6777 5211 6101 6319 5437 5936 6760 5233 4049 4706 4862 4675 4098
7191 7080 7480 7085 8207 7168 7963 8181 6854 6836 8525 8401 7403 6977 6833 8265 8646 8180 6994 6772 5500 6098 5951 5683 5860 5667 5494 6959 5282
5150 5406 6471 5111 5753 5125 5098 5152 5287 6141 6130 5722 6533 5682 5484 6371 5707 6568 6362 5931 6959 5075 5125 6635 6892 6561 5333 6273 5265
5827 5261 5799 5222 3977 4735 5386 4198 4926 4536 4940 5652 5657 5264 5406 6572 5604 5891 6012 6666 4901 5678 5975 6154 5219 5663 6351 6333 5587
7375 5197 3931 4783 4288 4793 5261 4320 5366 4567 3883 4986 5380 3841 5217 3597 4208 4880 5081 3592 3779 3787 4335 4661 5099 3685 4151 5189 4748
5168 5954 6376 7854 7180 7200 8337 8111 8650 7764 8113 6960 8440 7878 8642 7950 8641 7528 7681 8242 6951 8621 7583 8597 7590 8129 8016 7435 8111
2464 3718 3857 3924 3962 3659 3758 3144 3045 2858 3106 3828 2888 6515 5360 6026 6150 6317 6885 6619 5375 6508 6903 6479 6769 6766 6644 6418 6474
5930 7185 8325 6916 7520 8486 8154 7584 7108 7281 8694 7522 8115 7547 7970 8114 7803 8287 8142 7884 8174 8027 8793 7770 7517 8666 7949 8074 7342
7628 6690 7397 8347 7634 7269 8149 7807 7617 8106 7507 7408 3264 4535 3345 4357 4157 3804 2979 4228 3481 3390 3735 3018 2891 3054 3628 3732 3683
5832 5685 6011 5718 6347 5831 6016 6308 5968 6660 6866 7066 6657 5519 5526 3040 3574 4558 3901 4339 3301 3347 3994 3932 4375 3283 3669 3953 3356
5981 5256 6351 7789 8545 6757 7179 8021 7203 8081 7543 7591 7905 7596 7375 7079 8500 8449 6699 7688 7890 7673 6940 8094 8242 6780 7208 7459 7511
2098 2563 1890 2527 2171 1580 3012 1561 1734 2596 2833 2373 2613 3064 2063 2221 1924 1701 2196 2253 6136 5726 5291 5629 5791 5297 5887 6418 5987
2140 3692 3131 2357 2842 3851 2680 3509 2382 2312 2167 3438 2653 2445 3747 3468 2356 3136 2670 3935 3717 2617 3914 3112 2593 3607 2442 3128 3669
3693 4031 4469 3547 3831 4725 5046 7158 6439 5520 6689 7148 7119 5417 6891 6911 6139 6446 6674 6117 5706 5715 6920 5869 6646 7162 6348 6907 6248
6391 6662 7633 6760 7176 7936 8152 8101 8040 6370 7564 6962 7018 7083 7287 7182 7273 6617 6974 7312 7690 7972 7771 6425 7661 7122 7244 6702 6717
7768 7999 6409 7990 6609 7388 7427 6410 6779 6550 6887 6208 7961 7685 7835 6227 6445 7980 7344 5347 5658 5652 4833 4676 5624 5611 5602 4181 4528
3093 3772 3789 3941 2480 3241 3619 2674 3260 3109 2387 3790 3473 2986 2828 2748 2922 1956 2762 2741 3170 2597 1976 3301 3360 2442 1804 3462 3398
2888 3780 2938 3272 3051 2925 3771 2886 3848 2493 3074 3855 3382 3895 2946 3620 3387 4263 2755 2492 3176 6946 5638 5630 5714 5844 6743 6558 5840
4860 3821 4432 3566 4877 3685 3923 3068 3202 4160 3010 4157 4225 5500 4401 4456 5031 4885 4094 5205 4446 4993 4676 5733 4448 5001 5420 4346 4899
5160 7055 2757 3393 6697 2294 7473 2746 4076 6469 2317 7673 4389 1747 4343 7432 2468 5266 2694 2370 6955 2224 1821 2205 5408 7505 2461 1422 2668 6541
4939 5189 3260 4007 6046 2937 7662 1871 3125 6569 1452 6888 4537 3055 2802 7039 1309 5147 1710 2386 6902 3234 1461 3031 4465 7311 1611 2436 2960 6803
5268 6105 3629 3740 7346 3364 6020 1881 3812 6127 2484 7312 3763 1443 3990 1590 1619 5138 3172 2509 7280 3354 1538 2893 5462 7536 2699 1318 2331 5513
6010 6059 3022 4311 6379 2940 6726 2633 3777 6452 1688 8068 4419 1555 4316 1581 1394 5212 1448 3660 6893 2660 1112 2220 4274 6931 1104 2709 2562 7064
4581 6298 3965 3842 6461 2674 6139 2051 6421 5963 2358 6662 4263 2092 3772 2572 1591 4231 2349 2962 6299 3014 2710 2343 3827 8193 1412 2179 2851 5937
5219 6080 4016 3183 6606 2127 7012 2432 5812 6221 1298 7830 4725 6870 4149 2158 1431 4903 3102 4021 7889 2971 1215 2780 4073 7974 1043 1735 1756 6682
4703 5311 3240 4129 7187 2684 6419 2736 5653 7315 1532 7331 1829 7211 3588 3189 2372 5019 2275 2406 2906 2909 2891 2912 5457 7606 1305 2166 2390 7057
5958 5346 3616 2840 7323 2770 6314 2585 6169 6875 1435 6743 1831 8127 3296 3172 2618 5407 2282 4314 2323 3259 1547 3109 3677 4191 2468 1623 1782 5465
4726 4162 3361 2842 5698 1810 7878 3365 6829 6521 2291 8339 1448 6837 4238 1795 2963 5728 3097 4595 3752 2879 1668 2647 5014 3732 2767 2429 1980 6130
5443 5548 2650 3794 7048 3313 6969 3572 5381 8162 2245 3681 2621 7588 4008 2205 2341 5830 2968 5514 3249 2954 2051 3685 4485 4018 1537 1332 1849 6473
5498 5037 3842 4282 7020 3385 6464 3585 6315 6974 2303 4193 1465 7910 2830 2199 3007 4805 1940 4292 3435 2280 2039 3836 5223 4456 2743 1973 1382 6494
5568 5044 3454 3990 6244 1619 6300 2247 5733 8307 2253 4338 1597 6717 4120 2163 2801 5383 2538 4601 2916 2547 2193 2523 5299 3583 1894 2551 2219 6790
4599 4881 2592 4184 7157 1896 7111 2892 6377 8148 1741 3331 2884 7332 2588 1640 1353 5035 2371 4469 1969 3368 1198 3186 4726 4107 2276 2163 2229 6743
3853 4391 2912 4684 6465 3268 7507 2934 5428 7706 1376 4518 3058 6475 3353 1488 2269 5429 3107 4345 3746 2758 2517 3748 4191 3908 3153 2922 2759 7104
4337 4665 3201 4314 6308 3077 6778 2014 6391 6963 2046 4372 2184 7738 3430 2272 2460 4552 2050 4720 2756 3619 2303 2738 3944 3799 1840 1314 2054 5822
5145 5103 3859 4202 6282 1518 6789 2320 7185 8190 2918 3021 2935 7283 3201 2453 3028 4206 2034 4842 3503 2585 1745 3454 4721 4427 2846 2767 1921 6983
4770 5503 3664 3515 5784 1817 6296 3341 6425 7593 5860 3518 2799 6769 3346 2843 1860 5588 2438 4629 2725 2021 2185 2753 4356 4885 2937 2832 2036 6094
4249 5465 3498 3783 6105 2570 7180 2819 5359 7082 5925 4472 1497 6585 3542 1950 2986 4961 2651 5407 3217 3428 2539 3225 2792 4422 2281 1443 1685 5318
4130 5379 2523 3573 5519 1617 6805 3184 6509 8543 5999 3237 2284 7050 7649 2314 2958 4294 1481 5624 3064 3264 5174 3267 4124 3833 1590 2134 1917 5872
5010 4149 3799 3724 6388 1494 7636 3349 7207 7093 5621 4400 2720 6755 5933 1793 2454 2102 3263 5989 3439 2730 4715 3329 2577 3788 1864 2962 2485 5485
4886 4986 2448 3099 7119 2596 2793 3548 6912 8605 5261 4547 2769 8161 7372 2747 1214 2848 1668 5324 2962 3371 5588 3555 2782 4744 2730 3034 2060 6897
4214 4247 4076 6598 5521 1902 3521 1764 6689 7128 6240 3520 2254 6677 5888 1546 2042 2993 2126 4185 3539 2827 4237 3231 3595 4217 2132 2881 2823 5497
4565 3895 3654 5132 6409 2787 3483 6325 6140 8495 5686 3632 1974 6540 6445 1513 1603 2385 1757 4678 2980 2067 4368 4253 2718 3911 2835 3075 2936 6425
3916 4630 2749 6166 6919 2937 1839 6986 5926 8329 5819 4549 1954 6605 7277 3090 3013 2497 2547 5637 3169 3290 4055 3965 3055 3559 3138 2181 2596 5307
4993 5058 2798 6756 6930 3332 2121 5125 6916 8407 5493 4829 1177 8252 6537 1887 2879 2730 1899 5424 3024 2738 4764 4774 2615 4343 1940 1772 2089 5968
4823 5699 3422 5651 5643 1866 1663 6371 6602 8288 5509 3305 2676 6822 7010 3080 1739 2644 2120 5661 2844 3610 5092 4990 3815 4727 2566 5537 2688 7810
3554 5199 2699 5804 4082 2162 2687 5740 6334 8153 6640 3514 1180 6926 6340 1901 2568 2949 3234 5778 2228 3846 4905 3549 4337 4958 3300 6027 3093 7167
3596 4207 3521 5241 4691 5762 2992 5956 6104 8381 6299 3625 3030 6374 6359 2432 4709 2651 2848 4482 2979 3787 4011 4966 3971 4433 1933 5877 1806 6943
3897 3907 3710 6709 4197 6946 2641 6200 6879 8597 5265 3246 1801 7937 6365 2004 5737 2369 3249 4719 2682 7113 5831 4514 4046 4508 2241 5672 2845 8179
15 14 25 15 27353 1.026789767660678
17 10 12 23 64683 0.9268006517300568
5 26 25 14 74433 1.0233620805703583
25 17 7 17 50471 0.9773796849494878
2 23 5 9 38176 0.9744280868243279
25 12 16 5 32790 1.0754060011454023
2 1 22 10 75040 1.0061663569588046
12 22 28 27 58545 0.961377983186795
19 8 0 29 100685 0.975457673709219
16 15 7 3 46168 0.9245436491464006
4 5 22 27 86333 1.0311125145751505
21 12 29 23 50123 1.0831073971681406
10 10 7 23 38127 0.9622336616925304
19 26 5 14 58582 1.0422863556852269
14 23 17 4 82389 1.047344413510222
4 8 29 5 70117 0.9166426445455839
10 26 28 17 69021 0.9127857574035262
12 10 24 26 74650 0.9266024013717197
3 13 20 18 48520 0.9100081081615855
16 6 0 19 72364 0.9958481955070169
7 12 28 26 78932 1.0110276277103452
14 29 9 11 64099 1.069366959418622
28 13 18 29 74543 0.9232379865763971
1 18 6 2 40861 0.9474689272689893
20 5 29 7 27427 1.0225314180379323
20 28 5 3 84757 0.9536817558738562
2 4 9 11 39328 1.087031053594976
26 1 0 20 109003 0.910148311226584
26 6 3 1 69138 1.0051896034613559
0 29 9 10 62172 1.0420336229564784
1 29 15 1 101891 1.0790350074138904
17 2 2 21 79472 0.9593790964108551
15 4 27 26 80983 1.0912784552218897
22 28 5 18 61642 1.0822911211020882
19 12 28 4 42613 1.040783104704337
19 27 12 10 73645 1.0987761606673205
14 2 20 22 76590 1.062954879643192
29 5 29 24 69634 1.0078943951574963
29 18 20 17 25196 0.9139949178650308
27 4 2 9 74191 0.9992097949901946
13 24 26 1 104965 0.9837152604223517
1 13 22 27 76866 0.9344471592156912
25 0 24 13 50831 0.984564620875974
29 6 18 24 76369 1.0004093228281026
22 5 14 26 73838 0.9953612641786727
27 6 23 26 66477 0.9565944005439828
29 5 27 19 47832 1.0874768718512722
25 2 5 17 79703 0.998060831438379
24 9 5 27 89841 1.0686271383177677
5 21 16 3 74626 1.0884580608668157
1 29 20 24 57394 0.9192014290854238
17 28 12 5 83886 1.090885163310956
12 0 7 6 39214 1.069146948280491
1 3 14 29 91904 1.0892724719478866
4 28 1 11 47509 0.9267672421981797
19 1 7 9 61392 0.9689089223653121
15 13 27 16 38509 0.944850614602161
12 17 2 3 62134 0.9373505735983643
5 2 12 12 34636 1.0583759841901181
2 25 29 27 69043 1.0097532330806889
7 10 10 24 44618 1.0727004950227315
4 3 27 25 100422 0.9797076300119129
12 2 11 11 44573 1.0775722459648394
2 22 19 16 53215 1.0205863479948392
18 5 0 14 59940 1.0494075030568366
28 2 14 29 110295 1.0266812441769029
27 23 8 19 60461 0.9091625419404185
1 19 25 27 71999 1.060215287349466
25 17 4 6 68935 1.0116655801788423
7 4 1 19 45227 1.013348583514652
18 21 24 5 55244 0.9963353274433575
3 7 5 17 29035 0.9699577552755345
7 21 21 5 69873 0.9973785456046904
8 17 21 23 47481 1.0441572240175183
25 17 17 21 32986 0.9122563858260477
3 19 16 16 39409 0.9375991070583248
15 10 20 25 69003 0.9499359499852614
18 11 27 6 39233 1.094367897076725
15 11 8 16 28460 1.08540379226186
13 16 23 16 22874 1.097047135238964
3 24 18 14 61593 1.0205317795706306
16 20 8 26 34840 0.9880821946310232
14 14 23 12 31883 0.9780297137628335
3 26 19 5 78445 0.9241473542521353
16 22 25 3 79402 0.9066112466693429
24 7 27 27 68847 1.0581533427599707
22 21 17 6 53690 1.0389842932143827
17 1 17 20 75460 1.0915913970398308
13 23 2 5 61855 0.9403585876206071
23 24 27 6 60277 0.9186770421886211
15 3 0 15 67347 0.9357319781200211
13 26 3 14 48135 1.0688076587009279
13 3 20 12 50194 1.0558095801201905
29 4 1 5 75830 0.9596917247811036
7 29 8 14 41748 1.0845069801711733
5 10 23 16 48682 0.9709040904924648
28 5 19 10 43735 0.9394225241223886
22 4 2 7 50914 0.9677648690388856
24 3 14 25 92171 1.0681338544428045
11 22 27 12 62658 1.039505596932766
2 21 9 4 52536 1.081360099198394
1 16 24 21 63266 0.9132686341635722
5 3 24 19 75834 0.9036029220054783
15 0 5 17 72719 1.0965230036650921
23 19 4 16 48935 0.9749919425922063
8 13 21 7 47217 1.0656774082856804
22 26 4 12 69926 0.9578550001737244
24 10 5 18 62927 0.9030326721610807
13 13 3 20 47388 1.0549167116612024
11 19 22 4 63274 1.0585021594785158
2 14 14 6 52781 0.9589351451527142
29 28 20 10 74116 1.0091495448791392
6 6 29 14 71205 1.0696404337245324
20 13 8 5 50866 1.0488432435311756
15 18 24 17 22244 0.9158608624919211
14 28 21 19 48755 0.9018211149900272
9 29 24 5 99294 1.0083778944501633
19 14 14 20 35696 0.9894767270742866
6 12 26 2 69387 1.087054991949273
9 1 25 12 65496 0.9356462778508994
6 13 3 0 39333 1.006050470688804
29 24 8 13 75542 1.0395028483288666
13 16 19 9 52051 1.082065759632099
9 17 1 6 47133 0.9283684190889312
9 5 16 2 33419 0.9589224375156518
12 15 0 2 57646 0.9584721996627888
7 16 15 27 44260 0.9606046870664591
3 13 22 16 47622 0.9814975031216305
15 5 10 17 54372 1.0886303536630375
16 21 28 3 77422 1.0308804760399894
10 26 19 21 37648 0.9999473350098983
14 0 17 19 88154 0.937477097981093
9 10 26 18 57394 0.9883959232126905
26 27 10 9 95791 1.0288448537923491
16 21 4 19 35547 1.0219204015725047
5 29 28 2 120690 1.0965867829605862
9 18 21 20 37186 0.9599250949757014
19 12 9 4 47999 0.9644132322968214
11 23 23 21 40520 0.9785085007848147
19 22 19 5 55638 0.9609622672263305
12 23 18 11 66049 0.9390584195847045
3 19 17 11 49731 0.9343197453727963
12 22 9 3 54536 0.983204066169707
13 2 17 25 99299 0.93997379486558
10 7 0 14 39003 0.9149882922245336
1 7 21 21 79571 0.9016075705045586
8 8 26 29 93151 1.0618161373895827
19 17 4 10 49862 1.0770925678345578
1 16 27 9 68821 0.9350603651038589
10 1 23 13 69222 1.0834397541909582
16 15 0 14 42692 0.9098024844427522
25 19 9 16 47575 1.015335266274792
1 2 8 8 33990 0.9473948837992939
19 25 6 10 63376 1.0499546996190992
25 16 20 1 51529 0.9486775903417561
24 18 11 11 51841 1.0003263584789737
2 25 26 26 56149 1.0794247645481827
12 20 21 27 48203 1.0634030412013562
22 12 17 24 47626 1.0849700892514702
0 29 17 16 72024 0.9946970138048487
26 15 8 17 44358 1.0529549463530314
10 16 4 22 27843 0.9216746829949521
22 10 20 18 22586 1.0933167510651522
9 3 22 24 87904 0.9809452189350816
7 9 2 1 41060 0.9402822240159383
14 23 17 6 75795 0.9334329666272433
18 28 7 5 75031 0.9557894272889975
26 28 2 16 77984 1.0524490641935031
10 11 20 8 49474 1.018677534100049
14 29 29 9 94334 1.0675798835489225
23 1 1 28 108501 1.0942787691897946
2 0 22 7 71741 0.9795674759992428
25 8 22 23 60303 1.0827074403348542
23 2 25 13 38054 0.9893953991083009
21 29 0 13 83401 0.923774208883079
2 9 18 26 77194 0.9230143566175891
20 27 18 13 59557 1.0695378706005423
13 2 4 21 62362 1.0627985222302168
18 19 11 16 33236 1.0599236151638172
0 13 13 2 53091 1.029079883650318
23 24 17 16 36068 1.0387068476697612
10 4 1 15 47566 0.9290172750685178
13 11 23 2 54153 1.0626201433400937
29 16 29 2 52506 0.9808995765194699
2 12 25 15 58829 0.9225822157016461
15 29 7 26 27643 1.0306117949503215
25 2 1 0 87877 0.906116878283672
6 25 21 15 62320 0.9257553052474382
7 27 7 15 33744 0.9884716050300061
25 21 9 12 59884 1.0122437385794196
29 15 29 2 48050 0.9324054649354341
1 28 0 5 71374 0.9313144933102048
16 28 24 15 56516 0.932864870405807
11 20 0 1 74022 1.067477841250189
20 3 2 18 77065 1.0415948191682607
3 26 23 22 55983 1.0803281647209833
9 8 29 18 76047 0.9815955041840132
1 28 26 29 60868 1.0053005537058854
9 1 29 27 114299 1.041245529090555
3 24 8 0 62514 1.0434400584242123
17 4 2 8 47180 0.928348320684848
15 0 14 26 104432 0.9043981573086751
27 3 5 22 94625 1.0645185503047427
0 5 18 14 66772 0.9859453597669475
15 26 9 15 44437 1.0615353914639132
18 27 12 10 71511 0.9075846909148138
17 22 8 1 66130 1.0180546687695107
13 20 10 27 36095 1.0401185246247011
2 12 9 16 25501 1.0121553552107012
12 15 19 21 37377 1.052460311961585
8 2 28 23 94199 0.9949020097713219
29 19 22 3 55721 0.9959801026306968
8 15 18 29 59843 1.0048859827255656
20 14 4 27 66118 1.0441167412078696
27 9 2 2 80803 0.974115551512717
23 11 22 21 29583 1.0160388201576709
2 23 29 14 79021 1.0152110409076436
2 12 20 0 81577 0.9941930501421149
13 25 12 15 52572 1.004505706187594
13 2 20 16 61535 1.0480004540596575
22 20 4 28 61833 0.9963297049481175
1 25 17 16 60632 1.0303346340709552
5 16 11 23 30530 1.0776851536275383
20 15 0 4 70867 1.046326412204223
13 26 8 11 46947 1.0097686937188088
21 27 5 5 80778 0.9396776406596278
16 3 5 24 83195 0.9552044364336092
4 5 11 8 29817 0.9094660903762367
9 25 21 28 38246 0.96037411759151
29 16 7 0 87494 1.0644082954270502
23 8 13 26 73575 0.9769543614703061
1 17 5 11 24941 1.0924720384093731
9 4 14 22 57749 0.9875310918961165
18 18 29 25 48943 0.9005117367408983
13 16 3 4 48408 1.0830111024748992
19 4 8 6 34676 0.9369615691411717
21 21 1 6 84412 1.038680759032608
8 14 28 11 52477 0.97603632517008
12 15 20 26 55329 1.0553672051418999
1 12 28 23 89199 1.0567975661398994
7 26 20 17 53678 1.0550994444805604
25 28 2 5 100358 1.0216946527521822
6 1 20 12 52564 0.9381297435087831
18 25 11 6 90594 0.9319686537345571
21 7 3 4 54918 1.02115841367089
9 22 22 6 69555 0.9308785730268991
19 0 27 25 86098 0.9078009949183572
0 17 2 27 38634 1.0694779130516763
7 15 18 25 58891 0.9032825588758485
2 4 27 29 116931 1.0475234754556815
16 27 29 23 49125 0.9801634049389927
2 10 13 9 27769 1.0205527848017386
21 18 16 27 41744 0.9432569953995309
27 26 29 15 34411 0.9071202765514846
27 21 9 29 66129 0.9693292390644557
23 11 25 3 33748 0.9504334059860589
10 20 26 23 61017 1.0609526458029503
26 20 15 21 35047 1.0482694041999603
3 15 19 29 65244 1.0317421605666997
24 24 16 0 85993 1.0691854443914686
17 29 8 23 37811 0.986520344336814
21 15 11 16 26580 0.9220523850735249
20 29 28 5 89139 0.9035217716156081
0 29 16 8 91254 0.9311842294546236
10 14 13 2 51429 0.9751608472654663
0 29 25 10 107496 1.059211595132209
1 2 24 17 84394 0.9433676938193518
21 20 16 9 50483 0.989090549578548
11 8 20 3 47674 1.0312072301031558
14 5 4 29 72731 1.0683850584854715
1 29 9 9 66064 0.9304711110152901
10 16 27 23 56860 0.9701358531664798
25 16 9 11 52613 0.9405121428229825
21 3 2 6 64812 1.0048059567000494
11 6 19 1 43857 1.054212689564004
8 21 9 8 37048 1.079515361455675
11 3 22 27 97870 1.0918164497688319
29 10 7 23 79954 1.032273527921788
4 0 15 1 46691 1.062055101106223
20 12 26 21 39393 1.064076574782812
7 23 14 8 55262 1.091745425755868
8 5 22 18 57979 1.0198857281446891
15 29 6 16 51558 0.9712438846174181
26 13 12 22 67246 1.041299194130501
27 2 24 9 38565 0.9329125131729648
14 18 14 1 77290 1.0332727563718505
12 24 27 6 89040 0.9913028445102119
9 24 25 21 56506 0.9980180847233396
0 24 24 17 72597 1.0931299996998682
19 18 10 26 48336 0.9166351007104127
6 5 24 0 56438 0.9207848561257371
1 21 3 4 51951 0.992872725341719
29 25 24 18 36101 1.016489237001085
7 26 29 7 97437 0.9200754503432191
5 0 14 18 59183 1.0538810642646892
15 4 3 21 65328 1.091004282296544
0 4 23 23 98465 0.9793838645236432
20 0 2 12 81577 1.0305543931102976
22 19 10 4 64207 1.0210405450907576
28 29 15 21 60629 1.045399218229166
18 23 23 2 66890 1.064331291952128
7 14 0 3 46356 0.9970518946295289
20 19 6 14 43779 1.0270644734643328
20 15 0 23 59656 0.9380280186465016
16 20 15 4 70347 0.9934656383203138
24 4 16 16 48719 0.9303355998649281
15 18 1 17 37292 1.0026535466383593
5 24 24 8 87634 0.9999892745283867
29 14 18 19 41814 1.0608869264605698
29 24 17 1 91036 1.0343699587891297
7 3 9 26 57999 0.9601804824504757
19 6 17 15 44896 1.0957853119177736
9 24 13 15 37113 1.0988256142125497
10 22 8 14 22459 1.0337559372353344
12 17 1 27 52324 0.967441311926343
6 19 29 11 67020 1.0477932395685532
25 8 23 28 71260 1.044789655315707
1 26 14 15 49564 1.0637200037775867
28 13 15 3 53647 0.9052413783020092
19 0 0 3 75592 0.9753093021071899
8 29 6 14 37290 1.0717105633568893
14 28 14 14 61701 0.9082598648997326
12 24 15 16 42979 1.0941165146058747
6 25 16 25 32561 1.0291821401668084
12 26 26 1 106477 1.093691375899586
3 6 9 14 33374 1.0987183366728372
21 1 20 10 35382 0.9249502426586238
18 4 5 9 50414 0.9692535753867144
26 0 9 20 97443 0.9637982963541558
24 24 9 5 83191 0.991202345199323
26 20 28 3 55723 0.9188698649357988
1 28 0 2 81596 1.009903205363088
27 11 12 8 57378 0.960390457133591
21 6 0 4 64488 0.9749605447223898
8 27 15 17 44097 0.9874151070071593
1 14 29 11 74779 0.9213031555098341
3 13 28 6 72743 0.9684577927337515
7 9 23 29 85934 0.9692068888197272
20 17 9 13 42951 0.9357917508704428
15 18 25 22 38243 0.9694999149192702
17 3 22 16 43715 1.098098413890814
17 20 22 26 32576 1.0801733118287156
28 8 10 17 69420 1.0413714027559409
2 7 7 18 31954 1.0719779384008792
6 8 17 29 72469 0.9843006787067221
5 2 19 27 83660 1.0790500713674296
11 0 16 12 61089 1.0607186098926866
9 3 20 8 51792 0.9402911126524517
25 12 4 20 61567 1.0817381497020326
29 16 21 2 53493 1.0527442027514466
12 10 19 15 34338 0.9059119901465508
11 26 26 11 79461 0.9740593225944179
25 4 28 16 48623 0.9807233004194033
18 2 15 18 64370 1.0539988382429493
10 27 5 21 26959 0.9436439638735954
8 28 7 1 66116 0.9724518569334134
20 4 24 25 67061 1.00788340275735
4 18 7 3 36496 0.9726056858966609
18 6 6 6 39233 0.9756894030867791
17 21 27 25 42405 0.9023162675183353
19 11 27 19 42745 0.9058055928228723
3 26 24 15 67775 0.9922694213309011
6 8 4 0 23202 0.973239137608311
15 7 17 29 93097 1.0091834251376803
25 17 9 21 51812 0.9226392659240567
0 28 13 23 43643 1.0419807183623233
11 27 26 29 43700 1.040882733110509
5 6 0 28 63025 0.9401932732590885
8 23 25 26 47456 0.9904272255182769
12 0 26 2 57758 0.98475839829583
6 9 8 23 32234 0.9128230694439429
23 27 15 13 59763 0.9607058134523058
19 4 19 23 67007 1.0100134413540434
11 29 23 9 84824 0.9457080302412093
24 18 29 9 40324 0.9955567739886714
3 9 22 29 88134 1.0385114932667108
21 2 23 10 26610 0.9589523857625164
18 6 19 27 81379 1.0386795526357264
0 11 10 24 58747 1.0803973767657815
20 22 3 10 63344 1.0218469617691714
3 23 14 19 41788 1.021367855303021
28 23 10 6 91861 0.9720547590071145
13 26 2 26 21248 1.0973675665048273
0 26 28 28 64665 0.9384152386074384
25 7 16 19 62787 1.0129600855886558
28 10 2 14 74730 1.0077840707623023
4 22 17 0 82526 1.014116431614946
21 23 7 29 52489 1.0330359990268252
14 25 21 0 94532 0.9642686604693288
9 6 4 22 48836 0.9414278652323085
29 2 26 15 48915 1.00470610899656
22 28 28 6 77975 1.0131121105619112
23 17 2 23 59783 0.9076468689661795
11 21 17 13 51909 1.0356075919407757
10 10 22 17 47378 0.9748085695010339
3 8 1 0 37060 1.0053640648113846
11 6 15 19 65830 0.9690026629162408
18 18 27 3 57318 1.0783070015718932
23 27 0 13 81226 0.9834037734918913
20 6 25 12 25528 0.9600346500046472
18 17 15 28 49793 1.0433118377463868
9 5 21 15 52615 1.0912973554724146
13 17 19 27 50733 1.096908982419493
7 27 4 14 36221 0.9681806084572893
3 10 25 28 85697 1.0468954604682683
22 26 27 5 72183 1.0502634763764016
20 4 11 14 62865 0.909832006400303
6 5 7 22 38023 0.9987666974154514
25 0 16 4 43271 0.9064686854582388
21 8 23 25 53193 1.090846485185396
28 4 28 20 52643 0.9360616123655924
27 10 3 3 77290 0.9340546583979572
18 14 10 29 71695 0.9507637921952046
12 6 25 24 84657 1.0793488167772023
11 3 24 3 49191 0.9412528784318925
11 1 12 15 53372 1.0439808452735577
22 28 12 21 50826 0.9208624263102335
23 22 4 15 59890 0.9255117439205861
12 8 4 18 44935 0.9597231522062036
29 14 22 4 41377 1.0036284557293844
3 28 16 7 77610 1.0922170553839865
9 21 26 15 55548 0.9543913352469422
9 16 1 7 36138 1.0183773391353692
6 29 28 21 75121 1.0822639215210976
10 10 16 19 51869 0.929649091375586
6 8 18 7 36667 0.9979633853711167
27 23 14 25 46746 0.9860922950639637
16 13 14 4 43444 1.0125581274828248
4 12 19 1 67321 1.067725030893243
29 7 21 22 65523 0.9690909158779448
2 8 9 26 55737 1.0862664793913068
29 13 10 23 80712 0.9001716477740754
2 8 3 21 37963 0.937428607954756
29 20 5 1 94748 1.022801843822109
14 13 20 28 70493 1.0843767211751383
17 9 7 12 32614 0.977508618020945
14 19 23 16 28951 1.0921461303236286
27 7 20 1 35376 0.9685350254778946
28 26 13 7 85795 0.9534556595977695
5 11 9 3 26600 1.0170163957242746
12 17 27 23 56172 1.0031455288335405
29 18 7 24 69357 0.9655230422252377
18 3 24 28 86122 1.0278704882255072
7 19 19 10 57710 1.062346822825205
20 0 14 5 36940 0.9724021359159737
6 25 11 11 53188 1.0155692183172749
4 0 15 26 81023 0.9511743322008432
17 17 2 28 62879 0.9334578093118304
17 29 22 15 56351 1.0943276877251
26 5 14 5 27513 0.9458044989805088
10 14 29 21 64052 0.956169730704491
2 8 15 17 51529 1.092940560555916
9 5 24 27 90959 1.0400467570834322
1 19 11 19 34026 1.025608084522844
13 27 10 15 43397 1.04507932302604
24 22 7 16 57463 0.929996704910248
18 13 28 6 46951 0.977526288266229
5 27 22 2 93898 0.9941943678648402
1 15 27 6 80249 0.9752263233971455
3 2 27 17 85773 1.0722412539456907
26 26 19 7 67977 0.9438665159449349
3 17 13 0 65501 0.9993342061145727
17 10 6 12 30484 0.9591024912778439
24 9 3 7 68825 0.9769745743355851
11 0 6 7 34044 0.9098100930797577
18 17 2 25 61565 1.0089207489733814
20 23 16 6 70063 0.9784586185968247
4 19 20 1 85006 0.9732445561180492
19 29 26 25 32812 1.0334538293567412
18 19 28 25 51557 1.0759667287796293
23 26 15 24 27999 0.9816663337101665
6 26 9 5 54958 0.9309423805335126
8 17 4 11 21235 1.09653810793582
14 28 21 13 67692 1.014941906145293
17 18 3 29 58954 0.9060592981230692
18 10 8 28 72463 0.9413222518232391
14 1 21 23 89086 1.039877345056858
26 9 0 1 100219 1.048863414247103
23 1 4 5 55183 1.0711526542986858
16 26 28 2 94543 0.9792344453939663
0 3 18 5 54786 1.0314492035935832
8 28 13 20 35772 0.9435139005684637
0 12 20 22 69360 1.0727440588779427
28 4 14 0 61060 1.0142802723186644
4 22 28 26 63083 0.9651697049829615
21 5 25 28 68421 1.0714750944422828
17 9 22 15 29056 1.076480501215457
25 28 0 5 105589 0.9516561320043844
8 8 0 22 42771 1.0219558812761593
14 13 26 3 66097 0.9527793849559466
28 19 27 1 58578 1.0558940131657562
17 19 19 29 43512 0.9956838457871499
9 12 24 23 64352 1.0402568692906604
24 0 21 20 56365 1.0213966561611691
27 18 24 26 30155 0.9757696266145484
5 0 29 19 95023 0.9153981319873538
18 1 6 20 78776 1.02689549773812
9 13 24 12 41407 1.0858040957616857
5 7 18 26 70574 0.9789232750439958
16 9 25 7 46882 0.9004107769509527
11 14 28 5 68373 1.0275603388027679
6 26 25 20 63482 0.9690757098525987
23 0 24 24 68305 1.0222942899344731
15 29 28 23 52412 1.0795749980898166
27 0 14 5 45366 0.9663722003446454
24 24 22 5 53119 0.9576365473462495
0 16 17 19 46994 0.9808831614649294
29 28 29 11 58167 0.9251899441225352
2 22 3 13 24983 1.097720136182656
11 4 28 13 60679 1.0362844137356708
2 29 27 8 102236 1.084423947364727
16 28 1 14 63787 1.0749846832674415
11 1 22 9 52325 1.0595928825874084
4 9 21 27 75811 0.925386230072128
25 10 20 16 32108 1.03348084773444
19 21 0 2 91570 0.915176631141296
6 2 0 12 36842 0.9881483124398946
26 12 8 25 69378 1.0872396257855896
22 18 11 9 52745 0.9845945612321462
28 9 21 28 73205 1.028488688289828
20 6 2 1 65890 1.0601670059747819
17 13 4 2 54269 1.0774331043031784
1 23 29 0 118582 0.9567342695705722
12 11 20 17 43361 0.9300339503921862
0 18 21 17 54461 1.0688590964732894
9 22 1 10 38621 1.0357478256699186
0 21 18 6 83659 0.9111339064551475
0 26 27 11 89958 1.0572975771095963
22 4 20 24 56970 1.0477715287243066
5 21 5 7 35976 0.9346146866854109
13 29 27 27 41869 1.0246808075855434
27 24 13 21 50028 0.9459021526071189
20 6 6 19 64405 1.047425323006133
11 20 27 25 62177 0.9610589369362847
6 8 27 17 64194 0.927292517714424
0 6 6 12 30265 0.9897632193382745
21 27 8 24 36708 0.9665640192787363
21 12 4 17 46899 1.0525607790188953
29 15 22 18 21753 1.0206063171357111
18 23 19 0 82007 1.0277306469952938
9 2 5 18 41460 1.0831207696375962
3 12 26 20 70670 1.0928826806475112
23 26 18 1 82883 0.9600889225001568
13 10 26 12 36977 1.0967628007011385
26 22 25 5 59196 1.0436136179475355
20 10 4 8 51548 0.9597955644079006
1 3 28 11 86527 0.9612006804869553
12 5 6 1 24153 0.969574912543457
13 2 11 21 67097 0.9751651027696745
18 4 16 14 46214 1.0021756853851853
4 21 24 2 84885 1.0807898399210139
20 28 18 19 38907 1.0284208261307237
10 13 18 9 39853 1.0777401919920688
0 25 3 12 45573 1.031505214316945
7 27 5 12 42303 0.9631594848560798
11 27 11 10 53266 0.9561760785859837
4 0 15 8 51195 0.9483809243762394
18 1 5 8 57042 0.9443396479440158
29 24 21 1 78794 0.9660405519774247
22 23 23 0 66063 1.0223508730798083
12 6 7 23 61565 1.0071014282540771
14 0 13 22 85072 1.0243745738299062
19 4 22 15 37055 1.0319586292842882
20 5 15 18 49434 1.0347279755515388
10 3 26 3 65497 0.9289487933645925
18 3 10 20 75252 0.9931578264322108
12 16 29 11 50534 0.9615813411800789
22 11 28 16 26673 0.9552859400340773
22 17 12 23 45570 1.0316842247839173
26 17 23 7 36348 0.9358859951469861
0 25 4 18 30185 0.9138027241544053
22 12 7 18 47233 0.9916902413890087
6 4 12 16 38442 0.9110047568032839
28 24 3 26 63474 1.0173571739063527
15 8 26 13 51449 1.049219367463439
14 6 21 2 31990 1.094957122133889
4 27 20 2 97534 1.0570783605025456
16 21 19 8 66845 1.090612948615416
21 6 0 26 94837 1.04227729538715
24 19 23 7 39432 0.9685344099905117
23 22 27 7 51530 0.9212193949621897
1 27 26 28 56402 0.909844610588971
6 5 18 13 46964 1.0960799545870819
23 23 1 22 56189 0.9934089739105176
29 29 0 3 129643 1.0907567301405028
6 0 10 28 66356 1.0289248526798223
10 8 12 0 50015 0.9462557574432946
15 23 8 1 66535 0.9101733154048725
25 23 5 12 76063 0.994500429521364
27 29 14 13 76786 0.9944277737647105
24 23 9 17 59238 1.0781842716905028
24 13 5 19 60561 0.9909098157916443
27 2 24 15 48445 1.0960072503327865
21 24 4 6 79812 0.9523644426614867
25 25 2 5 100151 0.9896434769186455
8 8 8 23 36007 0.9499974528823375
28 23 29 3 70695 0.9442047865877191
19 3 9 11 57650 0.9768585863887164
9 12 12 0 49913 1.0153889028930905
15 14 4 7 43051 1.0234787602415858
27 2 23 18 52942 0.9927676383017422
18 24 1 19 57543 0.9244860708429715
1 26 11 26 18689 0.9507318556853901
16 4 27 22 71278 0.9716153414825648
12 8 24 7 49657 1.063694084836793
8 8 20 10 45362 0.9510100959378704
2 25 29 14 85140 1.0223959375615863
23 18 7 23 49533 1.00958214861237
24 6 20 24 58541 1.0212575228245353
15 3 0 1 58694 1.0025531250724145
1 5 11 5 28004 0.9671480316819808
28 18 7 1 86050 0.9169971712256878
28 28 28 6 68165 0.9288459926827208
19 20 9 7 64036 1.044638303625075
8 4 29 12 62653 0.9626853282048358
6 20 28 25 72969 0.9344182549147985
12 1 5 7 37134 0.9098686139851854
21 15 12 9 45714 1.0426623599728086
14 8 23 18 52625 0.9491918324677142
4 28 0 12 46779 0.931066972811032
8 0 0 4 38993 1.001100871302605
14 21 1 26 38426 0.9148423324757341
16 27 2 4 84745 1.0458292635313735
26 9 17 12 37924 0.9435357207020577
6 28 10 17 41212 1.0310240951369953
26 3 17 29 105089 1.0657791056872228
6 25 29 6 103141 0.9792360924404135
25 15 29 4 46272 0.962281165959148
15 14 3 26 52743 1.067808292830765
1 1 17 18 81061 0.9744095431413463
12 23 27 14 64014 0.9604235452333993
1 25 21 21 59477 0.9685184274218349
20 22 15 4 64675 0.9533587087516169
25 20 15 5 56411 0.9567928083259069
0 21 24 24 65922 0.9580549131688109
27 5 8 16 67912 1.0778989047590444
0 17 9 18 24924 0.9607431845040035
20 27 29 17 51635 0.9558911729513845
4 0 8 23 57860 0.9196485527826443
26 28 9 24 55012 0.9118644424170973
29 20 24 25 34093 1.048048364145418
26 5 14 2 40639 0.9744001867129212
21 18 12 0 79185 1.0825426041481148
2 9 17 16 52159 1.0846279431099985
10 11 8 20 29324 0.9351776864389306
8 1 25 1 62620 0.9832114333330817
23 21 0 23 58371 0.9858148587545452
19 9 3 6 61359 1.0044127985637985
12 25 3 24 28834 1.0661497303698186
28 8 20 2 36134 1.0604306137402835
25 11 13 21 60143 1.047450870848623
27 4 10 22 86989 0.9254618398111986
24 8 0 7 70538 0.9485748564538891
27 14 20 27 55113 0.9322185179551531
11 27 12 5 67753 1.0554704015427026
26 7 15 2 44629 1.0990942811391327
4 10 29 23 87345 1.0205185740391607
26 21 16 26 41850 0.9416485110470632
3 1 9 17 54950 1.0066563131725155
13 27 11 4 77091 1.0697663969943876
4 28 17 23 44810 1.0786911309167393
28 13 6 26 80357 1.0771209149016416
19 25 5 5 73859 1.0299406355105403
26 12 20 22 38965 0.9335518208547371
15 5 2 21 64394 0.9179194017818445
7 2 5 20 47093 0.9147793869807036
10 18 5 26 29510 0.9363107034513793
9 25 26 14 74994 1.0185398206451015
28 17 15 23 52399 1.0418029572225358
8 3 10 19 46951 1.0267096684971708
23 0 25 19 57638 1.0691625751104015
2 2 28 10 87240 1.0350859321479133
4 25 21 22 50647 1.0282316107611253
21 6 29 3 32045 0.9095714551882832
8 1 22 2 47128 1.0532966306697857
26 28 5 27 48670 0.9660499586835578
13 22 13 11 47742 1.090087389955037
7 8 13 18 41549 0.9386568387013708
27 24 23 14 37878 1.0390147817489273
25 0 24 21 67806 0.9241248306221292
19 17 24 25 36585 1.0746236454367266
15 8 3 29 76350 0.9328281221169438
12 5 2 23 57800 1.0480698657208738
22 20 13 14 34967 0.9747508035114728
5 2 14 14 50627 0.9088312391345438
25 3 26 21 69388 0.9094094491732965
4 27 9 18 30771 0.9493833394035973
22 24 0 24 64774 1.096043449672202
21 3 12 9 56798 0.9227584865241943
11 3 17 24 85651 1.076055039688031
19 16 27 13 25216 0.9433767677656815
12 27 9 12 44908 0.9843275023486431
1 17 12 21 35769 0.9938296334623453
2 20 17 16 51265 0.9386967047574346
24 27 12 16 57861 1.0086774517927222
3 8 7 20 36288 1.0212036610572957
3 3 4 26 56835 1.0712305369210418
16 2 27 14 56695 0.9460274078467842
9 4 5 18 38158 1.0160754176990132
24 6 21 21 46429 1.040571077386482
2 8 22 22 81309 1.057226188414653
27 13 17 14 32995 0.960171926300383
9 15 27 3 70547 1.0056137182865024
22 2 5 24 90024 0.9360264829390106
23 7 1 18 72989 0.9524576546225814
0 2 26 29 123027 0.9247629981692304
9 20 24 27 58296 1.0728056779026631
28 7 1 1 88341 1.0114269928656792
8 10 27 2 64991 0.9955441670260864
15 11 25 17 41038 1.0591058246858063
24 19 18 7 46592 0.9773697383284929
15 23 11 3 72965 1.0135266041461974
9 24 14 9 55600 1.0951910549705064
8 21 17 19 35316 1.0434712806939168
9 0 17 17 66579 1.0965908231704837
7 8 25 9 73060 1.0842880137877364
29 20 19 18 29391 1.0907356082355761
10 28 13 10 58793 0.9752606319552258
27 9 17 9 39563 0.9865556938824813
14 9 5 27 62349 0.9859482916526798
21 19 0 28 75311 1.0752518084670792
23 6 4 6 49028 0.9364280179185831
26 13 19 21 46309 0.9966593310772281
0 2 18 20 89608 0.9209052915328145
3 12 25 11 61649 1.0388186773937678
6 15 19 14 33028 1.099190732920588
23 12 2 22 65403 0.9476174756414807
17 8 4 2 51035 1.052702401735641
10 25 19 1 101299 0.9590744532580816
18 29 5 20 58808 1.017829914043447
1 29 16 26 42064 0.9498457200880553
9 11 18 29 73550 0.905519534540006
16 26 8 9 59387 0.934069417326225
23 22 22 1 52189 0.9418252131969448
6 29 14 25 35579 0.9128497743128319
3 16 21 10 59092 1.080128615437309
23 24 14 13 55005 1.0971351337179025
26 8 8 13 62197 0.9964254034445112
6 1 12 28 68235 0.9138944963015406
13 1 20 19 75005 1.0558012467295725
2 1 19 19 84524 1.0880153609233931
3 25 19 6 89357 0.9798122224642543
16 10 24 6 37905 0.9947232077676984
10 11 8 26 43820 0.9732006312767599
22 21 25 4 56092 0.9328748341622777
23 10 14 24 66005 0.9416542667074661
16 24 12 15 48041 1.0826187977537238
19 27 8 3 79922 1.0440908308200056
25 27 15 1 94372 1.097473831882101
8 1 1 4 35669 0.938356311209129
22 13 19 1 40835 1.0982722252625485
6 5 27 26 91668 1.0153476803687176
22 28 3 9 82147 1.0104046929767423
17 18 9 16 27791 0.904161257226933
26 2 20 19 56181 0.9915243869976251
9 7 25 24 83846 0.952877180407494
23 12 12 24 65112 0.9374985271567801
18 4 29 1 48091 0.9625183732276815
19 21 2 22 40015 0.9057975934435266
3 11 21 24 71585 0.9953058117752398
4 6 14 4 31351 1.0347095126448804
23 10 10 25 76926 1.046502947508079
6 21 20 28 48926 1.0097866215251043
13 20 18 28 46830 1.0091811053956878
22 9 11 13 40109 1.0520818693360756
24 29 27 8 71192 0.9889384045699834
21 19 29 1 68578 1.070032658395427
19 1 10 15 71370 1.0580066429010788
19 9 28 4 47858 1.0464718428969624
16 5 11 25 79484 0.9277286866851537
27 9 11 15 49196 0.9288134933568049
21 9 7 22 70255 0.9121866778588174
0 5 9 4 28300 0.9535947612078971
18 23 28 15 47122 1.0934005878909976
0 28 19 9 96709 1.0839705549125185
22 13 9 21 51105 0.9193797116876378
0 2 13 1 48810 0.9575419376596707
5 26 25 4 100317 1.0941040331538523
4 14 26 4 74361 0.9487044016546946
14 11 6 0 38766 0.998756427660072
9 29 12 7 72488 1.0115655112368713
21 12 7 22 54664 0.9540455255947823
13 14 20 5 50817 1.050300033388893
22 23 6 24 53179 1.06701062346157
16 18 25 21 30801 1.0241993445814306
27 14 19 12 23163 1.0244627947112972
15 20 26 4 71140 0.9225229230736643
24 24 6 13 68780 0.9205870928199135
23 0 18 18 52999 1.0982211162067355
5 24 19 4 85078 1.0666189156101114
5 13 29 5 79606 1.038542160802437
3 20 21 8 79580 0.9728148736876641
14 29 18 1 111523 0.9682393057774524
12 25 24 19 60997 0.9492101925764423
2 6 9 20 50074 0.983494767052175
21 22 3 19 54781 1.0044133671923825
24 5 12 29 95311 1.059136379764146
25 10 9 5 57330 0.9434774143909503
24 16 12 16 27240 1.0949180325242391
19 4 29 5 36317 0.9409129002837917
22 13 3 22 60177 1.0537440487158463
14 24 2 1 87492 0.9031305987563184
17 6 19 18 46982 0.9956859481381861
17 6 8 5 25362 0.9193974888118412
3 22 3 3 49394 1.0011008533636994
21 1 18 25 76521 1.042935372635636
8 1 15 26 74243 0.9767773398286226
23 11 1 24 77823 0.9862212592527723
3 7 24 8 64040 0.9738586260807078
18 14 29 2 67981 1.0105055799361344
29 0 18 27 104062 0.9229367120899762
2 29 3 16 35871 0.9245103071169389
16 5 7 2 29953 0.9860160869788064
7 6 4 29 56722 1.0775073022445132
22 4 11 21 71851 1.022868184604207
29 27 3 4 112488 1.0598956743368155
27 10 18 2 45469 0.9699894664208555
28 13 13 29 82921 1.0538174563332425
10 26 11 16 37056 1.0218696200304536
21 26 22 1 70382 1.0605983289870182
27 28 1 26 60398 0.9398446628549815
14 10 13 1 47097 1.0188850218568757
6 0 27 1 73312 0.9897624729904833
11 20 29 9 74426 1.09954463049167
28 10 28 23 45084 0.9971135328173927
0 28 7 14 46461 0.9404117373623251
1 21 11 20 31736 0.9294821717329426
22 17 8 7 52321 1.0507781467217874
10 14 11 25 47011 0.9547263212046898
29 6 29 16 39251 1.04494603779874
12 21 21 0 82596 0.9325303512165548
15 28 23 6 79166 0.9217074809812659
20 0 7 3 54227 1.0407575352503906
0 25 10 21 37418 1.0364934568830937
1 3 21 23 94373 0.9425306035427075
7 10 21 3 55182 1.0872217438642109
18 0 15 16 69228 1.0377475358633035
29 28 25 8 74661 0.9206585070955974
16 10 3 5 36237 0.9815661117387797
22 4 26 25 67344 0.9568584382737458
0 0 11 11 62934 1.0049989466083133
2 20 22 0 92673 0.9990190207857275
20 10 25 5 31040 1.044567162088219
11 0 2 20 75722 1.022779513277981
17 14 15 26 57360 1.0386134988739375
26 14 10 14 49049 0.9456123936242323
0 17 26 11 71292 1.0007985062375457
18 28 23 5 74408 1.0092818078585994
29 26 3 2 112754 0.9646932450157762
28 3 5 17 87441 0.9990570870665475
28 19 13 1 84470 1.0255430045215883
8 25 24 14 65351 1.0904195652864945
25 17 3 17 54824 0.9126890974490374
23 25 9 16 57780 0.9655171327606487
22 17 25 3 47432 0.967782159652055
16 29 17 4 97594 1.011167545114644
27 19 28 2 53692 1.0927133881636906
17 25 2 28 44149 1.020472917958199
28 5 6 25 103425 1.052174063195559
12 24 29 17 68085 1.0497947897433964
29 18 19 22 38025 0.9373648198971283
29 15 7 16 49924 0.9030128870887113
12 4 29 0 65958 0.9013174381103779
27 11 19 29 70449 1.0277268882839732
14 20 25 7 68569 0.9711838651634911
5 16 29 14 58128 1.087095007318681
23 9 20 23 45069 1.0001388240943694
24 19 23 10 31229 1.0498083001107756
21 26 4 13 66017 1.0614855934572631
5 15 12 6 43574 1.0124120627010678
25 10 5 15 63215 0.967703639886999
16 25 15 4 90232 0.9056861226784308
2 23 9 26 20005 0.9159164609983179
26 7 16 24 81903 1.0838089637729635
9 8 0 12 36077 0.9429471822545226
24 14 11 6 59620 1.0861856306530733
1 10 5 19 27996 0.9650550699995187
24 27 0 27 53581 0.9408544896591294
27 17 2 4 87360 1.050323015427457
4 10 13 23 45603 0.9498833616347439
18 15 11 5 52459 0.9447240054040833
19 28 25 11 66082 0.9001948780094651
11 13 5 25 53686 1.0399171141970438
12 23 20 8 80172 1.0671231515119828
28 15 16 15 27096 0.9446617749183979
13 11 13 22 47742 0.9256934057418145
13 9 1 5 42339 1.0062877248447581
11 7 17 16 51755 1.0854410705817092
6 29 6 10 51936 1.0488999665954186
28 19 2 2 95463 0.9888807945209119
28 10 21 21 45918 1.0093621738137122
28 3 15 18 67389 1.0524411139244922
27 22 29 5 56340 0.9041798316924423
6 29 21 3 106111 0.9096404505203862
10 4 18 9 43245 0.9801582320210616
21 16 11 21 44042 0.912377200107655
4 20 7 0 48124 0.9266090736807091
2 1 9 10 40835 0.9524346144593521
15 23 3 13 45713 0.9362802226167114
1 24 6 16 29181 1.0577765276020141
24 29 11 8 100767 1.0272108849011867
7 6 16 13 46387 1.0541207786594602
11 16 21 24 52765 0.9053096834667796
8 3 22 25 89442 0.9557111594634273
16 29 24 11 77725 1.091425554285665
27 20 22 27 33307 0.9580878727023983
27 0 15 15 67850 0.9776776750418832
9 20 26 19 57284 1.0817638473210758
13 14 1 14 37620 0.9184593010644934
26 5 14 22 74400 0.9436157554980886
8 16 26 10 60015 0.9249303128576304
1 3 16 2 53974 0.9203866319938941
18 16 9 12 32907 1.0359130717007052
2 4 21 13 73165 1.0511935566326027
2 27 10 17 43745 1.0963910139956992
16 5 25 1 34076 1.0572136431718158
17 10 23 14 25530 0.9915601733855546
27 7 9 18 68402 0.9773576233152865
11 4 15 28 84553 0.9093455425579934
25 9 20 4 41215 1.0914682931034891
19 15 14 4 48712 1.0619050771237226
29 16 19 8 54705 0.9217221313529576
24 27 4 1 102709 1.0094488764802276
3 5 24 26 92582 1.0352695046256843
29 17 3 4 85107 1.0836234716421282
7 13 26 18 52452 0.9416887622808876
27 26 7 4 99441 0.9136148969008546
15 19 4 8 50001 1.078075912921052
17 17 24 24 41350 1.079590466353339
1 1 12 27 87949 1.0302818613567366
0 13 24 20 68090 0.9728996037622748
17 23 7 23 29728 1.0428886932122805
7 1 27 4 61450 1.0226133526386558
18 28 3 16 56771 1.0610585450146952
13 29 23 28 27941 1.0517700704499369
19 25 27 16 45442 1.063537893350471
26 26 5 19 67655 0.9946526884275075
2 0 18 20 92863 1.064475415517105
5 0 16 23 73747 0.9231049759188484
29 18 17 24 51694 1.0492607923422097
26 28 5 11 89363 1.0275211013741912
26 0 26 13 51850 0.9688193006516703
4 1 9 23 58355 1.0839205612952103
9 1 22 28 97549 0.97901224122834
11 25 25 13 81383 1.0972101387919073
8 20 27 10 64222 1.088216641051508
8 5 16 26 68431 1.0671756829620909
15 9 13 20 55734 0.9349267790035238
24 1 12 13 65498 1.0916531235323477
21 29 8 11 75772 1.0495103216710484
3 19 22 15 50586 0.9524785047939812
19 26 13 17 47105 1.0599403699879366
6 20 19 16 43200 0.9762754065921099
18 17 2 21 56519 1.0531362133545792
14 23 26 19 51202 0.9464644583224602
22 21 0 1 100151 1.0619749359003385
28 23 21 6 60985 0.9400699308541931
15 13 15 24 46978 0.9498727634776061
27 12 6 22 67177 1.0351208337491562
21 21 12 0 90471 1.0374219263326003
0 5 8 0 32303 0.9541080259617584
1 12 23 19 63857 0.9328240841167701
20 19 5 5 63615 0.933165482060651
1 9 12 5 37376 1.0539594235033536
29 5 1 28 116674 0.9204179227750215
9 7 20 8 38565 1.0304262105460888
15 26 12 9 70314 1.0058278458958123
26 2 4 7 63440 0.9302705788225728
20 29 2 1 107326 0.9138060030522569
5 15 5 28 35458 0.9188708072404091
27 3 10 1 65368 0.9335885268577038
19 29 19 11 68689 0.9277870270636569
28 2 13 13 70113 0.9288978259389673
15 24 26 16 53755 1.0610100748080251
26 10 13 24 82942 0.9668287366348309
16 25 19 4 86056 0.9582455718735148
9 4 29 15 73145 1.0912312557842598
15 3 3 4 44119 1.0231034296549302
6 25 29 13 89623 0.9369507022049913
15 11 25 4 52520 0.9539180390453061
6 7 1 19 35044 1.0493661314315395
12 10 28 7 59084 1.0393701422915842
24 10 11 24 78609 0.9839612183804167
4 27 21 5 84248 1.033282700151531
23 2 11 25 95191 0.9420955287130398
20 28 26 0 98571 1.0662023623663428
2 10 26 1 80730 1.0837847511033334
20 0 17 18 60813 0.9628753069168474
23 24 4 22 52400 0.931757556351057
28 5 16 27 88511 1.0124275969420375
19 4 1 7 52256 1.077768956785121
23 13 4 10 48942 0.9327404221192781
16 9 1 22 61103 1.0656915820203405
2 17 13 12 33114 1.0873246692412133
8 28 27 1 110906 0.9322864888594704
27 22 2 6 95129 1.0947968187767667
15 17 7 4 52066 0.9338739532704892
3 13 11 4 39247 0.933039705860965
28 11 26 1 40750 1.0294227604143968
6 11 29 0 83527 0.943608915303588
