4799 4794 3356 4335 3912 4145 4350 5269 4867 5674 4571 4795 5294 3851 5574 4248 4309 3748 5067 4991 3863 4904 4655 3118 4261 3555 4284 1874 2193
5808 6694 5178 4339 4481 6184 4597 6172 4331 5202 6127 4907 3739 3914 1707 2724 1216 2894 3277 2016 1971 1705 3960 1366 1547 3240 2298 3545 2592
5039 4706 4024 3742 4642 5675 4962 5250 3910 4523 5415 5052 3817 3861 5425 4001 5958 5355 4891 5809 6316 4837 4144 4051 3477 3745 3129 4786 3834
4741 5872 4933 4804 4336 7746 7728 7661 7712 5992 6151 6884 8033 7702 8229 7012 8188 7026 6111 5579 7226 6688 6591 8246 6372 6649 6108 6959 6855
3992 4666 4334 4673 5554 6608 6129 7006 5202 4557 5846 6213 6038 6811 6688 6685 6895 6719 6592 5383 7045 6782 5956 5137 7129 6843 5831 5254 5513
6291 5042 7474 7095 6861 6833 7092 6683 5672 7512 4812 5581 4969 5584 5984 4880 6033 2300 3363 3714 3147 1495 2462 1994 3806 1661 1534 2596 2956
3729 2881 3707 3550 3845 3407 3823 2359 4583 4190 2727 4818 2304 3311 3138 4214 3404 4442 4920 3922 5628 4484 6037 4672 5248 5464 3861 4176 5088
7041 6007 5794 7319 5228 6349 6457 7729 7739 5290 7496 6220 7048 7493 7841 5220 5770 6941 7139 6843 6675 6961 6320 6188 5182 5482 6075 6900 7477
6245 7165 5276 6146 4946 5818 6447 4702 5952 4478 5929 6436 6683 4487 6163 6167 6918 5246 4680 6321 3885 5496 3897 4568 4820 4109 5137 6303 4759
6461 6286 4992 5350 5269 5037 4936 6494 5700 6223 5116 6009 5316 5442 4687 2858 3422 2946 3946 1817 2370 1970 2129 4033 3654 3081 1719 3490 2351
4211 3580 3917 5037 3096 2565 4753 5138 4796 3420 4881 2712 3199 2735 3739 3916 3101 4147 2796 5038 4077 5185 4016 4010 4177 2944 3735 1302 3660
3609 1372 2973 1303 2156 4253 4546 4406 3173 3029 3371 3369 4309 5692 3165 5709 4771 4856 4088 5256 3963 5059 3712 3992 5657 5189 3732 3200 5269
5864 6113 6282 6406 6189 4284 5560 4869 4793 5066 4491 4736 6163 5521 5632 4461 4965 6287 5258 6011 5840 3998 4296 2935 2666 3710 4207 3017 3153
8404 7949 7129 8264 6548 6757 7443 7271 6992 6061 7587 7463 6025 6288 2968 2692 4703 4325 4257 3329 2762 3932 3009 3838 2306 4519 4448 3978 4162
2995 4554 3220 1943 3036 4492 6935 6208 7758 5373 5519 6914 7879 8045 5725 6247 6233 5800 6758 7568 7667 6723 7045 7942 6799 6657 5848 7482 6233
8093 6438 8171 7356 7610 6981 7089 5963 6396 6670 7328 8090 7371 7095 8717 8168 8784 6737 6862 6084 6194 6228 7305 8738 8725 7865 8146 7229 6944
1433 3275 2359 3088 1934 2577 1347 2067 3786 1457 2149 2596 4049 2954 5661 4312 4091 3227 3610 3793 5170 3704 5192 4593 5163 4719 4352 4214 4251
4701 6873 5748 6885 2277 3952 4740 4783 3658 3514 4138 3375 2809 3438 3619 3647 4088 3552 4601 4407 3610 4852 3154 2825 4449 3986 2431 4879 4862
8417 6904 6313 6442 7007 8598 6913 6474 7922 8164 7539 7510 8614 7151 8626 7790 7247 7695 8464 8711 7411 6255 7937 7710 4567 3043 4757 4673 3277
6374 6682 8210 6508 7039 8199 7512 2770 2240 2273 3393 2037 3401 2527 4122 4476 4162 2817 2221 2655 4231 2117 3687 2189 4122 2589 2885 3555 2339
3517 5706 5145 5228 4077 4755 5805 5195 4403 3168 3471 4930 5051 3286 3697 4020 3336 4801 3786 5595 4459 4956 3325 5425 3713 5846 4927 5643 4379
5099 4558 5396 5154 5535 5426 4594 6286 4378 4333 4041 5013 5721 6178 3760 4788 5458 6118 3763 6068 3690 3742 5167 5619 6120 4860 6248 5002 4677
6453 7403 5832 6755 7608 7758 7753 7379 6254 6919 6901 8426 8612 8370 8079 8460 8455 7230 7823 6240 6811 7055 7545 7504 6222 7624 8170 8691 7602
5771 4798 4204 3995 2486 2674 2258 4113 1851 1776 3276 1686 3123 3953 2004 4093 2129 2490 3516 2664 2003 4121 2504 2979 3082 2301 3792 2960 3748
6595 6105 6403 7438 6062 8605 6890 6588 7240 8135 7741 8143 8229 8558 7133 7725 6379 6763 8231 8320 6889 7706 8155 8375 7632 6996 6156 6714 6614
3770 4602 2991 3041 2899 3575 4162 4533 3803 6712 4748 5899 5947 4371 6988 6863 4363 6753 5850 4921 6359 4654 5603 4435 6131 5668 5706 5438 5851
7926 6059 6566 6476 6116 8015 6962 6464 6380 6752 7813 8590 6075 7306 5953 6040 6233 6712 7152 8444 6181 6267 6099 6896 7407 5699 7600 6952 6653
2754 2076 3473 2335 3863 3243 2572 2105 2522 2443 2940 3346 3769 1739 1842 3034 3499 1438 3821 3679 1579 3619 3129 3026 3521 1767 1952 3961 3705
4173 4661 3625 2494 4415 2116 2237 5792 5858 5719 4296 5902 3822 5719 5880 4665 4389 5297 5292 6049 4780 5699 6116 4411 3582 5196 4552 4136 5491
5476 6919 6640 6003 5814 5143 6104 4890 6883 5376 6883 6405 7351 6425 5647 6866 6701 7053 7271 4675 4043 2929 5029 3544 3100 5256 3125 4277 5235
6478 4062 3955 6561 3983 3878 4535 2909 5436 6695 4742 2803 5421 4906 2853 6863 4944 8018 7342 5261 7838 7212 6793 7762 3755 7511 4004 6174 4617 2725
4331 7901 4778 7218 4121 6810 5688 3498 3314 5868 3282 2541 3834 5816 3022 6451 5179 6540 5612 6627 7129 7818 6010 7928 3060 7854 4027 6043 4372 2076
5860 5589 4739 6720 4772 6795 5817 3809 3264 7790 4912 4500 4245 5824 3408 5463 1908 6572 5731 6217 8122 6804 7251 7014 4859 7605 4596 5002 4453 3681
4366 7243 4762 5906 4836 4765 5600 3734 5704 7886 3406 4020 5393 6195 3851 4861 2341 6855 6008 6305 7551 6999 7372 7469 5345 6802 4306 4612 6622 3369
5183 6261 4301 7024 3015 7247 5671 4525 3070 6409 5604 3211 3988 4898 4589 5524 2635 6330 7361 4691 5699 7185 8249 8333 3310 7713 4815 6143 5591 2395
6388 6255 5470 6910 4181 5115 5945 4680 3834 6031 5693 4367 5428 5702 4068 5599 3622 7390 7096 5073 7609 5723 8361 7589 3920 7042 3969 5841 4618 3796
6234 7319 4495 4914 3789 6716 4628 3968 4622 6297 3801 3219 5275 4895 2517 6292 2054 6716 5324 6375 6998 5627 7183 5854 2893 7406 2450 3968 5055 3035
4975 6344 4731 6643 2416 5103 5961 3194 4945 7521 3816 4712 4280 6056 3803 6488 1127 6712 7362 5339 6954 6938 7814 7378 5551 5204 4145 5357 4273 4361
6810 7618 5065 6917 3926 5653 3966 4138 5399 7873 4102 4442 4793 6239 5217 6524 2670 5795 7111 5876 7688 7049 6608 7024 3958 7127 2850 4882 6152 2517
6573 7737 6011 6573 4263 5686 5981 4208 4646 5854 3098 4687 5163 5777 4034 5260 1271 7400 5910 6589 5890 6760 7183 7033 4939 5753 2797 6107 5977 3711
5272 7971 3681 6901 3544 5829 5192 4227 4311 6023 3245 4065 5043 5426 7550 6270 2008 7526 5618 6732 8234 6653 5847 8035 5392 6751 2529 5147 6330 3453
5231 6444 5202 5887 3302 6248 4674 4076 5274 6814 3268 4085 2543 6654 7417 6962 1471 6969 5255 5671 8197 6322 6814 7844 4553 6239 3569 5202 4730 3852
5020 7821 6181 4846 3259 7123 5633 4453 4964 5769 4923 4087 2706 4574 6809 6264 2501 6784 6048 5763 7739 8247 5623 6982 4077 5634 3229 4550 4458 2847
5229 8124 3579 4688 4395 7030 4428 5060 3383 5988 4402 3252 3715 6357 5680 5217 1441 7904 6036 6066 5798 6780 6508 5782 5827 7208 3295 4453 4941 3377
4683 8048 5411 6323 3540 5109 3532 3804 3116 7443 3055 4434 3642 6617 7623 4934 1449 6915 5336 5334 6168 5954 6151 8056 4968 7379 4308 3753 6262 2906
6484 5893 3576 5758 5328 5191 3550 4784 5559 5780 3074 4170 3785 5257 7875 6881 1621 6395 6889 6372 7394 7225 5227 7364 5745 3816 3308 6349 5695 3666
5283 7369 4845 5290 5539 5397 2651 3583 3161 6492 3092 3307 3905 5429 5638 4214 1340 6267 6427 6888 7288 3704 5097 6250 5531 3543 4989 6118 5673 2699
6746 5576 4260 6695 3685 4702 2844 4788 5694 6422 4664 3269 3870 5521 7381 5159 2652 5627 6487 4697 6823 1867 7765 6918 5510 4135 2947 3826 5862 4558
5612 5586 5243 2069 5444 6185 2243 2942 5060 7593 4966 3912 2768 5574 6938 6319 2482 7483 5538 5541 6835 4391 6249 6829 5376 3998 4162 6160 5930 3856
5192 7632 3667 4515 4454 6609 3226 3848 3776 6622 4399 2444 3518 5267 7151 4936 2880 5964 5739 5105 5419 2689 6707 6187 6603 2960 3569 5179 5336 3982
4647 6193 3849 4782 3863 7182 2831 3533 3173 8067 5025 4396 4824 4457 7275 3786 1673 6354 4626 5600 6528 3342 5198 6567 6367 4152 4426 6405 6571 4564
4356 6297 3019 2872 4461 6975 1829 3677 5066 7656 5507 3510 4726 4858 7190 3952 2312 6115 5474 6377 4992 3803 6201 6773 5153 3227 4530 5625 5880 2236
4975 8130 3264 3647 5409 5676 4011 3809 3233 7313 4527 3152 4615 4434 5144 3905 1355 6707 5263 6753 6688 4033 5058 5630 6415 4240 4941 4508 5418 3061
5021 6936 2193 3016 6315 6658 4037 3341 4641 7606 5526 3284 3225 5127 6686 4397 1577 6913 6522 5159 6543 3636 7673 8199 6285 2360 4428 5196 5740 2437
4192 5828 3850 3757 4389 6317 4411 4508 4942 5562 4952 3780 4195 5009 6450 6482 2223 6490 6370 6304 5639 3712 5049 8167 6570 2032 4820 4964 4016 2275
5553 8194 4179 3100 4671 5347 4591 4825 4536 6986 5633 3118 4754 6502 5932 6013 3810 7046 4821 5888 5425 1687 5995 5505 4271 2014 3399 5097 5436 2371
6055 7169 4186 2187 5640 4610 3423 3829 4102 5587 5556 3788 3174 4000 6657 4491 1508 6863 6858 5541 5775 3258 6267 6806 4268 4052 4167 5287 6360 2311
4244 8007 2814 4663 5004 5331 3642 2903 1313 6586 6205 3874 4945 4842 6794 5348 3095 7452 6387 5977 5353 2072 7533 7422 5461 3386 4246 6263 7173 3072
6408 7194 4604 4748 5092 5814 1941 7270 2973 6876 6408 4450 4155 6538 5190 5284 1920 7016 5317 7018 6664 1741 5596 7298 5580 2439 4295 5070 7230 4576
20 9 6 11 59800 1.0716780305927487
22 7 26 23 63887 0.9652591551341317
0 2 4 14 65592 1.0762384484330056
22 8 10 20 65262 0.9473597578624696
26 7 22 28 76646 1.0753911615200489
13 21 4 8 68667 1.0399988658851673
16 17 10 23 41486 1.0282433365036274
15 3 25 9 51435 1.0409808542513337
18 25 18 11 52674 0.9341671779911533
25 23 7 15 65880 1.0291465984107706
5 29 1 11 60139 1.072283954813796
27 27 3 21 105494 1.0061212406793627
21 7 12 28 93038 0.9880499133448133
25 4 19 29 90844 0.9845261972786199
20 28 25 8 82131 0.9456936613047318
20 1 0 8 103919 1.0245593409327343
8 18 26 28 89668 1.005824788024799
23 22 0 3 120771 0.9626452314224992
26 24 28 3 65963 1.0341634422837649
15 28 3 12 94748 0.9003043081129188
12 24 5 19 44018 1.0859291944573641
7 8 14 20 69421 0.9809644300801549
1 2 25 10 111732 1.0142831564025003
13 23 7 9 69022 1.0000509537538143
18 27 25 17 56092 1.0389017068461386
7 20 27 11 76077 0.9308463818414279
22 11 15 1 50770 1.0160315407874019
14 4 23 8 39385 1.04267450375751
19 10 9 24 60825 1.0262351440391846
9 3 0 6 48446 1.0464037698372524
1 26 22 24 85441 0.9930295891120928
16 16 4 13 38876 0.9574273146546977
15 3 20 24 79993 0.960357567639122
15 26 22 8 79411 0.9764874814824658
7 23 9 2 93541 0.9608478330075697
21 22 7 3 101129 1.0994333548773352
8 19 5 7 56349 1.0274201101584257
24 23 1 10 98736 1.0380505460038147
27 1 27 21 55318 0.9087301628546948
18 9 26 13 46696 0.9786940793594839
8 25 24 28 72050 0.9885762838430739
18 4 29 7 55047 0.9661283135545475
11 7 3 28 91407 0.9835194193534453
2 17 7 9 46067 1.0247576959764182
18 15 2 6 81113 1.0179638634878723
22 29 24 7 70566 1.051948252472236
10 1 14 13 56683 0.978133466990404
23 22 13 28 57168 1.0699520491147632
29 11 16 10 48433 0.9427849946681455
13 21 14 1 77361 0.9172586372119947
15 28 18 15 66629 1.0639910895688973
6 16 28 23 69328 0.9209892338209064
11 29 17 14 64460 0.9959507657297035
21 17 5 25 66034 1.092823163781835
25 18 3 6 99534 0.9373064021814346
8 28 9 5 89540 0.9485875434288102
28 1 18 23 92248 1.0004120130806444
15 5 1 21 82818 0.9931073326755399
0 14 2 23 30517 0.9463690056345833
23 20 1 0 124471 1.0979279106756874
22 1 27 22 78376 0.9128444037552248
7 19 9 4 71991 0.9273598314560014
23 6 0 21 94711 0.9810284974063656
11 5 13 19 62279 1.0510966293705635
18 22 18 4 71765 0.9995981120016478
18 27 0 2 138693 0.9120478449135846
1 9 18 19 79896 0.9983895774832456
11 9 10 25 59786 0.9182162461362089
24 14 27 6 40475 1.0290727599565381
14 16 12 1 64683 0.9573924824584861
4 2 1 21 82550 0.9617048645527406
27 13 16 7 54252 0.9727252672183532
20 8 2 17 68796 1.0547306770304634
18 28 3 6 119558 1.083944696347143
0 1 29 14 137976 0.9343269561882008
19 17 26 24 49558 0.9644195307574964
20 12 10 13 38694 1.0377582693522736
7 29 25 18 85178 0.9595942567239082
21 12 16 17 33433 1.0045199544343282
9 25 7 17 35372 1.0400540218270231
4 16 26 6 77417 1.040874450449266
4 28 27 25 85894 0.996463329789868
5 0 13 7 57677 0.9822558987920261
9 17 28 7 65639 1.0861554722822047
11 20 28 21 67354 0.9934900019771418
3 14 18 26 78899 1.0685531955773087
19 24 7 7 83778 1.0143610589111112
18 4 3 15 76166 0.9919874949612186
7 13 24 0 103994 0.9610447773321049
9 23 4 1 88039 0.9994327797864253
17 8 4 3 60717 1.0847132814842895
19 10 16 17 30521 1.0559520476338389
8 18 29 16 54068 0.9420194281554073
29 28 26 5 79186 1.0451985783959252
3 19 27 0 111795 1.079682316569867
10 9 21 19 60973 1.021653456301057
17 3 11 19 65465 0.9344391614607381
16 29 29 24 54660 0.93415169131693
12 16 23 24 44112 1.0888115096981894
1 26 10 13 56389 1.02705814899816
13 23 28 12 69919 0.9740259800931357
14 18 1 0 107941 1.0490806304874085
10 26 5 17 40153 1.0741915934871467
2 19 13 4 85693 0.9604383316823748
9 26 28 15 72702 0.9089091677646098
25 12 15 29 83161 1.0671973728118915
11 21 13 6 73305 1.0592501935669847
4 4 29 16 96355 0.953393482553812
14 22 5 27 47252 0.9243864188460357
27 9 23 0 41530 1.011155209682767
26 23 21 5 73602 0.955329659794615
6 7 5 20 50676 1.0957089209347683
17 11 21 2 45935 1.055850864248523
22 19 8 0 111309 0.9408881376545117
6 1 16 25 109013 1.0849218481165925
11 26 28 22 74642 1.0565727592576069
9 14 25 23 64408 0.9789187796343408
26 25 5 3 117380 0.9452432529493544
15 28 5 5 110961 0.940998472288594
19 24 12 20 48415 0.9963961590679205
13 25 28 23 66495 1.0008520773154332
3 3 14 28 120265 1.0866121612986388
4 29 18 4 103634 1.0296242108329339
29 17 17 1 85610 1.019020750846266
10 13 2 1 77092 0.9165667053529875
27 6 19 13 45492 1.0727893091004248
7 23 17 12 59617 0.9534097405291884
11 29 3 25 43729 1.081359221115447
19 24 8 28 53205 0.9907743849665906
5 7 13 4 40254 1.044882196853292
29 21 26 0 67940 0.9309409138290703
15 14 27 2 72603 1.0898043911405606
14 15 17 7 40117 0.994480470970984
15 26 8 0 122741 1.015058118459611
29 23 29 1 78840 1.0747947523402368
7 22 23 16 57349 1.0905855263741746
14 28 12 16 52848 1.0946664666679322
24 0 0 0 128276 0.9266933219796245
11 12 16 28 79186 0.9320154004836211
10 16 2 6 60476 1.0132059377739782
12 13 1 0 93593 1.0063716164511025
19 14 21 25 43911 0.9653704068075559
22 19 11 22 64942 1.038160837265936
6 26 20 12 75093 0.9663525170799572
26 19 14 24 69218 0.9277706762963955
28 21 10 9 74993 1.0104450993173646
23 24 26 1 79696 0.9895385436974611
16 13 25 5 49109 0.9186924304027231
21 8 16 16 37892 0.9320135585696645
13 15 25 6 58478 0.9036420464266665
22 13 4 20 71522 0.9796032742696136
8 0 21 17 98212 1.037329718867414
6 14 24 13 54836 1.0291417641490201
5 26 12 21 39914 0.9473065111790282
29 6 3 27 118132 1.0815466858154308
22 21 8 23 68915 0.9530734903357742
25 25 27 14 38253 0.9184734195243561
12 19 28 24 76585 1.0257207522371674
1 3 25 7 97279 0.9368890145126548
0 29 8 23 43731 0.9109050604866238
11 27 15 2 94100 0.9035121989507369
28 0 19 8 53657 1.0570672589453745
16 9 28 20 63882 1.0962949167746687
16 17 11 8 44391 1.0282484422313434
17 6 11 11 33401 1.0977968452943918
9 25 21 11 67926 1.0514976992115355
10 20 7 28 38761 1.0402582093263752
5 23 27 15 70595 1.0099026505523963
29 16 19 19 31553 0.9837107400960571
1 12 13 29 82804 0.9415794973912894
14 0 14 10 40619 0.9393579595772262
4 11 25 6 83829 1.0214438076528156
24 8 29 3 34598 1.0201878688173385
19 16 5 1 83199 0.9342106616823688
23 14 8 9 64142 0.9881665853002417
18 13 24 8 36058 1.036578165424152
18 16 25 21 30852 1.029462106874942
21 8 6 20 72193 0.9602336075013981
1 29 2 20 29353 1.0760954393901596
14 24 3 15 64694 1.0326026532777823
5 10 22 29 99862 1.0477363681723044
16 24 29 11 78098 1.0314271787092717
21 7 7 10 58987 0.940333676353305
29 29 2 25 104067 1.0623425137500884
21 4 1 8 88463 1.027553173532686
24 23 15 13 60504 0.9297714207644973
9 19 28 4 81299 0.9487509842645281
22 20 10 22 64549 0.9928492322590093
8 3 15 12 58788 1.0609356561767767
28 29 11 5 118602 0.95563519075811
3 2 2 20 82946 0.9279576949992056
17 17 2 27 69074 0.9622033853667964
26 28 0 0 166530 1.0313911672862666
6 2 18 6 55025 0.9055518355536711
14 2 7 28 105684 1.0151562431698566
4 16 20 27 69198 1.0060038218111291
14 29 1 23 57058 1.0799121677800048
27 18 11 5 82254 1.095015033421086
26 6 12 14 70527 1.0348088469990693
27 22 7 22 84102 1.0950745844395708
5 28 12 20 49884 0.9960350497815141
7 11 9 26 56223 0.9090411516872355
21 2 2 3 85454 0.9037852518140831
12 20 1 14 53238 0.9639082243273532
21 15 19 28 46571 1.0907957796828542
10 23 11 10 50641 1.0930737334880185
26 26 28 2 74775 0.9800496335547005
10 20 11 29 36559 0.9948100224244928
10 23 12 6 70469 0.9408329304022562
25 17 7 3 91653 0.997833407392473
0 27 9 20 56050 0.9525068641140952
3 16 12 15 23660 0.9580156031530557
5 0 3 28 112914 1.026693481103178
13 19 4 1 89975 1.0540631203424276
25 14 25 1 56111 0.9307614339794493
18 28 26 26 41643 0.9137028925100997
13 1 3 23 114273 0.9619903384098708
3 12 0 4 47209 1.0233458340592747
2 14 19 11 60582 1.0846858480446795
18 7 6 7 50283 0.9274259351033006
27 25 21 6 69919 0.9027504813808547
21 11 10 12 40854 1.0988919845864664
3 27 17 0 113826 0.9461125263373314
13 28 11 0 105746 0.9985409592603031
13 24 28 5 89474 1.0209568973425733
19 22 6 9 66992 1.0553996264133652
18 6 10 0 44359 0.9716152997872005
6 12 0 16 33596 1.0944531002863158
16 0 15 14 42946 1.05890668200457
5 26 14 8 84279 1.0184936978772887
23 8 2 28 103161 0.9054012254890512
28 2 25 23 70748 1.0142354305486585
18 2 7 14 72887 1.0226450350746104
5 25 22 7 93927 0.9694498967702925
15 7 20 14 38623 0.9237604455144971
3 14 28 11 78889 1.0858980842006412
0 12 24 1 114211 1.0426990220186099
25 23 12 18 63365 0.9178080791137766
2 5 24 19 104630 1.0776696152914056
13 8 2 4 59606 0.9504848386631489
22 17 6 2 89383 0.9728164961156591
11 13 3 3 67386 0.9244690452903043
18 19 5 8 69010 0.9391967196340192
29 5 0 24 115234 0.9472798904924191
29 4 6 9 100993 1.0012191579667191
21 5 5 16 70834 0.9996205530057142
29 27 0 1 161377 0.9009762639058668
29 27 20 26 40089 1.0910732796429004
14 26 9 2 105326 0.9835762746620861
19 7 13 20 54838 1.002262055187512
11 19 28 19 60745 0.9383877810012795
25 9 5 5 89311 0.9385009015254678
6 24 27 15 73643 0.9178422981784566
1 26 4 18 36433 0.9989077534222461
28 3 28 27 75198 0.9759406846078846
13 13 25 27 72407 0.9551781775081789
17 16 11 9 38467 1.0344315974270104
10 7 8 25 67218 1.0019561395193142
5 20 27 16 60457 0.9925922432422055
29 9 17 10 57636 1.0251467715314992
29 23 24 28 35961 1.0663210819407094
20 25 8 3 107411 0.9901563519071558
15 0 10 29 103929 0.9829865445134142
14 3 21 6 29117 1.0173469230260124
19 22 13 16 29188 1.039371818020554
7 7 16 9 43797 0.9379838287259188
18 1 7 17 77674 1.020682708100956
3 26 16 17 64422 0.9980231962678345
25 16 14 11 45772 1.0435756981446218
14 12 25 9 51729 0.9761516352047163
20 2 27 5 30651 1.038502083056588
0 4 4 29 93335 1.0182525131919073
9 24 18 2 83836 1.005653806712049
19 7 6 7 53225 1.0328529175840542
23 23 26 16 27037 1.0342589477627038
13 10 8 1 55952 1.0267637774042555
26 12 10 8 69234 0.965697512511168
12 11 29 28 98276 0.9675582472740288
23 7 7 27 93657 0.9801332214798274
18 21 12 3 77801 0.9797832211676338
1 6 24 7 93336 0.9163678361611881
7 7 9 15 44321 1.07194698552444
26 17 3 19 72464 1.0204196656744753
25 12 28 4 32955 0.9974449983767202
16 6 3 1 69110 0.9373240472725493
13 12 19 23 50848 1.0717604757799553
3 2 24 27 132768 0.9361167489849003
24 25 15 22 45824 0.9590999076481994
15 19 12 10 51717 0.9186345090745422
18 21 3 18 64890 1.0278749224845918
3 25 20 7 98331 0.9368239303062029
26 19 1 10 94527 1.0979630811820904
29 22 9 12 73813 0.9040312414931984
10 12 23 0 78399 1.0569452098978298
11 25 7 0 107171 1.0417645007451295
16 23 7 24 49603 0.9517154040035459
16 18 24 6 54182 1.091074775305936
8 21 21 1 100070 0.9878897316971673
0 25 27 11 97261 1.0482137091966617
7 17 3 29 50898 0.9691895525951544
6 0 21 21 102790 0.9905254727924351
4 10 6 0 43964 1.019389456930885
25 25 1 4 125831 1.0720483566704868
18 27 2 16 74302 0.9256220334734911
14 10 8 29 77046 1.0014086467302128
14 16 10 22 31765 1.0943748607547497
1 0 26 6 113593 1.0547663122657922
9 0 6 11 56820 1.0202387676475024
19 16 10 1 71826 0.937209165573553
24 0 6 8 93505 1.0322253128543304
21 19 17 0 75309 1.0673566530847514
0 29 7 9 79640 1.0530856689775236
25 19 9 28 80631 0.9101130111654928
26 17 7 26 76662 1.040527434339816
14 16 23 24 40170 1.079904363297404
28 24 8 13 82074 1.0933004037974652
23 16 7 6 72402 1.0626969138561542
4 9 24 6 81396 0.9286729426054527
27 22 18 7 65154 0.9146924074524541
3 27 9 17 51649 0.9226725818886484
7 3 20 11 69541 1.0681808637258365
28 27 15 11 83466 0.9523913845842625
21 3 10 13 66848 0.9835851162579405
3 22 21 6 101081 0.9451322693944655
18 15 15 23 46273 1.066740634506525
2 15 4 7 44796 0.917314271749194
27 11 12 4 67912 1.0952274682268501
11 8 11 26 65904 1.0157436236619128
14 7 2 8 51555 1.0695693400223667
29 25 2 26 95715 1.011238727750908
7 11 16 27 83610 0.9486504462387697
20 16 13 19 27150 0.9454593437622477
29 5 25 27 77378 0.9825663103245847
6 24 4 1 95638 0.9003156273914361
17 17 4 27 64315 0.9998788215665415
16 29 6 28 38813 1.056889772064353
16 5 23 1 40326 1.0896830636831603
29 11 4 2 113679 1.0885679949718086
26 12 5 21 77162 0.9424472031104023
5 9 23 6 74759 1.0917276388283617
4 26 9 4 91262 1.0267668546375492
23 13 10 4 65597 0.9349416393705984
2 16 14 28 71216 0.9201894590537486
4 23 4 3 89057 1.0127627798104637
1 12 25 22 84880 1.0809152647618887
12 3 0 6 58093 1.0212271311373942
14 5 6 20 76253 1.097605604718235
17 19 8 29 64671 1.074576962079771
20 10 14 28 83810 0.9549466902363294
26 5 16 0 51671 0.9867019489619084
12 21 21 9 70385 1.0184437021706088
4 22 10 12 52634 1.0645515439830247
6 2 0 25 92082 1.0910133183223054
20 1 19 19 71003 1.0266885913990489
9 0 5 22 97198 0.9186925879361559
25 24 12 14 66516 0.9779150427137493
19 4 25 28 94387 1.0561628628189696
6 9 7 23 63393 0.9515366294696259
29 1 5 13 110843 1.0171271069059262
15 12 24 1 58479 0.9344927787115891
22 17 14 4 64653 1.0243054294677396
15 15 3 11 53543 0.9614099758673593
13 13 2 20 57267 0.9601651364898791
26 10 21 5 37375 1.0900599902759378
4 27 27 4 116117 1.0604881929041727
8 24 18 19 56631 0.9595985466121122
9 27 0 16 57567 0.9861880141862992
5 28 25 5 110190 1.0488137644418147
5 5 10 26 82005 0.9898621107850516
2 26 16 11 80089 0.9527618264630703
7 9 3 26 72321 0.9105858071315249
8 26 10 10 54671 0.9409559958306901
18 9 15 1 35781 0.9891892505571873
20 26 11 19 61707 0.9586873324312806
4 4 17 29 119205 0.9875083352361482
17 2 26 0 43270 0.9766909159682831
26 15 26 3 39397 0.9978774516130012
26 7 16 0 49233 0.968117641551892
27 19 12 1 96465 1.0470335213431528
4 29 8 8 81637 0.9138723313887787
5 12 28 16 62915 1.0091785662113213
2 16 22 26 75543 0.9035787359961593
3 2 23 28 130532 0.9195739189441722
6 28 27 0 126480 1.0751115531780147
14 4 10 29 96158 0.9111331243729263
6 21 3 12 50092 1.0126890257648622
19 29 10 17 59635 0.956731197793189
2 25 18 9 90542 0.9854976594507843
4 13 6 0 56523 0.9170232372788879
5 11 28 20 81367 0.9298941875265292
20 16 14 28 64212 0.9110921573959475
15 13 17 23 47788 0.927624079173217
23 9 13 6 39367 1.0964569028880915
5 14 20 6 70375 0.9629067454658402
18 1 4 27 115232 0.9779880814838559
1 7 23 10 93138 1.0640781936089443
28 4 7 3 92073 0.9918209926366423
20 29 11 13 73074 1.0476806143793476
23 7 5 19 73500 0.9699617323075358
19 11 26 24 61959 1.0009632807669895
21 29 4 3 126790 1.0887882691836615
24 11 27 27 55446 1.0692509200012994
9 4 8 24 77075 0.9174735847506555
2 21 11 20 62819 1.0844632516256607
7 2 24 27 123555 0.9561873919486443
14 12 23 17 40328 1.0083177621324733
2 5 22 20 108823 0.9421049707129444
15 23 8 9 78995 1.0311289786747442
29 20 7 15 66463 1.079494227579973
2 20 23 6 92657 0.9085480347721623
9 6 11 26 79645 1.0180830186658139
8 26 19 0 106665 1.0984017440600287
15 28 21 4 105944 0.9789046043398268
16 7 0 14 69613 0.9533389854506937
0 15 27 11 80032 0.9439108351193418
24 1 10 1 67655 1.0292496224423742
26 0 20 28 110015 0.9851421794931168
19 29 11 23 49207 1.0081871530981554
1 15 29 20 81706 0.9427601745129763
28 22 14 19 64562 1.0642392796193723
4 14 1 24 33117 0.9865310403469469
5 22 7 0 86494 0.933768026299948
18 11 4 14 55119 0.9156837262696383
5 28 19 3 106794 1.0984868773845198
28 13 8 24 73622 0.9856941061287852
19 4 22 21 66925 0.9852929165614139
22 28 28 0 97377 1.0113493816698087
5 18 4 5 63191 1.0841128969432376
28 9 7 17 70840 1.021424529382313
22 21 6 29 77144 0.9788875169547744
4 24 13 22 45440 1.027003301781944
2 0 8 19 97059 0.9617933218114182
28 3 6 4 87443 0.9180158827204498
13 26 4 0 114923 1.025051978054444
21 4 27 0 32036 1.003845978788579
5 20 19 6 74761 0.9751283626361225
0 3 20 28 138194 0.9342328662806272
21 17 8 21 49797 1.07312512813263
24 16 29 23 33328 0.9574946018404173
2 12 0 23 39658 0.9157701055298392
19 9 28 11 37012 0.9863306813001952
18 15 7 6 67854 0.9517048687301428
6 5 17 20 74475 1.0176819796924321
18 29 17 1 99981 1.0421449033789383
7 6 16 22 81303 0.915773388782839
12 0 8 14 61384 1.0569872660323392
25 7 11 13 63844 0.9561659716120765
11 25 21 0 119505 0.9499673209133899
20 12 5 27 77262 1.0799286394208145
12 19 4 3 81699 0.9829568365822666
7 1 1 8 50077 1.0433476873863108
7 28 16 0 101808 1.0597406303887866
15 24 0 3 125593 1.029434476786788
5 9 15 3 60100 0.9531958479064961
23 21 7 8 79016 0.9672266567445613
5 24 22 24 73164 0.9846417580540718
24 19 17 29 55590 0.9118283538412334
13 21 24 20 52334 1.0803130220963153
14 3 17 10 27071 0.9375786130250059
3 10 21 7 77491 1.0152048209238218
9 6 17 18 63151 0.9253545773659109
28 0 29 14 55408 1.0952564716122177
7 10 10 25 61913 0.9205008333402582
6 5 21 28 112098 1.0528747241424747
19 1 19 28 103676 1.001331828977518
17 2 14 11 34213 1.0538648382425513
29 14 18 17 43927 1.0088781893116558
9 29 15 11 72432 0.9178991505959312
15 8 4 8 47564 0.9770073267714452
11 15 28 18 49328 0.9899643897380166
8 19 23 17 44775 1.0894084208923733
8 25 20 12 67691 0.993434019991833
3 1 10 10 63861 1.001259340016034
1 16 19 10 59728 0.9004391727128992
0 5 19 15 91857 0.9917007719814744
16 9 22 29 78324 1.0944315527961024
27 26 1 20 95108 0.9902187476153493
0 29 0 13 45487 0.9683233181426877
27 16 14 29 74592 1.0159683094597554
11 19 1 25 58482 1.0244775878129078
19 22 1 23 75014 0.9463034032665898
9 4 20 4 46753 0.9766114336013685
15 3 9 14 58161 0.9880106784019533
7 20 21 15 54350 1.056427119317627
25 25 13 23 55194 0.9170408887067537
11 7 7 15 44633 0.9990351963047508
24 7 7 0 82456 0.9805020235578721
11 24 28 13 78565 1.0123577933458827
11 23 23 7 80757 0.9245636352747765
17 4 5 14 68291 0.9977142525860405
20 25 17 13 46999 0.9552313701175414
2 27 8 23 39245 0.9514257084432252
14 25 23 7 84749 1.0150705653871939
14 10 25 9 50488 1.0260436337569563
16 26 3 9 98861 0.93640543656537
19 8 29 26 78943 0.9308655146590472
13 2 11 20 79953 1.0634515808411495
12 11 26 29 89992 1.0512313489280405
9 26 28 18 76266 0.953760582594878
19 25 2 11 84950 0.9427406575248061
17 10 25 29 77381 1.0389460265781192
20 20 27 16 31976 1.0819333755604494
24 9 3 5 94104 1.0890294477624205
6 22 10 14 41577 1.0178073668725613
24 21 0 16 69374 0.9254014000571847
6 10 23 2 78435 0.9959843664108312
0 6 20 13 97119 1.0742312676387853
25 21 28 1 65152 0.9430291390912955
26 18 3 13 79502 1.0670970000443007
12 20 2 21 67999 1.055237546726387
17 27 19 7 67569 0.9331331612893274
8 10 29 25 95116 0.9954825464163621
28 0 4 6 111990 0.9530353550774598
13 0 16 15 57128 1.026864578146968
18 8 10 16 45723 1.0935208882730738
10 17 9 28 37795 0.9642103623941001
28 19 22 28 49459 1.0803980178719783
23 28 26 7 71228 1.071884096531923
20 7 19 17 35249 0.9493499488345643
25 19 8 28 86783 0.9257029441746991
4 7 27 18 87211 0.9672291029393951
0 21 26 2 117809 1.0325685877131232
23 25 22 11 43499 1.0947865154498508
3 6 18 22 99644 1.0296283662521923
28 25 18 18 55042 1.022441056308697
21 2 24 25 75623 1.0647395348243374
11 21 5 27 43021 1.0716023692912258
14 29 27 8 96227 0.9094481559143428
4 6 29 17 100119 1.084687372973518
16 8 10 16 37455 0.9805045990698884
3 8 16 9 59622 0.9683776200491223
19 20 11 2 76420 0.9494747173740403
16 20 26 17 43258 1.013902551355275
18 5 0 23 99508 0.9226838517666133
8 15 25 27 76547 0.9314814069036548
2 15 27 13 62547 0.9528494603513141
17 23 28 12 62967 0.9316913815497836
0 7 14 15 75589 0.9062830721997248
12 27 29 28 66199 1.0699919841426262
20 16 19 1 67313 0.9948445595712466
2 11 18 19 68553 1.0237034820854385
12 2 14 26 100836 1.0600663574178584
2 19 27 2 107361 0.9506860692585397
21 20 0 19 76222 0.9957462105627374
18 8 13 29 89311 0.9342352491187761
19 28 1 8 109653 1.047779863076724
17 25 23 20 36118 1.026888318255984
18 15 24 11 35192 1.003915057704078
3 17 19 1 95765 1.0807320439221164
18 5 18 20 64282 0.9136413302559324
28 26 8 22 87930 1.0578482525444173
14 21 1 25 70906 1.0646199652479411
13 23 29 29 73336 1.097875304069249
6 28 29 4 122927 1.0854106252203966
12 15 9 2 62130 0.9382999534341059
17 22 3 23 76522 0.9231953025048846
0 24 3 4 80841 0.9967539391651553
17 0 29 12 78992 0.9862759916569004
28 2 13 24 100008 1.0426875345306097
18 20 21 12 41558 1.083825680831435
24 17 6 5 79137 0.9959909560690864
27 1 28 24 70553 1.0646569423277246
16 20 5 2 87780 0.9323382063722364
27 13 7 17 51756 0.9674767054958051
28 3 5 12 97725 0.9945814551176758
20 23 18 0 89705 1.0651039429219846
16 24 9 3 98434 1.003256981813057
8 29 26 22 88007 1.0519742787751343
29 20 19 24 42009 1.0749774882898984
9 2 19 1 54671 0.9787594382231236
10 5 16 27 99880 1.0945348667366337
20 29 26 2 99381 1.0356226764811887
7 17 5 6 49236 0.9516978183236406
22 2 7 24 103354 1.0169040664813718
5 17 4 2 68577 1.02682146468329
16 21 0 21 71775 0.9525882175845867
12 18 24 18 44099 0.9195394891258681
12 5 7 10 38373 1.0245638120965057
10 20 13 5 70054 1.0611142830108609
17 7 3 17 67013 0.9866119931877793
12 6 22 14 63958 0.9354961822731188
26 15 18 3 67155 0.9436138690563243
18 23 4 22 77075 0.9954890867105356
1 16 24 26 80209 1.0490841618114741
5 25 21 1 116307 0.9323051931261875
23 11 10 25 73064 0.9386684938836521
0 2 23 17 109333 1.0584371862159339
9 20 1 3 85965 1.0742969938874536
5 22 0 13 43250 1.0239730977111807
1 20 5 2 80534 1.0709767828715464
6 15 25 2 83573 1.0386956335252342
13 8 17 19 51705 1.039928308263034
9 8 12 24 72832 1.000083483410909
5 16 15 13 39419 0.9169046263447479
23 0 9 12 83562 0.9800644567102612
26 1 13 15 79187 0.9791308317541868
3 13 19 19 60745 1.0973889773335506
4 18 27 2 99967 0.930277898496797
1 18 27 7 84960 1.0278651275884345
3 14 15 14 51925 1.0016203010071976
26 20 8 12 76060 1.0353247349945491
29 11 17 3 65666 0.9622432330597979
13 10 23 28 80589 1.0792949394209734
7 13 27 17 60482 1.010189642885644
25 27 6 15 77775 1.050899800870825
7 23 2 3 101956 0.911465440466164
21 0 4 7 93943 1.0090510080063682
26 8 1 19 90234 1.0705790069208037
24 19 4 15 58543 0.9522215445671569
21 8 10 2 54671 1.0461878711195851
4 29 29 8 110424 1.0041470785121418
27 4 24 25 68827 1.0647623464365763
26 1 16 1 47703 0.9369220659899969
28 14 6 18 60941 0.9901289415728429
10 25 3 20 46970 1.0061190467239673
0 24 17 29 68718 1.0064048280378401
24 0 20 22 85321 1.0269181311919873
29 1 8 17 97844 0.9645777975674472
21 4 22 26 75893 0.9244958280513587
29 21 18 21 34364 1.0903043755283353
20 28 22 3 91721 1.0007657550684104
0 5 20 8 90299 1.032055503043233
9 29 20 6 90032 1.0385880625317643
22 14 26 20 38571 0.9722903199447455
9 3 12 25 96017 1.0984782346487882
25 22 14 28 69558 1.0789838552252604
12 12 26 9 64127 0.9061763929784507
25 14 9 26 73475 1.041066283826687
13 27 8 12 69036 0.9403134393638499
0 24 17 11 73686 1.0267423418044528
27 18 17 19 39650 1.0318341481161775
14 11 29 7 63645 1.0412879822635979
21 19 2 20 75710 0.9133716276914794
21 25 4 22 76420 1.0175076229333604
5 24 27 28 88129 1.0249962985325083
21 13 2 8 87584 0.9868327849122913
12 20 7 6 73217 1.0875624011811302
29 9 15 2 65204 0.9229247995653905
26 9 6 28 107124 1.09156871736544
11 13 25 14 55394 0.9908681307356882
5 21 6 6 57646 0.9923440147553717
22 2 29 6 32609 0.9796421323106443
21 12 11 15 43534 0.9972155108832337
29 11 24 28 71453 1.0998224375086951
23 5 21 15 34571 0.9335934922092647
19 14 25 23 47225 0.963399204114451
26 24 19 21 40178 1.000580413264672
29 1 16 24 109097 0.9036308791925554
18 12 19 24 41373 0.9331206410459392
19 26 10 19 57799 0.905951045069834
24 3 14 8 43895 0.9352741438998189
1 5 5 24 84583 0.9871227310501847
17 6 4 7 55115 0.9031209092766744
12 7 23 25 86416 1.0054817776435598
16 28 1 20 75517 1.0670356526916804
20 15 10 23 50769 0.9495394538705536
13 1 14 24 100941 0.9234373497660501
13 13 7 17 28766 0.932580919293066
17 7 18 20 53659 0.9411816231347774
20 27 21 13 57194 0.9725805801199888
7 6 7 22 74078 1.0280735444629912
9 13 16 7 42465 1.0166396545126084
6 4 5 22 66393 0.9423829030439631
18 23 6 25 60398 1.0194545573002047
26 4 2 16 90539 1.045127668216122
21 10 28 28 75626 0.9364808864703005
3 8 4 20 66624 0.929840720459655
5 0 21 21 109178 1.0349220733238584
20 5 25 14 46016 0.9562710324712101
15 7 28 17 64213 1.0919124507607005
5 0 3 9 53681 0.9076968904203228
13 8 7 25 78063 1.089698553823741
18 21 11 0 86537 0.9767003986133018
1 15 27 8 81469 0.9938541757673593
22 14 29 3 56799 0.9628993873535038
26 4 10 18 80159 1.0606795435125629
24 6 17 18 53164 1.035574624164997
19 11 4 18 59966 1.0007895738791077
1 22 20 16 55731 0.9607467698216268
21 14 9 6 73746 1.0122667613889402
9 22 26 21 64764 1.0516192026838527
1 20 8 7 63894 1.0970629069312792
7 6 11 16 49225 0.9094556890193799
7 11 28 4 94262 0.9177702265350162
25 24 12 1 113431 1.0000205126230917
29 8 13 25 86705 1.0103450953576052
19 9 5 13 62681 0.9821540762504956
29 17 21 22 45214 0.9212428708989023
23 22 14 20 46682 0.9961055345888513
28 27 4 3 132823 0.9529232612792278
10 21 1 22 53114 1.031588065372604
16 15 2 3 85190 0.9420140720835095
19 8 4 4 64899 1.005948120071736
19 4 16 15 44075 0.9190822130267933
17 4 8 6 44515 1.0008699701659938
16 22 26 29 55952 0.986703621714417
26 19 14 0 93424 0.9961505916626802
19 25 6 25 52631 1.0369328388893468
27 9 22 4 33957 1.058116348237323
3 22 21 22 89241 1.0682604265275504
28 17 10 2 93068 1.024282537378253
29 12 11 14 60603 0.9272937601213387
3 1 18 14 100045 0.9596945061904951
22 7 2 14 81923 1.0898569805553662
9 27 7 7 72550 0.9100969228072847
1 17 5 1 76013 0.9538857291056634
27 28 0 24 104074 0.9541451980634318
26 6 9 9 72572 1.0971074979295588
18 19 9 24 52673 1.0440177211464305
10 24 13 10 60771 0.9341874127041596
7 5 25 29 120898 0.9687884187517641
14 8 29 1 70749 0.9808117209337257
3 3 1 28 92520 1.0033016560487937
0 6 22 9 101769 0.908472280531374
9 27 29 19 88414 1.0579215730800273
22 20 10 29 69410 0.9762082458321049
7 16 25 3 74314 1.0022405851907044
10 27 0 8 92342 1.0384210376776435
28 24 11 23 75753 0.9452027916430213
28 14 12 4 83278 0.9459786616567791
15 14 8 9 48735 1.0930814804515374
9 6 5 26 81477 0.9418094874637104
13 5 2 5 52493 0.9312744084457673
23 15 5 17 46055 0.9944205734679514
15 27 9 6 99097 0.9531900847649439
21 15 18 6 41240 0.9958489558870826
22 28 24 2 83644 1.0632792133481364
16 9 27 13 48399 0.9284840153308906
24 4 17 12 46926 0.9026111645719913
21 3 17 26 89926 1.0465543358648888
0 21 3 2 85000 1.0187385205792912
5 22 21 18 63404 1.0535597138884165
23 3 21 13 36530 1.0784625291998648
27 21 18 29 51773 1.0913734887157394
16 12 6 5 59520 0.9921774796242869
10 17 21 7 54686 1.0463581514032616
29 8 28 17 33405 0.9147653553295526
17 27 5 28 47999 1.0193447305562167
20 4 1 28 112507 1.0321539851084987
25 27 10 10 87621 0.9253224619655036
17 7 6 2 54460 0.9256821760340526
13 17 2 25 58432 1.0665566535728432
27 2 8 5 84340 1.0774785056660856
18 10 8 22 61871 1.0449582771836332
23 3 3 27 115481 0.9887443374535669
20 20 4 15 54303 1.0470122823404255
12 6 2 12 61767 0.9504379509484192
1 25 14 20 71151 0.9582027284292239
24 6 13 15 54067 1.0251702783910717
7 3 20 21 94045 0.965774671161484
0 23 9 29 45325 1.0597012873789404
26 8 14 7 48746 0.979354402814347
7 12 29 19 81420 1.0492016046903818
1 7 27 29 131528 0.9611961321183532
1 27 15 20 77912 0.9132289341292927
15 11 9 25 61791 1.065426613355727
13 12 25 6 52627 1.063135993986808
9 19 22 5 73253 1.0889847472448533
27 11 0 13 81975 0.9333997105618635
24 17 28 9 39619 1.073448723288037
29 13 21 21 47751 0.9192470942118661
9 11 2 24 65260 1.0676915062926802
7 25 7 13 55683 0.9156737039739682
14 9 23 6 39482 1.0974079163045878
2 24 12 19 61147 0.9665022101854457
0 16 24 24 81627 1.065149928932963
21 12 3 16 55553 0.9260970947858473
16 24 7 22 55738 0.9494919467271477
24 20 16 3 69115 1.0596444141829913
19 1 6 6 71326 0.9278363913524584
9 19 25 18 51686 1.0333313976336924
29 1 20 21 86151 0.9717174737019563
8 5 22 18 88260 0.9334214129991523
0 15 1 0 74657 1.0138126518313277
14 7 23 23 70842 1.0480923800381905
16 18 12 12 32508 0.9800935276976814
15 19 23 16 31994 0.9864519665695404
5 26 10 14 48374 1.020111043696283
9 27 16 4 77738 1.0343268775415018
12 25 25 26 56662 1.0588867095469836
29 19 13 26 76404 1.03562288219864
19 8 10 27 78605 1.023015928564734
5 27 17 1 103724 0.9107211838556171
1 27 21 21 87379 1.0629969128549563
12 0 11 15 55957 0.9894211395049107
9 22 28 11 69649 0.9190458090840203
7 7 29 17 88753 0.9632396784711474
17 4 16 26 82520 1.0629485718088927
12 17 2 24 52716 1.0804452923470338
16 21 19 4 68278 1.008179615968623
19 0 25 8 51791 0.9345165606931902
20 22 25 28 42891 0.9950372008363652
20 0 14 20 94497 1.0468089740467423
10 26 21 5 93526 0.969920293524649
11 2 9 17 54269 1.002488721186831
15 29 8 19 52636 1.0667925350603356
27 25 20 5 77505 1.0258657066655428
19 8 15 16 32564 0.9103541571718562
0 24 27 1 120572 0.9144374040745815
8 24 17 9 64233 1.086527911963387
19 12 3 28 88553 1.072530199718939
6 8 29 19 92463 1.0904582192509662
6 19 25 20 68054 0.9037956174500148
7 2 27 8 88600 1.023888864068952
21 14 15 8 44606 0.9584521013188305
27 23 8 11 80497 0.9769670617160761
24 20 6 2 99625 1.005943499887739
6 26 20 13 70932 0.9408262245562691
15 15 4 15 37102 0.981521495497135
7 15 23 29 73762 0.9881906960710192
29 22 13 10 75924 0.9211510841533452
6 15 6 1 48643 1.0984518252468858
3 24 9 4 89635 0.9141458503629025
24 11 9 5 71453 1.012167811812247
29 4 11 16 72798 1.0919022956253845
7 9 28 4 93200 1.0944919731998446
12 9 29 3 75490 0.9735679846613041
1 24 21 0 123560 0.9484039083170989
16 21 3 24 72375 1.0043051204704807
28 27 18 8 83677 1.0984599644750779
20 18 3 3 94659 1.0869304350700526
2 11 9 15 41371 0.944582903631799
17 12 13 1 47377 0.9480643415448279
19 8 6 11 56746 1.078745177575376
28 12 17 22 59813 0.9650593270047158
19 22 5 6 83702 0.9356550841419732
2 2 19 13 93575 0.9842570460025275
22 1 27 15 57707 0.9702069626330245
10 3 21 23 97978 0.9930207163061705
5 7 5 27 71455 0.9380937161012972
10 5 6 26 81938 1.0303590091702326
28 6 3 6 103665 1.0237560126933023
25 6 14 15 60592 1.0076745376007439
2 23 9 9 76496 1.0547320601552164
1 22 7 18 41934 1.091868199587948
24 0 6 8 93505 1.0148175278740816
26 9 25 21 43661 0.9876090960262968
10 19 7 29 40081 0.9854491342603842
8 29 5 15 53133 1.0240849376741215
2 20 0 6 61057 0.9254153685949947
5 4 29 2 97198 1.0053678206987402
21 5 7 3 65024 1.0892592521508708
3 15 9 25 47748 1.092526055745079
23 14 28 1 54199 0.9627958251599872
1 15 29 29 105695 1.0404161115935138
6 17 8 3 58474 1.0289938660325542
4 20 22 2 101794 1.0147099986200934
10 10 29 23 81272 0.9972717873754813
21 2 6 6 72160 1.068367257119498
14 14 21 25 56829 0.9374095861737937
21 27 15 15 61296 0.9308959930298965
9 13 0 15 43715 0.9091771744583841
11 25 16 1 91259 0.9862781199430062
24 15 14 26 67214 1.0404702934833394
8 28 6 6 82047 0.9111041212930665
27 26 23 12 50886 1.067086599737888
6 15 0 20 37140 1.0468001026243405
29 7 14 6 54866 1.0751498396774077
11 18 2 14 38689 1.0072425061607386
1 22 28 27 106999 1.0939200792867638
2 16 29 23 77718 1.09456300911755
24 4 26 13 42574 1.0456265907486335
23 2 12 29 111283 0.9776305244534955
21 20 19 6 58553 1.0510131993709693
22 27 14 21 57713 1.0113221122278515
7 17 10 10 32020 1.0516037073254907
16 10 18 21 44288 0.9736850077795388
1 28 19 8 93276 0.9387552573859748
7 0 27 15 107279 1.085923274108888
18 13 1 0 106556 1.0809690749302505
12 29 13 8 89392 0.9749657568695409
25 12 12 21 67421 0.9305967767253778
10 25 5 10 63805 1.0597385234306733
25 28 2 14 96536 0.9337960827529446
24 11 18 26 61315 0.9237216175085481
1 26 21 26 74286 0.9683607775511738
25 29 29 17 54347 1.0572865201726593
2 4 4 15 61054 1.0820064118344102
18 11 28 11 35258 1.0680961138262892
17 3 12 11 39638 0.9703770671500197
6 25 6 9 62000 0.9815220141740342
6 14 21 23 62465 1.032895288270657
10 18 1 2 86437 0.9785405089906365
5 29 9 13 59521 1.000737743259579
12 4 2 29 105112 1.0043498573218437
6 14 24 9 67176 0.9002660531653472
28 23 11 19 73913 1.0040034410174092
18 18 26 15 34387 0.9371917751878025
19 9 29 29 85428 1.0140702393170111
9 24 24 16 50666 1.000254617582742
6 13 9 21 31015 1.0594360668312246
8 23 10 7 61431 1.0403987328399715
22 18 15 24 53311 0.9223303171609953
27 27 2 3 135237 0.9903737774055592
20 29 10 2 111797 0.9553879874740893
21 14 12 13 40608 0.938047842546435
27 6 16 14 56502 0.9543010879191188
2 17 25 5 88927 0.9973520266275734
5 8 10 22 62624 0.9716677364539464
14 13 9 24 48189 1.0045043583827216
12 13 18 9 37784 1.0704238042105028
5 18 24 6 76432 1.0503051918309778
4 24 17 1 100033 1.0712023748917714
15 19 2 9 77513 1.0832887275661052
14 28 23 3 106840 1.0421475960719935
22 3 20 12 41927 1.073688296662645
0 8 23 9 98097 0.9540919265400752
5 24 21 22 77224 0.9029358012559229
10 6 15 18 63680 0.9425336345606736
13 8 26 15 66468 1.0496055689773858
15 10 22 16 37236 1.0183868584976246
12 21 19 11 55171 0.916198706963673
24 1 13 16 68995 1.0351648835040685
15 2 3 21 97888 0.9545961078729699
23 6 3 22 99735 0.9064624097269725
8 14 28 29 89621 1.0594448351769168
11 0 22 4 56527 1.0718178927184787
29 26 13 9 98363 0.9881435114567438
6 2 18 17 78644 0.936107847581535
19 3 5 2 67631 1.0062974484977638
7 20 20 24 75691 0.9763982538849119
26 28 1 19 105112 0.9649603620638347
27 2 3 23 122589 1.017490211887003
24 15 0 14 63766 0.9280569123001852
11 1 28 27 120085 0.9615207173937322
10 6 4 28 89729 1.015066483589353
4 13 11 22 56615 1.0191119635902453
13 22 5 3 89589 0.9296814775043517
20 8 13 17 43933 1.0914775727767048
8 5 0 7 42204 1.0031039208351988
4 26 24 28 83320 1.0905418541239154
14 20 17 4 66181 0.9303510080193169
25 22 18 15 43296 1.0621906746219485
5 19 9 2 78510 1.0335957189210543
15 10 3 29 88855 0.9327922777444817
5 13 0 29 59237 1.0613551833524029
5 13 23 21 61474 0.9156022668816647
12 7 18 24 82163 0.9630386250023785
2 19 20 13 64680 1.0580186621056111
14 1 10 19 74009 1.0230715840704112
10 1 1 18 83754 1.0141405348618506
15 8 3 28 100076 0.9953100282273925
29 28 15 28 57179 1.0801366931251766
25 8 9 29 94729 1.0310628294470412
4 5 21 1 82216 0.956919256342892
19 1 0 10 104068 1.0556505967959149
7 6 7 24 75038 1.0916465762696783
27 14 5 19 61619 0.9493479884590615
21 12 10 9 48403 1.02680064955103
11 15 10 25 40737 1.0249001812219274
27 24 7 5 110805 1.0859867012538962
15 29 25 24 51249 1.098106990116537
29 0 20 1 45728 0.9845409348795817
19 24 3 1 117722 0.9002239459888425
9 8 15 21 71651 0.920075831157564
3 22 29 15 92601 1.0163404810589032
28 27 13 16 65133 0.9671355894660845
12 29 8 8 88027 0.9200830209028467
20 4 6 0 70751 1.0547853391451614
27 5 2 26 113884 0.9076759647682742
9 3 5 19 73518 1.0499652597400477
22 29 0 7 128456 0.9807590978937775
14 11 20 16 36632 0.9847130435473157
10 4 3 21 88435 1.006215660112426
28 16 6 1 97377 1.002894215716901
27 11 8 8 79389 1.025742186219101
9 19 27 16 45888 0.901138542171941
25 22 8 13 68509 0.9850974594869394
11 28 4 2 106399 1.0118097707481124
29 15 18 27 68928 0.9960306169440662
4 10 2 28 66672 1.0230133249141407
15 4 27 3 50346 0.9252565355785297
1 18 1 2 67712 0.9966281866247866
28 4 9 13 83972 1.0964465503153433
23 24 25 6 58987 1.0548326648535091
19 27 17 14 46075 1.0464311178112338
0 2 15 19 109810 0.9509022936871308
0 19 21 18 68063 1.0767459423364636
17 0 14 16 53397 1.0173692602773157
10 19 28 29 85632 1.0901802775149596
17 3 29 10 67303 1.0271420500022328
4 25 22 10 93538 0.993695516356242
23 22 3 27 86569 1.0986363804363977
22 22 6 21 76604 0.9240842846177767
18 8 16 26 72417 0.9497855444147941
10 19 17 2 65716 1.0376688567420713
16 1 5 14 72644 0.9483084477971375
18 4 23 29 93320 0.9204320050937983
28 14 23 0 62561 0.9151047561800051
20 17 5 10 56508 1.063365206913548
24 28 21 15 48736 1.0220530284748797
4 26 18 16 60017 1.0595356794831703
12 22 22 6 79444 0.9637678730933219
16 13 5 17 40195 1.0318952806713906
17 27 2 2 128197 1.078356893344549
17 3 4 4 53336 1.069850233565922
10 20 2 0 99238 0.9181620957852625
7 15 16 23 49566 1.084608340268735
27 24 29 3 66443 0.9081884085658123
23 22 2 7 97622 1.0551939348596535
