4526 5490 6829 3957 6468 4655 3938 6228 5854 3872 3874 5432 6436 3627 4220 5261 6365 5195 3199 6730 6625 3617 3854 6557 6019 4128 3802 5986 3374
2923 1459 2746 3793 2058 4908 4835 4406 4390 2929 1902 1751 4746 3724 3604 4835 3643 2202 1866 2027 2161 4520 2420 3827 3828 3962 2862 1568 1803
7921 7898 6304 5309 5163 7069 7818 7235 5294 5189 4605 5449 5736 5777 8218 6618 7334 6364 8274 6146 6683 5756 7931 7694 6852 4957 6106 7715 5214
6574 7830 6062 8344 7600 7286 5296 6195 6948 6837 7596 7970 7243 5128 8449 6801 6086 8520 6592 6938 6835 7359 7849 6253 6811 7731 6837 6030 7816
4854 6975 7535 4996 6150 7149 4868 6344 7832 7745 5015 5181 6391 4375 6025 5975 6843 5498 5979 4935 5281 4289 6756 6109 6142 6225 7228 7879 6886
6153 5631 7221 6970 8338 7003 6732 6412 4900 5969 5444 8019 5397 5190 5275 7711 6848 4935 5238 5061 7363 5059 7171 7266 7293 4641 7424 5020 6546
6143 8088 8003 6914 5486 6474 7507 7806 5078 5260 5711 5550 7761 8018 7685 5966 7264 5278 7060 6822 8205 8378 7755 5022 5481 6353 6186 5960 5800
3814 4703 2438 1360 4783 1282 4696 4444 2307 4123 3252 2305 2671 3747 3280 3658 4043 4463 2648 2849 1313 2061 3076 4246 4386 3002 2693 1727 3150
6558 7882 6646 8582 7441 8402 5377 5800 8390 8729 8554 8747 7406 8373 5365 8723 7876 5363 6198 7740 7467 6169 8207 8415 6210 7285 6119 6237 5986
4176 4377 3017 5025 2421 3519 2725 5787 4285 3763 4170 3152 3090 3464 2314 3355 4334 2907 3842 4068 2154 3323 3335 5021 4013 5501 3599 3585 4605
4729 4576 3477 4527 5490 2614 4949 2326 2839 3933 5102 4532 3920 2689 2235 3305 2176 4488 5743 3195 2600 2798 4830 3862 2611 5264 4084 3707 4843
2855 3268 6215 4301 3865 5633 5019 4192 5117 6247 4445 2982 6037 3435 3740 4112 4934 5932 3163 6064 4707 5979 4652 4108 3555 3910 5622 5901 5073
2351 1605 3741 3191 1366 4804 2712 2073 2439 4646 2381 4752 2537 4257 4105 4421 3044 4279 2364 1850 2311 2474 3462 1651 4135 2789 2997 4776 4304
4353 4294 4445 2209 4521 2958 2329 5189 1878 1942 3838 3112 3164 4083 3941 4672 4551 4349 2310 3555 4790 2079 2767 3901 4386 3930 2206 4505 5031
4492 6167 3966 5493 6140 3490 5894 3805 6184 5317 4087 4305 4120 4888 5355 3485 5233 6371 3450 4271 5799 5487 5247 4444 6452 6012 3963 5394 3124
2860 4424 2171 1414 3851 3361 4666 1885 3404 3531 2704 4682 3404 1535 2166 3604 5083 3580 4329 3346 1617 4032 1666 1807 2964 5125 4693 1801 3322
6499 7409 6800 6734 4859 5410 5895 4685 6896 5194 6838 3804 5785 7090 6504 3817 6769 4794 6923 6717 5073 5115 7062 6688 6312 7339 5521 5458 5334
1905 1718 4214 2945 3718 3035 5144 1869 5163 3823 4517 3215 4942 2135 4311 3838 4180 5220 3840 3662 2604 5037 3909 4365 2987 2849 4487 2289 2927
5882 3070 3729 5654 5974 6383 6383 3740 5532 4216 4705 5256 6711 4926 6187 6127 6608 3307 6536 5098 4188 5457 3222 3328 3140 4390 4375 6683 4823
2297 3378 1736 2218 2105 3289 2778 2280 3381 1564 4285 2724 4361 1682 2824 4073 4540 2834 3029 1720 3040 3153 3813 1567 3103 3235 1569 2582 3320
3590 5056 5604 6173 4427 3484 4615 4045 5998 3789 5123 3389 6071 5326 5224 6175 5824 3764 3926 5944 6177 5275 4459 4986 5993 3601 4130 3579 4054
4100 5848 5384 4787 5452 3369 5967 3721 3504 4292 4648 5597 4175 3960 4247 6131 6251 5892 3307 5831 3930 3410 6487 4374 4017 3662 6859 5637 5064
4788 5583 4137 3531 4087 4199 5989 6288 5855 5112 3959 5037 6752 6043 5140 4950 5713 4885 6224 5759 5051 4614 3791 6929 5582 5846 3729 6834 3627
4876 5417 5771 3498 6070 6390 6403 4295 4609 3773 5106 6240 4837 5025 2866 4614 3334 2718 6192 4455 5479 4669 6271 5495 4334 4427 4391 3850 3380
6513 5236 7708 8254 6127 7056 7417 6527 6680 7142 6637 6818 8221 7223 8453 5540 8547 5755 8343 8532 5374 7434 7320 8374 5635 8562 6728 8011 6678
5108 3819 5827 3711 5793 4920 2589 2816 4368 5492 2748 2664 4259 4372 2253 4149 2709 2821 3576 2638 5729 5454 2397 4160 3876 2687 3725 3236 2862
2821 5513 4919 3229 5144 5661 2960 5454 5490 3208 4591 3255 5621 4039 2469 5655 2911 3075 4551 4133 3951 3067 4724 5041 3254 2871 3873 5681 4785
4933 3845 1897 3679 5122 2672 3750 3356 5148 3916 2143 4806 3845 4917 4480 2622 4194 4933 2115 2604 5236 3454 4072 5410 2205 2780 4671 5309 1813
5869 5082 3146 2635 4093 3228 5765 4656 5391 3336 4608 5369 2443 4698 4225 5259 6038 3300 3199 4630 3710 5084 5701 2556 5485 2750 4021 3173 3049
5270 5297 7777 5245 6469 7365 5204 6816 7628 6544 6266 5520 5450 5502 5291 7306 4578 5953 7274 7274 7280 6176 6490 6248 5796 5485 4427 5341 5559
2494 5883 3728 2310 5417 3481 4639 3920 2233 4550 3217 2740 4183 6491 4559 6639 6957 6093 3194 5093 5797 7804 7506 4461 5136 7496 6055 7717 3790 4243
1831 6572 4530 4621 8207 3033 4457 4822 3464 5508 2528 5901 4778 7186 1497 8037 5591 5305 5954 4553 8726 7563 5410 1652 7182 6536 4840 7751 3186 3637
3926 6615 1678 3398 8014 4236 1600 2583 4987 5791 4955 5929 4712 6773 4580 5311 4651 6092 2522 6421 7723 4632 7667 1619 5620 5629 3162 6596 2462 3814
4089 6102 2910 1907 6397 1781 4792 4954 4066 3699 2558 4820 5779 6985 2226 8116 6770 5459 5374 7936 5900 6674 7210 3013 6582 5683 4291 5954 2746 4177
4294 5717 3431 1090 8567 4363 1715 3434 2454 3843 2045 4494 4624 7450 2616 4774 7158 4774 4579 5381 7486 5303 6768 4784 4795 4740 4861 5596 4515 3609
3860 6748 4658 2415 5325 5294 2124 5641 3791 3863 3028 3479 3532 4997 3885 6986 4015 3359 4786 4705 5752 5428 5281 3935 7749 7654 4361 6694 3032 3897
4898 7658 3143 1941 7630 2889 3666 3704 2001 5006 4312 3843 6342 8304 4259 7715 4681 3475 4914 6722 6041 5761 5048 2360 7744 5985 6061 4731 4876 4016
3331 7212 2229 1891 6081 4808 2996 3224 3523 3449 4999 4678 5729 5958 3209 6254 4787 6406 2483 8209 6625 7198 6742 5193 7355 4196 4867 7500 3962 5196
2731 8255 2467 2706 8056 4842 4140 2712 2675 5128 5420 3414 5901 7612 2191 5495 3729 6265 3129 7996 8740 6706 4892 4413 5573 4676 2946 7864 2787 4611
1386 6459 3299 1964 6468 5110 1601 5415 2144 6194 5627 4923 4378 7187 3670 8167 5203 5786 4749 7038 6899 7583 4746 3650 4537 6495 5316 5158 5742 4300
3832 5413 1975 3909 8623 1889 2501 3508 3636 3166 2800 4476 5009 5270 2283 5909 5529 5352 5408 5035 7345 5683 5314 2879 5271 4142 4454 6657 5684 5435
1708 5829 1922 2751 5951 3810 2012 5493 4356 4751 4897 3331 4704 8326 4098 5802 4901 4716 4271 6379 7126 5173 5457 2202 5760 6967 3872 8085 4790 5962
1840 6523 4324 2630 6255 5000 2508 4611 4823 3968 5057 5305 5800 8545 3549 6320 5681 6235 3217 6145 5308 4423 6679 5226 6951 4472 5522 5907 3672 3562
3124 5113 4072 4637 6550 2737 4201 5271 4221 3338 4793 3829 5481 7886 2658 6842 3649 3956 2966 5549 5077 7827 6897 4104 5270 5794 4985 6632 2249 5359
4616 5123 3206 1844 6642 4467 3782 4847 2455 4067 5281 4986 6563 8475 3361 7729 7289 4424 2542 7466 6274 4576 7365 3692 7774 4334 4099 5454 3429 6922
1391 7068 3591 2446 8487 4597 1476 5268 5269 3300 2229 3305 5877 6349 3937 8059 5546 4347 4583 5623 7255 7785 7829 2378 4554 7431 3688 7831 3115 3590
4205 6091 2481 2090 8392 4911 2728 4458 4984 5104 4378 4208 5363 4984 3660 8025 3667 5849 4403 8089 6187 6534 7743 1811 8101 5597 3904 6964 3064 4458
1993 5950 3057 1720 6286 2094 3376 4649 2014 4533 5308 5302 4681 8548 2528 7855 6568 4863 4411 7774 8052 7295 7142 5070 7257 6604 2702 6219 4556 6580
3330 7887 3919 4671 8599 5319 3518 3640 2036 3786 4297 3311 4422 7436 4369 5908 3788 3655 2302 4617 5539 7082 8089 2064 7195 6777 4947 6529 4914 6444
2423 7508 2320 1904 5791 3694 2984 6003 3434 4312 4038 3411 4548 6657 4004 5785 3609 4898 2743 6072 6090 4838 7884 5069 6059 5492 5209 5598 3395 4867
2344 5955 3749 2408 6439 3784 3873 4970 2552 4213 3406 5518 6798 7541 4703 5546 3762 5718 4199 6753 6026 5125 7433 3073 4878 5671 6218 7016 4780 6868
1709 6206 3809 3744 8540 1803 1582 4988 3133 6125 3487 2599 3686 7509 1463 5944 7166 3778 5434 5579 8213 6995 4634 5152 7008 5124 4436 7737 3126 6873
2068 4822 1407 3270 7606 3612 4681 5711 5274 5100 2394 5637 4318 6881 1665 5771 6166 5288 4756 6098 7458 4406 7036 4446 6545 7474 5094 4383 2322 4756
2271 8319 3783 1254 5013 2213 2882 4463 2285 4041 5149 3453 6431 8088 2944 7533 5735 6064 2239 4541 8365 4312 6728 4029 4639 6866 5091 4818 2546 5718
3371 7595 3086 3036 6189 4852 3543 2833 4461 5368 3475 4110 4503 7476 1451 7335 4902 4955 5491 8127 6918 4990 6919 3533 5765 5345 4662 4540 4464 3786
3795 5917 5036 2331 8498 2301 2382 5255 2813 5798 3519 4451 3981 5938 4434 8130 6518 4140 3868 7200 8332 7243 7079 3722 7891 5492 3481 6772 4700 5147
4156 4720 1984 2457 6563 4336 2353 5880 4149 3955 2774 4029 4262 8220 1250 6603 4776 4278 3629 6437 6585 6464 5788 3255 4710 4566 4118 5817 3400 6680
3526 5037 1934 2153 5435 3304 2584 5735 3814 2772 5503 4747 6509 6363 1979 5534 7128 3897 5115 6895 7751 5344 4391 3816 4960 5298 4365 7517 5489 4653
5006 5529 2187 1491 7298 2982 3523 4562 5183 5824 3307 3980 6339 8005 4737 5729 6227 4383 2717 6664 6805 5241 7173 3682 7278 4395 4786 6818 4885 5505
13 0 2 29 120809 1.0755710240024907
0 20 23 1 127494 0.9596853391926253
2 25 27 11 130150 1.020446956025702
27 4 11 19 99196 1.0473864631173915
22 2 5 17 95448 0.9062675506772173
21 9 6 7 53727 0.9982156387766594
26 24 12 9 97339 0.983818644397294
15 8 13 28 70751 0.9830471196373449
26 24 16 18 59936 1.0038317822814786
19 20 1 22 72471 0.9386027768724633
5 28 24 15 110607 0.9395533906033418
8 0 27 8 76151 0.9361575735658605
19 1 4 8 60974 0.9127492016051074
20 21 16 6 58686 1.0943180441080333
12 8 1 28 94771 1.0855016134907391
12 19 23 24 55784 0.946371442373543
25 19 14 8 66493 1.0185696513550222
12 15 27 18 63826 1.0704604175261851
14 2 10 8 31292 1.0308880785322385
12 4 21 26 97997 0.9988393421282973
8 0 0 12 64461 1.0296207112485822
16 2 8 11 52794 1.047233393528687
9 24 18 14 59224 1.0622663616010743
21 15 8 13 57631 1.084712530938757
2 2 20 19 99959 1.0229156018054422
8 4 18 12 60351 0.9108703265657148
16 11 25 6 46364 0.9741547926845496
9 23 14 5 71041 1.0299213978115618
6 0 3 14 63809 1.0204595694768512
11 15 6 24 45024 0.9478677850709674
6 18 17 11 60018 1.0017883535370256
8 25 26 12 101124 0.9346172889508368
25 23 18 1 87348 1.0282245006464226
23 7 28 14 41678 1.0280640646701944
6 25 28 20 104404 0.991197930600203
15 28 28 6 106650 1.039371444107486
20 9 9 2 51338 0.9801659006932577
17 1 20 21 67995 0.9936667476141631
16 16 21 22 39481 1.0063059126249403
20 27 20 10 61188 0.905671455261702
17 5 21 25 76954 0.9035046710852509
8 11 17 12 40992 0.9978830631966369
25 27 3 3 133683 0.9363594258908399
27 15 12 20 68260 0.9779880024424753
1 22 29 25 110996 1.000306922745297
29 28 5 25 106554 1.0402800691090315
25 15 1 19 93209 0.9614931676276622
10 8 11 27 74459 0.9183180806427952
26 17 24 26 42122 0.9371105067063181
29 23 22 16 52424 0.9146890441688935
27 3 18 12 49450 0.9745300066168259
23 12 15 19 54953 0.9322036932617425
16 8 29 4 50997 1.001562930235575
17 10 16 24 54716 0.9736276119984448
20 22 0 12 103402 1.0990397257620228
4 5 14 29 106578 1.0582530206190457
12 9 24 2 52890 0.9621587319911925
4 2 13 28 107783 0.9389684999830554
10 0 9 24 89010 0.9366131144554657
22 27 17 16 56904 0.9001373250672782
22 17 13 4 72091 0.9915610630470211
6 13 24 28 106041 0.9877404335888871
25 19 29 5 58345 0.9084525694987636
2 20 26 10 119217 0.9299141969805349
3 16 18 20 80921 0.9283702869454715
20 10 23 2 34674 1.0308830716702038
24 21 2 5 121945 1.0793552643552273
8 9 29 0 88671 0.9082329110953704
6 1 25 22 123128 1.0805455763634069
0 15 16 19 77246 0.933649096093634
21 0 6 23 106799 1.0666270280994126
12 28 1 2 109248 1.0200866292149502
2 29 20 25 83505 0.9956303521938469
28 22 13 5 96732 1.060633820415556
19 21 2 7 98975 1.090085681624964
15 1 9 9 42280 1.0898558665069706
10 19 12 8 45340 0.980294749960762
23 6 7 27 113687 0.9747560684715106
3 1 27 13 111155 0.9971626098490118
17 9 9 6 32985 1.025892812905716
8 27 13 6 87814 1.0950285739584447
22 27 9 20 69385 0.980390553087487
19 25 1 26 76332 1.0639141981935936
0 19 22 21 97965 1.0068855558274012
8 14 3 25 57756 0.9989806753553969
15 0 10 5 27533 0.9147440150175438
28 0 25 20 77863 1.0168149079772801
2 7 16 19 88899 1.0830487653587495
26 23 29 6 73774 0.9126573212696195
8 2 8 26 83529 1.098549004325094
14 26 24 7 95492 0.9332388133459509
0 2 15 28 121684 1.0729806047201917
19 5 11 17 65466 0.9469346822652828
3 26 7 16 51661 1.0338794826303932
11 4 11 16 48793 1.0791278072519752
11 8 23 5 46371 1.0658809181389075
13 14 27 22 69581 0.9341561986936701
0 12 16 23 88536 0.9062327036312455
14 27 23 20 60865 1.0220380202873245
23 18 27 10 38263 0.9735091146185602
10 16 24 27 85603 1.0999587804446038
16 21 5 10 75844 0.9625954089463933
21 10 5 7 62267 1.0947712718579576
28 24 11 22 69850 0.9556790361379596
12 27 2 29 50404 1.0765286730643515
21 18 28 14 35780 0.9281638712636724
23 28 16 11 76102 1.0641049741557969
29 13 4 22 112564 0.961095369672633
25 10 14 29 93557 0.9695925274848486
27 14 0 4 107479 1.0284556029609757
9 18 26 28 86730 0.9346903270792393
7 21 25 23 73121 1.0531163719742587
6 24 1 14 47303 1.075920973442702
22 13 3 19 94922 0.927843858616931
28 13 8 23 91848 1.0577095840794892
19 29 18 14 48771 1.0142657138665294
7 21 6 6 53465 0.9247448955726905
0 25 19 14 96756 1.0605361060677236
13 2 22 22 91110 0.959672512410473
5 16 24 29 106608 1.0936805558554445
28 7 16 5 47469 1.0871725922090354
4 24 17 23 52736 1.0999772864410746
17 4 26 28 102228 0.9389295322395556
5 21 1 29 40482 0.9809371493061172
23 1 18 12 47484 1.0727863105034927
12 5 12 26 67486 1.0958657829027545
24 0 3 14 96082 1.0167338573625715
6 21 22 2 105648 1.0968150700722807
25 6 8 14 77678 1.0484701825857545
12 8 7 18 49414 1.0420345556613202
9 27 20 22 59606 1.080296170172057
22 0 13 20 83908 1.0306151141551672
29 11 7 10 91871 0.9125799970145494
22 27 15 9 84099 0.9373894210900641
25 8 19 16 46033 1.0934490687436438
9 23 16 5 77047 1.0975912734582753
6 6 11 16 50416 0.9727529084493722
27 29 4 10 129727 1.0322550622751208
25 15 27 27 49723 1.0418687045171935
8 22 24 3 107152 1.0206417931944596
9 2 24 2 46914 0.9275338052121199
27 1 27 19 67440 1.0765721645181827
17 16 20 7 40522 1.0468249600882131
3 27 19 23 79331 1.0285149030365255
6 1 5 24 89591 0.9292077771152298
12 4 4 20 81033 1.039943779422309
18 16 12 5 58958 1.0129191917168692
29 17 13 12 69250 0.9120030096714028
8 8 4 16 44688 1.0670909640526727
4 20 13 21 54138 1.017308474982962
23 9 4 16 92423 0.9963781301486749
17 5 12 25 74455 1.059865746612274
18 20 8 4 88424 0.9258795370525944
12 27 17 13 56923 1.0475681300253865
13 3 29 3 41456 1.0489414578280694
26 7 15 18 75611 0.9179012487902524
19 28 25 15 59565 1.014657960990019
9 12 29 25 110059 1.0631889085593587
1 5 23 26 137771 0.903949925476421
28 12 3 4 107072 0.944046883453741
10 0 8 21 81495 0.9418490612925006
7 13 21 9 66284 1.050864425789646
20 28 4 26 71062 1.0738457231241352
18 28 22 10 69979 0.9218707636888903
18 14 24 26 67348 1.0606436027873323
3 18 4 7 58967 0.9052603051415816
29 26 12 6 116288 1.0373003962305158
20 24 29 27 53017 0.9432629704887713
24 3 27 22 79606 1.058137803765147
26 25 26 6 75433 0.924632982707103
12 4 27 27 117845 0.9820156565475036
6 4 0 17 73506 1.0959190845164921
26 12 14 23 72883 1.0079991439626024
6 22 27 7 115314 1.0476480639818806
17 21 24 28 44305 0.9705468235158533
12 26 16 11 57120 0.9070900822484352
6 28 25 15 103824 1.0222907201784164
21 19 20 7 49996 0.9336801448537939
19 29 10 13 74760 0.9497361160295489
20 24 7 26 61338 0.973579891472485
15 7 8 1 43689 0.9420637229812987
16 15 27 24 74580 0.9332643355943622
28 2 8 25 126544 0.9349699834173006
16 20 0 22 71607 1.012275083437341
8 24 18 26 49167 1.0674134206976542
12 12 18 26 62877 0.957389946223664
16 14 28 20 58686 0.9439783448901186
17 6 4 26 106263 0.9574787162176076
26 9 6 24 108793 0.9951927517125608
21 8 7 6 44994 1.003370458996053
28 1 2 22 144667 1.0067305168032197
14 27 15 2 83989 0.9917692495847642
5 9 0 28 77293 1.0583412857759127
14 15 3 17 55061 0.9774903569841991
1 16 8 10 44476 1.064300466189939
3 2 22 15 92651 1.0964123616757457
12 26 0 3 101039 1.0612079579885247
5 6 3 28 90220 1.0578583384496836
2 3 14 20 86957 1.0285334958606351
0 29 19 9 118483 1.0869771023209145
10 28 26 5 122144 0.9972149557529298
15 22 3 14 65762 1.0683771443187764
28 19 20 6 69645 1.0150156754708124
23 26 13 2 108931 0.9953278539759036
15 6 7 4 29806 1.0026908317292567
14 23 21 29 40310 1.0738076031556387
28 20 6 9 108746 0.9869177466701027
19 4 6 22 93606 1.0748113051249661
17 17 27 27 71325 1.0644278757957815
22 17 12 8 67356 0.994591038006217
28 17 4 19 103900 0.9432313385926485
15 29 5 13 85768 1.0682851880284079
15 29 20 22 40555 1.0222973203326184
9 4 28 26 123556 0.9277914308914381
21 12 8 26 92035 1.080003746985049
6 13 28 0 102501 1.0442769532952607
19 8 24 14 32776 0.9766447269343566
26 22 21 13 42985 0.9916609510601854
26 0 20 19 76999 1.0051088510557755
16 3 17 16 50745 1.0850285508330304
20 1 18 16 50464 0.9113786995169676
8 0 9 27 99693 1.0477482813646075
19 23 13 19 32310 1.0868265118187452
6 13 8 24 51043 1.0898222095615573
24 0 27 18 78964 1.017844982283513
29 29 8 28 84706 0.9928523683752851
26 21 14 27 66096 1.0213241853919535
23 12 1 6 86353 1.0107906622794551
15 1 8 21 89574 1.0018364863976672
28 14 7 14 63406 1.0297371887474902
27 5 3 13 104279 0.9056451772351537
28 16 17 5 65472 1.0736698841041434
13 4 7 19 65703 1.0107932152495667
1 2 28 23 139000 0.9539573711009703
23 21 5 28 92145 0.9630631742935357
10 13 13 4 39480 0.9191984281283416
3 3 21 23 108447 0.9790256950146313
3 4 14 10 54299 0.9844439924890225
6 0 19 5 49720 0.9809426201924419
24 17 1 2 110757 1.0360044533641293
9 8 18 15 55013 1.0185865875417563
14 10 18 4 34074 1.0787884731505455
29 28 17 29 51504 0.9669559326202096
5 8 14 26 86693 0.9855136466536776
0 28 8 3 101452 0.9017088061633204
24 23 19 9 65411 0.9212893842983502
13 6 3 3 30536 1.039609532206291
13 15 22 3 61951 0.9738925407492054
27 23 17 16 61686 0.9092002542372257
0 16 17 29 96300 1.0835907262187043
19 9 0 10 74590 1.0854632512338067
20 1 9 21 95469 0.9688740417368551
25 3 17 12 49054 0.9188785570999335
9 17 2 21 43127 1.0234304396175844
3 16 24 12 95877 1.067365481137346
29 26 22 14 62363 0.9123554166304777
22 29 3 29 81741 1.0003545015259487
21 15 16 20 41278 1.0601318538053663
27 22 26 5 68527 0.938576227481486
2 1 1 10 38096 0.9134198038344835
27 21 12 1 101665 0.9593141696466738
21 12 27 24 57978 0.9133447463873029
13 28 27 29 51873 1.0427466867679602
9 5 18 8 33355 0.9014679602761528
0 7 24 18 111542 1.0083544100653856
12 10 19 29 79617 1.009551437037754
16 26 5 13 81360 0.9174049404351812
10 11 3 17 48077 0.9432759094413445
20 16 8 18 52964 1.019660328920848
17 20 5 24 60659 1.0360889938809765
8 27 19 17 70918 1.0058885290988344
1 12 20 4 81212 0.9913982966002904
13 22 27 22 58237 0.9423258569379096
9 24 23 4 107719 1.0445633065253561
10 11 1 15 42696 1.0491307246971253
12 5 28 13 76864 0.9173494371275805
17 0 8 6 39588 1.047904381733598
7 14 19 27 75239 1.0129389120716454
4 9 12 12 44479 1.0123307418440606
22 12 1 21 99442 0.9412862801774395
4 4 1 20 66968 0.9064705721922112
16 26 18 10 65267 1.06831817890096
25 9 26 24 60024 1.050434731305867
25 12 14 10 48854 1.0875528653325175
27 21 24 13 38058 1.0132925046938663
18 2 21 18 57535 0.9195724281428078
23 0 15 24 88778 0.9343749298494226
2 2 13 23 93208 1.0438987516785134
29 11 1 13 102683 1.0296708338033047
13 3 24 29 111878 1.060839822608083
19 2 20 16 42909 0.9320905413983409
22 6 5 28 118641 0.9163336747458699
25 2 20 19 71497 0.9058811394370428
5 14 11 20 44053 0.9254422943560339
21 21 7 7 90553 0.9380364914843381
18 16 26 20 48576 1.0574398370889997
25 26 3 26 99552 1.0531433314067353
24 13 0 29 125869 0.9872406133282223
8 20 19 22 54441 0.9674448436489722
24 10 1 17 102184 1.0133648738587566
26 23 17 21 45104 0.9828842212265768
20 29 12 16 61741 0.99318351599466
5 24 1 14 44466 0.9964120626143907
12 9 20 1 45198 0.9660725192247788
17 8 26 24 78766 1.011198942845063
29 17 6 1 119059 0.9836996695661684
28 25 5 21 103144 0.9295762068668154
23 8 18 20 56949 0.9529140329158723
18 24 27 26 48066 1.036555906502158
21 0 14 23 86886 0.9114230750030775
2 4 13 12 56819 0.9739937598988551
24 22 4 0 136696 1.042910058545152
12 28 24 21 67472 1.0749085565979852
29 11 23 17 39362 1.0758356274502674
1 9 9 19 56267 0.9572841315258833
22 29 25 11 73664 0.9537255528073127
29 22 2 4 140618 0.9041094794981062
7 19 27 3 104515 0.9384509522586697
13 18 12 2 57946 0.9353732317686019
20 6 9 27 101245 1.0983378015459306
15 10 21 6 31441 0.9318996319624444
22 8 12 22 73244 0.9063008891665059
15 27 4 22 63671 1.0553981062758995
22 3 7 6 48740 1.013005330739878
0 12 21 29 122776 1.014642833720623
26 22 20 6 73771 0.9569124674079532
12 15 16 2 53286 0.9463655930689825
20 26 3 18 87396 1.0046594405973206
3 25 9 10 71501 1.047938961652721
19 26 5 26 61724 1.0458155737339987
24 5 3 10 77035 1.0853395974995539
14 11 23 7 46021 1.0222939667639812
11 22 17 6 67629 0.9097104953258771
14 1 27 29 124766 0.9257842756448592
27 19 4 17 95009 0.9781259186221329
24 3 21 27 94361 1.046840163421225
14 17 27 21 66017 0.9001462212824503
7 21 0 5 76158 1.0484733449970456
13 4 2 26 108822 1.0570762198828196
29 3 22 19 76981 0.9078688000691818
3 28 25 8 134247 1.092620934122319
23 2 5 23 112726 1.0998214010511203
15 28 6 24 51203 0.9522764733770679
20 27 20 5 73621 0.9733905483602181
15 3 0 19 94832 1.0690702606941158
5 25 21 15 96615 1.0677107528389702
12 26 21 11 76384 0.995225324325011
29 15 0 23 120082 1.0299488319783354
19 26 25 5 82692 1.0812413059209742
1 29 15 10 97455 1.0008446030459743
11 12 29 17 77050 0.9250658279061893
14 5 1 0 47818 0.9312758922309398
25 7 19 28 83034 1.0230171635444418
12 7 24 24 99258 1.0609988070034646
19 3 14 11 39886 0.9343353020911249
27 16 22 11 36398 0.9397841334092795
7 26 17 0 105983 0.993133014102171
2 2 25 15 97502 0.9635637100112189
19 0 20 10 29064 1.0646026029987086
0 1 27 10 104576 1.073146866249189
24 22 3 28 102390 0.9087372040271012
14 2 3 17 85176 1.0191967479234945
6 1 19 3 46902 0.956459858434743
23 14 10 25 73502 0.9139152517654374
25 9 3 9 85877 1.0640570049165545
23 15 16 21 51151 0.9857143391446452
1 2 9 20 79308 0.9356969950718333
23 14 3 10 75266 1.0507528927190295
1 18 14 7 78390 0.9939775151941884
2 14 19 3 83585 0.9628062126331738
8 10 21 7 58307 0.9190088327525037
3 14 17 11 55139 1.0744698249305284
4 29 9 13 64659 1.0044620709389396
27 13 18 9 44386 0.9033697730007586
14 8 9 18 48577 1.0322356693996908
6 21 27 10 101601 0.9046523748903708
27 3 16 0 36944 0.9040320130701671
16 7 28 20 76503 0.9655183039940548
20 26 29 10 86458 0.9243117347044266
12 23 25 24 53807 1.0674074172873125
20 28 28 6 94396 1.090031763118318
29 7 21 23 90519 1.005789175164257
25 2 12 16 81919 0.9440857570429018
0 29 20 10 120957 1.0774537362011316
0 23 26 0 139477 1.0104838334077921
19 2 29 2 28158 1.0401934702094628
10 10 1 12 39125 1.0078176663377556
27 0 10 27 130284 1.0511585582037377
18 10 6 28 95087 1.0502861461728052
29 4 3 25 149859 0.9840914641175712
25 5 28 29 95988 1.0924026974645582
26 16 3 11 93660 1.0352593305063293
7 24 9 3 71204 0.9090266231813807
19 15 2 13 65680 1.0984421576105807
17 13 10 27 66253 1.0157095493096533
17 16 3 10 63920 1.0194333643016145
5 0 19 4 51475 1.0711350364408574
5 4 9 19 64679 0.9208658452221434
19 9 3 16 82365 1.0548769823865563
4 4 17 15 76375 0.9964185716997332
17 0 6 0 33062 1.0678178832990735
7 19 24 5 94795 0.9933732487532416
23 13 24 2 59785 0.9267032709960191
26 19 25 9 39886 1.0047294570160015
1 23 20 22 69573 1.0844485870400262
6 6 21 7 51074 1.0415958430630639
2 17 3 2 65783 1.010746769140109
13 2 25 4 39703 1.025448883547161
8 13 1 23 54459 0.9995838867831683
16 3 15 19 55645 1.024954854350705
2 26 11 14 70071 0.994995677069967
16 23 1 10 88006 1.061897025345835
19 7 1 0 66149 1.0046937218325551
12 25 6 7 75753 1.042040332197813
0 18 10 26 58314 0.99475767945769
17 20 8 23 41905 0.9307498051992542
1 16 7 12 33920 1.0823578328802481
1 27 8 10 76207 1.076742780948191
29 11 3 28 136017 0.9229341286642986
19 27 11 13 67321 0.9447730399062064
2 19 1 4 56352 0.9234475490264751
0 8 7 0 48208 0.9473580484719062
10 24 12 15 33148 0.9330218457511801
1 28 0 8 65000 1.011210941548579
2 25 12 16 68378 1.0714872834978553
14 9 25 15 52900 1.0805649723683877
18 19 6 17 56636 0.9107871754890219
5 17 28 4 109026 1.083497233582942
3 12 11 2 60368 1.0342723332082473
21 17 9 14 54632 1.0378807667442944
29 16 12 13 67923 0.9117036067897498
1 22 13 21 48192 0.9301750204823269
22 0 19 11 35787 1.0679825787830408
15 27 22 10 78921 0.9127713346198832
18 11 4 1 78278 1.0293971680869691
16 8 16 21 56039 0.9780997655396094
20 25 2 28 78473 0.9513382273543282
24 0 14 20 87137 1.0782316334572852
11 18 29 17 73058 0.9341502769388054
10 14 0 20 52107 0.9754199645982128
9 17 25 23 77550 1.0073155926262627
15 22 23 25 40558 0.9145572616151306
29 12 28 23 52985 1.0599637434559084
10 18 0 18 41684 0.9453446145618039
5 29 0 0 109429 1.0809466975559312
0 26 25 24 107179 0.9046787193424216
13 13 4 18 50313 0.945648400994893
10 6 13 29 82834 0.9862276182410477
10 11 17 22 64611 0.9326243946603866
26 8 7 29 125041 1.0035346080768264
16 29 24 10 89463 1.0041126385411479
16 27 8 9 90914 1.0194304015941658
10 9 0 6 41844 1.020270298258951
0 5 27 11 100697 1.0685854503817167
10 29 26 22 86101 1.0505080681718932
13 8 0 7 49789 1.0102604901249692
21 21 2 13 94879 1.0628483938155806
10 10 21 29 97233 0.9622431176539952
20 4 4 3 46714 1.021398972587049
2 29 23 2 145148 1.055853058752313
13 9 4 26 86954 0.9660427086586661
3 8 22 29 123466 0.9186025451751706
28 7 5 4 82450 1.0780822261026057
12 10 15 24 54725 0.9214913895090258
11 19 6 13 41896 1.0976481324174965
29 18 8 14 79428 1.060779515365002
8 22 24 14 79910 0.9060564378548995
29 1 15 4 44060 1.0966163890761522
23 27 11 9 101152 1.0279968344426131
1 3 18 18 95871 0.9833663525257321
14 18 29 10 75787 0.9727429727379313
19 2 29 27 109363 0.9344971402023194
3 0 4 10 50245 0.9861571836486
10 9 21 28 95020 0.9501348350775713
0 23 11 5 86829 1.0387396899265986
21 4 24 17 64691 1.0225219890497321
6 15 24 10 82034 1.036109976665796
24 0 18 10 40138 0.9471419366458507
13 20 3 10 63953 0.9832408366916475
20 29 22 21 41204 0.9575713556214078
28 16 12 22 79441 0.9106162990197483
15 0 11 26 91958 0.9065243763463419
20 8 23 28 76136 1.0612292244199568
28 8 23 29 92215 0.9980254458585346
19 0 8 18 86527 0.958813179220487
25 9 15 13 51794 1.0631670398543944
16 16 15 29 48911 0.958208265107365
4 13 18 28 94982 1.0835176161511895
13 16 6 25 55778 1.0812589844278901
28 21 12 3 101663 0.9846415659325951
12 0 29 5 59778 1.0549363993916936
17 26 8 22 44370 1.002587671063937
5 0 28 2 72478 0.9444722910985615
21 16 7 1 85309 1.0347595389710467
3 11 21 25 106957 1.0381880643026304
12 19 26 28 69938 1.0760907496971044
11 25 23 4 104104 0.905126334320721
23 23 29 28 41225 1.06485300152369
26 29 18 12 80189 1.0539963607973153
10 3 16 13 53481 0.9795630897937023
0 20 17 14 75653 1.0304454142977402
27 26 15 2 107300 0.9115175460912203
25 12 11 14 53021 1.099892126577394
17 24 8 19 51183 1.0244991265811394
20 10 26 17 42560 1.0217670928986753
6 18 15 8 61558 1.0589103468512113
26 18 23 1 75010 1.0128060668386993
1 0 25 24 138542 1.0893127169707433
11 16 29 24 93066 0.9762973435948261
25 22 17 11 62748 0.9260948410760915
14 24 18 6 70950 1.034568439747769
3 5 28 1 80949 1.011556733068026
29 7 8 11 86744 1.0776409581579538
13 15 26 28 82782 0.9997547425313634
25 13 25 26 46821 1.0151400107083748
3 9 11 23 72316 1.033831362843651
20 13 5 6 66899 0.952113584994877
0 19 11 7 72321 0.9889011318363352
18 7 20 24 60425 1.0200134922846331
16 7 3 7 48439 1.0384810213546731
8 27 17 21 57356 1.0076971289959153
28 26 13 12 95507 0.9864167438374178
17 7 11 19 60379 1.076233383947877
11 28 21 16 71345 1.0380939260675193
29 12 10 28 112095 1.064918993254654
23 6 19 29 80577 1.080094865271631
22 9 12 18 66747 1.089266409403886
15 5 25 2 36082 0.9909369184955937
29 0 29 15 71872 1.0328406147627436
14 9 10 28 75945 0.9178552211235629
19 22 1 14 83789 0.9352766517921873
28 21 15 4 91434 0.9564232274745345
16 2 2 9 65042 1.0601355620551312
23 27 12 25 53034 1.0568500574911563
15 21 1 0 100250 1.0889617982513333
9 11 3 22 61406 1.017274034864919
8 4 28 4 65142 1.0289835857872645
15 28 16 18 35963 0.9568874720384083
6 7 16 20 80935 1.0708816957842224
15 1 5 22 96331 0.9668934479033634
2 5 7 19 65482 1.022395817865684
11 19 6 13 41896 0.9222970809697186
19 9 3 21 97056 0.9324110906404801
10 19 3 6 66859 1.0716876281705576
7 23 3 8 58108 1.0819556190179445
2 24 19 11 96583 0.9337933586009545
5 2 22 18 100786 1.0791070817275166
9 16 0 11 43093 1.0367229723163833
17 9 21 22 58368 1.0976137847254832
6 21 25 17 84718 0.9015235723211381
1 26 6 8 76470 0.9888392399424126
28 4 12 15 82800 1.0426708031835912
12 24 12 9 48534 0.9515148245497285
23 26 9 18 78203 0.9706251059261709
14 21 23 20 53181 1.0745573746193213
0 24 7 17 42736 0.9218932554404357
15 16 6 5 56541 0.9631013063449614
1 0 24 7 86790 0.9808887241386688
28 20 25 29 44103 0.9394778570238271
7 18 15 16 37428 0.9521559184844484
26 12 10 4 74662 1.089026824131403
11 7 0 9 43026 0.9459385619498142
15 11 11 20 44119 1.0340964936206092
15 3 4 14 65852 0.9770123508814048
5 4 17 6 42927 0.9739547864006102
17 6 25 0 36103 1.0196053751679157
25 12 1 28 122682 0.9867324646840839
11 27 5 9 83723 0.9424156558873857
15 14 5 16 40653 0.9778092708037494
10 25 2 20 54919 1.0448897091443239
18 14 17 2 43748 1.086755392068334
24 2 28 10 41838 0.90134106313304
2 5 12 3 34444 0.9309341699221331
15 19 27 18 52387 0.9292395355810361
1 14 21 29 110123 1.0038820668368735
2 15 14 3 79032 1.0326585738685674
24 6 29 1 31066 1.022072753331156
14 17 28 6 79050 1.0832168888798814
11 4 1 16 68981 1.0549451222877393
10 24 18 19 49140 0.9132153231216281
3 14 18 17 62031 1.00953028983051
29 14 27 6 38597 1.0363892959982601
15 17 21 9 48488 1.0182272905370209
18 3 7 14 61348 1.096459797638726
14 0 14 24 86067 0.9927379327114884
22 18 1 7 106841 1.0716287845875225
17 9 11 20 57253 0.969818310012556
27 28 0 24 109797 1.035417400279154
1 25 16 21 69860 0.9076040520006092
17 14 24 8 41572 0.9238733691616664
4 2 10 18 69225 0.9531318997718502
16 28 17 0 95231 0.9104567114664711
3 19 18 14 74340 1.0983873721930038
7 16 20 10 63541 1.048128507430445
18 19 11 28 57705 0.9201818837446424
25 24 18 6 78689 1.0355411270326096
1 7 7 27 82816 1.0196086328499652
11 6 14 20 57543 0.9293219297080134
10 15 23 27 84090 1.0163295856549206
24 18 17 1 68703 0.9108574665545174
7 11 25 16 70868 1.0027312873751157
23 16 26 0 69606 1.0646054320362461
7 29 14 2 103723 1.033625742808379
25 8 6 28 123954 1.0145230937925247
24 8 6 10 69556 1.058608995745843
23 18 28 12 32731 0.9400666992454806
21 7 19 29 72106 1.073727226268738
3 8 17 19 82995 1.0437790818749892
25 29 27 8 81672 0.9957055471199675
26 11 13 19 68721 1.0104393315938076
4 19 13 14 51407 1.0139664073607781
5 26 9 16 46856 1.0184967679061447
26 19 4 23 98660 1.0164111125712463
19 28 26 20 52822 1.026477572047269
13 15 19 11 33221 1.0553416649902383
10 6 18 8 28235 0.926764687693042
8 21 24 29 81217 1.0491953587034395
3 18 19 6 91916 0.9641331365041996
4 5 5 26 90820 1.022716081524228
15 11 24 3 47480 1.0994903091230486
13 5 4 9 39220 1.0367271319468565
16 7 4 23 86823 1.0342825647396114
14 22 16 8 58317 1.0332430464802311
7 13 12 3 42234 0.9248238426822938
8 19 2 9 58187 0.982409813927586
22 2 7 25 113656 1.0689437444443497
25 6 5 29 132902 0.9310251673158396
2 12 17 4 74049 0.9605606936053005
29 20 21 3 89913 1.077792760308592
3 6 7 13 36095 1.0329403363020941
10 7 24 1 59897 1.0535044244184082
15 1 27 26 111724 0.9047270597131405
8 10 21 27 101749 0.9908451437029637
27 26 6 25 96564 0.9935619259267732
0 9 24 2 93170 1.0747285724649802
1 29 10 19 61493 1.0911391308219927
27 6 19 16 54232 0.9718244817406679
4 26 27 23 101274 0.9226068516079401
17 21 29 19 64156 1.0794746626677652
28 13 7 14 68104 0.9041115939102339
27 7 17 21 80076 1.0725721704212452
28 12 21 6 44637 1.039262702518393
0 29 10 28 39354 0.9072251934381418
17 11 14 24 54693 0.9448575102911104
21 3 6 27 116780 0.976268801703012
23 8 0 22 121956 0.959736903150904
14 23 19 17 32604 0.9419479100047863
1 15 15 29 88394 1.0688861306380582
0 3 26 11 97704 0.9201821257213957
24 0 11 8 55080 1.0201685456318577
29 14 16 0 75837 1.0834050008826326
11 6 6 14 39871 0.9582115303010794
2 13 22 23 102402 0.9691941165034607
24 1 4 3 60745 0.9704144735766943
21 10 2 15 85793 1.0376943595061539
10 4 18 15 62279 1.0683386302226625
5 13 3 2 57238 1.0239791785775627
29 21 26 28 41886 1.0794947290355232
29 18 8 7 98430 1.0106359109792222
18 23 22 16 38535 1.090368901103359
21 4 9 9 55484 0.9304752808314029
4 3 18 16 80057 1.0662870970744065
11 16 24 6 73843 0.9596977864913764
29 0 10 20 118015 0.9831454330268805
25 12 10 25 86528 0.9290341123370096
22 11 1 20 97048 1.0796114257749372
21 8 16 1 35177 1.0950430611104347
15 9 1 14 59938 1.0388619534608292
0 23 19 24 66073 1.0449775916656472
13 10 20 19 55650 1.0799279283671765
4 1 24 23 134677 1.0204241452984222
10 0 14 15 57942 0.9670608117652655
8 16 5 0 66408 0.9807925442231793
0 19 13 7 81163 0.9538092578697309
16 18 15 4 52039 0.925087340027855
7 18 24 10 83990 1.072937868460014
23 22 5 11 101720 1.0336670236322139
20 2 21 12 39360 0.9461673467335527
27 8 2 21 132052 0.926497245865471
8 4 20 2 44006 0.9035431795095908
11 19 16 13 38476 1.057994518088092
28 13 18 23 59681 0.9042454130234087
25 24 3 14 104615 0.909097827807151
29 29 10 10 124698 0.959877210647341
10 3 6 25 81785 1.032182857475003
27 3 19 8 33074 0.933270868823163
26 28 10 2 124758 1.0339013199752314
27 17 14 29 85096 1.0435799643497896
5 24 14 5 86779 1.0822851632553911
5 22 24 24 83961 0.9903984303557752
5 27 3 17 59229 1.062362998101598
24 20 21 29 53421 1.039253980850517
6 15 28 2 101249 0.9443360344063979
22 15 26 27 61003 1.0803844582760145
11 13 6 2 52054 1.0910828534542614
14 4 2 7 47503 1.0097438622328863
28 26 16 20 71757 1.021246742683059
19 6 11 10 38099 1.0680979533862378
17 19 28 18 48027 1.0466974434933334
6 16 15 19 46281 1.0531911543185088
9 20 28 28 88166 0.9288224941559347
16 0 21 8 35196 1.0376431982495737
14 2 12 26 83190 0.9805811568951431
12 18 9 29 46213 1.0307958462167808
19 26 27 15 63325 0.9828870715262658
16 15 1 3 79622 1.0613553251684755
17 6 10 27 86536 0.9806774557354617
13 12 22 9 46723 0.9356028014961429
23 6 14 12 49699 1.0255308955559508
18 21 29 25 59274 0.9063306058309597
27 25 14 7 99244 1.0023036645308465
3 27 18 9 114458 1.089641355763354
14 0 4 9 53955 0.9017414368536096
21 12 2 21 103319 1.0781484107508872
4 17 21 28 90931 1.0349348572362345
12 12 0 21 69450 0.9050593100904202
14 29 15 8 71626 1.0045960458324072
7 2 24 11 75170 1.0725259504737952
11 8 2 4 43133 1.07263670685979
25 7 11 14 69589 0.9641074619941665
3 14 12 7 49798 0.9912436182516384
21 1 25 13 60485 0.9614255778750318
21 15 7 25 84126 1.0348967440647021
24 27 6 24 84411 0.9979232348508197
9 25 12 12 52597 0.9423792813321278
29 2 13 25 112337 1.0195598749315522
8 0 3 24 96992 1.007152309530774
1 11 22 26 118817 1.0262122140406382
4 3 20 17 85702 1.0979223618895797
19 20 27 25 49900 0.9982633391829736
4 10 15 21 70104 0.9498213973527677
1 15 9 12 34621 0.981613066885656
22 0 5 19 106745 0.9760815588907221
27 23 19 1 88921 0.9605680383467591
21 27 13 22 43974 1.06992043299696
2 17 12 28 72549 0.9315752869874964
27 26 14 20 67586 0.9756618795858771
15 26 24 6 89302 0.9817657385654199
27 8 7 11 79919 0.9755672709764234
16 26 25 22 47157 1.043669327912879
13 18 29 29 84581 0.9455498507671305
21 15 3 16 80703 0.9741146057326298
24 26 3 6 132281 0.926483649035629
14 15 24 20 64504 0.9810774325819746
7 2 24 8 65019 1.048910130888982
19 2 4 4 45437 1.0878457436476647
5 1 4 14 61600 1.0435162260355064
28 14 29 0 61918 1.0298330205350557
12 15 18 0 61383 0.921352129389354
2 26 21 23 84590 0.9327705950467143
28 13 2 2 107610 0.9489717599985648
16 9 5 3 46928 0.9988064235754556
15 1 17 24 79009 0.9931570549438002
17 13 7 8 52051 1.0866450911911407
6 24 3 6 74615 0.9686889909931362
10 16 13 7 38676 0.9980589656166585
29 9 7 1 93101 1.073774836870318
21 26 18 12 58823 1.024155306484847
17 25 26 23 43510 0.9495962825270072
29 1 24 16 68135 1.0056149656377946
25 11 1 1 95148 0.974005449562268
13 25 2 6 91512 0.9530578255264133
29 10 5 25 129246 1.0689997793330097
29 16 10 0 103322 0.9698673482472083
8 26 17 3 99672 0.9424721078897238
0 15 9 17 43245 1.0620274217329326
3 3 10 16 56933 0.9685517755098971
15 24 8 1 95025 1.0475780723281076
3 3 13 29 106349 1.0792568041862665
26 19 6 28 107907 0.9685824170217009
27 15 13 18 60829 1.0752992519868279
23 11 12 17 61564 1.0697726750241323
13 29 0 23 64375 0.974865700478307
29 2 7 23 119832 0.9832050152592631
29 4 17 2 38005 1.0357496078383688
23 6 21 27 87289 1.0763219201721037
6 22 10 3 70894 0.9269072580533846
25 5 0 0 82534 0.9127253917203063
20 2 25 15 53206 1.0421167144986978
19 15 17 25 40688 0.9188695341851447
9 11 14 27 70655 1.0640001895921218
1 14 18 22 85986 0.9091377443519951
11 6 8 23 67889 0.9072759265924241
26 3 11 8 55950 0.9863560880245276
16 4 26 13 65776 0.9298847077802068
4 20 7 4 71853 1.0319474948148777
6 24 0 2 91589 0.9944197038421647
25 8 9 24 102206 0.9015284242285807
15 1 4 29 119804 0.9597963340314032
1 24 12 6 86205 0.996424370451878
19 27 9 22 45885 0.9686153638023444
29 27 29 14 64246 0.9126089234740868
28 28 4 16 123821 0.9404646325253029
2 16 24 1 120461 1.0733468491730662
29 4 19 15 62784 0.9349482420929693
26 13 6 2 93392 1.0142311751548716
20 3 0 11 80016 0.9361216080096126
2 11 8 3 46389 0.9059342493901316
28 25 16 8 92028 1.0770063965961494
25 0 15 15 67978 0.9984543154421697
24 27 19 6 86428 1.0693964247578411
25 27 3 21 106910 0.9252885100425673
2 19 17 2 103101 1.029778378112725
11 25 25 23 59512 0.9902794895614806
4 25 16 13 81131 1.0852144255088645
6 27 17 11 86109 0.9481269409266213
21 3 26 25 94952 0.9000490065504209
4 14 11 24 56429 1.026973043660885
27 0 1 18 127765 1.094117364004371
20 3 11 7 37797 1.064236006223831
9 2 13 25 84461 1.0973353243866448
29 22 5 17 112193 1.0085547705987101
26 10 3 17 101353 0.9452159749006511
10 17 18 15 39977 0.9708498152242581
1 20 24 8 110905 1.071627697812477
11 7 20 5 35088 0.9844422208656918
19 4 5 28 115596 0.9136360707771051
26 16 29 25 43348 0.9068536986994972
28 25 26 9 67260 0.9624558877711589
14 28 11 1 94668 1.02498399963979
10 28 24 2 121553 0.9839036088157493
21 7 3 6 59705 0.9242743147652308
23 13 27 4 48977 1.0097297872921134
20 16 5 4 82493 0.9317988605237819
7 15 22 26 90561 1.0716921329519362
11 16 26 20 74062 1.0413883893854077
7 20 24 16 78880 0.9884215256157859
10 16 12 6 37718 0.917938045094856
8 21 1 11 58736 0.9827693837535169
1 7 15 18 82363 0.9547577350731211
18 12 21 27 61579 0.925017668846556
29 5 2 1 88517 0.9974157229381577
14 23 9 9 63090 1.096411269510564
29 3 13 0 49719 1.0254966631713565
28 10 5 5 86946 1.0675655182949555
29 7 28 20 61714 0.9898019566997666
2 7 23 4 75418 1.0242457382699341
11 28 22 0 114859 1.0947864034146346
5 4 1 18 69626 0.9029508682726216
25 15 16 17 43558 0.9284489718600173
29 5 17 16 71175 1.078459616083304
0 26 23 5 136916 0.967688168869622
5 24 19 7 97726 1.0591169940952345
21 15 16 25 55714 0.9482461711144827
1 13 28 0 113794 1.0872155428886832
21 8 0 22 113549 0.9401239037571804
22 4 6 16 86948 0.9531917062178212
8 14 5 22 37853 1.091184063680338
25 19 0 28 120860 1.0423497480761905
5 9 11 5 29901 0.9539276623286108
24 15 11 12 57794 1.0514436887933691
13 27 20 4 95334 0.9792935376756438
21 3 25 24 87095 1.0836928528460683
11 13 5 3 50829 1.037452312390307
1 19 18 16 81783 0.9074348749152394
26 26 14 10 94260 1.0973020787606043
3 23 17 13 73741 0.9165643919736924
27 15 28 26 43837 0.9819349545614118
0 14 24 6 98837 1.068770859459267
21 27 4 9 116663 1.0569742421865544
10 3 3 6 26283 0.9046746074103456
16 2 17 21 72950 0.9541561470899654
25 14 13 16 45356 0.9237994160499164
2 0 3 22 86336 0.9736893574082709
17 27 29 12 86440 0.9838814861350389
25 28 10 6 109983 0.9857910691683311
22 9 1 7 77171 0.9648371166422955
16 19 3 24 67988 0.9764234520847133
8 23 16 16 48539 1.041095764480595
23 1 24 27 109924 1.027824462506445
24 4 28 14 52870 0.9679394592965359
12 6 1 11 46977 0.9486991403070707
7 21 3 5 65408 0.9129689414022081
19 27 3 5 111114 1.068996429775426
10 11 9 20 35449 0.9632898532171112
29 22 3 16 128381 0.9481038533856229
4 25 16 4 110217 1.0547434080745792
4 29 20 22 82332 1.012102137968044
5 10 13 8 34927 0.9830420291252191
26 19 2 23 103292 1.0468460257776013
10 7 22 29 106613 0.9687493496445838
21 26 0 7 131928 1.017031158306723
3 28 12 27 42910 1.0518010813667011
1 16 25 26 114909 0.9613396674791795
29 1 17 28 112938 0.9746814495840574
6 1 17 8 55818 1.0190925712279209
9 26 17 24 41676 1.0546164712299784
7 9 2 25 73746 1.0348365961185086
11 18 12 3 55278 0.9583094371203454
9 14 12 21 32078 1.0421324254360653
29 10 13 9 62744 1.088008540375767
26 17 8 0 97316 0.911327206386805
23 29 17 2 97464 1.0289488417891746
12 12 17 27 64662 0.9906748268259682
20 12 2 20 96016 0.9013610277090972
27 14 1 10 92613 1.0467611430642363
8 11 26 24 103952 1.062118844894788
6 16 5 27 50886 0.9291952232575125
29 28 18 25 52595 0.904107187811748
8 12 24 10 73111 0.9536502622658019
26 1 23 25 104027 0.9505131388324382
18 22 9 2 94944 1.030248886858688
12 0 20 25 97366 1.0614088362663676
14 20 9 27 44365 1.035329005956067
11 22 24 20 66990 0.9637914268726888
3 14 17 24 75982 1.0982125902803757
5 21 18 15 72281 1.0686851362991967
15 13 20 5 41842 0.9103731078609418
16 8 26 11 43127 0.9729124150334016
29 25 21 0 112237 1.037907772889872
9 3 29 0 64462 1.0051233390726044
19 2 6 7 48610 0.940173550622645
28 28 0 20 121221 1.0816719473816532
17 15 19 28 45301 1.0524244947844021
5 16 22 28 95188 1.0476073554470582
26 0 8 10 80038 0.9662547586421526
0 13 11 4 63202 1.054819131092037
26 15 3 1 108304 0.9782329978596485
4 17 1 9 42198 0.9483987703371772
13 19 23 20 49898 0.9267048685306936
4 16 29 21 118472 1.0972179327383262
13 5 26 5 46114 0.901292718846436
26 26 0 23 104012 0.9059282415002324
5 4 21 1 58238 0.9618477361640003
3 17 21 14 76268 1.0768435202879656
23 17 15 0 71247 0.935733203622219
11 13 21 27 79935 0.9525740251679509
19 14 27 19 37774 0.945696327254427
29 27 28 9 79929 0.931698701820181
13 1 25 27 117741 0.9862129627279695
12 19 0 8 74055 0.9014098590280141
7 27 20 17 75452 0.9763053522752082
0 8 8 13 43164 0.9824581297302444
0 6 19 25 113694 0.9870179595719416
22 1 16 9 44184 1.0981506544787836
0 28 8 15 67565 0.958866971535006
16 26 5 16 74092 0.9867709416486601
19 9 15 25 59736 1.0200472905204983
15 3 25 9 47857 1.0150579412326923
5 18 8 29 46047 1.059969376201169
22 10 19 17 35420 1.0506502506448947
19 0 23 21 79571 0.9111314033230041
10 10 26 27 111719 0.9499149125067451
22 1 24 21 89648 1.0745968059134112
24 21 0 20 105360 1.047514810716156
24 19 23 0 82571 1.005644038992858
0 0 12 17 83036 0.9326083834511077
14 2 25 17 72312 0.9224885487633311
27 27 3 28 97175 0.9835245296856325
18 2 20 16 46828 0.9620597009954764
18 10 28 25 81780 1.0859350687209854
23 16 3 16 87064 0.959718498466612
3 13 12 1 68624 1.037474699376343
27 12 25 4 37352 1.001738717441518
16 10 7 1 52173 0.98941693355005
5 6 27 12 84934 0.9318503065630585
18 14 28 12 35403 0.9482641393778245
10 15 22 13 48891 0.9032499769873672
19 24 8 28 54491 1.0754427416388765
17 12 7 26 76225 0.9362599704171555
18 8 18 19 41950 1.0277665328900554
26 10 16 22 76531 0.9663828393028179
2 5 9 22 79087 1.013894048828104
16 6 8 24 81959 1.0400098607466903
29 13 3 23 112635 0.999481939382738
9 13 29 10 81895 0.930180104487852
8 2 28 0 59781 1.0970247264610518
4 16 22 1 105976 0.9481525891054139
18 14 26 21 49034 1.0836227321922436
7 26 21 18 73194 1.0757185199603925
3 10 27 23 116571 0.978959869066822
26 1 21 13 64859 1.0942274417247517
18 11 12 22 54593 0.9993179390352871
3 13 10 7 47187 1.0182089753143275
28 24 3 22 103274 0.9007926005467554
12 23 15 3 70056 0.9994769396057157
18 22 3 19 77883 0.9994447947742141
24 24 3 26 101160 0.9195273916890178
23 11 7 27 104670 1.0333166512084633
10 12 3 18 48283 0.9722043337847344
23 6 10 2 48408 1.027298749917716
5 4 24 23 122782 0.9098567767680483
16 4 1 27 118729 0.9847477869788241
14 21 9 4 72475 0.934041107825107
28 21 1 3 130256 1.0263746581883075
24 0 16 20 83566 1.0840543279260884
21 24 9 20 54392 0.9324946877990548
29 6 25 23 71876 0.9955751987323528
10 26 25 1 120667 0.9895882892228844
18 0 17 21 72498 0.939221739677147
10 28 28 23 83167 1.0765201441229875
29 19 18 20 57625 0.9531305198613748
25 1 17 24 94901 1.0365079733959655
13 2 28 14 74936 1.0619128386680332
0 4 24 15 107799 1.0368878058007525
8 20 24 22 79717 1.0944658345782863
4 1 26 10 96298 0.9988381537766293
9 12 29 24 107457 1.033735990825867
20 14 0 4 89569 1.092340813722702
26 8 12 23 91539 0.9309508971446159
