2009 2554 2371 1914 2360 1949 3172 2199 1817 3456 2298 3194 3153 2985 3380 1735 1626 1561 2137 3095 1723 2495 3209 1934 2193 2869 1637 3217 2505
2886 2970 3035 2605 2573 4194 2508 3952 3189 2448 4278 3193 3066 3999 4214 4325 3262 4285 2627 3493 2998 2637 2837 3672 3280 4110 4326 3985 4247
8080 8244 7527 8960 7237 8288 7483 7108 7282 8439 7970 8400 8348 8671 8345 8206 8237 7299 7959 7333 7718 8221 8411 8378 7278 8596 8676 8388 7569
7078 7604 7217 6856 6218 5974 7280 6587 7491 7599 7397 6670 6140 6010 6187 5958 6012 7511 7606 7455 6812 7701 6346 6046 7256 6406 7746 6834 7597
1605 2711 1844 2130 3235 2642 2063 2865 1441 1938 2405 2456 1635 1888 1612 1965 2866 2924 3056 3230 3104 3337 1744 1621 3362 2448 2430 2045 3091
2256 2587 3119 1449 2510 2361 2622 1428 2980 1391 1709 2256 2199 2540 2752 3050 3032 2488 2108 3104 1757 2001 1682 2410 2190 2877 1444 1737 2259
2845 2764 1996 2794 2359 1231 1639 2019 1474 2360 2431 2456 2263 2030 2318 3118 2953 1620 2929 2984 1287 2283 2631 1408 1909 2461 1744 1585 1246
4209 2952 3162 3887 3822 3370 3724 3819 3250 3615 4318 4352 3084 2962 4553 4165 4712 4762 3309 4011 4637 3148 4323 3398 4357 4500 4578 4762 3394
5450 5322 6787 7176 7154 6100 6311 6735 5580 6227 6595 5759 5480 6256 5493 6078 5273 6167 5994 7106 5833 6121 5462 7180 6283 6935 6197 6903 6157
2676 2923 2777 2490 2654 1810 2716 1608 2955 2281 2505 2456 2202 1105 2587 2280 1929 1849 2283 2270 2654 2129 1229 1417 1874 2300 2279 1524 1327
3811 4491 4144 4183 4768 4089 3948 4235 5020 5012 5442 4886 4694 4644 4131 4543 5434 4930 4761 4902 5577 4607 5099 3700 4602 4722 4926 4497 4236
3513 2646 3400 2014 1990 2336 1517 1937 3426 2653 3311 2003 2882 1598 3464 3224 1720 2973 2503 1977 1729 1745 3070 3066 1583 2012 2720 1771 3268
3036 2568 2279 2467 2124 2589 2292 3799 2520 3029 3500 3627 3253 3627 2644 2481 1957 3657 3151 3325 2365 3575 3615 3817 3473 2874 2724 3608 2889
4399 2969 2555 2382 4109 3741 3653 4150 4232 3328 3781 3381 2838 2709 4331 3759 2984 2795 4372 2845 3954 4323 3268 3701 2667 4295 4331 2938 2878
5236 4793 3619 3344 3541 4146 3694 4716 5167 4892 3763 4955 3591 4096 4193 3972 3369 4932 4216 4098 3834 3424 4941 5187 4775 4932 5332 4944 4919
8642 6956 7861 6843 8651 7002 7502 8616 7606 7890 6829 7459 8604 7942 6992 7328 7857 7231 7614 7256 7658 8749 7191 7015 8802 7813 8726 8197 8791
5963 7763 7084 7697 5724 7219 6332 6594 7524 7448 6796 6025 7124 7376 7613 6649 6533 5809 6828 7712 6883 6824 6622 7615 5750 6172 6114 7687 6731
5515 5742 4803 5322 5480 5493 5426 6089 4229 6123 5651 4776 6158 6091 4161 4785 5297 4829 5078 5308 5924 4730 4839 4838 5286 5137 5514 5818 5342
6215 4990 4821 5550 4760 5836 4790 5260 6078 4973 5776 4652 5230 6053 6013 5550 4929 5633 5363 5206 4808 4722 4367 5329 4875 4224 5360 4232 6152
7230 8152 8280 8086 6859 8385 8122 7499 8070 7605 8283 7468 8162 6654 7060 7174 7346 8200 7465 8131 6793 8085 8473 7096 8491 7606 7777 8479 7108
1573 2357 1385 1858 3045 1983 1349 1696 2816 2726 1829 2748 1410 2542 1773 2222 1198 1232 1211 2797 1293 3039 1299 2722 1930 2094 1279 2522 3032
2896 1711 3116 2509 2448 2423 2373 3339 2681 2645 2991 2055 3394 2387 2128 2783 1891 2362 2636 2439 2289 2265 3239 2550 3487 1958 3087 2361 1736
6191 6874 6602 6447 6296 6031 6155 6894 5110 6368 5795 5471 6020 6240 7002 7042 6493 6076 5884 5713 6858 6494 7107 6258 6573 6063 6524 6711 5941
6035 5777 6265 6250 5681 5901 5814 5203 6361 5279 4929 6431 5074 6783 6742 4902 5416 5986 5835 6590 6066 6086 5859 5946 5911 5676 6215 6932 5216
2513 1115 2515 1782 1529 1483 1763 2079 2743 2908 3041 1188 2132 1320 1857 2333 1337 2971 2504 2548 1420 1648 1574 2036 2750 2886 2729 2027 1629
7509 6671 7353 6322 6575 7593 7214 6049 7412 7246 6174 6645 8015 7884 6857 6894 7153 7395 7582 6618 7061 7442 6825 6737 6136 6639 6129 7620 7283
7446 6240 7333 5933 7352 6559 6432 6543 7038 6854 7705 6402 6727 7588 6461 6461 6859 5910 6311 5733 5908 7614 7633 7686 6633 6812 7364 7654 5839
7813 7694 7468 6727 7424 6467 8185 7827 8476 7379 6762 7765 7984 7083 6631 7284 7319 7796 7198 8361 7663 7079 6805 7720 8262 7308 8469 6913 6874
4723 4590 5368 5270 5059 5126 5027 4950 4273 4683 4038 5156 5842 3923 4957 5366 5529 5816 4341 4056 4642 4857 4956 5737 5141 4588 5260 3995 4902
6450 6696 5827 6064 5494 6413 5346 5295 4849 5757 6670 6480 5056 5937 5534 6716 5723 5203 6467 5425 5357 6462 5709 5886 5578 4918 6715 6002 4960
3874 7084 6290 4426 5318 3798 1602 5999 7171 1384 6064 3830 7132 3155 5259 5003 2150 4595 4875 4746 3322 6464 7085 3970 8233 2415 2280 6958 5251 2863
4507 6534 4746 4537 6268 4389 3028 6834 7140 2742 6907 3412 6866 3854 6036 4905 1966 4464 5412 5317 2753 6869 6286 4033 7745 2397 3453 6867 4349 4313
4574 6812 5071 3954 6209 4081 2501 6447 8483 2543 6113 2490 6125 4437 4851 5210 3820 3936 6174 5273 3805 6263 7750 4018 6875 2094 2944 5854 5398 4224
3823 7661 6068 3939 6514 4854 2963 6497 8320 2202 6127 3984 8073 4750 4257 3947 2223 4521 6157 5317 3266 6056 7099 4271 6980 3625 3627 6236 4577 3026
5286 7061 5553 3108 6268 5086 1961 6562 7730 2102 6550 3286 7927 4850 4387 3459 2092 5516 4759 5593 3654 6077 5955 5227 8479 3829 4171 5551 4275 2837
4379 8187 5216 4984 6096 3835 3308 6691 7056 2482 5507 2870 6609 5063 5501 4993 3352 4384 5074 4519 2066 7511 7599 4330 8121 2695 3096 6805 5676 2406
5685 8331 4856 3587 6366 4909 3484 5897 8256 2803 7317 3202 7543 3583 5275 4845 2297 3911 4746 4586 2080 7306 6612 4568 6997 2084 3501 6661 4599 4201
4048 7210 6188 3855 6978 3444 3215 6423 8349 2121 5618 3596 7567 4840 5809 5116 3545 5746 4799 4576 2069 7246 6153 4339 8169 3622 4087 6496 4736 4273
5432 8378 6198 3616 5147 3718 3287 7113 7053 2859 6397 3382 6837 4301 4401 3882 3222 4178 6456 5754 2678 6548 6899 4690 7706 2630 4142 5460 5086 3340
5483 7280 5476 3118 6367 3387 2960 6994 7756 2435 7109 3511 7952 3480 5017 4773 1903 5434 6272 4971 3535 7451 7114 5245 8511 2412 3180 5662 4780 2438
4686 7971 5727 4191 5662 3725 1485 5434 7734 2551 6409 2174 7897 4724 5010 3892 3702 5645 5160 6010 2448 5987 7007 3605 8386 1915 2757 6614 4248 3253
4114 7468 5649 3890 7001 4192 1456 5512 7073 1682 7171 2349 6703 3774 5944 4177 2221 4756 6060 4780 2964 6955 7497 3627 7004 2042 3730 5210 4893 2765
4130 7218 5679 3026 5996 4107 1725 6560 7963 2569 6136 2976 7906 3665 4702 4175 3813 5456 5670 4995 2153 5765 7544 4945 7064 3303 2379 5252 4853 4339
3776 8026 4571 4786 6627 4002 1657 7028 8192 3064 7078 3308 7979 3564 4038 3900 2723 5332 6128 4406 2346 6942 6855 5139 8281 1896 3666 6628 3746 2505
5125 7125 6519 4176 6478 4877 2585 6470 6942 2636 6806 2191 7460 4267 4948 4092 1965 4734 5453 5672 2139 7059 6788 5055 8738 3099 3166 6715 4049 3991
3796 7496 6452 3116 6735 5040 2936 5914 7761 1782 6377 3150 6208 3209 4211 4593 2725 4907 5008 5921 2551 6570 6757 4404 7604 2339 2962 6892 3794 4180
3687 6966 6496 4612 6720 4404 2041 7173 7450 2718 6112 3220 7138 4062 4546 4496 2239 4230 6266 5063 3674 6574 6544 5007 8685 3144 2545 6572 4605 4225
4480 6803 4529 4438 5977 3472 2964 6511 8551 1157 5686 3506 7444 4638 5036 4902 1897 5785 4948 5435 2895 6847 6654 3670 8073 2261 3942 6455 4098 2388
3745 7803 5356 4090 6680 4425 3085 7005 7911 1374 6829 2296 6212 3950 4805 5253 1930 4473 5954 4868 3017 6249 6927 4615 8580 3784 2635 5911 5333 3945
5605 7666 5048 4621 5810 3785 2488 6227 7502 2050 6455 2547 8173 3863 4312 3525 1950 4999 6455 5797 2370 6864 5994 4302 7692 3790 3083 6418 4579 3554
5675 6824 6211 4274 6211 4757 2957 5404 8401 2224 5639 3665 7580 4424 4784 4508 3167 5232 5146 5009 3420 6263 6649 5484 7806 2846 3800 6539 4045 2946
4205 8382 5608 4541 5221 4743 2995 5588 8201 2341 6092 2177 6871 3675 5600 3998 2991 4764 5294 5038 1978 7246 6378 5326 7196 2582 2447 5726 3694 4063
5448 8497 6534 3420 5446 3920 2194 6696 8488 1392 6733 3854 6193 4111 5739 4398 2351 4800 4945 4431 3591 5777 6987 4798 8139 3602 3079 5954 3678 3834
4694 6907 5373 3156 7097 3900 2382 5980 7077 1887 6161 3902 6457 4053 4176 3612 3840 4336 6282 5346 3217 6055 6117 4972 7669 3438 2640 7079 5167 3945
4312 7315 5300 4631 5801 4124 1852 6760 8340 2134 6743 3686 6197 3353 5117 4350 3529 5493 5560 5065 3626 7335 6243 4133 7424 1908 3269 6862 4421 3411
3875 7049 5777 3702 6721 3925 3000 5556 8649 1977 6748 2817 7900 3845 4952 4825 2753 4947 6458 5995 3791 5565 7585 4551 7215 3218 4090 6780 4058 3652
3983 7921 4659 3310 5934 4449 2984 5828 7031 1817 5558 2135 6254 3998 4491 5221 2975 5556 6395 4739 3693 5743 7122 4237 6852 2418 2735 6430 5572 2795
4680 6785 4982 3563 5835 4628 2891 6658 7698 2241 6295 3764 7392 3564 4340 4678 3196 5811 5757 5792 2153 7133 6364 3896 8379 2047 3720 7035 4688 3694
3935 7388 6327 4110 6514 3179 1522 7030 8438 2802 7008 3828 7084 4243 4095 4618 3857 5553 6058 5805 1834 6710 6431 4911 8578 2135 3748 5328 4194 3027
20 8 4 15 51076 1.0501618260233037
7 19 21 16 46626 1.0301988425970072
11 7 3 23 57927 1.0211288695394276
6 6 19 23 68554 0.9764548137710081
12 17 23 12 44524 1.0959998810419103
4 14 5 23 21841 1.0490523702859902
11 28 21 11 62603 0.9470244428977268
24 26 0 3 102816 0.9168716185003731
3 19 11 15 37500 1.0270247611129766
27 21 20 28 45014 0.974840941844685
27 2 26 29 79531 1.0149355435298684
4 15 10 2 45737 0.9893990645988056
0 16 6 10 28302 1.0544605042096244
16 18 12 29 49967 0.9834047765171923
25 2 7 0 73267 1.0608721142400155
2 28 18 23 63939 1.0282780225325785
14 29 0 9 76520 1.0464586388516675
28 12 27 1 59340 0.949876321030841
15 27 27 0 95494 1.098243915107072
27 13 17 21 49699 0.9964975742016646
27 14 4 28 95764 1.07358789588627
24 5 6 9 47713 1.080444684842211
12 26 19 5 70072 1.0488055630676305
18 9 5 20 53234 1.0431611381632102
13 20 19 28 39749 0.9791132655792687
10 19 25 28 63889 1.0718594835220836
23 10 16 19 50124 1.014260788979891
24 22 15 2 76536 1.0380486737105332
17 22 7 25 41365 1.057408678808783
25 15 10 26 65541 0.9160625450030411
17 18 16 5 54811 0.9743887354793248
22 15 7 12 55213 0.9063527827177649
3 19 29 25 84546 0.9449926406161798
0 16 8 11 32669 1.082378406570462
27 28 17 19 55650 0.9708402938785922
23 11 1 26 90778 1.0769736883101966
6 9 0 15 30318 1.0605443964136754
22 7 11 6 31855 1.0142019649776053
26 17 28 27 47330 1.0517259016667513
13 27 0 16 57132 0.9749207167892278
26 15 11 23 60948 1.041351682435497
9 4 8 20 38168 0.9046025622400666
28 11 3 24 97141 1.0228182638337189
5 19 27 22 78313 0.9173942387147368
2 21 10 12 49813 1.0922809482383886
22 12 2 11 62651 1.0167711610003
16 22 19 3 64536 1.0521853616998287
20 9 9 2 40088 1.0752732833200833
29 15 15 25 66825 1.0347379165078234
13 0 28 14 79568 0.9423169838990717
25 5 0 16 80420 0.9861117974070778
19 1 21 27 64017 1.025649636747974
1 2 9 8 40478 0.9076704358949137
3 1 23 2 82927 0.9374773075301305
29 1 18 4 61491 0.9873549752289833
19 6 28 9 24362 0.9138345167000838
26 23 21 16 31440 0.9851292749361902
0 14 17 8 59990 1.0738485556532673
17 9 8 3 36346 0.9785154345003917
8 17 25 18 55392 0.9462421245537884
13 26 28 24 51293 0.9906287099806506
29 7 15 6 41637 1.0634084995662219
20 25 12 20 31428 1.0095684403979581
19 2 0 12 73384 0.9773671272535125
12 23 20 19 33497 0.9698155238025975
12 5 0 8 38824 1.023356840690481
16 13 28 13 47536 1.0574477935211295
16 12 11 29 62939 1.0266428723946779
2 26 21 14 75258 0.9603381145402773
6 14 16 22 54592 1.0647820819583693
14 9 24 17 35677 0.9938980388318058
28 11 18 11 30843 1.0997219529657107
12 10 14 24 51402 1.0292786370371019
28 3 7 12 74563 1.0611341312804898
13 8 1 26 72204 0.946997292210189
21 12 13 28 61942 1.0459329336071739
10 14 26 26 69760 1.078853060618851
21 13 27 5 37271 1.0665705674033075
25 15 2 1 92734 0.9558924913932809
5 9 7 27 48699 1.0162765206504627
1 22 7 12 45798 0.9568267794321765
3 14 24 14 65949 1.0639679631627903
16 21 28 25 50064 0.9430711660070319
5 7 22 3 56176 1.0425725206174687
27 7 6 23 90868 0.9345598012412663
21 26 21 1 57800 1.0469983559121694
17 25 10 16 39687 0.9940221202075913
2 0 26 21 108931 0.9824551408978898
12 11 26 13 47310 0.976455767928407
25 19 6 14 65794 0.9529674043813378
10 20 0 18 34460 0.9298235819125212
13 3 14 23 66512 1.033308051404962
18 23 23 5 56048 0.9082151518981556
29 24 23 3 65406 1.0765429780039824
24 0 8 0 67609 1.052416052331994
24 11 10 19 55848 1.0569784472150867
17 13 26 15 41066 1.087659099095855
17 8 8 4 37971 1.0087795779032114
22 29 4 20 67574 1.0266365105661157
28 1 17 7 54449 1.066252422568495
26 2 21 16 48932 1.0658074065333116
25 19 10 29 68145 1.0703402170430454
25 24 8 13 70087 1.0790202229665062
22 15 13 12 39014 0.9095932964099159
26 10 0 10 67521 0.9789894032968722
8 20 0 14 34313 0.9328120109830924
21 5 2 1 71909 0.9546715996584979
24 15 21 1 38666 1.0911070394472617
28 10 11 0 62507 0.9433597735225627
22 25 9 27 39992 1.0330002816778459
24 10 6 23 71545 0.9255490190487401
28 24 25 6 56736 1.0635364602475752
13 7 21 10 28032 1.087189502621734
15 21 22 0 71795 1.019404550096399
27 20 25 10 39084 0.928037996499666
27 3 2 25 107112 1.0217524423919317
12 11 16 26 52975 1.07566908694152
28 4 16 19 75395 0.9477766747460317
0 18 16 21 55944 0.9487622411574986
29 13 16 13 51779 1.0723790675121048
20 18 11 24 37727 1.0311422684383795
8 2 2 27 84401 1.0896815928138879
14 23 25 2 77571 0.9583967892992702
21 24 11 1 73651 1.0906251233989785
24 3 16 16 42489 1.0402528491170484
10 18 27 0 84102 1.0381935018692894
29 9 8 15 59851 0.985799969889743
3 6 23 3 61898 1.059996407140471
11 29 15 1 86858 1.0540727082532633
9 14 13 6 25454 1.0374676530451759
29 21 22 27 45011 0.9945715093552215
20 14 8 2 57541 1.0440678290969938
15 4 29 27 99798 0.9482650675219636
7 25 14 12 51284 0.9100349127444237
7 0 28 15 94469 1.0493336653333727
20 26 12 21 35887 0.9016966739115667
2 28 23 15 88051 0.9962984079948898
7 26 23 0 97657 0.9471234478719992
13 8 10 18 37471 0.933803993553594
7 17 13 22 35703 1.0614197107297882
8 11 1 15 34607 1.0720876208638173
21 6 5 29 82370 0.9543639464920919
28 11 7 29 93326 0.9636470034997907
10 3 25 24 82528 0.9661235762408986
4 12 5 24 27774 1.025788799387992
1 15 19 0 85989 0.9295219191793793
18 20 9 12 41210 0.9842430022430189
28 25 26 17 37482 0.9695349051748401
28 23 0 3 111961 1.096500387447381
15 7 1 3 52489 0.9619687699118824
22 24 17 9 47130 0.9288323483020903
25 19 13 19 41656 0.9111869700559467
26 13 7 10 56924 0.997715888188333
20 7 9 29 69010 1.0328208410276298
24 2 3 27 103379 0.9358822863164838
1 7 20 22 77033 1.0653141504658898
2 9 15 13 46958 0.9885343764047453
15 2 17 20 71455 0.9854789244537047
2 7 0 19 40884 0.9900138490629417
21 1 11 25 78015 1.0236161485853694
10 3 6 17 44784 0.9911566671931002
4 24 16 2 86897 0.985691928114435
18 9 29 0 49575 1.0804060880176094
20 7 0 27 89375 1.0645747069584284
25 28 26 14 45110 1.0606487036948278
20 6 29 4 34684 1.0141276896282727
13 3 10 21 54566 1.0150220219688442
15 8 25 25 60006 0.9608482567676915
2 17 12 17 35614 1.0726973627101337
25 15 17 23 43688 0.9633888332318509
28 17 17 5 60131 1.0422429629504246
28 4 7 16 81542 0.9272860954486343
11 12 5 26 46914 0.9776392092868917
24 16 13 8 41636 1.083750461217247
10 19 3 5 52128 1.0053463193409489
2 24 11 10 62993 1.0064628475219302
24 21 2 6 81069 1.0878477182738058
8 22 11 9 40415 0.9551103868932649
14 29 18 10 69245 1.0442770886417887
26 24 7 9 81993 0.9460652350031273
1 21 21 1 94159 1.0688894422958475
27 23 0 28 93274 1.0541499774668712
26 7 12 22 73755 0.988488693906162
16 7 29 23 79770 0.9933253444220603
11 5 1 26 72795 1.0095956674372661
4 28 17 3 92510 0.9661627480231716
13 28 20 2 77465 0.9236525712245619
9 27 7 3 59333 0.9180793815553251
23 5 18 16 38942 0.9761768410143618
28 3 25 20 54350 0.9770817360677351
0 9 28 29 109490 0.9246064804570635
27 10 20 28 59017 1.082654444501202
1 8 28 20 92307 0.9348355255866121
1 22 4 14 30888 0.9332787122428511
17 2 16 29 84075 1.070401273992116
6 27 28 5 98597 1.03881614356113
1 5 11 27 72979 1.0279357425398756
7 23 29 12 92358 0.9597176438329549
21 4 5 1 57927 0.9966132022145658
26 25 3 24 72781 1.056418548676648
0 17 21 9 64234 0.9953818594150663
11 14 27 8 53727 0.9152705774649192
18 22 6 1 82041 1.0344780298192469
3 20 11 22 25270 1.0883710570806922
25 6 11 4 37643 0.9736403527066685
12 15 24 13 39582 0.9441488882306408
23 19 20 6 39230 0.9979481091392581
24 22 17 18 33942 1.0235631785951487
0 13 6 21 34436 0.9581626696054146
25 4 0 24 101406 0.9764917477800098
8 11 28 10 52882 0.9008049669634357
27 25 14 26 40439 0.9129186158759746
2 21 25 10 92325 1.0105815800012845
27 12 26 0 48061 0.9348280615319404
9 21 14 4 50650 0.9373650739498703
19 20 28 17 39139 1.0832258812716344
14 18 25 28 57390 0.9076085421431007
7 8 20 24 62289 1.0117347308838796
24 7 20 1 22919 0.9989386080352425
21 12 0 3 68434 0.9941702623720051
25 14 26 27 45704 0.9383037644716042
3 14 22 2 75827 0.9281093764434469
26 29 9 16 70207 1.068633908474237
12 16 4 0 54450 1.026464256609409
11 11 12 0 29363 1.0101635496555001
17 1 0 28 114104 1.040334156086678
0 24 28 20 90615 0.9532693357035716
4 9 9 3 26600 0.9363768259530809
10 11 3 3 37284 1.0557380136686183
7 1 14 23 77210 0.9497713980082789
23 8 16 12 34467 1.0543540376411666
10 27 16 10 64002 1.0343788806997956
7 4 4 13 28047 1.0949128399652863
28 15 27 5 52086 1.0687422556071458
3 11 23 19 73235 0.936117451022628
12 0 4 14 50873 0.9432378634174334
3 5 24 6 58661 0.9604848484286854
9 14 15 2 47580 1.0603138111442005
6 3 8 29 63119 0.975628349347522
26 5 11 19 67870 0.9576234086887014
1 26 4 15 37246 1.037157407769082
25 26 21 14 38608 1.0870694613543785
25 26 4 22 67811 0.926475005002976
7 16 13 24 36740 1.0059006378331155
13 7 5 19 51409 0.985686574538347
15 2 5 21 71428 1.0710092599683225
12 9 23 15 41252 1.0394050262148038
13 18 15 8 43212 1.042498249449135
26 10 20 26 52874 1.0210928222726388
9 0 29 21 98124 1.074830796861788
0 29 3 0 78618 0.9751986982598411
25 22 29 28 40231 0.9998835681818372
25 7 2 12 74969 0.911184459362381
18 20 6 14 47454 0.9045257554153898
24 7 0 15 74785 1.0379622920223583
19 20 3 21 49429 0.9082717335340934
11 11 29 5 58087 0.9762855327893759
0 16 6 3 40099 0.9676117120384389
18 5 8 10 41602 0.9682187739678284
25 11 18 2 42015 0.933414318225472
11 18 0 13 43065 0.9433169615432153
12 20 29 2 87199 0.9193520253352196
17 17 21 29 39471 1.0045490151008887
6 3 22 9 47882 1.0326838266924592
25 17 12 12 50426 1.0500210559559107
28 19 11 7 73697 0.9883446419019202
17 21 17 2 64959 0.9402409580472777
19 6 18 26 48132 0.9994517950691837
9 18 25 11 55711 1.0950867907523862
23 0 21 18 50430 1.040230071650526
19 29 16 20 34720 0.9341501782225121
11 22 0 8 55761 0.9658125384406431
25 14 17 28 58282 1.0811161037612942
29 14 22 19 43460 1.010546264913124
20 25 14 6 53931 0.9840324133511065
18 12 20 24 34371 1.0141506561224471
5 20 26 14 70900 1.0312625419569539
1 29 6 22 29790 0.9392210529037659
14 12 21 1 46352 1.0565376680319283
12 18 19 2 59286 1.0600010053384454
23 9 7 11 41739 1.0071079379976564
18 26 19 2 58963 0.9096319289842679
25 22 17 6 55692 0.9074149007522363
18 2 1 11 74592 0.907836610010638
29 5 5 27 104110 1.032580861511723
17 8 1 10 45968 0.94639459830179
26 28 8 3 98459 0.9463940554901149
11 11 4 23 44206 0.953187411301452
0 10 26 27 107732 0.935753411314187
9 11 16 5 34088 1.0269519304589065
6 3 5 13 21553 0.9659626477509103
27 4 20 22 61854 0.9768825755424501
10 0 26 19 86992 0.9918580930474113
17 13 4 27 71316 0.9938146987143259
9 0 25 18 78178 0.9074093053915413
21 1 12 11 44904 0.9718310087665037
23 25 6 3 84318 1.0540303641286441
20 21 6 17 45745 1.0127829045296934
8 18 29 17 71684 0.9146781431636343
14 4 20 15 42675 1.063245098290531
8 3 16 5 32593 1.0333688477226854
22 0 27 23 69366 0.9481789637888021
7 28 7 13 41442 0.9515134969183541
25 2 10 14 63527 0.91343112526322
3 6 19 8 51185 0.9455295980587969
0 11 25 17 80463 0.907391300443981
21 10 9 7 33450 0.9617829157780334
15 0 1 26 100009 0.9420196442832343
23 14 4 27 82456 0.9671551704368102
18 8 1 14 63467 0.9449144780230636
24 22 4 16 63288 1.0553560117612748
6 14 11 4 35373 0.9000590433975321
0 29 6 13 53270 0.9665334795896992
6 21 20 16 43513 0.9590300497418753
18 23 25 12 47174 0.9512845612803356
12 7 10 16 30306 1.0550811226466927
1 22 15 19 50847 0.9285759605949857
21 8 18 23 41141 1.0588630619440071
2 16 28 10 76964 1.068345954390266
24 2 16 16 45004 0.9518151323902052
5 23 28 12 88193 1.0328333678695367
4 13 24 26 76732 0.9587944191909782
1 25 15 6 73772 0.9698681158453522
2 2 9 22 66561 1.0780928209014031
29 17 4 24 90962 0.9957472697661904
13 14 8 3 42010 1.0341621933729688
25 23 6 11 75297 0.9453630618074333
22 7 3 10 58282 0.9752292908904503
3 9 24 7 51253 1.0870858624834001
24 25 1 1 107482 1.0200976963881878
1 2 25 3 81489 0.9745998049027863
14 1 3 13 60797 0.9287669738013488
17 16 21 24 25880 1.0835335041205405
18 14 14 3 53363 0.933193772440303
1 27 20 27 64770 0.9280272578937406
29 19 1 7 103518 0.9781824427172479
20 28 0 6 90162 1.0628563001057056
27 21 28 3 69497 1.0568390039314683
26 17 18 10 42797 0.9384259736538731
16 24 24 8 61287 1.0370816492502781
15 10 6 26 61105 0.9062004982536552
20 0 3 8 64140 1.0311735787887624
27 14 4 1 86614 1.0606894118349002
18 6 11 24 60162 1.074335753473266
7 16 29 19 73001 0.901006431523396
16 11 4 24 59801 0.9561409925026398
24 6 19 0 28334 0.9001691484951775
11 7 6 13 27642 0.9871862160233669
19 18 2 2 86184 0.9686792982050795
10 4 21 4 38753 1.081478346417367
13 26 3 7 67344 0.9553352948792945
27 6 15 15 55584 1.0991931780676454
24 7 22 18 35136 1.0362056953936232
14 18 25 9 46235 0.9120423081164702
2 5 29 6 74991 0.9870978536099092
29 11 23 27 55589 1.0639886453429144
7 11 24 7 48448 0.9479023591230351
12 14 23 16 32876 0.9911825086572583
1 23 14 13 62981 1.0210975951441572
25 21 14 12 55957 1.0516989465005138
6 9 26 28 89333 0.9561003226108368
11 19 0 18 38885 0.9803753695263301
21 13 14 25 45603 0.9655499866480312
5 13 0 2 34310 1.0235409582758033
6 7 26 13 59605 0.954792911593701
4 2 25 11 68389 0.9084929636644378
7 20 9 3 42727 1.0999576284070551
19 11 29 21 52340 1.0175954149566169
22 18 25 5 42506 0.9142859533448086
2 26 29 12 109098 0.9045218803690774
26 13 18 19 39363 0.9701316126111879
6 1 29 4 81196 0.9729283799584587
12 11 17 3 41457 1.078235972569745
3 19 19 15 60963 0.973414298444914
17 17 10 24 44005 1.0858834367903754
27 9 9 8 40745 0.935379027124015
8 1 0 21 67152 0.9125686248699386
13 9 19 16 31981 0.9970874194504072
12 29 23 14 71831 1.0550097332157835
3 20 17 8 63226 0.9269159744857948
24 27 8 25 48314 0.9131602424052374
6 4 8 12 26070 0.9112499747134621
22 24 23 13 39593 1.008762169082655
20 20 10 13 40911 1.0300346771778601
25 19 10 1 79578 1.0493503990842914
29 9 1 1 84886 0.9320693779860161
1 0 13 6 48809 1.0552187482562607
25 25 17 10 54023 1.0375346989725076
29 25 20 27 27567 1.0112547605215727
21 28 20 19 23020 1.0595079930751226
25 17 7 20 59325 0.9429886189311127
15 24 18 8 65593 1.0841027833742432
21 10 2 19 74530 0.9697916434762923
3 29 20 11 77744 1.0906582701138434
13 14 1 25 56862 0.9609961373321959
0 18 2 4 45164 0.9885308999808182
25 28 10 26 52008 1.0360366800792282
14 7 21 10 26469 0.944665922472981
26 27 9 21 64327 0.9311947363322882
4 29 12 11 55619 1.0552410915472323
26 29 7 13 85320 1.0627670965422646
28 9 11 19 59922 1.0307235134294963
14 9 18 18 41409 1.0930820875056315
27 6 5 15 69395 1.0548642348335338
8 6 28 14 69440 0.9757871506542024
6 28 19 20 49857 0.9256575624231219
24 24 0 19 77764 0.9881168059624068
14 17 5 29 51849 0.9758584962178258
4 1 21 2 65509 0.995237592600728
9 24 8 6 41742 1.0525184768512519
8 26 5 18 26845 0.9663562195831553
16 21 9 15 35630 1.0514822097593803
10 13 21 5 45846 0.9045819755921856
18 4 3 21 83138 0.9948219124503882
15 25 24 12 52030 1.0849356890224646
16 24 5 21 42070 1.0890053377948061
25 4 14 12 48569 0.9962810547591312
11 2 14 10 28827 1.000607287360838
1 29 4 16 43223 1.0339786875652308
11 29 26 9 78716 0.9880682225724243
24 3 16 13 44449 0.9833005310133445
17 17 28 15 41242 1.0240705081605126
29 18 20 1 66348 1.0145753794132324
9 11 29 3 67343 0.9800161450450513
29 13 12 3 68638 0.9643440775684867
8 26 6 2 60541 0.9027722168861636
11 10 23 6 35692 0.9767001979089139
21 6 11 4 28220 1.064442764972492
22 5 19 25 51745 1.0873598957736246
29 18 15 18 64951 0.9609893793026553
4 14 10 27 44838 0.92611031752443
1 27 17 2 107361 0.9850537773641048
3 28 15 14 68813 1.0005076643540198
25 19 13 14 47745 1.0592182077710144
25 25 23 16 24536 1.0162871052865468
21 12 11 29 65370 0.9046613524788301
25 12 16 28 67419 1.0635096528192736
8 12 26 10 56754 0.9409453913471386
13 22 15 5 62443 1.0665259667349272
15 6 19 28 61820 0.9205922075610989
12 8 29 22 78769 1.0710757813164837
28 13 9 28 83424 1.0685953795862186
19 19 22 4 43598 1.0972994427623268
26 27 26 3 70888 1.0407909392222146
21 23 14 10 48921 1.0729366040550152
6 27 16 26 33957 0.9329349329615989
25 18 5 25 71843 1.0403874623589948
22 21 25 6 45828 1.0355936870372968
8 9 25 3 50731 0.9908430220566354
1 1 17 6 55969 0.9626534096896129
0 7 27 28 112376 0.9225385714300162
6 9 22 25 69200 1.0309938169337642
29 5 25 17 46856 1.0201213184928717
18 19 10 0 76053 1.0498188277186535
20 25 14 4 61618 1.0341014059529448
25 27 11 29 57198 0.9264884227513867
25 1 17 24 74912 0.9028140486742647
26 26 6 27 62855 0.9872269731452361
11 11 17 22 48825 0.9055937324139232
13 0 5 13 50193 1.0831321982690045
3 10 19 9 42400 0.9122905630573938
27 11 9 14 56998 1.0080833990039402
9 11 22 15 47646 0.9525251987659131
11 10 16 20 37808 1.0354905881726735
15 10 20 24 47012 0.9343709124071135
1 5 12 26 73163 1.035492442413954
11 8 18 15 44264 0.953091912266872
0 29 19 16 76499 0.9553977145226903
15 14 2 12 60134 1.0159741486668585
0 25 15 20 48878 0.9059657947766917
6 11 26 8 55585 0.9349664023725105
18 23 2 9 77366 0.9167062134044374
13 0 4 20 68667 0.9574982405878034
15 1 5 0 54094 0.9188573147001022
26 23 9 7 73890 0.9675762753724575
22 21 0 8 81017 0.9259452426969866
25 7 29 14 43629 0.9611980305681991
14 16 25 22 40661 1.0058044895990585
8 14 23 24 67998 1.076963937977612
12 22 21 2 68087 0.98954023831559
22 25 10 14 54859 0.9552042498336782
16 26 20 8 49086 1.0052792307100817
1 19 26 8 87401 0.95732212020491
4 2 19 28 93355 1.082717631352757
0 27 15 17 68595 0.9058828706166248
10 8 4 22 49808 0.9938008140276986
9 27 25 6 77928 0.9828185539650691
19 3 14 27 75098 0.9001075480928716
16 24 3 3 84793 0.9774546759531912
23 8 26 18 39353 0.9286038311558498
13 5 14 20 49573 1.081823726847153
17 3 12 10 37957 0.9083961812896941
16 6 8 26 61575 1.0542584789611824
13 28 6 20 35021 0.9778766547088584
1 17 11 6 49202 0.9062550495737535
13 22 24 4 66398 0.9405981782129553
12 17 2 19 43727 0.9633289737758749
17 0 29 5 55221 0.9263455492212155
17 14 29 2 69774 0.9826474488772798
13 15 14 6 34060 1.005263481799428
5 27 18 6 74089 0.9522091783098292
10 16 27 1 85553 1.0625872037617714
18 13 8 1 67915 0.9499459421009169
28 27 5 17 87758 0.9758387954975002
4 28 11 11 53912 1.0268055712302804
19 7 8 29 78577 1.0957167942676258
23 13 28 26 42530 1.0707066168946513
19 10 6 27 73870 1.062822954119081
29 19 11 27 72762 1.0188663574905108
10 16 22 0 68357 0.9374663211678849
19 14 15 21 36910 0.9028800666768004
2 19 28 23 90124 0.956851235423209
26 9 4 22 78326 0.9651373400244008
19 16 3 18 51573 1.0611518525233723
29 24 7 23 72077 0.9422611633272362
27 28 11 19 68146 1.0732789207192
28 25 22 11 44965 1.0366654439885992
12 25 6 0 66323 0.9867792389421525
4 11 2 29 50824 0.9365445926760166
6 28 28 3 104329 1.0414224398182377
0 17 14 21 49766 1.0326276681371833
11 26 16 9 53246 0.9094615851679471
21 11 5 9 42143 0.9730459164302763
6 13 14 21 42059 1.0835413344588276
11 15 23 29 60981 0.9186766087994837
22 24 8 5 78434 1.0657197953735902
2 19 23 0 99721 0.9420573800292478
9 22 19 13 50582 1.0421658242934775
17 12 13 29 72382 0.9474637509199069
6 24 22 5 78185 0.9014022321391464
23 14 26 21 31051 1.0868019319645823
3 28 0 4 71011 1.0641181394374297
16 28 27 6 78746 0.9727069554755743
18 24 15 13 52574 0.9043454304944268
15 2 24 25 82896 0.9702904526469844
15 4 22 17 60100 1.032143614826992
22 14 27 4 48494 1.0211516070264712
29 3 7 11 74321 1.0959975144045115
15 11 9 3 34965 0.9898953782294071
19 24 28 19 45570 0.9593300662119479
13 3 28 11 58583 1.0788600901141767
29 8 16 16 46930 0.9535197368403843
4 1 11 17 52344 1.0934205134520565
26 5 8 4 55053 1.0729070444132218
6 9 28 2 71598 0.9565251021227743
8 27 24 6 81536 1.0745881307003025
14 26 27 2 89872 0.9188655494674685
3 13 15 25 55902 1.0136784916410067
8 20 17 2 70725 1.0041394708721962
11 8 28 1 64877 0.9271527858307695
26 8 6 0 69915 0.9254108923033239
3 21 21 10 74341 1.0609707759560258
29 1 12 25 106649 1.04611504928923
15 19 10 8 52737 0.9449253598671234
16 24 26 4 80663 1.0761471553505193
26 8 6 27 87308 0.9161056288033324
28 25 5 3 96960 1.0258770586729207
16 8 5 6 40466 1.0452047330226693
1 0 8 27 87201 0.9681688849154322
23 8 20 22 38338 0.9560474777493708
14 21 5 16 36905 0.9719051680598867
7 15 12 26 37809 0.911256304588948
20 13 1 12 62461 0.9643200759384534
21 2 22 17 43927 0.9696289771585822
29 2 11 6 61402 0.9743379238574281
23 3 9 1 56334 0.9640233962037152
29 12 23 28 61166 0.9405554313110618
7 4 14 8 30487 1.077861841042164
0 1 22 23 101573 1.0092626915618392
9 18 15 22 32045 0.9728654141070883
10 29 7 6 56699 1.0025130773055724
3 29 25 26 69865 0.980278930574001
20 1 11 20 62286 1.002416073422017
8 25 27 4 95532 0.903602828831734
6 6 23 24 83263 1.0668528566187283
23 12 19 5 31951 0.9401538943019212
11 27 14 7 59645 1.0815917147175624
3 18 19 28 74752 0.9651368713298121
7 23 28 13 83059 1.0684017659540874
11 18 24 7 54072 1.0687083470594883
8 22 16 14 50863 1.054531213207665
10 1 22 12 60586 1.0082271027914633
18 12 16 3 44558 0.9789281584492139
5 24 16 0 85560 0.9866173421633828
15 24 1 8 79064 1.0335316292544272
29 27 26 15 53655 0.9087346092593843
17 16 7 2 61573 0.9399645970062809
25 20 17 26 37276 1.0369538745249258
25 19 8 22 61593 1.0825474776427313
17 10 22 26 48667 1.0940755567536067
13 9 27 13 43090 1.0834662092023502
2 0 8 6 33389 1.0930819786744266
17 8 2 6 47314 0.9321321696897572
29 23 8 7 94047 0.9859183454770509
0 4 16 11 57032 1.0602323806116807
9 3 27 8 59559 1.0843646688708022
7 13 19 5 54232 1.0717369736977052
20 24 7 15 52791 1.053373244677751
13 24 13 0 74654 0.9235841846254466
5 20 16 7 61055 1.0631321938645923
20 19 14 12 32199 1.0253694090578247
24 24 8 24 54116 1.0964331667800755
22 11 1 1 76108 1.0027868454022806
17 7 25 23 55657 0.9635099725390166
3 29 7 11 50696 1.0714407228406255
0 13 26 9 69312 0.9847372009889992
15 13 13 21 35580 0.9299432011409277
17 29 9 1 88109 0.9312167070771064
20 10 8 18 49826 1.0631128804369363
17 21 28 13 53263 1.0490419714521313
12 3 13 24 62641 1.0690193308101945
10 28 0 11 65175 1.011021309728062
7 0 28 24 111248 0.973678092240365
5 0 0 9 31483 1.0012134957577503
22 18 18 8 37466 0.9604868844334677
8 12 2 8 32656 1.0072795516897985
29 16 14 16 41365 1.0242174346570336
10 29 2 18 50335 0.9983019481011801
5 3 23 9 51915 0.9977961270608647
5 4 26 2 71858 0.9276268376407706
27 24 8 4 97185 1.0543712874645925
19 15 5 10 52227 1.09129620068098
19 6 0 26 89381 0.9064686254123866
14 14 1 5 59632 0.9209276099012859
6 28 3 11 43738 0.9661620330262506
23 16 22 28 38864 0.9250622581026154
25 24 18 19 36901 0.9748053776725057
23 16 9 13 41549 1.0536422651285915
28 26 21 0 76862 0.9912205799416259
19 0 20 20 45355 0.9356780233202275
17 13 2 21 71012 1.0895457251375722
11 11 22 29 67094 1.0000732342267626
25 4 11 22 72513 0.9819925506716265
23 15 20 3 36649 1.0193346540567783
4 6 10 25 53646 1.046614654551153
0 22 9 12 45478 0.9042595422079023
16 13 9 20 39614 0.9863015537514246
26 27 5 22 74991 0.9599199703961996
26 27 15 23 54343 1.0503321338991078
28 8 15 23 69603 0.9047240533938495
13 3 17 25 73866 0.9438092242971462
8 9 25 22 68171 1.0649794445406613
23 15 3 23 72641 1.0156582783439898
16 2 6 4 47239 1.0396959517347253
14 24 28 3 89592 0.9254918258206409
19 13 24 4 30017 1.058222838643443
14 25 9 2 61628 1.0972486426287276
26 5 29 17 52929 1.0740300985793865
21 27 4 27 57614 0.9312106227850395
12 6 27 4 51414 1.0724167428573106
6 3 27 25 92272 0.9034926568803393
13 20 21 29 40951 0.9811717537127017
16 15 1 11 59651 1.0021363292777645
22 19 27 26 34733 1.0451668231619693
11 12 23 19 50750 0.990961614467022
3 8 4 20 35668 1.0788954469978134
21 6 5 20 65476 0.9790762467390983
16 1 26 21 86850 1.0338545899922662
29 6 11 24 82085 1.0659349299249796
4 14 24 2 68386 1.0698689858394483
22 6 10 16 52228 1.0033053427838352
29 20 19 24 43348 0.9247548969480718
18 1 7 0 54972 1.0342579024700882
26 9 13 23 64180 1.0282224465464447
12 13 15 27 54192 0.9210576999053222
19 1 19 24 61888 1.0312361228662748
13 7 29 27 87933 0.951847757124191
0 4 7 20 51237 1.0478685777668955
13 26 3 24 36824 1.041512365546962
17 1 2 2 73593 0.9273271054791551
18 22 4 24 55204 1.0338406997486425
11 10 22 20 48771 0.9916445039542462
20 20 24 4 39129 0.9138075099165072
11 21 0 22 37623 1.0509085983725128
6 29 29 28 85453 0.9437863524542601
1 12 3 2 39694 0.9830274423847125
20 22 11 15 35457 0.9218614321370497
10 27 24 16 63784 0.9206276050223368
15 5 22 18 54341 1.0059685488845052
3 3 22 14 74129 1.0506354706542385
22 23 14 27 39968 1.0834164988360124
14 28 28 4 98015 0.961141871385812
22 2 24 29 67395 0.9302365155950895
11 17 24 7 51099 0.9086155160728162
22 26 19 17 27773 0.9681012644303175
19 29 25 2 71490 1.0748479161070341
28 21 9 21 62857 1.0156252920838056
28 11 5 23 83313 0.9341999767526349
0 23 1 0 60266 0.9998575722345526
9 8 29 19 79478 0.9962573603976773
0 13 26 1 94574 0.942379597904558
7 21 1 12 43179 1.0255452947192911
17 26 29 27 45903 0.9940992832555369
20 12 7 27 67756 1.006621829617752
4 19 15 6 54200 1.0742940705830446
7 13 25 4 65845 0.9205414662798092
20 11 12 5 32486 1.0286578936279371
19 9 1 28 89014 1.0493463863579773
10 28 24 6 82170 1.0719789952712988
9 27 11 0 65252 1.0312496760262166
0 12 20 29 88636 0.9688860073278955
29 26 11 25 54770 0.9637404980622598
23 22 3 29 78492 1.0421712409188257
27 4 18 10 44231 1.0913312771109978
29 19 8 8 84962 0.9592905153146386
24 27 22 6 50343 1.0043803689259208
11 2 19 18 59787 0.9158827711037442
22 18 0 19 69773 0.9583320857531873
17 0 20 12 39195 0.9799128015995199
3 3 10 27 72278 0.9961127142340483
22 2 2 28 111928 1.0002561865593789
0 12 6 21 37589 1.0405639496644883
1 13 1 25 33643 1.05054716857969
18 9 23 16 27183 1.0214947319438294
17 29 14 19 49841 1.0024093041076567
24 23 24 11 22832 0.9915478044474979
19 19 4 19 50556 1.0904209541115368
3 6 13 8 33647 0.9056756616790117
10 26 3 23 29594 0.9123736262778672
6 6 25 18 69424 0.9296074042317416
28 15 10 16 55333 0.9430851260900124
1 13 25 21 87481 0.9506800819308836
15 10 22 2 41893 1.0723974064534973
8 21 26 10 75085 0.9642965013703616
29 24 0 20 94723 0.922375358265031
11 28 14 6 57722 1.0713674195159522
13 3 27 22 89850 1.0573128340013278
5 29 16 29 37691 1.0867523363333387
26 23 27 0 67157 0.9036004126113173
15 25 2 19 50337 1.0180378465105506
24 17 25 26 23606 0.9323573311918008
22 24 0 15 80769 1.0424520629724678
1 15 17 6 62428 0.9893735494706337
20 8 7 17 53729 0.98752009573546
16 18 11 9 44924 1.0420943390823103
4 19 21 26 59869 0.901581559056024
6 12 0 16 25332 0.9059460439794244
2 21 26 14 89343 0.9301226093191008
7 0 12 24 74919 1.0013144905687736
20 24 12 6 55383 0.9693168785345756
27 5 16 28 84891 0.9949512747795635
6 11 23 10 47828 1.0956970171742326
18 27 8 19 49322 0.9974222887602213
5 16 1 6 30852 0.9374802201352219
10 4 5 29 66778 0.9869781793923464
20 8 12 10 23195 1.0045178088282445
12 28 13 5 64551 1.0345096920549288
11 13 15 4 36732 1.0988975708691953
6 5 17 16 50853 0.9282324679837589
17 27 12 12 59740 0.9521309371409297
18 7 13 13 36023 0.9917071469961853
1 4 0 17 37335 0.9432705527886759
4 28 23 4 101387 1.0639208304692584
22 23 11 14 51030 1.0960267937210937
19 26 20 6 43009 1.0666849617196492
21 8 22 29 52615 1.0542200420758783
22 15 8 29 65420 0.9105013389001462
12 2 18 29 83198 0.9762164879837969
27 8 28 25 57562 0.9083023134357169
24 18 8 27 66692 1.0199382834675954
28 5 0 23 106512 1.0712300583138459
0 26 18 9 79802 0.9965906401120936
2 12 20 13 64256 0.9055869556190399
7 10 28 7 57849 1.008293696596529
13 5 24 27 74384 0.9095776778930821
7 19 18 18 44032 0.9331097262686562
23 26 15 20 35120 1.000281214892287
25 7 7 8 51674 0.938892395022527
11 24 4 3 64008 1.069093876120219
22 26 1 1 105293 1.0223289663760007
22 12 2 0 79131 1.0425802168057177
29 26 10 0 104552 0.9900862033765161
2 21 16 27 64169 1.0323227314039434
19 9 11 26 58495 1.0439269733201686
13 24 0 12 64771 1.0832941735743604
1 0 1 24 67908 1.00138311323118
7 3 13 27 70707 0.9760892428233181
10 4 11 13 27717 0.9041420775357114
26 9 16 17 41754 1.019170889057137
20 8 16 26 49086 0.9950547205246318
19 19 15 12 42311 0.9525188764569983
26 23 15 0 84684 0.9057200547172369
14 5 24 10 36858 0.9597601160887106
22 18 10 5 59450 0.9331852289866047
5 15 15 13 43540 1.0519512583951922
16 18 1 13 64408 0.9449398346058951
4 9 1 1 30238 0.9410600049980328
27 14 24 7 29971 0.9660395289598666
7 7 9 27 49678 1.0711236964950919
20 4 14 11 31261 1.045200212197272
19 2 3 25 93332 0.9198779140702936
29 5 2 23 108705 1.0947873384253637
26 1 1 14 98030 0.9797610596274416
19 16 12 5 45131 1.0903233215954897
4 7 25 10 57915 0.9634652035531862
15 17 20 10 31122 0.9033327958514044
18 9 0 14 56918 0.9549066041466349
27 13 19 3 45677 0.932477113915947
10 3 16 16 49993 0.9561616910416609
6 18 12 28 37618 1.0085371266012388
22 24 3 29 65627 1.0530850368693283
8 20 14 7 46681 0.9981188244837117
5 12 7 0 32644 0.9012417806909434
12 28 7 21 34262 1.011934073492354
15 23 24 2 71055 0.9658888117681788
17 19 16 8 49814 1.063408953320759
17 5 4 4 43470 0.946635856661904
1 8 20 19 65952 1.0581153212118894
28 19 15 28 67519 0.9839807377661118
6 23 21 17 53485 0.9843151448667176
2 12 23 2 82654 1.0786240853352893
1 13 26 21 92051 1.0551622298668344
8 15 14 3 44611 0.9792399371223972
15 5 23 15 50279 0.9911481086220958
26 13 1 14 83181 0.955972519074175
7 5 19 29 83781 0.999361241253794
25 26 5 17 72120 1.059249892731293
5 1 8 15 43682 1.0827356977294302
11 22 23 12 57346 1.098328387172152
28 2 23 25 68958 1.0645041134203583
7 8 22 26 71470 0.967966235609431
12 3 27 27 95382 1.086421009136953
14 7 4 15 44498 0.9587790507146271
21 10 21 20 25066 0.9415396428652253
15 4 29 0 70039 1.0812967628493488
12 9 25 10 34574 1.0255781811113929
8 1 1 25 79398 1.0870063866441124
0 25 26 10 99166 0.9928358952312957
4 24 3 12 37055 1.0054092503911447
27 8 20 4 33137 0.9320166188584158
24 19 15 29 51450 1.0127670589636137
22 11 15 21 45140 0.9711406597682279
19 3 25 21 58106 0.9068372232377716
29 15 13 7 67145 1.0488930079069205
17 7 5 8 39615 0.9067615786969528
21 29 9 15 57745 0.968388188670502
17 18 16 1 72695 1.0379577570078524
5 5 19 5 45122 1.0086427152970554
29 0 12 9 63501 1.0564620659008352
6 5 21 17 58472 0.9589091554938528
28 24 10 11 79612 1.0486995504712548
25 2 19 10 36219 0.9604437006896895
23 1 21 28 71671 0.9545894464067302
2 23 5 2 60218 1.0238760410232686
10 1 4 7 36025 0.9668316756960834
28 5 0 29 120867 1.0839903936044577
5 18 27 11 74821 0.942294469143181
23 15 4 20 61357 1.0451901797432006
27 15 19 20 37698 0.9861105386963456
23 29 15 13 62553 0.9912098615173408
18 6 22 26 50656 0.9506344287741006
13 20 24 5 56592 0.9370082720783504
28 15 0 5 93609 0.9641125444235745
29 26 14 23 57491 0.9183795876065023
15 25 27 13 61094 0.9156470647297296
10 8 28 9 42616 1.0968691135586492
3 16 23 15 57210 0.9716547344198103
6 26 0 1 67975 1.0925404102017724
17 21 9 25 37037 0.9591258779652128
2 22 20 18 67555 1.0095426753427077
25 17 8 26 70323 0.9343962230736076
0 24 12 0 82389 0.9726632659661834
15 21 27 2 81327 0.964858100755275
6 25 19 28 48795 0.9957967016116019
29 15 11 5 72230 1.0328988035525912
14 26 24 25 32895 0.9628830207054627
25 1 18 12 44218 1.0589178286968388
6 22 15 17 41193 1.0829031977609596
22 11 26 25 40500 0.9754510557557156
6 25 16 3 74977 0.9888568050877435
26 4 22 12 41023 1.086080718732623
15 16 5 26 46468 1.0130936310706293
14 20 23 18 35380 1.0410873599231876
17 6 28 1 49023 0.9616000044963613
1 18 15 3 73532 1.0994742304967842
1 3 16 22 91638 0.9969914876452936
16 21 13 4 65255 0.9674285698142727
15 28 23 25 37334 0.9014020679699747
25 4 27 12 37750 1.040299933617717
6 10 25 0 63839 1.0496464063196485
7 14 13 26 44333 0.9813627724728486
7 19 4 5 40442 1.0923617015922182
29 3 1 26 121292 0.9460520596444751
16 20 17 29 41053 1.0987518697426257
28 26 13 19 57650 0.9723318287290067
14 25 4 7 60793 1.0991690823418785
6 4 3 23 51678 1.0708820336404559
8 6 2 13 33977 1.0871928368545396
28 23 11 4 83680 0.9031840107365047
28 12 24 1 37055 0.9496890565822569
19 21 17 0 61737 0.9849296392178257
23 15 2 18 73108 0.9375627702723308
2 18 15 26 58921 1.098669561172438
28 20 10 9 66829 1.0547011952301204
0 7 19 21 79117 0.9810591991390096
16 23 3 5 84531 1.0127134218775828
7 23 29 2 107172 1.0344639042118926
5 28 16 4 83764 0.9206383788620149
29 5 23 10 32413 1.076196930229416
4 7 12 14 39430 0.9010984556207189
13 28 6 19 38005 0.9222967120537362
20 3 27 13 41056 1.0373772090091313
8 20 1 13 37545 1.0531748792350069
12 19 0 25 45565 0.9727809630723808
11 18 15 7 45633 0.9726753543357922
3 8 27 2 83552 0.9872896659057612
24 18 23 0 41303 1.0113461127676735
24 29 6 4 91205 0.9241195924736508
5 11 20 7 41895 1.0299043991809715
19 17 6 14 46964 1.0057173194562534
26 23 16 12 60259 1.013698904251564
25 6 4 6 53017 1.0549560604491364
0 8 19 11 54175 0.965652422174515
0 27 25 26 76121 1.0617792601881428
17 16 20 0 39089 1.0855086692481863
25 3 12 15 60827 1.0073418388149402
5 12 20 16 50025 0.9464583713137569
0 28 12 0 92305 0.9061776405100394
22 17 29 28 54215 0.9505140535778085
11 23 24 25 42775 0.9714979188981551
17 19 18 1 64517 0.9125111307245403
13 19 6 4 53507 1.0154867931414429
29 16 7 13 70840 1.0183756619313888
0 28 25 4 111322 0.9746753641273482
28 13 14 13 55012 0.9307180757739154
1 9 3 25 48464 1.0782069486352783
6 11 6 21 23958 1.060942098143724
25 29 6 9 85894 1.0409569579807303
3 16 10 20 27475 1.0692730135013173
2 4 5 21 53449 1.0517851666227038
11 18 1 25 41341 1.0887251573947123
8 2 19 4 52149 1.040464590649771
13 16 27 17 44354 1.075588314619689
10 7 0 14 47881 0.9651036253200983
19 6 28 4 33928 1.0941080004961807
22 6 7 24 78017 1.078992694053514
24 0 14 17 56691 0.9600507689924542
7 27 25 4 95417 1.087588589691804
13 27 10 4 66247 0.94975099267747
12 6 2 13 43109 1.0970736947395214
15 18 0 4 76119 0.9960760311251889
2 18 25 15 78729 1.053353135687646
4 6 29 19 94707 0.9213286340790299
5 9 15 2 47296 1.004025932522952
8 20 8 5 39232 0.9091527468248796
22 8 26 29 58290 1.0117017129723311
21 10 15 22 54481 1.049690209655179
1 24 5 11 46489 0.9769693917338349
4 28 11 14 49890 1.0243675867200719
7 10 24 16 55236 1.0594074656372106
13 21 0 28 56070 1.0596841905627208
25 10 4 27 92629 1.098340175399681
8 24 10 8 46337 1.0195778998155922
12 8 0 14 45512 1.0769147545017252
4 21 18 8 66070 1.0992570542193074
5 0 26 18 92869 0.9582056139918165
21 14 11 18 34234 0.9884510457833059
11 4 28 0 63578 0.9710615829293048
22 6 4 16 62038 1.0782774769111199
4 28 28 24 78534 1.0566928878019082
21 28 4 1 95532 1.0664711519486165
15 12 21 1 47758 1.0340415789073094
23 18 5 6 73150 0.9540571124031112
15 14 0 4 66297 1.070513806241929
20 15 0 25 70914 0.9043685628021841
4 1 5 16 34922 1.0693126956924222
2 18 26 22 90358 1.0436780108382373
11 7 10 28 54282 0.9494602784133818
1 2 24 6 72064 0.9673758489373072
16 9 10 2 33288 0.992421541915695
27 6 0 1 80243 1.083403247925181
12 2 7 29 70732 1.0823164053619831
14 15 28 22 58084 1.0513758542256673
29 27 17 26 45903 1.0615899604456085
13 13 15 24 50410 0.9154758476470944
16 29 29 18 71711 0.9244553553996634
22 2 26 27 75733 1.0976918644752098
18 5 17 18 47207 0.9502248655187252
21 2 22 25 56713 0.9639412929593543
29 19 22 16 36073 1.046995726705364
23 18 17 27 46285 0.9391512679582973
20 10 9 6 33083 1.096233715050857
1 4 3 18 47474 1.0216968998569596
24 21 10 15 48643 1.0845029071099552
1 11 11 13 36792 0.9789588082356375
0 3 20 6 56954 1.0862869337297185
29 27 6 2 110083 1.0125171754326763
6 3 17 23 80349 0.9063576007176813
18 7 28 7 36645 1.0557083496437898
5 13 14 28 59907 1.0344192554380576
16 1 13 8 42630 0.9872112128946599
2 5 20 13 62492 0.9719248907673069
22 16 23 4 37664 1.0537773719352197
1 19 11 10 52029 1.0748947100892217
18 19 21 27 28767 0.9672556516024085
28 27 26 13 50935 0.9926792773961162
16 10 5 2 49226 1.0428263290939679
29 8 15 7 48967 0.9816260440717742
24 11 17 1 48600 0.9094626071295199
16 25 4 10 59987 0.9531401663077225
