5972 5958 5885 6185 6499 7169 6251 5838 5693 6856 4552 3963 5805 5707 4044 3913 5266 4039 4101 4526 3123 3898 6025 4116 6062 3032 5389 4046 3882
4520 4679 4937 4121 2801 2262 3248 2060 3991 3146 3089 3376 2561 3830 2268 4447 3764 2244 4436 3887 2253 3079 2861 4871 2152 1871 3371 1523 1920
2567 3127 5282 3980 2735 1829 1903 2553 3230 2868 3864 3848 3999 2613 4502 3493 2698 1627 3340 5032 2837 1738 2904 3803 4104 4201 4305 4220 3683
4988 4866 2604 3617 1625 3816 2932 2446 2055 2536 2569 4106 3737 4234 2420 4467 3917 4164 3323 4164 2003 1067 1486 1851 3980 2699 1275 2230 1320
5027 4624 1856 3253 3978 4636 3549 3544 4549 4218 3590 2183 2876 3273 3393 4087 1748 4811 3858 4621 2765 3814 2611 3030 4565 3817 1529 3373 4781
4919 4693 6143 7551 4954 5550 4871 7102 6971 5288 7692 4913 5738 6514 3560 3473 3301 1736 1721 2230 1243 2383 2279 1440 1689 3813 1799 2146 3477
5409 7176 7480 7838 4767 7574 4505 7826 7853 6227 4506 5094 4128 5604 2207 4175 2123 4325 4890 2413 3305 2720 3162 2781 4199 5410 2843 5135 5791
3372 2067 3671 4611 4678 2524 4786 1631 1990 3682 1510 4952 1732 4256 3156 3030 4867 2438 2658 3324 1457 5693 4889 7025 6035 7054 6638 6620 3875
6528 4267 4079 6098 4951 7097 3990 5006 5909 4349 5485 4646 5643 5269 4393 6621 5831 7271 5002 5386 5946 5758 6238 6444 6157 4603 6443 5806 7820
4599 4510 4807 6527 4874 4489 7874 5256 5111 7524 3087 3346 3302 3884 2331 3093 3805 5632 4478 2145 5783 3140 5659 3166 2396 2461 2418 5511 3803
4390 4163 2847 1693 1258 1600 4442 2171 2725 2405 2418 2726 1833 1309 1652 1320 2421 5614 7227 8380 6346 7735 7476 7046 8270 7977 7541 8510 6740
8009 7426 5196 5045 6785 6606 5120 5870 5113 7980 4644 5502 3113 3035 4789 4408 4779 6189 3934 3716 5213 5868 5181 6297 5176 2983 5182 3835 2916
7554 7337 4599 5821 7710 5397 5626 7686 7988 6396 7718 4898 4679 7347 5953 7732 4435 6030 5150 3882 6762 7424 5370 4944 5699 5779 7201 4832 5099
5466 3683 4616 8168 6472 5529 7770 6190 5443 7184 7155 6691 4663 6361 5281 7310 4675 7985 6908 6387 6536 7517 7044 5395 7001 5300 5327 7676 5584
7909 5045 5578 7460 5220 8060 5098 5807 5110 7377 5787 7096 8493 7936 8394 7792 5678 6242 6802 5645 5472 4955 5957 2984 3753 6387 2989 4484 4520
2979 5838 4988 4240 5381 2850 3332 2879 2373 5424 5355 5098 6422 4739 5371 5741 6711 7366 5146 4665 7028 7234 7017 5018 7237 6171 7809 4889 4913
2485 4065 4524 3318 2910 3346 2997 2934 3730 2822 2834 3362 5319 2300 2976 3878 4154 5163 2405 4117 4513 4917 4849 3425 4012 5367 5897 2279 3901
4540 2547 4446 4633 3608 3427 2273 5646 2703 3786 5583 2508 2185 3566 4722 4446 3200 3340 4031 5263 5558 4785 3361 5237 5500 3716 5136 4405 3726
4826 4916 3885 4571 2192 4429 3938 3578 4657 4497 5983 3865 6764 4355 3715 4007 4978 6067 3413 6772 4702 5302 5292 6024 3539 6766 5493 4080 6063
3748 2822 5162 4663 5292 4034 5137 5316 3427 5279 3285 3555 5308 4759 4709 4397 3893 4306 3490 3740 4538 1852 5131 3335 5175 4411 2726 3317 1956
4648 3756 3160 4455 7182 5241 5032 8528 7385 5570 7480 8030 5067 7668 6376 5955 6234 7900 7718 7542 5071 7562 8618 8244 7610 5672 5354 7152 8334
4081 6059 4687 6155 7945 5405 6674 4760 5707 4434 7427 6995 4967 6619 7194 6107 5378 4865 5364 6696 5478 7790 5098 7561 7953 5516 5912 7354 4824
2873 3387 2609 4365 4384 4358 2432 1773 4389 1877 1982 4439 2130 4544 1692 2956 4664 1798 1584 3915 2444 3082 4218 2481 1603 1409 1461 2649 5969
2138 4314 5103 2948 3651 2401 3082 3777 4776 2614 2902 3463 3948 3064 1447 3788 1663 5033 2859 4947 1633 4994 3232 1688 4833 2261 4227 1464 1585
5542 3830 3085 6566 5978 5395 4368 4848 6523 5758 3473 3334 4376 4821 2875 4010 4448 4173 5814 6011 3986 4408 3942 2878 4513 3886 3657 5442 2498
4509 5906 5248 3597 5104 3611 6956 6982 3583 4934 3987 7129 4203 4085 4316 3963 4220 6440 3957 5653 4402 6028 4304 4396 5550 5636 4710 2721 5950
4350 3769 6286 3958 4313 5452 5031 3727 6154 6419 5635 6257 5079 5257 4142 4223 5953 4066 3723 2037 4529 2078 3460 3664 2253 4051 1453 4381 4033
4518 6651 6200 4565 4033 7374 6927 4130 4076 6266 4026 5481 4418 6178 5798 2915 3768 3586 4205 4201 4344 6152 5501 6100 2881 5387 5507 4027 6272
4062 5943 7210 7630 5156 4150 5476 5536 4276 5466 5790 4756 3818 3749 2942 4627 4762 3695 2955 5154 5167 3230 5433 5909 5116 2348 4455 2355 3284
5112 2941 4868 4686 2221 5175 3386 4413 3426 5228 4656 4435 2707 4815 5328 4824 3498 5347 3706 2599 3761 4384 3679 4340 2361 3130 5262 4745 5540
5864 3289 1853 7225 3775 3938 7790 6494 2751 2675 6508 4965 6392 4922 5120 5436 5600 6994 3512 6600 4724 1620 4909 5639 6292 8103 6391 5765 3204 4683
4660 3683 1597 6979 4257 5859 5967 6085 3153 4780 6543 3584 6531 6836 6647 3792 4130 5879 4462 5382 3596 4150 6743 3914 3209 5100 5917 5169 4960 2084
5462 1910 4315 5973 3386 5357 5259 5172 3806 2394 5974 2973 7463 7598 6793 4368 4842 6170 2919 5904 3993 1622 5516 4955 4595 6469 7746 6583 5719 3820
6853 3870 3969 3808 5623 4455 8311 8326 2960 3859 5741 4724 4989 5953 7721 4598 7223 6272 4250 4994 2953 3408 3953 3933 4144 8680 7609 6416 4874 3478
4193 3068 2241 7027 4400 2714 7612 8161 4121 3086 4907 3555 5308 6640 5675 4642 6496 7623 2447 6030 1859 2120 6898 3622 5793 7029 5659 4423 5601 4824
5041 1675 4726 5193 3431 3250 5780 8568 2284 3914 3973 5246 6927 7645 3243 5881 5396 8478 3194 5064 2653 3938 4203 4917 5206 5293 6315 4286 4898 1736
7484 2086 3175 5422 5395 4603 8063 7166 3815 3125 5056 4896 5326 6276 4913 3371 7125 6591 4324 5146 4541 3425 7120 5488 6459 5883 6610 6391 1771 4503
5703 1553 4500 4681 2716 5453 6944 6806 1582 4303 5687 4099 4023 7621 4632 5071 4867 7596 3413 5695 4176 4593 5336 7103 3001 6599 6609 5194 3393 2982
4363 2594 2499 6582 3130 4912 7516 8099 3298 5155 5461 4661 5729 7783 4186 5408 4542 6874 3630 5751 2502 1781 5357 5020 2998 6463 4114 3622 2515 3545
4504 4783 1843 6898 4760 3031 5963 6092 4529 4371 6587 3427 5794 7863 5447 4945 4574 7798 4326 4910 4423 4791 6573 6782 4174 6239 4277 4484 3790 2247
4208 4215 3140 6029 4892 2245 6639 5788 2142 4865 6147 3702 3471 5200 4885 3487 5836 7550 3166 6918 3903 3950 5166 6103 4468 8345 4885 5800 3914 1502
6505 2904 3657 5803 3326 4551 6142 6241 3825 6173 6499 2403 4749 6306 2916 2665 6481 7156 1618 3344 3127 1873 4032 6046 3660 5165 6182 4813 2238 4318
4293 3043 3845 4111 5045 3664 7556 7388 3223 5344 7150 4559 3932 7243 2668 4182 7266 5231 4155 3931 2039 5028 3813 5980 4825 7303 3760 5534 2669 2242
4490 4766 3680 5351 4575 4825 4953 8478 1723 7713 6307 3928 3574 7137 4879 4103 4016 7593 1358 4606 4094 1483 5546 7515 5754 6536 4031 5540 2856 2663
5004 2861 4207 4052 4042 2455 7812 6500 2330 4220 7231 1797 3320 8205 3035 4617 6778 6406 2606 4107 1614 3847 5045 6934 6450 8538 4587 4286 1661 3526
6858 2461 2583 7453 5404 4581 6429 7678 1650 5585 6681 2730 4566 6879 5075 2714 4470 5118 1957 4520 3369 3445 4609 6811 2999 6023 4571 4181 4338 4332
7116 1628 2774 4576 5506 2539 7165 5578 1876 7393 6856 3947 5996 6024 2147 4944 3113 5609 4779 4930 2594 1603 6261 7779 3395 5339 6967 3547 2091 1218
4081 1603 4900 5282 4365 5266 8483 6330 3926 7090 5239 4802 6119 7528 3820 2950 4733 6960 3998 4574 2866 1940 6590 6047 5886 4647 3651 4812 3761 2719
6554 3566 3494 5942 3192 4992 5942 8373 1546 4689 3932 3290 6015 8282 4372 5172 3565 7738 4188 5541 3564 3472 4421 4508 3981 1908 5598 3755 3066 1874
3498 3215 2848 6595 5485 2055 6908 8641 2353 6231 4242 2208 5648 8376 4304 5766 2269 7742 3710 5122 2104 4171 5650 6672 3731 2929 6322 6365 2876 3881
5915 2441 2275 5913 4755 2612 8457 5508 3315 7413 5502 2438 5285 5394 3032 5413 4486 2218 2778 4526 5126 1716 7426 6484 3421 2469 6920 3885 3530 4857
4514 4684 4729 5195 4782 2840 4989 8030 3883 5715 4219 2924 5927 5662 3429 5540 4243 4905 4980 6332 2196 5812 3842 7866 3565 2984 4501 3638 3529 3614
6756 4583 1852 6474 3834 2638 6266 6540 2511 6962 5508 3900 6159 7570 4946 3281 2479 2411 3355 6345 4034 4491 5167 6561 6649 2636 3981 6634 3342 2929
3639 5991 5384 6655 2972 4148 6257 5772 2969 6320 3694 1758 3462 8514 2561 5533 1982 3712 5033 6603 5733 6290 4170 4616 5659 5205 4619 4723 1737 3347
4279 4547 7369 6491 2321 5227 7400 6862 3256 5269 5226 4753 6002 7334 2594 3317 2868 4079 2380 4830 5056 3403 5185 6241 5054 3794 4001 4111 4660 5615
3142 5589 5928 4525 5490 3193 5561 8304 4400 7068 4618 3051 6056 7836 5211 2844 3282 3068 3710 6098 2564 4025 6736 7656 3287 5122 3713 4972 2266 5131
4583 2492 7370 4946 5031 2436 7910 8531 1836 7156 5962 5176 4785 7970 4914 3522 3627 2965 5063 4288 5573 4426 6409 7307 4603 2293 5312 5387 4244 6398
6340 4018 6419 4497 5452 3401 5716 5552 2161 5390 5260 5896 6716 6867 4080 2629 2571 4176 4976 3183 4498 6019 3313 7768 2848 4783 4265 5504 5131 6322
3420 4746 5944 3652 3881 4491 4910 8892 2862 6642 4143 4633 5771 8443 4438 4983 4618 4602 5056 6709 4887 6588 4099 6000 4466 5487 5864 5086 3482 4516
7 20 26 27 80208 1.0385616385737555
20 18 13 14 41392 0.9482761922591016
26 24 8 5 108998 1.080284765524636
5 12 27 7 82540 1.0912696208990162
9 29 16 25 33970 1.0539881701814675
6 23 16 23 49864 1.0801195786350846
7 27 18 13 86141 0.9117946804133734
26 0 0 10 112426 1.0851906894475973
29 12 21 17 41184 0.9548181268752769
3 1 13 18 68234 0.9385011647179369
19 2 10 17 64899 0.9928634095151746
14 21 8 28 44391 0.9513230668606663
26 0 18 2 32710 0.9896093916559426
1 21 5 10 49809 0.9613389142682047
4 15 21 20 69616 0.9573740948802341
14 20 2 4 79787 0.9461303024149215
5 7 27 25 119743 0.9930040284011283
3 27 11 9 68530 0.9094087124024693
13 25 2 15 70522 0.9437189466116419
6 13 2 7 36029 0.9111304640261103
15 1 6 16 73459 1.050812409993928
21 13 3 17 85073 0.9721138061315852
8 28 28 9 117376 1.0932156849177077
3 11 23 8 64052 1.0279004354957335
1 6 27 3 99861 0.9801021506147728
28 3 16 4 52361 0.9647248717820555
4 9 17 11 49750 1.093794277869037
15 14 6 5 54752 1.0873250818929798
27 25 21 15 50650 1.0747388418579569
0 16 7 13 42721 1.058704559292244
12 17 25 17 52539 0.938257324100261
29 11 9 12 74668 1.0216823833165118
8 24 19 3 98140 0.9603385794957218
5 9 24 15 78289 0.9498643707195655
14 14 28 23 79501 0.9705731232964985
17 1 3 23 96637 0.9977697217777555
20 0 28 15 75452 1.042700549324246
13 12 2 1 59208 0.9786750403383596
25 4 9 24 105057 1.076511158384053
5 1 21 5 59506 1.0712430459622757
27 0 25 17 78129 0.9376802638906483
11 25 5 18 42778 1.0584179460183298
29 7 17 5 50736 0.9568145077054376
9 3 18 29 105172 1.0966388912545435
14 11 2 2 62049 1.043642799375203
3 12 6 19 34409 0.9142925337219241
29 4 23 10 40069 1.0479075628834578
3 1 11 19 66395 0.9133915577402084
24 3 10 7 58353 1.078199314421085
18 14 23 5 45013 1.0045183432694844
21 20 22 11 29918 0.9128708276882564
10 15 18 3 53806 0.9075847053465161
2 27 12 27 44936 1.0739225536945396
0 2 15 17 88051 1.0893497092047777
23 23 0 29 84863 1.024349027473794
5 1 23 15 83796 1.031852539921548
17 10 4 29 93455 1.0161490878371002
8 1 26 16 89032 1.0268793849169282
9 26 10 4 67448 1.0684165602572322
0 7 15 12 67137 0.9526337743202231
17 10 26 24 73395 0.9713570742183922
5 4 15 2 42501 0.9210210663582604
0 6 19 12 80433 0.9328016863197783
9 0 22 4 55589 0.975890763086381
25 25 11 29 51937 0.9763563893510663
12 0 9 25 88363 1.009309187266373
21 25 11 20 46662 0.9241379168469875
13 29 10 20 49069 0.9000931457857221
18 22 6 6 81874 1.0787154109939794
21 2 4 9 72737 1.0924233946913815
25 23 8 20 67841 1.0302914295712056
21 13 10 3 62004 0.9980201068054524
20 20 28 1 87586 1.0011139270573057
12 20 1 26 48327 1.0287765718838227
7 17 0 4 63213 0.9984760186465631
26 4 7 4 71561 0.9207330329533189
14 8 7 2 33766 0.9890336570177343
5 8 7 23 55733 1.0943826869524844
6 29 13 18 53782 0.9200436280861353
10 12 19 24 57377 1.035750895597243
4 11 11 29 65553 1.0605193810939442
5 29 1 5 75214 1.0323561919721085
5 25 9 16 36983 1.0811839689401777
12 2 0 19 85809 1.0118296214079499
2 13 8 18 35480 0.9748792675701489
0 21 20 0 113891 1.0640263157834098
0 20 14 20 48583 0.9498686671761711
28 23 2 29 99241 1.0866363504691827
21 26 8 7 96573 1.0370821593791544
26 11 3 11 82798 1.0963833887084637
0 25 7 19 39446 1.098274178480963
6 4 9 11 34253 0.9793226142549374
26 9 7 22 100006 1.0975953337640996
17 29 13 23 39230 0.9681242013273867
0 1 7 4 29930 0.9516059106058289
7 1 4 8 31511 0.9040272431646413
20 27 6 13 94303 1.069093009460531
6 13 27 28 108314 0.9790258048885598
26 22 0 8 118017 1.01685407928827
2 10 22 10 67964 0.9308554162595789
1 9 23 15 87680 0.9560144367195085
2 2 7 15 55813 1.0848883139905332
6 8 4 17 36322 1.0616080334256741
18 7 13 23 78939 1.063149123926883
9 17 0 3 74011 1.0466666903104218
10 20 25 20 51419 1.0449878501286007
9 19 21 25 57133 1.000374565793849
11 23 0 4 94948 1.0401199302440154
6 3 26 24 122952 0.9709658784612916
20 10 29 17 52389 1.0128819445417703
29 11 21 17 45619 0.9463216273946853
6 6 21 7 55380 0.9484719454258708
29 27 2 12 131008 1.0937741529556315
6 26 21 10 100611 0.9644332912667406
10 26 11 7 70213 0.9241438852474622
7 2 10 13 34960 0.9390101893773664
9 22 17 17 42851 1.0849377614623164
6 11 13 29 77434 1.0395050005485955
1 10 28 25 132730 0.9499402073333
5 24 24 18 76123 0.9211704489367455
29 22 23 26 36889 0.9626634116385084
20 19 8 21 46613 1.003826878225178
24 12 3 1 83904 0.9562270781196213
27 9 19 1 51643 1.0409345597039568
22 29 24 7 70506 0.9681485361899458
4 22 12 10 60713 1.0711784787023122
15 17 6 6 67403 1.0734088741602015
24 13 6 0 85076 1.0594099803519956
13 23 7 6 76432 1.0703709283998073
24 5 14 22 83604 1.0879869280413867
10 25 9 2 77609 1.0380525901476967
28 7 4 24 114279 0.978120755357967
22 4 25 14 40725 0.9887162201333218
0 14 25 6 105081 0.9754210591629131
16 21 24 3 80398 0.9827022445016673
5 27 19 26 51150 1.0327965666470065
28 2 20 28 106758 0.9868862307117875
14 13 20 19 49351 0.9991451737358352
9 20 1 17 34145 1.0755830734042122
7 10 24 8 52353 1.0893898300446407
28 11 22 19 40024 0.9532863650581772
2 5 28 2 105577 1.0370404518780885
2 20 14 23 51761 0.9656323201041406
26 24 5 3 128145 0.9198447961869889
15 14 19 8 32790 0.9884221523993544
24 29 13 14 77626 0.9925616693719108
15 15 22 18 35427 0.9215739451264924
29 3 21 23 89204 0.9651438883211545
7 27 10 6 75824 0.9700319519283389
8 5 14 27 91478 1.048877872932537
29 2 22 19 75691 1.0581994603406752
3 1 8 27 93076 0.9125413340921557
27 18 16 14 46920 0.9138179895882185
26 18 27 5 65703 0.9636236360871906
18 2 5 4 52758 0.9077654216578004
23 5 8 7 55826 0.9660653739771294
4 2 24 28 121676 1.0653507414945391
4 22 2 11 40209 0.9811487831631939
22 1 15 5 36163 1.0292760578926172
22 29 11 13 82664 1.038925312609635
29 22 18 29 56162 0.9249727245421558
18 14 16 23 42939 1.0586756911159658
4 9 14 1 54626 1.049391840128198
21 23 18 1 86597 1.066818277831883
15 12 15 26 66532 1.0411538374634626
15 12 0 11 63617 0.979315648513298
23 24 29 3 89416 0.9264733721954778
3 2 0 18 56759 1.087117639554887
6 27 4 0 89336 0.952797126178277
19 1 4 18 90978 0.9819926794991135
28 21 11 6 103191 0.9077710911429099
20 29 14 25 33452 1.0099083942576004
16 3 25 0 39993 1.0480151999530036
29 25 5 7 129730 1.0321876536385866
9 3 1 5 41666 1.0900543047660514
29 6 11 26 123635 1.0257355483886694
25 9 13 24 89990 0.9974352808901732
5 2 6 19 65828 1.069424156210838
2 18 5 25 22601 1.036643948065566
29 7 4 10 81942 1.05024368997571
22 4 7 17 79977 0.9121912047564954
15 27 0 8 101512 0.9479850457184112
23 8 7 10 49384 1.0491422082604234
18 17 21 25 42914 0.9882940357796013
8 10 12 29 82062 0.9877591429054765
28 19 23 3 67603 1.0346064153590886
6 19 11 8 45738 0.9037646658003524
7 4 26 17 90495 1.005720469290926
22 25 11 18 50494 1.0439444403592202
22 1 9 23 105054 0.9568294403349511
25 13 17 2 64055 1.0356549312421937
23 28 22 7 60432 1.0896426130758614
8 5 18 16 64183 1.067698713993876
29 14 17 2 81872 1.0478797821689638
6 27 25 26 69844 1.0694942481523873
22 23 29 12 53320 1.0072005380931361
29 28 25 21 35196 0.9753706420203018
27 11 15 0 71718 0.9772280920602368
14 11 1 3 65933 1.0528052725962522
2 28 20 25 70087 0.9530529527541823
24 1 4 11 92111 0.9223173067265937
1 29 14 5 99342 0.9259068294680018
10 8 5 15 39247 1.0217697911007637
10 13 2 16 44391 0.9698679002715358
25 13 13 3 74079 0.9870825263423704
10 22 3 13 52989 1.0876929449045154
17 1 10 24 97346 1.0132495749972639
20 25 4 21 65711 1.079961929292072
1 1 23 13 91816 0.9985049329376944
7 14 12 1 52824 0.9672459563211561
22 23 27 8 59578 1.0667802774531943
14 18 19 1 71620 1.081059963749507
4 15 29 0 125163 1.015208830347977
5 27 2 1 79115 0.9116705745258977
8 8 28 9 61028 0.9359440799585712
1 25 2 12 43947 0.980896352632592
10 6 14 28 86419 0.9924723472754717
2 3 26 18 113313 1.081045701303016
1 23 9 20 30821 1.0963967786514583
24 8 17 16 46817 0.9133142264431685
10 15 6 26 49860 0.9143732006470241
24 7 24 21 56244 0.9231789578857549
2 2 11 15 58464 0.9555502846310476
16 11 27 11 38247 1.0131201485316277
21 9 8 21 76552 0.9061543958891577
13 6 17 16 49997 0.9466833062330388
18 19 23 3 66802 1.000598045189961
8 5 6 20 56224 0.9336070625275674
26 26 25 0 102767 1.062386670679357
0 11 4 23 47505 0.970076319013271
10 2 16 27 92796 0.9685046725020332
25 24 17 4 89883 1.0697286780924802
25 19 8 5 90321 1.0311380272169193
26 16 5 9 84850 0.9286823928356288
15 26 10 17 58111 0.947171036010724
19 26 28 0 110947 0.9895676656046151
23 17 26 29 45093 1.055970083310014
28 9 6 7 71407 0.9173835948779263
20 7 19 26 76742 0.9479998137229746
18 21 18 7 60335 0.945737432637674
16 29 18 0 113999 0.9965501376809933
29 13 25 21 41264 1.0635706830201186
3 6 4 27 65100 1.0837420156578528
7 10 15 22 64446 1.093825467122207
7 22 10 0 71488 0.9670451968211161
22 4 17 22 72675 0.9166618309643454
13 24 25 29 57024 1.0111272747244653
17 28 7 6 98981 0.9896379467262211
28 14 22 7 43756 0.9960834558952065
29 17 1 21 99744 1.0378389166144883
11 18 11 7 35548 1.063966453601623
22 28 7 10 89751 0.9414658782016325
22 28 12 4 100222 1.0989545987847489
11 5 27 20 95709 0.9737189530834143
11 0 0 17 88620 1.0184127837554813
9 12 2 1 51103 1.0109157016277226
25 29 29 12 71090 0.9813412182584303
29 5 19 15 67118 1.0640162696496174
22 21 20 11 35528 1.0060898404666516
29 15 3 22 96386 0.9216436754688678
11 21 8 4 57813 1.036344202655838
27 21 12 17 64889 0.980716330214332
26 27 29 7 80651 1.040272658999546
8 12 24 6 66538 1.0666831474614396
11 24 7 12 53899 1.076720877411796
14 17 18 0 74678 0.9123839484373758
7 19 29 9 93663 0.9132486791965233
18 4 17 15 43116 1.0976006007658696
22 14 5 16 73672 0.9660966314816134
19 7 9 9 34653 0.9358915612355884
3 14 15 29 73595 1.0089710906167877
4 6 17 28 101145 0.9326051671221469
11 6 18 22 72242 0.9370291673045543
13 0 5 20 81063 1.040444392260921
19 20 0 22 63526 1.0175024117536575
3 21 11 8 56174 1.0771804787881616
16 9 16 23 53609 0.9100294765540715
17 19 9 6 59194 1.0295174977715267
24 16 13 25 65406 1.0241015115102803
4 9 15 6 40978 1.0119098127051982
20 10 10 19 62787 0.9395976953438324
0 4 29 2 111390 0.9079863598582313
18 0 26 18 83113 0.9863759811680972
24 11 4 1 76700 1.0240158080627122
18 13 13 7 37447 0.9710217883169981
26 7 20 2 40980 1.0783026534853029
22 4 9 23 94693 0.9225279450500611
2 14 22 3 92286 1.01446442642238
0 16 17 7 80105 0.9169174876700577
27 16 23 22 32888 1.0526215442629416
13 27 26 4 115290 0.9264844265330194
25 6 29 14 46445 1.008347938077865
10 10 7 19 33320 1.0095931356535142
4 24 8 2 78171 0.9702225963812439
5 29 4 16 33226 0.9319216996793283
19 4 5 7 59969 0.9287501701569882
25 0 4 8 87564 1.0420602222430286
13 15 13 29 75284 0.9082549581182361
19 8 4 16 67385 0.9417439612294569
29 10 10 1 78615 1.0052933057054922
7 29 6 6 82109 0.9016176595064475
11 11 6 29 65420 1.033214361935317
13 18 19 4 64925 0.9675096178373265
3 14 17 15 63048 0.911379094853571
18 1 27 12 68528 1.0373583639044912
11 27 25 9 98269 1.0757948716219181
6 23 11 6 65617 1.0501817476197526
16 28 17 0 108209 0.9663362902047365
8 22 8 12 41292 0.9360630584486949
21 26 1 18 90848 1.029169587504128
28 24 1 14 118251 1.0954762146963315
13 21 29 11 77362 1.0607969720173056
22 9 17 20 47437 1.0603749247475158
8 26 19 9 87759 1.0838765444562393
23 2 7 26 122265 0.9594769463437808
5 22 25 19 78741 0.989793518681281
11 7 5 21 56463 1.0886046015248905
10 5 6 13 37764 1.0616287592542926
21 0 6 0 53209 1.0846880169202102
14 7 19 25 79868 1.000330398568689
26 24 2 0 132191 1.0311926499746435
22 23 29 8 64601 0.9799206564982451
16 15 1 27 77266 1.0831338125406806
2 7 10 9 31673 1.0169138824643098
15 24 1 10 92752 0.9782847702165023
16 25 29 29 54975 0.9277626111626263
26 7 15 10 43209 0.9453214702763544
19 1 22 25 82393 0.9149874084620956
27 9 8 26 112931 0.9344903524777407
1 5 12 12 55612 1.0341646305561392
28 17 2 13 104938 1.069268401165353
28 12 13 29 86753 1.0559296228520847
11 23 7 3 76189 0.9279034793629823
18 25 0 8 106317 0.9270615450689826
11 14 3 22 46568 1.0824346571161232
27 5 7 26 126697 0.967720532162687
23 27 5 5 113410 0.9385598754992055
5 19 10 4 54502 1.0845829283484067
6 0 29 4 91196 0.9565007876949821
22 27 23 4 66982 1.0497022939209455
8 0 1 13 58530 1.0319420840366051
15 15 24 29 67805 0.9963180860490557
13 29 6 26 29769 1.0458284254838293
3 23 9 14 42319 1.0121734010753627
22 10 24 22 44535 1.0996585107605876
24 12 27 28 62676 1.044141819931886
4 24 2 9 50469 0.923096961735635
13 17 18 11 41603 1.038235894755057
1 7 27 8 78372 0.9096995848072624
28 8 8 12 68975 0.9044696280255037
9 21 20 23 45087 1.0303213099966149
7 5 22 8 50142 1.0533284414809134
8 12 28 21 95334 1.0370763766863405
6 25 22 19 69356 0.9001585989587155
10 26 9 7 70517 1.0336113461431637
29 14 24 3 63520 1.0384118796647404
0 22 0 3 69141 0.9468850380587365
1 29 21 6 115187 0.9422361099421889
18 2 29 14 76972 0.956483105935666
14 14 24 0 74290 0.9879864559767803
9 19 29 7 89427 0.9189136124581161
21 12 12 28 78934 0.9409004673847147
25 7 23 17 40872 1.093394078186449
26 2 15 5 50875 1.0451451139477124
5 17 18 25 68784 0.9487100021807017
12 19 29 15 67105 0.9836767392308733
1 16 14 25 71776 0.904221173483343
20 20 5 17 53133 1.0633566800575642
3 13 26 13 100319 0.9020294625947386
19 29 29 15 64895 1.0299251290168585
26 20 0 6 122324 0.9947286802834722
18 24 28 7 84454 1.030562407590186
10 26 17 14 71009 0.9961365804106384
24 11 0 25 112964 1.0443914737688982
0 26 3 16 40193 1.0549732450101188
19 11 6 9 48756 0.9323787013483028
29 27 14 6 114619 0.9061768759347302
8 23 18 15 64084 1.082861546134213
10 16 0 23 53461 0.9996409479859432
14 1 16 18 65954 1.0032404818027785
23 27 8 20 66473 1.0674868935789579
27 8 23 15 34675 0.9539053878654667
2 27 18 21 66166 1.072580766624375
7 26 25 25 76125 1.0814155610169023
18 6 26 16 53233 1.094602147241898
15 14 21 21 45183 1.0526668705835265
4 12 16 11 47186 0.9246372569794977
25 21 29 9 58290 1.0414866223454757
3 11 29 12 99281 1.03534539225747
0 5 14 15 70561 0.9650326354602685
8 2 24 28 107034 0.9330504505821237
24 22 7 20 62528 1.0332977070430271
10 15 6 3 45178 1.0431752466002262
20 17 2 19 71278 1.0269077315813466
7 22 9 12 42222 1.0569324773387334
20 7 18 22 69955 0.9486041832449174
23 2 19 17 60673 0.990395738740268
9 6 8 15 37997 0.9146195729843732
19 2 5 19 91121 0.9163687606917564
25 21 25 8 58055 1.0918822371229628
1 25 24 17 89442 1.0423961848042458
18 1 19 22 83393 1.0684236202585906
19 2 6 15 79953 1.083957258329457
18 0 8 25 108460 1.0953682161235376
23 17 4 12 85024 0.9569289456093768
20 19 19 8 51530 0.982313687668393
8 15 16 17 39731 1.066890670139939
6 20 25 10 89776 0.9227002140483368
18 22 8 8 66990 0.9232479438391534
26 0 9 16 92039 0.9765218179514109
14 16 20 8 48167 1.0836706965826504
12 0 29 1 68330 0.9596283306834802
17 21 16 9 45446 1.013393152235104
20 23 2 28 82340 0.9544177346411017
21 7 11 9 35640 1.0015814529179814
5 8 29 7 71708 1.0495255248964361
14 8 18 14 29392 1.081799682484193
13 23 17 1 94909 0.9717445099318525
16 17 3 12 66534 1.0873326788706736
14 19 16 0 74149 1.013374440395837
11 22 10 4 55791 0.9747128056374565
19 22 10 16 42797 1.006021554851885
28 27 4 15 110467 1.0771525210466681
15 15 2 13 64453 0.9978251169235443
1 18 7 3 67617 0.9046086075856834
23 21 2 19 74395 1.08673122515363
28 19 21 29 52168 1.0657482071932987
8 25 14 9 78002 1.0254912993338097
26 22 16 17 51598 1.0186837169087863
1 23 20 13 93129 1.0435955457423813
24 17 24 6 43562 1.0778720922116345
14 2 29 13 84165 0.9831971411464996
16 1 28 9 60801 1.0582062164588422
21 17 29 27 60370 0.9090218717415012
19 7 27 28 86433 0.9497239725392415
22 26 10 26 50627 1.0054190180538396
2 16 28 4 117731 0.9021388328780323
10 23 22 5 97091 1.048273221516574
16 17 0 15 65572 0.9249178599446318
1 24 13 27 57057 0.9821539650739277
6 14 22 6 68441 1.084720149138835
6 29 6 1 90358 0.9612095591049215
28 29 22 5 88544 1.0260489994405086
10 11 3 5 39331 1.0446666912878035
10 24 19 19 52783 0.9095835512993766
5 0 20 20 89786 0.9476867200589456
28 3 17 20 88998 0.9387823962519245
12 17 28 1 109764 0.9603339015209662
0 26 11 29 43926 0.9646336016446877
0 21 25 17 86553 0.9302170895087731
21 20 10 19 41131 1.0956174007367727
8 18 0 27 47020 0.9423818887896247
3 1 2 24 74473 0.9234193178872668
22 6 5 5 62200 0.9976567306317402
1 7 7 20 56629 1.0924936899751827
8 24 28 15 88630 1.0711534446351039
6 29 23 14 85515 0.9949773136442317
5 22 7 12 33791 1.0138862344991495
19 18 7 18 39194 0.9787616550724495
10 14 20 6 51570 0.9850449979816076
21 11 7 25 93410 0.9483765367252945
8 8 12 16 36532 1.0447251130654207
6 8 21 14 65237 0.9972627450446214
19 6 5 8 48202 0.9046004165675747
27 17 14 18 47029 0.9285053238251024
2 9 10 29 76274 1.058017200264899
8 9 29 18 98324 1.060068814839899
27 12 6 1 90418 0.9024044405036596
9 2 9 22 60149 0.9321158059880675
22 18 19 8 40022 0.947869291672159
5 23 6 9 49339 1.0933451660953275
8 29 22 9 93005 0.9211163997582866
17 4 9 0 42398 0.9636707899883384
12 4 2 24 80720 0.9536175096923889
3 28 25 3 124154 0.9928516627746662
8 19 12 7 51034 1.0603487926487538
19 20 3 16 64071 0.9915492245643466
26 22 21 2 79143 1.0839394389474755
25 28 4 1 124343 1.0139033221189568
27 8 28 18 46042 1.0261873486049329
26 12 26 26 54515 1.051257888525766
18 13 21 3 52244 0.9399048331626616
16 6 0 18 81724 1.0636516513417362
7 3 0 22 78590 0.9747938867674346
29 19 12 22 74285 1.0711685673113789
9 8 6 17 35827 0.946119850202655
1 15 28 13 109272 1.068557986748738
22 18 28 22 36567 1.0976981816005809
13 16 5 4 61615 0.9929993621272953
3 26 25 28 74164 0.9944058352890621
29 1 25 7 38804 1.063756374790384
15 27 29 12 88236 0.9786949588796858
11 16 29 12 83035 1.0726190746225903
17 6 22 25 72740 0.9624064344615816
22 26 9 5 90736 0.9877967222622078
25 0 4 18 113692 1.041572488536597
9 3 25 21 97677 0.9598724313086284
15 21 6 0 83812 0.922156108567738
0 23 10 17 51040 1.0906248361291346
0 28 22 13 107144 0.9077310693212486
26 26 4 13 109536 1.0047121656427318
18 11 6 29 89586 0.9085943597671406
17 13 20 21 41277 1.048174176062247
4 3 29 28 143315 0.9909738899153683
5 11 7 21 40930 0.9426987193644933
11 5 18 9 35810 0.9515857008554913
9 18 13 28 49768 1.0356755569900478
0 9 24 14 91469 0.9583036158391831
1 20 26 17 87859 0.9335990585236811
28 29 24 5 94792 1.0917194333560645
13 20 1 26 50366 0.9235958957879153
7 16 25 2 91153 0.9754544586483583
22 15 8 17 63658 1.0526281017822028
6 28 23 16 78716 1.0100840302440584
24 3 17 0 32704 0.9637111736129129
13 5 25 24 97154 0.9321441736346546
28 2 10 1 70550 1.0738974912351271
24 13 16 7 41449 1.0477743124835952
5 9 25 7 65948 0.9967026711424135
10 28 1 3 94779 1.0325511391307534
3 8 26 8 67517 1.0634381527816892
18 10 15 23 64940 0.9824461364656365
12 6 29 26 118162 1.0822649232930641
25 0 4 26 133702 0.9031582002482825
4 1 9 12 45323 0.9206899216657626
1 6 22 21 101555 0.9404095743244818
18 18 22 0 72308 1.0665708723140443
15 14 2 1 68581 1.0393387255523499
10 24 22 4 102033 1.0109548357117144
24 11 8 11 52474 0.9379406454093068
22 5 7 14 67886 1.05800008453647
27 27 11 3 119346 1.028080993917841
27 26 6 10 111830 1.0320324274562163
6 24 8 1 76661 1.071846134000942
12 21 7 0 69870 1.0272267831233397
5 27 25 16 85758 1.0020737741581147
26 17 4 26 93964 0.9489355159953566
13 12 21 18 50260 1.0348253313749771
19 23 28 1 100808 1.0035914651550386
0 21 28 22 99797 1.0740077615624335
20 27 3 24 70851 0.9477862801430363
17 3 3 5 58222 1.069715971871893
0 0 3 25 87197 1.0297917033931219
15 11 28 14 56074 0.9980126160821041
29 5 10 13 76868 0.9135403250204808
24 22 25 9 56400 0.9335853685288522
28 24 10 20 72634 1.0559876619716972
14 29 10 0 105245 1.0945880552153526
26 25 17 13 67032 0.9052715605054201
25 2 2 10 90688 0.9031268327308838
9 27 1 15 57461 0.9566904632767119
5 7 20 25 98365 0.9169300780950436
25 17 16 2 72486 0.9357702160058424
26 29 12 13 96102 0.9822614976834255
4 27 21 18 76220 1.0586409343024852
0 28 19 21 75026 0.9904860675617657
2 21 14 27 55145 1.0618090495752457
19 13 29 15 43201 0.9296836627913285
27 12 11 14 68760 0.9078573803763895
3 26 14 27 44805 0.9591176842805835
24 18 11 17 50704 1.038486738555517
3 1 27 20 120123 0.9645586057931337
24 24 1 24 93432 1.0749988853739552
7 2 2 26 88275 1.0773890606610654
28 5 19 13 54287 1.0497518304803959
22 1 16 21 79854 0.9810995483706397
15 1 4 1 33548 0.9226342264303582
8 29 23 2 119167 1.0921598856673866
19 17 1 25 76100 0.9228763273844417
29 17 5 28 103993 0.9366262395544982
4 9 18 0 68005 1.0181129911127234
0 16 7 11 46362 0.9546403472583703
13 21 8 3 69246 0.9364706650299
7 20 17 13 54095 1.0963120654209269
3 2 17 14 73449 0.9846867557911769
3 22 27 27 93100 0.9623580416811952
16 9 23 26 71712 1.047998758068248
14 1 25 21 96044 0.9748080244629269
22 2 25 21 71251 0.9927339368669368
9 0 26 10 78626 1.0655129457957606
23 22 9 28 58227 1.0938755015458628
23 17 0 0 109669 1.0298010672471256
25 13 21 2 52095 1.0104544603992667
13 6 1 25 91542 0.9762341639204445
12 27 28 15 83230 0.9604890674905338
19 0 5 6 67555 0.932023494507172
24 4 7 11 66207 0.900546459210718
20 6 9 5 45445 0.9033557317768333
15 29 5 15 61994 0.9436054501301331
29 6 5 16 102306 0.9134461824693841
18 23 17 13 46660 0.990425272568252
10 27 0 15 67381 1.0336920282632098
20 14 10 2 62992 0.912934619193626
21 28 18 4 82100 0.9010097270887422
6 16 15 5 59800 1.0083917388954302
28 8 11 28 103957 1.0888940190931724
10 19 20 18 38762 1.0631094027449308
29 6 1 1 100051 0.9097486465614407
4 28 24 16 90637 1.0187593375494226
4 3 0 10 36506 0.9195494691206119
18 15 11 29 77174 1.0747765982782078
20 24 18 16 37581 1.0678664130520372
5 14 23 0 95704 0.9938265666316093
1 29 13 14 72897 1.0431967315512902
29 3 9 2 78407 1.0351962312514087
22 11 14 1 52962 1.0214453603952944
10 16 24 15 57550 1.079692738484778
11 16 4 13 40177 1.0386873026418275
0 16 24 26 105734 1.0011852698380372
1 17 23 11 94712 1.0523047138393358
21 12 11 11 39097 1.0670150678108898
21 21 29 11 55685 0.9701208852525344
8 10 26 27 101193 0.9298478652311426
17 7 15 17 44015 0.9003043962485978
12 18 7 1 53380 0.9584066130496314
6 25 19 12 86158 0.9015222343048164
4 27 28 13 109325 1.0070675004453495
12 28 2 17 54505 1.0810737666965733
13 26 14 14 69325 1.0777638133190344
14 3 28 2 65616 0.9210949452421686
26 22 17 14 54089 0.9731744465250226
12 26 9 10 70507 0.9244587989724332
29 12 3 18 102954 1.0746617792805497
16 9 1 14 64696 1.082257625375682
5 16 27 1 115326 1.0580502215714025
5 21 16 22 43071 1.0158132167339453
7 4 1 9 36028 0.9371219283938068
22 29 11 0 116343 1.0465883083918506
0 12 21 0 99154 1.0021120345133376
24 24 24 6 69895 1.0381812183313581
27 19 8 11 86745 0.9563976180666347
24 18 9 8 72357 1.002645405131134
14 18 4 11 53056 0.9903208046087921
13 5 23 11 47038 0.9629727221747286
24 21 0 29 96673 1.0739883680672986
10 21 27 3 108847 1.0803618578815783
23 22 7 28 64135 1.0562733564373292
5 16 16 23 58151 1.0488980088986841
15 1 15 14 51997 1.0725676850764316
18 5 11 1 34830 1.0761848770025295
10 27 16 9 82106 0.9165440490704293
11 7 15 13 41643 1.0672305683837418
12 5 8 26 77100 0.9767117799661884
26 3 21 24 79489 1.0119094191202045
15 14 6 28 73918 1.063569735258533
5 21 25 20 70957 0.9841044396046056
29 21 7 4 116216 0.9583151221349089
17 21 11 3 69114 1.0064260342779523
22 21 20 9 47153 0.9835988416396678
12 10 29 27 114928 1.0184002418534892
7 22 19 15 63248 1.0935088425896735
29 2 9 7 84799 1.0708370981980662
20 13 4 10 73061 0.9039105369683574
9 18 13 28 49768 1.0623196541211113
12 19 1 22 44829 1.0362628471749549
24 14 14 2 68902 0.9408014587130291
20 1 10 11 55984 0.9560069298707444
2 19 6 7 53444 0.9220785301923932
27 1 13 1 50427 0.9821826723618261
21 15 8 3 80817 1.0065703357196925
29 23 2 19 107691 1.0392263864338591
15 8 29 25 94444 1.0805575938495118
19 21 9 19 36242 0.9764783060896232
5 4 9 21 67168 0.9502702477835779
17 6 7 18 60480 0.9712264842701486
7 21 23 10 79137 1.0831967861029517
22 27 10 4 90424 0.948360995799207
8 4 21 25 95585 1.0267182104245691
21 15 23 3 44393 1.0640579046146403
19 10 16 21 48989 0.9197355675433402
9 29 9 8 74238 1.0612609050791675
22 21 2 8 93094 1.0332423374877973
29 27 10 25 81781 0.9407113377680913
9 8 9 26 62506 0.9793601007067845
7 19 28 19 77916 0.9732258144623808
27 0 8 23 130592 0.9328538044768893
16 12 6 26 78266 0.9791135826853974
2 24 29 2 139567 0.9954398433974349
6 26 26 7 113583 0.9076692625668283
16 12 9 21 54493 0.959276100600648
20 25 0 13 101031 0.9063021212662349
12 27 28 11 98495 0.981222210508804
8 15 28 17 79979 1.0640150075090613
24 18 13 2 83434 0.9612110558738063
24 27 12 11 87346 1.0674718691261758
14 12 24 10 39888 0.9060925095090446
26 22 5 7 108328 1.068838374083132
29 13 7 3 96927 0.9930526617893389
25 27 18 16 57600 1.049720203723808
1 21 5 10 49809 0.9598698188720507
6 8 19 7 40781 0.9452770058397446
18 7 29 17 63609 1.0018069669641423
11 0 10 14 40188 1.0582825842121926
2 21 20 28 68454 1.0727748058815445
7 10 18 14 48842 0.9920644389751498
9 20 20 17 50384 0.9319887264515875
9 7 9 29 77972 1.0016296361274704
7 25 25 29 76756 1.0975054429012054
4 21 20 27 70312 1.0911532818875536
4 0 1 14 53235 1.025045460066168
10 17 16 8 33702 1.053194443507236
18 23 27 24 41784 1.0446282196141483
25 21 21 4 69059 1.027346426749411
21 29 2 14 94301 1.0089084492583182
12 28 29 2 129330 0.9604257083549239
27 15 18 23 51097 0.9782239668930748
6 17 0 26 40863 1.0000938535012716
3 29 16 29 41898 1.0305314404053234
12 5 0 9 49502 1.0222253220571933
9 1 18 14 60669 1.057779136632342
20 26 6 3 111537 1.0914206591455329
7 14 17 26 74957 0.963771742087208
8 12 28 0 100736 0.921651371168276
25 24 24 11 54230 0.9782818868215285
1 28 29 19 116391 0.9901994195966586
4 1 28 14 104777 0.9410261666161384
24 23 20 14 41579 1.0211548913755484
4 20 11 8 51262 1.0682970006979347
9 20 28 3 104874 1.0295942576303259
4 10 11 15 38640 1.0064354117187615
27 13 6 21 90600 0.9380034956499315
26 23 11 29 62590 1.0113236914152337
1 1 2 20 65672 1.0456955851142835
2 21 23 4 102298 0.9543132329844866
1 28 27 11 124606 0.9188991869521135
4 24 8 11 51391 0.9305932093083059
27 10 15 4 58305 0.9501038487612077
18 14 4 28 82229 0.9941039462295407
8 10 21 20 66486 0.9175452504334868
23 4 29 23 84418 1.0552060197237765
8 21 14 17 35052 0.9184708884193773
8 27 13 22 37326 0.9406889480196569
19 27 3 9 101668 1.000265197594991
4 1 19 8 53243 1.0833256739239878
4 13 24 15 86313 0.9268771976658551
25 28 2 24 85438 1.0970396731491627
5 14 25 21 85717 0.9986240476310692
1 15 25 19 94131 1.004323558368058
14 12 3 0 65860 1.0348459281743176
10 4 17 14 45956 1.0893439327138028
21 29 5 19 70644 0.9831092730010677
20 19 28 10 56672 0.9924128435005243
29 24 17 6 96476 0.9277630746931543
10 4 2 20 65537 1.0437014004546645
11 29 8 2 91811 0.982258677018059
23 21 17 4 69256 0.9396271901477785
9 17 9 5 36011 0.9176678274630968
20 26 29 3 99691 1.0121374238839371
3 19 0 12 32903 0.9565174582940722
19 17 18 0 72340 1.0475166878967506
11 19 20 23 43142 1.0455189459027665
16 18 26 29 60357 1.091318088045253
10 25 26 27 69346 0.9425770471196888
13 24 3 20 46948 0.9287605173050518
1 23 8 18 31831 1.0523395335015189
14 20 5 19 33688 1.0133176381133544
22 5 18 21 61566 0.9849268459422358
10 15 14 4 42377 1.024490966907269
5 21 8 10 43557 1.0903109608990176
19 11 10 5 42445 1.0372551445986475
14 10 25 25 83108 0.9763980007516325
2 7 15 8 42191 0.982427963496415
19 16 4 24 69872 1.0745720932932779
22 16 14 12 41257 0.948815837205669
12 8 2 8 32362 1.0104043691592275
3 2 4 27 76762 0.9552068006935798
22 0 12 18 86744 0.944037537870049
27 12 16 25 74994 1.0550154348612761
14 12 12 27 80944 1.01009701932019
21 25 6 6 100935 0.9637524343378163
24 5 0 6 89787 1.0586341466281692
8 15 20 22 60120 1.0148843789037274
28 29 19 4 101343 1.0179594885555912
11 3 8 18 49572 0.9157813335352448
4 12 6 26 45748 0.9334724457180628
3 6 22 24 104447 0.9679314709557495
3 3 10 23 85650 0.9794952210190601
6 1 27 15 95793 1.0743616321214438
28 3 23 22 82900 1.075207380048323
6 1 18 2 39413 1.089662305783233
1 11 0 1 37466 0.9541662691286772
8 0 27 24 126593 1.0228718485001904
23 27 4 22 74822 1.0822162535241175
1 24 12 28 46712 1.043646994071643
11 13 19 6 49552 0.9264607225982482
24 19 17 1 79614 1.0196209415667996
1 15 24 6 94829 1.0201443405930013
14 18 0 16 52855 0.9291611836983215
29 20 10 18 72177 1.0677837357604496
16 7 22 0 40798 1.0914968223110264
20 19 9 7 69123 0.9002985152656778
13 11 8 2 36565 0.9477056640890145
22 19 26 9 44660 0.9553895336939959
4 23 21 12 92039 0.9342991133029268
13 17 20 20 31556 0.959179151473228
27 29 1 4 145710 1.0440678451399987
3 6 18 12 64820 1.0452754279929006
21 18 6 6 81447 1.0195788795830332
12 9 16 26 81201 1.071410282972931
0 24 14 0 110824 0.9561871736977602
27 8 25 22 68055 0.951634284140842
12 1 28 2 63431 1.0897989286690057
17 8 17 25 69774 1.0377137105086218
5 12 20 27 97708 1.0730760990480863
13 9 6 5 37586 0.9403847166621155
28 1 23 14 63658 1.048645823966113
18 26 29 21 58704 0.9261985111181011
17 22 13 4 76922 0.911325866963549
25 27 8 1 117987 1.0059990870879547
12 13 24 25 82386 0.9545411711141449
15 11 16 22 45834 1.0825367929442646
2 5 20 20 89613 0.9563905927322679
20 12 7 8 52844 0.9456618614773271
29 12 2 16 110198 0.9611513031623493
18 16 13 27 65594 0.9243356677208381
15 23 5 18 53073 0.9073918523430481
12 22 19 4 87108 0.9525567832435146
10 28 26 3 119575 0.9786888223020319
20 11 1 22 88701 1.0773224759166284
5 25 24 27 70183 1.0693995092908721
0 8 26 9 83381 1.0623533161098266
9 15 12 27 59273 1.0560221991668342
5 27 16 5 86077 0.969122396591217
11 19 19 24 39805 1.0128673000942783
6 5 17 26 97473 0.9779237898175912
25 29 23 0 96734 1.0039670391348194
0 12 29 10 105675 1.018517305338695
11 22 21 21 34446 1.0990764583774804
1 17 19 16 69686 1.027675520277562
6 24 4 6 60770 1.0369800610716216
7 24 27 15 89002 0.9483426159065798
12 15 23 3 70708 1.0750124362356797
17 26 10 9 71795 1.0172940965507347
1 27 27 6 131455 1.076407411732441
23 14 10 13 50817 1.0026612678033193
10 1 21 24 92977 1.0637628412368447
9 12 2 19 48922 1.0530989025430983
10 14 16 24 50093 0.9115141515915179
23 12 1 3 91196 0.9144752584476498
6 1 28 2 81566 1.0029728292672964
29 10 8 17 91776 1.0776388744446235
16 24 6 0 95177 1.08142593783965
3 8 14 8 33502 1.0681652526043919
24 25 25 5 77677 0.9098721638744008
29 19 10 25 99197 0.9621219922858583
23 23 14 1 94577 1.0801489286790653
19 7 8 1 50177 1.0707843136882402
2 9 19 5 63766 1.0916751945116159
9 8 20 27 90857 1.054162896912632
21 11 10 2 52889 0.9140608156769299
29 21 22 16 40338 1.032560867438326
12 13 7 1 47337 0.9906100942068342
7 0 8 25 89524 1.0941386267200424
12 28 26 25 52267 1.022495934189161
15 12 16 26 61961 1.0968332942791308
10 16 29 14 75912 0.9889335738994469
29 1 8 7 92310 1.0687346119191399
21 23 23 15 29625 1.013916056480417
3 7 23 16 83315 1.0391927906890528
15 16 0 20 66943 1.0664246500044536
21 29 13 23 52561 0.9891094632235781
11 15 27 2 89760 1.0505351940949343
27 12 3 28 117140 0.9722008038059999
15 12 8 3 51467 0.9759132461313503
18 19 18 5 59321 1.0873340100801898
7 21 0 17 34186 0.9513766757749776
21 23 9 0 101071 1.0612158036350303
25 13 15 25 65973 1.0406172860067002
12 5 13 15 40411 1.0704531126159176
29 5 29 29 100745 0.963293835831417
26 5 6 29 124827 1.0403080213582867
2 10 19 29 99887 1.0269337341055886
25 23 7 25 87488 0.9467595455978415
7 6 21 14 67839 0.9863937027113123
20 18 5 26 67220 0.9499161548225724
26 23 0 5 130234 0.9114524721647022
25 29 9 12 92314 1.0320190601613055
21 29 4 12 95000 0.9862955302377334
4 9 28 19 105546 1.0131630920832932
0 14 14 13 74053 1.0082654860131666
0 13 8 5 52150 0.9618999668552565
26 28 0 14 114258 1.0641924139716397
23 16 4 28 88655 1.036988470809418
10 4 0 3 39773 0.931924809112156
15 9 21 19 58605 1.0436623850604216
28 21 20 16 47271 0.9263506252157478
1 27 27 16 104394 0.9414346107355093
0 8 20 1 77478 1.0760765151002047
0 18 25 24 102603 1.087131080929425
1 24 15 10 80436 1.068293780909616
23 14 15 28 59144 0.9105945210566311
29 1 7 18 115269 1.0449300489432154
3 17 20 10 85308 1.0056051921302078
16 29 24 9 75119 1.0988887912467544
19 17 28 10 55728 0.931177943217336
25 7 12 10 55503 1.0827437634770827
3 17 3 5 39235 0.9685541731714334
19 18 7 17 41632 1.042254775266888
13 8 4 27 75520 1.0524206402060776
23 5 11 19 74516 1.093957572241969
1 21 16 7 77631 0.976824749072129
17 23 3 21 53431 1.0368336759647059
12 20 17 25 36115 0.9748482560661957
23 9 28 27 72487 1.035534968600347
24 12 23 22 36838 1.0850989874937425
16 3 7 22 79322 0.9522401477736266
18 9 9 8 29881 1.0482747673151775
6 10 24 4 69753 0.9153278027280548
25 19 12 14 59773 0.9568753531216602
3 11 25 26 114660 1.0893755321614227
28 6 13 16 84181 1.012486692733009
19 25 26 0 97465 0.9126318684451138
15 25 5 1 101478 1.0209368687352351
21 27 20 11 53420 0.9976064349040905
12 12 5 27 59853 1.0849002048257985
12 26 7 6 84009 0.9015581500499267
10 12 19 2 56364 0.9067398180717723
4 23 15 11 65629 0.9510075384633053
0 19 20 19 75978 1.0913712519789531
14 29 21 13 71564 0.9453440661097201
22 20 23 6 44232 1.0931404991140043
23 18 8 18 50604 1.0816560194668199
28 25 8 18 85449 1.0673607783974643
24 8 0 27 116671 0.9338376348480512
1 14 19 25 89350 1.0715399981759373
6 6 20 22 87546 0.9027411011660688
1 23 2 4 61405 0.9707126700632576
0 11 15 14 66381 1.0957203482790527
18 19 22 26 33944 0.9704720229935746
1 7 28 18 112675 1.0302937196150563
17 27 19 17 46974 0.994789793071368
0 18 12 23 59929 0.9184763509654866
6 23 13 3 79645 1.0504038704063263
8 22 1 29 45054 1.0458126317012355
16 17 16 4 43562 0.9210286415442518
11 15 25 22 72058 1.0409554236994736
17 2 7 4 39032 0.9624573011781521
21 27 1 9 115580 1.0718459697570584
2 19 28 3 125768 0.9024173719245308
12 7 15 24 80161 1.0261198816269856
16 17 29 21 66241 0.9850627649519368
16 2 25 3 37832 1.0907983219735717
11 16 23 13 54779 1.0450103307395593
26 28 15 18 58281 0.9384758513253182
5 16 15 9 58336 0.9165067743443435
26 27 10 22 75046 0.9521269109461743
6 26 13 5 83601 1.0466330795950423
18 9 29 1 63439 1.0872064718286638
19 24 22 8 58912 0.9845670094459232
4 3 18 9 60203 1.0141642671769866
28 10 19 8 36426 0.9603528464341374
13 10 3 26 75386 1.0719123255178975
7 29 11 10 74567 1.066998766232925
19 8 26 11 31261 1.0060730671562423
18 12 28 0 71867 0.927716908359063
21 12 0 5 86929 1.0903792986867606
7 23 23 9 92333 1.0553955960593275
1 10 26 29 126027 1.0195477854678703
5 1 13 3 29181 0.9587770918701496
28 28 15 20 62546 0.9626745638088703
0 15 18 27 91380 1.0831060766092675
2 22 18 22 55887 1.0737930390431947
11 7 27 28 107086 1.0070751441556482
17 11 25 26 70729 1.0012803221628332
4 19 23 21 67038 0.924127665071377
2 13 18 9 65921 1.0662527688214938
25 13 5 11 80254 1.0148679845591813
11 26 23 26 49723 1.0034908856150835
1 6 28 1 104991 0.970581596341586
5 25 12 9 64608 0.9934264308860303
25 2 19 7 37105 0.9685510232061982
29 1 10 1 69353 0.9981085614560306
15 24 24 18 50653 0.9307082658282261
10 5 22 22 77994 0.9910719554254496
1 13 5 22 34901 0.9833805318225571
15 26 6 5 99873 0.9468078085684293
19 15 22 3 51461 1.0929298524867788
12 26 10 13 59434 1.0972831102429548
7 11 15 25 78183 0.9852252092963311
5 13 1 22 38157 1.034484719526095
14 13 3 20 61941 1.0312752665207963
7 11 24 14 67851 0.9719790108120022
8 7 25 13 72070 0.9276514696143852
29 12 23 22 53334 0.9676626769477734
8 11 12 5 30645 1.0763107087150923
28 16 17 14 40414 1.0809701391889142
21 12 18 20 42200 1.0997106455489654
22 19 16 28 42115 1.031929874997967
23 8 7 15 64795 0.9688339351721521
29 25 10 8 107120 0.9250192835110577
24 15 14 28 61562 0.9478872323545775
0 24 11 1 94921 1.0593100129566295
5 0 17 17 79880 1.056384144453714
24 3 8 13 81588 0.964424270982193
11 21 6 28 41171 1.0271222672598241
28 5 3 16 110111 0.982246022092782
28 9 22 28 74542 1.087197813562288
7 19 3 2 63918 1.0729753750975246
7 17 17 21 41305 1.0903116979493368
29 8 19 12 39368 1.003966917027943
