8191 8722 8546 7871 8641 8529 7673 6981 7092 7933 8429 7758 8747 7133 7511 6488 6968 7977 6742 6943 6478 6315 6960 6447 6955 6061 7015 6306 7326
4694 5658 5695 5840 4953 4768 4326 5631 5632 4221 4925 4891 5566 4456 5720 5937 4575 5230 4470 6174 5649 4683 5052 5431 1995 2413 3362 3041 2736
4261 5713 5114 5878 5925 4445 4098 4388 4705 5106 4917 5121 5267 4750 5902 5963 4403 6101 5987 4145 4945 5235 4194 5705 5776 4355 5196 5683 7324
5996 7135 7607 6836 7655 7115 6887 6653 7377 7426 6086 6432 7386 6194 7753 6267 6011 6955 6934 7323 6137 6688 6953 4524 3943 4965 5176 5042 4773
4904 4309 5271 4388 3488 5365 4223 5003 4913 3809 4806 3660 5042 4544 5030 3580 4549 5061 3772 3841 4334 3541 5355 4014 3576 5106 6047 5755 6184
3358 3082 1902 2633 2840 3170 2264 3057 2778 2960 3341 3907 3199 1966 6545 6217 5941 5286 5013 6142 6311 5834 6692 6323 5198 5198 5777 6847 6931
5161 5986 4782 5832 6190 4733 4723 5089 6423 6045 5376 5495 5202 4728 6353 5345 4740 5240 5652 6442 5187 3078 2056 1981 3367 2433 2643 1531 1758
7246 5730 6051 6823 6658 6194 6582 7230 6579 5933 7174 5905 5747 3871 2523 1991 3654 2243 2434 3570 3954 3188 2495 3362 2828 3693 3603 2188 3303
1547 1536 1435 1678 2521 1655 2013 1449 2181 1560 1123 1359 2569 1453 3040 1734 2844 6087 5211 5221 5210 6337 4963 5798 5926 4947 5813 6099 5870
6477 5481 6874 7061 7098 5688 6014 5459 5902 7061 6640 6066 5128 4945 4780 5751 5886 6025 4291 5261 4370 6262 4335 5889 5491 6090 5340 4660 5320
2519 1458 1996 1230 1449 2557 1632 1344 2480 2617 2485 1554 2691 2890 3882 3007 3943 3988 3715 2733 3585 4381 3031 2517 2817 3570 2817 2705 4327
6636 7430 7891 7957 7445 6696 6873 8160 7718 8366 7390 8205 7128 7516 7935 5837 4670 4745 5012 6207 5571 4754 6464 6543 5108 4718 6230 6076 6561
5036 4291 3644 5603 4963 4050 5310 4540 3578 5624 6207 6302 6158 4719 5628 5131 5501 5088 5500 4522 6104 4638 4899 4993 6120 6321 6178 5366 4820
7125 6770 7983 7867 8501 8277 7566 7992 7344 7260 8270 7949 6879 8183 7601 7040 7674 7433 6030 4892 4604 5095 6493 6045 6198 4913 5414 4964 5014
6821 8565 8262 7216 7927 8107 6898 8484 8417 7258 7500 8326 8310 6983 6827 7075 7432 7840 7824 8176 8270 7751 6760 7148 7010 7632 6806 7600 6917
6629 6781 6874 1640 1488 1405 1767 2276 2382 3114 2823 1795 1904 2490 2246 2591 2093 3026 2930 3016 1991 2606 2256 2189 1989 2947 1462 2394 1439
3472 4596 4572 4263 4265 3438 3624 4768 4415 4437 4841 4047 3629 5447 5140 3888 5233 5405 3456 4107 4173 5001 5409 4957 5418 4430 4439 4803 5511
2385 1612 2296 2352 2201 3550 1710 3218 1771 2882 1664 1697 1641 3003 3171 1636 1702 2829 2473 1736 1583 3055 2816 3045 2107 2308 2602 2020 5584
7867 6787 8103 8199 7248 7709 6466 7525 8349 4869 5450 5523 6637 6014 5524 6688 5903 6319 5752 6102 5794 5751 5683 5560 6201 4925 5979 4900 6169
5207 5976 5328 5612 3044 3388 3161 2209 3308 1850 3648 3067 2344 2669 2242 3302 2712 2959 3174 3377 2139 2635 3105 1902 1731 1857 3404 1756 1797
7877 7769 8132 7025 7028 6735 5566 5170 4790 5013 6629 6247 5297 5968 6305 5073 5122 5951 6420 5787 5521 5875 6503 6489 4791 6314 6657 4841 5294
4705 4100 4459 3012 4477 3749 5376 5235 5290 3476 4803 4442 4048 4178 4100 3561 5311 4904 4653 4153 4307 4204 4490 4199 5425 4270 4945 5203 3609
6442 6247 7010 6581 7825 7983 7474 6735 7974 6635 6443 7796 8034 1482 2108 2476 2649 1287 2679 1775 1780 2734 2800 2548 1490 1925 2784 1158 1302
2497 2187 2983 2415 1906 2062 1922 2733 1782 2210 2885 2131 2711 2187 2759 3108 1551 1344 2035 1474 2615 1403 2322 1604 3201 1671 3193 2840 4869
3576 2662 2107 2471 3732 2963 3644 2829 2624 2099 2669 5757 5014 4099 4397 5192 4475 5251 4726 4154 5945 4169 5409 5160 5481 4332 5164 4202 4133
2202 2353 2234 3105 3259 2853 2229 2402 3603 1929 3237 3663 2625 2450 3219 2835 2910 3400 2824 3463 3166 2158 2915 2935 1912 2076 3663 2535 3176
1366 1461 1700 2960 1218 1816 3064 1273 1212 1407 1192 1677 2740 1964 2927 2737 2482 2687 2658 1184 3045 6177 6361 6783 5844 7040 5955 6308 7062
7015 6235 7974 7909 6293 8094 7639 7783 7442 8046 7173 7840 7373 6807 3318 3413 1828 1837 2563 3183 2341 2998 2714 2034 3051 2188 3452 2414 2524
8473 6988 7735 6784 7208 6868 7477 6884 8768 6777 8308 8463 8718 7982 3982 4473 4591 4698 3747 4074 4512 3537 3269 3259 3557 2841 3917 3262 3525
3159 3960 3862 2803 3992 4300 4269 3210 2706 4452 2930 3723 3618 2738 3544 2662 4337 3806 3827 3061 3176 3616 3724 7853 7952 8190 6262 7196 6827
2550 6274 2220 3588 4553 6452 6259 4260 5217 2867 5073 1610 5526 8135 2381 4522 6575 6267 3593 5058 3193 5580 2857 8204 2276 3270 2157 5891 3893 6319
3151 6692 2365 4779 4661 7342 5329 3093 4825 2722 5511 1902 6335 7064 1869 3560 6564 6888 3316 4544 2751 5003 3972 6519 3034 3186 2011 5898 3087 7775
3355 4728 2167 3599 5835 7444 5571 2815 5378 2788 5831 2065 6095 7008 1938 2828 6571 5818 3500 2515 2944 4486 4373 8151 2801 2716 2512 7167 2470 7423
2878 5469 1339 3943 6203 7190 5478 4081 4523 2114 5650 1889 5529 7612 1997 3527 6936 6221 4031 1952 3420 6126 4193 6956 2028 1759 2215 7468 3096 8032
3072 6582 3324 3537 6315 7268 6765 5010 4659 4558 5935 3045 5146 7883 1322 4755 6473 5500 3764 2626 2987 6031 3682 8108 1991 1770 3426 7196 3700 6237
4114 4879 3123 6346 6162 7121 5694 3778 3733 4402 5045 2353 6077 7485 2887 7173 7166 5777 4183 2753 2474 4586 2788 6960 3117 2639 2340 5863 2394 6510
3854 6420 3016 4766 4578 6488 7122 4862 5228 3544 4870 2222 5727 7387 3138 7052 7598 4741 3259 2563 3488 4269 3344 7958 3778 1926 3611 6603 3463 6783
4933 6387 1827 5418 5895 7837 5400 5084 4499 3058 5041 2277 4933 7459 7639 7266 6923 5333 4619 2889 2187 4277 4161 6594 3891 2365 2349 5817 2874 7752
4613 5419 2015 4845 5850 7255 5472 4802 5387 3820 4855 2975 6035 8190 7591 6475 7631 5236 4689 2852 2295 5115 3685 8733 3927 2517 3498 4044 2562 6733
4753 5151 1431 5856 5842 6804 5598 4530 4463 4706 5941 2961 5199 6938 7970 6409 7158 5204 4847 2747 3321 5228 3848 8350 2274 1657 3376 5016 3144 6438
3104 5418 2650 5759 5220 7880 6580 5412 4542 4816 4906 1855 5271 6589 8186 6754 7241 6342 4869 2901 3590 5685 8375 8111 3256 2920 2481 4706 3060 6533
4661 5636 2426 4552 3434 3345 5136 4065 5037 3563 4763 2645 6098 6596 6821 6728 5981 6062 4686 3045 4101 5965 7351 8355 3578 2859 3182 4812 2978 7015
4887 6428 2761 6240 4247 2308 5919 4966 5312 3811 5452 2589 5133 8288 7989 6499 7672 6420 4630 3063 2169 6545 7787 7286 2719 2148 2888 5695 3525 7145
3669 5900 2594 5556 5011 3462 6790 4724 3766 3687 6598 2481 6133 7861 7861 5985 6664 4973 5643 1747 2202 6154 7736 7202 3486 3153 3856 4374 2637 6263
3159 5272 3076 4503 3646 2392 5456 4857 5470 3225 5150 1705 5440 6277 8520 6246 6144 5185 5343 1897 3948 5315 7269 7352 3163 2916 3287 4374 2542 8017
4539 5091 2292 5800 5320 2189 5224 4188 4727 3582 5937 2230 4799 7696 6888 7248 6814 4908 4718 2070 4593 5313 8745 8096 2247 1715 2428 5611 3786 7450
4479 4827 1990 5326 4856 3718 5794 4705 4176 4593 6049 2434 6590 6544 7737 6706 6339 5215 4698 2595 4832 6385 8760 6979 2844 1609 3635 5397 3130 6680
3122 6322 3063 5010 3821 2930 5297 5483 3655 3704 4705 3052 4997 6359 8416 6717 6205 6082 5185 3161 4271 5741 7967 8657 2151 1561 3577 5231 2839 7088
4137 6253 4733 4505 4713 3059 5828 4654 4824 4637 6063 3412 5527 8005 8692 5794 6361 4863 5730 3071 4383 6177 7290 6988 2215 1290 3234 4747 1018 7049
3666 5741 5392 5741 4546 2855 5695 5145 5344 3255 5574 1656 5054 7755 7158 5772 6228 5257 5730 2023 4013 5378 8226 7957 2164 1998 3389 4740 2668 6167
3348 5714 5167 5528 3640 3434 6929 5386 4779 3364 6346 2567 5503 6753 7488 5586 6642 5976 5263 2602 4831 6608 8308 8038 2546 2394 4121 4391 3050 6892
4802 5524 5858 4799 4109 1916 6613 5441 4131 3178 5922 2175 6529 6765 7524 5868 6599 5829 5504 2526 4398 5019 8273 8460 3049 2469 3572 5414 1349 3394
4770 5774 5384 6327 5009 3161 6097 4365 4040 4040 5072 2477 6519 8236 6906 7208 5239 5519 4521 3344 4166 5707 7400 7968 2494 2257 4542 5093 1381 3354
3472 6257 5456 5605 4262 3219 7134 3598 4192 3444 5478 1934 6271 7383 7891 7190 5591 4745 4714 3289 4013 6252 6811 6920 3986 3090 3743 4544 1658 4658
3277 5211 5064 4619 3729 1968 6142 3874 5027 4108 1668 2579 3925 7541 8771 6557 6149 6604 4525 2669 4120 6558 6789 8244 4110 1639 4001 4972 1197 3830
4147 6382 5348 6383 3959 2107 6545 3859 3429 3428 3075 2639 2947 8363 7628 6338 6260 5278 4278 2512 5268 5586 8494 8434 3177 3019 4046 5604 2773 4583
2940 4905 4911 4526 4498 2585 5955 5544 3628 4139 2353 1947 4411 8305 7315 7054 5814 5034 4819 2872 3681 5638 8763 6950 2978 3060 3748 4941 1879 3633
3488 5468 4722 6117 4684 2573 6083 4442 2382 3267 2011 2459 3337 7315 8807 7137 6465 4636 4909 3105 4389 5624 8508 8183 2330 2594 4161 4372 2884 4367
3480 6017 5864 5011 5104 3243 3271 4143 3773 3260 2939 4347 4013 8051 7026 5980 6738 5429 5911 2675 3955 5645 8180 7947 2252 3187 3026 3925 2445 3450
21 28 21 8 53492 0.937528758071845
5 20 3 1 67920 1.0056810960517286
26 18 14 2 66034 1.0136893583929407
18 6 9 18 59050 1.012063770530152
17 6 15 16 26935 1.031111433044787
2 21 15 4 76970 1.0388438413777292
1 0 10 7 39172 0.9068116351922962
29 28 3 14 90497 1.0270712612393718
8 21 22 8 75285 0.9327057973645064
29 0 25 6 23573 0.9705069361008063
14 20 3 9 63075 0.9531910711472086
5 17 19 26 58382 1.0965171365053956
2 28 21 15 81850 1.0013993425070604
23 0 21 10 31181 0.9242984950998363
24 23 22 2 58842 0.9078004916989476
28 26 5 13 87560 1.0161790714511927
16 28 17 5 57349 0.9836719165809547
8 14 15 28 58018 1.0728977653483125
22 26 13 12 57861 1.090917744089204
23 19 0 10 80791 1.0753903680466856
26 6 25 16 23901 0.9749404451983555
17 14 3 24 61324 1.0891723931913284
23 29 27 5 61452 1.015444003529368
6 13 7 23 33918 1.0968481485276758
24 20 26 7 34291 1.0689564231347095
25 6 12 15 63602 1.063022004771503
7 21 4 28 26500 1.0547761112629028
7 1 8 29 83806 1.0178870885145748
5 15 20 26 71156 1.0158986405588168
14 26 4 21 41857 1.0459830727659865
23 9 29 15 33854 1.029213767761651
16 14 18 28 43659 1.055199779801272
23 28 1 28 60753 0.9875075009051644
28 24 8 19 62718 0.9397311370954118
15 19 13 4 42987 1.0885960283613465
0 20 17 28 66153 1.0863159083203833
28 4 20 1 44197 1.0712257233278042
28 1 5 0 84851 1.042808154766628
18 2 25 29 80192 1.0893383481227936
27 19 12 27 56632 1.0285214135665752
28 7 3 2 80228 1.0519660794149175
0 28 19 28 56198 1.0477977318290144
23 29 26 21 31504 1.0678631723125234
6 28 9 2 68569 0.9524288485937555
27 24 24 8 45482 1.0994441874816596
0 1 22 0 72410 0.9865337707274343
5 5 12 17 60265 1.0867116284038851
21 15 28 24 44055 0.9531385833931448
14 15 18 29 50195 0.9407155744859738
27 12 6 22 85071 1.0660919600339414
19 29 4 15 75081 0.9147305594354497
27 13 20 4 43174 0.9690855995389485
13 13 21 18 49689 1.0473992447408331
17 5 23 21 52049 1.0106067829618328
15 27 21 10 55717 1.0032375488684857
17 5 26 29 74863 1.023129395467455
17 13 28 22 56378 1.0019792215778984
4 22 1 11 52810 1.0120095893900456
28 29 20 22 41241 1.0942979941417155
2 4 3 15 57452 1.0649575494945227
7 9 16 27 65888 0.9101920324097057
29 13 15 1 68619 1.0846296329279224
1 25 26 16 77266 1.0341547696805535
4 1 21 29 103751 1.0393010468892663
0 19 20 29 78353 0.9596146425659997
15 28 6 21 39746 0.9450258714326383
18 12 23 25 47464 0.9231455436139011
17 10 15 27 41891 0.9616143022255922
15 14 9 21 35963 1.0250753613336985
22 5 13 1 37765 0.9829398093406253
4 29 3 10 79170 1.050586901624696
2 28 2 15 63610 0.9948704226529343
3 16 4 6 46383 0.969965616783644
29 0 28 20 57703 0.903792856792859
10 2 4 8 31937 0.9588749304109294
24 19 5 18 55698 1.056425712141997
9 0 12 17 56891 1.0879844896806345
8 15 11 23 43316 1.0558975815181162
22 3 9 1 52011 0.9656093705911795
7 22 15 17 36287 0.9169218659005887
18 3 9 1 31704 0.9117811160567489
11 14 17 0 54897 1.0795014645367618
21 24 8 10 62461 1.0058418052124574
13 17 28 7 65502 1.0077786242733684
27 10 9 25 70614 1.0556532405433003
0 19 12 4 74174 1.0787591769118505
19 10 25 16 31828 0.9099804563707445
17 16 14 7 31264 0.9126801688535253
13 20 1 18 42504 1.0339947929933433
21 12 29 22 53813 1.0456773365153502
14 26 27 27 36198 0.9197255737527471
21 27 25 6 57785 0.9442063124638691
24 2 1 26 105548 0.9602533349477721
28 21 23 0 61948 1.0486438695467455
19 22 4 3 83115 0.9805777203631874
13 2 1 4 39979 1.047026566963735
22 5 28 13 38562 1.0779428415381007
9 20 29 29 68012 1.0848472110092255
27 16 18 29 51093 0.9356675239315799
27 1 4 18 98355 1.0261782042199126
16 4 7 18 58007 0.9026844598172511
21 11 12 29 66832 1.0799986841185585
22 7 5 20 81282 1.0124887568217285
23 5 24 22 43723 1.0109276914426035
28 21 26 4 43884 1.0551481570936865
24 17 5 14 69527 1.0595886670496957
20 22 12 19 33981 1.051571928462563
20 7 25 26 62052 0.992259159659597
14 18 4 0 71477 0.9176761581673807
5 22 28 18 76049 1.0202042895487202
10 8 26 27 83257 1.06390623816551
19 28 3 2 91454 0.9384440029475135
16 2 15 24 57194 1.0491407404124373
15 6 5 11 36425 0.9317865331771822
2 22 11 9 65597 1.0052332928019827
13 24 20 18 37707 1.0882683236115835
1 17 6 7 48344 1.0277800328580626
16 24 1 28 47583 0.9663725164933805
0 9 16 9 54496 1.0300259780508323
10 5 23 28 77796 0.9709738639769865
9 2 6 18 41464 0.9519007336152373
9 21 0 13 47932 1.0460479209361984
14 6 5 9 48182 0.9862121318808792
8 12 27 17 65286 1.0767564508012935
28 7 14 0 62538 0.9621824224504316
1 20 17 13 59925 1.0002368920715852
3 7 27 9 79183 0.9555013632535898
11 7 27 7 62567 0.9218246392196741
11 0 25 8 61745 1.0798411250394233
29 16 5 2 92670 0.9520895021721529
23 29 2 23 64539 1.072351334427368
27 18 5 21 70759 1.024978988951367
0 29 27 26 80691 0.9864966628897867
8 14 20 29 72369 1.0444741544511664
1 19 4 3 67977 1.0439373355755655
15 28 18 20 27004 1.0076815486976647
27 24 10 9 77588 0.9410408963155051
15 2 29 21 80505 0.9069108022266982
11 4 5 18 53737 1.0452737015838636
14 1 5 19 66382 0.9685187672047701
13 7 24 13 52404 0.9908396447289127
1 1 12 27 102790 0.9409346381413974
3 15 17 25 66943 0.9127285116601161
29 12 8 3 71022 1.0638955938698027
6 29 2 3 88222 0.921432113384504
25 21 10 23 49272 0.9853181855747025
14 9 6 29 73110 1.0479329813007372
14 27 27 7 70827 1.0147445303244962
20 29 14 10 62249 1.080333460580397
13 25 28 20 48634 0.9278463456405236
23 16 24 28 26911 1.006086585944149
3 29 15 9 82090 1.0091966626073574
8 22 19 25 36069 1.048184493831387
5 16 15 14 52086 1.0199340869905136
13 5 15 19 38696 0.9344395969676066
21 1 7 3 50543 0.9589214570238487
12 14 21 16 59634 1.0819564913634836
0 14 8 12 26790 0.94280465530562
10 13 22 20 53494 1.0447549773945162
5 8 10 23 59239 1.0555830874905499
28 26 14 7 80110 1.057027612833814
1 7 24 10 75804 1.068092214505274
15 7 3 13 53243 1.0950565126656067
26 13 4 14 66029 1.0402121617134723
13 11 22 12 29508 1.0735798133597343
14 21 27 12 61718 1.0949647747149729
28 2 28 19 51324 1.0223008092645838
9 4 24 23 84244 1.0203762816906
25 3 24 20 47453 1.0758538947564733
5 18 10 24 34611 0.9522604194317932
6 8 14 5 41692 0.9561702111027499
1 26 17 25 40268 1.0918288750129201
19 9 17 22 36488 1.0048307707652306
19 13 25 9 22486 0.9310509245173693
29 12 18 25 59007 0.9984623646686206
16 15 10 26 49501 1.0048339366097798
17 16 2 12 51995 1.0305363556176408
8 24 0 13 55970 0.9793461691779807
4 17 25 1 97351 1.0011402215202951
7 24 28 22 60310 0.9059379177264738
24 5 8 7 57960 0.9713162393338366
17 9 9 22 54563 0.9944995715055306
18 1 0 26 104497 0.9697469086131132
15 21 16 8 37128 1.0955683935641332
5 14 23 4 68638 0.9180458401799955
13 15 23 14 47698 1.0345104904789055
20 19 19 5 42056 0.9558601779455536
12 0 12 26 83499 1.099169449489374
8 1 18 9 43573 1.0459182283235675
19 10 21 22 43406 1.0709507735137214
29 17 11 7 82143 0.9975428188206382
5 16 20 16 68214 1.0688566903289598
19 29 4 5 97012 0.9980181155369464
14 27 27 24 36872 0.9731815411349756
19 24 7 5 74446 0.9105016230178805
10 4 5 15 42969 1.018788217509331
2 2 16 28 91018 1.0694352344787907
11 23 24 22 49235 0.9892977456470177
8 1 8 28 71915 0.9675456370838316
24 7 10 19 62964 0.9088458671224553
7 20 23 19 44581 0.9064252725191577
28 2 12 4 59192 0.9942360371506114
3 17 12 18 42634 0.996310438128017
27 23 2 13 92798 0.9234920044874781
16 18 21 9 38958 1.0604795082810978
17 6 1 16 67827 1.0827377319234717
26 24 5 26 52345 1.0656049742118845
29 22 3 29 87279 1.0804720772082046
11 19 20 13 45462 0.925935558715344
15 20 28 28 41706 1.0178161108791237
6 20 13 5 62651 0.9199710877339075
11 0 15 13 39845 0.9912888521942138
19 1 13 24 76940 0.9009520712197939
15 21 28 13 64822 1.0665024110235324
21 21 4 3 88049 1.028943926097384
2 24 20 21 56201 1.0361217278268864
14 23 20 19 30141 0.9829750587753603
29 28 5 3 108621 0.9673327866977254
12 24 16 2 66562 1.0690161982353161
8 16 26 19 62256 1.0090472028537414
4 16 17 15 55770 1.018330884002049
17 29 9 21 47808 1.0866707055392253
19 25 6 18 47056 1.0718859686978819
23 1 10 24 84162 0.949261636741533
7 20 6 3 50943 0.928499286184898
9 18 1 8 54306 1.0387725507843624
15 9 22 16 42609 1.0499909024827812
15 27 6 10 64617 1.0498631308282944
20 4 20 29 73576 0.9233625057092236
10 13 21 27 67907 1.0306194028330413
10 6 6 23 55615 1.062815990240013
16 28 10 0 76753 0.9359688738994947
22 11 9 28 71430 1.0141001057252015
3 0 22 4 67068 1.0482819187518506
16 3 26 28 79756 0.9663756622118546
25 19 4 6 89015 1.0128703291078436
17 21 3 25 42976 0.9923627856452324
26 15 10 27 65855 1.0410049599499689
12 18 20 29 47408 0.9934935533962623
20 26 2 28 52149 0.9217928907888636
0 27 22 4 110889 0.9909685683175047
18 9 1 18 72753 0.9213231514213281
27 8 17 4 36631 0.9341753883204656
26 2 12 0 58301 0.946790554586388
22 24 15 17 34529 1.0396031324586792
22 15 12 3 66691 1.074974926393588
18 12 16 1 34777 1.092462547906771
27 1 20 12 42826 1.0117962950369808
28 0 24 12 33646 1.047871320185023
10 15 19 20 41580 0.9952201986315681
18 19 17 4 38309 1.072681583396601
4 18 25 17 66429 1.0328803619840758
10 7 6 29 67559 1.0938176389565673
14 26 14 6 57174 0.9789529728094853
21 6 8 28 93891 0.9282294175545852
9 25 8 14 41907 1.0412204273643837
19 6 4 28 91146 0.9496714032671957
27 8 10 23 78185 1.0476051432888611
8 4 5 29 71709 0.9889611963689945
0 17 14 0 84908 0.902898682787444
24 6 15 15 44237 1.0140841057458454
13 22 22 23 38250 0.989697441734899
13 27 10 18 40314 0.9251606117718386
27 26 1 28 71636 0.9927412267305962
11 29 8 2 83273 1.0678113450228386
28 25 12 24 40052 1.0810790978611264
20 0 0 19 96792 1.0710504958624583
17 20 11 24 28536 1.0326034213086368
20 16 24 3 50960 0.9031842237622181
20 25 29 8 56837 0.9407554241439428
19 10 26 13 24092 0.9077641833897719
4 22 17 2 79517 1.0537086358772005
12 28 22 16 48285 0.9729086771142218
5 17 20 14 68747 1.079257843075222
6 7 24 18 73978 1.0899737147974287
21 8 13 29 76308 0.9873476025814596
20 25 24 9 42793 0.9199784987349298
12 26 16 8 59146 1.0663979025737553
16 18 28 29 51269 0.9519964212484967
5 7 15 7 46794 1.0237389569024815
17 26 22 5 60003 0.9669883208339571
26 1 18 14 50102 0.9759223844142353
14 20 15 9 31976 0.9716679381729768
22 19 7 9 59151 0.9533910985012752
23 23 9 25 34277 1.0656785280540337
15 7 25 12 38774 1.0973021873246351
16 3 7 6 36506 0.9602196855111529
9 7 2 17 48564 0.939285531256856
20 4 6 29 95018 0.9145875705583109
9 19 0 25 42070 0.9595378261641794
12 22 3 4 90524 1.0100569169935436
1 2 9 25 80064 0.9895914997239845
7 4 17 27 76964 1.0075169881464034
7 25 28 9 81956 1.0058114031608285
27 5 4 0 72796 0.9953366293933599
13 5 18 10 29446 1.0612122536619164
13 3 25 20 74204 1.0057267726238373
3 26 16 15 64810 0.9179210792268212
12 2 23 20 68996 1.0166178349853865
7 13 21 5 60335 0.9498609309679817
0 16 26 1 101099 1.0418011210009104
22 0 24 21 58519 0.9994294537066168
26 19 12 24 46265 0.964164882710966
3 8 10 11 31049 1.0431314907616673
1 13 6 25 51775 0.9771489232217045
17 28 23 8 54747 1.0708477779397543
0 2 18 22 89049 1.0794225282864565
0 29 9 8 84190 0.9728505094318102
19 27 22 12 45964 1.0246149820850696
10 11 22 0 58651 0.9563728714594522
2 7 28 15 98759 1.0270163955698668
26 29 18 10 66437 1.0505361490433935
18 15 24 26 45890 0.9414561721304684
5 19 23 23 55663 1.0771136140803579
0 22 19 18 67706 0.9901537850840909
7 15 9 25 34601 1.0711253470127842
6 21 2 10 51651 0.9578350638719393
4 14 22 27 73125 1.0022064408897051
2 19 19 17 50580 0.9171672672650334
5 14 19 18 54082 0.9551566654275928
3 26 11 14 64664 0.9894677235366897
9 1 18 24 72876 0.9498334428264701
11 23 22 24 36004 0.9354548987525475
2 25 22 1 104468 1.0838539188831808
14 19 2 1 73992 1.0245946572977644
19 18 25 23 31329 0.972431855321593
27 27 3 0 116194 0.9385972800473661
27 24 2 25 59434 1.0140661324409803
7 26 14 3 78748 0.9836254639529907
15 1 24 5 38486 0.9247916212143487
10 4 25 7 54367 0.9259788277824106
29 3 28 24 62314 0.9267675459994289
0 22 12 2 79640 1.0361232970140455
4 13 28 29 94124 1.011364627761377
24 19 0 26 68828 1.0313650796608762
3 15 6 7 34865 1.0169752270837982
22 11 14 6 35344 1.051454411786827
17 18 26 19 27670 0.9462006977169135
20 29 8 19 53453 1.016592327882059
1 14 18 12 51619 1.0773404449305788
26 18 5 2 84846 1.0078716330057886
7 27 2 18 44647 1.0766623202631664
23 23 8 15 63334 0.9781057985036328
1 12 14 16 55025 0.962732824268214
16 22 0 29 67004 1.0592742343149584
15 29 11 18 37053 1.072790974664152
22 16 28 24 35711 1.0616609230785108
8 19 16 9 46846 1.0018027316807525
22 26 2 23 55941 1.0456548443741265
11 2 4 14 38957 0.9887672081134165
4 29 13 18 61453 0.9790950784902495
12 1 24 15 70965 0.9814501175307535
9 11 12 3 29066 1.0099096351213757
27 24 15 22 34523 1.0081572432132977
22 6 16 2 31016 0.9916447810419471
11 6 8 14 28455 0.9553966191699486
19 23 28 27 31395 1.0107175580911707
17 27 10 3 68425 1.064502111921524
26 17 26 2 30369 1.084937020104689
24 13 8 23 75617 0.9260661812635483
13 8 7 1 36102 0.9472937511681828
25 20 4 25 59967 0.9369103380103099
3 27 13 6 94051 1.044660407493925
27 15 16 11 41287 0.9497889479279827
23 6 11 23 77274 1.0193510188214352
28 21 14 26 46718 0.9079526544029306
11 20 23 24 40471 0.924068336994231
6 27 26 11 78953 1.0559308405872612
19 24 2 11 70479 0.9311690552010845
21 24 7 26 36844 0.9536614192794306
17 17 16 3 37524 1.0391324919463099
23 14 0 7 82490 1.0606823443747546
10 25 14 12 50763 1.0580653189490339
27 22 5 2 96980 1.035312147530091
26 9 26 26 46410 1.095509852295857
3 1 26 29 116295 1.0813718702739896
1 1 13 28 100434 0.9956791317887427
19 7 18 26 53464 0.9499951296881709
20 27 28 21 41628 1.071259113875779
24 17 16 0 64651 1.0864278130091347
0 29 24 29 75599 1.061332190240389
11 23 7 5 69555 0.9907319861079911
7 8 29 12 66205 1.0118673611972462
16 18 5 2 61340 0.9459768443305661
5 28 7 14 43169 0.9156139769623776
18 27 17 16 31487 0.9532925242490824
14 0 21 18 71480 0.9408616343589022
16 18 2 23 57595 0.9977216395757718
4 10 17 12 38275 0.9806182421565128
14 12 21 2 50920 0.9557634034051632
18 29 19 6 65738 0.954801783293876
2 11 28 20 86615 0.9346232309223035
22 26 23 4 48653 0.9059991423753583
17 26 12 7 63532 0.9002813827304704
14 3 2 0 45850 0.9228677296839469
14 14 18 22 40412 0.9347970921438057
10 0 25 22 85616 1.000913946099583
25 7 10 19 65014 0.9037368165498679
3 26 19 5 89477 1.0695300572819704
29 8 26 20 34650 1.057193886815215
28 28 10 14 75910 1.0394412143465301
18 15 7 13 49491 0.9646577892382093
26 3 15 11 41297 1.0111196060930712
22 24 3 24 47000 1.0000688659613055
0 26 14 27 45834 1.0733856986992054
13 21 0 20 43524 0.9322070559229325
15 28 29 12 70695 1.0289933267648712
23 0 1 19 101832 1.007651086919207
25 0 27 27 66331 1.0832219666838765
5 7 4 27 75647 1.0683938265677695
4 7 2 25 75295 1.0743749868898216
28 27 13 11 71245 1.0358482992525462
17 22 27 12 53105 0.970497173743837
12 7 28 3 62899 0.977623329171252
21 2 2 6 75748 1.0380240387943298
8 15 17 29 64013 1.0161872226136779
10 8 24 1 61590 0.9369639208851506
9 4 21 9 54926 0.9364600750760297
21 15 4 3 78035 0.9981725678231476
1 21 16 18 51621 0.9810311917417873
2 7 4 19 56428 1.0969500939664887
24 9 12 11 33480 0.9220926794711597
8 10 13 17 41611 1.0463505230635042
24 24 2 4 109532 1.0344957903115164
4 15 25 5 78271 0.9185432246833758
0 2 25 24 106948 0.9826414861630561
23 18 6 11 57504 0.9293675949070721
16 21 3 6 80101 1.0513199234651918
16 21 13 14 39587 1.0495315515538781
0 19 27 26 85488 0.9335395619430019
25 8 2 28 96795 0.9632658654483253
4 18 20 0 83553 0.9971766070922196
2 23 20 1 110300 1.0692421016643476
4 24 6 10 56085 1.0959709969701306
5 5 16 25 76470 1.0249602174671395
29 8 18 18 54646 1.0103691742844891
28 16 26 2 40166 1.0234527173123467
29 24 23 20 26777 0.9490690999210009
7 16 7 5 34896 0.9788857030954309
21 24 7 0 84654 1.098748585066466
25 13 20 22 47997 0.9371005089470875
6 5 28 29 108839 1.0852371222345274
9 5 18 8 44197 0.9564280366336277
28 21 15 19 42692 1.0136863362010349
24 1 4 8 84616 0.9293487602798809
1 28 27 0 116372 1.0212492434781688
28 25 11 23 50173 1.0178679396899795
0 10 9 5 42987 1.0727974483024258
19 25 27 18 34168 1.01932829065188
0 7 0 23 91837 0.9301396734203411
5 11 4 29 68150 1.0141602023161578
11 17 29 15 72655 0.9162869775634018
26 8 13 3 49896 0.9286489428433302
28 14 20 27 60018 0.9588545294110533
0 4 27 24 126971 1.0739550149041714
17 21 9 24 32483 0.96615556072279
2 15 11 11 34874 0.9138913765139131
14 27 8 1 75952 0.9654271839798289
8 11 18 10 28244 0.9196420810207585
21 24 13 0 80950 1.040958462764295
27 1 20 10 43208 0.9107122229866312
26 20 9 27 61491 0.932427050907074
2 11 7 20 38511 0.9521025083078124
2 28 16 20 56352 1.0043813185178716
22 28 8 25 37073 1.0953068535655657
29 29 19 22 38213 1.0253335271781938
12 8 1 17 62277 0.9240296037400868
22 29 11 29 37385 1.0128937481513636
26 15 7 15 69217 1.091986679022479
23 2 3 2 63461 1.0657462453444118
15 8 26 3 40182 1.020016474250051
21 25 15 8 52008 0.9817473909229518
18 6 29 27 83409 0.9660388364762404
20 21 28 4 63868 1.0653181825759865
4 6 29 2 97067 1.0491201331015167
1 18 20 5 88142 0.9707516402288296
20 8 2 24 90473 1.0548562875341092
5 13 0 6 44826 0.9162722844475643
12 22 24 25 39632 0.973319418057134
19 8 7 13 48058 1.04719220242406
23 26 23 1 55201 1.0180983276471216
2 5 2 27 99972 0.9260636990735049
3 7 17 10 51618 0.9545095375087687
0 13 27 28 98489 1.0635732570830843
22 13 28 6 40416 1.0845273387618461
11 6 24 17 67608 0.9357595824400373
26 8 14 19 51016 0.9296624899111423
19 17 12 29 47524 0.9752261743125816
1 25 2 16 45744 0.9848476862304912
2 25 5 18 36672 0.9977115323733764
13 17 3 7 68567 1.0264485108756798
5 24 3 3 77182 0.9136717324838554
27 11 2 9 68926 1.0596682988145067
16 3 15 21 46777 1.0629337785153448
21 14 26 22 40943 0.9625484692636499
20 21 8 23 49738 1.0610922991232121
24 20 13 5 62937 0.962121117054379
14 8 23 19 51618 1.0272971317762418
16 17 13 25 30980 1.0580747339398942
29 11 20 14 40018 0.990461579533167
4 6 11 26 81094 1.0917829498186769
28 26 7 21 63944 0.929220600363204
7 0 0 21 75616 0.9843592114504252
10 28 28 18 66177 1.089762940928985
28 26 7 10 88033 0.9405053914581634
0 5 18 14 86165 0.9995342599039069
17 1 26 28 78338 0.9514088174323121
16 12 10 6 28110 1.0558940182622365
10 18 0 11 44790 0.9025655676184735
22 21 23 9 29820 1.0816560195279936
17 29 2 7 97065 0.9348296718228706
10 25 4 21 25880 1.0395309054222426
5 12 19 9 44596 0.9400747700763235
5 16 12 0 59489 0.9933613221550746
4 4 29 21 111492 0.9139177225046397
7 21 21 27 52190 1.0773630595827879
28 11 16 22 59754 0.9706557559643727
6 15 4 1 50890 0.9181374841072558
18 24 27 0 68473 1.0618081567838407
28 14 9 9 70741 0.9319403178465844
13 1 27 6 55991 1.0893243142202589
16 1 21 25 67820 0.9108964153256441
20 27 15 8 57617 1.0818589023863967
21 15 17 23 37532 0.9104816358574014
9 24 27 16 63095 1.0147759864945252
4 11 20 15 54330 0.9358144051169351
13 5 20 10 37240 1.0550962802977177
8 20 12 10 44726 0.9586805374963929
28 25 20 6 72593 0.9023839906073455
2 25 16 13 68464 0.9152869582379809
15 3 21 12 36688 0.9283717527242358
25 4 10 24 83117 1.0561663069990017
9 16 1 29 65096 1.0393929634369625
23 0 20 19 51880 1.0668578801009465
12 23 23 25 31643 0.9125666281853342
29 27 0 23 83111 0.943260500969622
9 29 0 10 86478 0.9767616780928475
17 18 4 3 66259 1.0933222516850254
14 9 25 16 48470 1.0456973044814677
7 5 27 23 94246 1.008178660253717
18 2 26 8 40714 1.0550543262800667
4 25 14 10 67965 1.0328991425306238
28 20 13 14 68383 0.9792657958003245
19 11 8 12 29698 1.0037548361005932
29 0 16 12 57549 1.0495013457123763
11 8 28 22 86065 0.9324646918080906
7 18 25 11 62302 1.0663510302588062
15 8 1 27 81747 1.091197171044313
28 16 0 10 94441 0.999929010649254
27 24 14 17 53277 0.9235533207214832
3 16 17 0 72917 0.9326639485766193
29 5 4 22 103686 0.9552523632564999
6 12 13 20 46994 1.0328018639538152
28 24 26 12 35477 0.9211326373370783
23 28 28 4 65665 0.9001936495589646
13 1 6 14 49826 0.9387360573527694
11 9 20 23 68293 0.9085480095013448
23 27 9 0 91074 0.9427446805034517
9 3 12 27 81795 1.0562544688342441
11 28 15 16 40581 0.9947544004133883
18 17 9 25 44703 0.9088919919789104
0 22 14 10 78509 0.9767064553717649
6 24 22 7 84067 0.9062627649152473
25 7 27 22 39019 0.9366391374821714
26 5 16 28 68116 1.0193831744225832
5 0 7 10 33939 0.9926858801374226
19 18 9 18 33762 1.0386023336039982
2 21 22 21 64243 0.9227250102907105
12 25 2 1 90848 1.0559309772826544
10 9 21 2 48832 1.0618973679166586
6 17 16 5 56240 0.9551561787186885
26 23 7 24 55257 0.9726909781287161
24 28 7 22 51162 0.9664510717808242
28 25 12 1 96513 0.9993042672209452
12 9 8 15 27838 1.0717119122789982
1 27 4 2 88748 0.9318540711270824
14 4 16 17 36928 0.940442034628791
22 14 8 29 70483 1.0644209739458503
1 1 22 4 69531 0.9027100314253615
7 25 23 24 37555 0.9932229919013396
7 10 11 18 38460 0.9743348051962515
1 5 25 4 87534 1.0520337485660822
10 4 19 3 32826 1.0576820548387549
15 18 29 15 56076 0.9006486587836294
4 14 24 16 72947 0.9763497254107503
0 14 10 27 60700 0.9617035454276758
27 2 4 27 108876 1.0382483924234838
1 3 28 13 100665 0.9390055690999424
2 12 29 24 101976 0.9075324975858013
4 14 18 1 62030 0.9605290018159782
3 6 0 22 83581 0.9477865573384539
10 14 9 26 44545 1.0316231045307545
20 18 29 13 52928 0.9721071211133275
18 18 27 20 32653 1.051683683796477
21 26 13 11 52145 0.9190590467976415
4 3 9 28 86346 0.989238826439274
28 11 13 12 43696 0.9117889508998976
4 20 17 0 75639 1.0600962133189036
27 15 15 10 46340 0.9333589729519605
27 21 19 23 33293 0.9121231201122196
9 26 2 3 87471 1.0837933889789362
25 18 2 13 80192 0.9880139211799293
0 6 20 0 80833 0.9280971453117465
10 11 19 23 51579 0.9328505981076117
17 11 2 23 74886 0.9376518318527629
0 8 25 27 110865 0.9544071381053099
13 22 26 16 55924 0.9529208618518048
28 22 16 13 62922 0.985901676343263
9 21 9 8 45682 0.925210923094388
15 11 5 19 45532 1.0721303805066957
23 1 8 6 58863 1.0519865698142261
18 17 0 16 74993 0.9811289293150742
15 24 7 20 32855 0.9510953210222389
7 0 0 10 49382 1.0508573136451347
1 20 18 21 54171 1.03787343013472
15 1 26 4 43779 1.0730012636748105
20 2 8 23 92848 0.9807890809321742
1 10 2 20 54208 0.993848548083805
19 23 0 11 74878 0.987865441107027
27 20 3 3 101023 1.0231558728130428
17 27 18 1 66982 1.0431681952671645
27 25 4 19 69231 0.9732749663121817
27 28 2 6 113116 0.9595117657434946
5 12 24 19 69088 1.0962915874755903
12 17 3 2 64087 0.9341241194885657
1 23 6 18 37778 0.9117900184999881
20 27 10 20 43217 0.9289324558651074
2 2 11 6 32054 1.0398047111088262
28 2 1 21 116878 1.0756300021750171
24 21 13 6 72778 1.0249816224017274
28 12 2 16 86837 1.0082584517474165
9 13 3 18 40074 0.9660610538531962
5 2 6 24 64683 0.9934900578847319
14 5 25 4 34100 0.9724503200772757
27 8 10 16 59893 0.9009623914850774
20 19 10 20 28306 1.033899911468087
25 3 2 1 77499 0.9560948743931562
4 9 1 26 74273 0.9218105604977713
24 22 16 14 48578 1.0092762347529756
2 29 22 13 86896 0.9395144074227993
12 13 27 26 80138 1.0138631008335826
3 26 21 12 82532 1.025650660155673
12 4 28 8 55844 0.9912687820916563
5 14 24 19 64692 0.9820417760920722
12 13 23 16 52134 1.0466466904645972
12 22 5 17 44816 0.9156877863035652
28 7 0 16 98866 0.9541285239816337
0 12 18 13 56693 1.067229735005673
9 26 27 2 93111 1.0918192022340651
15 3 15 28 56820 1.0075614191584008
14 18 1 12 59343 1.022766880240033
23 15 13 11 33977 0.9633107753384083
9 28 14 9 66973 1.0177940360737368
11 7 9 26 66018 1.0521284904212407
4 4 28 3 85347 1.0689165477425593
8 21 26 27 67509 0.9601400346891616
23 15 22 0 40140 1.0741782430436064
21 25 11 26 26361 0.9342948703142047
13 18 3 6 75107 1.0004262917230482
9 18 1 16 41166 1.0766236395479694
2 3 13 16 76064 1.0168202798254002
13 1 8 25 78439 1.0535129616604335
14 25 28 26 34452 0.9764960094487641
11 0 25 16 75454 1.04785998163352
12 29 17 18 40466 1.0709213317078579
27 18 6 27 67880 0.9900472967785933
17 10 6 3 47903 0.9346095603451613
14 6 9 26 71882 0.9049488465761709
12 9 27 27 79987 1.065484168571597
27 13 21 27 54633 1.0489961442016333
9 8 23 3 56966 1.0906880657220253
11 26 0 6 97649 0.9883543828549914
2 10 18 4 61460 1.0885939478920692
10 12 24 12 40523 1.0454299631138853
26 12 7 26 77321 0.940274886331677
16 13 0 17 72666 1.0781730494253203
18 22 29 7 67718 0.9778262858127638
28 4 17 6 38599 0.9339271182742628
26 9 17 0 42860 0.9291516153068349
24 1 4 2 67415 1.0366404552968147
6 25 11 8 62392 0.960823114416022
12 22 20 9 59481 1.0948445516304062
26 15 13 6 61071 1.0223170663929004
10 2 6 16 43737 1.0379826902156242
12 25 2 5 92242 1.0658675591856335
23 21 20 0 60417 0.9417339859091335
17 8 27 0 44772 0.9601978251867541
3 9 1 25 73974 1.0121558003923534
14 22 4 22 50038 1.0195447644087483
28 24 21 13 48542 0.9291341585758153
12 29 17 15 46633 1.0380153539700472
19 15 8 18 46507 1.0370808328556835
15 26 14 0 76407 0.9623894588897638
6 10 16 7 41869 0.9589420663783299
27 3 28 17 42865 0.9121881010924914
20 5 28 20 54895 0.9588082105363901
14 23 6 8 68098 0.9842391322932361
24 7 1 14 72419 1.0940047737145813
7 3 5 13 33556 0.9381648360551833
21 28 20 19 25471 1.0875690332284507
11 15 20 8 53717 0.9361301478710087
2 0 8 4 26824 0.9210010710681679
9 0 5 16 51997 1.0676296504340153
6 24 20 19 48915 1.0398273708857007
12 8 10 21 49047 1.0804069256043505
8 20 4 7 50845 0.9934992372259175
2 22 6 29 30805 1.0489099861161146
0 5 22 10 90713 0.9568161541697265
22 7 0 5 93889 1.0303801877457626
8 14 18 25 56100 0.9722740412819237
19 16 8 15 50384 1.024139266756917
4 26 25 29 56975 0.9375065868432325
22 20 26 4 41279 1.0417582926961826
18 9 1 17 69407 1.011469378521997
9 29 23 25 45302 1.0796319829897274
4 2 14 9 43301 1.0736923779133964
3 22 11 8 64920 1.042900593214158
17 15 7 0 54703 0.9660106142664062
8 8 20 19 53146 1.0530376740403649
28 0 12 15 79417 0.9579616711112339
22 1 24 12 36550 1.0682825044126256
0 17 9 5 62785 1.0143616877118578
21 0 29 27 89684 1.0472871366378997
18 29 25 9 59549 1.0744971398572118
15 15 27 23 53420 0.9804686522707483
21 6 7 28 96659 0.9927400316094974
16 11 1 2 51902 1.0239684269315041
28 18 5 23 79401 1.0084537841785741
0 7 13 10 59542 1.06116437610874
18 8 13 21 45929 1.0520628050800698
15 2 14 25 59807 0.9324976337261724
19 6 1 28 99331 0.9412310348467675
27 16 6 25 66469 1.0528532780693818
26 25 4 2 99964 1.0310290304812069
21 19 3 28 63947 0.9950868002240585
5 1 22 13 74165 0.907082215784323
0 14 10 25 54313 1.0754400190567672
5 8 8 17 28930 1.0528982096762438
6 23 0 6 81774 1.0936224075020426
29 22 11 16 72546 0.9003062348560446
13 20 5 9 55324 1.0317238991285582
20 7 6 2 50610 1.0384817453891784
26 29 25 2 72566 1.0686934957309993
29 14 18 16 54844 0.9073370530661136
28 2 24 20 54682 0.9842909237636486
0 12 19 23 82636 0.9684110021786538
12 12 15 5 26844 0.923774153208232
8 28 22 3 95757 1.014631311909962
17 17 14 28 32313 0.9798563840902914
11 22 1 22 42421 1.0826035604394277
18 15 8 29 66144 1.0643293241455658
24 25 19 13 42683 1.0409013432650804
29 5 22 18 45829 1.0497058160680037
19 6 16 29 68231 0.9059223546673422
29 2 10 21 93301 0.9950705087228666
9 26 26 22 57220 1.098070263766257
15 22 8 10 45022 0.9724197280969751
29 27 3 10 106067 1.023351587594444
16 23 6 20 42250 1.091451865688528
21 8 29 5 30583 1.022174919783132
25 27 4 21 65550 1.0234541109116149
20 20 9 18 37978 0.9302842988915853
14 0 17 24 68205 0.9833847808867058
3 7 13 28 90394 1.0359130083974915
18 19 25 6 47826 1.012513793294323
17 7 9 1 36507 1.0900778578944619
19 27 19 11 42619 0.9770553737124015
21 25 9 13 65630 1.034885344938535
9 11 26 29 78256 0.9307505707576825
3 9 14 20 63075 0.9384475010620648
16 23 29 24 39255 1.075650137732645
2 8 17 19 67345 1.0238052991989424
23 14 9 16 59489 0.9203858042992776
1 14 12 13 45946 0.9315936683747091
17 11 9 8 27984 1.086102954041122
27 19 7 18 56309 1.0001824066305958
18 11 29 17 48814 0.9377962128356467
14 25 17 12 37037 1.0266154220883452
7 18 9 1 43145 1.0339405126442573
24 22 9 21 56772 1.0919778173962
6 10 26 20 74569 1.0337933639448311
25 10 15 2 44196 0.977223948613341
6 0 5 28 80818 1.037715043175485
5 29 4 4 90865 0.9864664138565187
9 16 26 21 65537 1.0136688814082515
26 3 21 22 55242 1.0884769202157314
12 2 6 17 47210 1.0983795847266618
20 17 18 26 31370 1.0271849607645969
12 4 9 25 69609 1.050210824696134
25 18 13 12 57168 0.9877640186214947
17 1 4 9 51341 1.0580824909291267
8 12 5 26 47746 0.9195000667925948
10 20 2 10 51079 0.9559277859421889
10 7 18 29 72585 1.001496087203187
6 1 12 27 90800 0.9975993649361885
26 27 15 21 40318 0.9892773908348501
9 11 29 1 73127 1.008581609725859
18 25 5 25 29985 1.042657115675773
13 7 5 23 75386 1.071201504671037
18 14 24 3 47880 0.9842533902574571
3 28 16 8 84426 1.0684876181764598
24 9 23 29 48453 1.0644204480054413
17 26 23 18 27457 0.9942662795872548
27 5 15 9 40971 1.0003524006114999
23 29 29 20 41912 0.9070989612031104
1 5 5 29 100369 1.0480176742040261
24 1 1 26 108210 1.0930958116954153
23 26 16 15 43328 0.9136316299134646
4 1 1 14 48776 1.0479586116906723
0 4 10 22 89459 1.0716883650042233
16 18 17 3 39725 0.969309194579724
25 5 6 25 85506 0.9626463690020702
3 24 8 12 46879 0.9712616389871946
15 13 4 20 47514 1.0813548570041212
28 28 4 22 67010 0.9279839630524912
9 11 20 27 63534 1.0444295751957169
29 9 26 23 49586 0.9243252798008488
23 23 15 28 25427 1.0686400260444466
3 12 16 12 41706 0.9387826235301583
12 9 25 22 69234 1.0663882237968467
6 15 22 6 77354 1.0146869075212976
0 19 3 28 47319 0.9637615234328193
25 5 7 27 90876 0.9277659176503853
20 0 7 18 72347 0.9976987120406884
18 3 26 28 79440 0.9952671801818515
11 27 8 9 62721 1.0135900306130619
8 4 21 19 63386 1.0138335168611705
11 4 15 26 66395 1.0328440911157297
6 20 0 11 45511 0.9246288730238004
21 28 28 1 73272 0.9818166406115025
27 20 23 26 24554 0.970058322284333
17 25 13 3 63400 0.9538415635566782
6 16 19 21 51712 0.9054790744670292
17 1 16 13 33138 0.9408013071513593
10 14 16 3 41105 0.945683087760087
6 22 8 14 31684 1.0505445921079928
11 18 1 0 74773 1.0630001823128845
20 24 0 7 97039 0.9595078657000895
6 15 5 2 43257 1.069506548972365
27 26 29 16 36259 0.9094844332376314
19 5 14 16 42618 1.0528135419796736
5 13 9 21 33258 1.0499636839090043
25 28 9 4 87942 1.0101141315653996
7 16 28 9 71449 1.0089887074479942
1 0 2 11 50840 1.0884009217317552
25 29 17 27 20356 1.052669998819313
7 9 14 25 58990 1.0332688112747082
11 22 28 6 90625 0.9585401473213616
4 14 19 20 55607 1.0685587612853358
25 19 16 13 44043 1.0060925718791804
15 22 11 9 46911 0.9192870090126393
24 4 10 24 80839 0.9513620267553735
3 24 13 16 61902 1.0678094951654884
29 9 6 21 89667 1.0443225674595218
17 7 23 1 32106 1.0181726794220238
10 10 22 5 47413 1.0039715675758325
5 26 23 11 71498 0.9847309081943696
4 22 20 0 94439 0.9126359931558579
7 0 6 24 64733 1.073370217967066
17 10 3 9 43364 1.096870799060175
20 10 2 23 89635 0.9768296461087891
2 19 20 29 68751 1.0426741565803332
22 16 0 13 81314 1.05115255857942
4 4 6 25 75990 0.9689498406150667
27 23 10 28 51668 0.9572558574880704
29 27 21 21 39417 0.9146388778942488
1 26 27 29 67259 0.994069659678948
7 29 1 8 83805 1.0630584601591453
3 0 4 29 99188 1.0878407409768662
11 4 25 10 55531 0.9308804872769896
5 5 11 15 48129 1.022332237482383
20 14 22 23 35300 0.9894413981967276
11 20 24 4 72724 1.052191974387277
23 6 2 22 97563 0.9053142339818248
13 0 24 6 50229 0.9351702996662002
20 7 26 25 62995 0.9069565185312974
26 4 5 20 85641 0.9422260052690248
8 3 18 16 53408 0.9304206936041813
1 29 14 23 55091 0.9809893295270664
27 14 8 3 72242 1.0561701890779815
2 16 29 17 96188 0.949315381269833
10 12 21 29 68470 0.9911469639977788
21 6 7 17 71029 0.9495377935471636
29 6 19 28 72387 0.9881105495872727
28 10 28 22 41795 1.0275524550724748
16 8 13 25 52237 0.915365578815131
14 8 14 20 39828 1.0097222596260662
21 19 0 7 89131 0.9983365085217355
6 13 11 19 32100 1.0954485420159332
1 0 4 23 90499 0.9262475731830876
5 20 23 26 57568 0.9500893578438778
21 26 17 3 63355 1.0926592819336016
21 19 4 3 79589 0.9720674178390989
22 20 2 25 55733 1.0391616845927931
5 9 28 28 94161 1.07853488842075
7 21 12 16 36525 1.0348663907165334
16 22 25 26 34091 0.9471636387870954
11 5 24 8 45180 0.9753429613679595
10 25 24 28 35938 0.9381047840188946
15 17 20 8 37790 1.0143028381083485
7 27 2 15 56722 1.0553013506594864
29 23 24 18 32090 1.0192134286463268
18 15 8 9 40787 1.0757329554563784
1 8 23 9 72840 1.020557071218259
22 13 11 25 49920 1.0197323632771478
20 0 1 17 91054 0.9124328886114196
19 7 2 23 91891 1.0013721690209243
29 27 11 3 103812 0.9066384217001928
10 4 0 14 45931 1.0823859311293214
27 23 18 6 68093 0.9936359967472275
16 7 28 16 61055 0.9704968803454035
4 25 16 3 82687 1.0080428496976452
22 2 28 10 33118 0.9409572848341017
13 0 5 12 46449 0.9180755207096666
2 10 26 28 95013 0.9638541393632581
7 13 6 2 31845 0.9288385752055092
18 17 5 23 58740 1.0983762369894468
22 14 8 20 50249 1.0528632988874984
29 26 16 27 40282 0.9740496794759868
22 1 19 22 65331 1.0342483187773168
20 4 0 3 65407 0.9119442207523231
17 16 8 20 32671 0.9031921251723195
14 21 18 10 39508 1.0907178677972846
5 23 26 1 103488 0.9075029998841609
15 19 24 23 36126 1.0064126010465928
10 21 20 0 78354 1.0166337033905168
6 10 26 8 58052 0.9711136340571435
18 9 17 25 40744 1.0595328559261505
19 9 2 20 72474 1.066294766081709
5 25 26 14 73499 0.9015024101241503
21 21 15 8 50452 0.9959937354051143
19 16 11 9 44975 1.0066845734668535
24 9 26 0 23606 0.9945370294022087
8 3 2 28 76779 1.0661492829961792
25 23 2 29 72921 1.069367244279044
23 18 14 23 40003 1.0594691602491548
28 13 3 22 104021 1.0415352555874635
7 10 0 23 68627 1.0682671630384075
18 10 11 3 43861 0.9909219062479742
26 28 8 2 91545 0.935644589899276
15 15 27 13 48312 1.0795935878085339
7 1 0 9 45562 1.076461249062723
9 16 18 9 45371 1.0412242541403058
26 28 7 28 48171 1.0934443586212115
20 16 10 7 51181 0.9115399739766082
7 18 24 0 86843 1.0592084445045626
6 27 10 12 56721 0.9961829930723095
8 21 1 18 32390 0.9064029437755332
3 6 20 0 66911 0.9296107226825066
17 14 8 4 40718 0.9568194097159448
11 24 21 17 49743 1.0806665688402726
12 3 26 2 53733 0.9012006942593868
1 6 27 12 88767 0.9023245337844389
7 20 12 4 55733 1.0415308852717238
6 23 11 29 32526 1.0041279691786098
14 8 5 0 46717 1.0911631715184165
13 24 18 29 27900 1.0259019663538835
10 25 23 28 34280 0.9397787934935952
16 18 7 10 44238 1.0582561501580006
13 1 5 14 49592 1.0131169630403538
14 4 8 17 49111 0.9532925057587299
18 2 9 4 29920 0.9369250452378237
4 27 19 19 57771 0.9201358216675547
27 15 7 13 72115 1.073951739508277
0 13 22 6 87407 0.9290862682802076
11 1 4 27 84515 1.0993414136383575
25 11 4 21 79141 0.912927379064636
11 26 22 26 30755 1.0883777003760566
22 15 19 26 30936 0.9598524008242444
3 13 28 9 79808 1.0473956179589035
8 28 26 27 50663 0.9546387073838721
15 18 20 29 38131 0.9203462376692377
25 27 14 11 60501 1.0809672294345298
10 4 29 24 91632 1.0596997781891058
7 11 11 28 63374 1.0459001816880704
12 7 27 25 84001 1.0978571610693757
17 16 1 17 59463 1.088651226001285
23 11 13 6 44611 0.9684775402627405
25 9 11 5 50820 1.0952434359831384
24 25 6 29 49209 0.9985565583466046
11 13 14 26 60948 0.9581223445736009
23 13 29 27 49688 1.0902653908018152
17 21 11 12 43760 1.0062854373169097
0 14 21 5 74379 0.9853131967546724
21 27 25 2 68730 1.0162086516500246
29 17 16 29 63440 1.0079057190933893
5 15 15 16 50706 0.9432254284295081
1 19 20 18 57434 1.034232153149211
26 18 20 11 31585 1.0632098385116409
2 16 17 21 58025 0.9624273692334104
28 28 18 24 28446 1.0395871964481531
28 3 9 1 70717 1.0490850252127404
26 25 7 26 47269 1.072469120796673
26 17 4 4 91986 1.0752297632145773
11 29 23 15 59522 0.9444677581692837
8 15 11 2 30132 1.0305983313091986
14 17 22 25 38224 0.9394306165538404
2 1 27 8 83023 1.0938543843103143
22 27 5 16 74036 1.0493801456754852
22 0 13 18 76511 1.030320260877202
