6436 5740 5995 5919 5616 6513 6222 6486 6097 5761 5687 6147 5824 5683 5869 5917 6240 6395 6507 6058 6284 6050 6405 6068 6311 5833 5953 5860 6322
7139 6922 6658 6635 7051 6553 7202 6455 6695 6542 7173 6594 7166 6626 6952 7164 6583 6936 6329 6826 6795 6408 6942 6758 7135 6619 6983 6540 6769
5774 6070 5775 5374 5454 5215 5157 5744 6019 5215 6018 5933 5374 5859 5935 6049 5741 5373 5671 5423 5536 5559 5652 5436 5915 5242 5267 5869 5635
5381 5285 4880 4631 5058 5428 5455 4568 4836 4831 4950 5453 5214 4894 5466 4770 5213 5322 4891 4589 5238 5445 5046 5216 4748 4780 5416 4982 5302
7874 8178 7991 7302 7746 8013 7753 7660 7883 7589 8035 8061 8023 7666 7520 7859 8042 7909 7942 7751 8161 7363 7803 7794 8206 7492 7321 7405 7671
8549 8450 8698 8369 8126 8505 8378 8791 8807 8155 8646 8670 8613 8692 8491 8597 8957 8727 8655 8331 8381 8107 8151 8223 8326 8074 8664 8254 8384
7367 7621 7171 6780 7127 7067 7202 7382 7143 7317 7443 7659 7416 6870 7546 7403 7513 7293 7313 7013 6873 7294 7655 7379 7598 7560 7577 7447 6994
2267 2620 2367 2520 2669 2955 2814 2937 2886 2679 2504 2672 2320 2656 2140 2921 2293 2797 2347 2390 2851 2278 2330 2906 2215 2415 2381 2273 2170
6768 6298 6103 6496 6597 6120 6188 6619 6460 6331 6688 6353 6114 6781 6525 6598 6767 6537 6194 6385 6682 5982 6683 6808 6706 6218 6212 6413 6855
5850 5440 5886 6253 5686 6059 5394 5935 5504 5696 6059 5345 6230 5415 5831 6140 5486 5773 6076 5452 5631 5688 6201 6199 5689 5482 5405 5557 5613
4142 3599 4359 4292 3551 3826 4259 3470 3561 3498 3584 3977 3559 3781 4251 3848 3945 3986 3958 3910 4030 3940 3745 3654 4237 3470 3888 4180 3904
8344 7747 8080 8409 8388 7789 8375 7830 8502 8508 7853 8272 8488 8111 8012 7674 7868 8244 8000 8232 7711 8097 7884 8562 8242 8014 8518 7884 8167
2599 3216 3479 3159 2881 3220 2703 3282 3445 3495 3244 3372 3172 2948 3003 3303 2734 3306 3179 2787 3484 2985 3086 3455 2845 3382 3438 2831 3211
7378 7479 6873 7678 7398 7352 7296 7309 7595 7168 7725 7431 7320 7048 7457 7381 7027 7094 7436 6968 7376 7217 7696 6919 7620 7061 7112 7209 7643
3741 3063 3536 3011 3466 3402 3719 2999 3318 3404 3849 3791 3756 3100 3098 3295 3870 3655 3627 3477 3771 3530 3894 3158 3914 3568 3391 3174 3179
5365 4825 5612 5203 5625 5181 5642 5282 5605 5603 5631 5530 5358 5576 5354 5113 5520 5644 5010 5575 5112 5671 5033 5144 5010 4779 5105 5196 5330
7223 7736 7506 7741 7877 7122 7361 7401 7470 7884 7220 7328 7458 7329 7891 7486 7229 7763 7121 7648 7803 7301 7927 7673 7098 7326 7613 7166 7803
1881 2383 1939 1706 1851 2213 2103 1901 1629 1808 1974 2157 2308 2314 1639 2346 2266 1711 2379 2099 2496 2059 1625 1681 2403 1849 1791 2494 1987
1553 1307 2058 1465 1493 1694 1461 1666 1764 1373 1545 1390 1481 2197 1601 1495 1949 1425 2045 1904 1329 1670 1778 1839 1894 1862 2080 1540 1554
2387 2227 2827 2246 2656 2058 2741 2586 2808 2661 2774 2332 2883 2809 2738 2410 2017 2777 2695 2411 2900 2231 2267 2155 2595 2658 2829 2361 2636
6361 6347 6345 7096 7107 6412 6535 6716 6731 6549 6532 6908 7057 6752 7005 6772 7042 6868 6700 6875 6459 6363 7032 7152 6908 6845 6585 6283 6297
3447 4021 3702 3661 3704 4031 3362 3629 4203 3866 3914 3887 3490 4185 3641 4108 3809 3543 3802 4110 4181 3665 3452 3381 3674 3519 3475 3398 3778
5814 5347 5795 5821 5566 6201 5291 5332 5792 6103 5889 6143 5534 6151 6082 6070 5939 5406 5526 5756 5571 5627 5458 5436 5721 5780 6087 5422 5736
4098 3806 3700 3856 3633 3904 3859 3678 3684 4091 3943 4041 3642 3755 4254 4160 3472 3889 3946 3814 3655 4112 3619 4390 3645 3997 3861 4181 3640
4740 5370 4800 4767 5137 5420 5454 5407 4856 4973 5223 5092 5368 5575 5065 5273 5388 5081 5195 5381 4690 5348 5290 5581 5266 5099 5443 5251 5291
1180 1032 1411 1517 1265 1062 1480 1703 1818 1307 1188 1616 1895 1349 1306 1425 1295 1475 1870 1048 1405 1769 1505 1651 1510 1064 1066 1565 1883
4255 4236 4932 4647 5022 4697 4553 4680 4307 4198 4767 4859 4618 4607 4255 4648 4959 4874 4795 4875 4394 4821 4795 4232 4667 4470 4208 4600 4664
5761 6354 5676 6092 6238 5817 5638 5608 5955 5783 6037 5797 5899 5925 5970 6273 6379 6201 6351 5498 5980 6097 5555 6258 6035 5890 5499 5673 6109
3322 3223 3472 2601 3291 2718 2763 2802 2898 3295 3218 3192 2693 2753 2938 2892 3118 2638 3066 2564 3300 2655 3152 2693 2894 3382 3464 3312 3074
2660 2687 2673 2441 2212 2634 2645 2625 2191 2390 2055 1867 2431 1888 2341 2356 1867 2414 2182 2290 2661 2002 1944 2711 1874 2218 1991 2242 1868
4714 8459 6877 5368 7879 6794 7188 3028 5816 5948 3390 6071 3431 7018 3969 4363 7359 8350 2825 1773 4153 6966 5992 1656 6353 2905 7155 7971 5307 6514
4877 8086 6701 5918 7637 6884 7425 3298 6113 6654 3391 6182 3367 6793 3540 4709 7428 8025 2547 1629 4589 7009 5557 2029 6921 2277 7173 7671 4948 5891
4722 8719 6193 5816 7697 7043 7598 3001 6016 5996 3259 6032 3693 6754 3771 4309 7849 7593 2635 1130 4092 6860 6059 1814 6546 2452 6437 7345 5064 6230
4555 8418 6840 5335 7803 6945 7640 3197 5575 5895 3346 6151 3547 6524 3940 4848 7169 8140 2517 1357 4417 7668 5571 1486 6216 2195 7025 7403 4650 5905
5255 8321 6665 5429 8169 6770 7617 3103 5811 6645 3062 6111 3673 6883 3942 4449 6973 8006 3159 1862 4405 7229 5955 1869 6890 2910 6520 7532 5061 5891
5136 8200 6210 5814 7552 6935 7166 3344 6436 6028 3290 6021 2879 7005 3219 4971 6944 7758 2868 1678 4660 7183 5570 2077 6206 2660 6463 7745 5350 6320
5157 8314 6931 5048 8233 7298 7670 2884 6150 6182 2631 5831 3089 6955 3376 4880 7118 8022 3182 1338 4936 7110 5904 1384 6316 2294 7170 7808 5241 5916
5354 8813 6075 5803 8212 6943 7597 3430 5585 5840 3029 5728 2972 7326 3461 4853 7026 8229 2614 2015 4873 7537 5977 1888 6911 2032 6748 7389 4876 6291
4875 8020 6291 5555 7515 6803 7263 3605 6099 6223 2758 6083 3019 7264 3269 4513 7626 8193 3107 1263 4258 7043 5261 1670 6910 2333 7132 7427 5110 6019
5018 8410 6581 5684 7638 7221 7207 3646 5936 6621 3412 6024 3520 7384 3496 4110 7807 8231 2829 1110 4801 7417 5899 1632 6023 2129 6941 7738 5075 6265
4786 8129 6041 5893 7997 6927 7091 3027 5903 6739 2988 5420 2847 7133 3613 4301 7072 7688 3276 1435 4520 7401 5539 1783 6070 2699 6761 7689 4623 5867
5105 8355 6155 5571 7388 6966 7238 2961 6020 6639 2595 6265 3598 6906 4009 4648 7502 8294 3182 1468 4774 7199 5437 1200 6588 2928 6916 7602 5014 6251
5177 8530 6601 5706 7755 6999 7384 3091 5554 5972 2998 6028 3176 7374 3730 4897 6995 7728 2768 1487 4507 7443 5812 1445 6165 2015 6597 7442 5251 6175
4636 8603 6378 5204 8262 6719 7673 3660 6217 5904 2644 6113 3488 6774 3495 4335 7024 8229 2855 1181 4969 6788 6087 1290 6474 2783 6718 7596 5304 6042
4703 8709 6795 5139 7742 6597 6805 2843 6431 5863 3032 5581 2841 7386 3625 4245 7303 7796 2845 1543 4758 7361 5681 1971 6341 2684 6997 7952 4574 6154
4572 8635 6807 5409 7374 6778 6924 3070 5988 6292 3234 5957 3273 6922 3663 4115 7129 8174 2798 1199 4371 7119 5489 1542 6029 2197 6936 8041 4824 5847
4906 8044 6869 5312 7921 6820 7089 2981 6402 6056 2757 5854 3677 6745 3758 4605 7578 8047 2705 1179 4552 7163 5834 1558 6854 2677 6702 7500 4717 5800
4989 8286 6161 5651 8057 7084 7684 3128 5589 6183 2764 5536 3407 6562 3468 4225 7781 8040 3294 1323 4127 7564 5815 1292 6468 2114 6481 7228 4826 5628
5319 8134 6666 5634 8299 6910 6840 2933 5652 5973 2819 5434 3457 6906 3697 4466 7488 8095 2553 1937 4511 6858 6064 1586 6377 2216 6395 7543 4597 6253
4895 8150 6579 5435 7665 7026 7059 3353 6225 6028 3046 5718 3551 7338 3453 4068 7371 7886 2665 1736 4500 7548 5458 1603 6708 2876 6728 7652 4607 5620
5121 8789 6273 5209 8085 7286 7012 3662 6096 5950 2939 6008 3052 6589 3392 4787 6986 8051 2790 1222 4890 7016 5841 1231 6097 2053 6802 7907 5381 5855
5255 8469 6791 5026 8240 6907 7562 3029 5626 6012 2881 5576 2977 7056 3316 4569 7560 8181 2524 1435 4168 7144 5784 1323 6652 2439 7052 7841 5337 5808
4671 8598 6511 5172 8031 7174 7694 3186 5985 6036 2672 5734 2992 6926 3332 4164 7368 7536 3426 1348 4293 7344 6009 1380 6930 2284 6768 7478 4464 5889
5185 8733 6461 5822 8004 7174 7647 3011 6074 6587 2935 5644 2909 7209 3394 4437 6950 8045 3004 1946 4746 7101 5753 1616 6122 2577 6477 7892 5007 5743
5382 8655 6573 5544 8018 6855 7568 3418 6450 5914 2777 5544 3644 6693 4053 4366 7794 8371 2908 1991 4414 7508 5957 1338 6051 2075 6689 7635 5020 6436
4897 8216 6937 5774 7462 6962 7183 3513 5546 6404 3214 5755 3107 6782 3593 4569 7050 8111 3144 1640 4889 7274 5238 1426 6901 2906 6316 7903 4808 6149
4876 8493 6494 5323 7458 6937 6838 3206 5730 6722 3450 6065 3257 7113 3360 4762 7243 8269 3202 1403 4254 7038 5419 1635 6267 2790 6321 7827 5322 6044
5004 8378 6931 5403 7462 7305 6837 3556 6077 6194 3478 6153 3136 6529 3314 4097 7324 8246 3338 1630 4467 7014 5327 1341 6520 2551 6896 8091 5347 6237
4640 8335 6648 5280 8232 6972 7547 3121 6193 6090 2947 5747 3672 6863 3766 4828 7616 7658 2610 1833 4808 6975 6108 1900 6301 2837 7025 7511 5126 5894
20 2 19 23 49351 0.9003801721575321
29 22 2 16 64357 1.0534022449524538
11 20 18 9 31974 0.9020224254045909
15 19 5 15 31711 0.9853471713911915
1 14 27 29 87179 0.9435010339398235
12 25 25 26 29700 0.9922618460150644
14 10 9 25 55697 0.908844148992383
6 16 25 8 57917 1.0848545866498331
27 23 1 22 48010 1.0875042017377856
23 17 12 25 37592 0.9109800337517849
5 21 15 1 85531 0.932400410833717
28 22 25 13 21912 0.9062391219132669
28 15 8 4 91007 0.9212388797082094
8 11 6 1 40993 0.998116014166359
19 29 28 12 49567 0.9968226351032136
3 6 12 17 62777 0.9994852470375809
0 6 17 5 64707 0.9483993107917462
3 0 29 2 122350 0.9575642575140322
18 23 29 27 25173 1.0149875724264743
21 8 6 2 69275 0.9976023030112526
16 2 29 28 73836 1.0909352327414117
3 21 5 8 56863 0.9062164710312458
4 11 18 3 60145 1.0270302814000256
6 20 12 4 61904 0.9518211332069288
6 3 18 2 59619 1.095906398210623
28 25 21 16 33590 1.03475796265719
5 0 1 29 115042 1.0357520783464338
28 19 3 10 66470 1.0129407535825887
9 16 0 21 42436 1.043085224335035
11 3 16 16 58833 1.0765102381435145
29 10 24 17 31534 0.9205445410077784
3 2 20 11 89020 0.9546253551128165
6 14 13 0 64966 1.0943464411759456
16 12 4 2 75543 0.9169485905289557
19 29 15 16 42989 1.053165442543431
26 21 13 19 27767 0.9894530756492306
11 18 26 28 42695 1.090222490443625
29 28 2 22 58968 0.938031979208329
26 19 21 9 30190 0.9270148596689078
6 25 20 11 55067 0.9888308465195949
1 17 12 16 38769 1.0503646709316428
26 11 29 22 31445 0.9296752885401045
23 11 1 0 106459 1.096436769251676
24 6 28 17 37496 1.0916179744678383
10 12 23 17 51515 0.9308682644478237
6 4 12 17 61465 1.0006423585236124
28 12 16 29 55216 1.0419915357995508
3 27 3 0 104692 0.9029568805852476
7 13 28 13 62363 0.9481938306274496
21 25 21 7 47438 0.9513103061033064
12 20 14 2 59786 1.0534566036686928
23 13 20 26 45734 1.0640882741840467
15 27 9 18 43400 0.9964461858874799
29 1 1 29 125546 1.0691278509464126
18 7 4 8 52433 0.9665440814014826
10 21 8 6 53098 0.9705472085328644
28 15 7 18 45552 0.9476651491479648
22 11 24 19 28294 0.9194844100038637
12 20 1 24 35145 1.0362475575219139
27 20 17 23 25191 0.9778469903460825
24 18 5 16 51330 1.041234154194114
19 25 18 10 27758 0.9527155903373383
17 22 10 10 45996 1.0908533294543261
17 5 5 19 45594 1.084263915203351
10 21 23 20 30247 0.9480649511542258
17 22 6 29 37880 0.9669246945484018
19 17 26 23 22303 0.9516968207900208
26 3 7 26 69956 0.9962291142123572
3 7 6 28 70960 1.0476090643795992
29 25 9 13 67359 0.913420387945786
0 21 2 10 61347 1.0474733415406132
10 19 3 5 58951 0.9494029012033615
21 15 23 26 39519 0.9955867871029714
13 7 14 26 58796 0.9761825650346426
24 25 25 8 27507 1.0423884067652156
3 3 15 22 90154 0.9954977420268198
18 1 8 19 42597 0.9560700060590412
10 10 16 3 38771 1.060575658966687
2 16 9 25 43485 1.009738996861008
28 16 20 7 43279 0.9122285143152683
1 3 6 24 92411 0.9867398418016032
3 12 25 2 82207 1.0655880871601435
8 6 8 22 54266 0.9609189977531768
25 24 5 20 44959 0.9049622611133754
12 18 22 23 23515 1.0105402323160897
4 8 26 25 84640 1.0011986606319394
2 2 15 11 80093 0.9738135265635478
21 2 2 29 109621 1.0763265659626025
16 24 3 23 28910 0.9699772857963872
19 12 29 4 47644 0.9418901205371248
0 4 3 16 72660 1.0605472594507876
10 24 23 8 58445 1.0630701381414847
26 29 13 4 82448 0.9908775606735907
13 10 17 16 24405 1.0586295805821082
19 22 5 11 56680 0.9668454442011648
1 9 27 27 100378 1.0788433806188047
23 19 20 28 32755 1.0814294359034904
7 9 29 24 66303 1.0102389692284943
0 27 1 9 92620 0.9199993419413387
28 8 8 3 87597 0.9746541475744959
12 2 6 19 62554 0.9068870333371101
26 17 20 4 54839 0.9307035742323453
20 18 16 8 30904 1.0215265768989168
18 8 13 29 57234 0.9567790455087646
22 29 13 25 39578 0.9078951566541412
13 9 27 29 73913 0.931958436192467
25 28 15 5 63547 0.9054726242178023
29 2 5 16 92565 0.9935926898124988
28 18 17 7 42413 1.0207554168905761
9 18 0 24 36300 0.9840613500427886
15 17 2 0 96264 0.954311018386534
8 2 24 21 85450 0.9094552757145262
10 13 15 21 41570 1.0428958859788569
26 17 22 28 36962 0.9968771796333386
1 1 22 26 127186 1.0774522401793372
0 8 23 23 85884 0.9546993475844336
5 0 8 19 61672 1.0778245661054393
8 26 16 0 78180 1.0747639844025443
25 6 7 16 53982 0.9546687024178647
23 9 0 19 59546 1.0121897395689188
13 23 27 0 60424 0.921951519783873
7 6 23 10 57416 1.0720408291635972
5 15 16 7 58201 1.044277783356242
13 14 11 22 33948 0.9908557214248265
3 0 17 20 85446 0.9145737718220668
2 5 11 27 93564 1.0927569251126779
27 23 20 11 41820 0.9564169460622117
4 9 16 16 66335 0.9006873243027195
18 6 5 7 43131 1.0104078462807973
6 6 1 1 59909 0.9390932541391154
7 4 2 24 63505 0.9286681882764266
4 16 7 2 56278 0.900826681742966
10 27 17 15 43019 1.0814008696454525
29 25 11 12 60800 0.911704789135573
19 8 25 22 39253 1.0219409230447614
22 27 19 8 55281 1.0261728089612512
15 12 2 29 85287 1.025696056268143
29 17 13 5 68510 1.016403811647651
9 14 4 21 40018 0.9786133587647379
9 11 16 8 39558 1.051033023379287
22 19 27 6 35889 0.9032179779353736
0 4 18 4 80296 1.0488004683873062
28 11 9 25 61212 1.0424104455408112
9 26 28 19 48060 1.0140444728695217
4 13 21 10 63855 0.9755767010166969
11 21 28 28 52592 1.0071739045007888
16 3 1 16 80289 0.9705351580753124
28 13 1 27 86977 1.0790887737702182
14 14 0 16 57413 1.0501285761916401
0 3 13 4 78148 1.0673642950277213
26 12 13 2 66317 0.9840673025142979
15 4 8 28 85539 0.9193411051134547
29 16 20 10 38982 1.050296617160171
6 11 28 15 69182 1.0825760632473727
12 0 21 19 64840 1.0994654632896739
17 6 1 19 49359 0.9783060204218202
9 5 27 26 91296 1.0918732140821994
11 0 28 3 89359 0.944600870198374
10 22 10 3 73226 0.9687701672822184
25 20 1 5 91600 1.0707493905813883
29 7 6 2 91686 0.9860016972862801
11 2 28 2 88082 0.9436320635784982
15 2 19 12 37811 0.9962117477974551
8 12 21 15 50707 1.0030805233426343
13 22 27 28 42412 0.9854551043907956
22 3 10 8 55648 0.9851725205203968
4 19 2 9 48331 1.0749055489834871
25 26 15 10 44866 0.9910177567005284
19 25 21 16 28671 0.9488741149466485
29 26 10 28 54692 1.0466478484893451
22 8 12 24 56861 1.0082228830124451
2 16 13 27 62734 0.9529790040196515
26 14 12 28 51817 1.0475654783548294
2 10 17 5 54689 1.0310104802378253
20 1 15 22 60988 1.0031406876705493
3 27 12 4 89803 0.9567967997857968
24 23 20 3 52533 1.0365760771902874
17 17 0 28 68279 0.9742874041806573
26 24 6 1 93030 1.0455700665069882
18 19 29 28 34096 1.0771566966567758
13 24 29 25 35536 1.052714286183298
18 23 26 15 26438 0.9728040769595121
20 14 9 6 52367 1.0709559398360937
18 12 4 10 44129 1.016148737638487
24 15 10 23 38316 0.936280005333916
27 17 21 9 39227 1.0507709575229338
6 20 9 1 69609 1.022666173694656
19 14 6 2 70811 0.9001295616568918
18 24 6 26 33816 0.9830482975629287
10 25 1 5 85198 1.0907394792082858
15 25 23 6 54589 0.9298481626129244
24 16 12 17 38446 1.0303202261268152
28 13 26 25 32185 1.0466041768849597
18 26 27 22 24288 1.0630110903013699
21 27 4 6 87992 1.0410218006094416
24 8 1 23 66728 1.0848832901281507
2 16 29 15 66293 1.0424665568596272
12 20 9 7 48265 0.9468841808767636
0 27 8 10 70128 1.0354976211901274
19 22 14 12 34870 1.010223113167086
23 28 7 1 95941 1.0589119151931647
14 7 28 14 53209 0.9496550605738722
4 29 6 14 58210 1.07759057102047
26 21 23 7 34403 1.0914109369698535
28 17 2 14 67941 0.9896597880345772
24 7 13 7 34856 0.9521161204683233
0 3 16 26 112071 1.0288047386716426
1 24 4 16 53514 1.0891007034774267
25 28 4 25 47189 0.9946043126933931
21 16 16 29 42027 1.0079394217750572
4 15 22 14 62234 0.9030257434273595
15 21 26 26 35710 1.0495235637589355
1 28 19 17 70285 1.037865342821933
3 10 7 28 57018 1.085697157822665
12 12 1 22 56386 1.0440886698779934
4 0 16 18 83876 0.9210679878344857
17 1 8 12 51103 1.0865807827179308
13 24 4 11 61562 1.0290443705745318
17 23 19 4 38292 0.9323014891738842
28 20 8 21 45107 0.9083075527847421
23 12 4 17 62890 0.9597902458693491
22 26 29 15 36929 1.0382674744981373
14 27 17 18 29259 1.0483461867835029
29 27 16 9 57610 0.9262764572177122
5 2 18 18 74866 1.0448799388742342
13 2 1 10 66026 1.0579160539843822
13 9 4 0 63128 1.052041746088283
7 9 13 19 34107 1.0574139053313905
9 17 14 10 45784 1.0777698692802609
9 9 13 25 60470 1.0610453446048285
15 8 26 7 40566 0.9157020219372584
27 19 0 21 52970 0.9220994687437661
11 6 5 22 72176 0.9137286561169499
16 26 24 16 42165 0.9939538325743276
11 26 14 3 77928 0.989721923621445
26 5 15 3 53818 0.9540144466486101
26 3 21 15 39710 0.962807883568005
29 3 17 6 51151 0.9192873813741792
24 23 7 28 38200 1.0924491747320542
10 0 16 25 84570 0.947509163494582
1 23 12 21 24903 1.008769548063732
20 8 23 18 41265 1.0888687007167746
4 28 18 29 55882 0.9817475256819604
6 20 21 21 35715 1.0451239298995103
15 26 29 15 46158 1.0864389607318714
1 12 14 0 79507 0.9969286163880442
12 29 26 5 71815 0.948163293283055
2 24 9 4 79232 1.0644285339931727
15 2 22 26 72325 1.0255536796307783
28 6 21 14 38009 0.950721001051043
8 26 12 18 33690 0.9565435932678121
21 4 11 3 57352 1.0495000170171003
21 5 5 13 74112 0.9643827495115379
29 6 17 16 53582 1.082776539204856
19 21 16 10 27897 0.9687864668723072
11 15 23 20 36574 0.9018471001170073
6 27 28 16 64295 0.9928871347939872
2 29 28 19 77393 1.0717515731930338
21 24 0 16 59594 0.9320180461164902
24 7 8 25 61893 0.9695784975102198
13 21 20 13 41639 0.9022244488550878
2 21 29 14 62808 0.9559155424492375
29 8 11 14 69549 1.0664824592831919
12 17 3 10 48621 0.925628268389963
0 0 25 6 112142 0.9734710120686472
29 5 12 9 64496 1.0535472069630623
12 25 5 1 87933 0.9777204335093096
17 12 7 15 39201 1.0523688842709613
2 1 20 12 98762 1.0619652547061285
12 7 29 14 63726 1.0483992391807733
2 6 8 27 78993 1.0247522386368004
0 14 0 27 79890 1.0244313001077976
17 7 17 25 35116 1.0970965231830478
23 11 11 27 66833 1.0592478895748316
12 4 2 10 49396 0.9684447854045497
15 5 21 19 44828 1.0052806054941417
11 0 2 26 102120 0.9246346576220056
4 1 6 27 99506 0.9835154615813811
19 2 15 20 43781 0.967006338135862
24 16 13 19 30474 0.9480372901029638
29 10 5 20 64072 0.9538758152330399
22 27 5 1 110679 1.0552887980447734
22 11 11 29 72565 1.079747644291751
23 1 27 25 56406 0.9768354422174783
6 11 16 2 59801 0.9980089309605897
5 27 28 4 95839 0.9132612599585055
25 17 25 2 21637 0.967571973230225
27 18 10 6 68782 1.0960185298634142
13 5 10 15 47753 0.9816205404520657
9 6 24 6 58429 0.9387157332993596
5 13 15 10 43213 0.9814053692131363
14 13 2 12 43257 1.0312521798768508
21 29 10 4 88057 1.0023743708957027
22 22 25 29 18531 0.9051981834491879
27 7 22 0 30904 0.9243360525810486
23 9 11 4 58216 1.0869319931272603
6 7 19 17 56614 1.0354571465331386
6 7 25 0 69865 0.9736423750910776
21 7 10 20 44604 1.0263613777904492
26 3 15 22 54574 0.9235690915004964
4 29 19 24 53499 0.9502215327926372
17 25 21 13 35299 0.9951527386874809
1 5 14 17 80975 0.9771295432641895
23 12 14 10 30751 1.0858933483974793
22 4 21 27 69360 1.083046419051937
3 12 16 12 41922 0.929344530624612
28 18 29 5 32314 0.938635768034129
7 1 20 0 66602 0.9046301145743955
6 0 16 16 81337 0.9771186987616111
11 18 24 4 55960 0.9920898442190633
4 11 29 20 70790 0.9390902376037358
5 2 29 1 113188 1.060245013707273
1 3 28 0 124405 1.0412541182699961
10 3 28 16 85730 0.939858684579019
25 9 0 14 79799 0.9293598403920681
21 27 29 23 25832 0.9997841111828212
23 7 14 26 56982 0.9866940901712794
8 2 25 14 84741 1.0036142241168333
27 29 26 12 40381 0.9269199850749655
24 23 17 4 44646 0.9037492865893857
10 0 17 19 71159 1.0438586191026644
2 16 24 17 59062 0.9613969421484337
18 12 14 29 45120 0.9190126523051784
6 15 11 5 51367 1.0696310011804164
14 17 29 22 37530 1.0425864516420367
15 19 27 20 23857 1.0477682195394349
2 1 20 8 95760 1.0010462017986423
5 14 15 24 46965 1.017583456046408
5 18 8 1 59613 1.088106962848702
19 1 11 20 52205 1.0000955040704043
22 4 3 22 85030 0.9712988059224217
27 9 3 20 63508 1.0637497278882828
19 14 4 4 82947 1.0255462702987586
4 24 19 27 41831 1.079714824176528
23 24 26 14 24035 0.937701633410684
23 0 0 13 107985 1.0324609072337574
1 25 17 27 42905 0.9616248571600582
11 2 3 20 78195 1.0312593512014423
0 14 22 13 81982 1.009915267826746
17 29 24 4 59373 0.9975000002248613
18 10 20 1 29754 1.0514424609148885
1 26 21 15 70637 1.0228260375149774
5 10 22 16 66340 1.0377296121323076
10 3 28 27 94213 0.935626441627585
1 18 7 11 34707 0.9646921260925247
27 22 25 0 41537 0.922137508297118
2 20 5 5 63942 0.9939004159016066
23 2 7 2 83882 0.9126711721963922
3 19 28 1 78346 0.9318068784607763
13 20 1 22 39836 1.0039597243843368
14 28 15 4 74269 0.9444211684061723
3 10 15 14 50431 0.9500876972524466
19 6 9 15 54812 1.033698051030928
28 21 18 28 29501 1.0247747234432807
11 14 28 28 64351 0.9331525862225847
12 17 6 11 39619 1.0635200503728501
7 7 16 18 50116 1.054686279479038
13 9 1 8 54650 1.0638462064139644
3 7 16 13 62398 1.0591781755874592
28 14 12 13 55638 0.9755737211498658
0 29 20 15 86182 1.0152483362540163
26 1 10 18 60618 0.9080847217395352
10 26 25 17 42591 1.0209252955643615
23 22 13 23 18395 0.9560212124145935
20 10 28 20 34860 1.098263658913883
22 16 5 10 66340 0.9121524614203117
11 14 12 25 38176 1.038043675260128
8 24 23 26 41346 0.918856166352845
21 21 12 10 45743 0.9329698208266238
4 18 13 5 67438 0.9112929476297901
14 21 23 10 41977 1.090451355144131
16 27 0 14 75638 0.9287687856931377
13 22 7 6 56325 1.0874634281864286
21 28 6 25 45956 0.9780493017958423
21 15 15 24 36374 0.9491177029154803
8 18 18 20 21286 1.0893340412352766
1 6 5 18 60884 1.0468980952947537
10 4 16 26 76936 1.0393090220287875
13 28 13 8 74299 0.9010107356246266
21 7 1 27 87342 1.0754591173641939
25 7 21 26 40029 0.9858180532332641
17 24 5 9 60566 1.07247137920637
1 11 3 3 48630 1.0735559703035988
13 6 7 26 73246 0.9635044995685383
3 15 21 0 87931 0.9463384849253041
16 26 10 10 58748 0.9858974178135467
22 18 29 25 27425 1.0179843793600956
15 15 5 24 50184 1.0115110049467144
6 20 3 2 75942 1.0849969138413622
10 28 7 8 61217 0.9805532950126687
21 19 29 27 27543 0.926656450361048
22 12 12 29 60171 0.9736227436367615
23 5 14 1 56145 1.0765284649896465
5 4 9 23 68782 1.077268986318791
12 2 7 19 61216 0.9222917116041449
5 26 19 26 44027 0.9221312072951837
19 17 7 26 38863 0.9097403624619937
15 29 29 26 48326 1.0856657749976117
20 7 23 0 35820 1.051629983633573
25 29 17 20 26288 1.0421634482874307
2 15 4 28 67890 0.9812856143789669
7 29 24 1 82104 0.9626452888192868
18 14 4 25 45452 1.0835158658865578
15 21 2 8 71661 0.9020501251887226
16 3 11 27 72745 0.9066473665519967
12 0 4 13 69101 0.9340937870217827
5 11 18 13 50983 1.0315339899464333
0 0 4 13 83970 1.0295811010869147
29 12 17 6 46079 0.9294532342462593
21 5 10 28 75463 1.0386929563166396
6 27 17 9 61377 0.9420750255238775
10 21 27 3 65038 0.929594034306556
25 4 16 27 54374 1.075701712417026
6 0 14 11 56144 1.0310781761903356
17 10 1 27 75355 1.034292756220141
28 13 17 1 55192 1.0666899194564456
23 9 22 22 38741 0.9446594504365962
20 10 5 0 74615 0.9965196114799195
7 22 14 2 71809 1.0384738947426055
0 21 25 12 60542 1.0757926992313176
16 6 2 16 71604 1.0073440126193456
28 12 27 26 40589 1.0329437684529341
21 23 1 10 67933 1.0060378657021216
0 28 10 10 82158 1.0447013340203353
19 3 23 27 61375 1.044941834288233
22 8 15 13 41149 1.026111695997461
20 8 3 20 55668 0.985308348859437
16 27 7 12 54857 0.9063142026051977
11 29 1 0 121839 1.0510986909569795
12 17 26 21 35739 1.0502950068444112
16 27 16 12 42143 1.0244417089671296
16 21 27 9 50562 1.0777745001761554
8 7 28 26 79914 1.0214333721766546
3 13 15 2 77652 0.9166077844920807
28 1 27 20 53834 1.057378716536702
26 6 8 13 74858 0.9692339235494616
18 27 11 17 36873 1.0143209370851352
1 24 12 27 38710 1.0085236270261209
4 2 8 12 49781 0.9039288361181894
10 15 22 28 59840 1.005866942674047
26 1 6 29 87581 0.9133739974243238
8 24 12 18 28614 1.0053963211316754
3 29 26 2 100654 1.0486621402980898
17 22 7 8 48749 0.902462414045212
5 16 25 11 60548 0.9900083337271915
3 26 12 0 96840 1.0851145259439257
25 21 22 10 24256 0.9915703948243019
26 25 10 29 51558 0.9831952892953149
11 26 11 12 54183 1.0944466937402195
8 21 5 2 70396 0.9034137901374283
1 12 15 24 65594 1.0290592748614873
3 26 13 12 61921 0.9664000630461815
27 12 12 8 53606 0.9935774220086764
2 2 17 23 95815 1.0958944572353027
29 16 27 27 36722 1.0835973246426143
0 21 11 29 57694 1.000416658069178
18 15 10 1 61664 1.0751676972183766
23 7 20 14 34729 0.9290895086588541
22 22 3 0 102552 1.032409097649163
14 6 25 25 55591 0.9657231330380246
19 16 11 5 51555 1.0802152783241301
18 28 7 13 46253 0.9330988814619642
20 0 13 17 59996 1.0979094425421114
11 8 8 18 45078 0.9755687503942493
13 25 16 15 36011 0.9904393884938306
15 16 0 3 101560 1.036996923842361
25 12 4 7 72449 1.0072091689591327
4 8 16 27 83995 0.9097635674003476
21 22 5 13 57541 1.0227684608773233
16 19 27 14 28441 0.9815748987971938
0 21 1 6 80290 0.9821555337021125
0 0 11 21 103509 1.0493938292049234
15 29 13 10 61384 1.0998342671219363
23 19 26 0 36028 0.9885118054040242
23 21 10 19 25962 0.9182412417626026
5 13 1 22 55235 0.9061858950481579
0 13 14 29 85079 1.0061407126693303
13 21 24 29 45827 1.0238901612786067
12 6 21 12 39274 1.067043298430908
15 26 11 3 77948 0.9327303235607883
28 17 7 28 55642 0.9752666669987831
4 12 25 12 64548 1.0840433135300507
4 27 28 2 104240 1.021083776654319
11 3 28 3 80547 0.9490164824705515
23 9 2 11 72265 0.9291758268256143
10 3 25 11 66749 1.0183553933815193
24 3 27 27 55088 1.0290445748440233
29 21 10 16 45776 1.0175400065402236
18 4 20 26 46595 1.0924693290915974
0 21 13 17 43441 1.037363021339762
23 20 18 28 27388 0.9397699121021055
0 5 13 26 99140 0.9329533222941302
9 12 22 1 75000 0.9241334690588269
14 25 17 6 44777 0.9226880198764851
6 1 26 8 89542 1.0676597670189696
25 16 7 9 56787 0.987425060183144
10 10 27 22 63514 0.9158562384742387
26 5 4 1 108318 0.9194729009016951
16 10 19 27 38766 1.029202353515304
10 25 25 8 52320 0.9216498724039097
5 4 18 0 70696 1.0392052259787516
9 23 27 17 43934 1.0333422420244351
18 3 8 24 54916 0.952422795125178
12 1 27 14 75304 1.0914182396688006
4 16 8 26 50727 1.067455869185925
19 14 20 3 32295 1.0776720630337697
3 28 24 25 62942 1.0266717882676086
15 21 10 2 79367 0.9884679082154361
8 20 23 12 47795 1.0241978638260425
14 23 11 5 64637 1.0640596736888708
5 11 11 1 65554 1.0321645653045461
12 0 28 2 86133 1.0288648800952673
21 8 13 3 44401 1.0792824847013123
16 7 25 2 35436 0.9740679230375203
23 7 12 13 46935 1.0458560331455948
8 13 24 18 52311 0.9881414012407621
25 19 1 0 105884 0.933112511220605
17 21 16 4 43065 0.9303635925974663
19 15 22 7 30460 1.0033848988684937
12 9 6 19 40385 0.9236644285490454
28 9 18 26 48255 0.9426767556751772
3 2 3 13 55304 0.9467311685086666
4 10 10 24 50326 0.9625565891978987
23 22 8 3 80539 1.059820301432312
25 8 7 18 45709 0.9709865234796651
11 13 7 2 47206 0.9926648735888923
29 0 20 19 54553 0.9216138661652155
9 4 21 27 88519 0.9407030946623074
0 13 7 24 56693 1.0782033681393393
7 21 3 0 74708 0.9489648395586621
25 22 7 4 70630 0.9458685488876186
17 1 7 0 51013 1.0323352861059971
19 14 6 5 63622 0.9760122006861377
21 1 15 29 81569 0.945008994537421
0 2 6 25 100536 0.9090689037566475
1 10 24 12 73063 1.0651683626975126
21 23 17 4 40327 1.0662581346604223
4 21 8 13 43270 0.9548770698530367
2 23 11 0 87876 1.0757772516040354
22 2 13 26 82274 1.0940169250534832
19 9 26 29 52254 0.946144142530662
16 26 3 21 45921 1.0051418564707855
16 27 9 22 33846 1.0535083346511707
3 26 22 6 82111 1.0208824235055582
28 20 24 12 21496 1.023691181219598
13 2 4 25 90651 0.956274033163649
25 26 28 11 33259 0.9855145083506832
11 8 19 25 58147 1.0200913640479932
3 16 11 5 69060 1.0814582746010868
29 26 27 6 49436 0.9443820354674474
28 11 7 11 68144 0.9444594024136459
18 29 29 9 54870 1.0528183548200492
26 20 24 12 20196 0.948035403789386
11 9 19 0 48489 0.976500242467688
2 4 22 13 93106 0.9412821815328724
18 26 4 24 35990 0.9943310118474639
18 16 25 23 22177 0.9694895572031571
5 8 17 20 56780 1.0905923502385237
1 21 18 26 46875 1.0588204962368128
18 25 11 20 25887 1.0039846095726075
28 4 13 12 63565 0.9079693992013346
0 16 7 21 35150 1.0792373036994025
27 6 28 19 35277 0.9838737412473587
20 25 3 29 61756 0.9315696326090426
4 7 13 21 61488 0.99276486838266
3 25 19 28 46248 0.9819714222607016
8 27 24 19 50882 0.9891820842631018
28 10 2 14 81125 1.0571556573677112
20 26 18 17 25486 0.9822828568403689
18 16 23 28 39060 1.0484117729376978
5 25 14 8 67664 1.0181931291254442
4 23 15 2 75829 0.9165493656391479
7 26 13 18 30623 1.0950278639326938
29 21 16 29 39622 0.9012834595351417
24 28 15 11 56714 1.0780323719268172
20 23 4 25 33445 1.0543513254928967
10 4 18 12 44135 1.0947954390021524
29 17 18 9 39218 0.9323834240837282
16 25 4 14 51955 1.060456095315016
16 25 18 16 20153 1.010263190147585
16 18 15 9 31014 1.0715105632665396
16 29 27 5 69789 1.0006253148075681
25 18 13 18 25211 1.0351272705655241
1 24 11 26 38648 1.02483684925929
8 25 15 12 52795 1.0446750929839723
6 23 26 16 46149 1.0533171760929227
23 10 12 19 37397 1.0271389014769245
21 1 9 9 66736 1.0111898566554496
19 4 1 24 71688 0.9209373817067457
10 27 11 7 72018 1.0052582470730917
23 0 29 8 35535 1.0981132367227318
12 24 20 17 33365 0.9694426921546895
5 24 19 23 30541 0.9986381425996089
12 5 22 20 56713 0.9919970506953094
0 10 22 25 80220 1.051346908661546
7 10 16 5 45921 0.9613507297063109
9 11 20 18 50538 1.0215964371241337
28 11 19 4 45302 1.085395161336268
17 13 12 29 47902 1.0790706781720365
15 3 9 29 90013 1.0803655040489657
20 18 21 3 45495 0.9296730943290978
11 29 3 16 64434 0.987137945091288
26 29 26 6 46928 0.915965301492509
3 1 16 10 77941 1.0060601184335007
8 12 29 11 70467 1.0961385363540972
29 11 11 11 62151 0.9369422310787789
6 21 17 7 50613 1.0816776970353152
1 5 25 4 94423 1.0664127734354298
1 13 26 27 86067 0.9163942786696061
26 12 23 26 31259 1.0672587473819637
4 11 16 10 43708 1.0272189795279276
26 14 15 11 44096 1.0782691494395142
28 27 8 25 51336 1.085989453154465
8 0 14 7 46986 1.0578132406509173
18 25 2 26 43878 0.9946113070761635
27 12 23 21 28385 0.9520696542218785
21 28 1 29 84077 1.066874300987807
8 14 27 2 81190 0.9184561883371941
20 23 4 14 48108 1.0589148073678076
22 23 0 5 93369 0.9686140859773222
10 25 16 12 45599 1.0548731399364404
4 8 13 6 43747 1.0489804562477596
8 1 8 15 50405 1.0265033671028796
13 17 6 1 75743 0.9742220804767325
11 8 19 17 47496 1.0010821214403893
17 14 16 5 25227 1.0613488421339614
26 26 16 16 42552 1.0387350816449294
3 8 24 19 69473 1.026541684959562
9 17 22 23 35799 1.051228195520224
26 15 22 21 27246 0.9337195528752209
5 19 21 4 59195 0.9634753456963683
25 6 12 6 45548 1.0128565793016993
2 17 18 23 40293 1.0738106191210368
8 27 15 20 44167 1.0213830934226356
3 29 15 6 94364 0.9486372845359035
12 4 21 2 53670 0.9818066987470265
13 14 16 5 39768 1.0900184359588523
0 1 20 5 108060 0.9611092087876286
3 4 0 28 109930 1.0514557315290403
23 4 1 29 114683 0.9347803416085325
20 7 26 11 28077 1.0998453133885118
26 10 4 5 88625 1.0592653568896444
8 19 15 28 39903 0.9247169611072396
6 20 16 15 34513 1.0578283918491767
14 13 14 27 49348 1.0424885099086407
5 7 26 27 82535 1.0541497488135638
18 6 9 23 41786 0.9626658845341205
8 25 22 10 57918 0.931738871465927
26 26 4 19 47376 0.9583813238074111
27 4 19 10 40805 1.0282196394176486
23 0 11 19 58756 0.903815268271858
1 10 6 0 50850 1.0503574428384832
20 19 1 6 76057 1.0879065991930095
17 2 27 24 58948 1.0945821976323982
14 2 24 13 61200 0.9517373510248093
3 23 23 0 77652 0.9287271934246661
22 29 4 29 80614 1.017666068942236
22 15 12 4 57745 1.0337489624057672
0 12 28 21 78508 0.9012181915165404
10 3 27 25 86235 0.9790500621634467
12 22 14 3 62719 0.9099957303123434
6 15 9 3 47990 0.9619908180343223
29 21 9 6 76804 1.0687057001918154
1 6 12 14 61783 1.0073384877833782
26 6 10 12 62205 1.0631886519923404
19 13 15 24 31238 0.9979678200832434
19 23 25 29 17230 0.9396807926696551
1 1 18 4 95143 0.9684613747580801
25 24 5 9 70338 1.0769123529147748
11 7 17 22 49642 0.9529383105776067
4 11 15 23 57904 1.0979792041217356
20 11 13 6 39092 0.976486070028076
17 1 11 5 40729 1.0694519777078644
11 18 2 16 35772 0.9819981561454677
11 8 24 16 67031 1.0637221924031912
3 11 10 28 69117 1.082951376831457
23 18 9 18 29226 0.9069422541272725
0 19 11 21 30496 0.9671187133519334
18 25 1 12 63339 1.0192119231273082
23 21 14 2 64234 0.9084438872804617
23 25 9 8 72974 1.0253593240640018
17 18 13 10 28382 0.9235551737301383
7 21 0 1 94253 0.9451451602827492
8 21 11 3 74360 1.0911122579564727
14 14 23 22 40133 0.9025168083635581
7 0 19 23 72834 0.9067683018850642
28 10 17 21 41094 0.9144213555239314
1 29 14 28 67467 1.04207345750745
10 14 16 19 28301 0.9222283138452624
24 12 17 4 35971 1.015611690246713
2 16 20 7 65570 1.0946235952664713
17 6 11 24 50703 0.9886910011042602
1 4 13 4 72220 1.0209873845154316
2 23 4 15 43137 1.0537992554280988
20 0 0 20 73204 1.0004552243867573
21 25 3 27 53525 1.0725178249095793
2 4 6 24 81119 0.9404044163930916
12 7 17 18 37698 0.9545421013578922
25 17 23 5 29094 1.0774578751229436
29 29 16 10 56613 0.9650818261888988
25 26 29 9 38249 1.0666825817691417
29 9 17 6 45582 1.0201302276866835
26 11 11 4 66780 1.00193650248819
6 4 4 27 85470 0.9173792040457264
27 14 2 5 98195 1.013088498573085
28 16 10 3 85730 0.9514010934218672
25 11 19 5 30474 1.0165941873500413
15 23 27 3 54864 1.044969726440377
14 4 22 24 60400 0.9833629698740051
11 20 28 18 34827 1.0839829411659985
22 4 5 24 84852 0.9310088932069401
11 28 7 6 71591 1.0350260379728666
9 29 24 20 60849 1.0152007192949801
8 8 16 28 70894 0.9438278470129443
9 3 27 8 81292 1.0586321488270976
5 28 5 17 49754 1.0905929093055229
3 17 28 24 55504 0.924626791598445
14 29 11 16 52182 1.017285561991027
25 20 18 3 38707 1.0248514232941734
13 7 4 28 86556 0.9537899036221427
2 23 26 28 47642 1.0572790362198712
19 4 18 28 46215 1.0531579081583253
29 6 15 5 58635 0.9262485162379513
12 12 10 25 44861 1.031843019448834
1 5 28 21 101089 1.0427354922028134
17 26 24 3 52144 0.9534092784811738
21 1 26 11 44658 0.9692390525715785
4 21 23 14 61698 0.946439942608364
26 21 28 11 33034 0.9576619449075089
6 26 17 29 42183 1.0455426011447906
9 26 21 19 39159 1.0030592129530487
11 21 27 7 57963 1.0088300307517502
7 6 25 15 66849 0.9095565440693559
12 15 18 4 40806 0.9144381050475544
28 5 20 7 32062 0.9411436980979725
28 26 22 5 58452 0.9152688348696657
5 4 24 15 92624 1.0813372587310663
22 1 4 25 94303 1.050322048134757
12 7 27 9 56092 1.055585197478393
15 5 24 29 71866 0.9656549541213606
15 19 11 11 35493 0.990129707333737
13 13 6 5 53197 1.0269309465118388
15 15 17 6 26553 1.0479110395943563
21 1 21 25 67303 1.0802350816245503
16 7 1 3 71980 0.9358607591307125
8 19 13 26 32994 0.9498736500550096
4 20 28 13 59838 1.009747425057867
26 17 22 5 44120 0.9190385721646684
17 15 5 13 50367 0.9843960033331152
20 10 1 21 58811 0.9359492084903029
23 17 7 22 38235 0.9109546450096743
3 1 26 20 106656 0.9077863428829018
0 7 17 19 66887 1.0117692987686695
20 9 3 8 65715 1.0793396449218635
20 1 10 13 62555 0.9100395190683556
22 0 21 25 60695 1.058910711853994
28 15 19 8 41972 1.0309412021230595
15 19 1 22 38952 1.0074912178133644
22 19 7 22 29052 1.0650237732344099
6 1 19 3 71448 1.0373757108807626
4 12 15 4 63291 0.9558057223772976
13 2 4 11 64065 0.9456263308570364
21 16 13 1 70529 0.9615060029017328
7 10 24 18 52481 0.9688708953723284
7 13 16 26 49948 0.9096852445209502
2 20 15 18 29219 1.0492612444560196
3 17 26 11 61252 1.0629739112131784
15 11 27 17 54112 0.9252660977345751
10 16 2 3 73708 1.0965133166479115
10 0 27 14 87778 1.0669602993731209
10 23 24 21 31458 0.9881226098199871
5 16 11 5 63470 1.0309115952071444
0 12 29 4 106850 0.9527643874065035
20 4 3 25 77116 1.0891090552306335
6 11 25 20 53843 1.0337980243080254
14 1 4 16 84793 0.9429987343586754
4 20 19 13 42853 0.9874593685255995
15 11 21 3 41580 1.0156220954619777
20 29 22 18 39947 1.0520708187975054
8 27 17 18 43414 1.0054778187847542
24 26 6 17 55118 0.9809973520202622
0 9 21 4 86189 1.0396176250635245
22 12 14 24 41432 0.9251838045692637
15 20 21 28 37227 1.0172478720283622
27 23 11 22 30759 1.0277411251880086
13 6 17 21 48827 0.96481027734834
0 20 27 2 82056 0.9122532544886409
8 0 11 29 97491 1.0390396672306057
8 10 21 2 60078 0.9773174863350003
15 2 11 21 67929 1.0252614839148393
9 25 5 7 56715 1.024705272499221
3 25 21 0 85429 0.909979306659
8 28 8 13 49395 0.9063798025226523
27 25 14 25 31868 1.0505986665940947
22 29 4 19 57618 0.9169403939142691
4 2 19 28 99964 0.9500871516664215
27 29 26 8 48749 0.9007678057097382
25 3 14 2 57072 0.9629942048938609
1 26 27 0 96570 0.9488961104112291
16 7 28 29 66019 0.9739668765452208
3 4 13 10 54751 1.086990648743059
29 6 6 29 87639 0.9651723175393869
18 14 2 25 50099 0.9828429820627701
7 12 23 3 73605 1.023788526224673
21 4 8 5 65365 0.9457906774965303
24 22 23 13 28752 0.9545720544248852
19 22 29 14 34151 1.0919953806227967
12 20 7 10 32728 1.0200487780986098
20 5 26 14 41792 0.9876373341727974
13 7 12 21 47845 0.9889294447597767
25 23 2 22 41630 1.035183247995934
13 9 2 18 58055 0.9770193781377323
2 21 10 24 28685 0.9266118645927014
1 8 17 17 72836 1.0623316262809956
21 22 14 7 46506 0.9638589633092953
3 5 14 25 82392 1.0313479785538977
13 23 19 16 23726 1.0577281216571934
13 10 11 21 44729 1.0836170130176572
28 1 8 16 86574 1.0589596820487597
13 12 3 3 65394 1.0035566263423568
29 23 12 15 43494 1.0995967395928155
8 14 25 16 47417 0.9070642510863255
16 7 0 12 64913 0.949366909283181
21 15 13 2 61133 0.9365034268127895
19 9 2 24 58626 1.0685638288531707
0 22 2 10 66807 0.9530733880271207
22 8 7 2 67076 0.989710668219127
19 29 25 22 25230 1.020285367088649
18 20 1 7 67086 0.9098790952249701
15 5 16 23 49464 0.9414347594362811
9 23 26 8 51607 1.0911971114932464
8 2 28 19 82043 0.9813963511682636
16 4 21 15 42815 0.9809668269074299
11 14 9 23 36491 1.0749343673740037
20 8 17 28 47832 0.9195534868167126
13 27 27 23 40627 0.9994168409832298
19 25 9 20 30007 1.082112266451752
18 27 5 9 66285 1.0617821690410119
9 27 13 17 49273 1.0661439771146342
8 10 29 7 67475 0.9273271048826816
22 10 0 15 77842 0.9089575932564448
24 27 27 19 21696 1.0969636824223632
4 27 14 25 39596 1.0823858370259385
8 12 27 24 61726 1.04624702411885
14 20 2 28 56113 1.0004954226173335
23 3 8 0 80161 1.0455959134516157
19 7 25 1 27426 0.9187241852835615
27 4 22 25 52798 0.9777202987568618
2 8 21 7 66663 0.9402059238203593
11 28 25 7 64114 1.0517669082477734
0 10 28 26 90351 0.966318734845042
3 21 7 14 28560 1.0328568515749517
3 0 19 22 94149 1.050997452592317
25 15 15 15 36425 1.002545636804795
7 1 26 15 84549 1.0527149590866764
18 16 8 4 65429 1.0770693952885395
0 12 14 11 50090 1.080140736699632
26 12 4 13 71241 1.0347466941480854
0 23 6 27 30040 1.0949058653373143
0 2 27 8 122481 0.9559669653959668
0 18 7 0 66638 0.9839535594538246
17 14 8 12 34061 1.0426414910005606
11 22 21 16 38654 1.0404774609415481
4 2 1 29 119668 1.0396459713732902
17 19 8 22 27376 1.0881225346445964
25 5 1 22 71465 0.9942732117480672
3 27 19 16 58720 0.907125601713568
5 9 17 15 53915 1.0927234964144485
27 6 15 22 55833 1.050658179302642
19 4 19 29 53433 0.9384744376529568
6 12 20 24 52788 0.9109358267619678
15 16 19 24 30297 1.012556024598394
2 15 16 7 70393 1.0710168634293278
15 29 9 12 69476 0.9222291241570878
22 18 7 29 49533 0.9598344302501893
0 4 14 5 70747 1.0997526924867898
23 28 15 12 56191 0.9265258185222285
28 26 15 11 58209 1.0859950411631807
21 1 5 12 77971 1.0393076295646608
14 18 14 4 48722 1.0007835544233132
2 6 4 23 67017 0.9465606127493168
6 28 10 18 35626 0.9662074594898403
18 2 28 27 61695 1.0431442416525636
15 13 5 14 40869 1.0134371150503592
0 5 17 14 80995 0.9791783079860528
21 9 5 21 62535 1.0220498097258313
9 24 27 27 50235 1.091358985479536
0 16 16 7 71152 1.0395689549502876
27 19 12 15 35092 1.0099644598277702
12 10 24 25 54551 0.9051551200217834
2 0 27 8 113398 0.9070492218713978
0 1 12 18 99482 1.085260000272386
1 17 13 17 42591 0.9001263436179151
24 12 7 24 50240 1.0564907367135197
29 11 18 18 37512 1.065418123238619
28 16 13 13 57694 1.035807721589363
18 10 11 29 56320 0.9910173392590935
8 13 20 9 53403 1.09652301621026
17 9 17 24 29354 0.9742550882742659
17 26 5 14 47185 1.0377961425981928
12 0 4 5 58584 1.0409194736449707
7 21 17 5 47819 1.0388756703285054
21 8 11 23 48980 1.028919966800411
18 27 12 1 71718 1.0199293175819353
16 15 6 14 39907 1.0760790011025385
9 16 11 24 43053 0.9733730054925834
19 5 10 22 50170 0.9570599085583726
3 8 6 25 61910 0.9477123216347848
27 13 12 3 70675 1.0183626030920052
22 7 6 21 60462 1.097107128355775
5 5 17 2 62128 1.0308212556150707
22 20 15 14 31171 1.0302998219785608
17 2 12 27 61770 1.0669477076640654
10 21 8 29 33526 0.9482668412328453
15 8 14 25 53334 1.0828240162952032
21 16 3 11 67367 1.0630057830188726
7 2 19 14 63880 1.0434627749596135
28 26 28 15 32354 0.9753410531436228
6 29 12 13 55889 0.9097122291577485
5 19 3 0 72483 0.9746261545749937
22 28 5 21 62779 1.0548056478177072
11 11 2 1 75279 0.9159342817618074
9 29 26 9 78314 1.0642845025787655
19 22 12 14 32916 1.0843543021167
15 6 25 17 49712 1.0466673689368309
20 24 10 4 73350 1.096252894078148
19 4 28 8 40191 0.9545848612861855
17 19 25 14 20309 1.0834179286153902
16 2 22 19 46070 0.9275225464538305
5 11 17 26 60090 0.9243798608100636
26 1 6 9 81952 1.008305162875805
9 21 10 2 76481 0.9871326497722913
10 28 10 15 50791 1.0151383171683166
24 8 18 27 46473 0.9172795664887868
10 2 22 9 67639 1.0824690572161713
16 12 6 27 60094 0.971695721780546
18 1 9 15 58616 1.0322228742383366
12 14 29 21 46509 1.0069642103245675
13 27 18 16 39589 0.9022748246355431
8 29 5 19 33516 1.0267553334861612
19 1 25 24 55141 0.9145474666390078
11 3 28 24 80091 0.9297080452031977
25 11 1 11 79620 0.9815968943174015
29 29 11 26 54979 0.9948735168016092
20 14 4 10 54957 1.0386860293551012
13 29 28 11 71399 1.098672456314642
3 6 8 21 61913 0.9521283301007807
27 12 17 20 32016 1.077939712284492
8 22 21 25 32944 1.0817377265006303
12 2 10 27 84499 0.981835755474054
15 20 28 21 31428 1.0062942112617195
24 2 27 14 31137 0.9911702495019985
13 23 13 12 38608 1.0862708522862339
5 5 11 14 52495 0.9174829809142733
0 0 16 22 110148 0.9462555092853435
10 11 28 6 64531 0.948236788876908
15 10 24 17 43592 0.948524637119518
8 5 14 18 57450 1.022519667031984
1 27 0 4 114718 0.9380320039669374
24 16 3 22 57371 1.097766903350754
4 27 6 11 63624 1.0737276918885073
26 0 1 0 119792 1.0233258977470832
26 16 2 2 112164 1.0697959750483435
12 28 16 20 34489 0.9431314794146387
11 23 15 8 50698 0.9149763596968281
15 2 26 13 62017 1.0011377883758947
5 5 18 6 56905 0.913364764042064
22 1 13 25 79764 1.0500592499351438
13 8 0 9 55406 1.0935048667973966
8 0 27 27 106925 0.9782857266374179
16 15 7 14 36531 1.0246787249266882
10 23 22 9 51678 0.9623040098134853
29 2 6 3 100041 0.9017905277505274
11 15 26 0 68788 1.072648820212718
21 14 4 7 66731 0.9745736991643905
3 10 20 2 70496 0.9454201017648756
17 15 7 11 41344 0.9176485885557888
10 26 23 21 38296 0.9875691991249288
3 20 15 9 55392 1.0928465118021182
8 21 25 27 43416 1.05413845425803
0 15 27 6 93248 1.0505130987766857
8 1 1 13 65850 1.0712820023626375
3 16 28 0 90450 1.0596431283172065
12 27 0 13 75080 0.9597174221238255
28 12 4 7 81949 1.0459732260402208
9 4 25 21 78034 1.022193964522357
11 29 29 6 84603 1.093196491907484
18 10 3 29 74740 0.9929236812712207
24 23 29 12 29050 0.975680447328809
29 26 18 26 28777 1.0927831097143483
11 29 26 29 59476 1.0611052446638483
26 11 18 1 41293 0.9565632164633526
1 29 15 9 98974 0.9963709183144198
25 29 1 26 62615 0.9908180887127276
25 5 27 27 46762 0.9297430093020641
1 15 17 22 55442 1.0726096478358313
20 16 18 8 25598 0.9128512384967257
29 24 3 5 95537 0.9764283522159369
5 4 15 18 71806 1.0354771679487746
16 25 29 25 29017 1.0321680420222594
