2742 2126 2659 2392 2502 2572 2509 2172 2250 2231 2671 2588 2209 2349 2288 2509 2346 2772 2093 2772 2347 2856 5399 5892 5645 5342 5629 5564 5602
6800 4085 4202 4499 3834 4476 4033 4555 4486 4497 3717 4251 4203 3910 4325 3885 3996 3861 4442 3941 4450 4186 4540 4089 3920 3796 4422 3931 4488
3581 3416 3542 3760 3717 3902 3438 3907 3619 3304 3804 3184 3532 3318 3201 3487 3738 3591 3156 3560 3378 3298 3926 3816 5067 5611 5154 5215 5375
7539 6792 7266 7121 7518 7100 7013 7481 7541 7282 6868 7058 7195 6893 6815 6859 6742 7416 7155 3125 2991 3351 3379 2748 2860 3129 2912 3367 2805
4368 4198 4164 4511 4530 3928 4122 4388 4251 4035 4486 4164 4189 3971 4372 3845 4097 4561 4411 3936 4770 4337 4669 4941 5127 4463 4620 4635 4384
2678 2124 2404 2590 2562 2419 2906 2622 2512 2494 2868 2112 2247 2738 2936 2274 2786 2621 2382 2559 2352 7052 6800 6561 6715 7031 7170 6729 7179
4173 3744 3995 3957 4200 3751 3839 3648 3557 4011 4148 3878 3516 3394 3671 3729 3685 4113 3725 4177 4197 3368 4074 4094 3938 3521 4206 3567 3494
3102 3548 3136 3397 3313 3548 3555 3116 2995 3479 3377 3450 2958 3218 2819 3357 2773 2618 2978 2926 3114 3263 3195 3148 3314 2799 2630 3336 2673
1429 1860 1658 1255 1711 1715 1219 1829 1396 1972 3793 4018 4155 3967 3789 4453 3771 4375 4381 3869 4340 3940 3901 4372 3760 3755 4341 4108 3724
6102 5567 5548 6016 5921 6072 5427 5491 5494 6029 7630 7691 7295 7967 7607 8058 7843 7929 7740 7218 7311 7760 7538 7310 7313 7664 7638 7315 7334
4944 5384 5138 5227 5632 5096 4889 5280 5712 5313 5577 5340 5629 5648 5355 5284 5010 5135 8389 8627 8559 8872 8080 8723 8571 8147 8235 8418 8475
1755 2497 1927 2138 2066 2459 2046 1912 2260 2448 1904 2156 8307 8626 8071 8626 8770 8817 8098 8275 8797 8232 8105 8572 8617 8183 8332 8756 8399
7604 7286 7372 7547 7778 7393 7327 7655 6971 7215 7373 7219 7210 7711 7202 7553 7681 7331 7233 7304 7066 7452 7403 7412 7564 6957 7083 7703 7054
3883 3924 4509 3805 4230 4149 4096 4517 3908 4458 4053 3964 4439 3944 4644 4211 4479 3989 4217 4537 3977 4158 4349 4508 4495 4455 4185 4153 7492
5284 4668 4793 4858 4785 5002 5246 4754 4893 4799 4799 4814 5382 5084 5175 5163 4678 5014 5168 5421 4972 4964 5322 5037 5405 3741 3760 3503 3938
8114 7982 8104 8633 8546 8459 7968 5219 5267 5073 5036 5302 4745 5286 5010 4989 5058 4828 4877 4918 5445 5101 5381 5110 5159 5237 5086 4972 4805
1789 2279 1919 2100 1833 2153 2431 5072 5122 5789 5609 5276 5051 4967 5517 5332 5305 5759 5158 5087 5243 4985 5640 5281 5233 5332 5284 5460 5471
3329 3416 3812 3020 3229 3199 3817 3527 2999 3185 2604 2056 2643 2812 2088 2064 2050 2222 2232 2063 2052 2486 2351 2787 2255 2061 2144 2515 2753
6989 7234 7208 6884 7028 7322 7372 7191 6917 6394 6431 6702 6352 7152 7153 6959 7068 7077 6843 6869 6649 6541 7037 7181 6613 6862 6718 7074 6704
2079 2061 1830 1613 2051 1975 2346 2210 2097 2034 2232 2006 1757 1730 1822 2167 2035 2212 1767 1592 2200 2224 1648 2222 1780 2431 2215 2144 2235
8252 7719 8010 8640 8927 8643 8733 8206 8329 8309 8374 8732 8604 8370 8617 8212 8822 8124 8873 8225 8941 8724 8585 8812 8780 8639 8804 8906 8750
6530 6667 7015 6625 7227 6784 7124 7135 6947 7207 6853 2338 1750 2211 1692 2168 1877 2224 1917 2241 1863 2209 2168 2106 2262 1627 1727 2049 1667
4403 8056 7512 7685 7426 7525 7292 8037 7520 7479 7469 8073 8032 7664 7645 7392 7740 7513 7716 7844 7842 7567 7652 7777 7618 7999 7595 7587 7612
5826 5929 6105 6383 6598 6605 6015 6180 6088 6321 6080 6366 6361 6238 5861 3883 3727 3369 3562 3744 4127 4075 4169 3769 3530 3776 3471 3865 3582
8288 8253 8179 8522 8376 8856 8210 8474 8309 8515 8727 8490 8455 8126 8370 8817 8098 8221 8347 8064 8362 1612 1684 1301 1196 1481 1628 1845 1931
8304 8233 7768 8284 8130 7911 2599 2469 2791 2419 3079 2266 2670 2802 2910 2747 2740 3100 3069 2547 2970 2294 2886 2711 2353 2483 2348 2524 2590
7487 7290 7256 6965 7189 7536 7006 6889 7287 7376 7105 7256 7424 7390 7086 6761 7474 7291 7113 7305 6953 6991 7652 7743 7874 7179 7720 7345 7485
8714 5738 5499 5924 5918 5507 6055 5791 6112 5721 5589 5442 5638 6010 5507 6053 5457 6125 5925 5494 5699 5446 5661 5533 5639 5389 5742 5452 5955
8280 8229 3327 3518 2927 3163 3563 3224 3258 3175 3265 3624 3415 3707 3632 2929 3656 3465 3208 3092 3196 3529 3649 3752 3749 3449 3156 3300 3691
3867 3313 5745 6361 6462 6158 6307 6389 5671 5994 6414 5665 5895 6451 6032 6076 6122 5814 5674 6086 6222 6103 6274 6013 5989 6318 5921 6478 6220
4057 7785 4611 8735 2260 4993 6464 3784 7657 4445 3990 6194 3624 6141 5199 3307 7270 8659 2856 5603 7162 2785 6914 4485 6996 3347 3024 2285 4963 1593
3915 7629 4528 8968 2632 5112 6212 4074 7816 4574 3649 6331 3279 5959 5698 3280 6473 8640 2499 5389 6949 2976 7156 4859 6525 3415 2638 2757 4646 1696
4349 7815 4621 8881 2366 5936 6333 3733 8285 4763 3611 5780 3374 6310 5691 2860 6805 8793 2522 5541 7062 3165 6898 4626 7272 3055 3344 2803 5389 1739
1518 7358 4281 8215 2291 6071 6717 3809 7978 4160 3768 5935 3622 6211 5169 3666 7151 8638 2874 5320 7608 2678 7209 4794 7066 3331 2834 2127 5344 1187
1571 7287 4496 8155 2382 5931 6388 4063 8415 4142 3716 6003 3356 6534 5707 3359 6554 8621 2439 5461 7299 3345 7124 4184 7324 3093 3476 2818 5114 1930
1760 7166 4647 8774 2430 6078 6488 4385 7667 4477 4329 5666 3330 6327 5533 3587 7042 8551 3136 6005 7441 2645 7307 4656 7111 3202 2953 2192 5364 1590
1534 7799 4245 8751 2568 5971 6334 4422 8005 4624 3638 6292 3107 6650 5335 3579 6933 8363 2712 5480 7088 2901 7227 4432 6871 3383 3310 2503 5236 1223
1229 7639 4563 8390 2806 5955 6586 3955 7607 4396 4065 5830 3913 6478 5418 2918 7037 8471 3220 5350 7477 2880 7145 4243 6936 3663 3342 2177 5021 1142
1868 7752 4420 8838 2448 5800 6792 3915 7931 4487 3941 6137 3246 6633 5801 3010 6506 8630 2948 5627 6956 2907 6858 4568 6698 2378 3258 2797 5368 1858
1465 7554 4173 8462 2643 5892 6200 3736 7798 4471 4107 5564 3714 6263 5216 3163 6516 8127 2943 5829 6988 3291 7148 4292 7218 2397 2700 2206 5387 1284
1887 7766 4452 8373 2089 6229 6152 4109 8357 4401 4131 5849 3488 6987 5747 2891 6861 8425 2737 5690 6947 3191 6959 4635 6559 2152 3315 2552 4613 1129
1220 7170 4888 8808 2606 6463 6412 3928 7980 4449 6359 6366 3602 6232 6113 2865 6818 8077 2581 5666 7247 3333 6827 4412 7026 1928 3138 2344 4957 1631
1372 7263 4431 8376 2854 6179 6772 3802 8008 4641 6294 5696 3568 6264 6131 2845 6801 8754 2978 5634 7357 2887 7098 4462 6880 2020 3120 2378 5119 1609
1627 7193 4406 8522 2278 6186 6146 4364 8292 4115 6397 5562 3225 6255 5562 2934 6608 8322 3049 5535 7264 2788 7066 4506 7070 1974 3294 2293 4635 1496
1809 6985 4658 8724 2748 6358 6846 4247 7692 4345 6078 5587 3652 6867 5540 3639 6757 8226 2516 6071 7277 2582 6921 4297 6766 1940 3358 2412 4799 1149
1308 7538 8091 5319 2617 5754 5032 3941 7931 4215 6212 6315 3818 6561 5745 3638 7223 8475 3069 5597 7383 2644 7158 4830 7357 1806 2934 2572 4925 1357
1253 6875 8086 5336 2526 5648 5105 3724 7623 4185 6138 5719 3774 6258 6223 3437 6928 8704 2573 5710 7130 2647 6957 2462 7090 2203 5193 2353 4806 1881
1722 7274 7841 5778 6977 6177 5851 3696 7876 4146 6518 5799 3205 6913 5571 3139 6995 8296 2518 5522 7168 3719 7099 2452 6512 1967 5141 5748 4913 1228
1530 7364 7688 5341 7285 6195 5763 3699 3112 4530 6726 5996 3559 6835 6269 3379 6796 8825 2546 6100 6946 4442 7013 2555 6882 2486 5161 5899 5392 1220
1282 7380 8359 5921 7256 5922 5240 6760 3578 7524 6860 6366 3535 6542 6034 3286 6755 7173 1919 5353 6950 4129 6800 2614 6974 2121 5213 5749 3310 1764
1161 7191 8146 5377 7283 5745 5746 7389 3578 7422 6711 5748 3306 6965 6076 7750 7165 6575 1958 5862 7553 3779 1967 2012 6660 2420 5494 6163 3118 1737
1648 7027 7600 5474 7721 5899 5780 7285 3076 6860 6063 4632 3091 6566 6207 7622 4822 6572 1947 5731 6982 3752 1847 1919 7195 2234 4947 6092 3310 1216
1661 6854 8110 5562 7432 6179 5116 6746 3407 7400 6594 4850 3434 6279 6274 8043 4815 6402 1891 5318 2121 3884 2326 2307 6613 2321 5027 6030 3634 8078
1731 7191 8013 5280 7549 6389 5495 6804 3614 7402 6212 4650 3707 6938 5842 7483 5000 7132 2166 5494 2015 4117 2024 2544 6664 2256 5159 6260 3611 8108
1711 7528 7895 5946 7470 5856 5426 6972 2921 7456 6581 4842 4331 6359 5946 7947 4828 6618 2081 5570 2709 3825 1845 2432 7172 2434 5569 6090 3224 8136
1902 6808 7902 5321 7572 6067 5113 7087 3116 7096 6361 4506 4070 6598 6132 7571 5147 6401 2118 5704 2793 4326 2262 2524 6966 2557 5580 6324 3356 8283
1912 7220 7724 5315 6990 6076 5192 6959 3523 6833 6674 4881 4381 6464 5503 7649 5436 7033 2396 5455 2221 3928 1946 2176 6615 2371 5647 5819 3707 7955
1168 6890 7754 5736 7474 5872 5548 6865 3063 7209 6362 4936 3873 6667 5564 7707 4926 6419 2132 6879 2448 4019 2241 2568 6523 2299 5746 6281 3006 8210
1346 7381 8380 5210 7467 5993 5162 6667 3251 7338 6691 4476 4192 6941 6031 7534 5519 6400 2074 6500 2335 4249 1724 2217 6982 2286 5710 6310 3562 7799
28 18 24 6 44664 0.9707488921974357
29 2 27 24 86251 1.039061832001633
16 4 21 13 36706 1.07374987846721
11 26 19 15 42936 1.0501070946357507
17 15 24 26 35366 0.9334438748626402
4 11 20 19 69768 0.9473094286676671
3 11 23 24 90635 1.0045305003969387
18 2 2 15 79257 1.0326503740634543
18 22 27 27 41047 0.9926200445802612
13 21 7 10 52077 0.952015316092285
25 5 14 16 69226 1.0506019436889789
11 14 3 12 41312 0.9706253085130436
16 8 6 12 50863 1.0908877956753142
20 26 19 16 25324 0.984857065267748
8 22 0 8 57062 1.0570533459933533
22 9 7 16 72645 1.0434859425778291
11 1 27 26 85089 0.9094379676712939
16 29 0 27 32602 1.0225166949432702
16 10 26 1 53575 1.003869626713338
5 21 13 26 37459 0.9566089176044147
3 15 21 28 74055 1.0488984460212056
14 21 9 16 40476 1.0635139483330343
25 19 1 18 64891 1.0353955980480891
3 12 18 15 56544 0.9293059935363475
14 29 29 9 85109 1.0509051354069359
1 2 17 25 94690 0.9341430243042685
22 19 14 2 65356 0.9123868997748966
7 13 12 23 52411 1.0537459866568375
9 20 3 10 52340 1.099808701773265
10 24 0 18 54313 1.0503714449322907
27 29 28 14 56723 1.008230683999192
22 16 25 27 34796 1.0071598394606687
2 9 22 12 78512 1.0733031115661418
1 17 10 21 36112 0.9717172934236045
5 0 22 6 49959 1.0638200315412167
5 22 12 1 77047 1.0961981773303766
20 26 29 20 35019 1.0985825519836712
19 23 28 5 68569 0.923259599127679
11 6 26 17 74223 1.035109272543505
20 11 13 2 45950 1.0992919882464707
24 0 5 19 75584 1.0133164763887912
23 3 16 12 51436 1.0884505929596597
19 1 4 21 78436 1.0038986137178392
20 18 28 0 52352 1.0726254260168184
17 2 1 8 61129 1.0293844803850112
1 13 7 1 53408 1.0430131861151875
24 29 2 10 100573 1.042798400083199
1 4 10 26 83626 0.9857360200930505
10 4 19 5 31881 0.9131008894380109
12 12 17 29 57615 0.9912556659962186
10 0 14 9 34152 0.976351855210973
29 22 9 17 63761 1.0970179687123585
14 15 4 17 39093 1.08270713600353
12 23 4 11 64569 0.9929112982243027
16 21 1 24 57028 1.011304998989059
13 9 25 14 58345 0.9257103000713282
22 9 26 19 50698 0.9405286659669427
6 12 14 25 59300 1.0790173123071474
14 3 1 20 80949 0.903603834093622
16 29 25 4 86384 1.0443393098657174
27 3 10 26 109053 1.0328836249032507
0 12 14 12 48448 1.0121780390062454
4 3 25 8 71385 1.0866683310283363
29 20 3 10 94835 1.0818860050102463
23 26 9 27 40640 1.0962227364214636
23 2 0 14 84558 1.0885102109520397
24 27 12 14 60689 0.9659413659997441
23 0 11 28 84437 1.055425951886186
25 15 8 17 55382 1.0483808928876104
20 29 0 3 101727 1.0611961065573936
11 23 6 0 80656 1.0536134618460162
2 2 26 14 93561 0.9200379534479938
24 8 9 13 68522 0.9125357747729211
18 16 1 11 73368 1.0743204375946283
0 9 27 22 99036 0.9866741422592957
9 3 19 5 39900 0.9991707485224747
7 13 12 0 36334 0.9311543509420671
4 10 19 25 76971 1.0808218468517283
2 29 25 11 77310 0.987471349643145
6 2 27 9 76831 1.034706633662592
27 24 20 12 44004 1.0317161142977045
17 7 4 7 50178 0.9510417826334497
19 18 27 11 40584 1.0950924105286457
2 10 20 6 73081 1.090541523030968
5 2 20 6 43235 1.0286356064926343
21 1 26 7 54868 0.985731409995231
1 4 3 23 59096 1.027152492668694
5 12 2 25 44311 1.0480394261875696
28 24 11 4 86381 0.9156610490369825
13 25 10 10 67858 0.9792894431117691
9 8 24 28 88439 1.0310425739749958
25 0 15 13 52829 1.0193612604115272
4 21 24 7 95271 1.0494305974708449
27 7 9 8 79551 1.0282534951841533
20 4 17 27 58021 1.0782525653509862
22 17 27 11 42273 0.933146738796313
10 13 23 7 65708 0.9629058895038435
15 15 0 28 70206 1.0269249324032195
1 29 29 6 108946 1.0622626093286234
8 22 3 6 62754 0.9279327074773509
5 3 18 16 67596 1.0828647589196094
25 11 8 29 68499 0.9136955627976555
27 0 3 9 65398 0.9929641807660846
25 0 22 22 59405 0.9068232360039169
20 22 2 4 88437 1.0245576902536953
5 16 3 2 44461 1.0752097697537826
14 9 6 28 79421 0.9814971223485174
7 1 14 22 81897 0.993380889944906
9 2 29 0 40240 0.9738207610490877
26 21 5 10 84982 1.0971179019654496
2 8 24 6 92056 0.9309525019011338
23 19 16 24 33458 1.052168653547004
26 19 12 24 52853 0.900512939473061
20 4 17 14 36426 1.0497750054471782
20 9 29 28 69813 1.0768658336782437
8 16 19 19 40371 0.9311328056477612
28 1 23 24 80765 1.0546529969762903
10 15 21 20 41684 0.9637779606998674
15 8 8 28 78208 0.9259004220015996
26 21 23 0 66883 1.0297497199235397
10 25 27 8 78034 0.956142332648854
5 1 25 15 78582 1.0384402682973677
13 1 26 2 39005 1.0364234174902174
23 0 22 10 45682 1.0563172975895216
2 21 4 0 63945 1.0966301774404403
29 4 24 14 52019 0.9017945091727633
4 12 5 0 33647 1.0165483572128087
23 26 14 11 60850 0.9970530670101263
3 9 9 4 31575 0.9387331075841522
16 29 8 17 53626 1.088392678199871
0 4 29 23 111160 0.9190352372446754
1 13 13 16 50469 0.9473018541418032
0 24 21 17 74919 1.0049800472946757
19 5 5 5 43263 1.0665055932208092
6 26 13 10 75338 1.0440520970637954
4 11 29 3 81786 0.9132939260862244
27 17 5 28 71037 0.9764357101152501
24 27 23 13 44734 1.0175624641679295
11 8 27 26 84130 0.9198515700282783
28 10 0 16 104135 0.9002396393932955
18 24 1 17 69140 0.9296520248406054
18 24 4 20 56947 1.0721435345944068
9 6 24 13 77883 0.9373222679047092
29 8 14 8 59398 1.017094701679811
8 21 19 10 53642 0.9738386832854788
16 20 29 29 59656 1.0616945129516264
16 24 24 5 78938 0.9781422317852195
22 4 3 11 89117 1.0579669068313085
4 11 25 26 90050 0.960931661574491
7 28 3 16 52772 1.0637214120464649
21 10 6 3 65603 0.9335207749357475
8 2 4 26 75866 1.0631751302995154
16 16 24 11 43907 1.0776533662818868
6 19 15 23 45616 1.0753278818837302
17 29 9 18 48145 1.052466583344032
2 27 26 4 117741 0.9016756724137374
3 29 8 7 73138 1.0108484472335526
14 25 2 24 37643 0.9100264127023409
18 10 3 13 67371 0.9653469892968046
25 10 4 13 83495 1.0917664212635327
28 16 17 10 48876 1.0242784985756257
11 18 27 18 38306 0.9506610101529674
26 20 16 12 42632 0.9964253880136096
12 17 28 5 85718 0.9492847268756341
26 1 27 28 92566 0.9420117852065422
18 22 6 0 70877 1.0649135201430646
28 19 3 17 74071 0.9578012068777355
21 10 4 23 83448 0.930751871326444
1 22 9 29 40162 1.0319474089162464
9 24 6 9 62163 1.0593778675946601
28 17 24 9 42300 0.9155430934970229
13 6 9 12 29708 0.9386401908056764
24 18 0 25 73054 1.0242832039700636
2 25 1 3 69807 0.9698717313895249
8 27 9 0 76091 0.9242531865993119
9 19 27 25 65097 1.0104514453501923
21 3 1 27 98689 1.0229982154068584
28 26 0 10 108043 1.0206648074075169
25 20 9 15 54390 0.9788805703103137
18 29 8 0 76996 0.9842147630905778
5 0 24 7 63476 1.0999787448770337
27 29 5 16 88614 1.0981211558568875
11 8 15 15 35538 0.976834470554109
22 12 25 24 36267 1.0835682108004039
28 10 7 4 78543 1.006454890569934
27 23 14 4 72323 1.080903425321443
4 15 13 22 46526 1.0584762819944797
18 29 29 19 45775 1.0952019244115576
25 11 4 6 86535 1.0219965827775306
6 5 9 25 71413 1.0194202981014215
18 25 7 2 77089 1.0838134825833174
4 16 8 5 40268 1.0084611511988792
16 5 15 23 55034 0.9530330593088312
15 25 24 12 47926 1.015500042425603
20 5 16 24 54726 1.095811830350935
21 15 27 24 35045 1.0337004889982078
9 12 27 6 79521 1.0102592934847916
19 15 6 15 41437 0.9669478015730704
3 26 29 27 70624 0.9987724351457545
3 3 3 27 79586 1.0536008083063662
18 29 12 0 70556 0.9257449699268759
24 17 8 24 58546 1.0103413030451238
23 28 8 29 27954 1.0822546409274971
0 12 12 7 52661 0.9361610330679426
10 2 3 14 54221 1.0051019521690172
12 13 20 8 43883 0.9222430255281763
15 24 1 18 59704 0.950638353111677
5 8 14 27 73523 0.928950666468725
19 5 5 22 79782 1.0999389883829132
4 15 13 21 42368 1.0031117186659688
27 1 14 20 81790 1.0990610906156408
10 15 3 7 44658 1.097301533108563
16 15 1 28 63861 1.0165025975508506
18 14 3 13 64078 1.0579785883579182
11 2 10 29 87382 1.0317399629890531
22 4 7 26 94080 0.9901616298749889
29 26 9 3 104439 1.0526920567249458
20 20 12 7 60084 1.0612148555447618
28 14 2 20 86367 0.9861255674308284
23 5 21 16 53307 1.0030850653430385
22 29 24 20 29096 1.0776506910968866
15 18 25 10 44982 1.092360253133434
0 17 19 29 66375 1.0637974699307795
4 7 21 9 73285 0.9567723012700272
10 27 4 10 62666 0.9095484496378289
19 18 26 29 41504 0.9238637546000874
7 23 11 29 23313 1.0878209934539687
11 13 20 19 53252 0.986614689112589
1 16 0 5 31031 1.0831899167396875
21 10 19 19 26757 1.0720357567823515
2 27 27 14 88443 1.0962914504656114
3 23 16 2 85328 0.9919114316881045
22 11 17 5 38801 1.0943967817018068
17 24 12 2 72750 0.9269249579557578
20 13 25 29 46513 0.97299249177518
19 19 1 6 87072 0.9829319807951258
2 24 23 25 57141 1.0005705243852598
21 27 9 0 72778 0.9712794911572822
4 0 8 19 58374 1.0934485451597595
17 17 25 25 32205 1.0092658867098205
5 6 29 10 95213 1.0063435580515134
16 23 25 2 78888 0.9828909663638918
4 2 9 12 38193 0.9714128826198098
13 5 29 2 47167 0.9909086404362986
3 3 27 12 96818 1.0939276722098386
28 6 26 29 79938 1.0707383044572167
22 23 0 3 96754 1.0518971935015606
12 25 15 7 62084 0.975053135391963
12 12 14 21 44793 0.9933882367910484
19 3 1 15 77173 1.0526520156049295
7 12 29 14 89645 1.0972182192112485
5 10 12 21 49023 0.9642630836111385
1 16 19 29 71080 1.043332988952711
1 8 23 2 75143 1.011453855555227
7 3 13 13 42243 1.020984375765389
13 16 23 25 47268 1.065635767820519
12 9 0 28 92461 1.0219151900485315
23 1 10 21 79318 1.06916003238522
23 2 13 24 84068 1.0937026228779432
24 22 11 28 41533 0.977180028045373
23 4 2 24 118444 0.9947942719816875
8 14 13 20 39329 1.0653218482968367
24 7 4 2 72774 0.9168484184421232
27 24 18 4 68612 0.9016053030171872
15 17 9 1 71839 1.089621588222014
19 2 20 23 44162 0.9371762105096824
8 10 18 3 41449 0.978231457425566
20 21 4 5 83924 0.9414973047752373
12 23 28 5 94133 0.9816654411158476
21 3 17 29 66491 1.0214156756027724
7 14 10 4 32001 0.9929096872697672
17 5 5 28 85493 1.0778893064680108
27 1 24 22 76283 0.9929949040156247
5 16 27 26 80169 1.0051681638434091
27 17 24 7 47165 0.9356859236177821
1 9 27 21 107372 1.0084407922271028
13 12 21 29 58000 0.9286527491359999
23 27 11 12 69902 1.08383915615603
29 16 9 8 92248 1.0070502819418723
5 24 6 13 46039 0.9725546284519722
4 1 8 7 21309 0.9523564614401775
28 25 0 29 54985 1.0751362782509932
7 5 11 13 38632 0.9647035299954866
12 19 22 14 44167 0.9071792328118027
12 22 22 19 43936 0.9692148526338231
23 27 14 22 42263 0.9458740526570162
26 28 4 17 80545 0.919626858266483
25 7 9 5 66145 0.9936876337783263
22 29 24 10 59086 1.0830368292335915
27 12 2 21 92677 1.013414716721691
7 0 10 20 71322 0.9964506621762762
16 10 3 22 75094 0.9221274548758566
5 15 26 7 88432 1.073994032063253
8 29 21 14 49140 0.9238033259435083
6 18 9 5 45278 1.0682601580101694
27 25 12 28 41738 0.9725724288962534
24 10 21 27 54154 1.0748664764292735
20 16 19 6 27156 0.930900891504843
1 8 20 11 86012 0.9405194711893029
19 18 2 23 62519 1.0860223755844585
23 22 27 28 21446 1.0636707026441932
5 8 0 0 32359 0.9321374957846787
10 27 19 0 75252 0.9602226410807062
29 3 13 21 86776 0.9809105813846701
10 24 4 16 52220 0.9837848847453597
28 11 0 21 102964 0.9460165475242897
11 16 26 5 86071 0.9511518514427038
21 11 16 26 43277 0.907943584982608
6 2 26 0 38837 0.9024313406319562
29 10 2 13 110393 0.9150069629160588
17 26 2 19 59114 1.0456635083467134
14 29 19 19 27526 1.0679452235500304
4 26 1 3 75166 1.0602662556840763
4 29 9 5 80685 0.9672848526598989
5 3 19 27 83126 0.9933108820589389
1 5 23 11 87767 0.9829315061701901
22 18 14 2 59655 0.9671083485355086
13 5 1 7 46688 1.054568674054402
14 2 13 20 73368 0.9776215109091583
7 16 12 22 37463 1.0239017667457828
2 0 29 4 63830 0.971236940507425
2 10 18 22 82071 1.0347236252833882
15 16 8 26 54307 0.9399663809872707
1 24 19 21 58187 0.9517000682033666
5 8 24 4 78990 1.0263397694055185
7 26 21 10 68136 0.9736130556341318
10 11 4 23 57896 0.9265074360409984
29 16 17 6 64762 0.9867424284078964
26 9 9 28 86569 0.9622698332986406
9 28 29 3 108480 1.077467894463121
29 16 21 13 37543 0.9017064885178404
28 14 6 1 89381 1.0108299484443117
23 27 29 9 71127 0.9775328119292221
22 5 16 14 50908 0.9611723448862564
22 7 0 24 107179 0.918709194011384
7 16 19 11 48530 0.9565038483887196
10 2 27 9 69635 1.0254308600356825
2 7 29 20 106584 0.9411528296257219
26 8 13 12 52892 1.064621007415874
25 14 14 3 65214 1.0426523226220503
20 4 0 5 60339 0.9275606144047485
15 29 5 26 26200 1.0880912574443076
18 29 24 10 62591 1.0688456695393653
9 3 3 24 73714 1.0793462299058234
26 0 7 5 40478 1.0711994780357394
20 24 15 6 59511 0.9748980167741342
19 10 26 0 31392 1.0682529226599495
1 10 29 2 82583 1.0809877483848251
5 29 17 13 54284 1.079999169142677
1 28 3 15 54805 0.9711758908648935
9 7 21 0 34266 0.9067392986405625
5 19 24 3 96993 1.0650808499676936
21 26 21 12 28315 0.9403148343353483
13 10 27 23 68093 0.9263639641794793
23 4 10 3 55678 1.0017615234851605
6 12 18 8 57352 0.9301841069403007
12 12 2 14 41602 1.0720385054670722
5 18 19 6 64174 0.9548326266555446
25 2 5 27 111906 0.9152548665917002
18 19 19 3 38154 0.9974867113622532
26 10 17 14 45329 0.9303349875918522
18 25 26 9 59710 0.9115923099900758
3 23 10 18 35005 1.0831705046183397
2 29 27 6 100972 1.0138968373118935
24 27 16 16 41858 0.9967227722565609
19 11 3 12 58185 1.004589275917226
29 16 15 0 73318 0.9982051822974606
9 25 27 28 47466 0.9881784911829242
5 27 26 8 91522 0.9443460265312151
12 9 5 25 71584 1.0524816406719633
0 7 28 25 111247 0.9831764000218499
4 27 29 25 59607 0.9794788253983481
14 19 2 0 82264 0.9858545307612054
6 19 4 8 38330 0.9572770911376255
28 25 22 15 42160 1.0851231803814498
19 14 10 1 46693 0.9986348369221709
27 20 2 27 65575 1.0056426949140242
8 0 28 5 57163 0.9017959004305646
24 20 15 22 38839 1.0060448712992978
14 19 8 29 51012 1.0963218007976006
25 6 11 22 81078 0.9130039622266725
1 18 11 11 48890 1.0789233610662536
6 17 29 4 98793 1.0246134108877203
5 7 20 11 67848 1.063266524794968
1 27 7 6 77827 1.0167370102318265
27 21 20 13 41551 1.0596433216469359
3 7 15 26 85452 0.9755387310455871
26 27 1 14 100771 1.0097836378727982
11 15 4 2 55922 0.9859041744384989
6 11 13 17 42362 0.9366013889073285
11 12 4 4 34617 1.0252990740778642
17 29 27 9 74532 1.0041598487434862
25 19 1 12 83790 1.0281960494567324
18 5 23 24 54870 1.039410685979456
15 7 7 15 50377 0.978426545190086
15 18 20 25 26260 0.9058201382407998
21 26 27 10 58689 1.042584913085744
18 28 28 20 42286 1.0634279469067835
4 23 26 12 91459 0.9373773066187057
0 24 6 12 53481 1.080547351552781
12 14 28 22 61693 0.9467583498373444
4 26 1 19 32833 1.059261799766395
18 14 11 1 47886 1.0295478379347367
3 11 24 1 75045 0.9818270186870419
29 15 18 21 46193 0.9056614861116498
13 3 21 21 61184 1.043284012309549
27 22 20 29 25852 0.9236876536851194
21 6 6 11 67551 1.050640496636079
14 23 8 14 55975 1.0898427465713785
18 28 7 21 46560 0.9026374148469039
17 3 0 13 67268 0.9064705363922585
14 24 7 7 78015 1.0660444275315375
22 1 25 22 64900 0.9765268648461107
23 19 26 5 53050 1.0106136014463436
10 2 5 19 56344 0.980736559355949
21 11 6 5 66550 1.068897320113652
16 11 25 28 56925 1.0553070951441352
20 0 29 11 61497 1.0766871332128023
8 23 5 6 54656 0.9763009649113564
1 0 15 20 89695 1.011966663638358
10 15 24 0 65012 1.025921804834865
21 0 28 9 50867 0.9445862741676623
26 27 29 9 74837 1.0867292480259754
2 13 27 26 98847 1.02745646501296
4 5 5 17 36845 1.0687965942748803
14 11 21 19 40339 1.074000404473364
20 6 10 10 49738 0.9604122096962109
25 5 20 10 44144 0.9053491033725846
10 18 20 8 48237 1.02812692926761
28 7 4 18 94377 1.036849498548381
29 17 5 7 94232 1.0037706999869014
28 19 16 24 43404 1.0088175681041582
23 13 28 21 43467 1.048739116337364
1 2 29 20 104047 1.0357433992636282
3 13 1 5 38731 0.9085357826001152
18 16 8 9 56452 1.094376924608896
6 0 11 18 59290 0.9404565195995019
26 25 14 29 29208 0.9969432676328744
15 22 13 1 71192 1.026638415795065
27 24 17 1 75491 1.0820957359161514
19 21 8 10 61924 0.9923881132847304
25 27 3 0 90680 0.9162837444990122
5 8 15 27 75935 0.9651823323033911
19 14 1 11 70570 1.0458735140397102
7 27 28 23 52572 0.9667161722822575
10 22 19 3 70642 1.0468837033491911
19 4 25 23 51094 1.0903382861265385
9 1 17 8 38545 1.0413169369346376
13 20 1 6 79401 0.9841591536305815
5 20 18 14 53398 0.9984556865736929
10 5 4 11 40057 0.988711364263768
14 20 13 9 51819 0.9442568217530195
25 25 17 18 29983 0.9385465847796205
7 19 14 3 61231 1.0612010622228338
18 8 10 15 45557 1.00776495512012
11 5 23 14 66567 1.0347386312874909
12 21 12 1 79441 1.0085047077611582
22 16 21 6 43395 1.0069369689177914
20 19 14 28 36517 0.960285326338702
14 19 21 24 34553 1.0852055808152696
4 24 21 16 63130 0.957480781130251
21 26 4 2 86740 0.9756153017255098
10 5 3 16 58640 1.006671810653723
5 11 23 28 84007 1.0568895472661664
14 23 19 18 26027 0.972936419694078
3 21 13 22 34216 1.088249315478233
21 22 17 3 53513 1.0171358825417474
27 13 21 8 37662 0.9063245192396057
17 10 13 26 47143 1.0455529082332822
4 0 9 18 56941 1.0394723001607433
10 0 2 7 35435 1.0921856720167338
20 19 15 26 30718 1.0715562638620793
5 7 19 9 57216 1.0087151311148186
21 20 3 29 44093 0.9995988194353135
21 29 13 4 72525 0.9069958355792339
10 14 25 11 63101 1.0417070686071646
27 10 5 21 92280 1.0611111147356398
15 16 25 4 73543 0.970778355220798
26 28 20 7 63081 0.960118443401954
11 21 3 15 39814 0.9667088763801945
19 13 13 21 32038 0.925889158403234
3 3 13 8 45596 0.9037348062301528
18 11 13 1 41656 1.0708659989641882
29 27 18 13 61862 1.0718797752291507
26 18 14 18 27302 0.958371336605864
23 3 23 16 65197 1.0177541078857373
17 13 6 4 52812 1.011847343665786
8 5 2 17 50174 0.9586465743121838
17 6 4 24 85559 0.9089752128004448
0 27 22 22 55885 0.9135966271057961
24 23 12 0 66866 1.0261877334722806
21 14 12 28 50292 0.9636171982907874
22 16 23 6 52316 0.936806046084544
28 16 20 21 31652 0.9726385001142418
29 24 20 14 48078 1.073275887001874
2 6 13 10 53933 1.0807025994244865
4 3 24 6 74032 1.0982906297216886
5 19 25 11 73105 0.981401773067991
3 4 3 25 66424 0.930980343790162
2 14 12 23 62214 1.0830910163580196
8 12 2 18 33787 0.9838321976402467
8 24 15 8 74175 1.0573087373808967
7 26 18 20 44359 0.9309052842437919
25 7 0 6 86880 0.9751962685756687
24 19 23 3 69392 0.9778771498660064
8 2 18 1 25809 0.910668095272975
17 4 1 7 52627 1.0860711777845915
4 25 19 4 78699 0.9523702291763236
14 29 24 7 75112 0.9853757248620254
5 20 22 15 62235 0.9646943058297311
22 16 10 19 45756 1.0676267839032665
0 8 15 11 67142 0.9338576458675757
9 8 22 19 72525 1.024152022441317
12 2 0 25 94060 1.0804855388680208
23 11 18 21 37620 1.0374696749918353
1 21 10 24 45994 1.0646306055237802
12 18 25 16 37051 1.0640328238635568
24 1 5 5 49400 0.9240353145380592
28 13 3 12 93322 0.9364297305800092
6 29 27 13 78990 1.0949062739831765
15 17 1 6 81040 0.9750408368786354
24 29 16 1 71921 1.0240786505726753
4 3 24 26 95269 0.9191510001329078
29 28 17 6 77808 0.9410451066743065
6 28 18 16 55202 1.0632495817331507
5 20 24 0 78143 1.0620128624044622
17 0 2 0 25770 0.9997371594425883
2 15 27 8 95400 0.9711878983258749
21 0 25 22 58849 0.9893283623958888
2 15 21 6 84129 1.0492142567095846
9 0 28 17 73523 1.0829247664919626
23 27 7 9 91503 1.0723288980795092
3 20 17 3 83580 1.0103480668511178
20 25 9 8 76554 1.043093797815454
29 6 8 20 99845 0.9548662121250843
5 17 22 20 57164 1.0787525145246828
18 14 29 28 58799 1.0489787595521514
10 26 6 18 36749 0.9895746353375579
28 16 10 9 76764 0.9989288255997525
6 0 22 17 67469 1.086964027726399
11 6 15 23 66720 0.9122885690361756
0 12 5 27 53935 0.9390900328443964
22 6 3 29 86786 0.9281172888581336
11 26 4 21 37225 0.996415573817672
2 11 4 28 62451 0.9751287302132113
17 20 26 28 37323 0.9073106777036666
18 10 6 24 70355 0.9321431955896812
0 8 11 28 84644 1.0105432010788864
23 7 0 7 86565 1.0108267260004207
18 2 6 0 31158 1.0869550049620633
7 7 20 2 44362 1.0272292392013638
17 17 9 12 40498 1.0315483912856118
2 26 29 27 73968 1.074729569772503
29 25 1 5 115261 0.9241733794286631
15 29 21 15 37292 0.9309290431744346
28 17 11 23 61480 1.0068305041093202
0 3 19 5 54155 0.9158748521717794
26 20 19 6 45019 0.9300292354845685
5 26 19 22 41626 0.9665337706853016
16 8 26 13 54588 1.052556118084929
24 15 24 28 38394 1.0485542061430304
26 26 18 12 48264 1.0306366074431619
1 8 24 27 109161 1.0872080401394895
15 5 6 13 53418 0.9302242758654611
10 3 1 18 63108 0.9022434273058249
23 20 0 20 72602 0.9141742112086074
4 12 9 2 37543 0.9845512646414952
22 19 26 4 65557 1.0222363106787156
26 14 17 2 66503 1.090255236435358
2 19 16 9 71362 1.07955315970005
20 17 26 28 38941 0.9400434393308975
13 15 13 28 54198 1.095877599122014
19 18 13 13 33636 1.0588050532663547
10 17 11 6 43140 1.0560824740582953
15 26 1 23 51099 1.089520084996124
5 1 28 26 96114 0.9785169655376434
8 18 4 29 41339 0.9975004539123015
27 28 27 4 86469 0.9163348550322779
0 8 29 24 114847 1.0542740035374827
18 21 10 28 41798 0.9232380143246705
9 0 16 10 41175 1.0726742217614265
2 15 22 5 92684 1.099974505572299
29 15 13 1 85581 0.9103339656532221
29 3 1 9 87895 1.058494528864867
25 20 3 1 86047 0.9518469000965148
14 16 13 26 46454 1.0278224453707294
2 17 22 3 97890 1.001249922144935
9 16 7 28 48575 0.9051940752119407
16 29 6 17 52856 0.9088401845618485
8 13 19 4 52654 1.0677830310659555
29 22 21 8 55570 1.0221319212991455
14 2 22 29 80091 0.9633334553404554
6 7 2 19 43586 0.9042629797365651
25 3 27 29 95019 0.9529969032648785
9 6 16 18 62043 1.065931937346264
12 13 4 25 70124 0.9642766243232486
10 28 16 6 78831 0.9255902176142748
12 6 19 9 38846 0.9373272366227995
0 27 0 10 56967 1.092913671688446
24 5 22 17 60010 1.0376955284095666
28 13 0 1 101413 0.9182819262784729
26 5 19 10 42022 0.9873988189966922
8 18 16 27 48178 0.9466120777262249
29 7 21 19 56868 1.0668565704530721
1 20 8 14 40020 0.9987601593358977
29 9 0 27 115205 1.0232384749726617
21 18 12 0 50755 0.9906628105038948
12 19 25 26 53463 1.0056889500901023
11 6 26 16 75801 1.088788678990107
4 2 16 2 30445 0.9443624723647953
0 29 3 11 71952 1.071741066923753
29 5 24 28 75029 0.9940552985176229
14 18 26 26 46204 1.0782875570332573
16 8 26 4 63481 1.065029088231504
15 7 28 6 53933 0.9816401641466856
11 7 3 9 36784 0.913887541051549
26 0 5 2 37482 1.0379568663907222
23 4 16 12 55781 1.0482622834641906
0 14 24 29 91172 1.088624788183664
1 18 19 1 78132 1.0127769766368933
21 14 28 2 58503 0.98884647748777
9 3 12 28 94087 1.027687557518728
0 25 1 10 50726 0.9611046800546479
9 18 4 6 48411 0.9589629866966581
3 11 20 25 83851 1.0677529930020975
27 15 14 16 57025 0.9558365478623992
2 12 22 29 84852 1.0153820731065921
6 3 4 15 38162 1.0970684886022244
7 5 21 15 66410 0.9740716354565542
8 4 17 10 40135 0.9883481241510024
27 19 12 18 41650 1.0130481578881714
15 9 2 3 54076 0.9563399774954435
21 4 21 21 53111 0.9937410473835813
21 9 2 27 85546 1.0572684578726654
29 25 0 2 112551 1.0313798234599258
4 7 17 16 65162 0.9333128419816124
25 24 0 13 90111 0.9957773297461661
6 27 26 1 102566 0.9366962772584407
3 26 10 9 72327 1.0935122523867469
18 15 1 14 59135 0.9963111667432338
11 18 26 13 54689 1.0776091405063424
29 21 21 3 73938 0.9228128995233665
16 11 5 8 53925 1.0817724507581052
21 15 13 18 26417 0.9420446849654772
11 11 3 23 58602 0.9908318931696238
23 19 14 22 35525 1.0168442432234006
16 21 6 12 56371 1.022646439198984
21 4 25 20 60791 1.012218334161322
21 21 12 17 36478 1.0745025288744943
26 27 13 26 41772 0.9629275955122405
7 13 28 4 84130 0.9562701031029809
5 19 10 29 39099 1.0179326220719864
26 6 19 27 67746 0.9145236843971463
6 28 17 21 38605 0.9849527165778422
25 25 12 27 34452 0.9846635397254061
19 23 3 8 87876 0.9426822671463693
27 24 7 7 98170 0.9802713304474153
17 21 28 14 43701 0.9254380454730483
3 19 15 25 49057 1.0978607559633455
26 7 1 27 105148 0.9534551976001282
17 26 22 10 50185 0.9663919926719247
15 22 16 0 62565 0.9761089079341
29 1 3 20 100403 1.0035779459769663
25 18 15 15 30437 1.0271831489634882
19 5 8 13 54705 1.041807560743002
17 16 24 0 45908 1.0187497458667414
25 15 27 28 40734 0.9789765471276622
16 18 17 2 47900 0.9614692707694021
5 8 3 20 40883 1.0898486166861727
11 1 5 12 40031 1.021033300107497
25 25 4 13 83828 0.9996452164501969
1 28 11 24 43767 0.9884568265219422
14 24 8 1 83987 0.9117561761713118
25 10 19 0 41549 0.9600723551517604
29 6 12 0 58049 0.9737253826226419
27 10 5 21 92280 1.0842712844830775
21 0 10 11 43545 1.0001584721373278
0 6 15 13 68032 0.9486288118399969
28 18 1 19 72910 0.9282730115254129
28 20 11 15 55666 1.0832879829795794
7 8 29 14 100886 0.9014748053889321
27 6 10 12 75807 0.9652006674695589
29 29 29 12 68858 0.969436023450615
22 9 6 15 72867 1.023230388583098
24 0 2 5 49306 0.9824780180516262
21 0 14 15 49518 1.0521145887267622
18 21 20 8 33671 1.0020854127191061
10 11 27 2 68562 0.9261097262767911
11 16 22 11 53622 1.0872425834381687
6 27 26 14 76319 0.9061699210451409
26 22 28 11 41640 1.0448097275686963
27 5 9 10 81847 1.0098588147031111
19 4 28 18 47282 1.0251953302876111
4 26 8 5 71242 0.9306217725888353
14 17 18 6 48647 0.9215073339446654
2 18 2 8 34778 1.0073661207054576
0 4 29 12 105452 0.9019717165552648
17 4 26 9 49911 0.995969165258831
11 17 14 25 46591 0.916066731034667
0 7 12 16 64796 0.9891353084255876
25 28 15 19 46246 1.067777468346368
15 25 28 23 32011 1.0790541421768662
18 24 18 3 54163 0.937525805366761
5 24 13 27 33183 0.9185620112416899
4 11 20 8 68668 1.065418551230668
20 25 8 24 29132 1.0039890543781462
28 8 15 8 52365 0.9675368640407986
13 1 15 21 66091 0.9729424762782453
26 3 14 17 87404 1.0496871253370021
24 15 2 15 83269 1.0077624740246929
13 14 18 20 36091 0.9917881689108732
24 9 15 20 64652 0.9883757104626492
15 6 6 7 42323 1.0506746569156111
21 10 0 14 85125 1.0713158359794945
16 21 23 28 33381 0.9531150393908387
10 27 0 9 73300 0.9295976804052589
15 10 25 17 50559 1.0407753434107176
1 9 27 24 111734 0.9522196687138111
8 14 20 0 50320 1.0088968955109086
18 4 26 21 60833 0.920254781710334
7 23 15 7 74601 0.971762196410399
11 14 6 27 58671 1.0537742359065008
24 17 20 0 55641 1.0198411219054235
22 17 10 24 53153 0.9686296097483846
20 14 13 11 34718 1.091557124554131
1 28 16 2 96498 0.9892378002465263
3 16 3 26 42860 0.9371183948730907
7 21 8 2 50408 0.9011894807550577
25 16 6 6 90647 0.9836074361014886
1 2 8 8 32650 0.9573204990226692
27 28 4 4 107432 1.066206328148698
28 9 18 29 72156 0.9843125963337132
17 7 8 14 53256 0.9229944398535953
2 9 23 19 85784 1.0306687910910437
14 10 15 26 60208 1.0780472995455583
2 1 13 29 99649 0.9893079896417732
16 3 7 28 83399 0.9187781391200412
16 3 12 27 72930 1.0332205705852744
28 23 25 10 43292 0.9906533149685611
25 2 5 17 88829 0.9017823311554826
0 29 6 5 82508 1.0240290058616441
1 27 9 24 33983 0.924528578091467
28 9 6 19 89591 1.0236819522385623
10 0 15 27 77001 1.0095827390658407
19 26 21 13 29913 1.0575873996899572
3 21 17 3 81601 0.9682566834053407
29 13 18 15 52503 0.9153792523655205
28 14 26 0 59400 1.0240380823900403
29 2 4 5 60681 0.9352041665712449
14 29 12 4 78974 0.9525332833408766
22 10 9 10 61981 1.0548859482900776
24 7 29 2 45987 0.9152559544277207
4 27 28 22 60135 0.9598166340389024
1 24 7 15 46868 0.9449319349186707
16 14 13 26 43251 0.9402410541710237
28 24 15 1 83529 1.0365485198305515
29 1 13 16 73609 1.0491220891984656
14 23 2 15 61907 0.9825904003577941
27 4 8 15 91710 1.02860232570576
28 14 18 19 40157 1.0977558713030837
25 26 17 22 26168 0.906414437240674
10 26 4 2 83445 0.989178506095343
25 14 10 15 57108 1.030879719880616
21 25 20 0 55513 1.0256122482709857
9 25 24 23 34722 1.0586027226557597
12 23 17 3 71492 0.9936263263599905
4 0 1 17 60827 0.9693508320186284
27 2 13 23 94250 0.9167901239780878
1 20 19 21 59471 1.0941410460643592
1 16 22 13 78332 1.0041324653846169
20 15 12 21 34659 0.968979085913465
19 15 29 20 33657 1.065577251812944
22 11 22 29 41944 0.9740888967622128
10 21 29 14 69804 0.9861557196457453
27 9 27 19 46134 0.9258776387043168
19 23 1 20 61154 1.044261293194093
14 10 26 5 66208 0.9334670961642836
13 0 17 26 65453 0.9225290841164737
1 9 8 24 67467 0.98519510472988
10 16 0 26 62893 1.0523357925418222
14 0 8 14 41416 1.0217746790595814
22 27 7 28 32966 0.9694046076552131
28 29 12 26 53241 0.9228270830037048
9 26 29 2 100929 0.9377243013222608
18 16 29 21 43396 0.9139907537345753
18 14 5 29 56760 1.0302657115635643
8 5 28 12 83236 0.996380390221378
15 14 17 27 38852 0.9010267091065073
10 2 1 7 41324 1.0731769969754965
25 1 29 13 70651 0.904637801832246
4 3 26 7 80941 1.0560727454779828
26 8 27 23 49106 1.0723192944408073
5 19 28 20 66816 0.9721183747274467
3 20 22 10 85059 0.9733846626233265
20 12 4 6 69976 0.9299872267328332
1 14 28 6 112855 0.9553877524619278
13 1 19 15 42975 0.9533135669868309
29 9 14 23 82841 0.9071712376906894
18 16 26 2 64679 0.9086472935040628
18 13 2 13 65877 1.0146575373098532
26 7 11 27 85485 0.9325628501459602
7 10 2 16 34240 1.0457826459073185
14 4 22 23 61179 0.9439630188397602
25 20 18 9 40103 1.0144630941639805
28 19 8 21 59497 1.0125844996271987
18 6 24 28 57850 0.9832263716090047
12 6 27 3 64054 1.0357465980610092
9 5 21 9 57605 1.0218060425776923
27 15 18 12 47577 0.9596136014366584
25 21 7 4 82874 1.0867149866563255
5 8 18 7 52433 1.0958070794884973
15 9 15 26 55596 0.9962798484613676
28 18 12 0 65486 0.9555303856295045
16 29 16 17 35912 1.0237086994381346
13 15 8 7 39693 0.9115599729263473
18 23 17 6 45500 0.9614229347117923
18 6 14 19 48801 1.0707272007092563
11 12 27 13 63896 0.9033775169271413
0 27 18 23 51450 1.0484413733713749
16 20 12 6 66081 0.9782419395583827
23 19 12 25 39106 0.913863956979992
5 10 2 26 52709 0.9833696425343099
10 26 27 8 85962 0.9481939015587583
4 16 13 5 58849 0.997845773773891
3 22 14 21 36197 1.0289477773794486
14 5 1 20 80876 1.081477662410862
14 9 22 22 53031 0.9799908844760036
16 23 7 13 57045 1.0852524732483826
29 10 22 1 63488 0.9696348752310369
16 10 3 6 68044 0.9414184789350479
2 15 17 24 65999 1.0114169945247617
1 24 24 28 61240 0.9037519335100932
14 28 26 25 33146 1.0028707705447242
24 24 12 21 36089 1.0025225855113036
24 17 29 1 71407 0.9246359099419684
3 2 13 24 94211 0.9812354119789841
26 28 5 13 86900 0.9463280901812601
10 2 17 12 46132 1.095831587762739
17 7 6 23 74090 1.0971633600220168
25 19 14 2 68862 1.0767628788772843
28 17 6 13 75143 1.0420648228887988
24 24 13 27 30836 1.0149291130019025
14 0 18 6 24994 0.957071825708443
26 17 29 8 43778 1.029071031906693
14 4 10 11 28682 1.0598646653798405
7 10 4 22 43524 0.9072649412129475
4 26 29 15 89077 0.9729919933850396
26 17 26 2 69952 0.9485421692761556
16 13 13 25 41643 0.9833861474103633
3 5 15 4 37661 0.9682968076072935
29 24 19 2 70035 0.9657647432495893
13 20 27 14 60119 0.9632494082317529
26 5 17 17 62201 0.9177002126027897
25 26 13 28 37707 1.075010238805705
20 21 29 9 62737 0.9246137488667645
11 15 20 9 44981 1.00562000219825
2 15 9 25 49366 0.9652838385521388
6 13 17 23 59190 0.9598295656212203
10 14 17 17 31718 1.0631811200458463
28 14 5 1 89646 1.08872978686614
26 2 6 2 53614 1.009050837906497
1 26 21 28 43148 0.9882342561426025
20 0 25 21 58087 1.0744834809686643
15 28 11 3 83960 1.0906200590709965
3 3 1 15 44027 1.0683205890306238
29 17 2 24 87974 0.9716765220037891
26 8 16 3 45136 1.007597164031429
8 10 14 21 58930 0.952746954371952
24 17 14 0 61981 1.002971582561588
18 15 25 6 42299 0.9116845859309157
2 8 14 27 86535 0.9480736672341534
17 23 26 0 61791 0.9542517932764693
7 6 26 21 93946 0.9939661821878216
12 29 26 7 80442 1.0412882001240784
25 8 8 10 69444 0.9708997391640497
21 21 6 4 74792 1.0341884410895246
20 5 25 20 50123 0.9734090090749405
1 12 4 27 54741 1.0241471360420138
20 19 10 14 46124 1.0416437750996832
13 26 22 1 75015 0.985718637099308
5 12 27 20 77720 0.9370415198826809
11 13 14 25 63243 0.9283311808187775
26 18 20 4 50010 1.0799243692543958
22 6 10 2 48920 1.075644720564533
29 22 18 20 35478 0.982029140120379
27 20 4 3 93895 0.946407261769454
13 27 27 12 69103 0.9770812976359651
2 15 21 21 66990 0.9291083967619016
10 19 1 26 55563 1.0430467307397007
19 1 4 26 87063 0.9047099635426761
26 21 13 15 49922 0.9387789071606341
1 15 28 20 85280 1.0297573916584284
4 7 26 22 94210 0.9265068908118215
21 11 18 18 20683 1.0449236648886142
2 4 24 20 91399 1.0754068620222725
24 15 9 5 87513 0.9225603901526649
16 2 15 26 67882 0.9208545715094882
11 7 26 2 52602 0.9252933504154823
27 15 20 19 38013 1.0853085184797646
25 12 8 15 61653 1.0906245487957782
13 18 1 17 37450 0.9806128519537344
13 8 1 14 62048 0.9009853068548536
9 23 5 11 45822 0.923556979934398
24 18 7 18 43559 1.0751531883813534
12 8 18 17 56270 1.066831970698957
14 29 8 1 84040 1.010729878241743
2 10 11 6 42130 1.0617994140215368
7 19 29 12 80260 1.0401173217011335
29 20 16 9 57760 0.9772984850127031
2 23 28 27 77677 1.099428798463238
26 9 1 2 86773 0.9586662476929133
28 12 21 20 39693 0.9283650015001315
28 14 8 29 69592 1.057615931472179
16 5 26 2 40298 1.0283813685082808
11 27 23 19 47720 1.0138909421150621
12 26 7 1 89500 1.004679732466656
3 9 27 20 93496 0.9620067048756441
13 7 24 5 58126 1.0225853564100011
6 10 6 21 34849 0.9571410249049865
16 10 17 21 31024 0.9854828512421169
1 17 14 28 64187 1.022934729217642
4 11 4 0 35084 1.0713705392729407
14 22 5 3 77767 0.999198690243667
15 0 22 23 58046 0.9323559457076572
17 29 12 21 32900 0.948719791819638
17 11 21 0 35170 1.0061892285069023
26 23 28 6 60303 0.9612657606340959
2 24 11 20 46840 1.0394144926170212
3 15 18 24 69651 1.0110221468064278
23 19 5 29 52534 1.0469061021246484
27 19 6 4 87295 1.0460148351579492
16 10 8 16 51216 1.0130005433120157
5 1 4 16 42738 1.012867035848384
3 27 28 18 69154 0.9767892523634623
27 4 26 24 77765 1.073489578554045
12 10 7 3 32933 1.073718123229299
24 13 9 20 74705 1.0640538734523697
4 7 27 4 81900 1.060973134173576
19 26 20 5 48409 0.957706974984709
26 6 15 21 66369 0.9737679589918121
0 3 20 11 73415 1.0036312724148173
6 29 22 4 91599 1.0153269130910412
18 14 13 0 43539 0.9741210554721844
17 20 5 7 66967 1.0438134556448535
5 0 9 10 24508 0.9150048998035496
12 7 27 25 79622 0.994593950353441
7 28 11 22 41070 0.9107629580015565
18 23 5 7 76308 1.0747901053441042
22 16 29 5 61972 1.0387004191262235
1 8 4 16 39774 0.9127479035582144
0 20 1 7 35034 0.9497888827934761
28 22 21 9 51041 1.0444019187100444
17 17 5 28 52449 1.0996510773074135
3 27 27 20 62772 0.9602240398702535
23 13 13 6 58073 1.0306592984203435
5 8 1 2 28881 1.063889127279297
29 10 1 4 99903 0.9429097795603301
23 12 13 6 51712 0.9291606575957669
25 7 27 15 35638 1.081837856465232
12 29 0 21 46451 1.0435491942019044
0 27 2 7 71478 0.900536535830007
18 29 11 14 60692 1.0665319228162984
7 4 18 10 49459 0.9179341262592815
12 19 22 1 70873 0.9025476004752336
12 25 3 28 30954 0.9888878787280053
3 7 25 12 91085 1.0796079441693438
10 26 23 10 73536 0.9774147317542887
21 0 19 14 30464 0.9903494374544506
29 19 18 0 64143 0.9530326890385032
25 11 8 3 66636 1.035211158684234
9 25 7 1 76989 1.090286432092952
2 8 9 0 37877 1.0293982186875228
28 3 13 20 90608 1.0674356402889031
13 7 12 29 77717 0.9093478923425296
17 7 19 15 23283 0.9252025678638037
19 17 12 2 55026 1.01344781902099
19 16 8 20 42955 0.9339518681249509
25 25 22 2 77726 0.9349277144599347
4 22 21 1 89667 1.0433105157185196
15 21 22 13 37317 1.071030915468194
24 26 21 15 26358 0.9033596804323291
14 5 5 25 86703 0.9903589639257352
7 15 13 1 47626 0.9065994616982149
17 17 24 0 47958 1.0527502611791935
22 12 26 5 39744 1.0035969094431298
21 9 21 24 40824 1.0172700900954603
11 15 29 26 71508 0.9449047573938505
19 17 22 28 28899 0.9170508105585989
10 0 12 22 80084 0.9958360822808624
20 28 9 10 75957 1.072090290674359
29 22 9 29 45565 0.9049328666095491
28 12 12 29 70812 0.9540540682079788
13 7 29 3 60008 1.0415209260806937
21 29 27 15 52070 0.9068019118513592
18 28 18 7 51616 1.0611477511889913
7 2 12 21 70573 1.0285115901393302
23 23 26 13 37850 0.9960505129113211
15 16 27 22 44949 1.0194891482447086
18 5 28 22 59416 1.078757903464292
26 13 11 18 54689 1.0111714103680638
