6848 4807 6545 6431 4917 6609 6312 5113 5981 5354 4884 4771 4634 5723 5241 6296 6174 6858 5889 4749 6992 6412 6738 5811 4976 6338 5267 4355 4143
3662 3757 3636 4366 2560 4419 2948 2617 4157 3761 4260 5343 5304 4712 2453 5403 4787 4916 3414 4520 3417 3937 4561 2488 4680 2427 2381 3397 4804
5112 6613 5409 5937 6400 4785 5732 5051 6715 6042 7097 6291 7037 5907 6533 7044 7281 6928 5756 6641 6902 4860 6408 4975 4672 5495 5525 4571 5340
5464 5710 7171 8355 6356 7797 8179 8259 7414 7297 7162 7358 7850 6619 7536 5955 5410 7174 8318 5885 6863 6721 8369 5977 6455 8391 5705 5939 5397
7479 5804 5580 7899 7883 6765 7392 7063 5716 7647 7102 7620 6033 5372 5622 7869 5740 7095 5922 5855 5564 8030 5176 7471 6306 6652 5807 5086 5910
6741 5144 6145 6651 5548 7394 5216 4469 6619 6991 5851 7159 4587 5176 6281 6642 7307 7402 7158 5401 4814 7326 5859 5464 7309 7359 5592 6774 4429
3962 4070 2874 4252 3823 2795 2551 1738 3507 3274 1725 3007 3216 3551 4202 3141 2855 1637 2773 2581 3271 3727 1790 1836 1626 3382 2311 1457 4192
8382 7023 6647 5960 8916 8725 8449 7550 6951 8591 7802 8437 8406 6189 6871 8136 7625 8663 6106 8337 7133 7299 7442 7243 6191 6009 7450 6811 7239
6121 6542 8109 8141 7010 6711 6138 8203 7743 8261 5980 7069 6462 6875 6666 6597 6275 7936 7612 7421 6758 5746 6568 6167 7684 6848 7295 7554 6460
3095 2899 3942 5360 4102 3644 3225 4321 3550 3099 5248 5641 4377 3308 3363 2843 4316 2791 3750 3476 4346 3850 4996 5335 4166 2851 5358 5129 3312
6304 5671 5101 6377 7255 6213 7089 6303 5065 6730 4616 5004 6962 7040 7283 4543 6045 7237 6779 4478 6313 7030 7398 6552 6463 4486 5506 5153 5189
4635 2812 4703 4002 2678 4935 2772 5364 5170 4547 3737 4617 3814 4737 5042 4634 2649 4438 3844 2666 3393 4766 5499 4354 2834 5561 3095 5412 5429
6708 8141 7052 5965 6813 7698 7908 6155 5822 6322 8248 5969 5890 7653 6920 7990 7480 8339 5976 5607 5965 6196 8329 5600 5738 7488 7740 8366 7066
5360 6173 6434 3999 4337 3895 3993 5962 5756 4625 6394 3843 5577 5015 4046 4608 3593 4009 6181 4413 5313 3462 5851 5775 5487 4579 4865 5772 3673
8647 8002 6800 6568 7960 5990 6685 8751 6660 7458 7248 6578 6258 7367 7106 8490 8348 6653 8154 6439 8095 8434 5866 5999 6544 5822 6737 5761 5967
4825 5909 6599 5129 3971 6502 6565 4337 5909 5983 5676 4260 6294 5383 3926 6506 4953 4648 5541 5773 4322 5194 4013 5953 6403 4234 6628 5508 4637
7378 5944 6009 6141 7194 5181 5947 5701 6142 6325 5002 5937 5834 5194 7533 4663 4885 4651 7313 6473 7276 4882 6679 5961 6012 6903 6172 4549 5386
6320 8391 8075 7933 7632 7156 8444 5522 7403 7797 7292 7936 7778 6282 8525 5584 6420 8244 6240 6235 7489 7288 6895 5863 6514 7122 7778 7892 6838
5675 4742 6008 4068 6384 5135 4478 4588 5044 5378 5157 4224 4736 5939 4154 7012 4598 6043 5632 5498 7009 4791 6647 6406 4818 5834 6337 4240 6725
2761 4099 2580 2027 3765 4084 1665 3222 2271 1883 3296 2312 2447 4187 4106 2006 3818 3572 3577 2470 4186 2612 4184 3545 3245 2644 2211 1270 3592
6266 6894 7184 6076 6646 6507 5582 7109 7458 6494 5684 5394 5411 6507 7977 8071 7935 6754 7608 7875 6330 5617 5724 8202 7553 5895 6102 5614 7742
7494 6625 5604 7562 6267 8308 6124 8031 8094 7871 5838 5732 7887 8368 5945 6242 6824 5984 6071 6781 7923 6087 5516 5441 6459 7847 5429 8235 5608
2786 4520 5182 2721 4955 5240 3235 4896 5136 3171 3729 4243 4986 4030 4679 4439 3819 3305 3558 5134 2985 3764 4841 3983 4152 2560 3466 2826 3796
4961 6028 4419 5165 7178 5093 5756 4353 4984 5501 4601 5556 5929 6011 5477 6510 6994 5865 7121 7101 6209 4795 6614 6146 6576 6001 5542 4809 7086
3281 4411 5236 5344 4186 4024 5043 3088 2720 4237 2627 5044 4909 2995 4766 4236 2961 4755 3287 2718 4890 5292 3168 4206 2400 5360 2446 4402 3600
4663 3771 3583 3905 3343 5394 5690 3914 5320 3705 3145 3084 4056 5882 5373 3756 5887 3138 4455 3588 5531 5293 4624 5380 3446 4983 3788 4074 5950
5466 6262 5689 5635 5120 6062 4547 4626 4593 6848 6604 5681 6685 5835 6335 4637 6255 5665 4704 4408 6095 7019 6490 6374 4313 4261 4479 5076 4779
5803 5276 4679 3091 5742 4925 4647 3186 3901 3603 5904 3611 4041 3355 6081 5379 3781 5118 5638 5496 3153 3595 4003 4168 3867 3650 5037 4209 3365
4382 5599 5876 4879 5601 6003 3804 4402 6088 5722 3674 6004 3332 3286 5793 4569 6098 5637 4423 4342 3640 4618 5218 3618 3535 3615 5153 4975 5585
4775 6260 4974 5931 4663 6432 5311 5111 5077 4306 6080 5725 4682 4555 4080 5410 4536 5249 5811 4376 5023 5203 4548 5164 5246 6205 6091 5702 4542
6610 5534 5523 5364 7073 6166 4414 3701 4506 4996 5476 3770 3044 3323 6517 6981 6237 5028 3047 3348 7705 3487 5938 6061 6465 3588 7151 5408 8369 1941
5504 3675 5923 6448 5102 5170 4978 3652 5970 6150 8190 2269 3682 4697 6598 7661 6125 5286 2648 3945 8181 3420 7984 7477 7261 2268 6087 6276 7772 4797
5429 4328 7109 7472 6855 7740 5232 6167 6807 4013 5860 2848 2547 3964 6242 6762 7624 4559 4076 3296 5587 4053 6952 7284 7122 2050 7372 6640 7427 2139
7123 3467 6365 6396 5289 7419 5257 5397 6071 6304 7046 3072 3441 3960 7140 6966 6660 6989 1826 3823 7256 2438 7788 5299 6728 2003 7560 4170 7085 2894
7898 4903 7439 7403 6061 6199 6447 5562 4977 6182 7085 2869 3090 2296 7914 6806 7271 4791 3536 4270 7382 4244 5543 6495 6881 2106 6654 5477 6183 3201
7870 5045 5122 6806 5039 7190 3990 4147 5865 6290 6296 3765 3787 3875 7951 7169 6451 5713 2532 2870 6693 5132 6399 7504 7298 3153 6880 6134 5955 2293
7974 5115 6176 6927 4262 5760 4940 4751 6759 5487 7867 3771 1438 3568 6043 6769 6969 6388 3765 3026 6496 2325 7227 5432 6869 3955 7507 3846 6757 4496
6576 3881 6472 6905 5433 7523 3493 5276 5703 5330 8194 3160 2770 4635 7191 5439 7165 4567 1666 3788 7124 4691 7472 6974 6161 3478 7788 6125 5956 3854
7700 5674 8019 7913 4758 4869 4250 4246 6839 4037 8074 4149 1124 3713 6182 7840 7682 6847 1395 2326 8075 3643 5956 6707 5503 4787 7777 4521 7447 1827
6311 4641 7055 5861 5690 5886 4474 3834 5433 4751 8465 3950 2563 3236 6438 6519 5671 5250 2132 1694 6290 4216 5533 5075 5119 1854 5821 4929 6694 4123
6947 4449 6687 7321 6758 6587 3995 6453 5549 3563 7978 3917 2482 3003 7742 6073 6291 7275 3491 1297 5440 4633 6004 5789 6999 4116 8801 6257 6004 4008
6423 3502 5507 5714 5940 7644 6412 3863 4771 4871 6732 2089 2005 3218 6280 8282 7577 6407 2454 1697 7551 2374 6009 5679 6816 1725 7332 5048 8495 4461
5893 4576 6039 5968 4434 5175 5815 4097 6022 3638 6380 3209 2834 2112 7781 6242 7499 6657 1838 2092 6750 4123 7649 7159 7482 3120 5767 4789 7204 4638
6931 5070 7541 5763 5267 7933 5237 4906 6174 3753 6245 3498 2064 2272 7823 7717 7247 7470 1739 2148 6939 4261 8173 6276 7376 3313 6342 3948 6424 3732
6151 5342 7285 6883 4722 6920 5376 4888 4492 4228 7931 4842 2769 3674 7473 8242 7545 5408 1579 3557 7269 4677 8280 7941 7000 3204 7571 5372 6305 2767
5951 4514 7444 8291 6115 7601 5676 3784 5993 4508 8511 2322 2443 1969 6636 7092 5860 6246 2328 4142 6839 2707 5342 5084 4712 1744 8416 4201 6031 3126
7999 5754 6998 5420 4384 5399 3537 3846 5682 6347 5765 4586 2985 4278 8556 6432 7274 5103 3212 3962 6100 4734 5450 5193 7077 2286 8448 6565 7889 3781
6768 3573 5341 8050 7211 5271 4066 6391 6853 3826 8265 2836 3461 4198 7402 7854 6586 6074 1284 2334 7451 2959 5966 7936 5234 2801 6403 6409 7150 4339
7962 3694 8040 8090 7128 7375 5078 5564 4366 4042 7439 3946 2138 4547 7082 7441 7382 6731 3178 3708 5818 2201 7054 7909 6652 3393 5856 6836 5981 3311
6084 4279 5819 6999 7068 6933 4392 6226 6712 5790 8489 4361 2835 4054 6448 5778 5217 7266 2670 3128 7387 3485 6793 6694 7301 3001 6472 6443 5724 4763
6034 3171 6647 5286 4518 6777 5329 4444 6450 4130 6766 1903 1110 4174 8544 6237 5109 7327 2998 2833 5888 4761 8261 7535 4736 3909 6821 6528 5678 2552
5803 5446 5493 7509 5496 6920 4032 4936 6910 3812 6027 2695 1693 2825 8483 6177 7151 5396 1917 2946 5681 4367 7383 7490 5524 3621 6713 4155 6323 3962
5703 3313 5881 5458 6486 6408 6081 5876 6259 4787 8103 4736 3929 3503 6389 7792 4987 5240 2564 2721 7798 3587 5528 6081 6993 4706 8140 6332 6063 3375
7177 3538 7888 6015 5769 6155 5827 3875 4883 4695 6516 3122 3019 2342 8033 8372 7051 6817 3405 1960 7045 4494 5885 5034 6106 3442 7496 5341 6796 2028
8102 3492 5952 8088 6329 6502 4330 4247 4362 5339 6520 4244 2620 3390 6485 5817 6305 6779 1750 3854 6517 4143 7488 5589 6256 4254 6661 4076 6185 2192
7738 4820 6899 7068 6249 6384 5725 3947 6343 4979 8194 3918 3470 3172 8737 7822 7471 5024 3165 1697 7163 3205 6272 7541 7509 2108 7830 6437 8368 2378
7838 4175 7229 5818 6690 6048 6066 6177 5178 4602 7294 3368 1816 3000 5852 6227 5262 4759 3521 2301 7958 3909 7868 6405 5293 1918 6509 6735 7524 3440
6960 4915 5076 5896 5394 6982 4571 5732 5001 3414 6806 3114 1119 4109 6504 6023 5748 7440 1757 3801 8284 4136 5386 6483 4973 4513 7223 6475 5612 3011
5652 4743 6338 8278 6966 7679 6076 3793 6427 4343 6049 4038 2176 2685 7067 5999 5524 7070 3714 2605 7576 2416 7189 6849 6555 4025 7373 4370 6518 2169
22 12 3 5 76007 1.069546035606754
18 3 2 25 109209 0.9644971842126999
1 20 7 24 36926 0.9278426967584655
5 26 21 4 111628 1.020489346866594
13 21 18 13 51463 1.0124281360787748
21 20 11 13 55431 1.0138986096412488
21 20 12 1 100182 1.0904541139986461
6 6 10 12 23697 0.9345912752967853
12 20 3 10 59348 0.9689990207477684
10 10 25 4 81213 0.9170925494209526
29 8 14 5 85447 1.0333253148829982
10 7 28 2 104598 1.0175981238782938
16 16 5 7 62224 1.021916553600142
1 21 17 2 116133 1.031042293915125
21 29 0 12 109105 1.072162845046394
13 29 19 8 84490 1.0725220051140498
10 13 29 9 67414 0.9304522421440357
27 10 12 4 86292 0.9031130715641237
20 28 2 16 91908 0.9954275040527141
26 27 6 4 124683 1.0057050168147028
7 13 16 14 33026 1.0136944679181954
8 6 21 25 103627 0.9733092152957872
20 14 0 13 68309 0.9718563820928092
26 26 2 29 90947 0.9286792880473262
9 16 16 5 69488 0.9279801541144136
25 21 21 29 43967 0.9956329369512869
17 4 9 21 89242 1.0183685148542982
2 19 17 28 85464 0.9889441038506368
4 0 6 20 74999 0.9814248207487328
25 1 23 10 45373 1.0732002126164821
3 28 20 6 111450 0.9529849064148107
12 1 25 0 60425 0.9577243640509099
20 1 2 3 93829 1.0392462369060305
0 26 6 20 33408 0.9081592090853304
26 0 22 22 101844 1.0819702302794354
10 17 13 1 81566 1.0663532159701243
21 20 18 3 69070 0.9994822748073794
5 29 20 17 70724 1.0793041426358454
19 10 8 9 49377 1.061800589849943
7 1 21 20 103713 1.039667028675418
23 17 16 3 78677 0.9146150604904156
19 5 29 27 103298 1.0334778831192595
4 7 24 0 108268 0.9123637685459852
27 8 6 15 79556 0.936540810711967
23 0 13 19 92011 0.9360598439777729
22 19 29 1 98328 0.942461257346663
22 14 9 24 70277 0.9982096030918132
26 18 14 17 36703 1.0425114278173495
7 26 28 3 142244 0.910246215425752
15 26 2 9 98692 0.9062013719759219
6 15 12 26 52640 0.9585694551753077
25 19 6 6 84143 0.971003503134702
3 6 19 29 113695 1.0012636433748912
1 21 19 16 63420 1.0130798359997706
3 11 8 22 52702 1.009787199187261
0 10 10 5 58485 1.0260072293828018
1 4 9 28 103589 1.0151900802025937
9 14 18 7 51977 1.0517887141048265
19 9 29 22 70705 1.0981711432016625
22 15 18 7 37881 0.9087164624827637
20 2 15 16 65126 1.0863730090703947
4 0 28 27 159765 0.9118267340647898
27 1 14 23 123556 0.9960562700507591
2 6 2 27 93266 0.982181823227692
24 29 26 12 72398 0.9024736702158112
18 20 11 23 41754 0.9562012796406134
14 5 26 6 65439 0.9996443107436144
28 9 20 19 62313 1.0038601353681604
17 26 4 23 58165 0.9033886440879612
11 2 21 2 52912 1.0882201795272004
29 22 19 29 59739 0.9047406656530069
3 4 18 3 85431 1.0281199474525546
27 20 16 11 62988 1.0402680080455153
27 5 18 13 57143 0.9593031294892918
20 7 2 15 80037 0.9267375016263975
12 20 4 23 44803 0.9176073367481566
13 14 20 11 33125 1.0887528322248716
0 0 29 25 168562 0.9528437942052201
20 1 24 27 101923 1.0968960432200978
2 14 9 25 65212 1.0358164411363797
22 6 25 21 69658 0.9762313321232998
4 14 5 3 48237 1.0385927134108284
20 13 0 12 57168 1.0697250936024945
6 16 22 2 90250 0.9382919293336769
29 5 15 20 103281 0.9615014695930049
14 14 5 0 74562 1.017362617109689
17 29 16 18 48860 0.9650451610474559
1 3 19 22 108426 0.9747392361193246
19 27 21 12 52755 0.9750842554693542
16 15 3 19 50322 0.9499541362775269
22 24 5 6 100305 0.9407021087002743
3 4 16 4 69768 1.0129532590468693
11 11 9 19 34410 0.9212980237867466
24 1 18 27 106597 0.923158288755645
3 28 12 16 69844 1.0083740262670469
13 4 28 22 112064 1.0268181241064385
0 13 13 15 52807 0.9010258127993547
21 7 27 29 102016 1.0290545326109257
8 22 10 4 80479 0.9013767206290387
20 25 5 5 101270 1.017830254225529
11 18 21 18 23280 1.005743696319681
24 17 10 18 39412 0.989182933494681
29 15 20 1 71746 1.0456195168169038
14 13 13 25 60025 0.927893475173747
12 24 20 17 58374 1.0979558918923524
18 23 29 10 79600 0.9307609092750401
5 7 15 9 49050 0.9760471881891352
23 18 13 22 42838 0.9443033259391966
13 5 2 23 104022 1.0014924953555393
28 5 26 21 81377 1.0716072142103066
18 4 2 13 78013 1.0707807335972759
25 22 19 8 62766 1.0104419512957898
11 25 23 17 60982 1.0481298346951653
15 17 16 5 67297 1.0854832314778444
26 6 7 16 95023 1.0297721288417971
28 17 0 17 83968 0.9954161622896782
0 25 13 9 81452 0.9901933610146937
29 1 18 3 56336 0.9544032247292127
0 13 17 3 95966 0.9767304913683212
24 2 6 3 90887 1.0954363727542686
17 13 6 29 76155 1.0256848529650933
29 22 14 4 111415 0.9561726471394258
24 24 16 5 88745 0.9815409204340056
0 18 3 7 60579 1.0512043806326277
15 28 25 26 51740 0.9031526425056889
24 22 10 17 57064 1.0779918687379304
6 1 0 26 90980 0.9445107567812134
26 14 2 6 96073 1.000471008769782
18 5 24 27 91302 1.0002177307085331
26 8 23 25 76068 0.957585620274203
20 27 27 16 65750 1.0759250038887662
1 11 10 9 39001 1.0729928285322505
1 21 20 0 115696 1.083431067769419
5 29 15 16 60899 0.9105829624470605
7 21 3 29 31034 0.9502555767814898
4 2 23 17 106014 1.0747037436185587
19 20 14 12 39979 1.0892579150887123
13 10 23 19 60097 1.0919759574563959
15 19 6 5 60260 0.9274161062059222
14 29 17 17 63566 0.9560617596447052
13 29 2 7 109479 0.9015472699054048
18 27 26 20 55480 0.9000136381255432
15 0 1 11 91215 0.990826075072846
26 17 6 13 68913 0.9687782110773564
15 8 25 28 106713 1.0870388239568323
7 5 18 9 66617 1.0936287317845723
25 9 6 7 69467 1.0310399608630543
14 12 29 21 71807 1.0833024541724185
1 16 27 13 90028 1.0104990409941603
26 16 11 22 62002 0.9333224399417124
12 11 0 13 41308 0.9721004703463567
26 2 20 10 62223 0.9619366209220148
8 11 2 16 46733 0.9950992226999029
13 22 22 2 97889 1.0926736813819566
15 15 0 4 84401 0.9802319999410476
28 27 21 12 79425 0.9814924887176566
22 8 17 0 52026 1.0646768705298362
24 29 8 3 138426 0.902878449575353
29 7 20 27 105339 1.0690851283443599
15 26 2 5 111505 1.0153426299954091
22 9 28 28 93850 1.0772010568933823
24 10 25 24 62110 0.9282602438039677
17 0 5 26 122335 1.0661287141477165
10 20 6 3 62022 1.011703418485364
24 29 9 29 54966 1.0417055236864032
4 18 26 18 54598 0.9529895224344755
11 25 20 2 98028 1.068858790143445
8 18 4 12 30910 1.0028451905015425
27 1 4 12 101391 0.9703155407360993
25 28 8 21 84085 0.9234395003786586
4 12 2 2 53195 1.0804313463426007
7 2 29 8 111773 1.0232135663774957
0 3 28 28 165979 0.9360517797824458
20 21 10 19 35078 0.9167525944708488
0 19 8 17 33972 1.0414391150096949
28 5 0 17 130119 1.0628429403944817
7 11 12 16 42202 0.9052305074313678
29 22 10 13 85193 1.0872621472861186
19 23 16 7 65950 0.9699489190194577
12 4 17 9 47008 0.9072548032814084
19 18 13 28 55776 1.0053567030453068
3 26 16 15 69843 1.0225792011327925
19 5 23 25 77925 1.07725581825829
7 28 16 23 56715 1.0377821372870553
28 14 5 5 85092 1.089755900923308
1 16 26 24 103555 1.013524529054564
5 1 16 7 68321 0.9423083140971866
7 29 18 28 47381 1.0010561014651607
24 7 13 13 51739 1.0655796917791083
22 6 12 22 84623 1.025050313252083
17 10 27 18 58512 0.9221968630220864
23 12 7 19 60264 0.9914886278810205
1 25 4 9 68264 0.9746083856234622
8 14 3 19 38805 1.0674199863222316
27 29 8 16 96250 1.0588880853385274
10 13 29 0 105387 1.091684432853784
0 8 0 21 64440 0.9992557243001418
9 25 20 29 42036 1.0148598000918696
12 17 15 29 68382 1.0791459193765214
28 15 0 23 110640 0.9033528014477386
0 11 5 21 53959 0.90682447537662
14 0 22 4 53830 1.0410788417648422
29 5 13 27 131969 0.920965954488384
8 8 14 23 80261 1.021277812495293
27 16 12 18 46047 1.005661320639866
1 19 22 6 96112 1.0706237251426787
14 12 0 23 76410 0.9895956208128861
13 7 27 2 85109 1.064508514828268
29 23 9 20 75497 1.037721263796348
6 29 29 4 145116 0.9580048648604047
6 8 4 19 40028 1.0571261886769125
25 22 8 10 91274 1.0869771493796838
16 9 26 3 71074 0.9060872903342141
12 27 19 15 64189 1.01281297903803
12 22 24 12 68807 1.0104735987309408
2 9 2 25 74218 1.087685483362485
14 14 0 7 65486 0.9627856721430899
5 17 17 19 38515 1.065348464847294
19 5 27 7 45194 0.9015986485994832
19 20 29 16 43037 0.9009974884312564
16 4 7 23 106299 1.0253424569418887
6 1 8 29 89514 0.9308312185801721
19 21 26 18 28446 1.051810552744777
20 6 4 17 77586 0.9796263224692675
14 27 1 18 68649 1.07873556436537
6 24 28 3 130654 1.0351981677097222
22 18 16 29 52552 1.037061640904583
13 14 4 28 69889 1.0802371875538423
0 19 12 1 99198 0.9483250437276987
14 29 1 9 104538 0.9556672498649814
7 25 29 10 106829 0.9456699408505576
2 29 22 2 134215 1.079924650766692
19 3 5 25 94960 0.9038589380375589
13 29 29 19 78861 1.091888991171674
3 14 22 11 60923 0.9841293964820256
18 27 13 5 103160 1.0151307193133905
20 11 19 23 43838 1.0705651329608767
7 8 18 15 62039 1.088202117895765
13 15 21 20 41849 0.9049703983922315
19 27 14 4 97011 1.0977688030842832
23 23 0 4 132236 0.9037226925039828
20 8 1 29 108345 0.9505552735921783
17 12 15 3 53760 1.0567688888529092
7 18 20 9 59713 1.0802548232970897
25 29 2 25 77677 0.9312231131505315
12 14 22 21 56619 0.9394236074943381
12 14 18 22 54582 1.0983799118704654
15 6 8 27 104649 1.002236495238725
6 20 10 1 76883 0.9505750244231144
20 5 23 21 68533 0.9093268308815045
7 28 20 19 67637 0.9505092997496054
19 27 27 21 47447 0.9275467303374093
10 1 13 19 81200 1.039361635239627
17 17 26 12 48045 0.9215933678471532
27 6 28 29 101799 0.9227199749155809
1 18 12 18 29521 1.0571134652691785
4 13 5 23 43203 1.0886060482215074
12 11 1 9 42934 1.0739742961476175
7 13 0 1 66629 0.9932693642551367
9 14 16 27 69747 0.986102667721337
27 2 28 27 110963 0.9667063255294691
7 22 22 11 77808 0.9361884587090984
12 21 22 12 55663 1.083789640530169
29 21 21 17 38191 0.9068554335008836
26 25 19 18 44860 0.9827629837926943
23 29 14 17 66422 1.0008423868163134
5 18 21 1 90864 0.9745430478623331
15 11 12 22 57719 1.0583624387510766
12 22 26 4 110271 0.943305149654574
17 25 20 15 45187 0.9075991330069327
4 27 29 4 151078 1.0057974284075677
10 6 28 3 105846 0.9132889038678124
22 4 29 12 51762 1.0536761114084003
22 25 9 19 57404 0.9872744235945542
0 28 20 9 106714 1.0782428908245572
10 13 11 28 64178 0.9197480722442587
9 23 6 7 59097 0.9671646099699566
5 27 26 25 76644 0.9604695906099926
29 15 10 2 105859 0.901504246786448
22 21 14 16 45844 1.0425681175952866
20 27 22 6 83655 0.9930210276684237
28 20 3 23 95320 1.0644418066781498
28 16 7 10 82266 0.9105097717542592
28 22 11 0 130569 1.0537596410886367
5 2 25 5 106818 1.0480210609823803
8 17 23 9 72366 0.9531447031789617
8 1 18 27 126785 1.079719361354884
19 28 29 15 72344 0.9216334445305637
2 21 23 18 64702 1.0844418248615997
26 9 1 24 113661 0.9826307138378312
6 20 12 2 82365 0.9500331377953315
12 10 6 17 42296 1.067915580443569
18 26 20 0 92504 1.066069265304452
13 24 4 3 100694 1.0786289201775887
18 29 24 16 57861 0.91600632761747
23 28 25 12 71076 0.9100865412039647
4 27 11 24 38328 0.9222128278361642
3 13 18 7 62971 1.0218345632579988
15 1 27 16 88087 1.0376785580209915
5 5 1 22 74295 1.0656631074283704
8 8 3 21 63016 1.0235733769892361
21 13 23 0 63049 1.057169910294104
27 16 17 15 55580 0.9897664358260766
4 28 2 16 63071 0.9879860655743905
27 17 6 24 73147 1.088575770597159
22 16 14 1 77853 0.951153600820594
7 0 15 14 76402 0.9004815537941426
0 4 4 12 46343 1.0777714884803413
29 9 10 1 110068 0.962790207633498
28 18 11 21 51262 1.0784212371610309
2 10 21 25 102050 0.973395452240355
6 29 11 1 103262 1.0040688896679268
7 17 12 26 51190 1.0772413807215164
16 16 24 26 61068 1.0573793857417313
14 7 25 21 85168 1.0716651359608211
15 5 17 23 89220 1.0702157387315165
26 24 17 12 74908 0.9343271367314117
17 11 20 25 56050 0.9287210274568196
26 28 0 5 153497 1.093403402493743
25 13 1 24 100582 0.9178746828647522
10 17 3 8 57215 0.92899380985914
8 14 28 0 112346 1.019671302716037
19 18 2 10 71321 0.9953283700760098
12 19 10 3 73487 1.0739243670872667
20 29 11 13 77411 1.0951901451495
22 5 9 0 78484 1.0989169569254453
16 7 28 8 63716 1.0626634823837118
26 28 22 18 51091 0.9857369103327867
15 1 2 29 132279 0.9339094088970097
18 4 13 28 105538 0.9117578602646199
26 10 20 0 68861 1.0564860238291165
7 24 18 7 91073 0.9427835733624013
27 3 9 16 98737 1.0615495206584957
12 21 10 4 74692 0.951898919079445
14 1 3 12 79180 1.0215641864230596
5 18 21 24 65204 1.0748650907039734
4 28 12 15 69344 1.0312940227264977
24 25 7 20 76892 0.9824771391074438
28 24 23 9 76665 0.9837236643594723
12 12 19 5 37427 1.0115135584248727
15 27 1 9 102471 0.9018463606221526
1 17 25 0 128318 0.9235148102126568
27 21 15 23 53759 0.9232590022378726
24 13 23 25 49116 0.9780908423105833
19 7 10 6 44106 1.0729348972606976
21 1 16 24 96439 1.005583752065297
7 23 4 12 45053 1.097691075931199
20 2 10 11 61109 0.9842958664796619
25 10 27 23 59021 0.9393722597080174
7 3 7 13 39426 1.0648515429809622
0 23 2 3 94364 0.9890729253433592
19 12 10 18 41239 0.9567944136644584
25 9 23 24 66760 0.9297786132514595
29 25 18 7 94000 1.056015329340363
8 8 29 0 123673 1.046555199044721
7 16 26 21 72302 1.0039676847200183
11 1 5 22 93067 0.9237860267988892
5 1 19 8 79499 1.0185084428668265
16 21 21 7 63917 0.9603051114349599
8 0 6 25 84939 0.9151219401772195
13 17 26 26 66450 0.9144283013262476
5 9 0 26 71660 1.0294411410457076
10 19 11 10 38809 1.0526911860514963
13 21 4 7 67685 0.9101383498808533
0 16 3 4 66131 1.05346992987821
11 17 23 2 92520 0.9275421961626433
4 12 1 21 48596 1.0552378482268758
8 26 3 9 77269 0.9333166378079424
16 15 14 25 56930 1.063544034743202
20 6 8 7 57929 1.0061298406301682
21 3 28 20 88765 0.969208877379533
18 10 9 6 55849 0.9735888638813088
1 6 22 24 116086 0.9886045699578905
5 14 16 19 46989 1.010446394713089
4 29 17 24 56932 0.9705343471840892
18 3 11 21 80266 1.003425168214114
5 5 27 28 134124 1.053534432228759
11 10 29 0 106609 1.0477663222668356
29 2 25 10 54871 0.9048467521158252
11 3 6 12 48199 1.0603625625302802
16 12 5 27 70525 0.9971725120157374
16 11 27 2 77461 1.0938862968611487
11 13 18 26 71431 1.0069197609181388
12 20 18 5 71739 1.0536387867622312
11 9 1 3 67631 0.9388914438020048
24 29 19 12 70352 1.0310720023181756
25 1 3 15 112866 0.9641678987673166
14 13 8 27 70556 1.035298494226333
14 4 2 24 109454 1.043068298611969
29 9 4 10 87717 1.025959909437867
9 1 18 12 68637 0.9397500933784544
14 0 5 10 78017 1.069497752856726
13 0 20 9 62810 0.965759649040604
16 29 7 22 60853 1.0060511865578705
17 21 0 21 65158 1.0432052263326288
6 5 28 4 111078 1.075603371048302
25 5 25 17 55206 1.0608035473797863
8 7 20 19 77043 0.9013688239321884
0 8 29 1 138686 0.9379200563609027
25 13 2 17 85616 1.0342648904324152
12 22 13 3 91406 1.0736776661172132
17 1 19 9 30980 1.0028895225226266
4 0 24 22 128430 0.9782538015930324
27 21 1 29 104579 1.0170546679968162
22 20 11 29 69056 1.0763138837867923
7 26 29 6 132643 1.0529139936792573
10 6 27 22 106642 1.0489889904163583
2 23 29 8 130413 0.9307558792971187
29 9 24 4 41738 1.0335989261612122
12 15 26 18 50241 1.007272080067226
29 6 22 12 49759 1.0423241165373085
22 11 4 10 57700 0.9623191467429605
17 27 25 0 121161 1.0953543132912336
7 9 28 14 72798 0.9191100704126792
12 6 24 14 68898 0.9819970103222174
9 28 4 6 87276 1.034716403467504
29 10 2 29 124743 1.0229634231158613
12 16 17 9 55834 1.0461090874148287
24 22 15 29 52727 1.0438978982596798
18 15 0 4 93392 1.0922327875328746
28 1 12 13 91902 1.0069605034065674
10 16 16 6 69580 0.9647846477241835
15 24 5 20 54880 0.9957882450974556
26 1 26 25 108850 0.9642515810930281
1 0 7 20 88425 0.942760842264506
19 19 15 7 56282 1.0306976811804207
26 17 0 26 92289 1.091413994221935
15 29 11 4 116723 1.0908323398080528
20 22 5 25 60696 0.9048536876298804
19 13 8 25 72787 1.0460301312327254
21 24 17 10 69133 0.9943278586346784
5 5 13 29 100742 0.9548834449865489
4 25 11 7 75277 1.0302098230775765
21 15 5 0 99233 0.9490384214012794
28 27 3 16 110598 1.0074653824757915
19 5 29 3 65597 0.9363236615004387
11 29 13 10 87243 0.9536278720717632
19 3 6 15 66570 1.0478507895705662
2 6 1 29 95665 1.0423789559480088
16 12 8 0 71225 1.0910895766039277
15 2 9 10 62368 1.0919911718814885
25 26 17 0 112662 0.9757445315003261
15 4 26 24 112788 1.0650514002427665
3 14 13 29 88489 1.0204857814260408
15 17 5 6 63101 1.02848813496932
20 29 0 21 84989 0.9324165689394113
17 4 26 6 57904 1.0232876330412959
11 25 7 0 99948 0.9361483883839469
8 27 1 4 94422 1.0079258293521578
24 27 12 28 56615 0.9461620102911171
22 24 14 8 88601 1.013785038061581
8 7 12 26 86569 0.9237576156553969
26 15 6 4 88100 0.9394080589753347
1 11 12 5 61349 0.9103380156422759
20 29 7 6 107704 1.0111122051511925
9 18 4 28 43718 1.020857600297865
8 10 19 21 68639 1.0535100088868259
7 19 5 3 57879 0.9572152008059427
4 23 25 21 85777 0.9980482905092009
19 20 11 25 39358 0.9908177907466833
23 5 4 25 112117 0.964520538968771
9 22 7 5 65207 0.9243736045403809
12 26 27 11 95145 0.980251855118371
6 25 27 5 117551 1.0231579952608538
17 23 5 27 57786 0.9233224403673963
23 15 26 2 68952 0.9930065603847646
26 9 11 25 95223 0.9897527407688453
1 1 18 25 126900 1.0099448096638703
5 19 5 29 31336 1.0594886005430928
21 11 4 25 81117 0.9661002391676455
22 22 11 18 40638 0.9856500824118523
9 26 24 17 71776 1.0468520670230614
21 15 3 29 88806 1.0759438634250154
3 27 29 26 102836 0.9643201071517615
19 13 1 4 76075 1.0684809751105913
3 23 24 22 87923 1.0685006669021297
16 16 12 9 48986 1.0002077887428937
8 20 10 0 88932 1.0638160314317748
3 29 20 18 70065 0.9299212754683733
7 26 29 8 122221 0.902855597546724
12 14 24 14 50596 1.0347123919928052
21 26 27 12 74545 1.0368891162413043
26 24 22 16 48712 0.9324480724579316
14 20 25 2 101575 0.95646401330848
3 28 13 29 41192 0.9498770679080183
12 0 25 19 110218 1.037178492791987
18 21 29 22 45907 1.0570463291229608
9 3 18 12 61796 0.9455971609742396
14 25 28 29 50846 1.077716465521266
20 24 6 22 55574 1.030590316450141
14 13 19 0 54019 1.0176482906176336
0 7 21 2 106973 0.9877768336004831
20 22 13 27 43952 0.9980864794593586
15 27 12 12 76899 1.0158174976466001
22 0 15 6 50594 1.0133823932881025
21 22 16 9 66408 0.9647720685606086
16 23 5 27 55096 0.9821417170864372
16 8 3 17 77770 1.0845241417855922
5 5 20 12 59698 0.9427766343411821
17 12 11 6 40992 1.0954579316043747
6 23 21 13 70120 0.9179825081648892
22 7 28 21 73705 0.9299879320669912
16 27 24 4 109065 1.0957803472216234
1 22 23 2 130529 0.93666987982702
8 11 13 5 46502 0.9224682888079643
5 24 24 22 77153 0.9326579915202133
1 28 22 27 76118 1.0814003399765106
22 16 4 20 60538 0.9868081635135367
19 12 0 0 95659 1.0068095171634779
22 10 27 2 55705 1.0952039451877986
14 2 19 22 94550 1.0561956026544888
1 17 12 5 87299 0.9418588330242472
25 0 2 13 107493 1.034866965069551
24 29 3 15 106710 0.9028637040114169
12 4 21 25 107150 0.9985635324113109
14 23 25 21 54586 1.046263445537007
21 5 6 26 102989 1.0405812492626918
17 0 16 22 89936 1.002860741478785
14 22 21 29 48869 1.095061768177539
19 27 27 10 78817 1.0284873003847288
12 0 20 17 94234 1.0503823706229385
8 27 5 6 71662 0.9192363805538881
17 16 7 18 34796 0.9157909516813957
10 22 13 9 65688 0.9184078278905836
3 1 14 0 57544 0.9946258969965117
10 27 10 9 81502 0.9869224482473049
21 18 10 22 43953 1.028589826207702
19 3 10 15 64890 0.9724350296113895
1 10 24 20 89295 1.0755139586605935
10 29 13 6 107613 1.0271965534127667
6 27 18 20 58085 0.971822118340691
25 25 7 18 69048 0.9046524534288387
16 9 9 12 32626 0.9749500503326283
27 24 17 9 79586 0.9749816862630556
29 28 20 23 57613 1.0289348789180233
11 20 8 3 74382 0.9700185362758733
2 8 17 2 102400 0.9031567881010599
12 13 11 24 49240 1.0839561658765808
6 26 8 4 71703 0.9051224684250079
15 14 6 19 42865 0.9879009805317812
10 1 12 28 122993 0.9295314915116742
18 24 11 11 72363 1.008310253251418
1 23 25 4 132557 0.9811430393315634
10 21 20 28 55521 1.0699668853372257
12 9 0 14 58097 0.973704396003761
21 10 16 20 54604 0.9495046817061137
27 1 8 21 119486 1.0111862176248043
1 16 20 9 78776 1.0795475545871784
3 0 26 25 146018 1.0746502028488079
7 27 11 0 106094 0.9488560781827429
4 17 16 0 110148 0.9953392411336055
15 4 11 14 61426 0.9981014682150975
22 23 1 24 74702 1.0459814501912241
12 20 15 0 100441 0.9876323434293736
29 0 4 15 129328 1.0950407326342289
1 3 12 6 64813 1.0078007761821108
2 24 26 13 101478 0.919537393147061
14 7 28 11 64674 0.9400972935694856
21 20 1 24 79604 0.9417343774141824
4 6 22 10 70925 0.9006963536021457
17 3 23 23 94749 0.9750275183456134
19 28 22 9 66861 1.0671541594153575
15 9 19 25 70169 1.0044682070492963
25 2 16 27 121410 1.0979134847565641
3 27 19 27 65989 0.9805517328643473
0 28 25 12 108639 0.9461898123510368
24 24 20 6 75275 1.088772382808034
17 4 11 8 46037 1.0121515124483318
22 29 13 16 65735 0.9324617778063943
1 3 26 8 112706 1.0688972665916139
13 0 29 29 148053 0.9210799837223417
8 18 5 4 51492 0.9122742278072019
7 0 23 26 139265 0.9539423350851722
28 14 29 2 62404 0.9684391191146812
27 21 0 24 100134 1.0916620740978722
10 24 12 13 56239 1.0970509562038808
15 10 25 28 95553 0.9877051404877122
17 3 4 22 114637 1.006893482975459
14 11 19 24 60839 1.0503470177138572
22 18 17 9 43080 0.9720997358167887
27 9 0 11 86286 1.0739093155515902
24 1 28 19 84586 0.9765228471546368
23 19 11 12 54699 0.9464610269018567
29 10 10 14 70148 0.9681229255143079
6 23 12 1 91960 1.019830823356281
7 16 11 0 81428 1.0089623345613337
25 29 24 10 76254 0.9412989073650178
12 12 20 29 77129 0.9184518777999195
26 14 6 10 64077 1.0400190470184807
10 11 1 16 47318 1.0780837585053544
24 1 10 7 81759 1.0637340842084466
26 16 0 15 96487 0.9461657586909279
18 2 8 4 63122 1.0203943520318448
1 3 20 24 123456 0.9565526282698964
18 13 24 26 66094 1.0068134876613657
0 2 2 28 113837 1.0459367927509287
13 9 5 7 41069 1.0576928920453217
21 21 4 18 54608 1.0406381198350092
13 5 10 28 111214 0.9939228893018971
0 8 9 2 64330 0.9782202764625743
15 23 11 0 107739 1.0088340427969558
10 14 7 1 58186 1.088115261641909
19 14 6 23 57705 1.0417585623507937
17 26 3 7 105267 0.9694581990299944
28 3 15 17 99784 0.9715403501435765
15 15 17 24 57067 0.9774457560088374
22 16 20 24 41649 1.0970875154821595
29 22 27 2 92825 0.9810123237509165
26 19 25 7 53412 1.0700013727354807
24 3 24 26 92256 0.9267364466251674
13 7 26 17 85593 0.953383096679514
11 14 19 27 63049 1.0497932981311862
28 26 9 29 79293 1.0587878276929754
15 0 6 23 111773 1.0518862620412468
17 1 10 5 49540 1.0543366803547096
6 10 3 23 56774 1.066116345365248
22 4 8 12 65465 1.0448103779779119
16 19 26 11 55925 0.9908445589719629
22 2 9 23 106315 1.0834412747825155
11 19 7 8 50441 0.9760859350970601
21 14 14 25 64603 0.973116537545055
4 29 10 6 86001 1.001346138555715
20 6 24 26 83035 0.9858734620558067
4 29 14 25 43184 0.9627521968998008
26 5 18 10 57147 0.9212858979235933
8 1 21 22 115841 1.0006441397032368
6 17 22 12 53679 1.0967556651586892
2 1 26 23 144311 1.0094412852186712
20 2 3 24 113923 1.0845388309177963
28 5 12 7 87497 1.0635944759135378
7 28 4 5 82099 1.0663889123282586
2 28 23 15 98774 0.9974900609085453
2 2 2 21 86336 0.9249387810580368
13 5 0 19 89642 0.9707977695633958
7 1 19 16 82553 0.9518598142943536
12 21 19 7 63009 0.9159599315877559
0 0 17 26 141493 0.9493904553386973
19 2 9 19 71688 0.955358146039643
1 22 0 3 82658 0.923894024443515
3 9 22 21 94707 0.9767525105163118
23 19 6 20 49279 1.026066600904379
28 19 15 3 96221 0.9850542772053184
14 13 27 28 96029 0.9350817626352252
28 20 23 29 49525 0.9197698223646379
11 1 7 23 93890 1.030760067660123
9 28 1 7 93662 1.0311388529313383
3 16 22 3 105696 0.9231173010771557
17 27 12 18 57077 1.0873630146803643
22 28 17 4 100175 1.057308686460683
6 23 17 29 55617 0.9457413344582165
25 21 20 4 77277 1.0923319519102286
20 27 6 27 56767 1.0457323013199131
1 6 27 18 106226 1.0998407529058256
8 1 15 11 66569 0.9914245465177212
1 0 26 6 131917 1.0205313278900765
22 15 21 0 65416 1.088179013091103
18 0 28 7 72766 1.0465026626302936
28 3 2 22 144028 0.9094657152800103
1 26 8 18 37042 0.9530095723678979
28 23 16 20 59536 0.9562862492798142
18 21 22 4 71167 0.9770366186921833
21 9 4 16 76319 1.063976595484004
7 4 1 10 42758 0.9867297413601804
4 15 5 2 55049 1.0166379008298174
26 12 20 3 50200 0.9013190018797774
9 23 24 6 96596 1.0844626923372627
3 8 14 22 84786 1.032710248702521
12 20 3 12 49791 1.0220849027197407
1 13 11 28 84040 0.9037605788416401
1 29 16 27 62291 1.0252792148972039
0 24 10 15 61043 1.0582384069689705
17 19 27 3 88857 0.9472089313853628
8 21 24 9 80542 1.033523973648784
1 13 15 28 97704 1.000200454210125
6 17 8 7 40243 1.07099712563293
27 29 6 28 77345 0.9723308939747384
8 13 12 4 52391 1.0986423986224285
21 23 21 3 87028 1.0467466538783068
3 15 7 26 54001 1.0073525069780596
20 13 3 7 65934 0.9916788834310123
25 4 0 19 119470 0.98232745515897
1 24 5 10 63494 0.9761125020912568
26 5 0 25 131380 0.9850933446764673
3 24 20 23 66977 1.000527038927785
24 27 3 19 90101 0.982433905247402
20 28 2 12 97196 0.9562494537405649
26 8 18 6 44637 1.0854948212845033
20 18 0 21 62187 1.0860718487756826
7 20 17 27 66919 0.9622175208305824
18 11 1 17 71298 1.028171818826984
12 13 27 28 96377 1.0410961362667326
11 29 16 19 56645 1.003700400408493
16 19 7 25 44553 0.9863914288965163
7 10 17 22 77396 1.036939505319464
26 10 21 20 58460 1.0135515738105467
11 12 1 5 50369 1.008857561107901
18 4 0 4 100393 0.9907433676747628
21 12 9 17 47896 0.957789432076778
2 27 25 9 112754 1.0785747102615273
4 13 4 2 51494 0.9420260394621593
18 18 6 29 55829 1.049554096896431
19 7 22 19 44263 0.92913244115219
28 8 9 27 121473 1.0286012801418085
29 29 4 22 96557 1.0610166938402164
2 5 16 2 93104 0.9956461589827362
1 23 7 12 54507 0.9666005846084705
25 12 26 23 58256 0.9988901174568173
22 13 18 27 63367 1.056214441343141
21 29 25 4 109399 1.0393381578156804
4 25 16 25 36555 0.9624982752788136
2 12 10 16 37759 0.9904720203040105
27 13 15 18 52831 1.0275090336531465
26 2 27 14 57513 0.9630840688692663
27 5 25 28 104139 0.99260105925872
29 27 13 20 85048 0.9044307439704535
23 9 12 13 45117 0.9708606078532538
29 24 26 13 58207 1.0077368294546605
2 20 19 1 104555 1.0834725805929142
27 3 8 10 99019 1.0307206021016722
28 21 10 25 72430 1.0929095511795217
24 7 4 15 81759 1.0734790832171082
17 9 20 20 48929 0.9022519270378832
12 21 27 16 60778 1.0712867067189513
14 21 8 11 52749 0.9118094129157791
23 9 0 12 72235 1.0768376503867458
6 3 5 28 75983 0.9281616265884562
21 22 2 11 88790 1.021969973848866
27 19 9 13 63532 1.084686714378112
8 9 18 21 74692 1.0950590851191704
19 4 24 24 78732 0.9684743301366686
8 20 23 28 81750 1.09687530335566
6 18 11 3 66801 0.951777073715961
2 29 14 23 60760 0.9932118017703662
22 16 6 15 52403 0.9884175954456231
18 6 29 22 82941 0.9065412031256969
25 28 4 23 91776 0.9681781395295004
14 22 8 1 98972 0.9083165516144273
23 3 1 18 111072 0.9002903518075452
7 23 26 17 73101 0.9024884472105204
27 27 0 23 100231 1.0529224170439069
12 10 10 27 81732 1.035979795199816
19 20 4 23 63609 1.0124127300784969
2 9 15 20 76136 1.0755215009593053
5 7 28 18 89808 0.9884854510039331
3 8 26 12 78178 1.0512541255571666
27 24 18 11 70485 0.9455107062497103
27 14 5 28 103119 1.0091140412921995
0 2 28 22 144817 0.924595536677297
19 6 26 0 50080 0.913021553996572
22 24 9 2 118215 1.0963157259776142
23 13 2 27 99357 1.0303966063137555
21 15 12 9 57115 1.0848289997125504
23 10 7 25 90455 0.9912077210579947
2 9 15 14 59550 1.0246105898117195
25 28 13 29 45878 0.9176933980967208
4 2 0 18 78374 0.9057981611106604
25 23 13 1 116768 1.010834308480301
18 8 21 22 58830 1.0357924853942986
4 21 12 2 95012 0.9769813213843432
5 25 12 28 43413 0.9410064911694527
2 18 6 11 33579 1.0192103012005933
24 15 10 8 66143 1.0964430324439658
12 28 25 26 64479 1.0672258010936049
24 16 0 4 109167 0.9128833508792727
20 14 15 23 51991 1.029628460440681
18 13 3 10 53549 0.9006201787050697
9 23 23 25 52294 0.9526356289369211
0 18 9 6 64752 1.016318963729352
4 28 11 25 37478 1.0120169099896588
18 2 6 10 70953 0.9979153921761899
9 2 29 29 149771 1.027006533597497
2 22 19 16 66803 0.9656245920193675
8 8 6 16 38085 1.0915057682158487
26 11 2 14 76502 0.9586595943195898
9 4 1 17 74367 0.9440686787525755
14 20 24 22 50178 0.9584583128759201
29 19 6 7 91996 0.9390542302510374
25 9 4 2 98323 1.0911652443725146
26 23 21 12 63655 1.0797735365494974
28 17 2 28 101952 1.000794314829993
2 4 26 19 115702 0.955457966670043
17 4 29 7 72823 1.089825775461863
27 8 0 26 125951 1.0077824326882328
3 6 24 13 79041 0.9546041479447407
10 12 3 21 46936 0.9717808939561463
21 15 1 20 74024 1.0914810898079728
4 15 21 16 69385 1.0396684760570556
8 10 13 21 54468 0.942925098107754
13 24 22 21 48427 0.9428033918586213
4 26 28 4 140598 1.0376075952868264
7 25 12 3 94074 1.0575145149899898
20 11 15 2 56697 0.9596903072711551
21 14 8 19 54129 0.9794545166329275
15 3 1 10 86135 1.072032196968431
2 21 18 5 99032 0.9982976819863527
18 29 22 14 60674 0.9553895448594348
1 16 5 3 67897 1.0171359159289988
4 12 16 29 91457 0.9992392543397701
7 28 18 17 64437 1.0866970278740202
27 5 6 20 105301 1.0919160692636531
3 12 12 23 64490 1.0871266633464116
17 20 4 21 51192 1.0663457460788455
20 8 4 8 69905 0.942361877874172
25 2 28 16 64468 1.0244457991750142
29 21 22 10 62918 0.995077250083951
6 9 26 19 78044 1.014656768563991
7 18 18 20 34248 1.0688899528669338
27 29 1 23 92931 0.9713987483555837
20 6 12 3 51561 1.0107074830093734
16 3 0 6 91702 1.0055234236159856
0 8 26 12 84266 1.0067544857077073
28 4 4 5 124467 0.9716286364190267
11 14 1 21 55181 0.9802345414677649
23 21 19 10 48593 1.0328067204973446
9 4 10 22 74783 0.9594613487641188
6 3 7 21 56224 0.917787897140133
19 28 24 23 31410 1.0251175473459877
2 15 19 16 70646 0.9517374640284831
4 28 26 28 85896 1.0901873989554587
22 0 5 22 115315 1.0656113182882119
20 17 6 25 57089 1.017643682233746
0 18 14 25 61617 0.9680548582641804
6 10 16 10 36365 0.9129393568284841
25 23 16 27 52429 1.0442725380152365
4 11 23 23 92252 1.0807386580732945
25 18 3 0 116462 0.9231340833653511
24 27 17 12 72039 0.9085167382724901
17 24 6 26 43478 1.02906550765016
19 3 18 24 71887 1.0798554330972208
10 4 22 15 80295 0.9247704679867151
7 10 27 16 83023 1.0390349541810833
6 19 18 3 85066 0.9745168101485113
3 29 25 1 141455 0.906743039170727
28 7 15 26 104842 0.9038214808888948
4 17 3 5 66762 1.025278140695241
17 4 4 26 116030 0.9002182304518012
14 4 28 18 92084 1.0756179499895087
24 16 14 19 40370 0.9686632213436687
20 21 1 19 61811 0.9731709656334657
3 17 16 19 42271 0.9962002713723047
2 1 11 25 105755 1.0201244849350635
9 14 22 29 81361 1.0467707454177089
6 3 15 9 58324 1.0924165224648668
13 7 9 24 83191 0.9196594474624599
8 20 12 5 78326 0.99994652303057
2 7 15 23 95489 1.034550667086397
11 1 29 23 133483 0.9716368816317156
17 10 20 17 40216 0.9847569157105098
5 5 12 8 43927 0.9776716926397848
14 5 20 11 46421 0.93524454613686
27 26 13 23 58612 1.0975805654358775
2 20 22 0 120237 1.0976390092233501
28 14 17 23 75164 1.0724308369986661
12 13 6 20 38258 0.97212466885962
16 6 27 19 71142 1.0307400993406826
14 6 21 22 83084 0.9817446698467502
2 29 27 19 93210 1.0365147047448688
4 2 11 5 49266 1.004852334976019
25 21 16 14 56981 0.932744940898954
29 18 22 28 55586 0.9049439642259001
6 26 21 0 116747 1.0901826717910423
2 18 17 29 81729 0.9236809891033054
29 23 20 26 48368 0.9641823134314655
28 7 0 13 101730 0.9642263327746805
6 29 26 12 97300 1.063094096219454
24 14 16 23 61704 0.9921100149981341
7 18 27 19 49972 0.957670733238294
1 28 14 2 126550 1.0551742996991573
11 10 9 27 72525 1.0890725116498203
18 8 2 10 67862 0.9480307260590497
3 22 26 19 78596 1.0278044372431536
3 14 29 16 92715 1.0953558972685946
5 4 22 29 120935 1.0809324383652823
28 4 11 26 132070 0.9919887646703922
10 15 17 6 64158 1.0668430779322684
2 9 21 5 92101 1.0699607141531449
2 11 23 22 91868 0.982622359716286
7 16 13 29 67814 1.0210387036024149
12 28 26 25 64202 0.9590063061031704
3 2 1 25 96258 1.0789195100340279
1 4 3 26 94411 0.9830291681039147
26 20 29 4 86102 0.9524477371232993
23 7 0 18 98248 0.982498498372711
20 29 4 26 66167 0.9414090928154251
1 23 1 10 57027 1.049002986837272
19 23 7 8 83964 0.9696591741421983
13 29 9 3 113175 1.024441971575779
7 28 23 13 92932 0.9607252205270125
22 13 12 8 50806 1.0636781158675166
28 25 5 7 117352 0.9148204678011216
13 26 1 8 93828 1.082830066025035
0 22 27 8 123033 1.0377713785049771
24 10 13 8 56735 0.9752421918959938
24 12 6 0 81240 0.9438992971425156
29 10 2 15 96419 1.0533388911783965
22 26 29 10 82932 1.0491994356238448
2 7 10 13 47469 0.9373547686257151
6 1 29 0 106452 1.043323054331268
5 11 24 23 87327 1.0187119239435893
16 23 18 8 65952 0.9342999108869925
21 7 17 24 76250 0.9563752718105218
1 29 7 16 53654 0.9461368638173513
3 27 27 6 133984 0.9213236540817965
26 9 17 0 70832 0.995169269918129
27 10 5 13 68174 1.0555862613138607
13 10 3 21 64494 1.0173700637285432
5 12 21 15 57618 0.9300305851634032
23 9 4 16 80476 0.9880934213268573
23 15 13 22 58895 1.0548662062197263
2 28 19 15 81964 1.0524496403827677
4 29 1 5 93034 1.0382241222558768
15 22 5 15 53152 1.0418686523152574
1 23 19 13 82217 0.987776291054394
12 6 3 0 64257 0.9185052235647124
23 28 29 11 85382 0.9447643556946155
10 27 2 11 75833 1.0450642776203407
7 2 19 4 70399 0.9493923285262099
13 20 16 13 39780 1.0168994220352359
25 3 9 29 139719 1.0451232174698808
6 1 19 3 66464 1.0341340725649477
2 14 8 23 61936 1.0308191137148404
10 1 15 15 74185 0.9518604404515291
18 9 23 25 70725 1.0253543593426904
4 18 11 7 58482 1.063598145716832
29 15 18 6 55990 0.9526607154835138
12 10 14 25 75782 0.9056055056602706
28 27 17 15 84750 1.080922005972611
0 4 25 29 150696 1.0134400549826863
23 15 2 27 94203 0.9714661160050723
17 13 8 28 84676 0.9546348319076936
17 24 17 13 58894 0.9475707053190814
17 25 27 13 72586 0.9827212262691118
18 3 9 8 65283 1.064770915328022
5 5 29 22 117528 0.9717244860938362
2 21 6 9 51100 0.972005383185429
18 0 0 15 106838 0.9270804358946655
4 3 21 20 105863 1.014153347111702
27 23 15 6 93065 1.0784747947871
0 21 5 29 44368 1.0455735250283327
20 19 21 29 40402 0.9833688560565467
27 25 16 2 114398 1.0922839549912373
22 11 11 22 62298 0.9343601732078239
17 23 22 29 39565 1.086951583026579
17 23 3 9 98001 1.0831943722724686
21 21 2 13 78021 1.0916451455864835
14 22 0 5 102518 1.030989973700558
10 18 26 11 63447 1.0959520680702295
23 6 1 20 106713 0.9027437902063983
14 26 20 6 82246 1.048228520392021
27 14 14 5 72260 0.969744831200502
2 17 8 22 40285 1.010919827199273
23 29 10 2 137920 0.9140733379780005
4 27 27 13 107798 0.9178724662077627
20 26 10 4 113813 1.0019371180122902
24 3 6 24 114555 1.044097333545666
5 18 1 12 37681 1.0054767447486348
22 23 21 4 82087 1.089070148040851
14 3 27 28 134579 0.9815872147712861
29 17 1 28 100160 0.9573872573475402
1 0 22 18 114221 0.9062078175235028
6 27 25 26 73385 1.0275681211410768
13 17 17 9 51928 1.0627501526752081
10 20 1 17 36282 1.069633256293233
23 26 25 17 40292 0.9077955854066739
14 29 25 5 116065 0.9948016428570654
24 13 28 28 72210 1.0451524114224984
28 8 3 0 126083 0.965367811486563
24 6 1 4 108973 1.0012200472280801
29 28 11 12 108783 0.9461001019346724
29 25 18 13 77552 0.9897379155221167
6 3 18 20 83287 1.0893748404784789
11 21 20 11 54324 1.0363186003981324
24 24 2 3 136362 0.9862417467076416
17 6 18 25 71141 0.9307648376533397
23 25 29 13 65472 0.9967949035528639
16 27 6 14 73810 0.9048018723603033
5 18 26 0 116939 0.9428877680741499
28 4 18 22 98766 0.9763103423418477
1 2 6 10 49272 0.9132518941603861
19 3 3 9 82383 1.0928484240604546
8 2 29 0 102700 1.0855741478782421
7 13 21 4 71944 1.075079331465833
5 2 28 3 117062 0.909092953671093
7 11 4 18 31448 1.0550347815795245
8 3 2 28 100656 0.9906695028349424
4 6 23 18 85051 1.0111131454575213
6 24 23 20 67004 0.996242135656754
25 14 28 1 68702 0.9533494342771873
28 11 29 26 74343 0.9314993753344198
7 18 21 27 67941 0.9863191010901491
11 22 15 11 53915 1.0756838258848813
17 22 22 3 84135 0.9619362293112849
6 2 12 10 54877 0.9462436880002127
20 21 23 0 86228 1.0578249133789963
29 23 29 6 85083 1.0407207457521181
0 20 25 28 110644 0.9597009398175528
11 1 14 9 44698 0.9947265812037351
25 17 7 22 66344 0.9024914851107041
12 7 0 22 92121 0.9741288635119215
28 16 8 17 68048 0.9256416595035397
