5221 5240 5260 5154 5157 5105 5290 5189 5145 5137 5247 5147 5266 5285 5250 5179 5286 5190 5183 5153 5203 5294 5264 5260 5187 6959 6890 6945 7060
1166 1055 1090 1077 1160 1070 1070 1069 1145 1126 1122 1063 1148 1176 1074 1171 1232 1202 1185 1175 1168 4586 4572 4642 4540 4521 4528 4702 4566
6316 6350 6470 6419 6291 6329 6426 6382 6389 6272 6288 6449 6302 6451 6300 6347 6457 6311 6302 6335 6315 6390 6318 6452 6307 6331 6305 8208 8353
5208 5305 5402 5222 5259 5315 5233 5304 5392 5368 1766 1693 1658 1635 1720 1695 1758 1639 1643 1665 1767 1651 1633 1632 1730 1693 1758 1664 1722
7649 7724 7714 7673 7689 7725 7726 7651 6295 6249 6278 6176 6302 6294 6228 6200 6304 6310 6260 6181 6244 6222 6168 6195 6287 6232 6249 6178 6221
4209 4196 4190 4173 4126 4174 4116 4094 4125 4214 4161 4198 4153 4131 4153 4083 1191 1289 1169 1205 1271 1221 1211 1165 1162 1231 1213 1129 1164
8636 8722 8587 8666 8671 8687 8625 8717 8641 8660 8642 5857 5914 5811 5813 5807 5963 5792 5888 5834 5854 5818 5894 5974 5863 5813 5879 5828 5856
8002 8025 8008 7846 7933 7966 7858 7999 8006 7919 7976 8008 7962 7877 7978 7959 7948 8027 7979 7974 8756 8776 8831 8876 8860 8823 8844 8813 8795
4061 4043 4078 4079 4103 3958 4102 4101 4127 3999 3975 3998 4094 4054 4065 4060 3967 3935 4082 4079 4117 3974 3951 7191 7098 7255 7244 7089 7066
4357 4357 4458 4341 4316 4287 4410 4404 4316 4357 4290 4465 1427 1280 1246 1424 1395 1382 1395 1374 1271 1283 1325 1252 1279 1249 1303 1417 1307
1888 2019 2015 1896 2041 1868 1874 1877 2018 1946 1932 2049 2042 1955 1999 1922 2022 2023 2018 1987 8062 8050 8009 7984 8060 7979 7992 7936 8103
6868 6726 6760 6734 6685 6812 6806 6722 6776 6885 6765 6812 6687 6742 6780 6886 6793 6691 6700 6879 6817 6761 7242 7261 7280 7339 7318 7139 7268
2350 2293 2254 2310 2284 2269 2246 2243 2326 2324 2207 2171 2303 2292 2349 2167 2235 2253 2449 2443 2507 2384 2468 2356 2362 2513 2370 2346 2376
2471 2386 2427 2409 2476 2411 4515 4595 4464 4514 4477 4601 4560 4489 4560 4545 4444 4597 4522 4593 4542 4604 4534 4589 4576 4506 4605 4558 4479
4572 4593 4521 4532 4517 4518 4647 4561 4590 4521 4594 4663 4497 4471 4539 4638 4554 4590 4582 4543 4483 1297 1153 1299 1257 1191 1223 1108 1219
7481 7612 7567 7588 7544 7514 7488 7642 7593 7507 7531 7496 7470 7471 7582 7567 7600 7640 7558 7643 7615 7629 7652 7501 7549 7537 7443 7533 7455
5503 5498 5458 5611 5564 5479 5489 5518 5441 5444 5464 5572 5633 5577 5451 5577 5535 5487 5553 5555 2089 2024 2067 1963 1924 2039 2101 2063 2021
3734 3881 3807 3803 3850 3748 3705 3882 3840 3808 3765 3742 3737 3843 3825 3903 3733 3895 3795 3767 3709 3752 3854 8295 8179 8325 8283 8291 8341
5157 5174 5338 5179 5144 5215 5308 5297 5158 5203 5323 5219 5274 5266 5336 5237 5276 5162 5272 5304 5139 5244 5148 5289 5282 8464 8494 8565 8412
2071 7513 7450 7368 7425 7558 7398 7556 7387 7378 7389 7405 7563 7373 7531 7509 7501 7412 7423 7475 7529 7469 7405 7405 7433 7429 7524 7535 7558
7108 7211 7075 7195 7155 7162 7208 7048 7217 7167 7071 7136 5760 5706 5601 5690 5628 5767 5741 5748 5716 5596 5603 5641 5772 5596 5778 5743 5635
3412 3415 3345 3327 3451 3428 3315 3331 3450 3385 3369 3401 3457 3275 3275 3454 3300 3366 3395 3438 3402 3298 3295 3338 3442 3440 8490 8487 8445
8318 8215 8230 8286 8322 8142 8291 8285 7017 6943 7112 7011 7128 7013 7040 7138 6959 7027 7051 6964 7125 7032 6971 7086 7110 7131 7100 6939 7088
2967 2952 3072 3049 3022 3044 2887 2953 2997 2886 2941 3004 3060 2889 3004 3066 3022 2899 3054 2955 3001 3069 8753 8664 8701 8722 8753 8780 8860
5685 5675 5583 5758 5560 5670 5667 5650 5639 5696 5689 5682 5720 5729 5717 5750 5718 5744 5717 5693 5655 5631 5737 5654 5648 5717 1529 1393 1529
6299 6265 6158 6169 6180 6310 6153 6194 6208 6152 6179 6184 6222 6207 6238 6222 6224 6299 6302 6161 6349 6151 6238 6223 6333 6262 8242 8199 8204
4316 4327 4412 4321 4375 4421 4402 4327 4464 4468 4476 4413 4395 4386 4497 4493 7394 7491 7341 7443 7383 7509 7399 7430 7447 7379 7494 7412 7488
4308 3630 3680 3623 3641 3608 3666 3728 3589 3632 3635 3744 3683 3711 3669 3717 3695 3606 3728 3609 3658 3774 3764 3650 3733 3600 3703 3740 3641
4786 4702 4761 4786 4781 4785 4767 4785 4786 4744 4807 4817 4815 4797 4631 4796 4694 4760 4790 4651 4808 4794 8323 8411 8421 8488 8415 8409 8406
8069 8068 8225 8160 8133 8193 8087 8202 8091 8119 8196 8110 8093 8149 8231 8091 8081 8207 8125 8135 5019 5000 4985 4992 5015 4979 4939 5064 4929
4279 1854 5909 4180 1613 1436 1603 4965 3226 6912 4909 8170 5519 1465 2260 4302 1275 5613 5448 4394 3077 5758 1850 8382 4305 1950 7408 2892 2970 5299
4341 1889 5952 4229 1588 1532 1511 5012 3215 6926 4853 8088 5530 1431 2284 4255 8908 5541 5496 4383 3069 5650 4960 8467 6997 1950 7396 2851 3005 5375
4355 1838 5985 4243 1634 1473 1596 5048 3190 6897 8284 6918 5530 1413 2256 4154 8751 5623 5419 4310 2980 5644 4997 8378 6945 1908 7407 2804 3011 5393
4308 1782 6030 4164 1556 1524 1546 4854 3160 6865 8349 6851 5501 1493 2379 4182 8880 5569 5501 4393 2977 5738 5040 8575 6970 1812 7335 2734 3055 5359
4233 1800 5918 4181 1630 1531 1537 4936 3117 6869 8310 6872 5516 1436 2361 4156 8720 5676 5394 4338 3076 5765 5030 5407 6921 1902 7370 2845 3088 5408
4412 1755 5984 4220 1626 1514 1544 4907 3202 6874 8220 6953 5428 1459 3960 4216 8770 5646 5506 4390 3082 5762 5110 5478 7019 1862 7299 2835 3021 5392
4257 1863 6021 4171 1627 1458 4172 5049 3108 6924 8219 6896 5548 1452 3900 4123 8911 5569 5372 4381 2988 5742 4925 5467 7017 1859 7301 2888 3061 5409
4316 1877 5859 4097 1687 1541 4130 5025 3179 6924 8183 6941 5409 1400 3968 4220 8782 5621 7165 4243 3130 5757 4992 5501 7010 1968 7408 2712 3078 5328
4234 1880 5887 4127 1659 7485 4022 4875 3147 6955 8265 6991 5482 1424 3895 4198 8874 5661 7126 4421 3154 5822 4927 5525 6979 1877 7310 2784 2953 5327
4262 3814 5909 4145 1635 7408 4172 7871 3037 6973 8309 6904 5933 2847 3871 4196 8726 5528 7158 4313 2982 5768 5066 5505 6977 1878 7292 2714 3000 5389
4234 3932 6011 4220 1672 7462 4169 7870 3045 6939 8366 6943 6015 2729 3845 4242 8765 5487 7200 3503 3136 5751 5014 5465 6999 1873 7301 2855 3100 5466
4323 3970 5990 4262 1677 7437 4175 7761 3159 6953 8298 6917 6079 2763 3950 4266 8723 5594 7246 3518 3142 5683 5015 5503 6915 1832 7392 2806 2966 7134
4246 3978 6001 4099 3469 7360 4175 7910 3144 6918 8242 6886 6072 2771 3985 4286 8864 5562 7184 3568 3065 5662 4919 5395 6980 1816 7393 2709 3124 7115
4297 3898 6034 4246 3537 7331 4145 7873 3180 6834 8350 6845 6100 2822 3933 4396 8745 5556 7222 3546 3068 5722 4941 5533 6958 1835 7441 2794 3134 7232
4367 3917 5968 4287 3525 7479 4023 7808 3099 6851 8218 6831 6002 2734 3945 4350 8861 5487 7185 3493 2995 5774 4934 5457 6853 1958 7432 2756 3088 7141
4245 3971 5870 2159 3629 7403 4063 7832 3034 6873 8221 6867 6002 2814 4007 4411 8913 5664 7217 3541 2954 5762 5096 5402 6873 1842 7261 2750 2960 7249
4287 3818 5900 2202 3525 7369 4017 7919 5837 6882 8179 6847 6052 2716 3904 4270 8876 5518 7276 3592 3133 5726 5069 5511 6880 1828 7432 2809 3126 7177
4240 3864 5882 2180 3515 7453 4024 7750 5760 7011 8311 6825 5986 2791 3916 4248 8728 5501 7261 3592 3042 5690 5096 5403 6855 1958 4711 2865 2995 7125
4299 3857 5997 2167 3555 7395 4098 7808 5661 6906 8280 6905 6049 2756 3998 4230 8900 5628 7215 3546 3046 5650 5031 5478 6881 5007 4836 2767 2962 7184
4260 3853 5970 2155 3596 7446 4090 7828 5766 6911 8273 6987 5997 2673 3810 4292 8847 5633 7228 3515 3100 5776 4944 5569 7010 5179 4736 2864 2994 7097
4274 3896 5938 2216 3583 7408 3982 7741 5660 3599 8221 6924 6111 2703 3984 4349 8898 5500 7221 3625 3089 5764 5037 5562 6868 4978 4739 2736 3117 7140
4366 3884 6045 2196 3512 7325 4091 7825 5820 3648 8249 6846 6053 2725 3895 4255 8808 5516 7130 3516 3044 5754 4970 5478 7017 5051 4716 2740 3006 7189
4372 3981 5870 2173 3589 7477 4067 7812 5746 3770 8323 6888 5988 2871 3977 4317 8888 5506 7193 3573 3067 5796 5081 5578 7024 5157 4709 2824 3037 7173
4425 3951 5894 2329 3523 7407 4096 7859 5729 3665 8252 6943 5989 2800 3896 4263 8747 5670 7261 3593 3052 5657 5043 5396 7040 5149 4869 2713 2982 7216
4325 3980 5872 2294 3614 7334 4030 7737 5658 3702 8274 6816 6007 2779 3878 4303 8762 5495 7124 3668 3045 7213 5000 5400 6897 5051 4746 2906 3046 7201
4339 3885 6036 2188 3611 7423 3975 7776 5707 3691 8342 6895 5959 2799 3861 4280 8850 3051 7132 3634 3131 7210 5077 5554 6860 5158 4698 2785 3575 7180
4417 3978 6021 2288 3558 7494 4084 7819 5687 3757 8329 6864 6092 2676 3959 4222 8762 3147 7231 3587 2954 7272 4980 5569 6916 5158 4821 8494 3583 7235
4497 3977 4876 2228 3474 7463 4086 7850 5761 3682 8190 6860 5968 2762 3978 4240 8893 3003 7300 3608 5825 7324 5086 5553 6943 5002 4837 8339 3602 7124
4452 3959 4834 2297 3634 7403 4168 7901 5711 3675 8349 6945 6086 2863 3819 4389 8752 2993 7275 3625 5894 7317 5079 5526 6952 5175 4826 8365 3653 7198
25 25 16 28 36678 0.9727022106485266
12 2 22 1 38609 0.9810495403204833
7 10 26 6 85289 0.9045917717277737
28 22 6 28 82383 0.9384205956869925
7 14 5 26 28211 1.0911852834685278
27 13 15 14 39327 1.0979806746514942
13 3 29 9 64292 1.0443263220449386
25 2 14 19 83872 1.0383816840927864
24 14 8 26 69965 1.0123822456847371
19 19 17 3 68012 1.0797323952865578
17 24 6 0 78377 1.018686102085161
20 28 0 16 62648 1.0429711020637014
6 19 13 12 36837 1.0053543102029447
8 18 1 0 39722 0.9245525354888369
12 16 13 0 40343 0.9553115395622593
27 27 16 28 38163 0.953745936674299
1 29 8 12 47199 0.9142809583890456
8 27 25 19 60174 1.0541504750177482
0 10 18 24 57758 1.016268423426526
6 14 8 22 27064 0.986637121410329
4 11 8 23 37766 0.9328219697600334
12 1 24 29 89000 0.9164374174347466
17 11 12 0 47956 0.9387199211552834
3 21 29 5 103734 0.9953687796687309
0 19 8 23 37820 1.0260140785300935
20 20 9 16 39209 1.0393428721076692
16 12 4 14 37340 1.0204297654588488
7 15 16 12 36057 0.9370051235620336
24 0 13 9 60267 1.0365279343467422
7 13 25 0 76267 0.9229849623487278
5 5 17 8 42595 0.945712891075476
11 1 3 20 48741 1.0486525093779286
9 13 25 6 67569 0.9054228133354469
18 1 13 10 49665 1.0220474452835093
20 10 6 20 69151 0.9451996292783065
10 20 14 3 45046 0.9245767224243848
19 6 7 4 41056 1.0022793151427718
27 8 28 20 48668 0.9043921355142553
2 5 25 12 72369 1.0043794759337195
21 23 27 10 59111 0.9138733480469156
2 1 24 25 89216 0.9407189189293883
21 12 22 2 39847 0.9618863994258535
16 22 10 27 23332 0.9585515155930892
9 7 3 0 36280 0.9389606309574156
13 18 4 19 37690 0.9345688649082798
12 4 17 11 38749 0.9907759108333545
12 19 11 7 34957 1.0361811139783668
25 5 16 10 62202 1.0877223312129567
1 4 22 16 72543 0.9539648754774136
2 15 22 12 58802 0.9797001585766603
13 14 27 12 46831 0.907085146582748
29 5 19 0 48829 0.9990405101841421
17 2 13 8 33107 1.0563113480183266
29 16 10 0 96487 0.9778787591130549
3 4 12 5 17053 1.0647943427187383
8 16 2 2 40355 1.0026765443493466
5 17 29 18 90029 1.0024561806251708
2 25 22 17 67414 1.0404954164134146
16 25 10 7 43651 0.9732513773683178
24 10 15 0 60354 0.9457742833155863
7 1 22 1 54409 0.9016238528599761
15 22 5 5 60164 1.0193933812511908
0 13 29 4 81035 1.0531324635888246
1 24 13 17 48055 0.9669641261266054
0 24 26 17 90021 0.9289990951053216
22 15 9 22 55974 1.0359114866994923
28 0 9 3 66356 0.9863437523890326
22 10 9 16 55545 1.0674637809042042
16 10 10 17 41200 0.9161226377042868
14 4 18 25 63575 1.0899297709925102
26 12 8 16 62272 0.9257431463685398
20 5 9 9 53868 1.0440398706258514
4 22 16 3 67256 1.099927181694553
9 2 21 13 57739 1.0567657988338253
13 10 8 18 37115 0.9975772207505004
25 0 13 7 55533 1.06991074422095
27 15 5 24 81783 0.9478801841156884
2 4 25 14 72447 1.0452203621386367
27 10 8 7 78256 1.0170312612316217
10 29 23 3 82273 0.9126530510335472
24 27 20 11 73323 0.9029743840048785
22 8 0 3 73410 1.012676334168881
1 19 12 15 31528 1.0571575894299297
0 5 1 18 16104 0.9988913058672518
21 6 0 2 63763 1.0762249393635805
5 15 6 29 25096 1.0232382691008493
26 11 2 23 89749 0.9598450007740891
21 24 23 12 43393 0.9409420048081065
9 14 6 23 28588 0.9121275119416327
20 2 1 13 60313 0.9918281066470529
14 28 4 12 42135 1.044324727233612
29 2 23 14 53654 1.0935049548796387
22 18 26 24 47146 0.9592889426210128
5 21 15 4 57495 1.03797535564668
0 14 0 26 36528 1.061776295604478
26 27 21 8 82294 0.9680217686207091
0 9 28 24 108327 0.9163066627901915
1 27 21 16 72396 1.065122788296559
15 0 14 25 70809 1.057315160121574
17 1 26 22 92697 0.9710719305782063
2 27 9 22 21391 0.9797246409357815
9 4 7 14 31272 0.9438221246735836
10 14 20 7 60361 0.9953593011711843
25 3 8 20 72975 1.000789564429962
15 3 21 14 50268 1.0181134008922925
19 14 9 7 48534 0.9356619613155023
12 28 12 17 26451 1.0912475817393026
4 25 14 14 43678 1.0295124421164366
25 0 10 1 58879 1.0922273098780628
27 1 13 10 67774 0.9263223744125703
28 22 24 28 37020 0.9939331156133715
1 24 28 18 88489 0.9254561861645761
22 20 0 0 79440 0.9321507006179011
14 13 23 6 45511 1.0281155627827046
20 3 1 18 59093 1.0471064262032104
21 19 3 20 58597 1.0017429702581384
27 28 17 7 100790 0.9727127077735767
17 21 16 4 68072 1.065574830834139
6 25 18 27 28532 1.0838066345342454
28 26 27 10 63813 1.0551744957536864
29 23 9 4 107546 1.022333133926276
14 3 5 9 40931 1.0953212047953564
5 6 5 17 32579 0.9597479996758556
28 13 0 5 74288 0.9377052791949204
21 26 11 21 45094 0.9937707769383601
25 21 26 4 70877 0.9507235920946638
25 2 7 23 90884 0.9252696276228272
10 0 13 13 33728 1.0397389194011386
6 0 1 20 37340 1.051098400738353
28 16 13 21 65902 1.099237885668198
0 23 11 18 48132 0.9242202147395697
13 13 25 27 67725 1.0243875253743777
28 8 19 6 45570 1.0972788176580737
10 10 12 0 24180 1.020691546862256
13 1 19 20 68555 0.9103943346464366
2 5 8 22 38830 0.9363918371117046
24 16 23 6 36634 1.0758127323576863
2 26 26 17 87265 1.0360274197940684
13 22 21 2 77206 0.989349766186189
5 10 1 18 24140 0.9453394289148749
5 22 3 13 20300 0.9023075220670976
15 6 13 16 41635 1.0968801403310457
22 25 5 14 62807 1.0641896334836576
22 21 23 3 59529 1.0525297802019824
13 23 17 16 36738 1.0595840547159097
29 9 11 11 74872 0.9160181332709897
8 28 14 0 64130 1.0086675818729216
0 10 19 3 52659 1.0822392337138798
24 10 29 1 51658 1.0483214491093737
5 26 9 16 20753 1.0885041278791883
10 27 26 18 70157 1.0897799536359614
13 16 23 22 54764 1.0075170012684798
12 6 12 18 27116 0.9701008699014002
24 27 22 5 87536 0.9479013274887949
27 2 1 6 64859 0.9687780982087804
1 17 15 10 52065 1.063566245856841
9 17 14 23 22351 0.9835439371740506
6 27 13 11 46541 0.9157073592649146
11 13 24 10 50396 0.9091890187845394
24 6 19 12 42614 1.009113370299753
22 2 3 15 71043 1.0478276966465603
28 17 1 14 80248 1.0350391534198735
24 29 26 21 44509 0.9006769284931018
24 20 2 3 82198 1.016337329291215
20 20 20 5 61136 0.9762126036107195
9 9 13 17 35039 1.0148800953781139
0 2 17 14 55596 1.098088156278552
23 2 9 15 61300 0.975941576354529
10 4 18 17 57801 1.0455967488397313
0 4 27 16 83960 1.0140518251820456
21 22 8 26 50618 0.9600286019119105
4 26 13 5 61394 0.9639478071482535
23 19 5 17 61835 1.0202457571934858
10 11 22 6 57297 0.9041139869609774
11 15 3 26 34791 1.0265007024535524
13 12 2 9 38563 1.023533354315042
13 3 18 28 70552 0.9508680362491373
24 17 11 11 59418 1.0452813608075233
28 10 19 6 48308 0.9827961868326323
28 16 17 13 43989 0.9002494346057325
10 23 24 26 49037 0.9917419125162077
24 25 9 10 72806 0.9115043430029013
24 21 13 22 46849 1.037343455806093
26 17 3 1 93342 1.0774574232358358
19 25 22 4 84315 1.0721930682959973
11 3 28 11 78529 0.9566156977012604
15 11 23 4 60251 1.0009304393637226
18 21 29 10 77978 0.9845262828431514
24 20 13 16 51746 0.942501794295288
3 24 29 1 105115 0.9047852963219017
29 20 23 1 80657 0.9181830763578197
29 23 22 4 85729 0.9210962656241766
24 27 7 20 52166 0.9087186068179381
23 20 2 15 68532 0.9592106482306691
23 18 18 13 28608 0.9243717943579397
18 28 0 27 48203 0.903583710331172
25 18 3 24 74150 1.0819745449626372
10 2 26 4 50251 0.9149987027735643
16 5 3 0 48982 1.055061331518746
3 10 15 1 54431 0.9625924178832405
25 19 10 24 61020 1.087092900104822
25 15 24 27 58960 1.073190919167562
0 17 22 16 72552 1.0495490581676854
13 12 29 2 76923 1.042170331530564
12 25 15 8 49019 0.9487175692116864
22 9 0 16 66583 0.9845917508143349
4 28 25 15 82411 1.0422788008248853
23 21 20 1 68758 0.9831320991126561
11 6 19 28 64547 0.9239237345563366
10 12 24 5 62945 0.9861372420034
15 28 12 16 31612 1.0326824945030069
6 11 1 1 32198 1.0585545520922692
21 2 14 26 81009 1.0489952057839738
8 4 26 17 83006 1.0360906452477876
22 27 13 12 63842 0.9412659780308652
11 15 16 20 27895 0.955785685869885
25 19 9 0 90790 1.041259113535237
6 1 11 9 31981 1.0890127979258797
27 14 8 25 71263 1.0716799423712942
22 7 21 24 65054 0.9766280789430511
12 21 19 27 29582 1.0605572188399208
21 10 7 18 64364 1.0675886600515798
8 6 26 7 70893 0.919829191870414
29 9 21 18 55371 1.0039772901888404
21 11 10 5 52736 0.9301974468480396
14 1 21 17 73046 1.0837465191479376
27 6 26 28 84617 0.9852091139990746
23 1 21 25 79642 0.918300928493253
18 16 2 28 67874 0.9904044067697804
16 12 27 2 66061 1.0120048615263544
21 22 13 16 49283 1.061105197230118
15 28 27 7 94705 0.936843194562419
7 16 5 8 45433 0.9377130713119076
13 4 29 6 56615 0.9420107248095011
8 29 3 13 35173 1.0481277799570656
11 6 18 10 42917 1.0005143185492928
18 21 10 5 59206 0.9385055583287927
3 27 9 12 32064 1.0247823192600871
28 20 6 15 80381 0.9882956161649755
27 29 6 21 72797 1.0562570542849916
16 0 22 24 102194 1.0994320226477166
6 22 14 29 30189 0.9286692617326588
29 25 11 20 77683 0.9874791498083336
19 10 7 4 59905 0.9475035463924074
0 24 13 29 42644 0.9595392991255827
21 0 1 29 104000 1.0001109943924442
27 28 13 25 43670 0.9838127640083559
16 16 10 0 58618 0.9574436803143339
27 29 20 9 89141 0.9143288398801287
8 28 11 20 19450 1.0819156075212901
6 17 24 5 90030 0.9319130731002464
10 16 3 28 33837 0.9881758284446236
15 16 25 24 77100 1.0200072659176642
18 13 12 29 54518 0.9254564154668808
7 27 2 11 42274 0.981990949996718
17 23 9 10 48520 1.0156172327996962
25 13 14 21 58421 1.0755807244642566
0 6 27 3 62782 1.0178162980930396
18 0 7 12 68898 1.0215501818693842
21 12 26 27 68689 0.9677744709849454
7 26 13 21 32630 1.008857691051777
15 18 16 28 32924 0.9710342441178678
9 17 28 14 62673 0.9789356383102998
13 22 2 10 48260 0.9968286314969388
0 18 24 21 83785 0.9915582355400631
25 8 5 10 82428 1.0753634124139102
2 4 17 21 60749 0.9373913595779048
2 11 18 23 62230 1.011465719532381
20 5 7 20 75129 0.9403628440285327
22 15 24 3 42382 1.0646400910854907
25 27 7 2 96088 0.9656341175271816
18 20 20 28 34522 0.9663916022566168
13 9 22 6 47486 0.992743032955725
19 7 28 19 77582 0.9588726451432364
26 15 12 25 66881 0.9635391669717175
14 12 17 0 60271 1.091781536133031
12 19 19 5 65668 0.9083995311575941
4 22 20 5 86192 0.9360081164941604
2 24 9 19 27279 1.0476276589060165
10 7 23 20 65671 1.0238791727558103
5 17 3 28 18522 0.9045289765141571
13 29 27 0 112694 0.940071059532016
8 0 3 17 39712 0.9099499599317317
26 11 19 7 49770 0.9336797590383787
6 20 26 5 89977 0.9884556119457526
28 11 1 8 79275 0.9502423421188134
12 27 16 3 66785 1.0326923816512434
9 13 2 3 26787 1.0827699561790463
23 9 13 26 74509 0.9582181197147548
3 13 21 11 48641 1.0235739729291402
10 14 24 3 57139 0.9363635167102424
27 23 6 22 82463 1.0810951706005043
19 29 12 25 29862 0.9211222437542561
4 3 8 25 51715 1.0096525841042454
24 23 11 12 75023 0.9711041121431685
26 19 18 4 73458 1.0653394651618562
15 29 12 11 48166 0.9493608504668308
9 0 9 11 32540 1.062278371082106
27 29 4 28 68937 1.0664320142728223
4 7 16 5 48209 0.9156088832560813
8 15 21 11 46701 0.9804331544128873
20 29 29 14 86964 0.9556994673535955
16 8 28 11 64696 0.9347126265530531
23 9 9 5 59111 1.0337707049612312
6 19 20 5 80516 0.9103669370075542
23 17 13 1 72618 1.007178231262488
0 1 16 21 59484 0.9136381543954076
26 16 16 25 62106 0.9023702982209242
7 7 26 11 78351 0.9544793696497532
9 13 1 17 16161 0.9843733850159073
10 24 3 9 40753 0.9771969670582326
5 7 20 4 51900 0.9422029418583105
16 18 1 23 58529 1.0311106442401736
4 25 9 5 50418 1.0337116866975973
15 24 1 1 57953 1.0070417288571696
16 26 2 9 53872 0.9680418176712069
12 22 15 14 30650 1.0631828709970637
1 22 2 5 24314 0.9182969065732453
16 1 4 7 50962 1.0612876237277094
11 24 29 9 96299 1.0425831131281944
10 28 27 21 67074 1.000263131482922
15 26 0 23 45392 1.0829477375870598
4 5 0 21 28483 1.0461694102417562
10 0 21 8 55509 0.9637618851654984
0 1 25 1 68881 0.9460635233209665
1 2 11 4 18481 0.9835466343027965
18 26 17 4 82718 0.9360329770491641
14 23 21 4 80444 0.9053429091401866
7 28 27 6 101352 0.9626410727330362
24 18 24 5 52635 1.0588295366111238
3 29 26 3 96148 0.9421504177738907
15 26 0 26 41904 1.0749154286442164
16 16 27 8 63371 0.9796334093178459
12 26 25 1 93659 1.0546833272012706
1 25 11 9 48799 0.9462776786431383
21 9 26 23 67901 1.074780840014942
29 5 24 17 68436 1.083854939156601
28 14 29 28 62879 1.0040725442687497
15 12 11 21 40175 1.0207005853818574
23 16 5 6 73115 1.0420638369925799
0 7 11 4 24579 1.0728500090976774
6 25 0 12 34876 1.0683399142332972
2 2 16 8 47609 1.06674078407374
18 2 3 28 82046 0.9343025976935904
26 5 7 29 103046 1.0634629356428158
20 29 7 18 59968 1.0463723815724522
5 19 27 7 93531 1.0047679945656216
0 1 4 17 30270 0.9423731922103455
20 9 7 27 74284 1.0436010052056708
16 15 6 25 49231 0.9654193616027633
16 25 25 6 81331 0.940835113836213
16 18 14 2 68158 0.9874127447874725
23 14 16 3 48021 0.9561202157064981
21 24 11 26 39014 1.042350286661534
2 22 1 4 28902 1.0740736372017627
29 26 27 12 61260 0.9814354150891818
9 6 9 20 30253 1.072751283965071
4 29 20 19 58365 0.9546109849105122
3 27 29 6 114176 0.9006874564130856
27 17 18 18 44863 1.02726218059606
19 2 20 12 48389 0.9120845743770764
24 5 0 19 83389 1.0101536539691465
5 27 27 3 90717 1.0117995567782923
16 25 10 0 57252 0.9078712538325765
6 28 26 8 95095 0.9780530218743932
18 22 10 3 66107 1.0354932770310152
5 26 3 2 49805 1.0035987769338743
22 5 12 8 50635 0.9555170572081008
19 23 28 5 93728 0.9456391382636452
5 16 23 27 55209 1.0748705601833541
6 20 9 3 45238 1.0196926845941745
19 22 12 19 33834 0.9912765632166828
14 25 17 9 58813 1.014554885871591
25 24 14 7 100480 0.9469444077999005
6 20 26 14 70247 0.9950402086834159
8 24 22 25 45293 1.0535125135370054
10 9 11 28 36791 1.020008780920441
1 12 22 23 72804 1.097476610023236
27 24 13 17 71278 1.0137050604712465
10 12 29 7 84812 1.0533046896529334
5 24 8 3 50585 0.9757004070711949
27 23 23 9 56158 0.9287256406076903
1 24 5 2 47883 1.0932194393930195
19 0 22 14 57658 1.046843296881923
2 21 27 17 91102 1.0603407760603383
27 0 24 20 74501 1.004920582342769
15 18 26 2 91111 1.0556741969369328
5 9 6 21 40980 1.0511564470298462
23 14 8 29 68113 0.998804708011735
19 28 24 7 92169 0.9718563588862499
12 14 6 27 37228 1.0622534882146493
22 25 8 10 66432 1.0354702297936618
21 27 3 14 57400 1.0577945495327712
11 4 29 21 100761 0.917033686545124
29 12 5 20 85282 0.9482777801629374
8 0 25 6 68134 0.9968146620258224
24 3 8 4 40831 0.9199307580669384
4 6 1 16 15817 1.0343513525664207
11 7 7 26 51155 1.057946543044273
23 22 11 2 86788 0.9282847021021203
24 9 18 14 34550 1.0987761968617449
24 2 25 29 104165 1.0594532520055664
20 4 15 28 83944 0.9719013944338908
0 25 24 12 80229 1.0875862315422193
28 19 20 3 72452 1.05677765493498
15 26 29 8 101704 0.9932890884519754
4 27 29 3 98087 1.0382011694444473
18 22 11 25 25402 0.9238318074958496
24 6 18 24 81879 1.0323983035705413
1 22 28 13 78008 0.9379685679415887
15 9 14 26 61348 1.0136402900886987
0 2 17 1 52362 0.923666790685107
4 11 26 6 90410 0.9469272162280539
25 9 14 20 67617 0.981268064549139
8 21 24 15 65460 0.9549017244807084
25 16 18 28 70209 1.0718819965085384
29 9 2 18 94350 0.9359697253877441
13 0 9 19 45127 1.0967618192980266
20 1 28 10 54405 0.9828761030515282
8 23 18 14 48855 0.9896127716858647
28 13 2 21 79072 0.9181714063294545
0 9 18 0 64686 0.9485477646186506
13 6 9 28 47577 0.9852011610591884
15 6 29 4 52315 0.907713869710341
3 5 26 15 79302 0.9165149319335496
3 10 29 13 69175 1.0385319211125936
26 20 19 29 62366 0.969048284765481
20 29 2 18 64892 0.9838341911210973
11 29 24 22 65791 0.948086814044523
25 15 14 25 58950 1.0274577057637089
27 1 2 4 64671 0.9945152423640916
17 15 6 23 59732 1.045263139173917
9 9 16 6 34452 1.0173226653211849
4 29 19 11 76002 0.9723059896501185
15 21 10 27 24358 1.0519294816943583
15 15 1 26 58775 1.0857014947263353
13 25 16 16 37832 1.048206131232912
5 6 15 22 59224 0.9094882895980714
6 18 2 28 25750 1.0819452137887626
26 26 23 0 98905 1.0955513579245557
23 28 8 15 57619 0.9664999944703002
10 5 5 11 32539 0.9192302544908065
25 28 12 25 38328 1.0123290516012176
5 9 29 24 112425 0.9563439530792808
14 28 17 7 68839 1.0981732629026848
3 10 22 16 64843 1.0065535359449196
22 3 14 21 76863 1.0743188461923234
21 13 8 4 51213 1.0763192186843873
2 11 24 5 77832 0.9310627750860266
22 4 7 0 57679 1.0816628173420726
19 16 15 9 52462 1.0098101349480906
9 23 8 4 37163 0.9202198479706617
7 10 4 21 46750 0.9067023382205759
12 24 24 17 55979 1.0024902524470285
10 14 28 13 51639 0.9725251958930284
29 25 1 29 96020 1.002464272863842
28 24 4 29 87253 1.0971424233453724
10 10 26 2 58055 1.0887766678843336
8 1 21 5 49241 0.9675977382919039
15 27 17 15 39183 0.9832839046211603
26 12 12 17 52192 0.9788020373419366
26 25 3 4 97536 1.0538893789307568
19 22 12 18 36283 0.9476430861810117
8 7 14 15 39087 1.0126111638067252
22 3 25 16 52697 1.0199789075607788
26 17 0 7 88058 1.0900778300527034
2 26 12 16 44569 0.9793677986210959
9 1 27 13 74313 0.9999550945604709
9 23 16 11 44060 1.011197175669148
8 18 2 24 35320 1.0334610633817014
25 4 8 8 59238 0.9667140340170223
29 24 1 3 112522 1.046824750850555
1 23 25 1 92319 1.0387983954299598
4 7 24 7 79222 1.0699212774244566
27 6 18 8 47118 0.9788734733812686
4 16 24 13 63916 1.0024000578043848
21 21 15 28 38042 0.9064625219848729
7 21 25 24 74820 1.0590311490625934
18 9 4 24 75814 1.0646766305392683
29 16 13 18 75954 0.9759339480070455
2 21 23 22 74262 0.934181556479744
4 3 16 28 68642 1.0072344515168
20 17 19 5 58142 1.0217956485214306
22 2 4 21 86613 1.044269773090926
12 16 9 24 23771 0.9805883462711468
23 6 25 16 41409 1.0547557118769637
6 14 26 6 81631 0.9770390257147902
22 28 7 2 90714 1.033379465648226
18 29 2 11 68176 1.036595568000663
2 10 22 3 59170 0.9276316064638469
17 2 14 11 48470 1.088251490897021
12 16 16 8 30596 1.0235999360312533
24 3 11 13 57324 1.0694744412508341
28 26 5 22 71207 0.9477555375073312
17 29 14 2 82090 0.914506046671476
26 6 12 17 72248 0.9730602912435037
18 13 13 5 39054 0.9586158314662848
27 20 6 25 62508 1.0108724407604954
19 16 13 21 46779 0.9812445230546212
8 20 16 9 49586 0.9641494391486852
27 17 6 12 74751 1.0236655590786565
13 10 13 27 50780 1.050142384539622
14 10 27 18 67989 1.027715494467645
2 24 16 0 81927 1.0319551040465074
9 29 29 23 82282 0.9693969478860336
20 25 28 12 67384 0.9197230443100197
2 3 8 24 48393 1.0704056221585798
1 4 25 0 67591 0.9310819494845779
8 21 25 22 66069 1.0576067069203339
4 0 22 19 91063 1.0332742671827124
3 14 23 22 68728 1.0100328307136743
24 17 7 10 78040 0.9354571502194229
23 15 21 26 41322 1.0676454719188742
12 18 27 23 61873 0.9541147883572815
15 1 6 11 58396 1.0465199663015052
1 4 4 26 40694 0.9683915355404425
28 21 19 5 88220 0.9522609067679727
21 19 7 27 49997 1.0322890411438073
8 3 22 13 58017 1.0404110183788737
29 28 25 7 97156 0.9839299558248182
5 2 24 28 92979 0.9367757750737603
20 16 25 5 57349 1.061751615472392
7 28 25 1 95563 0.9586653301689043
0 27 29 2 115420 1.0447121104841237
9 19 17 28 29714 1.088152326784765
12 0 20 22 81483 1.0588739127116487
16 28 7 29 33334 1.0633570015084723
2 17 4 28 27153 1.0212975639759647
2 7 6 16 35080 0.9675881487552372
1 12 15 9 48710 1.054996503272066
23 27 25 4 92931 0.901427469605701
26 9 10 18 68738 0.9915798205258134
4 23 16 1 77280 1.004468220612811
8 7 20 2 51155 0.962089439894289
6 9 13 21 55698 1.0865017756963944
27 10 3 25 88017 0.9593070336376478
7 25 11 18 24442 1.0436303155307558
16 1 16 24 77184 1.05759954407122
18 19 25 13 41288 0.9523627120485715
22 19 17 28 41760 1.064020151898444
8 13 23 26 62179 1.0805902011072686
23 21 28 9 53320 0.9164825722992695
21 28 12 2 78311 1.0043581475609231
1 15 10 25 31542 0.9703248741549613
20 21 17 7 64439 1.0809579198038834
7 1 16 21 65523 1.0843178298678526
7 8 9 25 38103 0.9983532801452895
7 14 29 0 94469 0.9271112545112041
24 29 4 29 60105 1.015694882667004
1 19 0 9 18411 1.0773336421795443
7 8 19 0 56459 0.969358319912941
0 3 24 27 82116 1.098058536920208
6 14 21 16 53210 1.072574645475716
9 21 28 3 77796 0.9874654405386775
19 12 9 17 40651 0.9295471201413519
9 3 17 19 60323 0.9944052791510116
13 29 21 21 43814 1.0764939413497072
20 25 16 10 73318 1.04062775513959
26 24 19 1 103554 1.0136486151752666
15 21 6 19 39205 1.0433301722890216
23 21 13 17 47251 0.9383376551146825
1 6 24 10 75223 0.9232954723039001
7 26 29 21 86210 1.063092203224488
8 9 10 27 38662 0.9295842041301099
26 4 19 8 42800 1.00882569139388
3 23 25 18 75782 1.0817564094677323
27 4 7 20 84204 1.0027162059776735
14 28 23 26 34972 1.0089084148237342
24 8 8 28 82160 1.0965011179898718
25 12 2 16 72981 0.9181159722572956
18 12 8 20 42911 1.0253308737225755
7 25 17 26 26350 1.0154642941951426
18 12 3 10 44042 1.0501698017929737
3 16 14 23 38144 1.0368594977367294
13 16 24 17 58850 0.953097580316501
23 16 13 22 50121 0.935455479020606
16 8 2 28 66807 1.0751564591390204
10 5 22 29 78451 0.9363134943630288
19 7 20 23 75022 0.9656395762289683
9 3 17 21 62751 1.0715546661196866
22 5 8 21 82025 0.9868678659906316
4 20 28 8 96327 1.0390999814832034
10 4 22 20 68387 1.0783328496447069
1 29 27 11 100079 0.9756801088654912
3 13 8 7 30290 1.042971253201913
27 10 21 14 30987 0.9201622392690515
2 2 27 28 96575 0.9697410197629512
28 2 29 21 84836 1.028679323188435
23 3 9 1 44952 0.9954405118812313
27 9 8 7 81619 1.0545810766175645
7 6 25 22 95982 1.0772591772106828
21 5 27 28 95007 1.0758192920716707
10 23 28 23 79838 0.9002329029593419
21 17 22 26 35130 1.0510510006571092
18 13 27 12 28465 0.9030760216399504
10 18 6 27 24333 0.9048871959529788
12 0 13 12 33349 0.9552630489962344
23 22 21 0 71343 0.9092158311329249
28 2 21 12 50914 0.9342115153328829
10 15 26 8 67235 0.9348245465996778
23 25 7 21 58910 0.9155868625579486
3 29 23 29 67018 0.9127126968885243
14 3 22 10 48259 1.0955770469296087
15 11 24 18 59156 1.0759555998012018
16 29 0 15 54791 1.0734393165744223
3 7 18 24 65599 0.927142532005117
12 28 17 1 78856 1.0542980003626188
28 16 18 6 68526 1.0223882798276016
27 3 7 10 74460 1.0474747763820846
5 27 0 17 29751 1.0470203527004496
25 24 28 1 99591 0.9101516763559675
5 9 17 18 63452 0.9562762833600711
5 17 0 10 26888 0.9480301987040061
22 29 13 11 78028 0.9523587248571153
0 22 11 27 36203 0.9515494372498032
25 1 20 29 112908 0.9188444200307717
14 2 25 25 105857 1.0634891490754748
13 17 14 27 28683 0.9684062618163194
27 23 4 5 100587 1.0667582527124546
25 13 0 22 71621 1.0978953797934934
18 25 9 5 57770 1.0715678648162243
2 1 1 16 18505 1.0542927840968426
23 26 8 26 53408 1.0502058366064142
9 15 20 20 40633 1.0086256167623864
27 18 16 16 58320 0.9459321818230776
10 22 25 29 58517 1.0734403774755452
2 27 16 9 70377 1.014136264385562
2 24 24 19 70665 0.94460257404472
15 6 17 17 49863 0.9619527464302884
6 4 24 29 85402 1.0902055950460077
10 23 23 0 83573 0.9858962645708753
1 1 13 8 33399 0.9399858815412446
8 5 24 21 87509 1.046332665631451
9 20 19 22 40594 0.9817520429900972
21 15 10 15 40776 0.9854241569782695
5 4 24 8 64126 0.9742266015966099
6 4 24 4 48388 1.0517067425390798
23 9 4 5 66601 0.9893278821931202
14 6 8 27 53089 1.0336722352323584
26 12 21 23 49768 1.0263925663252162
11 7 16 23 55408 1.014830552380789
5 17 14 8 44655 1.083953768034007
13 21 24 22 46193 1.032450326833251
6 18 15 2 70238 1.0631887168084955
29 27 13 27 54534 1.0156824086954144
7 11 24 8 75789 0.973725743307556
3 29 4 4 44265 1.0697554185576266
28 20 3 14 80665 0.9714647436507403
18 19 22 28 44962 0.9099632293047363
25 14 5 2 80775 1.0484103234044677
8 14 22 4 63347 0.9853872299099575
21 27 20 11 65990 1.072247132500661
25 22 6 9 97807 1.024622428756596
27 10 21 20 49116 0.9673459574565647
10 11 14 1 31494 1.0318031967172885
15 14 16 25 44029 1.0176531774082949
1 0 10 22 42985 1.0333699142790718
7 12 19 16 56637 1.0833522503518178
10 28 23 6 82318 0.9573672155524998
26 29 9 19 62758 1.0976456827023617
18 4 2 23 74411 0.9664159240333547
25 4 23 17 45912 0.9566794320276961
0 2 1 14 19225 1.041154839589003
14 28 19 3 75624 1.0626219981119047
5 22 11 17 29343 1.0710962133781483
10 0 22 24 86661 1.0646836259680994
27 24 11 19 66592 1.041440177050453
4 16 21 16 65524 1.0509151818685538
5 8 19 7 59036 0.9520111348230943
18 29 4 13 56414 1.0630228940623812
1 6 17 4 37906 1.0505726174259227
5 9 21 12 59037 1.0943879908963925
17 26 26 0 111657 1.0989054104557447
1 7 27 10 79012 0.9242903205316919
29 22 2 27 91936 0.9074234731020153
3 18 16 17 56762 1.0858285569706103
22 19 23 0 60341 1.0069109586374618
1 28 22 29 66503 0.9561122130150329
4 2 13 26 65747 1.0879139266182798
17 20 5 12 43859 1.0667952866348132
17 16 6 18 59430 0.989664512826947
29 11 0 19 92050 1.0667490832242428
10 4 19 12 50106 0.9731073647700699
2 16 6 9 40330 0.9520452281472682
4 14 11 7 34808 1.0967175459510694
22 27 14 10 75858 0.9650289060069546
19 27 4 27 38450 1.0184478427031511
23 22 13 19 41201 1.0198502591922194
12 28 6 4 55820 0.9945999615441605
17 8 27 4 44797 0.9421673455626458
20 25 10 29 37671 1.0881022633880206
14 7 11 28 55898 0.9569731679195326
20 29 3 22 52791 1.0494710773504186
4 1 0 9 21157 1.0584864967317171
10 11 7 18 27956 1.0149844994497206
12 27 16 19 27339 1.0145068768192693
10 22 17 5 62494 0.9306684422147191
10 29 1 10 41412 0.9429763139137338
20 1 5 7 61418 0.9235526943709891
10 21 11 8 32414 0.949761903252892
28 25 7 1 113769 1.0595353634501852
11 20 4 2 53550 1.0836218443491807
29 12 10 27 84604 0.9255319510877837
21 10 22 23 49203 0.9159607614783379
22 24 17 1 94173 1.0045099683624334
23 9 25 19 37086 1.0994019538441557
4 29 28 22 87033 0.9440185649716777
5 11 21 6 70913 1.0047676705720907
17 17 7 19 45428 1.0763555525315294
16 0 27 18 88091 1.0745859135733378
13 3 4 2 31742 1.0192729937153646
24 5 13 9 58983 1.0005378689683508
14 23 12 5 47343 1.0818712290103205
10 1 27 2 53917 1.0858795920486142
22 26 11 8 71925 0.9468614941167605
27 25 19 29 43481 0.970533585866836
7 14 14 24 32980 0.9511521252854831
24 18 21 29 64013 0.9259081892419564
2 24 26 2 98938 0.9858926115515483
22 1 28 28 106143 1.0496813500037456
29 28 25 8 90962 0.9068857341072799
19 13 3 27 58380 0.9281410790376279
13 3 20 21 72558 0.9983195658784481
19 16 4 8 71781 0.954767376934106
13 3 4 24 61276 0.9929897309765812
15 0 11 8 34027 1.0226865887799435
23 16 3 10 61455 1.0081208978244205
1 22 13 13 36587 0.9499531587944543
14 13 9 0 40812 1.0035655881220744
24 7 8 23 83315 0.9177255715638793
3 9 24 22 82621 0.9988702134538261
11 13 2 12 21428 1.025230512828438
15 12 16 23 49074 0.9207600457967765
6 20 3 0 45529 0.9538196830545893
6 3 20 25 78680 1.0972699984605714
2 3 25 26 88440 0.9315485885701686
2 4 16 8 37902 1.0486462679447326
4 29 8 23 25767 1.0955065308598488
24 25 14 25 37484 0.9208780254443543
7 14 28 25 86357 0.917398361248902
7 1 2 17 34316 1.0476175839355022
5 29 25 21 69371 1.0060325397098355
17 26 1 4 59892 0.9495751888465152
3 25 14 20 30003 1.091295414639181
22 16 0 16 67266 0.9192676906427459
23 7 12 4 43861 0.9388479559234333
0 27 9 3 61996 1.0001352646535366
27 23 23 17 32286 1.0296546186126265
3 20 15 4 52759 0.9020376317215258
4 4 21 13 57783 1.0405583120117226
21 18 7 25 49189 1.0747752912569073
18 18 9 1 72707 1.0368397569804575
16 4 26 20 80375 0.9920032545027477
29 9 9 15 74346 1.0224847329205073
12 1 29 22 106800 1.0060420007586626
9 22 14 3 46017 1.0459226332908937
2 19 18 24 47726 1.0937767264489604
24 7 9 2 63906 1.0442358316902018
5 16 15 12 42238 0.9849820042077334
25 6 0 19 88498 0.9350305189971251
6 29 28 17 88445 1.0347398794144085
14 29 8 5 57772 1.019833929211092
22 3 10 20 64608 0.9613164268687663
15 16 2 7 56772 0.9378376844424252
0 26 20 29 60563 1.0054821365338051
15 4 17 18 60430 0.9924015793495928
16 21 11 10 45338 0.9414594418290505
5 13 21 17 52158 0.9902154737548983
29 28 26 2 105861 1.0950784046681725
16 15 15 26 45863 0.9948958750629004
27 15 15 13 40483 1.007975228661652
29 24 10 25 72180 1.0667491165949998
11 26 21 9 73727 1.0582815774820977
5 23 3 13 21511 1.0562243050013351
11 19 29 2 89219 0.9044381986867703
16 7 5 12 46901 1.0357783773469482
16 18 15 9 55116 0.9735802232518936
0 8 24 11 72060 0.9858964959992582
4 2 9 27 56394 1.065799911790583
16 28 8 15 36382 0.949821669180977
5 0 0 25 53198 0.9942522696105442
12 13 17 29 50578 1.0187609307557512
17 14 5 8 48852 1.035801379659814
19 12 22 24 56792 0.9952418597465184
28 20 11 8 82288 1.0017180492764963
13 10 2 29 62678 0.9323870977031607
29 10 0 16 91523 0.9615849886601829
3 8 8 13 22093 1.0129669832214345
28 1 0 18 91512 1.034849974924672
6 8 26 9 81275 0.9357544124301628
25 29 12 3 91654 0.9118414801972174
0 17 6 4 27989 1.0660425983320574
17 0 11 17 64410 0.9356061386133441
16 2 19 23 93243 1.0241669298778526
19 23 28 19 46636 0.9977580120102102
19 23 24 2 85881 1.0329940264196167
26 29 26 6 95994 1.0415840259231222
14 5 9 16 39316 0.9090088982695577
0 12 7 19 34961 0.9975339971265706
20 23 5 17 55678 0.980059090340577
20 23 17 6 76462 1.0564019418951298
12 21 17 13 32552 0.9186490174814255
12 14 5 22 34728 0.9771722918286809
24 22 10 16 59044 0.9934598478573027
10 21 16 15 42931 0.9837006513771855
24 8 16 2 41431 1.0433353409813524
1 12 5 0 23565 1.0752307234282388
22 23 18 5 80069 0.9740566816956507
6 6 2 15 21982 0.974321568326621
0 19 20 15 64665 0.9942128163949568
7 12 21 5 68897 0.9969770077870499
23 27 18 15 60286 1.0551661412421645
4 6 4 26 43117 1.011805604154743
8 3 14 13 36105 1.0416770020802832
25 28 14 24 35934 1.090826096184993
16 19 14 0 65725 1.0119845726561578
22 7 13 22 78996 0.9372887782984878
19 2 0 23 79616 1.091012841217555
5 24 17 24 30566 0.985165495180659
23 20 13 11 57655 0.9091468428693446
16 13 8 1 45904 0.9306652745083169
1 11 10 20 26197 1.020252174863503
23 4 13 29 94206 0.9243479712473824
22 28 17 5 94591 1.0409743673261815
9 19 4 12 21595 0.9326138790221368
8 19 19 13 40286 0.9613167501534485
29 9 0 18 94631 0.9797721694579518
4 8 21 16 69053 0.9344895007025382
22 17 29 29 68402 0.9658718530533515
9 19 0 18 30933 1.0546340660747475
28 11 17 20 62725 1.058897158022401
23 1 1 23 84388 1.0018091787353092
7 4 20 23 79800 0.9569970753106476
28 17 5 18 83719 0.9812947771152674
27 20 12 16 55165 0.9528105914580544
10 10 16 17 42827 0.9466573653498012
8 29 12 19 28716 1.027567530135181
8 28 17 4 64356 0.9811527096935976
3 6 28 16 88543 1.0793158552357565
24 2 16 25 90232 0.9537124046714563
24 4 4 2 64295 1.0579654153851092
12 22 22 28 38607 0.9604398472187993
5 7 29 11 96015 0.9715782598389571
10 12 18 4 40154 1.0195354486282253
18 22 5 27 39163 0.9268839584729323
13 16 18 28 46404 1.0771849441453774
10 1 21 22 77973 0.9758151606946808
13 2 4 11 49315 0.9319380429937346
3 12 27 17 74883 0.9172783641058987
9 27 21 22 44611 1.0717128440680888
16 3 2 9 47001 1.076334433969413
5 17 21 23 56023 0.9211401499237359
14 20 21 13 44862 1.061748443335937
10 23 21 0 80385 1.0863900912603597
1 1 19 19 69037 1.0008194700807058
0 6 26 8 82340 0.9923530754482903
0 22 22 13 63171 0.9925886563282535
5 2 0 20 35992 0.9866827668291774
5 29 29 16 94127 1.0229275923017493
29 9 12 24 89384 0.9664618928091873
7 20 19 10 64863 1.0620249344358668
5 19 21 26 50225 0.9129459317553686
1 17 7 9 37255 1.0627968557499388
8 13 2 7 21769 1.026058165321339
23 0 10 18 71767 1.05176059988563
22 8 13 22 73660 0.9110112231206409
20 14 8 20 48772 1.0595506017802898
3 4 1 28 47003 1.067896035425876
16 10 20 21 61050 0.94929232135116
1 16 19 17 63558 0.9836684435197238
19 4 1 3 43823 1.06638325049404
16 29 12 9 52406 0.9508095454206005
18 12 6 15 45328 1.0910087248684148
12 27 26 4 93206 0.9199217331133959
4 14 23 13 50942 0.9308635324873045
13 24 13 8 47358 0.9099858607763854
0 27 7 14 42692 0.9349764454656312
1 29 0 15 40426 1.0626935361110754
25 20 13 15 55533 1.023200039580649
21 1 12 7 41049 0.9514657260359816
15 27 6 1 64077 1.0645982019687368
6 23 13 20 32697 0.978637250263519
29 17 12 29 76665 0.9400803074663104
3 26 17 27 32936 1.050830964865375
25 15 17 25 56978 1.0316478562182259
25 3 12 28 89043 0.9713460943662959
6 29 21 7 87113 1.0953013776454188
23 25 3 12 68420 1.0961187269271309
4 25 7 4 44123 1.0828299787724494
1 28 29 2 114553 0.957007926665657
28 15 12 23 75739 0.9895203443270493
5 24 17 3 67249 1.024608378314358
13 6 20 22 71898 0.90038133966774
13 4 10 17 32363 1.0590733413548379
19 18 6 28 57623 1.0375406740484667
25 12 7 21 72862 0.9830844040196772
18 12 5 25 53733 0.9623923000896915
20 27 26 16 67361 0.9053051496523934
2 23 11 13 39424 0.9726234580030193
17 20 11 25 22483 1.0239926836088153
4 13 6 1 26596 1.0380719447703044
12 28 14 7 57710 1.0694363230054016
25 20 22 13 29857 1.025017081680712
20 28 5 6 72228 1.0556450165705815
4 17 28 23 93487 1.0679585674813368
1 29 12 27 37419 1.074378761444463
26 26 23 13 60071 1.0470989292722555
16 9 25 0 60538 1.0517673436333759
7 4 12 25 46964 1.0269662289762735
24 13 4 6 65419 1.0522751128671484
29 0 9 0 76912 0.929941903538231
3 12 24 17 66688 1.051222523224869
29 17 28 27 51160 1.0545256771653242
17 16 5 12 43655 0.9248703931816518
9 10 2 16 32647 1.0739596865244319
19 26 27 5 97029 1.0195503995211128
15 4 18 26 75564 0.9208567331756619
19 7 10 4 43473 0.9998440092889986
20 8 7 2 65182 1.0287253601957838
22 1 8 4 44777 0.9508470778152914
9 28 6 8 45180 0.9865632049015298
15 8 14 26 53755 0.9138164240734422
11 14 19 5 58165 1.0496137525138614
2 13 18 20 47090 0.914073500103111
27 8 28 21 53476 0.9438848818338745
1 3 14 4 26074 1.038952418176585
17 28 6 15 47851 1.0661786822134638
6 21 19 2 79034 1.0090492300910079
6 11 10 29 42618 1.0265887995822607
15 24 17 12 48647 1.0142696832601308
15 6 13 28 66629 1.0931918323371945
17 20 22 5 70241 1.087096529858358
15 3 6 0 41760 1.0814512930883757
20 18 6 26 57912 0.9430090508340782
13 13 21 18 38679 1.010324036829641
22 29 9 21 49231 0.9583058275448426
4 9 0 2 28305 0.9724031290830482
6 25 25 17 70399 1.084748856940369
0 21 27 7 98429 1.0744117886141185
21 23 28 16 46928 1.0083257098045257
21 8 6 27 77023 1.0366283207351434
7 13 19 7 59021 0.9210459651000259
9 18 15 8 35188 1.0457154957767627
28 12 9 26 74501 1.0046265056890495
9 17 1 15 19103 0.9479229829058856
28 28 10 26 60772 0.9969117134994905
22 7 4 25 86711 1.0412662428272763
21 24 22 12 46346 0.9929788967693775
10 21 11 0 49081 0.9077807658005187
21 10 14 23 62022 1.0656986834624314
28 4 19 28 111043 0.9340488680739728
8 14 3 28 34916 0.9900932999828027
16 18 10 22 37064 1.0062108726714496
1 28 29 5 121511 0.9858445733869212
13 12 23 0 64992 0.9146059843672698
5 20 29 22 84996 1.0848872097559437
6 0 24 16 93421 0.9373218553882993
29 4 6 19 96616 1.0769185132237078
7 20 21 23 51458 0.9565220608001579
20 29 23 15 63217 0.9896964522379791
24 4 0 6 60255 0.9468662978476149
19 5 7 29 87860 1.063683269333842
3 27 27 11 87833 1.074166214188006
14 7 27 10 68386 0.91730757319906
19 25 6 8 63038 0.9524589144808924
23 4 2 9 65339 0.9566452256396886
1 6 7 2 24404 0.9407619132917946
4 20 15 13 40062 0.9507329082965217
13 23 23 18 45945 1.0720403871962108
10 24 25 10 84483 1.0966478363194123
9 17 15 29 31677 0.9243988615648385
29 11 1 1 93811 0.9488284050651014
13 10 28 12 59874 1.042749459060814
5 11 5 27 34046 0.9960237838722944
22 12 3 25 69815 0.9034893690772217
16 29 4 22 36959 0.9282841382204228
2 17 20 14 57217 0.9448610321181942
4 25 21 9 72105 0.9870950144861205
5 2 29 7 88117 0.9350392498475023
27 4 19 29 115127 0.9062592619919186
27 17 23 24 46612 0.9698988127808501
14 3 20 14 58280 0.9018308268572276
27 0 16 24 101113 0.9405209120242874
6 28 28 2 100757 1.073992409741781
8 1 8 22 49095 1.0064241757274608
22 7 2 9 79267 0.9985719547451097
20 22 2 14 67026 1.098508074242434
26 3 23 11 30590 1.0289578799511965
24 7 14 4 45145 1.0921767083841758
19 23 28 9 77556 0.9485800370976466
9 17 29 14 66492 1.0452426754375772
27 12 10 13 50605 0.9061046937093992
23 14 26 4 40431 0.9038143880118804
20 3 0 20 64530 1.0195795590275103
28 24 7 27 77268 0.9809422707935371
20 4 14 10 46932 1.005656039847725
27 15 10 13 54302 1.0900127468314653
27 0 12 5 54860 0.9249311636419694
12 1 28 28 101277 0.9717455465010812
28 5 23 0 29885 0.9535196896027273
