7226 6847 7220 7042 6588 6128 5961 6176 6452 6120 6297 7005 6360 7086 6530 6103 6084 6994 5960 6260 6928 5896 6280 7005 7188 6754 6105 7016 6499
3238 4254 4250 3646 3619 3906 3601 4305 3025 4001 4197 3100 3956 3873 4154 4076 3764 3570 4636 4802 3764 3598 3780 4237 4198 4271 3510 3987 3661
7206 2321 2214 2910 3038 2285 2794 2247 2320 1853 2372 2396 1985 1859 1836 3099 2044 2685 2295 2127 2854 2186 2067 1946 2825 2116 2221 2195 1990
5208 5044 5902 6026 5248 6084 5132 5437 5697 4887 5798 5500 5491 5472 5162 4779 5601 5726 4852 4795 5094 5031 5235 5578 5406 5646 5693 4790 5546
3565 3393 2521 2519 3117 3417 3315 3296 3365 2819 2903 3277 3371 3176 2646 2766 2836 3660 3943 3674 3611 2995 3061 4066 3162 2849 3923 2826 3908
3860 4174 4640 4530 4236 4636 3951 4868 3857 3887 4631 4422 3905 4466 4482 4212 4442 4893 3979 4320 5019 3967 4697 4395 4238 3894 4860 3813 2895
7291 7879 7923 7116 7161 7929 7831 7843 6905 5596 5010 5802 4802 5303 5561 4657 5686 4642 4964 5697 5449 4976 5816 4772 5653 5350 4907 5804 5152
8024 8002 8587 8338 7596 8604 8430 8455 7454 8383 7429 8500 8129 7800 8533 4539 4678 5157 4700 5371 4967 4947 4788 4970 4522 4769 4407 4680 5322
5684 5033 5378 5661 5869 5748 5689 2592 2476 2644 1586 2785 2804 2023 2411 2095 1903 2119 2193 1971 2792 2491 2069 2763 2155 2511 2517 2711 2820
4331 4969 4253 4529 3985 4434 4677 4923 4073 5193 4974 4517 4825 4545 4042 3968 4256 3965 4996 5180 4435 4071 3233 4370 4100 3628 3428 3264 4134
7048 7877 7441 7812 6638 7387 7414 5792 5557 6298 5274 5323 6043 6220 5411 5667 5761 6187 6459 5669 5260 6472 5196 5444 5581 5187 5342 5913 5570
4829 5362 4771 5044 5648 4555 5712 5714 5527 6486 5423 6255 5507 6130 6611 5817 5410 6596 6099 5952 6389 5891 6262 6466 6320 5640 6621 6291 6562
5452 4800 5726 5888 5322 5754 5603 6029 5826 5437 5666 6068 1931 1531 2746 2209 2288 1971 2388 2191 2630 1956 2018 2680 1934 2057 2281 1532 2230
4063 5064 5060 3904 4170 3926 4695 4693 4405 4867 5037 4562 4654 4488 4720 4803 4988 4604 4463 4046 4513 4578 4400 5069 3909 4410 4324 1147 2048
4062 3870 4038 5069 3912 4925 4587 4012 4286 4626 4072 5161 5010 4525 3984 4558 4883 4025 4067 4132 4751 4037 3944 4979 4887 3572 3331 4174 4299
6777 7488 6833 7773 6617 7487 2729 2786 2567 2229 2824 3072 2055 2673 2227 2972 2809 2981 2892 2263 3014 2439 2671 3269 2804 3250 2569 3166 2243
6126 6875 7084 6520 6622 5970 6993 6822 6764 6665 6130 6285 3182 3375 3460 4192 4342 4111 3068 3680 4083 3657 4220 3271 4111 3076 3913 4230 3809
3233 3784 3135 3494 3388 3971 4093 3968 4069 3028 3259 3774 4100 3352 4320 4166 4241 3729 3608 4194 4191 3142 3171 3488 3410 3091 3097 3533 2991
5580 5665 5154 5319 5290 4825 5314 5403 4621 5748 5505 5736 5830 5221 5493 4835 5221 5753 4934 5357 5638 5490 5784 5351 5523 4797 4599 5267 3719
4656 4412 4720 4437 4275 5213 5078 5044 4319 5471 5389 5273 4681 5193 4704 5370 4191 5420 5378 4655 4501 5092 4749 4961 4448 4936 4342 4380 4615
8494 8555 8713 8605 7926 8432 8259 8265 8266 7940 7789 8312 7590 7939 8762 8770 8425 8503 7736 8238 8576 8459 8417 8044 3917 4554 4199 3530 4591
2063 2732 1955 2807 2315 3229 2546 3185 2539 2302 2055 2577 2482 2575 2578 2540 2243 2058 3214 2942 3232 2022 3023 2614 2058 3055 2001 2003 3173
5909 4709 4798 5511 5197 5914 5927 5218 5829 5225 5890 5043 5284 5057 5442 5499 4781 5501 5790 5367 4779 4986 4837 5016 5752 5514 5360 5825 4864
4105 4001 3145 4055 3999 3512 3741 3213 4136 4000 3570 4039 3707 2894 3371 3893 4034 3230 2919 3562 3667 3358 2932 3626 3154 3743 4969 4492 4355
7367 7788 8607 8205 7563 8352 8013 7339 7799 8418 7558 7818 7263 7158 7163 7008 7306 7883 6836 7906 7195 7623 6825 7084 7237 7696 7145 7778 7391
6109 5736 6207 6636 6726 6253 5862 6316 5837 6448 6877 6350 6380 5902 7012 6824 7039 6207 6391 6440 6562 5819 7031 6887 7010 6392 6731 6853 6256
6323 1615 1799 1769 1676 1669 2112 1627 1559 1398 1381 2122 2016 2337 2033 1639 1290 1311 2120 2170 1355 1893 1550 1178 2378 1228 2024 2381 1358
4704 5139 4540 4891 2921 3862 2568 2870 3077 3513 3117 3744 3397 3379 3352 3239 3752 3773 2669 3428 3372 3463 3156 3752 3688 3384 3811 2969 3353
5972 6722 5720 6059 6340 5977 6679 5809 5115 5598 4817 5683 4853 5870 4953 5848 5340 5054 5157 5034 5202 5438 5776 5910 4973 5435 4758 4900 5943
2076 2473 2045 1768 2024 2350 1989 2301 2352 2112 2103 1684 3542 3538 3759 3312 3281 4055 3429 3131 3061 3466 3810 3671 3762 3178 3947 3354 3057
2792 3611 3748 7616 6938 5853 6022 5254 3738 2432 4539 6397 8590 3073 6412 3379 6313 3300 7153 4261 1744 5648 5735 4872 2393 5354 2663 8774 1598 2441
2420 4603 3464 7124 6309 5977 5913 5531 3902 2358 4398 5761 7969 4037 6722 4083 6327 3023 7995 8166 1473 4536 5573 4745 2743 5040 2036 7773 2373 1367
2492 4517 4463 7743 6889 6766 5998 4486 2957 1387 4829 5596 8209 3016 6838 4108 6610 3101 8128 8324 1404 5798 5905 5007 2464 4393 2557 8181 2320 1719
2037 4083 4294 6872 7089 6995 5565 4229 3797 1593 4837 6154 7639 2960 6763 3773 7049 3226 7944 7962 1904 5465 5810 4969 2109 4512 2462 8198 1962 2285
2060 6822 3737 7680 7156 6620 5479 3271 3561 1722 3662 5510 8725 3404 6444 3529 6679 4750 7392 7799 1490 5751 5650 4154 2803 4326 2735 7995 1525 1915
2388 5703 3879 7304 7300 6759 5184 3800 3495 1953 4066 5251 7631 3684 6247 3345 6969 4659 7234 8003 1864 4928 5713 4295 2724 4952 2794 7755 1940 1734
2403 6108 3914 7370 7340 6493 8668 4298 3334 1400 3889 6391 8170 2868 6957 4083 7146 4633 7817 7622 1132 4756 5265 4875 2316 4720 2375 8629 2539 1462
2543 5978 3484 7244 6631 6774 7828 4312 2939 1775 4684 6287 8392 4064 5445 3238 6379 4875 7543 7896 1210 5239 5158 4191 2943 4293 3229 8420 2233 1537
2371 5557 3789 7763 6575 3299 8517 3274 3324 1557 3895 5941 7764 3769 5493 3597 7211 4552 7923 7069 1341 4914 6317 5105 2889 5350 2586 8561 1341 1711
2275 6510 4097 7172 6604 3156 8126 4158 3320 1591 4118 5600 5782 4058 5784 3938 7021 4743 7449 7751 2134 5132 6291 5104 2716 5263 2130 8312 1373 1858
2847 5863 3683 7619 3229 2797 7786 4302 3048 1835 4704 5562 6210 2819 5519 4258 6538 4662 7186 7802 1559 5630 6132 4955 1787 4860 4067 8669 2409 1757
3051 5681 3499 7801 3344 3640 8015 3236 3456 1293 4718 5952 6229 3051 5160 5518 6770 4983 7558 7173 2012 4633 6074 4593 6685 5179 3866 8490 2109 2224
1907 5734 4236 7522 2963 3770 8289 3527 2682 2275 3936 5808 6541 3568 5356 5699 4717 4193 8062 8039 1511 4905 6249 4948 6520 5141 3390 8790 2336 2225
2149 6504 4246 7208 3464 3836 7552 3732 3209 2363 4681 5467 6682 3865 5545 6487 4520 3926 7197 7256 1602 4974 6118 4633 6436 5544 3437 8507 1680 1481
5612 6264 3578 6769 3831 3214 8240 4065 2641 2331 4232 5921 6380 3826 6115 6501 4704 4858 8162 7233 2090 4538 5253 4890 6167 5588 4311 8536 2520 1519
6061 6215 3478 7367 3197 3782 7507 4017 3479 2482 4628 5453 6884 3299 5792 5377 4428 4546 8005 7965 1496 4658 6255 3971 6146 5263 3704 8338 2241 2167
5376 6428 3594 7522 3510 3306 7831 4359 2765 2448 3850 6120 6920 3765 5875 6176 5199 4735 6978 7440 1681 5651 5862 4532 6416 4361 3504 8522 2492 2544
6163 6498 3765 7058 3843 3341 7737 4286 2666 1883 5651 5703 5929 3222 5447 6378 4464 4265 8076 7986 1780 5578 5749 4314 6244 4644 4236 8732 2583 2435
5210 6611 4534 7532 3660 3729 7800 4004 3343 2388 6202 5361 6439 3502 5932 6033 5453 4693 7014 8105 1181 5108 6334 4567 6023 4930 3234 7605 2437 2368
6020 5613 4536 7200 3756 3002 8451 4066 3175 7277 5799 5153 6909 2800 5531 5371 4905 5044 6549 7775 1840 4536 5877 7908 6908 5157 4317 7828 1485 1779
5167 6348 4390 3732 3099 3564 8278 3417 3160 8316 5131 5492 6822 3593 5454 6615 4941 4323 5734 8155 1767 5426 6190 7177 6936 4589 3915 7715 4011 3483
5696 6300 4176 3617 3481 3485 7430 3461 3164 7213 5046 5852 6925 3242 6065 6038 4998 4642 5873 7211 2228 5400 6281 7911 6551 4393 3630 7977 3534 2882
6065 6829 4422 3475 2881 3975 8493 3515 2892 8150 5433 5707 6233 3447 5252 5937 4310 4226 5455 7655 2221 5223 5586 7532 6798 4517 3262 8173 4110 3282
5315 5802 4148 3023 3749 3756 8634 3764 3642 8060 6177 5691 6442 3748 5378 6431 4998 4890 5553 7383 1394 6353 5705 7513 5941 4338 4406 8146 3678 3327
5847 5712 8461 3167 2788 3561 8134 3572 3453 7247 6004 5769 6484 2896 5801 5991 4261 4264 5797 7912 1271 7187 7521 8044 6366 4283 3746 8512 3445 3243
5269 6394 8486 3738 3939 2955 8050 3404 3798 8370 5809 6222 6666 3376 5825 6168 5525 4000 6134 8071 8743 6401 7096 7705 6536 4407 3954 8063 3133 3107
5576 6003 7466 3538 3101 3524 7549 4329 3922 8150 5833 6023 6500 3305 5256 6515 5065 4777 5462 8126 8077 6751 7242 8290 6665 4694 3579 8308 3103 2353
5120 6525 7439 2991 4053 3501 7517 4349 5522 7525 5951 5266 6378 3123 6063 6198 5317 4698 5382 8020 8681 6454 6946 7807 7132 4606 3568 6900 3201 2405
5993 6008 7746 3540 3793 3155 7456 4396 4717 7293 5987 6370 5845 3511 4887 5525 4450 4885 5480 7449 7568 7266 6807 7720 6164 4572 4352 6734 4193 3276
19 21 12 5 64979 1.0547147808794946
0 26 20 23 65145 0.9021715187223943
10 13 14 5 46041 0.9549757113349011
15 4 20 29 87592 0.9160322933534631
18 0 20 23 82788 1.06600248368643
28 16 0 28 86509 0.9788528677374913
29 1 18 18 75752 1.0942477532731745
13 0 3 14 70427 0.9963819386391236
10 25 19 10 70129 0.9391266647443118
5 15 29 17 78759 0.9257700266775815
28 23 12 27 66177 0.9844055267458818
20 9 5 18 66762 0.989969484728776
8 11 15 3 47434 0.9583117208269833
18 18 25 24 43448 1.0019834709735367
0 12 14 25 67368 0.9462542863226293
23 15 17 2 57171 0.9620369584366382
25 9 6 11 65869 0.9734874981629514
11 10 17 25 59489 1.0213251790765427
18 24 13 19 31084 1.0665760106432502
23 5 29 19 52519 0.9812455524914312
23 18 4 18 46237 0.9193757013207253
9 22 15 16 30359 1.089439864779696
2 0 19 12 75744 1.0038760789121772
28 16 14 6 71644 1.0863879372394196
20 28 25 6 68167 0.9173904031786096
20 11 1 1 73021 0.9551516672068949
17 24 4 0 89310 0.9465047238528159
0 7 29 19 110391 1.062963755879895
20 3 0 15 80507 1.0663119358546338
20 8 22 24 50707 1.0263995335274059
7 6 15 13 41235 1.0820242082943674
29 15 5 11 89407 0.9536404585758895
4 25 27 29 64496 0.9317716267195831
29 24 15 23 59663 1.0686514001270757
21 8 3 0 70495 0.9729380011513882
14 28 23 12 63993 0.9061532775397262
1 1 14 26 85435 1.0498193446545478
28 15 1 8 89972 0.940495818967508
13 18 16 2 68703 0.9591351069501322
5 15 9 7 33261 1.0649187327878131
1 27 24 4 101582 1.034721126500007
4 28 15 26 27740 0.9693203644139139
10 24 2 7 53842 1.0163635813017748
22 17 1 5 83637 0.9636365420323451
0 19 5 27 36085 1.0960550869892507
29 25 10 23 69183 0.9592085768685853
16 15 3 6 55950 0.9620260396894256
28 25 21 14 49086 0.9254854416083477
25 1 16 6 53259 1.0568384762617131
12 14 22 25 46083 0.9101573488383982
10 19 23 8 60349 1.0319312650580752
6 9 26 17 68999 0.9407137422660343
18 25 25 12 65064 0.9297159003561705
17 19 9 6 57173 0.9056809925782249
29 23 27 0 72403 0.9814817156179366
24 22 17 16 39519 0.9458613386742093
19 26 12 12 53598 0.9866973852539404
14 18 6 25 39385 1.061784942989147
3 15 3 25 32629 1.03071731978737
16 29 22 7 72541 1.0109842388238708
12 4 29 14 77198 0.9055116170007872
3 27 29 25 79737 0.9611975976504524
12 12 18 29 48873 1.090407251912219
8 12 1 27 46063 0.9613651508936786
3 6 20 16 78137 1.0233778962236881
26 7 0 19 79335 1.0972028446775566
12 17 15 26 29200 1.041833054355993
7 5 10 16 50734 0.9606194450375758
19 5 2 28 93106 0.9044074451622839
1 7 16 21 61071 1.0047297281382044
16 29 19 4 84025 1.0460560153721126
10 15 14 27 44256 0.9909506499796977
29 1 4 26 108107 1.0944850293541788
24 25 16 10 66665 0.9087361509619363
7 24 10 4 64839 0.9184446290399501
28 7 0 21 88681 0.9915813123676253
3 25 9 13 43759 0.9071671079143206
26 20 6 13 59498 0.9589906453544198
9 18 23 1 88188 0.9302782255912145
19 17 17 27 42004 1.056629147701627
19 8 12 22 52306 0.9627385344301171
16 4 2 4 61142 0.9489201511637229
3 20 24 8 69397 1.0614552900665077
23 26 12 24 40485 1.0775058310764936
27 14 23 22 34252 1.0381440236840809
25 26 20 1 71820 0.9331633516421527
10 12 13 27 47808 0.9519338739472996
9 5 27 28 96928 0.9635625129565767
4 12 1 25 41286 0.9262772647896723
10 20 17 6 54643 1.081188480626011
26 15 26 26 18112 1.032542706889196
26 12 12 6 61512 1.0791403479064772
20 29 19 3 79336 0.9400644939492655
6 0 16 21 82168 1.0078770296832287
21 14 0 13 69628 1.0819686706894287
15 14 11 21 28610 0.9229800406107858
13 21 26 16 40698 1.087349293450152
3 29 22 24 54868 1.0118489587842496
23 13 0 27 80635 1.0369932381105293
13 0 7 8 50063 0.9090769663646012
6 4 13 9 42527 0.9409548730163921
23 3 21 13 33129 0.9960052793801865
19 16 6 24 53405 1.0333687193008882
18 25 13 8 62637 0.9295083493680812
9 26 20 2 88818 1.0908176189162908
7 13 2 6 31074 1.0025282982692434
25 6 13 19 65609 0.9850255372211936
1 14 29 18 87956 1.0107294566454685
7 10 24 22 65747 0.9382475058537258
3 13 2 27 35176 0.9108149238655133
12 20 10 6 51494 0.9907325149943065
24 20 10 17 36986 0.9998547048659562
0 19 19 1 99580 0.900896246995733
9 9 21 1 50312 1.0674728337602941
12 21 14 9 39161 1.0869282354327197
24 27 4 7 94486 0.9381905839480023
6 4 18 9 54034 0.9517523019247829
22 27 14 20 36829 0.9396857492898912
7 22 27 12 67894 0.9796905991926596
26 20 20 14 36886 0.9624388468868181
11 19 18 15 41415 1.0904642158812354
0 0 22 23 102499 1.0738186682295345
5 17 10 22 32605 0.9510699077662025
18 15 22 28 54133 0.928002364678595
28 6 5 28 99254 0.9871438544646074
5 13 14 24 53201 0.9799097457575501
14 10 12 19 34809 0.9984031434010607
24 13 7 14 63042 1.0348834734237873
19 12 2 25 70417 0.9649490480407324
14 19 3 7 56565 0.9713525205665337
27 23 4 8 85688 0.9126905587015914
22 3 17 27 77962 1.098555427561323
14 4 1 8 47849 1.0189858590657606
15 10 3 3 48225 0.9447710766286983
7 2 14 21 76341 1.0971678091152675
14 7 29 16 71214 1.0639343345449288
10 20 28 5 68185 1.0663185245889069
27 3 13 18 71570 1.027604373430587
9 22 18 23 37409 1.009809175211035
10 20 28 13 53704 1.060950656950049
22 21 12 29 41273 1.0133427629582779
0 25 15 11 66545 0.9308761929459904
7 13 1 9 26071 1.0279196369146195
29 8 19 27 75786 0.9832095846887359
29 2 21 26 70923 0.9400096392102903
20 17 17 3 55341 1.0203414568447182
13 19 4 25 35194 0.9213720230236052
27 18 23 10 35408 1.0848085468468252
20 13 8 7 45081 0.9840550389531642
14 3 26 25 83617 1.0031193456118008
24 0 1 0 87628 0.9812280792769459
1 10 10 23 53661 1.0728915824149212
17 0 4 29 105133 1.0653171982766958
22 1 20 24 72854 1.0476210256815803
16 7 15 29 63792 1.061064065490809
1 22 6 27 29982 1.0264347751111798
1 11 24 17 76135 0.9338210523690997
4 18 8 1 69051 1.042061963058126
16 4 12 21 62213 1.0468471107631463
15 29 25 18 55115 0.956809761654893
24 15 6 13 71454 0.960150735377205
21 9 29 28 63509 0.9747344332700404
17 21 23 14 36217 1.0502743989933885
21 3 15 19 56195 0.9916951192477312
27 21 1 17 65091 1.0550533522072574
9 21 12 12 27395 1.0808792965687597
20 29 6 1 109359 1.0551115212187305
19 4 27 8 34699 1.074379601025028
18 11 11 15 41695 0.9511100905303239
21 23 3 12 63727 1.0616285223793982
15 2 19 12 53594 0.9313130549566568
0 6 11 25 76294 1.0195238202147752
4 27 1 18 33847 0.9449790337924935
3 26 26 26 67519 1.0277521092182513
1 18 28 18 72900 0.9043772008790044
6 2 3 15 48555 1.093591202044709
2 18 20 4 77433 0.9782410228653503
22 23 16 14 47290 0.9544439747921937
25 0 28 11 39486 1.0326856741634947
4 27 3 3 70824 0.959198589616585
4 4 15 17 57466 1.0268753366460595
25 15 9 16 67640 1.0025722134894115
14 15 15 25 34404 1.0781841498542066
15 11 25 12 45021 0.9661262030186251
20 6 17 22 58015 0.9594620686287687
3 12 27 20 79384 1.0685128781612099
25 13 3 15 78839 0.9749275075017483
28 17 15 14 56337 0.9551161336380827
13 21 5 4 64280 0.9127665995004401
10 28 25 17 59868 1.057892999543068
1 14 17 29 65720 1.0244050872126562
26 29 17 10 69204 0.9608008589337576
16 22 15 0 83528 1.0332700393865397
10 9 16 26 60245 1.0995581365920637
27 8 18 21 51581 0.9013867840787252
13 25 18 13 50665 0.9664853129474249
5 5 26 27 96431 0.9215965225754508
26 23 6 28 60552 1.0401588425067587
0 29 10 5 78355 1.0975241515519678
15 3 20 15 63836 1.0039258588671698
7 28 1 16 42590 0.9993831091956339
6 21 11 6 54261 0.9004851916550917
22 29 29 12 54685 0.914609211064447
14 16 11 2 64621 0.9693708547902871
3 4 7 14 46690 1.0749810075032187
10 18 23 16 48841 1.0732665842231233
0 14 29 3 101603 0.9941886595342603
25 2 20 15 55751 0.9913510334494903
29 7 1 12 87666 1.0099352165814683
22 3 20 14 37683 1.0565827545707778
24 18 2 16 56632 0.9176289791355037
13 29 21 11 59629 0.9664833883649042
17 9 6 21 50500 0.9555627131511554
10 0 24 22 105502 0.9549665688883275
2 18 23 16 53614 0.977797837047664
19 9 3 18 58547 1.0046966796251582
27 23 17 14 59166 0.9575468941576588
0 8 4 17 32892 1.0567153691420654
0 2 18 13 68561 1.0470822296307598
21 13 14 28 53597 1.044337928791509
14 29 9 9 56090 1.0978201188240435
19 27 26 17 46755 1.0778487077717502
4 6 13 18 57913 1.0056444321457885
26 16 8 9 64534 1.0448892626852375
3 8 10 25 59847 0.9420283670650536
9 4 13 26 69683 1.05871783950882
10 7 25 5 62237 0.9739763971454167
13 1 4 19 78372 1.0813670680089555
20 1 7 18 86130 0.9555243654478182
23 14 28 25 43468 0.9397173643620178
23 24 26 1 58179 0.9122055168978717
8 25 13 10 50222 0.919377628698287
11 16 10 4 59110 1.0212609131968589
18 23 29 3 77541 1.0710332257109154
29 1 22 29 73120 1.0865611296745419
13 3 22 20 70617 0.9156781730613869
14 15 2 27 54898 0.9962066806311822
16 1 15 21 73083 1.0826611923099334
10 29 26 16 60995 0.9399528776888402
23 3 4 25 95864 0.9293971574647675
14 0 6 15 71249 1.0472822209852728
22 4 4 17 78500 0.9515539190423417
23 18 14 2 76901 0.9456081099269645
29 3 6 27 103441 1.095476577692645
2 3 14 17 64388 1.0844378773883143
10 4 3 7 42089 0.9870081147284819
19 10 6 24 67825 1.001255281624499
3 1 11 9 39459 0.9587576036109751
12 0 0 24 90166 0.9268865904411352
12 23 1 11 48741 0.923427407415104
17 15 0 1 76334 1.026346131601969
8 22 16 29 31509 1.0530996288342453
18 20 0 22 40780 1.004846654652143
20 3 22 11 30562 1.0006356277976807
14 20 25 21 25511 1.0247420412124533
3 15 4 4 35899 1.0409156220145623
26 2 21 15 40990 0.9977316319188498
28 11 22 21 46735 1.098745027430699
25 14 5 8 71826 0.9289986678159332
4 7 21 7 49796 1.056180240303502
5 1 12 19 70082 0.9040153833773646
9 4 3 15 47677 0.965600030314314
29 0 7 7 84945 1.0276301399299257
13 14 4 4 53763 1.007258471047231
25 3 8 10 63108 0.998160240669033
3 25 22 14 68909 0.9048404156072761
24 9 3 14 77521 1.0477307895677672
18 2 15 10 36854 1.0709723221465328
19 21 27 2 62272 0.9972621535632451
13 1 15 11 44824 0.9960834580648447
6 22 4 8 47516 1.0340036884473993
24 21 6 23 51450 1.0668416773447693
29 18 20 14 49672 1.0401481219598847
11 27 20 28 26174 1.0953008022095343
9 18 26 16 53577 1.0488800840503534
26 12 1 7 76027 1.0179005814091124
7 21 26 14 54591 1.0125569063036652
6 11 23 23 68651 0.9687112302570167
24 10 13 13 51642 0.9152253554444237
7 23 6 11 43794 0.9375772123899843
16 25 0 7 80206 0.9463947215688203
6 20 20 3 72255 0.9148621469987072
29 8 6 20 74825 1.0454774744202577
11 24 26 6 71889 0.96723930567477
9 29 26 3 86191 1.0818756124093591
22 4 16 26 75426 1.0435865082844262
4 24 18 17 50651 1.0963021258929502
28 29 25 6 52372 0.9511986256405853
11 27 3 11 65111 1.0080752138707105
6 7 5 27 66251 0.9680741655626504
23 16 18 2 58299 0.9716514711492992
16 22 6 19 29524 1.0965617186575551
21 24 3 23 53217 0.9152167619855872
13 15 21 9 46496 0.9371201020011879
10 28 15 0 101101 1.090293036814292
3 27 28 28 66959 1.0833746929787689
2 16 28 6 91320 1.0364985718018938
2 14 5 0 44013 1.013526945852095
5 17 4 8 31909 1.0996614421262225
16 11 22 22 50677 1.0438612958939935
27 3 2 23 87729 1.081045642978144
17 11 2 25 66886 1.0325025275525581
6 9 26 13 61700 1.015722681114198
27 19 15 13 53631 0.932764459380226
29 5 17 0 56698 1.050463530553714
18 13 9 8 36227 1.0414831568496294
29 16 9 2 104344 0.9521400636623004
0 19 15 5 71578 1.0576539281354846
22 0 8 12 66643 0.964709498011533
8 25 16 19 29695 1.0586486445563992
2 3 3 20 41549 0.9212697569292003
22 24 28 20 48092 1.0492521011388625
4 15 28 0 103185 0.9801131793374792
23 7 6 20 63710 0.9290677783462821
2 7 0 28 51499 1.018258344209594
23 5 10 9 46372 1.0728938585679373
4 29 29 8 98953 0.927456843791891
16 13 10 18 39164 0.9715699457981788
18 5 27 12 46395 1.0052789286513961
20 4 29 15 52733 1.0969059590973356
28 7 29 24 57003 1.097968652757798
18 2 11 27 92587 0.9348023098327628
14 27 9 15 44357 1.03022179715433
11 2 4 15 63042 1.0992686661978233
0 22 17 21 43191 0.9838598093686493
25 13 13 12 45859 0.9440539505744157
4 0 18 16 80746 1.0936585082013899
23 26 8 19 46861 1.0073617044024425
24 12 3 26 82537 0.9974739540280143
8 23 5 15 28299 1.0835980728986405
16 23 7 27 39710 1.074273352377003
12 9 22 16 50021 1.0623954506717865
26 10 0 8 71957 1.0639152902190694
10 28 28 2 94889 1.0535965751524128
19 26 2 26 49178 1.0332710951700617
21 1 17 22 62775 0.9930675056045375
0 2 15 26 88271 1.0023562029520359
12 11 16 21 34105 1.0162891506577125
2 9 5 18 33414 0.9833220944183698
7 29 29 7 95287 1.0153379383048882
21 3 28 23 68144 1.0176507844504612
17 2 8 11 48335 0.9409016705292792
16 25 11 16 40271 0.9648515552770554
14 26 16 17 34113 0.9969588238114901
19 24 7 27 48540 0.9102743016241082
7 5 14 18 66171 1.0624622456234887
18 12 23 23 48281 1.07525758197979
4 17 12 21 26649 1.0464380825632882
21 27 20 5 60634 1.0544136299230575
18 28 8 28 21084 0.9520318303743149
14 27 4 9 61863 0.9244210725493041
1 29 24 6 103916 1.040477234603903
7 4 23 5 64396 1.0698949000311382
14 9 24 23 62992 1.0969307643103667
24 23 12 9 67630 1.0424045138622053
27 10 6 15 79705 0.9078910276624305
25 20 8 3 81677 0.9587961862128707
29 17 15 22 51016 0.9765130541341808
5 15 7 24 34005 1.0369182600503728
7 21 24 10 70091 1.0546551589255166
10 13 21 29 59323 0.9647613557571216
21 28 1 0 103527 0.938947435651884
29 28 22 11 60857 1.0515974317859675
18 9 4 28 72838 1.0080092395512692
1 1 10 16 62017 1.0517021263111528
26 17 6 2 101840 0.9990494557728965
23 12 11 14 48527 1.0958858348352436
25 29 26 0 58418 0.9488262887317431
1 10 26 6 69869 1.0081822786726113
17 26 11 8 66456 1.099810268269069
28 24 12 7 90598 0.912024353188445
16 2 25 9 54844 0.9221809131695796
5 19 9 6 46079 1.057541405793585
7 3 18 4 53465 0.9384208954604759
8 26 0 11 56269 0.969329541423916
23 17 14 20 25995 1.0535080003075918
29 5 7 16 87667 1.0003901141574798
18 7 13 19 53572 0.9917747314532454
13 19 0 0 76920 0.9808855766327595
8 20 13 2 63938 0.9272041533188066
9 25 21 17 47312 0.9430648312997044
19 4 16 15 51753 1.076254445025541
23 23 12 19 31545 0.9751809820187523
9 4 25 19 81520 0.9788322119301044
2 28 21 3 93595 1.0763009941840997
10 5 13 19 57746 0.9508596610087521
14 4 8 0 31639 1.0812978099287747
15 15 14 4 37724 0.9973133618066558
25 0 14 23 83851 1.0614596791004316
29 25 2 3 109226 0.9072862292375445
21 22 8 27 44546 0.9438467209002752
7 14 4 23 33500 0.9529786825017021
28 24 24 17 33638 1.0473981323601262
22 14 20 3 38068 0.9004010752741244
10 19 17 9 48370 1.0680263581502156
11 20 20 26 36879 1.021097661921227
4 10 7 17 32795 1.0506334655783585
29 3 19 3 38021 1.018735366193701
23 6 8 25 77379 1.0313225942340474
21 7 11 5 40959 0.9330589446899827
0 19 11 28 43613 0.9168717649770978
15 18 23 7 52966 0.9670946080855334
28 25 11 18 60596 0.9905102154234645
6 10 26 8 58820 1.074348571939688
12 0 5 19 80753 0.9055890969415639
9 19 1 2 60734 1.0181889948415328
15 3 1 23 88594 0.9065591375871391
13 19 4 4 60497 1.0968913036416508
18 0 5 13 77720 0.902605147096168
24 6 15 28 84078 0.9232853272590099
18 10 7 15 43297 0.9809325380611575
5 16 18 22 50174 0.9468874157392047
13 22 4 24 35810 0.9121694851017478
16 16 5 14 52338 0.9228956095763825
1 9 10 5 32797 1.0131639441237579
23 28 0 24 63673 1.0163097681682585
7 18 21 13 51425 1.0987916527124606
9 18 0 5 58074 1.058242391356127
19 0 7 12 76879 0.9693515785511654
28 6 0 10 86710 1.080260531066247
28 5 18 15 58227 0.9808698756539443
7 5 14 15 58105 1.041932397667168
0 24 7 2 74800 0.9197373798017918
14 29 27 22 51475 1.0897542527195483
0 13 12 7 43677 0.9159623220820813
14 12 27 8 55231 1.029702588258678
6 8 25 5 65586 0.9787343037260828
27 0 27 16 42524 0.9058065257460612
5 4 0 11 42118 0.9026698955301639
11 3 18 7 41091 0.920680265825715
15 15 23 9 45127 0.9772824835896604
14 13 8 8 29727 0.9639697030158495
15 12 10 4 43404 1.043461542119667
29 27 12 27 53978 0.9586075193964665
3 19 27 6 80146 1.0959850343887747
23 4 5 18 82241 0.9195252289842627
24 23 11 17 48400 1.0103196336054459
23 27 5 23 63425 1.026131649803711
15 23 11 29 24750 1.0806186923337273
16 0 11 12 69679 0.9608985523455003
27 15 14 19 46869 1.0768799277256622
1 24 5 16 34228 0.9380134539190729
22 8 6 17 64023 1.0042115772857567
3 10 22 1 71352 0.9682665318307306
0 2 1 15 41404 1.083189415297652
1 15 19 8 52979 1.075021277599674
22 18 0 12 72442 0.9418333796308683
26 19 4 1 96348 1.0387918647849794
29 13 1 10 84545 0.9399795581358066
18 12 7 15 48744 0.9943564805108269
15 4 22 27 85922 1.0531331669411974
3 16 6 9 27843 0.9074997789067412
26 28 14 21 46430 0.9415103988022806
14 13 29 21 70071 1.0073665430013665
15 7 26 17 54098 1.0491514362954897
3 17 22 20 43434 0.9224227841375628
16 1 22 28 96121 0.9660887828261789
23 7 16 3 39454 1.0342573907146337
0 3 12 1 50799 1.087130169588803
18 17 22 27 45826 0.9218192178327984
2 22 13 28 35457 0.9777791467135473
13 19 27 16 45296 1.0849637229586002
8 26 15 0 94602 1.0162832381582283
26 22 10 3 94254 0.9807138309992595
28 4 1 10 80368 1.0112124174679231
1 13 29 21 88663 0.9770303321524972
9 27 28 23 73800 0.9709627141417296
18 21 27 16 38239 0.9893147564266068
13 21 29 7 69884 0.9705468452630484
16 4 3 13 60080 1.0251815790017709
14 21 27 25 45491 0.9030282705720628
19 26 28 18 51946 1.024616690548469
6 28 27 11 82958 0.9171750448409275
7 12 7 0 57616 0.9622562851779013
0 16 6 5 54124 0.9994712534533376
22 15 1 17 60163 1.0304172467847539
11 0 0 7 54969 1.0006370300015786
14 28 9 17 38985 1.0912738650506464
5 21 14 17 30940 1.0863420984470133
28 1 6 24 99396 0.9820242770289593
5 7 14 4 45792 1.0129183560127228
8 28 29 4 94113 0.9695800822029649
6 21 23 21 37901 1.030104419651562
17 20 12 1 75917 1.0734678299335179
27 17 13 11 65481 0.9875191716023374
16 26 2 26 40142 1.0656771399982923
18 6 29 27 82548 1.074537147577761
20 0 23 7 29790 1.07671649627258
22 7 10 0 61074 1.0157632106895838
17 4 3 17 67851 1.0477780329183568
14 28 24 23 46701 0.9720016355020487
16 5 29 4 46878 0.9852543015425487
21 23 0 26 57968 1.0721754825665546
16 0 13 26 94118 1.050680276342912
10 18 28 17 61580 0.9919651297425691
24 17 14 27 53884 0.9273988599692903
27 21 7 4 99496 0.9220029585859301
19 5 4 10 50827 1.061821415200754
11 12 20 29 59249 0.939883792321899
1 5 9 2 41699 0.9453408076024432
5 23 20 26 55007 0.958777227428117
24 4 29 16 42835 1.0372679947980674
18 13 16 26 50254 1.0157341685852896
24 16 24 28 37242 1.0045487854013675
23 13 12 3 67130 0.9457044697514705
19 2 4 0 50875 0.9450990565080595
1 21 19 13 59095 0.9362797447397604
22 18 29 27 48372 0.9120962566194661
7 19 8 2 63872 1.0516527963586362
1 13 5 29 46301 1.0014057934742575
25 29 5 12 85539 1.0995677324126392
10 9 25 16 66564 1.0951638775141612
28 9 23 20 46698 0.9547436102519764
28 27 16 13 67978 0.9458129905164863
24 8 4 22 74099 0.9936525412846023
3 28 8 10 51624 0.9252637770229992
13 4 25 10 61048 1.0226401123205604
14 0 3 23 92147 0.9603615743620189
0 27 0 14 51040 0.9730605612001128
15 26 0 29 35213 1.0889203764368784
23 11 10 25 68790 0.9651044439146748
8 20 15 23 20373 0.9216548740947736
22 9 4 7 55604 0.9207690466965434
2 22 5 7 42503 1.0766692494977919
14 11 9 23 50372 0.9785576351218664
11 24 1 26 29728 1.0864566080383262
6 2 22 22 94079 0.9576040281336807
3 4 12 3 47937 0.9756343968056645
2 1 4 26 63693 0.9935874806810471
29 26 17 2 87366 0.99754538005964
4 25 0 19 26265 1.0146900334623332
27 1 0 5 99625 0.9790197279590535
20 16 27 4 48004 1.0949552790956243
19 3 21 29 75853 1.0118728896169453
7 7 21 0 63312 1.0140190991683469
8 10 0 20 34111 1.0222121454945963
27 25 2 15 72153 1.0985285522524406
12 25 15 0 90713 0.9570418250764833
9 23 4 8 47206 0.9912353268225884
18 1 24 8 44860 1.0165128403953703
5 5 19 5 57896 1.0553418100870076
17 14 14 28 53137 0.9668192384717383
27 11 19 27 64215 0.9567984835210738
6 28 22 17 56896 0.9772352623382436
26 4 2 12 73584 1.0732491110857794
21 0 14 24 78242 1.0954707170716935
9 5 2 13 35889 0.9720634698076793
4 17 18 25 54445 1.0727347852926985
24 29 9 16 69757 0.9131626104090486
10 25 5 5 68275 1.0902696321684664
15 3 7 28 89980 1.075213819822661
6 26 0 20 27759 1.0913101447472469
9 1 10 26 79220 0.9366828266477261
2 12 25 25 77546 0.9923283012985068
10 0 24 13 83190 1.0331421223524748
8 19 5 1 58874 0.9184630960292697
7 0 13 14 72612 1.027299987339219
16 11 5 0 61169 0.9628494211500119
1 0 7 9 36025 0.9982647131378909
29 22 6 21 69885 1.043196866412994
1 20 29 22 72571 1.0611039809616998
2 25 16 11 62528 1.095065781465394
13 4 22 22 76020 1.0024738599129994
3 27 12 3 94038 0.9028822447985339
7 13 1 24 39579 0.9325241281116462
24 4 2 24 91095 0.9641429358700632
21 1 1 0 69482 1.0864265444693746
13 14 0 14 54776 0.9428122299058903
1 11 16 6 48650 0.9058003344146571
22 25 17 5 70043 1.0861041788014287
26 0 28 13 33494 0.9859900965384968
25 4 3 10 70604 1.0094076329534054
21 26 10 17 47147 0.9458110889981133
22 6 12 15 58144 1.039902166870241
17 26 0 3 99729 1.0320484115058772
22 14 13 28 56012 1.0572255054332464
28 3 16 29 80553 0.9916941144144132
4 27 9 6 66916 0.9253728611570022
18 11 9 10 33801 1.0470377690593096
17 9 11 16 39625 0.9978889384991788
16 19 4 17 34398 1.0818162497503676
17 3 0 21 84653 1.048001880743544
11 2 9 14 55335 0.9707073871533678
20 12 11 26 59543 1.0194344961066277
12 23 29 27 62437 1.0866135379050477
2 28 3 16 34171 1.074278531029734
29 28 5 26 69950 0.9412422478181588
4 25 19 23 55320 0.9373366246253854
22 2 26 23 52522 1.0365206357745458
9 21 20 5 67717 1.066500569564496
9 25 27 20 63032 0.9021327685371505
6 17 22 10 68095 0.9199076441466199
21 17 23 4 39528 1.0388845530292172
29 6 7 4 87198 0.9181775879232525
13 16 21 18 34659 1.023890036409059
19 14 5 13 54553 0.9034380628615105
7 10 9 23 39031 0.9355539748456017
15 5 5 8 37799 0.9091316910485608
20 8 9 5 46490 1.095250232619388
13 6 0 23 72606 0.9198362092891942
20 19 3 15 53827 1.0636431277716891
7 8 27 8 59386 1.0423673516618646
2 6 9 23 53373 0.9507615371559677
5 6 25 5 74641 0.9212438814141014
11 15 18 8 42668 0.908841075298555
27 2 16 5 45942 0.9212601198155866
23 2 14 26 85927 0.9233716401137878
18 0 10 5 47542 0.9720276330997661
19 13 15 5 39537 1.081991277363701
7 19 21 0 79512 1.0780741530419597
18 21 14 6 53399 1.0323530311407167
15 1 6 5 56804 0.9488393168046225
24 6 28 16 41483 0.9095265149355256
19 10 14 21 50510 1.0910933311799729
5 6 26 26 89771 1.0468743987499733
16 27 25 10 73353 1.078813083780844
27 10 10 18 70756 0.9258123431300993
20 17 12 2 77608 0.924572307930316
23 7 10 0 64589 0.9630591583094161
23 9 5 19 70263 1.0509583838812788
23 21 10 2 88961 1.0362059144607354
22 26 29 17 44911 1.0006583152823776
2 24 3 8 38881 1.0841530221016005
25 15 29 9 29918 0.9988256641299191
9 29 29 10 86130 1.0417263985760707
12 9 18 21 46561 1.0322971775991028
27 8 20 1 40830 1.0525057686410086
4 7 12 19 47282 0.9555482075167814
21 21 11 14 37133 1.0754334582895153
11 19 25 28 55889 0.9965999063503769
4 5 19 27 89580 0.9318081049466794
24 3 14 23 75750 0.9080191401504346
13 12 13 26 40211 0.9561459279050972
6 14 12 23 36813 1.0593162974610932
2 24 25 28 65660 0.9152613667094428
13 9 10 25 54386 0.9413915978901919
15 9 19 3 36171 0.9191736352038792
28 3 8 28 91883 0.9093640213303763
22 28 13 16 52045 1.0328956485384946
26 5 11 8 52933 0.9893063801855365
15 7 25 15 57337 0.9642534857181202
18 19 20 7 46852 0.9359379949685737
2 16 9 12 35384 1.0557556968759492
0 18 28 27 83779 0.9688263233727736
23 10 4 19 67107 1.034508525134888
9 1 2 8 45640 1.0145636019993307
18 10 5 29 77701 0.9454374320778459
26 15 17 29 49781 0.9692043302800214
22 24 19 7 58215 1.019759935264334
19 8 1 29 82070 0.9271697590806548
4 19 14 22 28317 1.0585032652669661
13 12 22 22 50029 1.035431610504258
18 15 21 25 43540 1.0465305127572062
2 21 6 12 36665 1.0849687454378765
26 13 1 7 78043 1.0452174710776818
3 26 19 22 53535 0.9788291774086108
11 13 5 23 43250 1.0543378138506316
11 16 0 7 56635 0.9818752729888672
19 6 10 27 84392 1.0250052987171194
15 13 7 3 58704 0.9700408516446867
2 17 15 17 36496 1.015877826150581
20 24 11 22 43435 1.0382496157064476
12 3 15 16 52646 1.0246580692894556
4 21 13 13 35245 0.9545108913201613
18 19 12 7 55790 0.9925021617615201
1 10 28 28 94242 0.9119174138248062
27 18 7 19 54184 1.0672044954105124
1 5 24 1 92675 0.9683240769440571
4 2 10 18 62133 1.0591099120831706
5 0 27 21 107909 0.9242941304421871
9 21 23 1 83513 0.9787477489190687
17 23 10 11 51444 1.0787694838358375
0 1 8 14 50015 1.0039850523652738
23 21 18 28 35332 1.0584213814904166
0 1 17 6 68290 0.9017262690631339
17 28 24 5 75703 0.9502665839737087
22 23 13 12 54682 0.9923742613397771
13 13 19 5 45784 0.9918949474315202
27 9 11 11 63974 1.007444183452909
19 12 27 1 54529 1.085766633828511
2 19 3 8 27701 1.0189338406518742
22 22 5 12 62765 0.979860213629307
2 17 6 25 31913 0.9611908261525334
1 22 25 16 67286 1.086727678964186
8 24 11 3 68747 0.9060871158560273
25 22 2 16 59644 1.0299340209842394
10 0 27 6 75423 1.0607262204684285
29 8 2 24 90540 1.0038495934777343
2 14 10 23 40651 1.079972566834659
23 21 1 20 40587 0.9940094188415189
29 24 1 26 86688 1.0086063964814491
27 20 17 23 41006 1.022759784199157
27 20 21 4 52567 0.9181468419656457
29 5 7 10 72965 1.0729754360998558
18 18 26 8 52312 1.0533704514017725
1 3 29 23 122098 1.049383971141208
2 8 18 15 56575 0.9778245030129562
5 11 15 14 39744 1.0713292477814989
1 13 20 8 52413 1.031551972456044
21 11 18 21 33635 0.9005635742344427
26 18 11 28 54292 0.9848641340490482
22 25 20 0 73446 1.0660792410082556
21 14 25 24 43944 0.997716518168638
10 15 22 27 60765 1.0630981075829127
16 4 25 6 41213 0.9824696816175913
8 28 27 25 56918 0.9287083970014054
19 14 15 28 59038 0.971866527387979
27 24 0 14 85738 0.9001400390898348
16 28 8 24 25903 1.0418241524023455
16 29 25 16 56211 0.9538767500941392
28 25 18 24 51312 1.0842239089364438
3 23 27 2 96490 0.9276213019818458
6 4 6 21 66301 0.9484848964082432
14 6 28 22 85589 0.9822391204396319
16 19 28 1 73957 0.97225405642686
6 29 18 12 70003 1.065119558172049
15 17 27 27 50710 0.997731538376893
25 19 20 2 59495 1.0644229636154865
11 22 27 5 71773 1.0563718353210796
4 25 24 7 87723 0.9395779573751625
2 18 13 5 56229 0.9652671984196978
14 8 19 0 48301 0.9369309359575625
0 2 2 13 33626 1.0240181801077415
14 16 3 18 42368 1.046286524293429
18 29 15 4 83754 1.0449936938540287
13 24 28 16 63882 1.0094516129952527
2 9 16 20 47300 0.9259627888847407
19 5 29 25 73308 0.9017653455907848
3 0 23 5 75375 0.9011259823097229
16 3 24 8 45361 1.0611737386430282
10 0 3 7 40116 1.046843159693774
6 13 28 29 79601 1.0990309378409022
21 25 16 12 47992 0.9213811716428512
26 20 1 28 67638 1.0775076201359517
20 20 26 28 31611 1.0883169393690135
17 21 8 20 19617 1.0467135289416478
10 8 24 12 61867 0.9020926117360023
0 0 20 21 91741 1.0656388534435313
17 9 27 15 50386 1.064018374399906
21 22 21 1 54128 0.933905114157431
15 16 27 29 54245 0.9970513411537252
19 21 6 1 89436 1.0215409355796967
24 24 6 4 104477 0.9729334276821611
27 1 19 27 80800 0.9572845791481872
21 12 13 20 34069 1.0262387135548052
1 0 3 10 34244 1.0750036279345205
23 26 13 11 65952 1.0440910016289044
22 2 13 22 72846 0.962964057669794
3 23 1 6 49939 0.9917350847334364
21 0 22 27 75931 0.9523360396121748
22 14 7 14 60904 0.947007866123742
11 16 18 22 36896 1.076437055268872
24 6 12 0 65508 0.9466820506485348
9 11 16 17 45567 1.041795015619431
5 0 7 11 47935 0.923885564982087
24 6 6 16 80377 0.9912131820473294
5 0 12 10 49131 0.9653467794446646
4 4 11 17 55568 1.0864398686181753
18 25 1 7 80715 1.0974119037071477
8 5 22 10 59492 0.9151737488417303
15 25 4 9 57830 1.093274395138792
9 1 28 2 83591 1.033258287790953
28 5 12 24 73898 0.9379818570938664
22 5 3 13 66997 0.939661582599186
0 15 11 27 58901 0.9548390743574993
7 27 4 4 70311 0.9029880352859986
6 11 3 25 55174 0.9133766164749502
24 22 19 13 41722 0.9614503757922903
23 8 7 3 74435 0.9523506251008744
15 0 23 5 49216 1.0963424083476268
20 0 7 0 51585 0.9063759116758029
24 28 0 28 56829 0.9223083137042023
13 16 7 12 36096 0.9655422942590455
1 15 12 16 41221 1.003006978495555
28 19 26 28 32303 1.0721554133905034
16 16 11 25 36973 0.9083986707388523
14 0 23 5 49344 1.0362995292348898
21 12 4 7 56084 0.9688528996772228
5 17 11 1 75780 1.018313595112273
28 29 8 3 110523 1.0719287082352598
28 17 23 12 30501 1.0888363301174477
3 16 18 28 62751 1.0991428602605964
7 21 21 21 31403 0.9126414317133906
27 21 10 22 54214 1.0036655386657987
8 1 18 6 57049 1.095072674589367
10 5 18 28 83129 1.0036621853432264
21 6 0 21 76979 1.024850190796643
9 28 13 3 80228 1.053042994893162
16 24 21 7 56770 1.0987688468468977
9 22 3 16 34612 1.0413774586793474
6 2 24 18 99027 0.9683689008408509
13 17 21 3 63582 1.060405640452121
27 28 12 21 50525 1.02966608677315
1 3 16 23 80538 1.0445037321640411
26 10 22 3 25213 1.0782760644349019
28 7 3 17 88744 1.0523809898885763
10 23 1 29 35782 1.063000168392632
8 27 19 5 82990 0.9465230360288128
19 12 8 16 49954 1.0067006811056824
14 23 2 25 43773 0.9848141935341728
21 16 7 17 43609 1.046834561288124
20 11 9 7 45898 1.0385274488166731
25 6 7 1 88081 0.9449668488398357
18 22 25 27 50926 0.9613165479461406
5 1 9 25 77949 0.9693818872987786
7 16 14 19 28856 0.962547756978679
5 23 8 3 70458 0.9365893473253788
1 29 19 3 104721 0.9383368871202957
6 18 19 1 89217 0.9658348380456139
2 25 25 15 73431 1.0098101877857204
17 5 27 13 48557 0.9677478555378359
8 5 7 14 33792 0.9003886269298341
0 16 18 7 65778 1.0550422455627277
14 27 8 13 45194 0.9112173408826507
4 21 28 11 75485 0.9759234668936465
14 13 10 22 38060 0.9904995772421847
3 13 26 19 67986 1.0740398476019546
19 14 19 26 50796 1.0475313540641766
16 18 5 6 60567 1.0413485526881976
29 11 6 9 73952 0.9255637527186543
9 22 24 9 76761 0.9210854629431265
2 4 6 26 61777 0.9015693439633283
12 26 21 1 77097 1.0574418443298743
11 25 3 13 51408 0.9473820501365875
26 14 3 8 74874 1.0021275418466453
24 23 0 10 84552 1.021105473667915
3 11 27 9 75774 0.9584928538575522
3 0 23 0 77401 1.0706632417876978
17 20 16 9 34656 0.9734332072748322
22 29 17 1 92214 0.9539295733913352
28 6 17 5 44370 0.9149012416974786
25 13 10 20 50002 0.9106842458999088
9 5 8 29 64816 1.0348862329159911
22 22 6 1 100077 1.0172591190403053
17 14 10 2 66144 0.9678225456472394
21 25 6 12 61392 1.0488820877140665
14 1 23 2 40343 0.9765710256581435
23 1 28 18 53857 1.0072990465471425
2 14 20 18 56974 0.998970681189746
5 4 6 16 52478 1.086905794787567
16 10 10 6 35717 0.9900208359412392
0 6 17 3 70096 0.951464121360723
2 4 22 21 75240 0.9079793739375207
1 24 6 4 69382 0.9194036274692018
26 29 4 25 62143 1.0681072888827292
3 29 28 27 64887 1.0270041457166164
16 27 25 5 78864 0.9128167209590661
27 20 22 29 36381 0.9113942671823435
16 5 5 1 53741 0.9936370939048897
19 9 3 29 78103 1.0633060523524362
24 29 14 6 85221 0.9572653924557036
18 19 28 22 43438 0.9910314824182526
28 2 10 12 84898 0.9981653638476982
7 2 6 14 57841 0.9293460883196705
13 10 22 15 48236 0.9341423628642631
11 14 13 3 53861 1.0909985763907566
15 4 18 14 47873 1.0058693194087276
0 29 26 4 99523 1.0699802182205949
26 7 8 9 51676 0.966946920520256
11 22 8 13 32029 1.0955780832277406
2 6 20 23 78364 1.0752679232934972
3 7 2 16 24453 0.9433915311085177
6 20 16 4 65504 1.080681344489795
8 24 18 21 32959 0.9093523556396826
18 2 1 10 63951 1.0968268624146666
14 21 17 2 66698 1.022762787614226
8 21 28 20 57401 0.9588977881654392
29 16 15 9 65828 0.9775145860684208
2 16 26 22 59254 0.9559858946151327
12 9 25 3 54188 1.0759228403599133
19 27 10 9 72485 0.9696967420909923
24 25 27 12 36646 0.9323755889941299
17 4 9 17 60279 1.0998187211947266
20 9 29 3 46726 0.9388937619629321
28 29 12 8 85548 1.0606137743773798
14 26 26 0 87326 1.0311763480384433
15 6 29 25 84654 0.9636018145032298
11 29 8 2 86102 1.0382718229735728
7 17 0 24 34351 1.0482235372483917
27 17 13 4 72834 0.9647524680480212
9 12 2 22 37353 1.0846048149304726
29 25 6 19 68116 1.0164261808928614
10 1 13 14 72102 0.9803450673658355
16 15 10 21 33328 1.0717799420419976
16 4 2 13 57064 0.942893872736097
26 21 23 3 41512 1.0281702898307126
13 8 4 15 37998 1.068515844390705
27 29 3 27 61650 1.0634782942586174
6 25 11 5 68967 0.9606697869629598
16 27 27 3 82892 1.061794373150652
5 9 29 2 76144 1.0581042933097975
16 29 5 16 55525 0.9985697208676076
11 12 1 20 41007 1.0094045769307969
14 1 10 23 85973 1.0056012164963075
2 2 16 16 63363 0.9357684620428702
17 24 22 15 39595 1.0914006568380694
29 24 9 3 114289 1.0695501526581739
17 4 18 17 53994 0.9663793230278499
24 4 14 11 51774 1.0065576498758015
7 17 25 0 94244 0.9245917708135744
7 4 21 15 77764 1.0283215946718873
11 7 25 14 66926 1.0438842214121689
16 16 1 8 50938 1.040489558016575
28 10 14 16 66769 1.0879217942031465
5 16 25 13 75317 1.0469847794082658
17 27 13 14 51039 0.9124304626969926
15 3 9 21 73514 0.9535072128690216
21 1 10 28 85428 0.960179209601239
21 15 4 25 57582 1.049959150228279
2 13 20 29 67760 1.0647474830871875
14 9 14 21 38169 1.063776867856837
15 2 16 16 57809 1.0128254390316713
14 12 4 25 57404 1.0217661163022584
8 10 1 14 28990 1.0423352314651433
17 0 28 18 79856 1.0705882088494283
3 9 29 17 88627 1.0014034165725192
22 26 16 13 51495 0.9797226611467839
16 15 22 19 35237 1.0914827606267326
25 8 13 12 52166 0.9450603472036666
4 7 18 20 55251 0.9513861056091251
7 19 4 7 43970 1.0203495446826636
29 26 10 29 57085 1.0053932745434848
21 19 26 0 58765 1.021302377854047
25 7 6 16 75936 1.0898807403367219
28 23 1 8 97684 0.9404173810142181
26 22 10 8 73501 0.9855592274032701
12 11 29 8 69037 0.9512087889792867
24 17 10 14 58470 1.0329115124535748
12 24 20 27 29108 0.9664928991908821
28 16 14 7 67057 1.0949927338166043
24 1 21 17 56013 0.9208457834368604
26 15 13 11 57775 0.9509371429599307
4 23 12 26 32167 1.0839937164301283
6 11 21 27 72250 1.0710353349738508
15 18 4 7 50598 0.9509756269912861
20 27 1 0 106963 1.000662593323233
4 19 21 4 72744 1.0558123556226977
24 25 2 10 79220 0.9621206132829931
18 15 17 27 48661 1.0655054733748246
8 29 20 15 61428 1.0268310601562136
28 8 12 5 64128 0.9538987573094683
13 13 4 24 45367 1.0429519063967763
28 0 20 26 81965 0.9358753221745154
0 0 13 28 90787 0.9556788708832322
21 6 16 0 38924 0.9015196614243629
0 20 9 24 25225 0.9538469431192836
12 11 26 29 69473 1.0345586870648158
6 27 14 16 50413 0.9642424144777104
3 16 15 17 45150 1.0438810499608902
11 7 24 19 71994 0.9392991883262919
22 27 3 1 105189 0.9086779585454502
2 24 13 8 55547 1.0823211020166283
19 24 6 7 75902 1.0968376777268412
14 1 5 13 66048 1.0956665429471162
8 4 1 17 52671 1.0397559418405637
3 27 28 22 85582 1.0253149443898066
9 18 28 25 64340 0.9256926983616232
2 22 4 10 35390 1.0886384337926078
4 16 2 27 32485 1.060938325330587
12 18 18 11 42645 0.9755666273502516
15 10 25 16 54238 0.9925039252500922
25 15 6 5 98181 1.0044193671244805
4 0 21 22 87140 0.9681044730382672
29 6 17 17 70136 0.903709349122121
0 28 27 28 64466 0.9270938337066466
25 9 22 25 54086 0.9595443797806689
25 2 25 27 59843 0.9553107413390016
6 10 22 9 50864 1.0126693427237934
20 6 6 24 81482 1.0473477577772292
10 4 1 16 57537 0.966263423253247
6 7 23 20 64655 0.952403853074371
3 2 1 10 28522 1.05030816593032
10 0 26 20 94821 0.9373103592845402
14 19 3 2 70117 0.9771442350141755
0 23 22 24 65164 0.9909594367575723
7 5 13 23 66411 1.0099724498220481
28 2 7 1 92198 1.0191780101445893
5 22 9 3 63693 1.0985871533296556
17 25 1 25 51464 0.9894320798855287
21 28 27 12 51489 1.0432137955052248
3 21 5 9 35751 0.9437428540642945
0 6 8 17 47377 1.0333584161802272
13 16 28 8 71906 0.9011931163436396
22 1 14 17 70496 1.0480952827755305
23 9 13 2 57350 1.0407122147591465
24 23 7 14 62050 1.0683894590886729
27 28 25 11 40350 1.0242079381010234
27 12 8 14 70145 1.0225394759603077
21 13 1 27 68688 0.9057913074033854
21 1 2 22 84912 1.0037443769499146
14 1 5 5 47436 0.9329499923072813
25 7 3 17 80080 1.0897468715753058
20 2 26 10 35175 0.9532386684806673
13 14 8 24 36310 0.946846275980707
27 6 19 12 44783 0.901732438215446
24 8 13 8 34136 0.9685133424484104
7 7 11 27 64099 0.9184842180567142
5 1 27 22 109186 1.093802266806518
1 8 9 10 21752 1.0720397678208533
29 10 13 2 75681 0.9489567992594833
