3486 5030 4968 4734 5625 5438 3644 5799 5781 6070 4754 5859 6260 4503 4164 4295 5450 6439 3519 5148 4284 4607 6366 6441 4529 4213 3613 6094 4300
4369 3853 5663 3835 3714 4527 3430 5452 3362 4820 3900 4733 3541 4986 3828 5676 5642 5578 3808 4007 4198 4834 4608 5194 4777 4471 5454 5576 4372
5389 8146 7771 8019 5081 6850 5599 7407 7023 5539 5912 8124 7459 8201 5272 5377 8064 5628 6630 6832 5043 5752 7461 5461 7038 5196 7446 7359 6768
4288 5399 4269 4784 4464 5915 4279 5976 4415 5124 3851 3858 6653 3820 5856 6180 3654 6458 4166 4527 5283 6282 5515 5936 4932 4647 6626 5582 4341
4290 5949 5836 4362 4839 5507 6729 4045 6996 5669 4824 4347 4925 3982 5963 6132 6960 5286 6398 5123 5608 5722 6637 4510 4575 4362 6721 4934 5534
6159 5949 7000 5961 6312 5271 5340 6587 6729 6071 4433 3991 4826 5309 4228 6482 4991 5690 5754 4159 6001 6562 6228 6151 4187 5925 7180 6080 4921
4372 5880 4857 5768 6260 5610 6231 6289 4139 5784 4175 7269 6529 6074 4201 4868 6058 4756 4373 4444 5487 4281 5963 5861 6373 5744 4881 4125 6796
5471 6545 4095 5701 4071 3542 4216 4708 3602 3753 5950 3566 5911 4125 5008 3896 6676 3501 5249 5019 6398 4973 5742 5529 5170 5721 6015 6513 3648
7505 6418 7451 6167 8150 5697 5328 7804 5670 8092 7979 5263 7407 5762 5547 6385 5569 7306 8346 7956 7797 6184 8008 6604 7206 8118 7770 6788 6031
7663 8469 5978 6600 7437 8118 7329 7667 7350 5597 7527 6245 6782 6884 6640 5735 6047 8441 7615 5467 6122 8435 6900 8234 7504 7905 7192 6835 7219
6729 6824 5800 6454 6594 6139 6684 6921 4325 4287 4438 4954 5461 4623 5311 5886 6654 4960 4291 6847 3894 6479 4820 6601 6074 6384 6578 5276 5976
8408 5600 6415 8439 6035 7752 8047 5760 6108 5460 7457 8407 6368 8357 6527 5787 6668 7731 7640 6920 7070 8052 6045 8173 6270 5830 7087 8169 6116
2520 2452 3777 4805 4341 5145 2836 2477 4004 5054 3457 3546 2431 3476 3612 3312 2446 4960 3148 4893 3995 5384 4036 2449 3437 4251 4837 3818 3636
4955 6255 6337 6493 6367 7588 7234 5154 5155 7081 5715 7583 7687 6650 6467 7693 5057 7953 6040 6607 7143 6708 6417 5743 6684 6648 5552 5491 7990
6209 5053 6149 6479 4964 4332 4892 4222 5433 4574 3675 6166 3955 5423 5140 6565 4994 6639 3864 5831 6575 5846 5049 3619 4893 5526 5420 5371 6174
6536 5331 5570 4802 6522 7138 7441 4876 6282 4532 5138 6015 6405 4822 6985 4717 6134 4897 4298 4278 5430 7024 4839 4555 5693 6611 4468 7229 5615
7863 7677 5500 5162 6482 6600 4864 4925 5564 6855 7302 6514 7226 7848 5362 6824 7486 5255 6134 5609 4794 5795 6001 6242 5385 5653 4732 5273 4694
2176 1738 2547 2520 1633 3153 3127 1469 3923 3841 3529 3519 3452 1925 2581 3644 2680 4197 2241 1714 2469 3410 3647 3963 4079 2824 2693 4160 4290
3920 5036 4196 5923 4033 3468 5390 4701 3960 5640 4710 4963 4232 4404 6135 6075 4123 6536 5911 6590 5961 5590 4814 3870 4201 3969 5677 4041 4419
2791 3417 4581 5214 2182 5033 3194 2355 3102 3730 5370 4875 4386 2661 4268 3273 4292 4528 4156 3203 2325 4487 3551 2902 2712 3516 2429 5274 4754
3634 3009 3461 3774 4814 2464 3709 4126 2707 4925 4584 3135 4152 3587 3836 3383 4931 5019 3004 5050 4337 2444 2291 3490 3511 4471 3053 2053 4943
7157 6816 5252 5917 7503 7591 6225 5091 6596 5506 5136 7099 5999 5179 7103 6031 6137 8211 6465 7291 7611 7542 7248 7754 6421 6336 5544 7232 5330
2709 2810 2687 5187 4605 4917 4596 3857 4428 4342 4845 3869 5840 2807 5505 3355 4205 4259 4756 4874 4433 4455 2677 2783 4664 2650 4153 2649 3923
6050 4955 4476 4969 6326 6430 5689 5638 4146 6464 4464 4607 6560 3976 3927 4386 7026 4238 4150 6770 5970 4888 6685 7000 5041 6846 7085 5777 4469
6007 4897 6064 5303 4834 5503 7187 5554 5298 5602 6331 6329 5211 7731 6561 7023 6917 6486 6434 5437 7057 6474 5069 6836 4652 5472 7651 5210 5824
3788 5153 4068 4864 4413 3938 4389 4061 4525 4070 4464 2898 5171 3809 3287 4918 4190 4586 3720 5298 4012 4010 5812 5367 3434 5302 3542 4821 5283
4771 4271 5162 3487 3543 2288 5232 4838 4100 3827 3129 3718 5351 4437 5415 3504 2965 4456 2537 3834 4266 2511 3032 3916 2474 3303 4382 4112 2537
4609 3706 1509 3400 3386 3222 2191 3608 4242 1660 1657 1702 3848 2024 2781 4570 2552 4453 3122 4162 2766 2063 3885 3841 4122 1515 2645 4516 4286
5470 7504 5987 6657 7730 6067 7692 6523 4997 6500 7722 7338 7075 6349 5782 5650 6850 4975 5293 5383 8098 4949 6553 5542 7077 4978 8145 5360 5568
6663 4782 4977 7147 6052 5265 5832 4801 4873 5607 5487 6767 5169 4494 6005 5406 5629 5936 5029 6334 7166 5760 4936 4091 5916 6096 7055 6112 6639
6573 3688 3757 6974 1686 5519 4313 3196 6546 6401 5529 7335 3646 6416 7237 4796 8047 8001 6100 8019 7711 4665 7130 3761 7120 3666 5273 4037 6009 5254
6448 6769 4510 7682 3520 3727 6867 4173 6547 5453 4918 4924 3819 5011 6385 5263 6634 7620 6851 7073 6569 5676 4933 3742 7122 5340 7057 6035 7910 4007
4287 4622 3068 5876 3639 5814 6296 3421 6468 5687 4038 6004 4386 6566 7173 4817 7048 5209 6009 5655 5436 5805 4526 2925 6825 4664 6534 3638 4780 4417
4968 3857 4641 6751 3942 6103 6670 5979 5519 5124 5102 5179 5173 5193 6800 5309 8007 5745 6104 6088 7668 5380 7333 4459 4870 4299 6037 4681 7441 4086
6318 4237 3642 5805 2219 5398 6711 5118 5234 5225 3065 6210 4492 6003 6036 5349 7566 6471 6156 6539 5080 5553 6853 5225 6941 3187 7216 3759 6645 5195
5029 6022 4806 5509 1721 4557 5403 2912 6652 5827 4009 4620 3146 5727 5367 5788 5851 5668 4938 7063 7603 4679 5046 3078 4661 4944 6975 6616 5737 3562
4459 6152 2799 5407 4211 5353 7058 4886 3950 5843 4062 4626 3053 6267 8215 4813 8573 5167 6933 6109 8100 4666 6113 3740 4745 3708 6334 3543 7027 4988
6906 4610 2101 7693 2216 3955 7288 4415 6105 5197 4817 6562 4119 4512 6109 4896 7872 7616 5201 6294 5151 4063 5559 4008 5373 3936 4913 6644 6123 3713
5878 5623 4378 8344 1976 5505 7002 5656 4786 4906 2952 4503 5557 4784 6600 4309 6747 7950 6568 7042 8114 4941 7276 4611 6913 4285 4474 5874 5871 4337
7232 6050 3935 7079 1244 3782 6006 4635 6157 5850 4875 6627 3285 6378 6037 4614 6481 5435 7177 5095 6579 6401 4676 3390 4569 5687 6389 4939 5187 5722
6172 4980 3375 7490 1367 4373 6111 4135 4804 6902 3937 6912 4784 4470 6120 5589 8426 7677 5395 7358 7473 4354 6491 3081 6911 5146 5883 6112 6106 2554
6010 3756 2192 6673 2789 4482 6727 2804 4056 5329 4025 4602 3731 4380 6354 6271 5811 5927 4183 6374 7082 5112 5060 2881 5957 4579 4480 3805 5785 5262
6301 6582 2113 5728 3785 4070 4119 5316 6140 5566 5221 4390 4606 4950 6531 4251 6660 7599 6423 5759 6336 3215 5290 5271 5164 3313 4658 5029 6567 2683
4460 3696 2472 6262 2910 5784 6073 2861 4372 6287 4665 5512 3506 4691 7711 4908 5948 7966 6912 6012 6356 5636 5322 3426 7343 4530 4416 4811 7761 3455
5091 5615 4267 7345 2674 4202 6138 3312 6455 6238 5754 5187 2589 4000 5651 3429 6596 6170 6527 6058 6920 4964 6393 5634 5301 5004 5902 3965 7436 3756
4829 6515 3551 7999 3964 5359 5032 5537 6679 7158 4124 6179 3622 6485 5806 5215 7668 7345 4047 6909 7447 4573 6546 5637 6375 4927 5521 5715 7030 3656
5607 3753 3783 6482 3407 3158 5907 5680 4660 7101 3904 5322 2547 6544 8177 6244 6159 6834 4154 6133 5174 6090 7663 5836 6638 3845 6810 5309 6030 2702
7088 6336 1925 7213 1643 4498 6496 5931 3661 6500 3649 7152 3636 4866 7944 3866 7714 6714 4804 7752 6260 4193 4695 5458 7363 2625 6647 4527 6037 4648
4611 5323 4518 6273 2210 5251 6588 4649 3724 5121 3813 6685 4926 4013 7975 3699 8578 6169 4491 4959 6232 6190 4875 3191 7198 4245 5897 3836 5657 3523
5903 5624 3372 8410 2813 4880 5450 2977 4428 4900 4754 5216 5434 5775 6475 6181 8796 5987 5492 5766 5136 4500 4487 3352 6660 3917 5749 6255 5066 3930
6922 5808 4189 7883 1802 3239 4156 2846 5245 7392 3288 6815 5333 4093 6658 6349 6767 7727 4378 6412 5458 5631 6966 3647 4948 4227 4850 6005 6912 5466
7239 4732 4058 6314 2267 5517 4952 5313 5928 6549 5709 6047 4507 6256 5998 3569 7977 6742 4999 6044 6893 3736 7678 4748 6288 3057 6536 3669 6016 5150
6513 6329 2691 7552 2236 3950 5065 3595 6008 5831 3556 6865 3775 5105 6730 5791 6870 7804 6003 7160 7590 6146 5866 5680 5856 3061 6662 5164 6613 5034
5021 6021 2162 7003 1816 3981 6326 5372 6122 5855 3187 4644 4373 5270 5939 3683 7957 6346 5852 6161 7836 5216 7219 5021 4524 4531 6945 6728 5321 5723
4336 6432 3484 8492 3915 3581 6893 5342 6186 4646 4411 5908 4067 5913 6139 4535 5899 5198 6986 6604 6898 6236 7260 5620 6642 3064 5942 4984 6616 3388
5635 3663 3829 7413 1632 5758 4341 5973 6327 5703 3688 5055 3549 6622 7000 4561 5718 7395 6863 7522 5467 4296 4994 2737 5843 2868 7111 4472 5680 3563
6193 4220 3401 7585 4025 4733 6129 4062 6595 5180 4033 6540 3998 4953 5465 4840 6590 7276 5933 5661 5941 4369 4766 4415 6040 3942 4135 3868 6325 3117
7418 5074 2415 8129 1364 3571 4832 2840 5620 7675 4392 4649 4307 4989 7358 5227 8776 6343 6407 7120 5711 5355 6785 5664 7159 5376 4756 4583 4988 3423
5157 6739 2427 6690 2408 5885 6843 3315 6369 6066 4020 5615 4916 6600 6599 3681 6608 4894 6367 5841 7864 4943 7064 3895 4313 3753 6240 6430 5429 3205
7 7 27 6 69128 0.9265400410231229
7 3 17 10 49179 0.9049567064662258
18 2 14 9 39089 1.0227889677199573
4 8 23 10 92234 0.9196795090897449
14 22 8 17 54656 0.9215543719871611
21 12 13 5 58275 1.0974120818985578
9 7 24 23 110039 1.0852791536670914
19 3 12 0 32182 0.9849575044508609
9 26 12 12 68582 1.0130671164619867
23 13 8 21 96845 1.0951936402575217
22 3 12 19 80371 1.0398580179162242
22 16 16 23 51945 1.0211987008867096
27 0 23 12 50879 1.0808350261200308
29 5 14 8 60847 0.9031065201891701
18 1 7 0 51144 0.9713969774173472
19 16 1 18 108799 0.9028759643789146
8 17 19 23 78116 1.0405365714675017
15 22 7 10 80721 1.0370386674887038
26 15 1 17 134617 0.9917199809310638
8 24 6 2 113113 1.0305871627931986
2 9 28 17 135654 0.9669525058627696
0 8 4 28 110295 0.9028157891588519
26 15 9 2 90275 0.9553532709007027
0 6 26 29 163031 1.0618252539061301
3 25 14 5 120204 1.0862131952572565
25 4 0 21 144153 0.9424734820009104
12 0 1 12 76336 1.0333283594060254
16 1 22 20 86867 0.9153253866887835
19 5 24 15 60854 0.9940959480278693
25 21 12 3 106515 0.9095488804535995
28 14 11 17 92945 0.9896626668152199
10 10 15 3 45990 0.9398212151911163
6 29 22 17 103393 1.0659515939254618
23 26 12 11 87152 0.9315209987934275
10 27 27 3 132218 0.9885620635407378
11 27 4 6 119421 0.9033185799051023
10 18 28 2 102562 1.0969697180373754
17 22 24 29 53243 1.057231792534186
27 28 1 21 122300 1.0162743631519255
16 7 1 19 114168 0.9435057398519899
26 28 13 1 127751 1.0282481974675013
6 5 13 18 76536 1.025321063362484
12 21 26 8 100173 0.9212967340159852
2 27 22 11 142993 0.9821479459474118
13 25 2 4 107076 0.948672182161215
20 26 9 6 108922 1.0643155918163187
5 8 25 1 84645 0.9703428773529301
21 0 2 27 166948 1.0988214878955933
0 28 17 22 98148 0.9980066377871364
8 16 21 21 87768 0.9688302731648402
25 29 1 4 154040 0.9977444243533901
4 4 6 25 112464 0.9169869395317689
7 1 15 22 109389 0.99039145620779
20 27 5 12 102209 0.940773845285615
28 22 12 17 98808 1.012679683015148
8 12 27 0 96004 0.9536042919366106
26 17 4 29 124173 0.9781187725553651
21 29 21 11 78971 0.9360239691266496
1 20 1 5 67290 1.0065439881454572
4 0 28 10 101980 1.041337471397249
8 16 4 27 75342 0.9504334935604777
5 1 21 21 119293 1.0315278170451236
20 7 12 29 96895 0.9089924964886772
10 18 25 11 85634 1.0486458844601232
17 27 26 8 96549 0.9414177535366356
19 11 14 3 45343 1.032319105364004
19 2 8 6 49473 0.9074086625220995
20 18 17 9 43997 1.0833920614575632
6 15 16 0 94185 1.0307167665670125
7 7 17 27 102061 1.0014087711791502
29 29 0 4 157076 0.912188487834152
29 11 24 0 54598 0.9051631025334294
7 25 10 9 89615 0.934485194100346
23 22 3 7 134911 0.9236288063700416
24 11 5 27 142858 1.0545795091985806
13 1 21 8 50420 1.0230817346171992
28 26 12 0 122712 0.9262993770605836
12 15 24 14 63368 1.0699384880581797
11 27 24 5 117968 1.0656116898920454
20 11 1 21 120810 0.9501261754300687
15 20 25 2 86195 1.049115316548194
22 14 2 0 114682 0.9773665156334297
22 24 12 21 54714 0.9474432499112055
29 12 14 6 73934 1.0528513181860946
25 5 6 5 58871 1.099331363431761
20 24 10 7 89798 1.000699672503179
9 10 22 11 62563 1.0546231472785217
27 15 22 26 54050 1.0879430985950154
22 0 10 7 60129 1.0093953303929029
7 9 0 1 55809 1.0407797364204778
7 1 27 22 121041 1.011476627235552
1 10 15 27 123092 1.0169417984962341
12 27 8 21 43129 0.9959049025984138
15 27 17 2 85804 1.09449666130339
2 26 21 7 139757 0.9953449643579391
27 27 5 1 144058 0.9157706201027158
8 12 0 19 65042 1.013746573451597
17 25 24 29 42203 1.0628120473728035
0 11 25 12 107971 0.9170757170301207
24 27 21 13 73724 1.0574019366101168
6 8 6 25 90635 0.999807311891518
13 21 20 8 71936 1.0345199988039706
4 5 16 8 53364 1.0208062356441214
11 1 23 5 46751 0.9891237965736359
22 6 8 18 99859 0.9940287056381655
5 22 3 11 67525 1.0731350915220987
8 27 14 19 65783 0.9980821801436089
21 9 16 18 50691 0.955940366563048
4 13 16 12 51415 1.0659003506766864
6 23 11 29 49401 1.0513810166560345
5 21 11 1 111429 1.0019988781258355
10 29 14 16 71714 0.9306477331245077
21 23 7 12 85954 1.0739313809379905
9 24 2 17 70765 1.0763301801917893
8 21 15 8 85749 1.0501361506975782
3 28 2 4 122554 0.9100996848396182
8 8 20 23 95351 0.9390608602580472
18 22 27 18 57486 1.067094231947857
22 2 3 14 102978 0.9678076218661945
12 27 28 0 138060 1.080831133017049
7 12 24 6 84864 1.0520664984800776
17 19 11 14 46775 0.9865675439636237
19 6 14 23 75958 1.049258624227703
10 5 19 11 56309 0.9317655758212954
23 19 27 26 43761 0.9998479620240963
6 10 12 18 51908 0.9854843529116636
24 10 13 12 47268 0.9287462225910321
12 20 25 0 105229 1.0662451315374053
22 22 19 8 68491 0.9782889994838397
12 8 15 27 86350 1.0535579709821405
29 15 7 4 89920 0.9383337319230934
5 5 14 9 51990 1.0477309695412782
9 19 4 28 67668 1.080729990315938
26 29 23 19 52638 1.0910638173886256
4 1 17 16 86426 0.9875600195732953
3 16 4 1 78700 1.0369666357531377
2 0 13 19 104716 1.0194985027946906
27 16 17 27 70418 0.947612032481401
24 14 4 13 96987 0.9024776450949524
23 27 17 17 55109 0.927512721452248
6 22 24 21 90943 1.037756873064283
28 2 9 1 69468 0.9517548980861268
24 17 12 29 89145 0.9334056641660176
17 23 4 17 88443 0.9054377355615769
21 1 11 24 113082 0.9638541976549624
2 3 10 5 34783 1.0924439561001305
17 0 21 18 70661 1.0452271846832244
25 21 1 13 132707 1.0071691078363572
0 22 16 19 89478 1.0686306902729372
14 3 28 0 60042 0.9782365647028521
17 6 11 22 78995 1.0830978149645747
28 24 20 9 83382 0.977126652627389
11 10 28 27 111531 1.0837115664341552
1 10 23 4 83860 1.088676462898433
15 17 11 5 63959 0.903062424831972
20 4 6 4 37209 0.9990989749997456
1 15 9 9 57873 1.0494612100718017
2 27 28 27 120581 0.9079086428199069
18 18 1 10 92956 1.0019996931393533
7 29 2 18 77786 1.0837206926074785
5 0 18 21 107498 1.039042241487202
24 15 0 6 123428 1.0955748018131437
26 24 10 7 115769 0.9978188401280527
13 17 22 6 79175 0.9903677991683776
0 19 1 4 70792 1.0465159473067642
8 12 18 27 84273 0.9466498773946603
9 6 24 5 57316 0.9314219765322092
24 27 22 7 94649 0.9423360099028563
15 17 9 21 48585 0.9141093960490134
3 17 23 5 119349 1.0486896017364762
18 19 18 29 42380 1.0972015135298072
23 24 22 8 73289 0.9523772403541528
21 2 12 27 112632 0.9553599514336422
7 8 22 14 82646 0.9597537665910043
26 23 0 16 145345 0.9221287008183885
6 24 18 22 61718 0.928250012691159
8 0 4 18 103020 0.9129302191029685
6 29 16 21 76812 0.9914307562963895
26 24 8 16 115773 0.996223286952054
6 5 23 15 97363 0.9842244635251808
3 13 28 4 106272 1.03283634534832
25 21 29 6 63799 0.9874357704952972
17 15 6 17 65465 0.9439983175033893
17 11 25 26 76901 1.083157830849425
24 3 2 4 62154 1.0018139399879937
28 18 13 6 97419 0.9103030557004881
15 20 1 12 91037 0.9243068529063135
7 6 26 27 132189 0.9088124640333511
0 16 29 10 139230 0.9106995578966139
13 22 2 11 89398 0.952824290878227
6 18 22 12 96235 1.0134421084837968
1 9 9 16 66550 1.073081747127905
16 25 21 17 49396 1.0802832355909808
7 3 9 15 63358 0.9408610988873084
2 1 5 17 91674 0.9926040122182513
26 18 0 22 132705 0.9142349067130019
17 23 29 13 87334 1.0041679172978748
0 16 16 15 83912 1.0378718903839912
4 17 12 5 85847 1.0887040467734717
26 12 9 18 93462 1.0806953888592623
20 9 14 17 57545 1.0835476099221668
5 10 21 5 72449 0.9118937961496801
22 21 14 12 57911 0.9608289466959633
10 4 22 4 31631 1.0464333330926014
11 4 13 20 68263 0.9847719709385717
29 20 23 8 70375 0.953542359450003
13 0 17 29 107131 1.0742374782621875
12 23 6 28 47128 1.0030702682431973
9 29 16 13 86851 1.0011487665679784
10 6 3 24 113248 0.934790288987676
0 15 14 28 114289 1.0551086794560451
11 11 4 1 65806 1.012842466281155
1 20 11 20 62729 1.0022126288093498
9 4 2 12 56417 1.099809407020695
4 0 25 10 99018 1.0444852697681073
20 11 20 28 61747 1.0232427131309418
7 14 20 22 89006 1.04787726851872
1 15 16 16 81645 0.9815042318377154
5 18 27 9 124688 0.9194426126286974
23 14 18 19 44643 1.0458454995253508
4 17 17 29 101319 1.0563678441038242
4 8 0 2 40677 1.078135212038647
13 26 24 4 102701 0.967010368431436
24 0 14 2 45420 1.0699593382970838
15 4 16 21 62558 1.0507300987289963
18 7 0 15 101778 0.9406918102879478
10 17 15 24 53611 0.9858419079771437
16 26 2 9 119794 0.9741093453039883
20 7 26 24 87044 0.9467498459760194
27 27 20 7 91338 1.0211707666008363
27 12 13 26 101842 1.0343585457291955
27 29 16 21 69039 0.9826509783909163
10 11 3 29 117009 1.0479060882645144
13 1 14 22 94780 0.9529545071817255
16 17 28 21 71701 1.075226877509538
0 3 20 7 69092 1.034545439415267
17 20 1 20 87775 1.0336637794993169
1 17 0 5 58218 0.9312558841671437
19 26 9 7 96721 1.0037310265017931
2 14 29 6 130990 1.012800997736821
13 23 0 0 126572 1.0010498482436399
26 10 18 4 42519 1.0275231618270282
26 29 24 19 46477 0.9564004128834275
28 12 12 19 88160 0.9982079911488484
22 7 5 4 57117 0.9099883298791044
6 15 24 1 107956 1.0857428725386826
12 0 22 0 44739 1.0194145104406211
3 8 16 2 63304 0.9406395661829298
12 14 17 19 40421 1.0627694854788223
2 15 19 7 97345 1.0504916608371224
9 18 4 24 55476 0.9052514971958521
3 10 5 28 100569 0.9143925240268216
21 3 12 26 104451 1.0612284014969282
7 25 24 1 137807 0.9840582651537984
16 20 19 10 42118 0.9518087149472869
22 15 19 22 39981 0.9486046012710612
27 5 14 22 98315 0.9366359115977398
26 0 8 13 101532 1.090925266950223
0 9 20 6 85410 0.9544746064085421
7 25 1 4 116694 0.991987911068015
7 15 27 15 96800 0.9169888808267042
27 15 12 22 93881 1.0065754915581995
20 19 4 24 86451 1.0784550322618838
26 27 1 14 149575 1.0889393947840076
28 13 12 22 103675 0.9662581851937029
8 6 24 20 122202 1.0365769871818484
7 17 17 15 60298 0.9653650173768374
16 24 8 0 115811 0.9744303846841765
19 24 2 3 116790 0.965698255944854
17 5 22 26 82635 1.038322281111297
10 7 4 20 89003 1.0115392185608107
25 24 29 17 43705 1.0955810440583786
15 3 8 26 118087 0.9959480465548755
28 9 23 4 34412 1.0885993953396165
23 21 9 23 67405 1.0434945334427708
25 20 27 7 49125 0.9547127710464369
24 21 14 12 69273 1.0143545562546654
16 19 28 14 76108 0.9288976441247321
17 10 22 1 38565 1.0428412200545134
18 9 26 20 75242 0.9897214004001409
12 20 25 10 84563 1.0659655193007769
1 23 20 27 86956 1.096125915909835
3 16 29 28 152493 0.9381682721720137
6 21 8 0 109071 0.9222733858900789
14 21 26 24 64146 0.9339435477781977
19 16 9 14 57008 1.0918702180228614
0 10 17 7 84230 0.995987815702872
28 10 7 3 79093 0.9084730909233305
4 8 10 19 80500 0.9680611994456562
10 15 20 12 52081 0.9581868884841818
26 28 5 28 94273 1.0322687582935997
12 4 3 2 30738 1.0653519930931794
5 11 25 8 96546 0.9719362914708316
9 11 11 24 68144 1.0641392322449685
22 13 4 5 89745 0.9751653347131295
11 26 21 5 106438 0.984693725486412
6 6 10 24 105045 1.0419920897892128
7 18 0 29 82407 1.0875261757725219
16 28 27 6 108891 1.0873502653489584
8 26 7 0 133051 1.011688964037986
3 27 3 15 64206 0.9481244309227728
21 25 23 15 49309 1.0127522978647334
26 5 3 14 108246 1.0866513954886796
15 21 21 25 40127 0.9527112108209159
25 14 8 1 101991 1.0808341829149493
2 3 23 11 94305 0.9480840278824019
23 18 29 5 69660 1.068813573277547
3 9 15 27 119260 0.9965862735932582
27 25 21 16 62549 0.9794822009241622
9 16 22 18 78247 0.9850112210499049
2 6 9 18 88211 0.9565126745388371
5 11 27 17 107909 0.9808785239399941
13 29 11 19 49793 1.0969473894544333
20 24 1 20 96075 0.9801131225268993
1 10 16 9 72419 0.9997558663623899
8 29 25 19 104754 1.075592928582327
4 17 22 1 119665 0.9763755301331355
20 14 0 28 136085 1.094694386106113
5 15 13 25 76928 1.0476624615551104
5 28 18 11 113879 0.9360560863816512
24 27 13 14 94424 0.9699242014666263
3 26 26 19 117665 0.9996184712357812
24 3 9 8 66646 0.9494368184843792
28 16 6 15 112490 0.9810357675685982
8 7 13 29 102572 0.9283217509681215
28 17 25 27 47257 0.9230648240558281
27 2 24 19 67658 1.0762546025047395
21 2 1 6 71915 0.9444648792310286
17 16 0 24 97504 1.0997344738455157
13 23 1 22 51019 0.9452375471389647
17 26 29 11 92914 0.9189838800633143
6 26 15 1 133440 0.9542098280415373
16 1 0 24 143858 1.0866691729865126
15 10 27 0 62757 0.9037971246130071
29 1 18 4 37249 1.01364920537911
2 29 20 1 155161 0.9721239862953941
2 24 15 4 124781 0.9284290173729084
26 2 12 9 64526 0.975119858992452
3 12 7 26 88782 0.9468542900496846
18 27 6 5 109996 0.9375685439670446
16 23 23 14 63220 1.0336495391653093
25 24 16 22 50864 0.9072769482468952
7 9 9 19 60971 0.945238772119081
11 25 7 0 114422 1.0340369683824993
11 3 20 13 68042 1.0490499900676586
6 13 26 27 126561 0.9945273003731954
17 10 0 7 77597 1.0969603583965244
3 29 25 24 101799 0.9839556551586985
22 18 2 3 115764 1.002613417073821
24 21 5 23 88058 1.0051889012964599
10 13 23 4 65316 0.9321869819618068
7 12 22 10 66607 1.0979624206112448
13 20 15 7 64641 1.0728957612060546
16 17 0 22 97810 0.9256355860673825
21 1 8 9 74386 1.0019214180067981
18 10 6 10 51985 1.0716285335451203
28 28 17 4 103880 0.9191163301050533
1 14 21 19 113466 1.082278819565577
23 9 13 7 51999 0.9796155551280009
26 12 5 16 104990 0.9246087125455963
22 0 5 29 148681 0.900894709809828
1 29 26 1 175512 1.015200595172536
23 19 6 21 94732 1.00189669549886
27 6 14 16 84572 0.9149649870791517
6 21 25 7 127822 0.9061477292028971
0 27 29 2 178671 1.088033113178098
2 7 19 12 87420 0.9224041944920931
1 28 9 11 114132 1.048760029635692
10 25 21 15 83483 1.000928309866057
8 8 15 13 50587 0.917711482728506
9 1 29 3 73769 1.0421897599384244
18 27 3 23 72022 0.9418474895805851
26 22 15 8 98648 0.9190632828033892
22 25 28 5 81906 0.9631739615022342
12 27 24 10 105352 1.0301756369267185
14 6 26 19 91666 1.0319719992596816
21 27 21 14 61483 1.0726494964589048
4 14 11 27 96324 1.0980442530600953
4 12 20 17 78112 1.0331082050544973
11 10 22 17 67080 0.9283156172790629
11 1 18 29 110161 1.0178913867821644
21 9 9 18 81920 0.9584813482543679
20 25 6 2 113261 0.9779743080221528
9 29 17 0 116934 0.935191574112196
25 19 2 0 141956 0.9378998897539761
14 16 27 4 77964 1.0704941070734015
16 21 7 20 49657 0.92823339266394
3 0 27 2 86433 1.0472798167907402
18 16 6 3 78404 0.9840398809792106
25 29 5 10 137494 0.9579923196658631
0 16 25 8 131871 1.0555521951290383
3 19 17 22 82847 1.0100218382954722
18 26 6 15 93177 1.0286817063876426
24 16 24 1 70802 0.9405978638318211
4 19 0 6 78088 0.920503748599636
11 1 22 2 40456 0.999528877475902
11 24 3 12 87439 0.9308767208586067
2 8 29 19 146249 0.9935103528548057
9 0 23 24 130828 1.0120761637682065
28 20 0 20 143127 1.0554629328237648
29 19 0 9 154369 0.9845451358738616
14 5 0 22 124977 1.018263839382654
1 29 22 24 100797 1.0922425037169927
3 25 13 22 51939 0.9329665342313749
26 5 24 19 64096 1.006355936156725
10 22 28 17 106747 1.0433184020296622
5 5 23 24 123765 0.981898939645889
16 0 17 14 44159 0.9153219613515294
25 4 5 20 126080 1.0622839889238105
19 11 4 7 78323 0.9057402092044914
27 3 26 29 83934 0.9587299314275777
22 4 18 10 30291 0.9196935670475593
9 29 17 25 43757 0.9572537317765638
26 23 5 9 130035 0.9254592513905583
24 13 18 18 49866 0.9298470729193835
20 14 6 13 68945 0.921426639835505
27 3 22 8 34999 0.9143772924397239
22 28 7 16 110557 1.0167070423865097
10 12 18 20 54079 0.9120584757887891
24 28 17 6 98218 1.068945848793289
21 14 29 1 70608 0.9155045171905597
0 28 26 20 135410 1.0358585238028415
12 4 19 23 81543 0.9982032206754045
18 0 27 20 88299 1.0005797463071096
28 1 22 15 67420 0.9003042520389689
11 8 18 13 44855 0.9635701540654951
4 18 27 3 131291 1.0410541178382353
16 23 22 27 38103 0.9509334847550107
6 28 24 29 81989 0.9554427028832334
23 18 21 6 62863 1.0849545890866072
27 27 11 4 113905 0.9269294705121963
26 10 1 19 138577 0.9339257952590807
13 7 4 16 77023 1.017005032604349
19 18 9 25 67237 0.9034629874348808
29 28 25 21 39264 1.0217942973989969
2 11 28 24 150243 1.0622509719681958
18 12 22 0 51958 0.9028502069392618
27 6 0 28 180800 1.0433872419501913
1 1 6 9 56895 1.0423437417250718
5 12 28 8 103024 1.036800062515884
15 2 29 8 56515 1.088366917909607
23 16 9 26 100295 1.0840732589952835
27 2 18 27 103508 1.0979967407602529
3 26 19 21 86559 1.0667155419550545
14 12 28 24 94929 0.981668168133758
17 3 11 13 50395 1.0589442485462
9 23 10 13 57155 0.9249107613494244
28 27 26 8 67231 0.9177383235014411
12 7 28 5 60378 0.9369915924982946
12 26 1 22 55885 1.0256841001000083
5 10 11 4 38766 0.9980596588615824
27 9 23 24 64428 0.9500247666623166
4 21 10 9 84773 1.0412100192504465
14 1 2 2 44575 1.088185461968403
23 1 25 27 101097 0.985046967837676
20 24 6 16 98368 0.9225219840212993
0 26 8 10 105525 1.014703707281722
10 13 23 16 69950 0.9907928563405556
7 18 21 15 83384 0.9750312912040845
11 22 10 5 78091 1.097178074749152
4 17 11 0 101070 0.9367611929495887
21 20 8 11 84938 0.9389008067524203
22 22 5 24 79817 0.9228608921568974
12 14 5 27 84018 0.9039861345912964
29 18 16 28 86377 1.0481278288607387
10 11 21 27 94008 0.938238201557411
27 7 6 20 136427 1.0646390327014528
23 26 25 0 105538 1.0681350912483267
16 0 2 5 61733 1.0251390129721036
2 14 21 5 105696 0.9818856063059254
5 22 22 15 103951 0.9901656502520108
14 15 19 7 46543 0.9169436686585662
10 24 15 12 64957 0.9909725454473359
9 5 24 26 124259 0.9320748146869166
0 29 17 11 126837 0.9971714413869456
12 1 9 19 81095 1.086001214286244
3 8 28 10 106119 0.9798308437101768
4 5 27 28 138214 1.0760722531171456
9 3 26 1 61994 1.0601704735409143
16 27 7 4 101354 0.9366059897792436
25 25 17 15 60122 0.9450083938882183
3 9 21 3 77859 1.0771611372388776
4 24 20 22 74620 0.9722815347945274
8 26 10 11 86525 1.036113909113942
8 4 27 23 106369 0.9996838661769909
10 21 21 18 59533 0.9832003830995087
28 0 25 19 75304 1.047189026755122
5 18 29 26 126750 1.0533534188757243
9 4 3 15 68085 1.0485383968809918
18 13 5 18 83939 0.9135196602772869
5 29 10 24 48798 1.034286234491149
23 7 10 19 89404 0.9050385063510078
14 29 11 16 63239 0.9452830403826747
18 29 10 24 53241 0.9593871538702529
28 19 17 7 82141 0.9915174228518366
21 28 13 2 109963 1.0317820133095992
23 1 0 28 176910 0.9725361317710205
5 15 23 16 94168 1.0736900371405467
6 25 12 4 104931 0.9889709729641496
0 19 17 10 106317 0.9439716271892079
8 16 21 17 80059 0.9125372940468449
3 24 12 18 60850 0.9775474067743984
27 24 2 10 143767 0.9344960183626588
9 1 21 16 94539 1.0049991244592957
10 16 15 22 54067 0.9946173089314873
13 2 7 11 50129 1.0210639593409094
22 7 13 4 37808 1.065577314958595
19 20 10 7 77273 1.0356902419247471
5 18 11 9 69282 1.0382199367955796
13 13 26 28 100149 0.9210668393983594
21 4 26 28 93888 1.0602659181862424
29 1 18 23 100504 0.9904568825480217
4 23 26 1 145226 0.9313921682203411
7 7 17 27 102061 1.09719668277968
26 3 2 21 148112 0.9541807463123538
24 0 21 29 124614 0.9818939329185545
8 3 29 1 69175 1.058357051259579
13 10 9 24 71049 0.9160306673966497
17 24 29 0 105672 1.0496535861670142
20 24 25 16 55968 1.095918097366455
26 14 15 21 75257 0.9211719911024361
0 3 15 25 124972 1.0011913081753359
17 3 26 11 49811 0.951325824598715
5 4 9 10 37593 0.9646115719054027
28 11 8 5 81240 0.9690211493519549
9 3 24 19 111733 1.0774161909879452
27 6 17 29 107151 0.9230004012479799
8 20 1 27 65329 1.0620433722362268
11 6 19 9 44225 0.9597347709627511
12 5 28 4 46804 0.9461366608712223
2 29 20 4 144917 1.0756952404635916
0 23 16 4 130266 1.0734921008602423
5 23 1 10 75690 0.9997559918322804
28 0 18 26 114308 1.0833967778471287
28 15 14 27 95204 0.9459071240296629
11 14 28 13 81566 1.074695385504845
11 29 2 24 64787 1.0773248540406857
7 8 24 21 112349 1.0485933822634106
11 24 24 3 110454 1.0734879780114281
6 23 28 23 97048 1.002907384990275
10 26 22 19 75478 0.9133126562933266
0 24 8 2 125412 0.9719283939526643
14 4 6 0 39134 1.0924769249861137
17 15 20 24 39493 0.99905945487794
8 18 20 4 91290 1.085622629552647
29 9 2 24 161599 1.0913680977458786
25 25 2 1 149773 0.9058663584029688
14 27 28 23 68570 1.0353522081775834
22 27 5 5 126997 0.9927622658340317
11 16 3 22 74661 1.0076476146754139
3 25 26 1 157825 0.9493170422588436
4 25 13 20 58065 1.0830828784229678
23 12 11 5 75100 1.0049460657297822
28 28 17 7 104835 1.0119347922302493
28 14 14 10 70459 0.9108622178587245
10 9 2 14 58249 1.014834017368737
9 19 12 3 74866 1.0094664504865294
22 9 7 7 71299 0.9077163033404815
20 19 29 5 84001 1.0552308782571402
7 25 9 14 67998 0.9565620089158419
22 20 13 21 49946 0.9683994251582385
5 14 28 21 133911 1.042098525668196
29 28 7 23 100106 1.0149451633789284
25 16 23 28 62936 1.0761788815008773
18 14 16 4 39873 1.0417765080123669
14 7 4 13 63807 0.9277851286549234
17 15 6 3 68463 1.0046503000960776
13 20 3 20 60763 0.9225554467844564
17 28 8 17 86561 1.021112474876351
5 13 21 14 76299 0.9809054057077239
24 14 7 22 110588 1.0867688639776205
6 24 15 18 64813 0.9573342693023348
10 26 22 0 124557 0.9044710543392498
2 2 15 15 86773 1.0690282939429139
0 10 11 11 54717 0.9508429192393293
10 29 29 6 141015 0.9121912895702686
13 14 7 19 53161 0.9662071334342379
6 17 25 14 106425 1.0339244647263612
19 27 1 8 130023 0.9773062416373339
6 2 5 15 66565 1.0603136774773927
7 16 3 3 69225 0.9695704815359644
13 1 25 2 46727 1.0662331763305104
22 5 5 7 61299 1.0830772460916822
13 26 23 27 53756 1.0229888058404397
11 24 3 6 112945 1.0998028998498879
26 9 25 0 39506 1.0082642632528787
2 28 2 13 85466 0.9492594352546944
3 10 10 29 115784 1.0220406824978392
9 11 15 28 95563 0.9651773056112594
5 23 1 29 46195 0.9687711309802632
0 20 19 10 118927 0.9671565158257097
25 19 0 14 139869 0.9586588842693566
7 1 9 29 134452 1.0938031600293965
15 14 6 25 84125 1.0680488778178046
3 6 8 28 134153 0.9683660340390909
8 14 18 21 71515 0.9619222384936077
11 11 26 5 72533 0.9463037887319111
28 8 26 24 58936 0.980337314139024
21 3 18 24 79867 0.9793369784595074
12 28 13 10 72709 0.9261679801121141
11 9 22 21 82511 1.0641874555550057
5 3 20 29 127079 1.0346485271499042
3 14 20 4 91035 0.9368152464224854
25 10 4 19 127779 1.0138569426317514
19 5 25 11 46783 0.9194114721362866
11 27 27 3 126106 0.9075298801587874
29 18 4 9 137474 1.0438016918141946
2 24 21 20 95194 0.9301757815142344
1 7 20 10 85458 0.9733309936972738
6 23 11 1 109054 0.9059321403390963
28 19 2 21 139245 0.9299954274769612
2 0 6 13 78110 0.9753468873039273
2 26 23 18 119592 1.0601022640015556
20 20 5 26 84737 1.0666753429268647
12 7 23 0 59703 0.972601268161608
12 9 15 1 41568 0.9349489031003864
15 12 5 13 43202 1.0809551589494648
13 16 1 6 87436 0.9190183560110214
18 26 15 4 78161 1.0250718159511505
8 23 19 6 98618 1.0814542365554731
14 2 17 23 72822 1.0710920556701635
25 22 6 13 118689 0.9681526209977944
29 28 5 3 147534 0.9651507658582028
25 25 9 19 89329 1.0991321904517806
14 20 3 9 89941 1.0408180705495156
29 2 28 21 67052 1.0723665649893428
15 20 5 14 76033 1.065151988261237
21 3 10 9 59109 0.9613619149564498
2 8 8 22 94827 0.9602039295294146
18 7 20 22 64117 0.918544753743807
2 2 26 0 88571 0.9792405573347114
21 12 13 10 42593 0.989103338745869
26 27 16 27 50106 0.9812889916659335
10 12 24 12 57369 0.9748160502448597
7 24 9 16 56343 0.9952172736329483
13 25 1 17 77372 1.0414990645505793
11 6 15 23 84125 1.0603294921599646
28 9 3 11 113786 0.9504843416012589
24 20 16 9 82043 0.9559498981760733
16 16 27 23 70386 0.992889806309961
6 1 15 10 67564 0.9990543992106
22 25 29 22 38824 1.0213410073916704
11 1 13 14 58088 1.0421334845868553
24 3 2 25 149325 1.093281478491495
25 17 5 9 113360 1.0487713505268463
23 10 26 28 75007 0.90646587957027
24 28 13 28 59100 0.9372024550527664
21 2 7 18 106947 0.9415376314194928
3 2 21 9 78622 0.9468397396599877
23 3 8 2 53073 1.027527954767442
18 15 26 0 74043 1.049517716091412
8 23 18 18 58052 1.0120974248650905
17 17 6 9 68357 1.033280805648398
2 5 15 4 39774 0.9999830418419728
20 28 10 16 90493 0.9557242444132203
9 24 19 3 108157 0.9572196012050485
24 2 13 3 42910 1.0319377210075387
19 15 5 10 68073 1.018793759931771
20 0 2 18 131440 1.0289891877813433
20 25 15 16 50893 0.9272406083285989
21 29 26 23 38439 1.0045568133888108
4 10 2 1 54349 1.095992777600503
26 7 7 13 97048 0.9855317696318453
5 10 28 24 138721 0.9294749036373455
29 27 28 12 63669 0.9333688434317824
24 20 13 26 72075 0.946628841604768
22 14 15 3 65403 1.020227764077042
23 22 10 6 108505 1.0114597425703593
7 20 18 25 65214 1.0639640854915238
6 9 10 19 68298 0.9165740871965711
18 20 3 18 90933 1.0127881497932447
6 28 5 19 52067 1.0249653811780135
5 21 20 27 82450 1.0778507859439086
13 19 3 23 58540 0.9358252567884701
26 4 4 23 132306 1.0701907011469998
22 29 17 0 103974 0.9319077573997729
2 12 16 18 81229 0.9408845391812519
9 8 25 6 73609 1.0782884896315992
28 15 5 5 98483 0.9302622436539076
0 15 10 28 107343 0.9398497693251509
3 14 21 17 99777 0.9205559189657967
21 12 14 26 78633 0.9324720629893855
5 11 26 19 112190 1.03459445295288
5 4 10 22 94602 1.0749796609310045
0 3 6 29 140680 1.0365495831940703
8 4 3 28 133468 1.0212662674964814
20 11 7 27 114121 0.9002370865900904
27 16 0 27 147787 0.9725938727818961
14 1 11 22 91797 0.9083153179745387
14 9 2 4 55478 1.0234425497764474
16 6 19 18 52931 1.0456355250169285
8 4 7 16 54564 1.0717200019953368
5 23 28 19 113768 0.9797149832953855
26 23 9 2 116921 0.9943665879170075
5 18 22 25 96773 1.0977587984537662
5 5 17 21 87673 1.0647170920427294
25 25 12 29 58946 0.9250146814910879
9 5 4 0 40217 0.9893159594421527
1 14 2 29 76030 0.9129579452022841
0 3 15 14 87013 1.0279516143390626
29 29 20 14 85636 0.9819661283437753
4 22 24 12 126399 0.9106996152493007
27 23 15 2 94654 1.0728362730732615
25 20 17 7 82932 0.9225992313974809
4 22 28 3 150989 1.0569407224420004
29 27 8 8 141453 0.9073519145249526
9 14 21 29 108338 0.9737227675948089
7 13 15 3 63082 1.032912000251519
16 6 10 24 94684 1.0397491689218907
3 24 3 4 102212 0.9413935553084608
22 23 15 28 46968 0.9418612230808092
10 0 19 19 94373 1.0313998581392725
25 28 29 15 61765 0.9576356491576422
11 11 14 4 38611 1.0182180085136003
8 12 20 24 81678 0.9126710057663623
0 1 26 8 98237 0.9907597868977159
21 1 28 19 80156 1.071838826977547
22 9 1 13 98559 1.0193470948051044
16 18 28 27 69308 1.065995467981468
6 27 26 27 98618 1.0581174143108016
2 11 14 27 113526 0.9862734444732844
27 7 1 19 145739 0.9039175069180605
18 23 14 8 66024 0.9590505521209194
22 6 3 21 133721 0.9786830837369477
8 14 16 27 92549 1.0074687904555493
27 16 24 1 55411 1.0884632907876621
10 20 7 6 82348 0.9580120366620686
15 16 15 5 55212 1.079421259771591
19 14 22 27 56368 1.011865438448883
22 29 13 27 49187 1.0598823212627035
20 4 6 11 65127 1.033999945303167
16 25 29 4 96172 0.9334088694261564
21 18 29 29 70697 1.0035952866261821
22 27 27 16 53633 0.9380628382348464
27 27 9 28 86173 0.9038138090842148
20 19 14 2 76974 0.9426970848967131
8 23 8 7 86500 0.9238425785561369
18 15 8 6 69790 1.0345521310186683
26 15 1 28 147524 1.05760239249054
6 24 5 6 98803 0.9380533160897574
12 7 3 25 102844 1.0581824305944252
17 4 27 20 73539 0.9679585285610921
22 12 25 24 64252 1.0986208784481983
20 12 12 20 59144 1.05880638573509
18 0 15 21 75708 1.0901696899094804
2 10 12 17 63162 0.9304820211327225
22 18 17 9 53374 1.0573508261820013
28 10 5 14 106029 0.9219213321052476
5 25 13 7 100674 0.9833658020416289
16 19 11 9 60211 0.9392460995554837
13 29 14 8 93377 0.9029268527074182
5 13 20 16 74458 0.9662134883705806
15 20 27 9 83672 0.9882446775837755
1 1 4 28 134223 1.0180306383530542
15 18 14 6 62382 1.0221196814113944
2 20 16 13 103931 0.9910466139604364
1 19 6 5 87947 1.093796299849149
3 9 21 28 132470 0.9850275874732022
5 9 21 16 90475 0.9659352995085603
5 29 20 26 68540 1.059366924041182
12 3 20 23 89700 1.0728134086032801
8 5 12 28 105146 0.9597974985530399
29 25 2 5 146490 1.0260089034857411
21 12 28 2 53261 1.0220706747151216
13 7 1 0 64176 1.0143019225515484
29 5 17 23 90337 0.9887914102883895
2 14 23 13 103258 1.0462548157678018
21 25 1 4 124145 0.9479297034500829
1 5 10 25 120722 1.0079984141029408
15 26 16 10 65973 1.014063766269153
13 26 13 16 50317 1.0516919110441132
12 14 23 18 68189 0.9821399651896013
21 25 12 16 71357 0.9537582113317961
22 10 26 22 59341 1.0320190099084878
12 9 26 23 100341 0.9696466536933707
6 21 15 6 99278 0.905454007781045
11 10 20 7 47319 0.9397693088084412
29 7 19 29 104811 0.9809176748340135
0 28 23 22 120390 1.0682353364229513
20 29 9 14 102872 0.9384921126840924
24 5 8 11 82357 1.0577878987144063
18 1 0 4 59298 0.9921750401518828
22 1 3 17 121478 0.9515291069317695
16 15 11 22 51001 1.0068645048386295
26 3 11 15 80675 1.0586602784268697
5 16 13 1 86994 0.9144999783243735
18 29 21 15 64015 0.9658737703241528
25 16 14 10 69148 0.9939499035463032
4 21 10 28 65429 0.9201731627235107
17 18 27 18 55801 1.0681640184052372
20 15 5 20 95386 1.0839695430010368
28 24 14 26 66120 0.9077932763121432
12 0 29 13 86644 1.0974798059760298
9 27 2 0 147095 0.91932698459814
6 4 8 15 57559 0.9617208445203066
28 4 7 21 123931 1.0275371308191503
16 19 0 12 92914 0.9410397118759067
11 4 0 20 101995 1.051838123477193
1 1 22 29 153902 1.0593493979496678
7 17 21 14 84538 0.9101574024510763
6 24 16 15 77549 0.9523368514686603
10 22 16 27 44827 1.0471387975476194
5 25 4 9 87726 1.0494999866851509
0 1 29 1 100894 1.0819344727207558
5 6 1 22 91573 1.0466895275242658
0 3 22 2 70613 1.054304323424285
23 11 0 0 110708 1.082540926200682
22 17 23 27 44868 1.0780552438767046
16 18 18 4 48470 0.9758502725186853
4 6 27 19 114206 0.9152950886163921
8 5 16 16 74221 1.0898099122502167
7 20 13 25 44283 1.0208913275413638
15 1 9 24 112450 0.9848455331686062
26 29 25 11 67555 1.0463258491439689
15 4 27 3 35130 1.0483705937563488
4 11 27 16 110205 1.005705989942139
3 8 28 10 106119 0.9737530300108761
6 23 26 27 88496 0.9893170905296557
20 15 10 14 53879 1.0803711048699138
14 27 2 19 86366 1.0126350175763463
2 10 0 0 50127 1.0680082366452157
26 7 4 20 143855 1.0358583672957025
0 4 25 4 65972 0.9125183860723518
9 8 22 16 81581 1.0285552620725606
26 21 26 2 64625 1.0790432764600764
29 26 22 7 91561 0.9925106925162641
27 29 11 10 115750 1.057593616501869
4 6 15 1 50854 1.003015227577902
15 18 6 28 84369 1.0671870247073167
6 8 24 24 121303 0.9978538442572947
6 20 20 2 117997 0.97226957790879
15 21 15 3 71933 1.0756861698064384
1 25 10 26 46434 1.0384738430678442
29 6 5 28 168258 1.072413948485947
26 19 23 4 60011 0.9117201386837658
14 25 6 18 59988 1.0133392709340472
28 3 26 26 79521 0.9248536270683215
4 22 13 4 110833 1.0002623871919112
19 3 21 14 50707 0.9952297650380247
12 9 28 22 111295 1.0142855021912407
20 1 19 27 93272 1.0806452742070594
25 29 3 4 146881 1.0490104945532137
15 0 29 28 128726 1.0216642943179313
10 22 7 12 67367 1.0267738346353767
5 4 18 1 44292 0.9456842874592731
24 0 19 18 83762 1.0396168970027495
6 5 27 4 60115 0.9992166223242372
1 6 1 28 101875 1.0819165497632401
20 27 26 2 104839 0.9370102074321945
0 17 20 3 116858 1.0005982023942839
20 5 13 29 100385 1.0500349146851045
3 29 11 27 48442 0.9597138290939745
13 18 27 8 92978 0.9247647102840999
29 11 3 15 124395 0.9906269174955873
7 21 0 17 55814 0.9817048347875021
7 16 18 19 74136 1.0628155569380573
18 6 22 13 45943 1.0912486395745529
1 13 21 2 101153 0.980566088106606
13 27 17 1 96318 1.0002106981376977
25 6 28 22 64656 1.0512385004088112
29 2 25 9 36734 0.926352293992284
13 26 20 20 48626 0.9402766543376522
17 0 26 25 101537 1.0083889889972821
15 3 22 22 89975 1.0600740064672636
10 24 10 5 89630 0.9897251522612969
24 24 7 2 125841 0.9697013063713144
6 26 18 22 70214 0.9561338077270818
28 0 23 18 82749 0.9422936183322623
15 2 11 23 92868 0.9295428247740315
16 24 16 4 70162 1.095641849341396
3 6 23 24 133993 0.9167786179294847
13 26 0 15 99082 0.9638187190833959
9 4 1 28 133560 0.9274597604535382
22 21 8 5 105613 1.0568557060480517
4 14 0 21 54926 1.0227368087431439
11 18 17 29 64319 0.9361282828352899
5 15 12 20 55039 1.06281251979158
12 22 8 1 95929 0.9059983851941301
21 23 10 18 66770 1.0306517570015992
23 23 10 20 70971 0.9307634176680813
2 1 16 6 67174 0.9965222048036096
28 12 21 19 58989 1.0937698748538247
14 24 29 11 108250 1.0079452538750335
0 21 11 24 60539 1.061310900410702
15 15 5 13 54608 0.9997509056732375
8 27 10 6 109558 0.9307072501451041
20 28 13 16 71448 0.9989494222005958
25 22 16 7 92722 0.9329934044097418
22 14 12 12 47682 1.0270276590079235
9 29 29 14 128141 1.0449242751135035
28 15 20 23 64166 1.074900755072686
27 20 4 28 121698 1.0577512532918256
29 16 13 26 102933 1.0964037984936497
17 26 25 5 90135 1.0936317138946783
24 19 24 29 53428 0.9674735268398134
26 11 21 17 47845 1.057013942085737
7 23 0 10 88037 0.9958080160896209
13 2 3 6 42759 0.9023145310339993
29 21 5 24 116235 1.0848077557011693
0 20 29 0 167079 1.0050065023711354
15 19 21 24 44721 0.9543228016168086
24 11 17 0 58845 1.0469953024148417
22 3 29 20 81566 1.0491399118108344
21 16 1 3 105467 1.0824240625460315
24 16 6 2 111240 1.0205101938063859
18 17 21 9 46996 1.0794039572412897
12 16 10 25 44473 1.089926550714994
4 28 18 1 147310 1.072124540798571
2 25 24 6 154359 0.9900367406678141
28 23 0 29 131380 0.9190110737549148
4 13 25 2 102302 0.9669052656932061
26 15 12 19 80147 1.046950784917081
7 28 21 5 131543 1.0570785321577998
3 24 13 4 115732 0.9953495879084368
16 3 7 7 39916 0.9761567942669578
22 13 13 21 67717 0.9994656271630479
8 4 17 0 33097 0.9232526628200179
1 8 28 22 147860 1.05009243083054
20 21 14 28 46448 1.048825629678597
11 27 19 6 101044 1.01542630225474
5 3 18 25 105046 0.9082305799749522
0 18 13 23 73469 1.0486047150027615
14 13 0 2 83159 0.9188002334665734
29 12 27 3 34291 0.9754191868552399
11 16 6 27 77676 1.014604270051897
5 22 28 23 106354 1.0561309705825426
27 4 3 17 124418 0.956661228035644
29 26 29 4 82140 0.9122263375467922
6 19 15 1 105677 0.9457502917734961
14 18 0 19 88469 1.0487630274013997
4 25 26 27 96371 0.9313597027815801
13 9 26 25 100408 1.0996690555609916
20 24 19 11 50692 1.0804294245406827
22 9 1 25 141478 0.9307428289650912
12 26 2 12 93556 1.0544003699270208
1 10 11 12 49491 0.9167262419504497
12 27 0 24 66316 0.9931828170022784
3 26 8 19 57715 0.9066735474710739
2 24 11 21 52550 1.0026487103280244
2 27 19 21 96823 1.0045569997988109
20 13 13 1 65469 0.905687867170256
5 4 26 27 130508 1.0663339194330501
23 2 4 14 100638 0.9718705401154315
24 7 29 16 51213 1.0265561362465512
12 2 1 19 104423 0.9584415936771853
4 29 17 18 87075 0.9975989835818172
29 23 4 25 109050 0.9030049181943395
1 9 0 18 46788 1.0852166705025825
4 26 2 6 107318 0.9539309198163266
16 6 21 22 74511 1.0572171958393277
7 19 0 13 64124 0.9939717376054241
3 7 3 22 76103 1.0212074985315107
28 3 12 9 67923 0.9680438993532398
6 19 21 14 97414 0.9091421661473397
20 27 5 7 122004 0.929709979263464
2 14 25 15 115779 1.0082979494450715
16 6 3 8 66015 1.0513725527409412
29 9 23 5 39295 0.959504962651202
1 7 19 8 73872 1.0699819865422127
0 10 25 17 129941 0.9279225412102282
24 17 0 8 137733 1.054830152235557
21 7 7 1 62607 0.9656453342758463
11 8 23 17 83973 0.9466782094979042
0 16 13 18 83250 1.0826736380073523
23 11 25 27 75082 0.9911757243001149
12 5 11 17 47723 0.984095415157751
26 13 11 24 105955 1.0885094283102033
24 14 9 7 90007 0.9523604474066056
19 29 7 7 118571 1.0916226356508743
24 22 6 20 99404 1.032437400044856
23 15 1 25 130372 0.9117528622453355
9 21 26 1 122458 0.9225688283797601
8 28 26 6 144486 1.0275515664058836
0 17 28 28 151343 1.0760453273280108
26 22 2 18 134545 1.000498849624905
28 4 23 12 39019 0.9160747088365104
29 22 19 22 53141 1.0633531365864144
3 27 16 25 68818 1.0949788788643007
22 24 2 18 115238 0.9572973759006045
26 25 12 23 59100 0.9535720774487009
21 16 0 26 128952 0.9006323761615146
26 12 22 0 51661 0.910042930313833
24 29 9 19 102805 1.0413349935272416
12 14 24 19 78500 0.9697990818008626
11 17 24 16 75893 1.0944828036250058
29 9 24 28 84261 1.0465873690278484
17 21 9 10 61613 0.9749090077008409
7 28 1 2 143165 1.0822854296966047
14 13 21 24 65112 1.0736984664209883
17 5 5 25 115452 1.016560206420543
8 11 10 19 51219 1.0370218931098552
26 24 7 21 90260 0.9426062937152162
2 10 13 13 55266 1.063243618786245
8 6 20 6 51342 1.095417634700226
9 6 22 21 103464 0.9346302365988522
27 1 8 15 104176 1.074843508251652
4 0 1 15 76051 0.9075538969649884
21 25 7 19 82622 1.0112752539764884
4 18 26 13 127089 1.0120235392708612
14 20 29 2 100279 0.9689487859958261
