4173 3565 5073 4646 5877 4886 5988 4133 4116 5103 4089 4489 3800 6164 5236 4477 4701 5126 6220 6630 7179 5423 5200 4485 4542 4974 6640 6374 6529
2832 3196 3093 2055 2369 3014 3111 2421 3776 4217 3893 2203 3454 4556 5281 5781 3514 5634 4342 4186 3808 3522 4893 5228 5790 5368 3295 5958 5325
7146 7788 6654 8159 8111 6487 5715 8265 5544 5765 7840 6700 6290 7068 6816 5725 7260 5217 7103 5633 6837 5531 4639 6907 4780 7020 6423 5724 5963
3530 3857 2113 4200 3139 4328 2998 2437 1498 3735 1911 4560 1665 2865 2676 3477 3396 2688 2122 4279 3315 2245 2592 1592 1685 4017 3135 4209 3892
6271 4159 6168 4133 3929 4058 2341 1727 1951 1523 2833 1178 3396 1723 2762 3039 1807 3739 1995 3820 1629 2370 2023 2811 3873 1663 3171 3858 1894
3794 4515 5249 6552 6454 3797 4837 4695 4695 4615 5222 6256 6510 3770 4410 5461 3752 2987 4756 5296 2746 2936 3936 5360 4901 2723 5018 4752 5468
3261 4621 2734 4501 1647 1747 2660 3073 1812 2537 4565 4431 4298 2284 1751 1985 2996 2134 3540 2739 4620 3588 3111 2381 2616 2877 2312 3104 3524
6183 6414 6509 8702 8398 7635 6084 8568 6553 8359 7420 6468 7396 7064 8695 5557 8049 6320 5754 8739 7579 6280 6744 5748 8596 6074 7169 5977 7811
2231 4642 4598 4838 3199 2501 3401 5100 4083 4698 3251 3025 2008 3406 4858 2730 3513 2300 3577 4574 2073 3481 4663 2991 2055 4513 3173 4882 3810
6721 4363 5332 5621 4495 7084 3760 4087 4377 3833 2619 1900 4281 1453 2369 1314 1868 3837 3372 3838 3849 1466 2993 1652 2185 2425 2122 3720 1966
2011 2447 2632 1561 2011 1912 4085 2313 3144 4420 2827 2569 3529 1421 1467 2107 3397 3029 6135 7138 7637 7229 5813 7174 6880 6981 7501 6303 5899
7360 7416 8123 5009 4004 3816 3646 1937 3602 2906 2906 3582 1864 3715 3670 2894 3286 1784 3904 3490 4206 2912 2739 2049 1949 4344 2740 3264 3905
3330 4814 3185 4758 5238 2890 3905 5597 4682 3948 5041 3417 5304 2922 4398 3046 5920 5670 4328 4527 5561 3843 4851 3244 4871 5349 3875 6153 3270
4422 4338 4548 5311 4095 3168 3191 4633 2950 2097 4047 3282 4556 4893 3274 2602 3442 4295 3246 4215 3334 4418 4301 2110 2623 5022 5021 5100 2394
5856 7548 6127 7187 4738 5940 4987 5731 6242 4588 7370 7571 6816 4996 7395 4585 2998 4891 2696 4180 2829 4598 3379 4410 3627 5092 5530 2904 5207
7398 7331 7863 7554 7659 6837 6756 6677 7124 8003 5940 6160 6726 5707 7550 7898 5414 8585 8101 7649 5439 7455 5952 6616 6756 8447 8087 6716 7008
3126 1897 3120 4139 4363 4182 3225 4201 1938 1819 1084 4138 3107 3105 1901 3701 1129 4067 4116 1157 1164 1779 1265 2608 2978 2071 3685 2377 1065
3418 2383 3279 3035 3706 1662 3303 3657 3969 1370 3330 3886 3349 2132 1333 3018 3087 3744 3785 4178 3766 3770 3422 3345 1585 2353 1303 2718 1679
6254 5797 7208 5273 5724 5433 6389 6344 6217 4886 7637 6338 5879 5018 7504 4902 6619 5101 5692 5974 2815 5523 5117 5287 4567 2918 4769 4938 5388
4512 5609 5228 4002 5368 4472 6072 5575 3835 4637 3116 4379 2066 2236 3219 2382 4430 3537 3905 4297 3637 2068 3692 2163 3605 2595 4066 4200 3631
2406 2415 3463 2616 1125 3845 1077 4132 1968 1624 3016 2571 2794 3031 1270 1728 2606 1279 4888 6211 5576 5606 6194 4611 5860 3203 6293 5633 5294
5675 4865 7112 6156 5921 5089 7261 6284 5978 6792 5749 6333 8315 6497 7865 7179 8135 5488 6168 5835 7914 7660 6163 7775 8640 6913 6222 6938 6760
3259 1528 1594 3547 3844 4371 3661 1919 2701 4409 1522 3895 4393 3790 5595 4849 4200 4387 4536 5188 2656 3624 5617 4388 2968 4218 3811 5531 5335
4066 3526 4097 5219 4579 5978 5924 4750 5151 4172 5667 4038 6031 3950 5804 2990 5895 4357 4084 6137 5472 4325 5324 4504 4979 5676 6446 6716 3709
5993 5333 7176 4739 6491 5951 6993 6732 7020 6736 4500 5004 7546 5423 8776 8056 6955 5882 7862 7243 6074 7478 7897 8770 8666 6650 6527 8753 6197
7737 7090 5746 7044 6457 5811 6461 7344 5887 5982 7571 7224 6832 6365 8193 6004 6593 6152 8289 5412 5678 7820 5292 4774 6553 6127 6509 7596 5450
5535 6408 4676 6607 3776 6016 5288 4093 3541 5251 6090 3971 6691 5767 5549 4255 3458 5560 5258 3247 4843 4844 4365 3610 2843 3523 5269 3984 3097
6383 6658 4406 4191 4554 5710 4480 4897 6583 4577 4125 5574 5110 5894 6282 6633 6779 6260 6142 5305 5115 6121 6764 3631 5765 3024 3979 5125 5149
5591 6036 7783 5472 6887 6722 6724 7872 6186 8096 6213 7505 7856 8281 6906 7600 6578 8631 5900 8091 6669 8317 6027 8123 3609 2431 2861 3716 2400
5363 4587 3344 4789 6944 7010 5647 7408 5964 8739 5793 7710 5955 7565 7048 6229 5745 8620 8417 7240 6875 6472 6500 7662 7618 8258 7101 6703 5849
3219 7239 2546 3232 3545 3076 5194 1459 3686 5362 5176 7807 7270 3550 4508 5016 5117 7077 2420 1797 6772 2596 2496 7049 8050 7059 3322 3518 4397 7295
4552 6319 4072 3219 3683 6856 6129 3461 5327 4913 1870 8105 6867 4093 2227 6607 4173 4105 5357 1506 5364 5226 4193 7494 7787 8002 3797 4630 4941 5187
5639 5233 3605 3174 5785 8615 5994 4042 4772 5849 1962 7755 6177 4492 3460 1644 3785 3769 3192 1473 7953 5431 3929 5989 6408 7968 3094 3585 6801 5612
4853 7392 5161 3361 6379 8404 5191 4125 6317 5865 4066 6446 5460 5850 2132 4144 2046 3547 3914 2992 7038 3343 3228 7709 8098 6832 2164 5186 6669 7572
4494 7866 2409 5391 6289 5935 6876 1218 4198 5028 3980 6834 7558 5329 7717 2638 4390 4158 4939 1494 7449 2938 2780 6693 5625 5613 4393 3252 5733 8055
3097 6950 3068 4271 4637 6961 4736 2858 4418 7315 4326 7903 4958 3859 6606 2808 4472 2162 2746 3559 6147 3944 4664 5116 6823 7779 4710 5569 5588 5784
5165 7879 3654 5346 4334 8196 5162 1798 5114 4106 3911 7605 4855 3751 7267 2403 4461 2906 4390 4256 5985 3528 3413 7709 8570 5709 2354 5119 5855 5392
5405 7274 4978 4582 4631 7330 6539 1053 4718 2020 2228 8721 4928 3416 5489 1503 2360 4389 3260 3018 6186 3566 3351 6772 7552 3892 4720 4504 6035 7074
5545 7127 2856 5737 6621 6566 6599 2324 4262 3939 2623 7929 5001 5387 7264 4068 2331 2963 2261 1754 5375 3870 2921 7182 7598 3780 2360 5522 6301 6904
3059 7494 2969 4779 8885 6692 6887 2681 4202 3146 2876 5773 5109 4557 6687 1716 4215 2385 4694 1305 6555 6014 5242 6937 6668 3649 4294 5451 4437 8468
3344 5975 4272 4006 7855 8252 6661 2357 5870 1492 3543 7475 5531 5588 6473 1655 3504 2222 4138 2940 7791 5195 4499 7156 7199 4315 5000 5481 6089 8111
5467 5795 2481 3161 6761 6945 4960 1469 5596 2140 4997 5834 5534 5811 6750 1718 4632 3354 5161 1396 7210 4143 2757 6422 8070 2776 4329 3141 3861 5674
3862 5927 2596 5127 8716 7257 6813 1470 4928 4151 2011 5563 7702 4550 6726 2052 3415 3472 3730 2565 4677 6427 2889 4837 7497 4240 6313 2728 4188 6807
3625 6247 2385 5043 8717 5966 7125 1274 6079 3444 3531 7396 6397 4454 6749 4325 3320 2423 2680 4054 1895 4696 3082 6245 5681 3066 6407 4794 2672 8418
5429 5418 5002 5076 6289 6447 4899 2300 4994 1726 2035 6011 5453 5044 7173 2386 1913 3107 2712 1917 4181 5944 3808 7333 8577 4027 3801 2731 4439 6077
5537 7849 3611 4067 8787 6004 6175 1945 4728 2894 2157 7649 5709 5549 6190 4295 3828 4780 4310 2915 2077 5339 4928 6434 7284 2246 6219 5022 3762 8100
5097 5510 4131 5816 6420 6137 5919 3036 6327 2380 1925 7235 6031 3985 8357 3928 3221 4247 3412 3241 1926 4340 4403 7420 6206 3062 6758 4130 2561 6765
2568 4393 3092 4069 6859 8864 7151 1456 5000 1204 3878 5891 6399 5845 7769 2800 2194 3892 3713 3482 4663 4731 4706 6337 4516 1345 5651 3148 4102 5807
5300 5012 2974 5798 8703 7484 4379 2645 4750 2065 3413 6841 5928 7665 8265 2526 2958 2960 3659 6253 4796 4313 5786 7539 3164 3717 6931 4166 4381 5522
2873 5165 2555 4533 5990 7175 4215 2035 3878 2497 2494 6961 5677 6524 5836 3409 3377 2286 4020 6658 2701 3577 5366 7282 5563 2317 4902 4185 3671 5703
4618 5911 3588 6025 7697 5717 2791 1139 5835 3529 3038 7219 5484 6198 6234 4058 4668 2501 4225 6765 1971 5337 3321 5525 5947 3305 5124 4339 3514 7400
4441 6536 3540 5738 6374 7665 2372 1232 3355 3085 2421 6974 3690 6357 7815 3167 2657 2704 4647 5631 3865 5560 4052 5295 4851 1373 3798 4517 3267 5715
5180 6055 5285 4167 8687 5803 2471 3920 6260 3433 3536 5464 3386 7687 6102 1644 3411 4508 5269 7189 2075 5081 3506 6582 6021 2281 5761 2741 2881 8003
5390 7019 4128 2863 6847 8907 3426 6330 5619 2845 3664 3969 3599 5158 7931 4003 2479 3097 2386 7834 4574 5744 3662 6570 4736 3433 5871 3371 2336 7261
4425 6496 3643 5619 7749 7208 4084 6430 3841 1506 2046 5104 3945 7735 6671 2349 3767 4178 3710 7886 2586 3834 5166 7844 4897 2439 4216 3216 3039 7397
4958 4568 3109 5887 7874 8296 4166 6107 5601 3730 3120 5233 2977 7849 5684 3758 2989 4185 4344 6128 4564 6722 2709 7047 4957 1402 5931 4689 4654 7243
5358 4957 4142 3731 6637 7026 4329 5728 6342 2012 4025 5584 4416 7566 7371 3392 3932 3661 4528 7540 3838 6468 4118 5242 5755 3827 6200 5282 2444 8227
5305 6333 3925 6035 6418 7294 2510 6451 5925 3816 3334 6852 4340 5376 7785 1532 4631 4600 4845 5595 4634 6512 4160 6021 6018 2032 3942 5695 3727 6512
3599 4592 5665 5325 7668 7362 3651 4769 7017 1805 1948 6601 2796 7567 6636 3434 6791 3733 2601 6121 2037 6705 5542 5693 5626 2503 4709 5160 3157 7130
2 11 18 22 74371 1.0291044887406307
6 23 26 9 90696 1.0012993847350287
8 20 20 3 67869 0.9987144095968146
29 10 7 1 79781 0.9184415741725579
11 25 23 4 87875 1.0404785618018753
8 24 6 10 51137 1.005939661450406
26 1 1 21 115015 0.9517497131762995
20 7 12 2 36137 0.9396631711135169
28 22 17 25 40708 0.9657859972757791
25 15 15 18 38205 0.9046317336231089
12 27 25 1 112891 0.9169263561728289
24 8 19 20 52053 0.9898082178511622
28 1 24 18 90718 0.9560514418960613
3 7 27 22 103452 1.0313344058654905
8 23 2 29 44748 0.942049875382247
7 21 21 15 55853 0.9141716537098058
14 28 26 23 45201 0.9021565851004747
11 18 9 27 28679 1.0920660758362228
3 20 25 15 76401 0.9497175590756806
1 8 10 27 76927 1.001141700363437
10 10 15 3 39885 1.0006183272488887
6 23 11 29 36511 0.9917075746929435
24 22 5 7 86116 0.9227815149442441
22 15 11 6 47920 1.0288176463216792
28 13 8 21 87319 1.026401818050626
15 24 7 7 66436 0.9985700085154636
22 24 7 13 67987 0.9833735604751037
12 28 8 8 69057 0.9512503456472564
0 18 15 26 63147 1.0528168369633455
18 3 8 28 91463 0.9412580497055392
23 15 4 16 56138 1.0606629322056467
0 29 16 11 101040 0.9189350841457944
24 13 2 0 96144 1.0997729032982357
21 28 29 4 116075 1.011808661006926
24 10 19 26 60936 1.0458439819982375
25 25 3 16 74983 1.031785624362885
26 4 17 7 36107 1.0436890007630368
14 4 1 11 51159 0.9470886005966512
2 9 15 10 46383 0.9080921139404812
6 1 23 2 64590 0.956211615162838
17 8 29 16 57607 0.9494256696768433
2 2 19 25 99131 1.0248603900202995
27 7 7 19 86638 0.9195786096688651
22 18 4 26 76652 0.9117572114413385
11 27 20 16 55452 1.0593645205533704
21 5 3 29 100138 0.9327728094029665
25 8 13 9 36495 1.0663403191869543
22 28 12 11 77962 1.0751882744844328
12 26 4 1 90678 1.0275112768529366
6 13 1 0 53094 1.0747279935176222
18 9 23 16 30727 0.9560280914261863
29 22 0 25 111944 0.931344319652596
26 10 1 6 70084 0.9450027790744348
25 16 2 13 73207 0.9727324986343601
6 1 22 5 56156 1.033164495590868
5 1 17 2 46518 0.9680203894025261
18 21 15 4 65424 0.9049498673994284
10 25 22 6 78665 0.9105093906235625
14 1 3 4 50690 1.0794804839811039
28 28 9 27 68407 0.942024869542323
21 3 5 10 54279 1.0494270698362327
25 22 14 2 95059 0.9416204354007943
15 22 9 1 73682 1.031430403545412
16 2 7 29 102565 0.9166021887493891
15 19 23 0 73645 0.975385734831015
16 13 21 19 32191 1.027238418427677
13 25 15 3 74572 1.088777226466877
18 25 14 7 53909 1.0407336678422652
26 11 6 12 73508 1.0755892247587007
9 4 19 15 56771 1.0236286047342962
2 15 23 28 87414 1.0387021519609958
12 8 26 25 79671 0.9826116060457118
28 29 23 22 39348 0.9330340983370009
23 28 8 27 61624 1.0817837163742117
4 29 11 23 40706 0.9512300977205509
28 4 7 1 90032 0.9115100991407056
2 9 5 27 58814 0.9322863061413835
2 28 0 20 43575 0.9492107319803619
6 6 26 0 74497 0.9922786602371667
8 0 14 16 57936 1.0551567220048115
8 14 4 22 32291 0.9551020773440589
10 28 24 4 106059 1.0948249747515366
3 27 17 23 58572 0.9143818583737676
25 13 29 26 72880 1.045520314528263
8 9 25 2 64056 0.979497210390179
16 26 0 17 62054 1.057122031345103
5 22 23 27 71387 1.0957452746091598
17 12 16 28 41449 1.0530949051650405
24 6 13 12 42142 1.0155668893862502
7 0 27 5 80509 0.9467591066481352
2 2 22 5 65778 1.048831568650698
7 27 22 14 81093 1.0353636661043888
15 1 19 29 95582 1.0217561027196718
0 4 3 20 55924 0.9287834592945831
0 0 17 12 74363 1.0158620667177058
2 15 12 9 40789 0.9722652613750367
13 16 19 5 51022 1.0242960547178641
3 11 10 1 37758 0.9331708240345098
9 0 6 21 68887 1.0274943139938715
20 29 11 20 54172 1.0744818425146887
0 5 9 8 34167 1.0278354905708105
13 2 3 11 44660 1.0206029118322149
16 5 25 15 51219 0.9668053623322891
1 4 22 26 106926 1.0575632844119487
20 3 10 19 62969 0.9666520169717723
12 26 4 6 71480 0.9274654193799807
4 8 27 8 60746 1.097461325709427
18 11 5 10 45384 1.074791531656548
6 19 15 27 47849 0.9479177667708065
0 16 2 7 41941 1.0944950056315224
3 7 1 21 44003 1.0346854492783701
20 14 14 0 60003 1.0695238264101299
7 26 19 25 41948 0.9268692796613155
4 22 27 29 93321 1.042935025879849
12 10 1 21 59665 1.066676022573248
25 9 18 15 34639 1.070458230415875
29 24 5 26 80656 0.9670524810919089
26 18 3 9 88242 1.0032612413416484
26 2 27 28 120595 0.9952421610907385
16 19 26 3 77839 0.9391770943939408
0 12 25 6 74397 0.9574159545433936
16 13 5 29 76110 0.9143392900686261
14 1 20 20 77160 0.96732786024784
5 29 7 11 66967 0.994318120676101
29 26 1 15 100442 0.9823627332108789
21 23 16 3 81442 1.0064755619635124
6 25 19 5 88141 0.9231131112434471
6 7 26 14 71025 0.9026993084051637
21 3 26 27 93436 0.9767513200923028
21 11 0 11 69807 1.0775091547604876
14 26 18 12 51080 1.002932325638091
27 25 20 6 74860 1.0613997450070125
7 24 18 29 54628 0.9435030924937138
2 26 10 13 51733 0.9405114346070726
2 7 16 8 35115 0.9371461780051762
14 18 26 23 49606 1.0707744876030278
23 11 19 18 33326 1.0002408517041181
21 6 15 17 41974 1.0220678553278981
22 10 14 3 44201 1.0366394512179593
22 16 17 4 44266 0.9384904625209747
23 28 28 22 41901 1.087564308632873
2 26 15 6 78678 1.0165782487185693
27 2 19 7 41596 1.071011599553431
20 16 12 29 58477 1.0036551380196777
15 11 6 13 43007 1.0798494966638836
10 29 5 3 88609 1.0745644970859536
11 22 3 29 49063 1.0753880415167325
0 19 27 13 96224 0.9214724215874607
5 6 16 17 52190 0.9296929397173654
19 6 13 19 55633 1.0219442023583034
9 19 29 16 73394 0.9738507481401405
23 29 20 19 51222 0.9594731684265838
27 8 4 17 80958 1.0984159191029994
9 22 20 11 58647 0.9386963501216125
22 26 4 29 72400 1.0710219102078802
29 14 16 22 61275 0.9638429730143349
21 1 29 22 98549 0.9909640960185165
15 26 26 19 55052 0.9029315560614258
9 12 13 29 59372 1.094395582650017
5 7 26 13 68116 1.0537065891636888
19 6 12 26 76680 0.9744538340449463
25 12 14 14 53938 1.0917725927228998
4 6 23 17 67726 0.9261070905179565
28 12 14 27 86182 0.9924567715985282
12 27 17 9 61625 0.9015261490459537
20 27 4 4 96012 0.9764764981508489
18 20 8 20 31166 0.9312076976544572
17 24 25 5 77512 0.9968111276279384
20 6 27 22 69472 0.9786005742940442
7 25 24 19 75599 1.0056347689411556
7 8 17 24 69019 0.9074692580984792
10 20 21 4 75188 1.084663298565739
27 14 11 27 85833 0.9651603057724836
12 3 24 21 87642 0.9006010815068464
27 1 4 2 87126 1.0485212195639941
29 13 5 0 99995 0.9175153397014368
18 18 14 6 46531 1.067939843895013
15 23 14 6 55337 1.0600417103985336
10 22 13 13 38912 0.9325439267960094
2 28 20 14 87976 1.08327172843308
9 1 18 26 82930 1.0840648310986134
4 25 20 14 71705 0.9961102017260951
2 6 22 4 59283 1.0344276958682699
11 2 24 8 52629 1.0101445633582946
25 2 2 9 78138 0.9987676472625168
4 3 13 19 62091 0.9475673003698135
15 14 3 8 54891 1.0864952928442269
10 7 23 24 78451 1.0042197852798314
20 29 26 12 83002 1.0999404599541174
8 18 0 2 62804 0.9740408066626385
2 23 13 13 58595 0.940467180406223
27 5 19 26 86219 0.9204186290475548
26 19 3 29 100887 0.9204583102956032
2 23 24 15 86386 0.9045294672591521
11 10 11 29 59203 0.9476663344777634
28 1 8 5 80416 0.9603396386108719
5 13 11 28 56717 1.0881219156063038
8 24 29 20 82015 0.9113239946471193
22 19 11 20 42604 0.9871111744992546
17 25 29 10 76617 0.9107413025024462
13 24 6 0 85793 0.9592342435793959
27 28 21 23 37426 1.034415909945026
27 25 8 27 60778 1.0464083763447924
14 19 12 5 51931 0.9960749562915467
21 18 2 16 60954 1.036228519681417
17 28 27 23 39681 1.0796098966687184
3 26 5 4 62793 1.0145129071564387
13 19 25 16 46876 1.0556562976719248
21 12 12 18 44685 1.0685888473140444
12 11 2 6 43127 1.0619119488641062
2 27 19 17 75868 0.9242420613800836
26 10 8 9 50527 1.0998394760780505
4 1 24 18 90977 0.945473140204783
18 25 18 2 70704 0.9617098416042401
19 27 1 25 73736 0.9964951126242136
1 3 18 5 61238 1.073346872677322
26 6 8 23 89602 0.943871437791246
20 23 8 3 91981 0.9466647392653548
25 15 29 7 57705 1.0883247642256615
17 20 9 1 67737 1.0428940990168245
25 18 1 24 97436 0.994360305858273
0 0 21 16 92251 0.9727468424811601
13 9 20 21 52804 0.9235168103947852
14 19 2 29 63542 1.073137745757828
14 15 6 9 35387 1.045206267309338
10 12 1 22 49251 0.9720006213693226
24 26 10 19 54221 1.0301047231835
29 16 26 28 65085 1.0487801781807928
12 10 20 16 34829 0.9360501112025613
28 8 18 11 44217 1.0500061120185373
11 10 15 19 37139 1.0405183371742752
28 8 11 12 60422 1.031940322420864
11 24 23 8 76959 1.064834942032916
15 17 24 16 30874 0.9667103037587763
24 24 0 8 108895 1.0025214798987965
19 29 14 16 47554 1.03867454467807
1 4 11 3 42294 0.9004493067958873
3 4 13 23 78488 0.9477755236308775
23 9 2 1 71284 0.9201340853545291
19 25 1 25 67828 0.9742293066015947
2 10 13 14 41692 1.0117022838228316
1 20 24 15 76938 0.9381472799559814
29 17 9 0 95670 0.9805619274009445
0 7 10 0 41678 0.9093885931357154
24 4 13 1 48579 1.052999901715464
6 1 19 5 54262 1.0432460244023756
11 3 9 29 73588 1.0259663424671697
16 13 8 24 52957 0.9314590028306879
29 29 17 4 105438 1.072967089410509
23 5 21 22 66102 1.0020460305683168
20 13 19 23 31533 1.0551122255361638
12 3 17 23 70011 1.0537739369067372
3 12 18 17 50916 1.0807533892746937
4 7 14 20 53740 0.983385033797921
15 27 1 29 67598 1.0002327927495651
21 27 25 16 59767 0.9250889332114577
21 26 4 20 64712 1.0273933137853832
18 16 15 23 26526 0.9402700279884826
9 24 16 13 47342 1.0446549446834226
26 22 1 21 87540 0.9789024520841998
20 2 0 27 105775 0.964563848974988
17 2 13 18 57840 1.0344749648585467
12 28 19 4 87691 1.0652941409140022
22 15 0 5 79392 1.057236328458511
8 24 21 19 59677 0.9195543712139674
6 6 20 4 36550 1.052527924007519
1 9 15 0 67634 1.0372674161417252
9 23 29 7 101463 0.9628635428661383
18 22 16 0 71567 1.040797111433669
26 20 2 26 89498 0.9008744494856825
19 13 18 0 44899 0.9546083267113378
15 26 8 2 82388 1.0507973176901095
2 5 26 4 81494 1.0479553166774196
28 16 0 29 127675 1.0960555539799437
3 6 26 23 105717 0.9006945965197872
0 27 20 8 97781 1.0330502221757007
11 6 26 19 74797 1.097083316479503
0 5 21 19 88173 1.0747139782376618
9 17 19 29 55643 1.0551745578853333
6 0 16 17 65965 0.9671302670159028
9 10 26 15 62411 0.974157840747862
12 22 7 17 29630 0.9748686672874656
9 24 10 15 25905 1.037272183946084
14 6 20 1 32945 1.0592017436474774
14 5 6 27 80665 0.9089081188533928
5 22 22 7 72562 0.9117644834533598
20 2 28 18 70749 1.0840471679096413
8 10 21 0 55828 1.0439722210312088
11 28 13 8 67353 1.048481925302455
7 29 21 25 61789 1.0259030583950917
23 6 24 19 57561 1.051676943454431
2 15 27 28 96056 0.9358264872687979
24 16 26 0 77094 1.095285665264549
10 3 23 6 38059 0.9424569070255069
28 14 11 22 75163 1.076923756316528
19 26 0 13 79780 1.06118278776212
11 17 28 11 75545 0.9336783469643459
25 29 25 2 119977 0.9188490647259168
20 10 29 11 32925 1.0555540224021696
3 19 0 12 31952 1.0777168936230166
10 8 14 1 33796 1.0391500915668552
10 25 7 16 33136 1.0621975250158557
28 11 7 24 110920 0.9308952956803106
3 26 25 20 81840 1.0783112999982347
9 27 24 14 82006 0.9372873383394826
18 3 4 0 61756 0.9488386200245565
11 7 19 1 37336 0.940063822066362
25 3 2 5 81966 1.0824269088798024
7 22 14 6 59681 1.0171288227093969
28 3 24 22 101400 1.0184729654763665
23 11 17 19 44483 0.9109187572227191
4 13 22 9 51518 1.0242033388456027
6 20 18 22 42068 0.9319995767185211
23 13 2 17 75015 0.9488925396042754
3 23 13 16 46899 1.026746623655182
26 21 7 14 79990 1.00103564940377
1 14 25 4 82350 0.965533940812718
18 21 14 12 42849 0.9737290892383154
23 18 11 4 66919 0.9519082614336911
11 15 18 9 32610 0.9435074213684801
19 18 7 10 52042 1.0868149574597115
5 16 26 11 79388 0.9102021261683173
23 1 6 28 113096 1.0523463104171542
6 3 3 26 62657 1.047829529981763
17 26 6 19 42486 1.0055102703820435
23 27 29 9 90832 1.0402052880081958
17 28 27 22 42922 0.9498284611019008
5 12 23 25 75619 0.9259642557686125
21 1 3 9 60431 0.9116821775695482
18 0 27 23 99004 1.05119017164645
0 10 21 26 94045 1.0717235837077774
5 21 19 5 76488 1.0921182329312478
18 13 16 21 27182 0.9138675496299803
17 25 6 22 43896 0.9319864119745537
25 16 10 24 71595 0.9421778713537317
7 1 3 10 36700 0.982495745621695
19 12 2 11 65600 0.9706248451725488
7 23 22 9 79402 1.0819431173819425
12 27 15 16 45122 0.9841276110423746
27 29 17 1 110631 0.9743402803175962
28 3 18 0 50018 1.0509723510480926
10 27 0 1 97681 1.0472280730090064
23 3 22 19 60829 0.9159360726195772
16 15 7 29 68245 0.9207167683570484
4 23 7 16 28026 1.0389477505784654
9 28 21 25 46332 1.010767733389964
15 8 13 17 36683 0.9521077483920684
27 1 21 13 68522 1.03015210046086
6 5 27 25 96836 0.9247129387938399
11 7 25 21 74510 1.067601040391248
4 19 8 28 41377 1.0888065483727583
3 28 22 14 94426 1.0611105949041328
10 6 6 26 65724 0.9381210981216745
9 9 11 18 26028 0.9951064782052681
15 3 10 25 83437 0.9679419832872003
11 13 26 3 70757 1.051343341356302
17 7 3 18 53957 1.0946421281003849
28 20 4 0 120843 0.9598729644933054
21 13 6 10 55176 0.9376362751529389
16 17 1 24 66910 1.0869485905930067
27 7 20 22 73690 1.0069643360180165
12 15 3 14 23403 1.0787362052010048
12 9 27 19 74181 0.9764692470465086
10 26 24 2 104370 0.9518326397875531
4 25 4 6 46540 0.962774659769194
25 19 13 26 58724 0.9202921767051118
21 2 9 2 39656 1.040202436157404
10 3 13 10 24545 1.004666559453455
3 13 26 4 78227 0.9116922529405939
8 26 28 8 101844 1.0870585507702144
1 12 15 23 69813 0.988653932654186
26 0 19 27 104061 1.039703285599578
21 1 19 10 30670 1.0924462962977564
7 5 20 8 42356 1.0559592760973038
26 14 4 10 80302 1.0629853498611939
21 14 26 21 47267 1.0748262628791045
5 2 14 29 101826 1.0360769938148175
11 15 10 25 33394 0.9051746029732642
18 10 9 0 44294 0.9413938325621458
14 21 7 6 60146 1.089494556327018
17 20 26 13 55263 0.9925181501995424
5 6 18 1 50864 1.045290393848573
20 26 20 11 48186 0.9839588985059132
23 23 0 27 88032 0.9118717472398271
18 3 28 3 49761 0.9690410401994044
10 6 18 14 45073 0.9420595667326229
17 4 22 25 72010 0.9448757252589806
2 2 3 22 62250 1.0791480242707163
3 19 12 11 47630 0.9459311683836684
11 15 12 6 29556 0.9651066520794818
26 25 12 19 47076 1.0570915940444772
8 24 17 25 33216 0.9526340567694273
3 1 1 21 64638 1.0864111331751505
24 3 13 13 59593 0.9680168974011945
5 27 15 17 57000 1.081299167872236
4 7 27 4 66691 0.9470123807785936
28 24 10 15 71065 1.078580158119389
26 26 20 0 90426 0.93253951048911
1 15 15 18 48687 1.0063956975471458
13 28 26 20 61925 0.9796935283988546
5 13 29 26 90495 0.9173943363553473
29 14 24 23 62643 0.9191795217745012
27 6 18 15 50849 1.0413843671581398
3 27 25 0 122116 0.9446721443411233
8 1 16 14 52875 0.9554223420727295
19 16 20 26 36854 0.9594827161571943
22 25 10 9 68275 1.0620588096245691
12 0 3 29 96664 0.9136699011308831
26 9 1 22 95215 0.9780282619837223
22 4 9 24 81046 0.9896653277403374
20 29 1 24 91586 1.0846755237902312
6 19 28 0 115896 0.9942408088320509
15 2 11 9 35886 1.0992628586616546
1 22 29 6 107379 1.030862708729773
24 7 7 28 100044 0.9975925563875032
23 3 9 5 54637 1.0124932222888758
0 6 17 13 62094 1.0805224699045286
5 28 12 8 75500 0.9978926463206645
25 16 21 0 60076 0.9492022562963214
0 24 8 21 39867 1.0454649716575717
4 0 4 29 85844 0.9296296394674157
29 15 1 28 117743 1.0554645973428762
7 28 25 10 101637 1.0736382668960367
26 22 8 16 69743 0.9545878549237201
5 1 15 4 52531 0.9257015202364317
21 12 28 20 57332 0.9709126689811979
20 9 11 22 56973 0.9097912361127719
27 0 21 18 79596 1.031636169001767
23 3 13 22 79388 0.9014992182663656
28 18 21 27 60484 1.0665192934514043
0 10 25 9 64969 0.990993453967076
20 10 29 29 86105 1.0136859483192164
27 17 24 25 42072 1.0567564491301573
2 29 14 5 94303 0.9954381556658032
15 1 5 11 61094 0.912503738724457
25 23 6 23 77296 0.9671807743644371
23 9 16 23 50821 1.0453632958806383
18 13 27 28 75706 1.0035348056842608
22 0 14 11 50764 0.9186707913064216
21 27 6 22 63390 0.948002317472965
16 24 18 9 38820 1.0584063212434378
3 3 12 19 62887 1.0429312876427022
15 0 24 23 99737 1.044641861880873
5 19 12 15 27277 0.9584003237765008
21 2 16 21 59544 1.0347955182288415
17 10 24 0 47847 0.987109418373533
21 28 19 0 91272 0.927573104232458
13 3 5 24 78944 1.0109081862705418
15 18 23 21 37052 0.9442746798741283
21 13 11 16 40832 0.929146732918081
29 28 17 7 90918 0.9183901479519703
20 4 6 14 56890 0.9633426632752531
16 18 7 16 30005 0.9406751366046413
1 18 15 25 54683 0.9467659700177807
25 2 1 26 119146 0.9409518415061782
5 2 29 1 92236 0.9103511864069072
26 11 2 14 81358 0.9625305871658977
25 5 12 12 55177 0.9344101634482433
0 15 28 18 97874 0.9485909614698009
19 16 21 7 26650 1.0383886907264028
28 27 18 0 106227 0.9923250934257561
7 5 17 17 58894 0.9822469028805632
0 17 0 28 54670 1.0992399334444467
17 23 10 10 49710 1.060446384862819
6 22 6 10 38931 1.019959118788386
10 26 17 22 36953 1.036655967134086
24 19 10 10 67575 1.0333539157164329
2 10 28 14 92896 1.0252341456708969
21 11 1 2 72713 1.0100166970066429
5 2 22 16 72672 0.9878725071322978
6 0 3 10 34514 0.904889630827811
17 13 25 19 44989 0.9635878359242119
13 22 29 21 65866 0.9653552255067983
27 25 0 12 101362 0.9225106978488768
18 11 1 2 67121 1.0334073632363499
14 25 13 10 51295 1.082459123010888
23 1 13 7 41528 1.031247546578438
1 3 8 0 34649 1.0376519008548568
14 29 24 21 60948 0.9192107739337783
12 0 26 2 57783 0.9924345099026691
1 22 24 22 83187 1.0807160260110384
24 25 6 23 63530 1.0268219548632753
0 8 28 17 101371 1.0813927551934435
15 18 3 6 60508 0.9684446962081767
10 18 8 6 38629 1.0200695986582375
13 18 2 22 40499 1.0081620692534345
28 28 23 9 88770 0.9443967029618086
25 7 21 26 83101 0.942331649190846
21 4 29 10 44120 1.028193932557128
26 4 8 1 72626 0.9787514702098545
9 0 19 7 37670 0.9457558259060399
16 0 26 4 51640 0.9421055145946085
13 12 29 25 77257 0.9849194390068867
0 20 27 18 93098 0.9317140689114225
0 25 11 24 48226 1.0445178024325013
5 8 23 6 43837 1.0493753008339062
27 19 15 6 76806 1.0137890044856355
26 23 22 16 43999 0.9064578144647376
5 16 29 10 83730 1.0446366167120977
10 24 14 1 85746 0.9583537985994728
23 23 11 18 52940 0.9928045145528683
23 0 13 28 100687 0.9445337525118978
17 16 7 3 61096 1.0257839520152985
28 16 18 28 74085 0.9378350476453124
16 2 24 14 61649 0.9870788569650252
3 17 21 20 56189 0.9999727449516682
6 3 28 29 116424 0.9310923748807438
29 13 21 27 87355 1.067383823595355
17 12 10 18 35706 0.99620636339556
17 5 1 11 47740 0.982499400058855
14 18 6 13 32169 1.0006926730825187
14 28 6 11 71890 0.9273405175429701
11 28 20 21 48024 0.9739474720567096
8 29 18 11 81690 1.0027643257043206
18 22 22 5 60135 0.9626161709352753
3 27 17 14 70578 0.9056290989062628
4 20 23 16 66737 1.0912308723039528
15 19 28 13 64795 1.0718452485867278
14 8 11 1 32924 0.9002558939644543
25 2 18 28 98308 1.0211949623897811
22 8 6 24 81306 1.0841895867871634
23 5 12 9 39790 1.0968548462694216
12 10 9 19 32460 1.0674762349907927
24 16 29 28 62808 0.9680555445527628
4 16 16 8 47080 1.0616218288474182
18 28 29 5 103677 0.9256605459785362
11 22 24 21 53052 1.0461720537008798
28 25 10 16 65638 0.9011718333456414
15 21 18 11 39802 1.0781426650087522
25 19 1 17 82575 1.0401323318249642
25 4 21 24 89592 1.000477323428519
19 11 14 0 53753 1.0687878970280742
11 19 1 28 54823 0.9217909556164534
17 25 12 9 54043 0.977063504476774
17 3 10 17 51968 0.9728025808696548
15 21 29 19 57973 1.0891785223780364
26 21 20 26 33098 0.9162928590663865
29 10 19 23 67046 0.9696675466737473
17 26 0 29 79467 0.961098739144564
25 15 13 16 37760 1.0033749390844084
20 3 22 28 82624 1.0698366732413764
8 21 23 23 61682 1.0300097292306274
21 26 11 0 94843 0.9117152499602694
8 9 18 21 56828 0.9639209786948636
22 24 8 18 51461 1.0479062762784705
10 19 16 4 56904 0.9938841665742965
0 14 27 19 96849 1.0492020416994832
24 17 15 8 46262 1.0244055073737943
7 24 25 26 67105 1.0822775956100605
13 29 25 18 69358 0.9977526470246082
17 9 7 9 27332 0.989562416359843
25 21 11 27 68068 1.0302091728478617
5 28 8 13 54793 1.0784271349667056
10 0 27 3 68546 0.9562594885637117
26 22 4 6 97550 0.9829617921151121
19 24 7 25 43720 1.094905761693753
16 3 4 18 64334 1.0000421458983404
6 21 22 8 72663 0.9576932380208352
7 19 0 7 50069 1.0383347117667499
9 8 29 2 75653 1.0707504180472274
18 17 3 14 46386 1.0500571429532182
10 27 17 5 77811 0.9647313279745325
3 18 16 20 37444 1.0763319591620382
0 5 18 24 96040 0.929413831107183
29 24 15 8 85552 0.9190449145420198
17 2 4 18 66446 0.9752214651073059
19 13 4 15 46276 1.0667162697646306
26 21 0 29 114388 1.0819926390588612
13 2 28 6 60948 0.9522445685448541
14 6 28 8 48923 0.910631226700609
9 2 19 9 37773 1.0427645514989405
13 17 24 17 36505 1.008758404925957
20 22 11 9 64478 0.9782549595987335
10 3 27 10 54650 1.094750673013425
28 21 19 13 60352 1.0088893129139052
18 5 17 22 59050 1.056191582957321
2 11 9 27 65495 1.0323019781953817
16 24 17 14 24857 1.0663825220945757
25 24 9 7 88578 0.9537864224846316
29 12 9 19 81556 1.0704279900589229
26 18 5 12 78935 0.9100366879379413
5 10 4 19 26452 1.0465348067595337
5 16 23 3 78402 1.0828575025349942
3 18 19 11 63802 1.077499037019468
26 22 18 9 62739 1.0711269461357114
22 14 22 2 39646 1.0280445726794194
14 28 23 10 71752 1.0430844256821215
9 17 18 28 47631 0.9479596716987123
21 19 19 8 36158 1.0183140649449287
28 3 20 6 44129 0.9295003800500963
25 2 21 15 56774 1.0619171707078552
0 21 27 21 91565 1.0420465741167348
13 3 16 24 63563 0.9249728338489811
12 13 24 26 68353 0.9105014228797011
8 20 0 10 50949 0.9650588461699409
3 10 17 25 69331 1.0990789556339375
28 21 24 5 89774 0.9211154952846389
4 7 2 26 51120 0.9921317631942314
6 20 18 26 47135 0.9757536291860555
2 3 16 25 88463 0.9175668918710121
20 19 6 22 55372 0.9360576991529286
8 20 27 13 80703 0.9366816529754138
17 8 22 13 26628 1.035122142461727
4 26 20 16 70370 0.9041397349959995
22 19 13 27 53207 0.907416488513366
2 27 12 24 45457 1.0658419069226688
27 12 14 6 53197 1.060968112362753
2 18 27 8 90385 0.9333601571654377
0 29 9 15 70642 1.0766269740719612
26 3 23 23 94394 1.0014200991218398
28 23 2 5 129118 1.0563257396641634
22 4 4 2 60856 0.9119935520305018
15 1 15 15 54363 0.9067872467080375
11 19 26 12 65759 0.931952772319669
4 0 10 23 87042 0.9943796296125387
4 26 17 29 55604 1.0507474549447682
14 19 29 14 62007 1.0318129137437677
0 0 7 25 91270 0.971904399461577
19 16 4 12 48478 0.9683142548794015
17 25 23 3 77483 1.0059544572103163
5 29 15 2 103374 1.0731532143445515
24 13 25 2 59050 1.056367016508121
15 0 23 14 65622 1.0384341104678547
13 25 13 5 66474 0.9246797456637814
12 25 3 17 46249 0.9274742373426096
22 16 10 8 50496 0.9327492042325806
27 21 12 13 73750 0.9785186570932889
13 2 23 21 84518 1.0592888462459973
14 17 20 0 57883 1.0365096359524695
20 0 11 23 82759 0.9732472237386485
9 1 0 13 57664 1.040202401687646
0 23 28 26 100271 0.9669071984282873
28 19 12 3 96488 0.9320075527608782
8 0 23 3 58686 0.9730969376883309
8 12 7 3 35738 1.0539247243387853
19 22 25 16 38268 0.963037056860236
7 7 6 29 68076 0.9375951078224696
20 27 16 9 57335 1.050638745436998
3 5 2 18 41426 0.9392402335019735
4 17 24 19 71878 1.0893378976906767
28 3 25 22 105234 1.0173217343964138
4 18 11 13 32197 0.9285463950945861
14 9 7 15 34747 1.0800955672209285
22 9 6 16 57116 1.076733817533073
16 29 11 5 70375 1.0500508099858994
27 0 25 20 101541 0.9983059659417015
25 6 15 1 48691 1.0562262130650857
19 6 10 20 65481 0.9859886646178059
11 5 29 13 72976 1.0559573194375453
3 28 10 8 69615 0.9763694150248935
24 17 12 13 48201 1.0084047400660812
11 11 24 29 87884 1.0801449878544809
16 21 18 11 34463 0.9571032967696742
4 20 21 29 77808 1.055566340425389
28 26 16 6 81446 0.9549122489429045
6 12 17 3 49831 0.9692572961229207
26 12 25 29 83170 0.9466810190595327
26 0 5 13 93850 0.9198434844817138
10 26 23 20 57490 1.057243728516692
3 15 6 28 44728 1.0295197702782997
9 15 1 0 61811 0.9944510619987907
8 13 4 20 30730 1.0725521496592898
0 4 18 17 80148 1.0708845204348814
12 14 1 20 43275 0.912766449606341
27 1 18 17 76205 0.9546680088810441
14 12 21 4 45289 1.0235054780623365
0 9 16 6 47308 1.0750045957430525
3 27 7 2 72180 0.9745777390649704
23 19 28 4 83521 1.0759082350179496
29 28 24 20 45679 0.9245748090869497
18 24 10 9 60900 0.9464039485481471
13 6 22 10 29282 1.0264767970271338
4 27 0 0 83550 0.9516915061914959
25 10 4 6 54566 1.0053496824757047
7 18 28 9 76204 0.9706911724205167
20 1 23 20 59570 0.9342585528934562
25 9 27 29 98623 1.0388683920181454
10 28 17 23 38876 1.0502555959484479
13 6 11 20 45670 1.0251583960796882
13 14 26 25 59446 0.9143327631145132
12 13 1 28 72588 0.937607286868279
7 26 26 24 61341 0.9521879142089285
23 2 29 17 79847 1.082825454775971
15 19 24 20 30643 0.9936115433275101
6 3 18 21 74093 1.0772678614496733
7 24 20 0 96913 0.9856466076543086
2 4 5 16 44897 0.9139937068934807
7 24 25 8 98184 0.95551042684465
25 6 10 22 83409 0.9275485736611837
15 4 12 19 63613 0.954292493322902
16 13 22 24 47057 1.0229411659228094
15 26 21 13 52530 1.0152494676286437
23 23 28 16 52634 0.911649482944384
19 21 25 28 40339 1.0032816784940717
8 4 1 1 37711 0.9921674250119974
13 3 14 23 71805 0.9592057093626253
28 18 11 24 76794 1.0798683658181167
17 24 27 27 34027 0.9277278401551305
11 15 6 10 24755 1.0374208178473467
4 14 12 29 64162 0.9666947584751033
7 1 2 10 38662 1.0628310067220954
27 29 20 10 82601 0.9931697105966788
25 23 15 4 95602 1.0158741960696773
3 2 1 13 37830 1.0397650053647862
12 6 9 29 66961 0.9622770658372858
24 1 0 16 101028 1.0319103770812035
28 4 18 8 51651 0.9441750126137053
21 12 16 26 48391 1.0764024685018811
7 15 3 25 35017 0.9998087160477832
24 28 2 18 84018 1.0583756208222692
0 1 23 13 89534 0.9237374644040443
12 23 23 12 66103 0.9981167838346687
23 10 19 1 34302 0.9462097653059904
27 2 18 22 89293 0.9604709615080574
0 17 12 8 61309 0.9392783152317783
16 15 15 24 28270 0.9716349193251965
29 21 19 29 62152 1.0691413737533622
20 22 15 7 58430 1.0045530051548681
17 21 0 1 94558 0.9715261969888107
8 10 6 0 34732 1.0638563120758722
0 25 21 8 100856 0.9083614680324873
11 27 4 24 36107 1.03737665802407
4 10 25 13 71699 1.0654747389256771
19 20 4 17 49449 1.0041496339130471
19 17 18 29 45495 0.9048662363949995
4 28 25 16 94381 0.9054469000824205
13 18 11 7 38291 0.9911617543032121
5 9 8 27 64657 0.9788394103123048
23 13 13 27 70667 1.0447607046360843
22 9 11 27 76413 1.0461557813532512
14 17 3 22 43288 0.9464146532249555
27 2 16 23 86435 0.9951886036621356
20 2 26 7 35647 0.9392601656021793
5 10 28 10 68019 1.020260698827743
16 16 25 23 54297 1.0961129545603034
13 29 27 10 89673 1.0144839985242313
11 7 20 25 64156 1.004704827842782
18 7 3 26 75265 1.0659141645830306
1 6 16 9 43625 1.0951421999652462
14 1 21 29 111314 1.096788435455442
21 2 18 17 45700 1.0940692945935733
1 26 24 9 100105 1.0481769204803981
25 23 10 26 60298 0.9462625529924573
26 27 1 12 102431 0.9828708692336945
3 13 17 19 50423 1.0632512841642585
23 6 14 24 70637 0.9475471972014577
29 4 1 25 136827 0.9773731787699063
22 10 21 24 59046 0.9057066681903955
22 2 16 23 66128 1.0734300433146946
28 3 7 18 99313 1.017484810257723
26 24 9 0 103307 0.9471885496995323
22 8 16 3 27948 1.083799037265166
27 5 15 6 48091 1.0168318639250333
4 28 6 12 49259 0.9627432015146065
26 0 27 10 52529 1.0325264973846933
5 29 10 16 55557 1.0660140514964516
29 18 20 14 42088 1.0984837844024278
7 9 29 22 104509 1.0388912465263325
29 8 17 18 62740 1.0500493344961845
16 19 17 7 37269 1.066357169808434
16 11 3 27 77568 1.0271007888647399
20 10 1 11 55648 1.0172774641417142
0 22 16 19 51156 0.9305025202522881
17 9 9 18 41796 1.0143694255172846
12 12 14 22 41798 0.9752346749054317
17 19 5 25 54866 0.917159946204516
3 15 22 12 64643 0.9799353869880166
10 27 23 10 84338 1.0850167469097987
4 25 28 13 109525 1.0538628161826429
19 13 28 10 37239 0.9728065206033447
14 13 0 17 56043 1.0147336774237254
16 15 15 1 50068 1.0629387518562805
29 6 1 6 77327 0.9606731264565652
11 12 28 0 87220 1.0798432517002485
7 1 7 21 69650 1.074613090324554
20 2 6 16 64695 1.0323120860489141
3 7 25 28 108219 0.9969351895789001
24 26 9 10 77380 1.0163674536885994
17 23 6 29 53110 0.9405690576342813
24 22 7 26 69084 1.0321389705592092
20 17 0 19 58638 0.9082076075443718
11 17 8 6 37822 0.9280521846639112
28 17 10 29 98773 0.9753711271692851
27 17 16 16 38840 1.0025228712524321
25 11 11 21 76045 0.9381253092105226
22 21 12 26 50644 1.0562364197679877
21 18 11 0 69247 0.9275360620067136
28 22 26 7 80696 0.9970336412025272
0 13 27 15 85288 0.9238350769455149
14 17 23 26 46446 1.0087883112916052
29 29 26 7 107109 0.967223108816625
27 24 23 12 68458 0.9353356304440493
9 24 19 12 58424 1.051252806807221
3 18 19 26 57957 0.9761451567986992
22 5 5 20 76785 0.9854445373362213
7 27 0 9 73565 0.98298905853325
13 3 20 17 54209 1.0139087733528593
11 1 28 14 90838 1.022623597470535
12 28 0 27 53564 0.92200755937913
6 24 23 21 69856 0.9387231642746339
0 3 29 25 125912 0.9438431895312256
25 0 29 18 99717 0.9025805768855503
19 25 25 5 75230 1.0091526495294907
29 0 19 29 126154 1.057657512978258
6 1 7 18 54166 0.9595209234962514
1 6 14 18 65412 0.9482061164079436
25 25 10 29 60055 1.0655561371535052
0 22 13 6 67706 0.9060806839903821
23 4 16 27 77276 1.0923950601103973
21 28 8 3 100120 1.051004153918327
22 24 14 2 90986 0.9982279610244251
3 6 6 25 58167 1.027036386241886
13 18 27 14 57029 1.0504269175022596
22 8 14 4 33372 1.0643640074762744
0 26 19 4 102195 0.9323080110758328
21 23 6 25 64137 1.030608020383461
0 6 23 10 65590 0.9363873027838752
15 10 8 27 63978 0.9507285018173135
18 8 11 15 38827 1.0783364355282319
10 5 16 12 29992 1.0407391717590564
29 25 16 1 99219 0.9663623012793182
17 9 3 10 40533 0.964626095529057
22 26 22 14 52226 0.9717821987542734
15 0 25 10 55744 0.944604013729891
19 24 29 29 44028 1.0285425372853518
22 22 13 13 56073 1.0222710657043408
9 8 21 2 42216 1.0612627240173396
0 7 4 0 32754 1.0834325155059221
23 1 20 22 75137 1.0682311207416006
2 29 22 21 92109 0.9413291998623101
7 20 11 9 42223 0.999297431490991
6 0 18 5 56156 1.0456339075908558
18 23 3 26 61706 0.9903599245704126
26 16 2 16 72815 0.9285351493986923
21 22 2 15 70840 0.9926604702798829
27 3 12 11 68899 0.991709917367275
9 14 28 22 79373 1.0431015461327153
14 24 19 12 48213 1.0067924132992547
2 7 17 6 37253 1.059456055047266
13 28 23 14 67420 0.9194314249973424
22 17 3 22 67112 0.9746008278847591
25 16 1 20 79320 0.9930215162538696
1 10 9 13 33766 0.9491752925444534
15 26 4 26 47901 1.0534386655195584
19 8 18 20 42783 0.9196328257147222
5 10 27 24 96257 1.0834364024301817
10 5 16 27 67825 1.0137129107159928
20 15 6 15 38784 1.0979962385840658
28 28 8 1 118281 1.0171700900260348
29 26 15 8 83457 0.918858671497991
15 22 20 5 55459 0.9277309216709541
23 5 5 6 49720 1.0788760612074884
23 14 16 11 36012 1.038407127120503
20 29 14 5 87313 0.9030567148328174
28 6 11 1 67628 0.9101443675809568
4 9 5 0 32022 1.0989018163968123
24 19 15 17 42483 1.0653963276495857
9 20 12 8 40492 0.9354091464679646
17 4 2 0 67331 1.0245002758758275
0 10 9 6 31286 1.0611678500187958
29 28 12 18 67587 0.9043051900329543
11 9 28 7 56911 0.9908184436237343
2 11 20 1 65393 1.0865498623207248
27 14 3 5 89167 1.0106070714898217
15 18 12 10 36276 1.0685777115174353
16 27 14 9 49494 0.9818908857441648
17 26 20 0 74822 1.0016704441814919
3 19 0 10 34368 1.097771078684236
4 4 26 12 72971 0.9553873770338798
2 14 26 26 86925 1.0834152554891103
22 28 10 29 52406 0.9007732848772095
13 17 2 17 35327 1.0745742427809688
1 3 18 26 96969 0.981036615925188
6 4 17 9 33244 1.0854014026502423
16 29 18 5 70696 0.9389621682164595
1 18 5 28 39677 0.9999383560886813
26 25 3 26 72119 0.9825830437673402
19 5 28 20 74989 1.027315623050729
6 28 25 19 85957 0.9968317175169891
4 25 8 16 37070 1.0653481062965748
9 6 27 6 50936 1.0433921881977621
29 17 7 24 97044 0.9588155012638019
19 15 10 26 56717 1.0731338919354636
19 28 11 14 56857 1.0040149892003392
6 15 25 23 78962 1.0715489908360738
14 27 18 19 31183 0.9891854038497674
26 24 12 14 65465 0.9210173864907408
15 26 27 29 53333 0.9956926169373415
23 15 11 23 55962 1.0183982363395536
21 21 11 1 86626 1.0795770599156689
22 8 22 28 77176 0.915825185797439
27 25 20 14 54647 1.0376569000061748
27 18 24 1 87091 0.9446156932567447
17 14 5 11 50929 1.0972145124012147
16 0 3 27 97960 0.9848180816223031
4 14 13 2 47813 1.0463654888908493
22 24 3 21 69003 1.0361841469168929
26 7 0 18 96220 1.0571283149925865
2 1 20 26 110136 1.069673809040386
24 28 12 27 44365 1.0458949770182728
28 8 4 3 76899 0.9409580911971449
4 27 18 3 90591 0.9400443650212827
19 23 24 1 81494 0.9913026267054063
14 26 4 22 47097 0.9008624990738819
7 4 9 24 63383 1.0350235019002507
4 3 12 7 30219 1.0985057711545607
23 23 1 16 84907 0.9631221404139467
29 23 13 11 94933 0.917850477714499
29 2 11 24 117012 1.010204167806076
5 10 18 27 72851 0.971997332617787
15 25 3 7 73838 0.9025999365204641
12 15 11 0 45066 1.0426338597934257
16 26 21 18 35665 0.9990844753330713
4 20 17 22 43496 1.011795954848353
21 19 15 28 43431 0.9378432823181212
16 4 7 9 36364 1.0955892607202826
28 14 22 2 68206 0.9515297999070749
18 11 8 10 34919 1.0469900990433594
17 0 23 8 37098 1.0077957299015243
13 4 27 14 70942 1.011565414735395
4 11 0 0 42551 1.0007275751484919
14 17 21 29 55234 0.9663611291499116
11 4 3 9 33815 0.9616047527637825
0 15 18 8 65477 0.9131557039389617
0 25 27 7 122421 0.9283299862043661
24 5 20 20 54998 1.065703185868241
16 26 27 29 47114 0.9412571273776821
20 4 0 28 106070 0.9311529384441742
14 4 29 29 113714 1.049765083284174
27 26 12 11 81116 1.0115328306994085
1 22 19 12 76040 1.0515209780405166
5 4 28 11 73175 0.9980800016049299
23 16 16 23 37163 1.0956596697687473
2 25 27 11 113685 1.0903506283408264
28 21 19 1 91600 1.015922751796809
15 4 18 19 61410 0.9583741392588192
28 18 12 7 73797 1.0012569990075035
16 11 3 10 41056 1.0511123163668734
3 3 27 25 113790 0.9033147101424143
1 1 9 19 68785 1.0081057074207256
26 20 29 7 75725 1.0950014521689617
4 8 4 22 33765 0.9707058042013342
13 28 21 23 43183 0.9620289259689517
25 11 23 21 57831 0.9699454759404189
26 6 1 22 96889 1.0580533523967048
25 20 4 12 77618 1.021951079005674
24 0 17 24 90299 1.0176245770038255
25 21 2 15 81203 1.0330693938673692
28 25 5 6 101857 1.0437399715294704
12 3 2 26 79788 0.9630633826190469
5 9 15 29 84898 0.9230999262163108
16 2 6 17 65422 1.0316889462052137
24 7 21 25 71649 0.9185235844982792
19 28 5 25 60738 1.035150104863449
4 14 9 7 23582 0.944302227327092
12 17 22 3 64625 0.9744315405549574
9 16 27 29 81004 1.040396412893397
4 6 0 22 49628 0.9970870859920987
15 6 27 6 42381 0.9613388682573331
17 21 4 29 64946 1.098521474831944
11 26 11 2 73266 1.0833609937022164
19 2 25 29 102348 0.9614097634594208
13 26 11 1 85110 1.0137869514535804
19 14 15 8 28749 1.0982408409124664
21 28 4 1 111957 0.9283788546437226
24 14 1 23 97937 0.9419355854811442
18 25 20 13 41018 1.0470588474542526
20 11 28 25 65075 1.0517260853437778
22 6 29 26 88987 1.0047290496586465
24 1 28 29 121079 1.067131706167176
15 0 12 9 45726 0.9162977325829866
29 12 10 6 66001 1.0499338558477926
2 19 1 9 34882 1.0873456610707475
7 28 18 26 50083 0.9968758863983814
22 17 25 25 41517 0.9320138218010341
19 28 2 28 77016 0.9765642443901007
2 8 7 14 39804 1.0037395475747684
1 25 16 21 66106 0.9022284532428274
8 4 28 17 86325 0.9214943630376017
26 25 19 2 84637 0.9235610792913502
11 24 2 4 79440 0.9544625453490037
22 9 14 12 32059 1.015703584938027
10 6 8 27 61823 1.0657714360188992
16 6 5 19 55139 0.9286076684191152
0 29 25 4 134833 1.0776116689021338
2 22 23 11 92568 0.9441170054514259
0 10 8 7 25202 0.9551546891501912
6 18 26 11 80046 0.9561180687994063
11 20 19 7 55135 1.0245711205396202
24 12 10 8 46102 0.9308975444549777
12 6 29 21 93216 0.9974927258838813
5 13 19 19 54342 0.9392979514825481
26 0 29 18 104339 0.9545889001615429
2 16 21 27 78052 0.9489693738582463
28 17 0 11 102640 0.9371574959515518
8 14 8 28 47555 1.030142602899514
23 21 27 1 96720 0.9602974263116314
2 27 7 14 51799 1.0598354299578245
14 27 29 26 50150 0.9044701816528757
21 13 17 7 28439 1.0538305897140214
