4134 4106 5205 4842 4944 4431 3438 8393 6403 8106 7158 6878 8041 7517 6637 8380 7844 7946 7507 7431 7571 7154 6577 7839 8014 7579 7762 7208 7323
6643 8082 6803 8402 8015 7664 7012 6888 6549 8385 7298 7536 8469 7787 6362 7447 7802 7887 6821 8065 8014 6791 7441 6801 7445 6843 7515 7652 2252
3658 3643 4023 2951 4100 2591 3887 3662 2460 3697 2572 3969 3631 4177 3312 2637 2396 4161 3898 4025 3208 3675 3230 2499 2584 1587 3139 3247 1536
1766 3092 2387 1784 2151 1813 3055 1678 2093 2794 2913 1936 2590 1749 3134 2097 2135 2234 2511 1927 2583 3221 2987 2104 2061 1548 1973 3461 5019
4217 4045 3054 4484 3514 3173 3497 3130 4563 3539 2754 4568 3233 3574 2618 4476 3801 3637 3088 3329 2478 4003 3055 4522 2495 2439 4595 3624 3206
3891 3308 4340 3902 2557 2296 3830 2964 3198 3379 4378 3831 3223 3647 2833 3371 3592 3875 3662 2779 3019 2848 2818 3333 3311 3134 1965 2500 2852
5758 5870 5042 5508 4709 5737 4857 4448 5577 4556 6248 5879 4449 4509 5605 4783 4481 5352 4466 5327 4669 5506 5385 3997 5459 3941 3652 4654 4534
8156 7674 7056 8436 7206 6662 6568 7868 6689 5979 7071 5808 7218 6821 6472 7553 6240 7450 7105 7714 6462 5679 7592 7025 6685 5955 7607 7805 7815
4612 4216 4361 5263 6099 6009 5718 4124 5378 5079 4849 5033 5151 4154 4375 4696 4224 6537 4682 5324 5854 6624 5496 5239 6375 5252 6172 5724 5252
7346 5264 5315 6356 6442 5788 6226 7299 5202 6136 5586 6356 5115 5198 6297 5749 6126 6413 6812 5456 6259 6517 5143 5863 6274 5172 5726 5570 7060
6742 5215 4973 5441 3787 4860 5734 3923 5658 5152 4541 5113 4053 5546 4950 5372 3731 5458 4932 4401 3890 5650 4238 3950 3781 5825 4381 4859 3968
7669 8225 7977 7943 7865 8459 8126 6754 6523 6935 6926 8558 6664 8542 6539 8512 7563 7974 7999 8525 7995 8090 7628 6728 6847 7393 6188 7292 7369
5588 7158 5228 5735 6465 6751 5668 6903 5392 6152 7216 7056 6866 6265 5978 6654 5991 6162 5466 6167 6288 7297 7683 8542 6507 6523 7439 8449 7140
4349 4229 5002 4840 3967 5027 5857 4079 5020 5665 5917 5118 5911 4782 4365 5464 5812 4956 4536 5676 5083 4350 3940 4923 7147 5855 5693 7398 5681
4734 6271 5702 5435 6134 5258 6270 6366 4618 4517 5775 5806 4485 5406 4903 6189 4315 3607 4435 4373 5438 4476 4717 4832 5324 5608 5205 4274 4546
1634 3191 3260 3111 3511 1573 1935 2538 3184 3000 3331 2566 3504 2666 2521 1649 2106 1606 1975 1567 3390 3122 1764 2612 2225 2783 2590 2316 6442
8540 7741 7388 8409 8316 6397 5724 5765 6466 5253 4801 4750 6368 5658 6428 5145 6232 6296 5199 6247 6509 6445 5691 5068 5383 4994 4672 5273 6195
6319 6884 7366 5978 6075 7284 7244 6605 5922 6242 6045 7528 6744 6062 7616 7297 6997 5944 7142 5939 6601 7606 6944 7288 7709 6263 5369 4383 5439
8008 7130 8483 8222 8305 8147 8819 6773 8551 8592 8848 7989 8211 6888 8179 8437 8139 3461 3772 4119 3639 3552 3962 4804 5058 5236 4685 5308 3811
6782 6799 5554 5555 4942 6234 6868 5853 5642 5606 6033 6090 6824 5598 4899 5229 6232 5526 5758 6828 4996 6149 6564 6029 5922 5915 6970 5351 2421
6772 6455 6582 6435 6860 6766 6211 7305 6756 7197 7670 6643 7054 6702 8470 7140 6906 7285 6546 6941 7076 8268 8667 7898 8494 7234 7190 7593 8263
8086 8747 8038 7078 7707 6768 8783 7673 7777 8090 8082 7018 8251 7053 8032 8617 7303 8348 7466 7148 7455 7518 7014 7127 8441 7016 8046 5805 5505
4659 4578 4698 4463 3756 4819 4383 3434 3002 4176 4776 4064 3191 3967 3660 4544 4860 3181 3977 3680 4247 4544 4620 3069 3314 4807 3186 2711 5032
3356 3916 3978 4226 4042 3029 4159 3348 3373 3010 3472 4211 3399 2557 3263 2760 4293 2933 3899 3143 3452 2479 3241 7350 7435 8721 7363 6920 6869
4424 4955 5600 5935 4651 4942 5343 4344 4898 4272 5334 5709 5139 5886 5713 4401 5353 4777 4610 4390 4979 5129 5854 6242 5000 6154 4686 6116 5058
3667 2768 3846 4624 4781 3512 3621 3895 3201 4534 2845 4743 4938 4767 4568 4831 4087 4650 3980 3227 3269 4369 4633 2887 3490 4277 3870 3069 3883
3237 2202 1862 2590 2977 2153 3534 3695 3862 2547 3900 1974 3586 3468 2014 2222 3084 2731 3070 1623 3114 3301 1718 3243 3203 1511 2724 3102 1883
7021 5383 6751 6217 6947 6563 6883 6822 5672 6762 5892 5190 5737 6147 5115 4834 5471 4339 4780 4429 4603 4097 5426 4107 4363 5703 6030 5440 4451
4626 5457 6538 6174 4817 5714 5509 6577 5912 6546 4760 6539 5216 5907 4621 4650 5109 6017 6076 5267 5559 5280 5064 5695 4548 4127 4307 4975 5750
5738 5608 4711 6163 5684 6468 5586 5987 4989 6653 5240 6438 6423 6036 6848 6744 7973 6520 7371 7487 7109 6762 7919 6706 6883 6707 6889 7414 6533
7647 6553 7716 2318 3790 2698 4326 4016 5163 6496 4532 8596 4395 6945 2972 6576 4321 6752 8586 3377 2267 3400 6457 4360 7468 3771 4612 3461 3674 3454
7071 5691 7348 1954 4878 1679 3775 3199 5432 8511 5232 8700 4157 6849 3035 7666 5554 5941 8743 2587 2449 3680 6220 5001 5866 3260 3312 3103 3955 2471
7255 5237 6616 2349 5095 3116 4277 1906 4617 7194 3783 2060 3200 8097 3119 6535 5739 5912 8797 3382 1634 3941 6504 3487 7559 4060 3166 3262 3187 3732
7734 5159 7515 2305 5183 3443 4276 1922 4442 7009 4844 2200 4607 7207 1975 6703 5614 7112 7196 2790 1478 4475 5523 4813 7657 4496 4632 3717 4716 3015
8344 5779 3370 1948 3251 3444 4920 2132 4264 6854 5675 1852 3075 6586 3877 6922 5620 5778 8085 4562 2115 2364 6692 5282 6191 3233 3757 3317 2991 4311
8157 3960 3873 1881 4597 3230 3337 3670 5000 8223 4114 1957 2964 6888 3272 7006 5048 5592 8382 4219 2039 3447 6159 3556 7073 3222 3475 2747 3885 3750
7209 5896 3803 2845 3507 2270 3418 3998 3692 8191 4780 1776 3219 7742 3139 6393 4619 5348 8647 3683 2205 3907 6455 5261 5953 5088 3078 4164 2748 3729
6401 4193 3162 1635 4566 1783 4343 1859 3726 8127 5506 2973 4676 6501 2426 5899 4779 5750 7526 3194 1926 3882 5394 4648 6188 3343 3707 4066 2365 2916
7675 3942 3094 2140 4337 3229 4598 3282 4508 8324 4825 3237 4624 7974 1721 7650 5436 7267 7205 3267 1591 3537 6448 2590 7172 3679 3379 3382 2582 3883
2062 4679 2901 1773 5220 3156 4281 3995 5417 6734 5392 2910 4667 7006 3431 7620 5668 6350 7857 2459 2476 2476 6503 3670 6149 3504 4592 2316 3354 3895
2687 4275 2503 2356 3635 1394 3297 3216 4191 6419 5355 1995 3202 7811 2758 7407 6103 5853 8234 2129 2155 3370 7370 1913 7700 4775 2932 2937 2778 2976
3501 4354 2550 1949 4878 2992 2432 2461 5332 6844 5558 2281 4507 7341 2310 7861 6218 7412 7070 2700 1838 4446 7818 1576 5991 4617 4410 4081 3758 2967
4069 4223 3727 2373 3814 3525 3793 2262 4725 7486 4241 3136 4221 7862 1983 6606 6220 5173 6743 1939 3227 3520 7339 3608 5883 4771 3149 2231 3820 2146
3392 4141 3375 2718 4033 1898 2741 2746 5364 7384 5732 1695 4709 6955 7519 6749 4708 3260 8643 2820 1837 2555 7878 1726 6231 3571 5036 3783 3697 2337
2634 4991 1962 2402 3108 2587 4068 6142 4270 8299 5645 1222 4511 8116 6569 5889 5099 5233 7749 2866 3297 6353 7891 2964 7132 3129 5580 2666 2078 2788
3859 5077 2923 1583 4209 1856 3128 5302 4888 7047 3706 2725 3397 6245 7621 6654 6064 3588 7277 1602 2345 6033 6268 3061 6052 3267 4604 2452 3466 2186
4169 4375 3907 2942 3531 2808 2624 6869 3692 8164 4609 2952 3406 6509 7123 5102 4934 5169 8289 2130 1187 4603 7131 3352 6709 4715 6125 2640 3841 4078
2897 4345 1945 3672 3957 1532 4050 6637 4218 7836 4689 2217 2996 6615 6701 6241 5489 3543 8018 2246 2287 6009 6734 3297 7431 4267 5112 3005 2750 2788
3378 4899 3807 3046 3569 2192 4148 5034 3867 6553 5654 2915 2746 7924 8301 5417 3875 4425 6994 3442 1386 5508 6690 1646 6861 3710 5270 3250 2860 2885
2527 5797 3164 1644 4110 3427 3154 6034 4080 8014 3687 3254 2716 6960 7191 5193 2055 5017 7194 1788 2783 5057 8062 2944 6575 4353 5254 2660 3934 2370
3626 5607 3212 2307 4359 3362 2426 6288 4261 7681 4789 1181 5765 7407 6763 5368 2292 5248 8095 2216 1642 4718 6933 3511 7319 4419 6285 3447 3128 2519
4150 5637 1968 3518 5426 1599 2770 6541 3872 8496 4963 2816 7360 6580 6952 5968 3083 4606 7403 2957 2352 5150 6553 3298 7038 4538 5815 2457 2276 2026
3245 4823 2600 3574 4481 2455 3999 6518 5449 6857 3992 2795 5386 6996 6138 6461 3067 3938 7830 2765 1905 4830 6509 3070 5665 3122 4909 4032 2645 2184
3156 5362 2671 1642 5641 2901 2272 5625 3998 7728 5157 1294 5506 7466 6929 5915 2774 3593 8650 1507 1530 5378 6889 3364 7305 4586 5690 5329 1896 2706
3617 4645 2719 2561 5463 2329 2206 7192 4396 7505 4457 1872 5586 8087 7753 6030 2603 5056 8320 1747 1477 5300 7385 3414 6034 4685 6570 5830 2673 3269
3257 4476 2194 1803 3949 1583 3177 6693 4378 7135 5179 3237 6510 6244 6953 5343 3468 4297 7757 2406 1422 5793 7770 2266 6964 3137 6328 6214 3583 2444
3913 4070 2618 2971 5290 2404 3426 6322 4068 3866 6369 1268 5469 8106 6372 5195 3814 4725 7116 1444 2604 4913 7632 2343 6618 4802 5102 6093 3292 2639
2436 5006 2912 2259 4814 3303 3363 5828 5386 4052 6862 1643 7076 6584 7673 4837 1930 5292 6608 3127 3055 4898 6165 2553 3778 4147 5938 4648 2568 3611
2873 5374 2897 2227 5086 1499 3746 6222 4470 4020 4816 1605 6362 7025 6112 6559 3305 4843 7859 2605 1437 5475 6370 2479 4791 4024 6091 4498 2032 2437
11 23 22 15 52374 1.0549398668630818
8 25 28 29 73645 1.025788331338851
2 5 2 25 54605 0.9031634653639544
20 10 11 26 73916 1.0735235409483612
28 15 4 20 65924 1.0403173332559732
29 0 15 25 96968 1.0608032088920907
13 3 3 1 26684 1.0666733056820443
0 6 6 25 64202 1.01532837843378
21 26 29 22 44413 1.0976067391508
27 1 12 5 47755 1.0898498363606455
11 15 20 13 53060 1.0195158069120818
11 0 20 25 97449 0.9235388857220052
26 3 29 26 82157 1.0110278005126752
5 5 2 13 28425 0.9078411459000085
18 0 23 22 83171 0.9449636696034153
18 1 13 16 64061 1.098069083520746
17 17 2 21 44931 1.083539048674832
9 18 0 6 65972 1.0800596985098765
6 20 0 3 50847 1.015338420765925
7 2 14 19 66876 0.9803451660577424
11 1 12 26 92563 0.902220438269277
16 15 7 20 33904 1.0821911272145162
21 11 3 27 78065 1.017288375203889
15 29 4 8 83294 1.0094849638234886
11 6 19 20 54387 1.0050003997457855
27 10 4 28 99758 0.9444601516355384
12 4 2 24 77407 1.07086420727306
24 22 25 1 68861 0.9650017818063186
21 5 0 14 73373 1.0394759690558524
25 4 3 1 62917 1.024104085665765
20 27 11 20 42692 1.0842896316987751
21 23 25 16 33945 1.0254823927020447
26 1 13 4 42316 0.9950350833396354
3 11 7 20 28150 0.9769039671299988
6 2 29 12 85628 1.0608301224134749
6 12 18 7 56190 0.9187932034887283
8 3 16 0 27655 1.0671658640343151
4 22 0 15 37760 1.0144496184629248
27 4 17 7 44175 0.9935598125134497
0 20 1 3 49247 1.0614038642872097
1 25 9 10 59984 0.9367583410162097
22 15 26 4 46748 1.0136513291716147
24 29 24 2 85317 1.0066416868695645
21 24 29 0 92331 0.96639826172847
7 27 19 7 96141 0.9722878908490031
20 4 1 5 54377 1.05138708907658
19 9 25 2 48867 1.0114872963181174
8 27 28 10 91641 0.9282444090127514
14 28 24 16 55809 0.9745648657291934
28 26 0 1 128062 0.9799555956832394
27 3 9 20 85133 0.9014046679989489
3 13 11 6 43893 0.9306667096597784
14 7 6 2 41505 1.024861120385684
16 18 4 5 68918 0.9571276011595041
14 22 25 6 75488 0.9501090309025003
2 29 23 10 95193 1.0374488772854333
7 18 8 9 50761 0.9178626803854101
22 26 29 5 78530 0.9978696013189635
17 14 13 27 51103 0.9587860207951363
26 8 9 7 59756 1.0522082685449758
3 23 28 13 86721 1.0087054270859277
6 21 20 8 75641 1.0649104391628341
24 18 1 8 87311 0.9185634997541917
5 19 27 19 48753 1.044782351433876
1 13 28 24 92840 0.921467826009594
25 11 18 2 50554 0.9050481521888171
10 5 28 13 69881 0.9588624263174272
27 8 29 21 52354 1.0776734386030868
18 1 29 28 110165 0.9326268543430853
4 24 26 19 60703 1.0774631876727503
7 23 16 13 51306 1.0615969526669664
28 18 15 6 66734 0.9847973336359205
23 1 9 15 85723 1.087188929903144
3 1 24 22 97782 1.008597258605925
28 13 11 16 77075 1.0560840115938994
10 13 15 20 38109 1.0567072346324335
28 1 28 11 41018 0.978390365839268
5 13 1 5 30247 0.9669276706554853
28 8 11 23 82001 1.0255057889780301
23 16 13 15 45146 1.008395455645812
24 0 0 3 69384 1.0138787409228072
5 10 14 3 41796 1.0828277640939286
9 14 28 22 72808 0.9625213399123259
23 27 0 24 85121 0.9444861029553302
0 3 3 13 29428 0.982253900977663
27 1 19 24 89617 1.0511839237642386
20 8 6 2 58646 1.0666919273658275
4 16 24 10 70061 0.9101622395066812
16 19 16 4 43476 0.9244778316664921
20 6 11 14 54113 1.0041402367611512
9 6 23 24 87169 1.074251826531631
1 21 23 6 92687 0.9911748029721147
3 5 14 9 47395 0.9304834104403755
13 15 7 25 59861 1.0120481063619968
12 13 12 3 48798 0.9863927028272803
9 7 20 15 70500 1.0873797989305864
3 15 10 23 38512 0.9971259070676982
2 1 9 4 29125 1.087884713283544
4 4 7 11 29088 0.957981442257225
11 6 6 26 84919 0.9498893173350597
14 17 24 20 27798 1.0418319055476206
5 24 12 16 49104 0.9856129586655316
0 11 8 17 50953 1.0704095047373634
11 19 15 11 28918 1.0724703880024098
9 27 7 16 58362 1.0504663336196236
6 24 19 1 103813 0.959581327103621
19 19 25 24 30261 1.0222135070469585
11 9 10 26 75974 1.0656527111563747
9 17 18 8 67757 0.9636522728254704
3 26 23 25 72406 0.9837494487235887
27 8 2 5 75561 1.0176046309743063
28 12 17 16 51420 0.9235921606043256
0 26 11 6 85274 0.9341327076822772
1 28 27 23 83917 1.0777008503028576
8 19 2 12 36664 0.9056897400835924
17 11 8 15 40245 1.023073388682395
19 25 2 14 72413 0.9142543417910212
26 4 24 13 38625 0.9343664149246883
28 29 22 18 44040 1.0421428451488894
25 10 0 17 84532 1.0268007750942323
18 13 4 16 63154 0.9530623062558079
7 24 8 13 55294 0.9417785532456848
2 15 11 19 37543 1.0159412394215543
4 0 25 6 68696 0.9286269366909026
1 16 15 25 59397 0.9646465715033173
11 3 6 24 75016 1.0857299821013358
26 12 9 29 83861 1.0110290083824442
10 7 21 29 89921 1.0425580581077174
22 29 16 6 80183 0.9125346377404344
23 12 4 11 50100 0.9343485136294495
3 20 17 2 75009 1.00308540641118
0 4 10 22 70466 1.027612780360137
29 29 3 0 124825 0.922307753818443
1 5 21 5 52923 1.0028446952684842
11 6 6 24 79219 0.9532294112529585
21 16 14 6 55671 0.9275502936664607
18 25 14 14 43355 0.9022406363366012
13 24 8 17 46126 0.9417426362189193
12 19 29 29 61994 0.9658978003725067
6 22 28 24 69404 1.054301951428485
17 9 15 19 36481 1.0689785024577958
3 2 25 9 72789 0.9996041593960052
29 4 10 21 90899 1.0886743914236388
14 19 8 29 50063 0.9338498480541298
6 1 29 20 100858 1.071783363023742
11 19 23 4 67752 1.0229023867853342
28 23 4 29 85061 0.980227114083671
11 14 6 5 50723 0.9972943284703192
3 13 18 8 54073 0.9282945124389824
8 29 22 19 63292 1.0734515699812155
14 9 3 26 71121 0.9332571586475231
1 28 25 25 86599 0.9815837784511541
1 23 29 1 125856 0.9015337031029311
5 1 29 29 124865 1.0199848128156654
27 25 1 10 95623 0.9249626797416559
19 1 22 28 106092 0.9573353649521789
2 23 20 6 89183 1.055034720127432
3 3 23 20 80665 0.9880370270730563
24 22 27 8 51156 0.9108986641278706
16 2 20 29 86888 0.9289592731566931
23 3 18 17 66003 1.0105426257564736
15 29 23 2 94442 0.9519090553208791
8 13 3 28 52819 0.9706685235211561
9 6 29 13 79235 1.0329129061832725
0 14 25 17 80099 0.9423082969371778
11 1 29 26 117189 0.9528268263793399
4 21 0 3 49171 0.9275715548148816
28 8 10 26 97470 1.0929972236698808
15 16 19 28 40825 0.9594992673039522
8 10 8 0 50859 0.9622353635120274
24 25 18 1 101173 0.9161968962857275
5 12 8 23 49132 0.9590673363173339
28 6 17 29 95089 0.9955084198077231
15 7 0 15 61325 0.992849837623788
18 29 10 19 48543 0.9422427847979198
13 10 5 14 36883 0.9894802171020294
26 24 12 27 52639 1.0461885519815228
8 15 2 1 53635 0.9353791913518301
15 14 5 26 52478 1.0258956801595729
13 7 17 13 37054 1.0271147009902792
6 25 28 18 73728 1.0803494827056115
20 0 28 9 54468 0.9226269379047163
15 22 5 18 35544 1.0763782726363746
19 27 0 27 60580 0.9078862749867187
17 8 4 2 48322 1.0404865399977594
14 18 18 24 30644 1.0278139445499166
7 0 4 24 82958 0.9504671551060893
15 23 2 7 66157 1.0658661278340247
0 13 8 20 40444 0.9003431271085979
9 11 23 29 78490 1.0256001884162531
17 6 11 13 43167 0.9755179697802377
3 26 19 13 77651 0.9783180495373169
21 29 8 1 107512 1.033831919841022
2 12 26 17 75501 1.058830781131639
19 22 26 14 39000 1.0132161992576585
20 22 24 0 88810 1.0161479031547174
14 23 17 1 69486 0.9077097505183821
8 14 19 14 56037 0.9358446330022729
2 0 10 22 75637 1.0115793922282124
20 8 10 3 45211 0.9037502552317015
16 22 27 15 48850 1.0005398229234028
29 25 14 12 69354 1.0524091922476935
28 4 2 0 79694 0.9120315385115811
9 4 27 6 53026 0.9384917044137274
28 24 8 25 70152 0.9506356989511665
6 3 7 21 58402 0.9406167305611439
20 8 8 9 56664 1.0632043520757244
18 5 0 16 74209 1.0099230221949151
4 5 23 20 80173 0.9568706634877304
5 29 15 8 78046 1.0677745950367052
27 6 13 6 40005 1.0888378648714643
5 3 27 13 83708 0.967816266656518
28 22 29 6 68343 1.091194747149202
1 7 21 11 57061 0.9781342636385144
19 16 28 4 62821 0.9020523639113728
7 2 20 21 82641 0.9298553365524683
11 24 4 14 52262 0.9679118582871743
1 3 21 12 72080 0.9709920803773564
2 13 5 26 43098 0.9805735047403936
24 11 10 14 47190 0.9592805880789517
19 12 4 11 40145 1.08892542368489
6 25 16 20 43487 0.9397866743059311
1 13 22 24 84625 0.9532561389392302
19 20 28 17 30552 1.0402988248766858
20 1 28 22 89209 0.971781227800299
10 13 21 25 75953 1.0664006490179698
19 7 26 11 39111 1.0114885201966486
6 22 19 9 73335 0.9899012103239424
15 12 4 16 45144 0.9958313593489079
26 6 5 6 56557 1.0292815382802039
8 13 2 28 55867 1.0471676905895306
4 2 21 5 48873 1.0071332959523758
18 28 9 3 86625 1.0775045539285035
26 26 14 29 39952 1.0091096291667478
6 25 4 15 38705 0.9937678221086443
5 6 18 28 91802 1.0742461558503964
5 3 14 23 75655 1.0296505550039778
3 2 21 3 43906 0.9059347179773275
7 16 27 5 88052 0.9208342038172385
12 17 22 13 53993 1.077871185036363
3 10 13 4 41413 0.9542758623933885
3 16 10 23 36415 1.0551828660794615
29 25 13 16 64310 0.9931580766764271
12 29 4 23 42523 0.9454858826612633
21 15 29 7 57433 1.0026603559256215
12 5 19 20 50936 0.9304782295671077
2 20 1 6 40993 0.9712503015213882
8 6 12 28 89755 1.0167579575646641
4 21 10 27 36448 1.0790208178071867
14 12 18 22 35115 0.9035808431503409
23 4 10 14 63875 1.0098446465226454
6 1 17 13 69399 1.0777698803879052
2 25 20 23 64132 0.9340113476654901
27 16 14 29 62064 1.0531053161700834
12 2 29 22 95950 1.0475451881141251
1 16 8 25 50383 1.0578080800177154
9 4 28 23 90469 1.0179657114568927
20 2 25 26 87309 0.9643806881890328
5 0 15 11 55794 1.0594695223433366
13 24 20 11 52112 0.9604191795546232
0 20 12 6 68344 0.964086166129339
21 29 0 4 114161 1.024668372766626
10 28 17 12 61330 1.0938436946285546
15 12 16 24 33999 1.0816409203467054
9 27 22 26 41111 1.0230250692842389
19 16 1 7 75085 0.9749567420168608
2 10 23 24 83538 1.0324742253441554
28 6 7 16 94590 0.9714701053514028
26 19 10 17 46350 0.9154066717822328
24 2 21 18 70009 0.9213233226128584
8 22 12 1 88273 1.060304086193465
17 15 1 6 69293 1.0467834179084754
2 25 21 3 96943 0.9122271205946316
3 13 7 5 29684 0.9870103940475279
11 15 26 25 70903 0.9143903490030737
19 9 14 29 70034 1.0515894923396276
7 4 5 23 62618 0.9283397326916094
18 19 10 23 27608 1.0670452983166396
28 29 17 21 53434 0.9017999612213018
23 23 11 16 54558 0.9405940949427173
28 11 26 0 35470 1.057890185928344
2 15 8 3 41601 0.9351505052324873
14 8 24 28 79594 0.9532597182688767
1 28 9 5 77424 1.0790038016549832
23 18 29 28 40990 0.9882050015208816
17 18 24 3 74169 1.0013773021480805
17 4 9 2 29389 0.947034115127542
20 22 20 12 58187 0.9586131579412217
8 8 21 2 60576 1.0064511351777479
6 6 2 18 42599 0.9515724332254838
2 14 12 22 48565 1.0413146694370632
29 22 22 28 39874 1.0953089467095463
28 16 23 0 60984 0.9071025049771205
1 19 26 28 76312 0.9671456372833954
0 14 20 26 89031 0.9863299169081435
17 29 28 13 78420 0.9474539539699328
26 28 9 21 60952 1.0602358509247132
4 26 11 2 79733 1.0787018734472038
28 2 7 15 93655 1.0834603038678796
28 21 16 29 57765 0.97348265848796
15 14 15 4 27808 0.9079682207601764
18 7 8 7 42912 1.0225547469827871
12 17 1 18 49405 1.0080060085941258
29 5 12 20 77332 0.9067432692969505
5 6 10 18 60838 0.9880277382159003
2 21 13 1 73872 0.9490470486825228
16 10 2 24 67627 0.9236600597279444
28 26 0 11 110543 0.917944263724072
25 0 29 14 59162 1.057999884473829
14 27 15 3 63495 0.9204938703054356
28 10 2 17 79902 1.0782345381373188
3 29 26 14 86201 0.9685627229579461
11 7 22 24 76286 1.0857281417515063
17 20 17 7 47916 0.9906973562363691
8 1 21 23 91704 1.037285531097356
0 24 2 11 49953 0.9986666149944528
9 28 4 1 85589 1.063475152847785
9 16 14 23 45050 1.0444842439069255
6 27 23 26 57632 1.0488464422119046
18 5 25 0 35787 0.9301775706822529
22 6 7 17 85526 1.0561332801972039
21 26 3 5 104829 1.078693356518794
19 16 12 10 46343 1.0100135015571277
20 2 25 14 58031 1.0191096705582172
26 29 29 19 32598 0.989468077257024
9 27 14 10 63657 1.0127485548390067
27 15 11 3 75120 0.9439017058483333
7 18 28 5 94384 1.0263888126127925
1 10 13 15 47396 0.9180035789273865
2 22 16 18 43069 1.0977517913132484
1 5 24 2 63736 0.9995869792040739
8 2 0 14 48657 1.0526235867635079
14 10 29 17 63215 1.0837053724552725
22 9 18 2 40687 1.0470810030929738
9 29 21 23 51282 1.0469078915312893
9 15 1 25 56835 1.0471389286185881
21 9 16 1 56979 1.0358436794309658
11 10 21 15 54170 1.0157577942304301
19 3 14 23 64826 1.0867362231564865
15 4 9 27 75732 0.931144095666341
12 27 2 15 64387 1.022550574812956
26 18 9 15 64568 1.0067220662183278
2 3 17 14 70039 0.9693727092307359
23 15 5 19 58285 1.0306900998469013
3 26 20 15 75318 1.0853975235282602
28 5 10 25 95266 1.0600446881573145
16 8 4 20 59269 0.9422377531151035
27 8 9 5 55046 0.9916553568694213
17 23 25 10 58801 0.9852483002189066
9 22 18 26 42922 1.0694567834884556
21 15 26 24 43363 1.0517124774393551
8 22 16 18 37249 0.9800026108749178
3 5 26 29 104958 1.0860517630959334
16 25 11 1 80126 1.081226449230208
5 19 21 19 40361 0.9755472271621366
26 1 21 27 86598 1.0900153298730135
25 0 25 12 43729 0.9729627937143753
0 25 25 19 72166 0.9400448347186625
25 29 3 14 86781 1.098155698766083
17 8 6 19 61745 0.962286393812335
8 19 14 26 41223 0.9702529014186316
21 22 14 27 37701 0.9854711551144782
7 14 29 16 80014 0.9514463638790782
21 0 7 17 99962 0.9308210540491275
29 3 25 29 82730 1.0805410714143553
2 11 26 21 71987 0.9449858966798901
3 20 13 4 64639 1.0795352828073888
23 27 23 0 100827 0.9018327809369634
24 28 1 9 108986 1.0922261292385145
26 19 7 11 61548 1.0488781287890823
9 8 8 25 81168 0.9478079353953581
3 11 29 23 82321 0.9839082373882851
21 3 6 6 49358 1.0804599096905296
17 20 29 7 67941 0.9034924795901046
27 0 23 10 40244 0.9343965899317866
22 19 19 28 43516 1.0607723518456642
14 3 16 21 53599 0.9004870251698079
26 15 14 2 65705 1.0693555646949753
10 12 5 20 43700 1.0258701487353525
26 15 10 26 66665 0.9165432531550938
2 2 12 27 92170 0.9724248915526439
6 7 18 23 77903 1.0382338702705538
27 22 6 17 67317 1.0281802747291848
13 10 2 5 47696 0.9404808912941892
23 25 28 11 52730 1.0768342281185665
3 2 16 3 30295 0.9033712943853112
16 14 5 23 50321 1.0779678395335297
8 29 5 5 79229 0.9221241938157504
12 23 7 29 40062 0.9767863528674201
17 28 24 2 97830 1.0469329598738264
28 23 9 8 83668 0.9875252140380046
24 29 17 22 48326 1.0203443700785697
19 5 18 17 51261 1.0225434443756125
10 18 2 3 64106 0.9232313447959779
0 16 8 27 58909 0.9259714291218405
22 7 9 20 68438 1.0016265325380107
3 1 21 2 54022 0.9256709154599734
2 10 28 14 79697 1.0129902670037891
24 6 5 29 108624 1.0643678967276344
5 9 19 16 64207 1.0316710002473
11 22 27 14 67210 0.9439679715108888
25 28 16 23 42349 1.0360840173049572
24 6 8 14 70286 0.920465324114383
23 25 11 14 66703 1.0058944215850811
12 3 20 13 54557 0.9144962045532798
3 23 6 2 58561 1.0996107356828018
25 4 10 1 53099 1.046565603856236
18 22 6 5 71565 1.0831921561354296
16 5 2 8 43668 0.9361549596512962
15 0 17 23 65117 1.02007777342488
24 11 8 10 43474 1.00492445475391
26 21 16 15 38987 0.9009435472681151
2 23 22 5 90428 0.9294126422004911
15 3 10 20 54697 1.0216067160025266
28 0 24 13 54865 0.9814036821813936
29 5 15 3 39872 1.098487537965941
3 17 28 16 69424 0.9581961687880783
13 0 6 27 99637 0.9310037124343981
14 20 19 27 33130 0.9088768593884925
3 20 26 0 100512 1.0045570200699314
12 26 25 7 87473 0.9197022942475158
20 8 19 26 85407 1.021602923352125
16 5 0 5 42300 1.034189801457085
20 3 2 4 44512 1.0142737367394647
13 24 1 2 89046 1.0192128834466085
28 18 14 27 53738 0.9874081308240054
29 10 17 16 51726 0.9610155311753635
23 10 29 18 45355 0.9865408932958792
14 7 6 0 53133 0.9721452072482769
29 23 18 3 84633 1.0641670774255094
19 5 15 15 35206 0.9041608223994304
19 11 3 17 51684 1.0786817013024788
25 3 12 17 75941 0.9273375620719263
8 6 16 12 45161 1.0932807369440694
2 17 28 28 86860 1.0884579897427553
15 29 26 16 58068 0.9102759519262122
9 4 0 1 35042 1.0178669673961998
21 4 22 22 73182 1.041660651687572
21 13 15 25 59984 0.9518065169930978
6 8 12 15 51666 1.0596812637565503
26 26 11 6 83588 1.0451316002181021
27 20 20 2 68860 1.0423384796390183
13 1 0 24 96610 1.019077640998788
18 25 9 24 38406 0.9922992180871518
24 21 7 7 80321 1.0214406117272077
14 22 15 13 27301 0.9793707664716376
26 19 28 6 46476 0.9196978128652964
7 29 2 2 81308 1.0443087006061964
18 7 15 29 76490 1.0192442398631154
14 25 11 15 52250 0.9369706310141654
0 16 5 6 42580 0.9508762053040618
12 23 18 19 24119 1.0648935203191314
25 29 8 1 113190 1.0670112639775644
10 15 22 6 66279 1.0730743941954353
26 20 4 9 71803 0.9025256769801969
29 15 17 28 73962 1.0749805664603662
27 13 11 8 68171 1.0944026135261569
7 19 15 14 31231 0.9865185037530925
7 20 14 9 50021 1.0043051132588787
12 4 20 25 81412 1.0671952193403298
13 9 13 26 60327 1.0739884483253768
19 2 25 12 51490 0.979423148057066
5 6 24 25 100756 0.9743477740490701
11 7 27 25 85086 1.063619554845395
24 28 10 3 99790 1.0729544778482145
7 0 20 8 68714 1.020229239540148
7 17 19 29 72708 0.9987540720693473
0 5 11 9 47856 1.034984837226982
19 4 11 1 38201 0.9098970272561087
28 25 13 0 99679 1.0132832514919223
16 1 11 9 48546 1.0910689229209207
21 28 14 11 62015 1.0673430323117536
3 2 9 17 61525 1.0687937657098188
29 1 6 21 108450 1.0742108708527125
13 15 22 19 36355 1.070269150282888
4 22 21 3 88072 0.9898963949861492
2 26 2 2 62636 1.036999312781406
26 25 3 5 95738 1.0160310015615919
20 18 20 5 63723 0.9661962687650574
12 29 3 25 37900 1.0876015082269264
21 5 0 0 68190 0.9087122545197004
10 8 10 25 73634 0.9626497860966755
5 14 7 1 52165 1.0421140736185353
8 21 7 8 59629 1.0058299096858474
17 13 5 9 47052 1.0441225397377858
25 5 2 27 106105 1.0368616167080982
1 21 7 27 35460 1.018717167643806
19 17 13 6 52534 1.0691283726116145
29 6 24 23 65658 1.008932751657946
20 25 23 7 71243 1.0836368855320746
7 24 1 12 51226 1.0106596593404118
0 17 9 16 51856 1.0733815324202012
22 6 15 18 52906 1.072345718859734
8 6 27 5 53238 1.0279635559164009
7 5 2 14 34552 1.088198358999287
22 8 17 3 35042 1.0722136488718679
23 25 22 11 55000 0.9470653884607239
7 15 23 27 88214 1.0038637005736828
11 9 22 20 56337 0.9647247801789276
2 29 7 20 32359 1.0640016331503055
5 23 17 1 89522 1.0167288184959706
29 19 21 0 78696 1.0555305368639893
4 8 23 5 56683 0.9778875381919432
27 9 17 26 79945 0.9481241858475847
0 24 6 17 47081 0.934970346768967
18 11 26 26 59226 1.0858681070068614
22 0 21 13 59784 1.0935719244089248
22 28 10 20 53462 1.0602282108362506
7 22 20 15 65118 1.062327167622898
11 25 19 23 32281 1.0962096845578702
3 19 22 26 66694 0.9791676789583567
7 0 13 19 81763 0.9316948044158498
25 15 16 2 71403 1.0234308884724255
21 5 18 29 85420 1.0699141242075394
20 2 12 18 72873 0.97321848497487
7 5 23 29 101376 1.0374984138688963
5 7 15 0 42742 1.0966348157065686
20 19 15 26 28671 0.9154631854133349
24 22 6 24 65350 1.0337172801672598
22 12 8 2 64379 0.901547782113353
14 20 22 26 41880 1.0437932463436588
29 5 17 12 55178 0.9594576084884849
27 17 24 6 43994 1.0673923508500756
6 0 7 26 88530 0.9223685561938952
15 12 26 3 49738 0.9947372514318734
8 26 16 15 55406 1.0895584411747412
4 13 14 23 55736 1.0489562895519031
29 16 7 1 100235 1.0357194496904931
1 11 18 11 45888 1.0964264179107948
14 11 9 27 57882 0.9774653046194047
0 3 17 27 94977 0.9782254536341249
24 25 14 1 93450 0.9075881734125928
1 0 18 20 91341 1.0626448148059504
5 3 23 15 78540 0.9665023460142338
5 23 29 5 100247 0.9759301356712624
0 28 0 1 85141 1.0483090476151466
28 1 22 6 31988 1.0645955028853387
27 15 14 11 44717 1.0913989580641164
27 9 7 20 72748 0.9350046292915841
9 15 19 24 64206 1.0431234976740056
0 18 17 28 72925 1.055044914819864
1 11 25 18 82967 1.0444828356009022
8 11 17 10 28122 1.0671560065234358
25 11 10 10 38891 1.0847819524169233
27 1 16 16 74276 1.0695855208224514
22 28 0 15 97093 1.0344168700329464
8 11 17 21 46769 0.9286317237725225
8 2 22 23 89808 0.9414185187806665
29 4 7 13 86970 0.9687004244672786
27 29 10 10 81784 1.028428180933068
24 13 2 14 69625 0.9046563904042509
21 11 17 3 41952 0.953790672921685
3 8 18 3 45003 1.0745545492163302
20 10 3 19 66149 1.0437353253725616
17 22 14 2 65304 0.9990402948160895
25 14 28 26 48733 0.9718796135003804
11 4 21 7 46129 0.9169152546000846
12 23 10 15 41161 0.9323101086916697
4 12 10 27 63006 1.036114373441222
27 7 11 6 52660 1.0581859685515673
27 23 11 9 73147 0.9685964951130455
10 25 7 6 79769 0.9125437783681141
15 20 24 1 74824 1.0097993902716107
6 6 14 15 61278 1.0966459429471904
8 21 1 4 62370 0.9994713229008708
25 26 12 8 85403 1.0738342174217537
14 20 22 12 45581 0.9977133820130969
4 10 10 27 65453 0.9396478699655986
0 21 13 8 73154 0.9110280781046335
2 9 25 26 96195 1.0581442414354243
12 27 23 1 98280 0.9131512867003921
10 19 17 29 47421 1.0547395788699458
13 16 26 0 77186 1.0585792855120115
27 23 2 15 74159 0.9914029939531785
13 14 16 22 38292 0.9563571918706928
7 26 14 8 77501 1.0342596232316552
11 19 22 20 25874 0.9720537527137109
28 9 15 2 57088 1.0498564855999106
27 5 22 14 42515 1.0646109806347908
9 13 25 16 67132 1.099196213495907
18 16 15 28 43719 1.0872605852925805
14 16 20 8 48265 1.084932226519555
14 11 22 19 36196 0.9505040371187361
4 26 8 11 50207 1.0216442967322699
19 21 20 6 63453 0.9703789846679173
3 16 18 9 63667 0.939781349696313
28 19 4 21 53694 1.0410118936423323
0 1 27 26 122218 1.0256260153119603
28 25 26 9 53128 0.9287173516282043
21 28 4 29 57118 1.0394935812314485
16 1 22 25 87647 1.017520014523686
29 27 25 12 62361 0.9380374961560279
26 22 0 29 83362 0.9855326079828586
8 29 11 14 73034 1.0299408320167849
14 23 27 11 56596 0.9197258814118061
26 6 7 25 99946 0.9893227228565736
17 27 4 23 52096 0.9445838373043275
13 5 27 8 43979 0.964980801321985
12 9 0 17 64981 1.0248615780013979
22 17 9 14 57966 1.0216260342943049
25 23 12 21 44452 1.0577354223765014
27 6 11 0 59926 0.9645157939640959
23 22 14 28 42024 1.0190520470252125
12 3 22 10 50705 0.9184147845488814
7 22 27 5 94657 0.9293192081790427
28 28 15 12 65686 0.9846137739362754
21 4 7 5 42363 1.0176616383312131
20 24 15 4 68692 0.9600684040993868
4 22 16 17 39923 0.9786202299483833
14 13 18 3 41893 0.9949056888250253
7 29 3 19 38269 0.9969039682389114
27 29 23 17 40553 1.0018186374449816
23 7 9 17 79502 1.0374060051220462
25 21 14 6 60379 1.018050161494117
21 13 6 19 70361 1.0432186076634116
7 29 22 25 57964 1.0125343593039122
7 13 21 6 65993 0.9973145503322833
13 22 20 5 62103 0.9427023341603318
1 13 23 17 80025 1.0054676262131326
10 23 27 2 91875 1.0324766435534045
25 8 23 0 34541 1.0848501903657504
5 23 0 10 46695 1.0139101764809648
29 10 2 19 85337 0.9955973986931562
12 3 10 17 68770 1.0687914632875537
22 24 0 24 84226 1.0731760121195815
3 26 19 19 51675 0.916272724430866
0 18 27 12 92547 0.9308700181631998
10 20 6 6 54842 0.9791736904548036
7 17 12 22 43938 0.928005572763185
12 0 24 15 80563 1.0520079198274388
2 13 17 11 41678 0.9974756827757776
27 21 6 25 68665 0.9739971617353751
18 24 27 3 82455 1.0366482126181464
19 24 27 21 37828 0.9484557010977702
24 23 13 10 57417 0.9274936658373975
13 13 1 28 72653 1.025070251948499
29 28 8 19 69871 1.0088625740595496
25 21 13 0 78617 0.9352849845508395
24 27 29 10 64281 1.084245383493554
29 0 18 24 96007 1.0274438336415304
28 23 15 13 47435 0.9723532077906037
20 13 3 0 77641 0.9802835941323
23 8 13 26 76538 0.9317598416472987
11 22 4 3 70079 1.0437901355700534
19 23 6 10 66251 1.0795487158057193
27 11 10 2 67480 0.9508798359482118
17 18 3 16 47432 1.075761414321375
14 27 23 20 37039 0.9969460634941985
14 15 29 3 71775 1.06667185962898
4 9 19 9 53775 0.9152253280579997
4 13 22 7 66283 0.9265828471850482
19 14 6 25 76705 0.9205685917154104
27 22 0 10 92513 1.0598370457251818
5 1 26 4 60602 0.9416951348885502
13 23 20 27 28907 0.9829735270368067
6 27 25 24 73413 1.0152439249944267
8 23 11 0 90347 1.031613624581829
16 9 2 19 61292 0.9548243764568058
5 9 14 14 45414 1.0120191875492528
16 6 1 24 83572 0.9163404275359865
24 22 24 4 65033 0.9006492816472689
11 9 25 2 65944 0.9894795438289434
11 7 0 6 36633 1.0245755462962984
15 29 29 8 92730 0.9538608416077752
13 2 3 19 62874 1.0674776806330155
13 1 4 22 76989 0.909295809348534
0 22 7 5 64547 1.043523102751003
15 27 21 7 78635 0.9315316160738025
29 23 17 14 61992 0.917441832709594
9 2 28 22 98043 1.0272844022378687
14 13 26 18 47215 1.0470565205072966
17 11 14 19 27136 0.903702203880126
15 11 24 19 39246 1.0470636309850798
6 23 13 3 75341 1.0431125723320729
6 19 26 2 92684 0.9316547370077355
15 23 29 0 92131 1.0436690938430635
3 26 23 12 82822 0.9124621713148624
27 17 18 1 77658 1.042206301110984
1 2 9 11 43382 1.0294964659252932
6 5 15 29 85799 1.0359871872053603
17 9 5 3 49242 1.0490601028690707
6 6 26 27 103422 0.9174394825623255
7 4 27 8 67264 0.9876123476143042
17 0 12 8 43140 0.9756038270856813
25 23 7 13 77677 0.9542557284731135
14 18 10 25 36662 0.9212665134448955
27 21 29 5 57876 1.0310015011435252
0 1 21 15 100357 0.9646793159480056
28 19 14 3 71255 1.077073690313802
23 12 18 1 58729 1.0417012806556396
1 11 6 19 40717 1.0908742125444328
4 13 19 21 57972 0.9275987262152983
11 19 6 13 41798 0.9397116027672512
9 4 12 18 68648 0.9738335913662222
24 0 10 18 93445 0.9263341365825919
23 2 25 24 71762 1.0069987132488714
23 2 15 26 83094 1.0502328244174013
23 10 8 21 66744 1.0175075395341946
23 5 15 26 70848 0.9686527846952389
21 3 12 7 36474 0.985726706075912
22 1 11 18 86749 1.094414334322719
10 15 25 8 64592 1.0731500962074183
18 19 18 5 46328 1.0283097408301844
18 4 10 24 74235 0.9428495852763656
11 2 28 12 73765 0.965543474216177
23 11 1 17 71769 1.05225271321307
24 29 18 22 42047 0.9854708307199502
1 3 17 3 35153 1.0039705109051709
3 15 11 25 51018 1.0131188138897524
0 19 29 9 97954 1.0010589996791186
19 0 4 23 98321 1.0043912728906008
27 20 21 6 56910 1.0051341816085257
29 1 7 8 82970 1.0791914631003228
28 7 10 24 94255 0.9660543697504589
24 20 11 1 81163 1.0457215709817473
12 4 0 14 58249 1.0866573946544575
26 6 7 26 105182 0.9957853776395155
2 7 29 8 87274 0.9913352485135665
11 20 17 7 54583 1.0784508161461557
22 0 3 4 60756 0.9663429502487823
20 12 11 6 44849 0.9295363141937611
6 10 29 5 76284 1.0367606743962825
0 7 12 22 70320 1.0999379582654083
9 28 3 14 51629 0.9294479471268716
29 13 17 23 66618 1.0247192294475362
6 29 10 12 73230 1.0113223071155955
28 23 29 9 53210 1.0504399965747342
22 10 2 12 55206 1.0974600693352348
16 26 11 0 84524 0.9913347996485316
4 21 15 2 72135 0.9668303167794063
9 11 17 27 56977 0.9115980738570885
10 0 24 3 48296 1.073169613849035
8 5 19 20 61707 0.9968508726722098
12 1 9 18 79550 1.0998777260320136
0 14 21 19 64339 1.0055330616839877
28 18 2 3 99713 0.9849487115677179
1 16 28 20 72259 1.0814327580320575
6 25 21 16 70924 0.9763951461050159
21 29 5 29 48213 0.9217100858462848
23 5 2 27 100875 1.085426182707377
27 24 8 2 97314 1.038826157333329
18 10 1 0 78925 1.0646646726283107
28 2 5 12 81577 1.0910983267834204
24 25 24 4 73487 0.9886240642857154
4 5 26 18 89295 1.0974614559132525
24 29 10 15 81311 0.9482529010280503
5 18 23 27 71461 0.9197441247711141
14 13 5 26 63260 0.9212977857388285
20 15 13 4 61638 0.9943953997107013
8 0 7 23 83200 0.9875812583009247
19 25 15 19 30639 1.0594486551046651
5 17 21 22 59510 1.064956084166988
9 27 16 5 74077 1.073590265424016
17 17 20 4 56770 0.9780971292266785
0 1 6 9 42330 0.9014572435983029
20 4 2 20 80979 1.0120251577112234
25 20 21 10 44024 0.9188084791932629
6 4 11 28 90848 0.955507771752934
8 17 5 24 34731 0.9237400857359763
27 21 7 11 67132 0.9216130924000533
23 24 3 19 60520 0.9863020719341014
2 24 9 2 70909 0.9386710627655589
12 6 22 17 66722 1.065471462136937
1 4 23 9 76265 0.936722349083782
26 8 8 15 72135 1.0162074699401304
4 4 22 9 64286 1.0626551237942368
21 25 3 22 69832 1.0884862211569313
16 22 15 10 36271 0.9785940765540099
23 6 6 4 49803 1.0681329179499635
4 26 28 29 76043 0.9536396061425403
2 5 8 11 28220 0.9666576904473254
0 24 21 12 92384 0.923276199514612
17 3 6 0 41386 1.0060451641858867
11 21 1 16 41190 0.9378152962308638
17 9 18 24 59824 1.0035651603912825
6 8 10 28 81265 0.9094944256464028
21 18 1 26 69623 0.968544261032026
20 26 8 3 97737 1.0338921997660349
27 5 17 15 67022 0.9029239707847182
4 10 16 28 72216 0.9095182070508591
19 13 21 1 67887 0.9393080269326881
26 25 11 9 77250 0.9512226710882055
25 20 16 23 30231 1.0905896113051443
16 2 29 22 89809 0.9449651415513802
4 24 27 28 79740 0.9058577058748318
14 20 10 1 67626 1.0245940850871949
5 4 27 26 105850 0.9144635012402121
16 18 28 4 76024 1.0216518550179352
29 15 4 6 97022 1.0206067051875978
17 19 24 8 56582 0.9890518212698768
1 8 15 6 48817 1.078668624890313
23 4 24 14 41529 1.0791347267286049
19 17 17 26 45828 1.0985268907569843
25 12 4 2 78021 0.9205436178393243
20 4 5 11 56183 0.9247364853949775
26 17 2 19 59233 0.9225968188469641
4 26 13 11 63766 0.9965356992793589
27 17 16 11 45606 1.0683276214313562
21 14 2 22 79537 1.023118616668356
8 0 14 17 71328 1.097779111011334
15 26 0 22 61156 0.9557097498442593
1 2 22 23 103277 1.0147455189767713
5 14 25 10 60749 1.0931366522366193
26 9 6 6 67859 1.0445346115757426
4 7 9 23 59754 0.9000036695239654
11 8 9 23 72611 0.9149921264168633
22 18 7 12 64208 0.9729225338680896
27 22 12 7 74983 1.0288736551572863
5 29 22 4 104624 0.9908325724048055
11 11 22 15 41276 1.05558213709052
3 24 14 19 38155 0.9757013445479862
7 26 26 24 71746 0.9840652754753118
22 12 10 27 76468 0.9247253821264875
28 5 14 12 54340 1.0117733404104388
2 1 5 17 50219 0.9321310054290155
16 16 20 24 42778 0.9349848272779423
4 17 23 14 70938 0.9480970935028251
26 28 8 12 83901 0.9431502637278995
28 5 20 24 80548 0.9467453540076471
7 3 18 6 35343 1.0745842953896814
2 15 20 27 75860 1.0180496054806984
23 8 21 25 63476 1.0382290614633405
17 27 4 27 40782 0.9371336212885336
12 6 5 16 58973 1.0074149493871742
1 19 20 3 81848 1.067410067702126
29 28 17 18 57812 1.0643754186492125
4 6 5 21 41530 0.9517180085267641
20 24 11 14 59265 0.923687269135262
28 6 12 26 97232 0.9168830376682573
9 16 12 27 60976 0.9825892815961801
8 22 27 12 76464 0.9924443981129033
26 7 12 18 72750 0.964805856724154
17 5 7 21 65194 1.0812917919904912
2 28 27 25 86487 0.9310605070841282
26 6 28 21 52528 1.079262030485638
17 3 0 6 46709 0.950036709077505
9 23 19 0 88464 0.9988937922433846
27 15 15 10 46826 0.928638479927995
19 3 27 28 91287 0.9286316390260523
5 14 13 27 66464 1.0248668686839884
7 11 15 1 48083 0.9703781200639163
19 8 19 19 54193 1.099604604848772
10 17 3 20 28621 0.9352316919382245
18 2 15 11 34218 0.9371075720951403
3 18 10 28 45383 1.0811974442250147
10 21 22 24 45853 1.013783251518564
18 10 3 2 60568 0.9440784343491114
29 28 19 0 109104 1.0130069844154201
4 0 28 21 109213 0.9066589400016299
23 14 21 29 56678 0.9720971740624672
27 9 16 9 44900 0.9544889074637909
19 19 7 21 35796 0.9022687568221123
26 16 27 4 41222 1.0823658707190003
14 18 17 8 41947 0.9775149248604087
4 2 24 18 93113 0.9282577976626558
5 28 6 17 38836 1.0571591190625713
1 20 28 20 56242 0.939995788666393
9 21 19 22 37070 0.9483365178990533
23 11 24 25 51636 0.9897706165291028
24 7 23 19 45512 0.9538596717905476
16 21 19 6 56952 0.9872235675699039
14 6 29 15 72947 0.9853943356985626
0 19 22 12 77090 0.9935653391953656
2 29 24 5 108559 1.024863170106995
20 20 9 28 50275 1.0107659706097116
6 8 21 5 53053 0.9667233386710536
5 10 20 11 41623 1.0342724068353442
1 21 26 0 109034 0.9485693484064066
8 20 26 9 66956 0.9011392994098064
7 9 19 3 60016 0.9626938313732909
2 12 1 23 38325 0.9520459191419752
22 15 8 16 66566 1.0646573718515053
22 25 2 16 74506 1.0274972319337379
22 21 28 25 33490 0.9583774194798315
5 17 17 20 36439 0.9562775581508199
6 22 11 12 58874 1.0589156193874767
6 11 0 21 38244 1.0987392858098242
12 15 5 29 69520 1.066533420282875
11 3 25 4 40555 1.0504359141070803
7 10 20 25 80105 1.0521648113233255
6 2 19 0 46205 0.9307270276823121
22 20 0 9 82981 0.9968402989987855
11 6 0 0 51978 0.9517053750234015
15 12 8 5 36908 1.0824623497806622
13 3 27 25 86725 1.0949899122141171
28 13 24 7 37223 0.9983354611246561
5 29 22 0 123022 1.003377266158878
6 21 20 13 65130 0.9444568050641141
29 1 18 19 82132 0.9539928548411452
14 1 27 5 46512 1.0207365144248053
17 9 6 22 68775 1.0031559380545894
16 26 10 4 72404 0.9189519660967805
26 21 25 0 62635 0.9375705946250542
26 24 14 11 53074 0.9530850621106877
12 17 24 12 56536 1.0452525925038523
18 10 21 28 77128 1.0253405727080298
20 16 29 29 59336 0.9749620951834376
10 23 0 24 49140 1.0480480654245827
8 26 5 12 55705 0.9184488746126706
9 0 16 11 51338 0.9615652436071107
16 20 2 15 45712 0.9768567248240599
29 4 9 6 60274 1.0168811446301769
23 6 5 29 106352 0.9517767272150969
4 24 17 23 47449 0.9474230038120828
6 27 8 7 69630 0.9598892383578465
15 4 6 3 23302 0.9423143030137577
22 8 5 18 77568 1.0604939568694847
5 21 18 7 74856 0.9928470968019018
25 20 14 25 35136 0.9006134832227737
4 4 20 3 41391 0.9195677862890762
5 10 21 29 88601 0.942644159708807
28 2 12 15 81253 1.0830889655266833
12 15 7 7 51825 0.9988310806582127
4 0 4 25 69667 0.9210971377556366
23 3 1 2 59717 0.9473576199064868
12 7 5 18 60772 0.9858501721779034
9 22 20 7 82700 1.0774994259772739
2 14 9 3 40429 1.0841635058432149
29 9 5 20 83088 0.9309779894994205
11 21 12 10 51418 1.062653146129853
0 15 12 4 64886 1.0998360213552683
16 5 23 17 58249 0.9641437074826988
27 7 9 10 66409 1.056252072359741
10 11 20 3 45399 1.0488454566517507
8 27 4 8 67043 1.0635805449508111
5 27 0 9 66326 1.0967511929951999
13 7 12 24 64873 0.9769285020932419
21 29 27 18 44275 1.0432697631626446
1 2 26 11 83879 1.0383195081283092
0 2 9 7 37492 1.0234444186102856
20 13 1 21 74615 1.03289615928905
6 23 15 14 46256 1.0607333209647223
8 3 13 10 45046 1.0966613356554913
20 2 19 22 79699 1.0024939214041213
19 25 9 26 43597 1.0342304918213794
16 9 0 0 69290 1.0088117658887457
23 18 7 1 92302 1.0507198792546144
8 12 20 3 56579 0.9564610020093882
11 16 25 26 70868 0.9159764994316483
3 3 8 13 39223 0.9165437089956587
1 19 6 14 27204 1.089297837231122
21 3 24 26 89743 1.0852585989567138
8 19 15 9 43104 0.997386500478453
26 2 22 12 40382 0.934970662910906
20 12 26 8 30147 0.9274428242445348
0 9 13 24 82161 0.9288266523156754
6 28 1 8 66430 1.0288993757785692
7 3 11 28 91296 1.068048261359575
9 9 29 12 63173 1.0268414564976924
7 29 15 22 42034 1.0565400002422782
5 26 1 7 56660 0.9050007283945899
15 15 1 3 61075 1.0965611900744796
21 20 5 24 46239 0.9199563318805217
17 12 0 7 55202 0.9301338882943895
15 19 3 17 34423 0.9405906287168722
5 18 1 5 44939 0.9474132691345248
5 29 17 13 75215 0.9298946798904271
10 27 18 9 79271 1.0916256443602246
22 11 1 10 55158 1.0178598070526492
25 9 13 11 34317 0.9102484996399552
0 9 9 7 39429 1.0364903190769568
13 0 3 11 53066 0.9188453412321009
21 25 21 12 62156 1.0775820036956971
6 21 15 23 33497 1.0201397501877172
18 18 1 15 62350 0.9261625540089687
13 20 27 10 56382 1.078748693159658
24 10 26 0 37671 1.0775565640779943
22 2 23 12 39448 1.027148672993157
23 19 1 12 70948 0.9058124332184131
4 17 23 24 67169 1.0357330779035938
22 11 29 25 59903 1.0407855813115114
5 22 14 2 76023 1.0509128041562323
25 20 4 20 43600 1.0517092262213823
1 0 28 7 94186 1.0879882343042562
17 3 12 19 52926 1.0642462456015935
28 10 24 3 37293 0.987111246989399
4 23 9 0 80087 0.9783375460604062
29 23 7 12 81241 0.9014439892809838
13 20 7 0 82778 0.9031156572305231
10 10 1 25 61849 0.9498835093589463
10 11 6 26 62457 0.9468194761636666
23 27 7 22 63090 0.9214285164954314
18 10 23 21 55643 1.0473095200941605
13 6 1 27 87287 1.095646245063332
28 26 15 8 77027 1.0286369457139715
14 18 3 29 56652 0.9792319104018132
2 21 13 14 45772 0.9966658625038903
18 13 23 23 57587 1.012664752912276
5 14 7 1 52165 1.0714061581058256
23 3 11 14 66081 0.9426395020997327
24 11 7 12 47406 1.003250574602351
13 3 23 25 84361 0.9496871808552146
26 23 6 9 80638 1.0140875507027904
0 19 6 10 39989 0.9929852791105418
28 23 20 20 23357 1.0436545300401288
0 13 16 24 73270 1.0387978260471769
5 11 26 21 66772 0.975896037835275
2 5 0 29 68222 1.0485938801939505
15 25 1 4 86050 1.069949569121582
28 23 19 12 59340 0.9140627970051439
