4109 5920 5036 6237 6757 6044 4660 5077 6211 5844 5438 6448 5084 5152 4678 5460 5134 4406 5344 5988 6234 4895 6104 5833 4426 5143 5234 6060 4828
6051 5619 6146 3371 6055 6704 5726 4024 5465 6497 3918 5543 5982 4953 6971 4642 5876 6504 5951 4505 4493 5267 4392 5330 3323 6830 4779 5851 4489
3464 1963 1511 1694 2116 4642 2217 4292 4629 3338 2002 1263 2555 1979 1309 2639 2684 3321 2291 3961 3531 4699 2144 2194 1510 1506 1751 3291 4882
3497 4876 4877 4644 3839 5026 6052 5561 3975 5228 3911 3816 4477 4287 4246 6063 3725 4294 3934 6595 5895 6578 3955 3742 6632 6887 6774 6600 6669
2838 2758 5655 3238 5863 5620 2853 4462 4495 2798 4521 5687 2811 4715 5053 4346 2905 5598 5683 3282 3082 3039 6388 3388 3713 6395 4652 2917 4231
2340 4606 3323 3616 5173 4834 4536 5160 4372 4737 5334 5050 5747 3224 3962 4449 2253 3361 4405 5773 2277 5616 3998 3991 3068 6023 4044 5750 3383
6079 7851 8671 5537 6204 5650 7903 8199 7438 5704 5901 8140 7936 6547 5191 8621 5618 5335 6633 6977 7459 7187 5549 6908 8095 7623 5449 6071 6282
6450 8185 7516 5898 8420 7093 6693 5425 8135 5487 5534 5892 6471 5126 6474 6165 6332 6799 6159 5779 8819 8091 7004 7685 7286 5919 5478 5471 8204
3602 3412 4745 5112 2671 4821 3204 2888 3737 5225 3604 3643 4453 5180 5618 5381 5386 3660 5109 4738 3989 4483 2278 4329 4453 2487 3155 2819 2060
4265 2236 5248 5198 2605 3261 2190 4965 3903 5100 2414 2178 2028 2032 3296 4484 3977 2727 2115 2677 4831 4879 4388 1898 4990 4488 3559 5496 5293
6649 7348 5712 8226 8662 6818 5697 8069 6692 7717 5422 8189 8174 5950 6438 6312 6887 5468 8820 7698 5753 8519 6073 8282 8754 6806 6300 6134 6836
4591 3678 4588 2324 3632 4814 5034 1824 5167 2236 1926 3940 5251 3223 3884 4670 3219 3420 2207 3289 4463 5093 2269 5201 4835 1859 2774 4941 5233
2249 4887 2984 2069 1806 1177 2346 3685 1657 3639 4412 1279 4406 4056 3207 1976 3438 4553 4264 4251 2409 3651 4485 3847 1440 2067 1375 4183 2524
7390 7017 7566 5135 6174 6291 6738 6431 6872 6364 7423 6772 6006 4840 6202 7243 5144 4534 4105 5118 6287 5575 7414 5063 6903 6368 6627 7137 6129
3754 4264 2663 4163 1967 1732 4610 2726 3569 2716 2126 4706 3273 2329 2862 1759 3310 3953 4536 2950 3750 3852 1872 3425 4166 3037 4279 4018 4189
6798 6874 8255 7565 5075 5392 6924 7739 6464 4727 6177 6690 7834 6535 4908 5552 7565 6078 8300 7566 4829 6487 8135 5652 4876 6688 5638 7978 6076
5936 6939 6140 7239 7494 7916 4507 5350 5663 7413 4883 7662 6105 6507 7826 6702 7590 6495 7249 7577 7507 5556 7876 6983 5773 5682 6993 4881 5946
7865 4776 5207 6265 4246 4758 5984 5063 5419 4591 5464 4882 4264 4269 5114 5888 7678 4287 5830 7533 7153 5803 6395 4199 7100 4918 6053 4247 6254
5316 5257 5542 7672 5799 7226 6608 7752 7570 7568 8228 6222 6628 7800 8433 5268 6667 8119 5358 7743 7930 8704 6437 8174 6139 7570 6041 8733 5755
7177 5218 6107 4805 7108 6831 6321 4852 6812 5510 7202 6819 4655 7292 5900 4436 5496 6584 3942 3968 5165 6685 4202 5850 5887 4105 5570 5947 5378
4489 4836 4546 3452 2796 2171 3267 3866 4290 3886 4089 3712 1214 2747 1691 2180 3512 3249 3336 4267 2291 2242 3548 2758 2017 1762 1648 2222 4417
5477 4980 4961 7070 5898 7518 8617 6163 6820 5104 8500 6790 5060 8560 8059 6896 5168 5473 7592 6636 5237 6554 7600 6698 6436 8122 8345 8008 5762
4097 4018 4007 4132 3219 4791 4428 3218 4566 3448 2415 2371 4721 3236 5057 5252 4988 5301 3119 2314 5435 2330 4789 4623 2449 4829 3521 2984 3662
5507 5212 4430 5809 3289 4872 2254 2328 4398 4926 5395 4003 4711 5255 4397 5016 2422 4412 5006 4657 5410 5195 3590 4850 5557 4818 3317 3581 2489
5747 3601 5812 3845 3449 4992 5583 3500 2999 3702 4111 4982 2687 4765 3526 2745 5838 5277 2543 3311 4101 4669 5480 5510 2859 4445 4039 4812 4532
6755 7164 6608 5562 7406 7033 4836 6909 4339 6371 6962 4472 5030 6378 7251 6460 5831 5202 4804 6176 6244 4724 5661 5921 7619 5760 4703 6830 6836
5520 6301 5051 5080 4101 5073 4341 7105 4199 6181 4822 4435 7190 4837 6157 4272 4323 4565 5970 4629 3579 6752 5832 5779 4836 7293 3942 6010 3884
7337 5775 5786 6648 5265 7324 6372 6387 8179 4992 7549 8153 6391 8117 8342 7199 5021 6405 4761 6231 5918 6883 6945 5141 5754 6244 8163 6810 5875
5975 4851 6125 5641 6192 3560 6361 5370 6174 5000 5562 5864 5821 5745 2645 5997 5808 6104 3336 5455 5013 3875 4423 5851 6359 4703 4104 5786 4098
4393 4464 4971 3305 4722 5178 6049 6047 3347 3042 2908 5729 4139 4700 2985 2974 3783 5641 2548 4046 3933 5690 4292 4076 3471 5586 4685 4716 5158
3694 4529 5516 6124 4423 5554 6909 5228 4317 1384 5155 6599 7247 3687 6655 5434 3250 3857 6865 6616 5512 3809 7113 6319 7060 5579 5481 3177 4827 4885
2269 3907 8677 5600 3715 6109 6633 5682 5556 4233 3218 5942 4946 4703 8099 6211 4378 6642 7422 7329 5823 5913 8526 4659 6349 3037 7699 2880 5426 4995
1919 5362 6587 7278 4704 5813 3442 7760 3904 3320 2359 6994 5924 2633 6794 5516 3199 5317 6840 6189 4448 6638 7530 6760 6132 5646 5056 4267 3380 4592
4606 4686 5260 4681 5058 4033 6959 6184 5935 4541 5195 8070 6013 6154 6717 6819 5039 3341 7422 7346 5889 6843 7740 3345 4021 3562 8178 3144 2981 6014
4690 3116 8882 5415 2611 2942 5152 4874 6019 1846 2159 6386 4364 5916 5682 6118 3149 5396 5903 5273 4460 5890 6728 6862 7547 2142 7853 5906 2406 7150
3291 1672 8225 7231 4074 5433 3563 4648 6168 3521 5324 8492 5851 3810 6556 5389 6513 5118 7037 6536 6188 4026 8109 5182 7047 3155 5759 5028 3997 5074
3295 3752 5899 4456 2241 5646 4795 7957 5172 4923 5361 7729 5227 2816 8267 5929 6320 6347 7272 5858 3789 6366 6037 6127 6370 3410 5846 3731 3047 7011
4991 3624 6645 5792 5298 3929 6783 6911 4169 2122 5814 5659 4565 3498 8305 7474 4156 5265 6948 4339 4437 7061 8285 3789 6482 5646 7194 3798 3577 5229
4472 2527 8522 7565 3989 3102 4842 6510 6416 4312 3978 5161 5523 5128 7599 4613 5831 3777 5369 4024 6387 4773 6556 5279 4885 4704 5742 4491 4033 4890
2148 3808 5677 6992 5358 4768 3862 8048 5695 1914 4380 4939 5440 4893 6343 5265 6170 6251 5172 6201 5830 6565 6404 3710 5556 4001 7114 4880 2114 4272
2634 5018 8648 7375 3720 4935 3759 6271 5929 1258 3565 5577 4156 2787 7876 5215 2855 4876 7469 7143 4146 5077 8848 4211 6493 5435 5208 5910 4765 5614
2299 4352 5636 7044 3928 5497 5772 5252 5698 3728 3808 5131 6008 3994 5388 5804 3295 3588 5705 7481 3489 3408 7276 6655 4215 3897 5207 3644 3161 6620
3049 4735 8204 6452 2583 5719 4714 5387 5877 1995 2996 4987 5986 5293 5158 7618 4925 3721 6238 5035 4779 7012 6891 4014 7058 2974 7164 4265 5447 4656
3380 4624 6335 4712 2953 5492 6700 6415 3895 2286 4337 5372 3748 5823 7798 4438 5591 4311 7896 6946 4371 6256 5538 4321 6477 4990 5852 2829 2196 7099
1816 3769 8173 6293 1773 2643 5806 4597 4335 2508 5347 7106 3869 5254 5627 7016 5308 6577 5064 5148 5287 3414 5234 3867 5437 4311 8495 2995 2257 6071
3902 3309 5894 4742 2080 3154 3418 5892 5867 2225 5730 6452 5811 4644 8399 5601 3481 5586 4632 6762 5856 4509 8047 6048 4825 4999 6562 3501 2764 5427
1504 3070 7859 4028 4523 3711 5140 6300 4500 3435 5351 5628 7465 4355 7956 6623 4202 5719 8207 4635 5956 4616 5310 5287 6607 2628 7278 5117 4352 5925
4066 5287 6735 5743 3683 5354 4963 4937 4226 2160 5122 7917 5956 3306 7546 4883 3021 6830 6772 3999 3290 3517 6340 3217 4025 5224 7286 5533 4778 5451
4384 2961 8886 6164 5341 6022 5590 4837 5024 4380 5155 8359 6171 6188 7098 6756 5141 4296 6842 6575 6626 3903 6600 6016 6814 3299 8242 5726 3329 6330
3873 4689 6990 4288 1935 4055 5801 5565 3657 2279 3269 8551 4366 4903 7993 7993 4038 6324 5254 6307 3759 3943 7550 3936 7612 5570 8595 5238 3524 7499
4593 3243 8553 7165 1884 5422 6129 7759 6544 3552 4430 6534 5901 4374 5131 5317 5542 3873 6084 5104 4607 3826 5816 5771 6448 2906 8100 3006 2826 6226
4936 4309 7862 6176 2041 4495 5991 4917 6416 2544 3218 7349 5874 5035 7385 8079 6013 6865 8155 5230 3818 4988 7801 6079 7573 2228 7022 4010 4633 5987
5100 3969 5992 6927 2342 3522 4735 6901 6146 2188 2179 6620 7039 2571 7799 5208 5083 4818 5811 5015 3926 6620 6906 6681 6598 3038 6606 5111 5429 6138
2695 4688 8161 4579 3272 3750 3795 8219 4355 4737 4156 7093 3990 3478 5482 6949 6041 5106 8077 4740 5118 6832 7492 6527 4139 2825 5061 3158 5211 4679
2841 2915 6939 6952 3609 4470 6938 7731 3920 4103 2305 7207 4571 6117 6587 6674 3636 3616 7808 6563 4895 6533 8511 6769 7185 4683 8645 2897 3157 6943
3137 3390 6201 4625 3003 4300 4668 7297 5705 1836 2943 8032 4397 6116 5989 5242 4573 4710 7945 5555 4743 5226 5976 4112 5027 3580 8611 6216 4189 5300
3442 4654 8701 6455 2138 5465 4947 7837 6492 1637 3719 7911 7070 5503 7654 6333 4788 7000 6131 6557 4243 7092 7469 5673 4311 4938 6218 4632 5021 5859
2767 2229 8107 5690 3547 5679 5737 5897 6254 1305 3554 8310 4776 6032 5082 4452 5784 4902 6385 7471 4796 6543 6167 4815 5148 2038 5211 5145 4501 4766
1910 2983 7550 7363 1925 2696 5087 6624 5210 3892 2196 5940 4019 3119 5721 5318 5959 5665 6199 4180 4202 6225 7029 5930 5455 5484 7807 4572 2979 5488
7 14 26 10 74767 1.0573789174723782
19 9 28 15 54818 0.938411411460229
19 19 13 26 51296 0.9286180425526155
27 14 5 25 134519 1.077318856530573
15 28 24 11 81344 1.0336952858563233
22 24 24 14 47463 1.0843292224659906
29 4 19 0 44957 1.066095076778985
26 21 5 15 117972 1.0266710361378255
1 17 29 17 132371 1.0119344100428693
15 4 11 25 77190 0.9448379754974854
27 22 15 16 78354 1.089256703311319
14 11 1 24 86020 0.943137673724932
0 28 28 0 163135 0.9128346299048004
4 16 24 8 85944 1.0596718358019457
27 17 28 28 59911 1.0628255532887796
16 27 28 1 124138 1.0390666746993642
13 19 0 9 73389 1.0737287738437862
18 1 0 18 105623 1.0834920389143028
18 12 2 18 85070 0.9740303252320913
21 2 6 28 129617 0.9631821650160775
29 18 18 22 65625 1.0001181035816018
17 6 25 29 104655 1.0043521926305938
29 17 9 4 100999 1.0556539119874484
27 4 14 19 83236 0.9470611820505519
9 25 25 24 68369 1.0600663125654854
18 13 12 2 50385 1.0860505451211921
22 2 5 19 103132 0.92954349434613
28 10 14 18 70923 1.015905790030434
27 23 13 26 68468 0.9634762589808619
1 17 19 24 106203 1.0700824665566606
10 29 19 22 61200 1.0786561227743527
3 9 14 20 66966 1.0041705452094858
17 15 8 8 55687 0.923587902626754
13 22 1 0 110158 0.9852071357999704
22 18 1 19 112342 1.0830299505381527
18 8 12 1 42705 1.0830179443363694
9 1 23 4 54256 0.969537962424721
14 4 23 13 53213 0.9172137362582391
12 3 25 21 95950 1.0104771886997408
22 23 28 28 42767 0.9772548759776332
7 2 9 13 48314 1.0310971539994278
16 16 9 27 64510 1.015428609457114
13 4 3 6 47725 1.0854748998317876
15 19 10 9 45985 1.034865872800334
25 0 20 11 55180 0.9303540097913383
8 19 14 6 56461 0.9530521485558601
8 6 13 25 76842 0.9979305143023188
12 15 21 23 64098 0.9667605828373733
3 4 11 12 50648 0.9760680016552767
6 25 15 18 62739 1.098297494800918
22 14 15 24 67632 1.0352268100063449
5 22 20 13 93777 1.0310307191727603
21 23 1 6 118189 0.9304457536208975
12 10 29 8 54048 0.9731703882685939
14 2 20 11 46392 0.9459143521376461
18 5 6 6 55161 1.0232235590435432
4 11 14 2 53976 0.9728169909251447
20 18 14 27 51113 1.0186161907173499
8 3 20 16 72891 0.9087762489644576
18 12 3 12 72686 0.9738673100303471
10 9 13 0 30895 1.0089485208130176
21 9 15 13 38614 1.075701989842854
12 18 3 5 73567 0.9582017988269887
11 11 18 29 86853 1.0138494859933496
15 14 5 18 60173 1.0895672411000576
26 10 14 10 40830 1.0690112995146093
24 2 4 27 137464 0.9567438452854831
26 25 0 6 140317 1.0719308925096802
28 15 9 13 92427 1.0663179961876348
5 28 16 3 111456 0.9680638843026093
23 18 25 8 46312 0.9235106613703868
8 21 17 22 51433 1.036639988875503
16 9 28 20 82239 0.9412879868453061
1 2 18 23 127887 1.0847517867355934
8 0 22 19 95631 1.0982049856907554
0 23 28 3 142351 1.0649038480038695
3 6 2 21 45453 0.929101224929534
25 29 12 3 113378 1.0862982684916918
23 1 23 19 76814 0.9810103195997765
11 6 27 14 84552 1.0370215930911932
11 14 19 6 57278 1.0340496267137544
27 19 8 19 96840 1.0041829617263869
3 29 16 21 71644 0.9536060840140912
18 28 16 8 77141 1.0406281860237159
4 8 27 9 69984 1.071201422172505
3 23 11 8 76553 0.9676006825195336
7 26 27 3 135235 0.9824618691560705
20 12 4 20 91558 1.06723992954076
19 6 29 20 85513 1.0695943796774665
14 8 3 17 60497 1.0121598815460613
13 24 9 18 37879 1.0378183513103563
0 12 22 2 97040 0.9140548799469895
27 20 7 20 94732 0.9833499617338309
7 14 29 12 91113 0.9909176483329205
6 29 3 21 40957 1.0854906071298978
23 21 26 2 90902 0.9150982913515296
23 2 0 19 120012 1.0661842024303605
2 28 2 5 63748 1.0344413267062231
20 12 18 3 40981 1.014759881214401
29 7 27 25 80873 1.0488861189448315
14 5 24 5 34290 0.9453836453097115
27 6 8 29 134476 1.0164583114214976
18 18 3 23 89686 0.9522819518721434
28 14 20 11 49897 1.0858502945862656
28 20 27 8 60073 1.0391832884494674
14 27 25 7 102737 1.0064322854872148
5 5 21 24 111767 0.9764883360606558
24 9 28 15 39518 0.9350567355756244
25 21 14 0 108377 0.9315084483991809
3 25 4 6 65890 1.0382491735653048
28 29 21 2 121517 1.0777299671670595
23 24 28 10 76205 1.015899042903707
27 14 18 8 62795 1.046928698901729
8 23 19 13 79568 1.0487724360899915
2 15 14 25 78536 0.9761837965605985
22 11 4 24 113205 1.0470502601819314
10 0 4 8 50583 0.9778188839829918
26 29 23 15 70820 1.007838862535458
0 4 13 23 109003 0.987951337467878
21 4 20 22 56690 0.960828676908192
14 25 25 17 70817 1.0583257580444028
6 3 18 28 120560 0.9879928951585356
1 28 0 2 88688 1.01527902867074
12 20 1 20 54886 1.0665015143208958
28 5 21 17 70271 1.0741885645953675
17 21 27 25 46126 0.9738577378245171
20 2 5 3 65093 1.07003793953878
26 10 21 18 47709 0.9231786425889844
6 14 22 1 88233 0.9268934095546609
13 2 22 24 99074 1.04637081418232
7 25 15 12 74566 0.9380838535463034
29 24 1 25 112516 1.026825434288625
7 13 12 18 37530 0.9347720844945743
23 8 14 29 90246 0.9229503921873952
16 0 12 17 61420 1.0785692821787036
7 8 17 13 50473 0.9994497592691615
15 16 24 6 60461 0.9021947207576977
9 2 6 26 101072 0.9593409424077078
11 5 12 28 77300 1.0720606735694065
19 9 6 0 61688 1.0124149879563156
6 17 1 27 48960 1.0952905330885638
16 29 23 3 102766 0.9993224908427772
28 6 25 15 57233 0.9692203852051152
28 21 27 11 56979 0.9390904194148051
23 17 1 11 100959 1.0601656661206127
5 15 14 23 66817 1.0353187440931466
5 29 13 27 36525 0.9066488518775621
22 11 1 19 94575 1.0299570573746442
6 16 18 4 72684 1.0208711836003768
22 2 18 16 57152 1.0928128928793568
24 22 16 5 92814 0.9258742546621482
19 12 0 13 85507 1.0370509088998137
1 16 15 25 84586 0.9871215238227091
23 14 0 16 101496 0.9210211452173416
29 20 20 29 63231 1.0954803572469434
9 19 16 27 49006 1.039053254554256
28 21 29 9 51710 0.9402450817550619
16 12 6 9 41766 0.9026989753119287
14 11 3 0 64409 1.0812107642378823
4 12 28 22 136771 0.9051564973506936
1 4 5 15 52510 0.9241595354415432
4 13 14 19 62040 1.075943359875342
15 12 23 25 72678 0.9309930768790541
6 29 22 17 93273 1.0738225671385184
28 1 8 21 121059 0.9614706905652465
13 21 5 16 53165 1.0508358886113454
25 5 12 19 86854 0.9999693746296593
4 20 14 22 55478 1.084740624892522
14 6 0 15 69915 0.9735114581731967
5 24 18 1 118114 1.0225397271267622
0 20 4 5 62316 0.912543371677343
18 10 17 19 50588 0.999048942740126
3 23 17 18 86159 0.9132965122255743
10 2 28 4 66044 1.0369237722587372
18 26 3 9 108173 0.9955027918161619
11 4 0 24 98556 0.9688791416343051
7 11 19 12 61676 1.0373829348276395
7 29 19 19 76224 0.9737365048018365
6 5 7 21 76689 1.0382113062942466
11 8 16 14 40812 0.9488671196090853
11 26 4 16 65709 0.9095269745047627
5 27 0 16 50537 0.9614734587637697
25 15 24 0 69975 0.9356262837002992
27 27 27 8 96769 0.9382516436362163
26 25 3 26 93474 1.0322033723215256
10 12 20 11 45229 1.066379989422574
24 20 4 7 105157 0.9670519498233274
27 14 5 11 102941 0.97943897560405
13 6 22 0 49913 1.0857192274618837
27 13 1 11 105216 0.9812874505863916
23 4 27 18 69843 0.9487542884977079
13 0 11 20 64314 1.0612508045018585
14 9 1 9 39999 1.000228537022403
29 9 19 8 33741 0.9011753856944341
18 24 4 20 80776 0.9470567498375726
2 28 2 14 36831 1.0205219897616271
26 27 7 24 88736 0.985695210703647
23 17 0 10 102196 1.0537424208943444
7 18 26 5 102588 1.0005391380331325
5 25 21 28 66218 1.0369534165042151
26 2 6 25 135955 0.9975412143584924
20 10 10 5 44451 0.9518233710168817
10 17 27 6 93245 0.912571363658087
22 17 27 12 43042 0.9841477943333168
3 19 11 10 58716 0.9699515035313497
12 24 18 12 67542 1.0557425477361755
23 21 3 3 122003 1.0942799584749145
3 7 23 10 70692 1.0969856135466496
2 26 0 1 74426 1.0489164141377252
2 28 28 5 142176 0.9433518571834402
15 2 1 0 57440 0.9146380660713772
22 24 24 14 47463 1.0851272890355737
4 23 22 24 81069 0.9801565198090707
17 10 16 24 70440 1.0134022293068217
23 15 12 26 79021 0.9309394251714744
23 5 29 24 90067 0.9825786215292374
25 21 14 10 81645 1.032467933151973
9 0 0 12 70864 0.9912719477035066
2 21 19 16 93556 0.9647989292431354
5 9 24 20 94354 1.0375109746265176
13 8 4 20 71615 1.0019704739561004
25 26 2 15 122737 0.925092143308296
19 2 5 27 127793 1.0306210082267566
4 25 28 24 98980 1.0392753887107042
25 14 11 0 82879 0.9025014333026725
18 21 3 18 82244 1.0617257948176215
26 26 1 16 129931 1.0682684023856246
6 19 3 4 65627 1.0737510847173681
4 8 13 19 64406 0.9913595972361596
1 15 23 9 78847 0.9113469099181417
18 11 20 19 34688 1.046091008441442
20 3 6 23 105203 0.9134260786880884
2 3 18 24 122706 0.9839448741834466
5 29 12 25 35702 1.0931303076881795
18 4 7 12 54946 1.0826774246688895
12 24 11 11 50953 1.0848951210741484
14 13 16 5 31255 1.0370432577343456
24 27 15 19 61249 1.0604163304460141
15 9 21 16 39540 0.9897876700857096
19 7 28 2 47401 0.9218224045800777
20 20 18 8 46854 1.0971239067455898
12 17 24 12 61296 1.0550757200070542
0 5 5 18 59529 0.9322375978128652
11 15 16 5 46903 1.024909534110052
29 21 20 6 83645 1.0896002619543494
18 12 9 9 40242 1.0784855318493256
5 17 25 5 99384 0.9017510224813697
8 3 27 6 77250 1.0029819212978184
6 8 0 2 52691 0.9450133785425141
0 5 15 11 75087 1.0516038649650072
21 16 9 6 64287 0.9486829808709829
21 1 28 4 34377 1.0656815778819284
11 11 5 6 36280 1.0615685829719268
27 16 15 15 61111 1.0726181117865572
1 0 22 2 78647 0.9410675982814366
7 22 22 8 94230 0.9396993388141183
9 16 23 8 62382 1.034935092973405
6 10 20 24 89951 1.0465996129848087
28 17 18 18 56235 1.0786810557453006
13 20 27 4 90557 0.9159600389391633
2 23 9 10 64568 1.0533043904956998
22 3 27 28 107060 0.9837486290277485
0 0 21 2 78994 0.9944352286553069
20 28 10 16 69869 0.9722766232336957
28 28 3 15 138113 1.0910480418136126
6 26 2 3 83138 1.0801982268701389
26 3 12 25 112086 1.06716832194229
16 19 8 14 58904 0.9560468356441829
9 10 14 2 35033 0.9808464967495929
5 13 28 5 97442 1.094424918218146
7 27 28 15 123531 1.0937573400532836
20 21 7 26 70966 0.933453539048438
3 10 22 15 80229 0.9120982610517032
17 8 21 26 70839 0.9342165047371918
22 23 8 16 82882 0.9479417637045023
13 11 8 1 49354 0.9968250831372942
2 0 27 28 161086 1.023606966151861
5 1 24 21 122041 0.915212559079469
11 24 27 29 76401 0.9311730258914148
19 24 13 5 86866 0.9235701881655779
10 18 21 8 71473 0.9877784886899027
21 7 3 24 113863 1.033579966310556
12 28 13 8 70472 1.0032214989576234
10 2 7 10 44089 1.0119760140959195
5 4 6 14 54723 0.9803036245867603
27 18 10 1 110613 0.9853376951022914
22 24 16 14 65733 1.090586496139616
6 21 7 2 91392 1.0902550616672773
23 9 13 7 37981 0.9428354320007277
15 23 3 24 57613 1.034091334790794
11 22 28 28 83650 0.9753707698377769
12 14 2 7 55642 1.083754196052984
16 5 20 19 62352 1.0693096681790988
9 4 12 12 30668 0.9227557316939486
1 10 20 29 114373 1.0936334036568112
7 20 9 29 39380 1.0878163570482493
18 11 6 16 74808 1.0691162156871366
5 27 27 10 129388 0.9687316230591574
14 17 7 9 40696 0.9456773830521833
13 21 21 18 46136 1.073386918750789
24 6 20 12 32746 1.0185611047635657
24 29 18 16 62087 0.9387942398275385
25 8 1 7 86415 1.0444262038597332
26 21 26 5 81678 0.945180625998212
12 5 6 26 89467 0.9529606903714614
11 14 7 29 67421 0.9909876342690804
28 0 10 12 91689 1.0340126565737666
12 1 14 21 63162 1.0063772219579152
24 19 26 8 50314 0.9579798448467788
14 6 26 23 103114 1.020957715290299
10 17 14 24 39330 0.9779082538756955
13 6 27 14 83494 0.9589677275235847
1 5 9 29 96195 1.0364236757468388
13 9 1 22 74686 0.9167399521639974
23 13 14 7 44904 0.9475539409449676
29 16 9 8 84342 0.9948431848648258
12 26 2 23 47369 0.9748744211095797
25 23 18 12 69960 0.98241623422179
27 10 1 10 83308 0.9504811122924711
6 3 11 17 64689 1.0446879009725811
8 10 1 17 47285 1.0433363974432606
5 28 29 14 134132 0.9097711780272064
11 26 24 18 74332 0.9287716039295721
0 4 11 20 90986 0.9028810249342812
27 24 19 13 67148 0.9463469217900311
3 4 5 29 82718 0.9688725698351176
11 24 19 13 71317 1.0306334727474145
27 22 4 21 123406 0.9900696563402773
23 4 14 5 27569 1.0345096435111427
23 22 22 0 90793 0.9046194538528108
24 27 22 4 85749 0.9091001082080071
21 1 24 26 94648 0.9311536117665847
3 7 4 25 63484 0.9709294968860569
21 12 2 2 91372 1.056293161711109
11 4 15 17 48538 1.0087414979986644
2 14 23 3 89393 0.9539893841026441
16 8 3 1 67843 1.0094368764475048
3 10 26 22 124162 1.092238762326283
20 26 0 21 92795 1.0329738765105905
2 23 24 15 123013 0.9698014760393947
0 7 18 15 93722 1.0736004214849295
20 0 20 10 37599 0.904868944387113
9 27 24 9 103250 0.928492320559962
0 12 7 18 50711 1.0552764361182183
29 4 12 9 59303 0.9186447998863666
20 13 27 28 69712 1.081732571134669
16 5 8 2 40152 0.9312679736067754
9 13 19 16 50893 1.0822158643651483
17 13 2 15 70286 0.9194343037468352
18 2 0 25 122154 1.0140966027168925
6 16 17 27 78604 1.0361257987302857
8 28 20 5 108398 1.0120215808015738
10 10 28 20 100782 1.0431069614636543
0 22 25 27 108928 1.0248074156489637
10 26 7 8 76830 1.094648897993736
17 3 4 8 58967 1.050379266797939
14 4 22 19 71541 1.0842297093930702
3 1 10 19 85535 1.063421167977861
5 8 11 26 83407 0.9011528425863604
10 19 15 27 43284 0.9098708446691254
15 23 14 5 60498 1.026369393748817
16 23 8 2 95039 0.9003672145969573
3 19 25 6 109473 0.9176071088144878
18 18 2 27 96325 0.9493303504296614
21 2 25 9 40614 0.941419362411422
19 18 6 14 80962 1.0650626736153535
4 0 7 19 81938 1.090498762474307
5 23 17 23 58490 0.9622574964688089
25 14 14 14 57789 1.0970182422668064
27 19 2 25 124718 1.0539830581068785
5 28 13 4 97411 1.0393567635611418
14 29 16 7 82854 1.0065799836942821
8 19 16 26 58954 0.9662644645132537
17 3 16 23 83154 1.0035735361715161
22 26 6 10 101931 1.0229422066667964
6 8 7 22 72581 0.9969043020984556
28 0 2 21 137214 1.01022679292197
18 29 22 23 30446 1.072243322496034
24 2 17 14 67153 1.0005691396775227
12 23 29 9 95110 0.9058774431710958
12 5 1 10 46059 1.0808307204472276
9 27 1 0 103463 1.0303226452401064
5 6 11 23 81208 1.0973292424522907
11 8 25 19 84219 1.0004291143481834
20 0 13 18 80919 0.9376205691535605
3 13 27 27 134803 0.9308740794374628
16 27 29 18 84800 1.0493087122512292
11 24 26 9 95659 1.0197693451908605
9 22 23 26 70150 0.9424245966520148
4 15 8 21 41690 0.9845734222415894
10 14 21 10 55402 0.9960212710579056
21 25 4 3 115367 0.9646353975860025
28 9 20 18 48182 1.0507462586942509
23 12 0 4 99838 1.020201194317849
10 1 28 9 73151 0.9198180289162531
5 25 17 21 62133 1.0985399736090162
15 11 24 15 58418 0.995856698431863
10 1 17 12 57367 0.9203363823299021
12 1 8 12 42726 1.0018289744835447
4 27 10 8 84432 1.0990799638805993
6 5 28 1 89144 0.9512570920588486
11 0 4 10 51581 1.0622050049205285
14 4 3 25 93911 1.020935431719517
14 10 1 16 57098 0.9869333805198259
12 11 0 1 68480 0.9430225239742263
14 0 14 13 42269 0.9785199596947309
26 12 3 19 111860 0.9272317154589723
5 27 3 9 61314 1.0961855016519093
7 24 12 16 48441 0.9227747827684111
23 19 9 7 82001 1.072494993578137
9 9 28 24 107502 1.0565189029740478
0 8 20 27 114730 1.0073909470234275
7 22 10 9 57314 0.926585123211827
2 20 25 2 118840 1.0984101225303922
29 23 8 29 89679 1.0106169559928455
20 8 8 23 81851 0.9883126670846227
10 5 17 21 74387 1.002111089906621
24 26 3 9 111614 1.0376677064430213
16 16 7 3 70737 1.0552868444860382
12 18 19 15 41484 1.098052761599002
12 19 6 7 65233 0.9832550190127131
5 20 8 27 36803 0.9938193470510192
9 19 23 15 76874 0.9616535577075725
0 19 21 7 105147 0.902553085192381
0 11 14 15 70004 0.9934257437711203
13 16 27 24 86409 0.9331821061419512
27 8 11 14 70348 0.9757956671152721
5 26 22 16 104775 1.0048919460768915
21 4 23 15 47441 0.9688879636965602
3 25 9 1 94869 0.9535019109437786
3 29 1 15 51207 0.9469656715714119
26 13 5 25 124460 1.0379111945451038
16 20 8 7 67781 1.0773867368050905
3 28 16 19 75662 0.9445402648600452
19 11 6 18 84834 0.9107833567238511
5 9 12 4 32449 1.074272594451606
22 29 15 17 69216 1.0159832229206296
7 3 20 10 63050 1.0725303328064928
11 1 12 10 28602 0.9239973785239984
26 7 27 20 69631 0.9451241858675081
4 24 6 7 73103 0.9103042742907328
13 11 19 26 76681 0.9797850542558848
7 23 18 11 90019 1.0854450745214645
5 2 18 22 112777 1.032669449511208
10 24 24 11 98916 0.9524521926307687
26 11 18 26 81825 0.9154965852946303
7 29 9 12 64233 1.0827661880159083
16 29 9 17 62337 0.9024301821679116
0 22 21 25 97062 1.0064489339961864
21 24 4 11 103381 1.0099424419215364
11 25 1 25 40738 1.0679234663822488
27 3 12 4 49808 0.9770621168082556
29 8 21 25 78786 0.9746416449112302
16 29 16 3 99582 0.9055881598807626
14 6 8 10 31164 1.0525461396984643
3 28 19 18 88885 1.025851203060091
24 25 8 17 83125 1.028615037149623
2 6 3 16 29422 1.069164715346151
21 11 7 13 63023 1.0522675231506269
24 0 20 15 61703 0.9165951733147615
2 28 19 12 107158 0.9123573476778662
15 8 26 26 94235 1.0597518494392195
22 11 10 18 72443 1.0491319745978842
29 7 16 12 66409 0.9203935030379519
24 17 10 8 74920 0.9556364926679446
8 16 19 15 54256 0.9524284343996171
9 29 4 22 43253 1.0023826981411048
8 26 27 27 79946 1.037255620213591
1 20 18 25 86625 0.9143757344914264
17 16 2 24 92890 0.9354515727832542
18 19 9 5 77614 0.9664931410785569
9 5 7 14 39791 0.9249913554191075
15 1 25 0 41601 0.9020524317055462
7 9 13 0 39243 1.0122369601293015
27 3 4 24 140457 0.9905306968925052
1 6 12 28 99200 1.0620786251507965
3 8 27 27 132587 1.013156886581024
14 15 21 0 71598 0.9119557880651578
18 2 25 12 62176 0.9045198844255693
7 3 11 10 36404 1.04903984004576
8 20 9 5 53432 1.0128510966278343
20 20 7 20 63382 1.0388690166963088
24 21 26 4 74723 0.9835525015879332
28 1 18 5 48858 0.906798500676086
3 16 29 28 136136 1.0717034514144688
29 12 28 28 70244 1.0854839093146937
15 15 26 16 56323 0.9110800520444393
14 21 0 15 81119 1.0322849703261414
18 16 6 23 74799 0.9412274163688631
9 17 11 26 39800 1.0633594025995061
16 16 25 4 65459 0.9882529917469847
13 15 20 0 71443 1.0141909709103791
2 15 5 29 47672 1.0653840500641452
7 2 13 24 100111 0.9672585409229221
7 28 20 22 60252 0.9344487653755386
2 10 20 12 66931 1.0629726968959958
23 29 21 4 86022 1.015385045154347
18 15 9 1 79121 1.097642414624844
21 8 3 7 69341 1.0459237982081138
6 16 25 2 105278 0.9812023901937912
25 20 6 21 95075 1.0761524539151186
0 10 24 4 87430 0.9298476383962012
19 10 14 19 51788 1.044458434427206
4 6 27 6 94314 0.9941282901576216
25 24 10 6 106267 1.0133479500815898
19 3 22 28 82960 1.0346901858851414
7 6 13 23 79378 1.0688630511860935
27 16 19 29 72827 0.9723272418556269
28 13 27 23 52124 0.9697520963725641
9 1 24 3 61373 1.0643797152035932
13 29 21 7 97615 1.0115510865309
27 23 10 16 99394 1.005833667500655
12 8 29 28 113018 0.9319433869504672
17 4 13 11 33194 0.9556176684878439
10 1 28 24 130583 1.0841606732510491
17 7 0 17 81416 1.0986643608598259
19 29 9 17 74228 0.951017316276818
21 29 0 8 125540 0.9274080369860028
2 28 16 24 63062 1.092418834224092
3 15 13 19 64086 0.951305721284888
21 10 20 26 49045 0.989573656224991
18 27 6 14 95102 0.9364460548919952
22 19 10 26 67242 0.9518623034710201
28 14 4 12 107792 0.9702467981519732
29 16 8 9 84751 0.9837340739979727
22 14 26 5 44751 0.915195601169461
6 14 18 29 101880 1.0773330426635999
15 14 6 9 43315 1.0002655380139542
7 16 23 17 77074 0.9029500442578823
22 12 11 1 60561 1.0931414483408932
3 10 0 17 26868 0.9651232945109642
20 10 4 15 72330 1.0732175450091532
28 2 27 18 86266 0.9076402485138013
11 0 26 0 51575 1.0342957938384312
28 0 25 23 116221 1.0905021300654816
5 4 29 18 121568 1.0894043480628564
20 0 23 23 91527 1.066574104610162
2 6 23 3 84686 0.9358291157580588
9 15 24 3 72874 0.9364890959067238
26 9 13 24 89325 1.0495416390856702
10 5 23 8 53247 0.9802821974743108
10 7 17 0 42692 0.997609878696809
18 12 12 23 63695 1.0013575705773219
28 3 22 11 46402 0.9024864715837191
28 16 7 2 119679 1.0671694373797185
3 6 23 29 131409 1.0449444149151041
17 10 27 19 75775 0.955756286936376
2 15 9 3 57427 0.9195601763068385
15 11 0 6 69279 0.9088510894071066
9 25 10 14 46605 1.0825815019509102
17 21 5 24 65201 1.0736724898942809
20 9 2 29 104756 0.984384508253688
14 19 12 29 36195 1.0331149623645728
10 23 3 11 72924 0.9784432150459854
7 8 9 18 40245 1.051721062210096
14 29 7 6 99213 1.0925341005646927
16 24 17 3 86926 1.0022828171547062
10 3 29 18 107261 1.0612206750574211
6 15 0 5 63731 1.0270441193494084
26 9 7 6 68052 0.9837460544547814
20 14 29 26 68397 1.0832539012261155
14 22 19 15 47940 0.9841022279016669
21 11 28 2 59876 1.0553461471002272
19 22 4 6 102668 0.9990480927258161
5 4 23 24 120341 1.0931261419151137
1 14 11 6 57749 0.9257972857673857
29 19 21 3 82772 1.0275054799816423
23 6 12 8 40189 0.9304542137698351
7 25 22 25 62812 1.0827999941468929
4 19 29 20 121449 0.9010651064889932
5 13 16 20 70006 0.9575046161550284
26 10 19 23 61245 0.9025533235540943
4 5 18 25 114082 0.901478214769776
2 18 26 13 110329 1.0540359293380082
12 12 28 20 95614 1.014281153808043
20 2 3 14 90256 0.9714481512766469
25 2 1 0 93365 0.9492880244985982
13 3 19 14 63298 1.0357228696760918
29 25 14 4 110050 1.0236424246095475
17 14 28 11 59747 1.091192299328537
26 22 27 7 83915 0.9399330244582558
0 18 13 2 86819 0.9970750530145867
3 23 16 15 88552 1.0124094689133782
18 17 29 21 65709 1.0887701368627845
21 25 28 19 54223 1.031919918896708
4 10 23 12 68811 0.9523809062879716
9 18 24 8 72424 0.9075233955938662
5 10 24 9 60804 1.0581769813567483
12 9 6 26 80602 0.9441061807543029
15 25 25 24 42761 0.9116314617242364
12 19 2 11 66941 1.0052736931393584
19 23 29 5 90773 1.0997486515532855
11 22 19 1 93654 0.9050385484626178
22 7 10 18 74981 1.0228988130053422
5 9 24 0 85294 0.9854718108067213
5 10 29 6 89020 0.9908375718813485
21 12 9 20 72500 1.048702486125855
16 24 19 3 89069 1.0417780340757155
2 20 14 23 67687 0.90844958498278
1 16 25 12 100912 0.922481093090355
20 13 26 24 57934 1.017683709198093
6 15 16 17 58034 1.0561878463594487
8 20 0 11 63754 1.042913154063471
27 22 22 28 46693 1.0467196300625143
15 11 29 21 97605 0.9003658930256638
24 25 9 9 85904 0.965488121746877
26 28 24 2 113178 1.0142080462801315
18 13 10 6 51880 0.9850243948128773
2 8 25 24 125092 0.9262673432685476
14 20 26 7 81771 0.9125153112715055
1 25 21 3 119591 1.0481764813821863
14 17 29 28 93010 0.9761293561824174
23 27 6 23 83504 1.0824105572247216
13 14 5 23 65620 0.9396700612173198
9 25 18 19 59923 1.090709084690464
0 16 12 6 61039 0.9107913125762218
15 4 9 25 78894 0.9881714679671232
1 14 12 16 58574 0.999809460144053
16 7 11 1 37258 0.9858120341733227
23 0 25 12 58421 0.9714431744034673
6 4 14 27 97713 0.920553948720635
18 9 12 4 25280 1.044624345671553
0 26 23 14 130990 0.9724887173614571
6 3 28 15 113875 1.098266850884459
14 25 27 1 118718 0.946648517349595
18 11 8 23 86230 1.0523558643320392
13 28 0 18 80073 1.0206310188631682
26 18 4 4 115717 0.9195601728457723
2 22 7 8 60144 1.0692548987091741
22 0 3 13 98150 1.099999735625903
24 17 16 14 55096 0.9036171081534672
15 19 29 29 91066 1.0925154072630447
6 15 13 11 45526 0.9105412883514451
4 15 29 24 133797 1.0947887841414505
15 20 7 1 84028 0.9649964319266485
26 25 24 4 91928 0.9894448635235149
28 25 27 15 55708 1.0141882663003312
28 26 1 7 144153 0.9045355789275698
14 15 15 2 47615 0.9175042211566423
2 17 7 11 40363 0.9254647189574434
4 21 13 23 52732 1.015385519171887
20 7 12 12 38754 0.9874596554640602
15 20 26 28 66735 0.9383146094652984
5 0 20 9 67258 1.053821726897624
9 18 24 26 81066 0.9113053304808871
11 25 29 20 89784 1.0084614401854304
3 9 2 25 44740 1.0180007480219755
8 18 16 15 47870 1.0273197114055341
19 16 15 26 59666 0.9987256272823994
27 28 10 29 73121 0.9096553051183379
25 0 7 12 93037 0.942591639153022
29 13 12 27 112308 0.965106822102695
12 17 26 12 70264 0.9633365846289096
15 3 13 24 77320 1.0600808535822819
17 26 27 12 87032 1.0854105940902012
26 18 21 9 49681 1.0175785823522991
11 5 0 28 100543 1.0434640025677406
1 4 4 19 58242 1.045905654697038
5 11 23 19 98082 1.055612210547576
15 28 26 20 64342 1.0507536536010347
29 22 17 16 76491 0.9590051513250043
5 26 0 9 64410 1.0008260868666492
23 18 4 17 100373 1.0205687464606306
28 12 8 5 83917 0.9220275240030815
8 15 24 2 83299 1.0506542743201912
11 10 20 26 75733 1.0177489500451198
25 26 11 14 92985 0.9475161470120776
2 13 25 0 106153 1.0425620577597032
24 1 19 8 38554 1.0307868405173832
13 10 13 0 32544 1.0551857099215822
6 8 27 20 110747 0.9404143037096705
13 1 25 0 48088 1.0923372081724039
14 25 3 13 84457 1.0793092248003027
10 20 22 17 65887 1.0046181435508652
1 26 23 12 123652 1.0978527511107752
24 28 2 25 86755 1.0922653735476369
29 10 17 24 84146 0.9767063788612478
3 20 6 2 77223 0.9909578187921899
8 27 10 16 48455 0.951722935903538
7 5 27 8 78294 0.9086561645152276
19 24 1 18 103662 0.9539681009268837
2 3 17 13 82360 0.9029910233292666
24 18 3 8 100659 1.0361288068728232
19 25 5 25 58673 1.035661485579591
8 25 20 15 80120 0.9617711163730961
12 1 27 21 112986 1.0292518817269047
15 18 5 20 55966 0.9218295942359226
20 21 28 12 62232 0.9908108727074699
1 22 17 0 109202 0.9020394460922296
0 5 18 4 72355 1.0159750811601729
9 24 12 3 68664 1.0291437138730184
8 22 24 7 94803 1.0520116524715282
4 8 17 13 59474 0.9986111821899708
9 22 26 16 99365 0.9264017237258131
12 3 14 17 40102 0.9378138691236432
5 16 2 23 34018 0.9627932346536832
15 0 0 20 100420 0.9513699037706277
2 10 1 21 33448 0.9009460546775636
24 5 26 22 80530 0.9475110586494075
16 18 17 29 61208 1.0725324161999894
8 22 10 7 63549 0.9169921773908635
6 3 3 23 84356 0.9272660468183624
15 18 0 9 73481 1.0162963271635865
20 17 1 21 107019 0.9941201682091921
4 16 24 28 116382 0.9324253802229521
25 10 9 12 56044 1.085543624595693
5 7 17 6 60225 1.0775261025733491
12 3 25 2 52258 1.0085502775690627
26 9 14 17 59028 0.9306432512807251
10 28 26 8 112103 0.9896711363934941
20 1 20 27 79373 1.0781586185870655
2 21 25 25 100515 1.0910703872986323
19 27 0 27 73879 0.9425508231545245
8 12 0 26 75301 1.0662779678942007
16 5 7 1 42569 0.9928231630631582
29 20 11 28 90622 1.0719396327070945
4 3 7 18 77291 0.9593643077128889
11 14 0 19 69026 1.0349691922438815
22 2 27 18 80324 0.9789331307457395
29 16 4 26 138148 0.9619499460818062
1 27 4 19 33834 1.0559944828596972
23 8 9 16 62382 0.9340647840227537
6 13 1 23 51730 0.9180654742500395
12 16 2 15 49166 1.0782498999085828
7 3 25 18 109956 0.9915930610375883
2 19 15 23 75515 0.9554809090681285
12 1 12 16 43586 0.9561767315377255
8 21 9 7 51500 1.0802175708425752
9 11 19 13 50743 1.036188121551589
3 9 16 22 84195 0.9909057728150448
10 7 27 1 75479 1.0311515751142246
11 14 22 28 83027 0.9697527114469663
11 4 21 3 37753 0.9302156090184528
27 1 16 11 73790 1.0970709969399055
5 7 21 14 73357 1.0580230002649176
8 19 18 1 84007 0.9963261547268114
7 27 29 4 133818 0.9403062555377444
15 20 23 28 54402 0.9041777408760627
22 15 0 15 103341 1.0558351356283033
20 20 19 1 67796 0.9128977801987108
1 6 6 11 41744 1.0531125767440803
11 12 20 15 50437 1.0384366884804446
4 1 13 16 76380 1.0364584043941885
20 7 9 5 48716 0.9267299755789684
23 9 3 2 83564 0.9057748770835502
13 3 3 17 71036 1.0745333680972697
7 18 6 3 73062 0.9540165964387877
27 19 18 2 98961 0.9805378693526133
14 16 7 20 44098 1.0640337486638445
4 22 17 19 73492 0.9773800597870509
2 29 24 18 108515 0.9691605697458989
11 22 29 23 86387 0.9789959154249275
25 12 6 12 82718 1.0559366394156273
5 13 11 25 66982 1.0333778231088564
11 12 21 11 47607 0.9578409611087877
17 1 25 7 55098 1.014528870837802
22 14 3 1 96721 0.9745991531903182
17 19 8 17 51558 1.0936924011127334
22 11 15 28 73577 1.016525816552101
4 15 19 12 79748 1.035069953352878
7 0 23 22 114896 0.9985723996999174
1 16 17 9 62550 0.9240675137474231
18 2 12 22 87021 0.9918329639348555
27 29 16 7 110602 0.974093412088644
16 4 8 15 48621 0.92394563205332
29 14 21 17 50845 1.0071411561078314
7 7 27 23 126098 0.9329811656364942
20 25 20 1 75963 1.047439935011523
26 11 5 1 92581 1.0933172781836087
6 24 7 7 83651 1.0117265383422571
25 15 6 29 115973 1.0419397389298521
20 17 1 7 89506 0.9108356416138331
15 2 17 20 81222 1.0432046988300883
18 7 3 9 56033 1.0361721333745768
11 26 22 27 47772 0.9181076798154643
4 1 22 8 80410 0.9530669641433062
22 22 14 25 43026 0.974186820841239
22 2 21 18 60818 0.9324798149555417
4 18 24 8 94312 1.0571481829767797
15 25 3 18 78837 1.0281309862078378
11 22 2 13 67125 1.0062142923443782
17 26 15 14 58918 0.9781904964175443
2 23 10 1 89327 0.95389318980462
23 4 21 24 73827 1.0457623572665555
10 13 13 4 33122 1.006640509983676
19 5 25 12 47192 1.0228699680679945
2 11 17 7 58909 0.9112050345396789
10 3 4 17 73775 1.078775852960258
10 29 23 13 94105 1.0199023794309587
15 6 16 19 60191 0.9511184505344683
5 0 28 4 82026 1.0729518965666067
15 29 25 3 112294 1.0378351518024225
0 8 24 9 77602 0.9095521593538579
17 8 13 27 75317 0.9352042385767517
13 1 0 14 78684 0.9509486411548866
10 2 16 20 79952 1.0834373803044195
0 25 26 20 122860 1.0034066538289519
5 7 16 5 54025 1.0298600781857474
0 27 2 5 66514 0.9176249111164902
3 14 29 15 117281 1.0403377353306122
3 7 24 27 124403 0.9922795778902739
8 16 21 15 61355 0.9867141350685978
12 23 1 23 55248 0.9514018402950793
24 24 14 10 80298 1.0895743141320904
20 17 13 22 46435 1.038728668484388
6 3 13 15 66199 1.06846692747289
13 6 24 17 75644 1.047787470584276
15 10 13 22 50291 0.9308625725422648
16 6 24 20 79082 0.9614615435382559
27 17 5 14 112518 0.9514423383311161
16 21 5 8 76624 0.9736317491943529
10 5 17 2 37622 1.0169430408769402
27 11 28 20 51966 1.0669524486048707
14 12 27 16 71090 1.0171628237085977
15 8 25 1 60417 0.9576495868363892
23 17 2 12 97088 0.9222607943806983
17 29 5 25 58015 1.0996870613558334
7 22 14 8 70150 1.0565862630697467
12 15 5 11 44986 0.9143274208950213
9 23 11 14 40435 0.9395780183179521
23 25 7 27 63141 0.924147967611832
3 4 0 25 72636 1.0054822126657446
9 25 15 8 73099 0.9654711368438169
26 6 21 18 65029 1.0546023171423191
28 8 4 12 85974 1.0011649122474333
28 19 0 9 126793 1.054824581569822
11 19 8 11 37050 1.0472959673213948
28 15 16 0 97032 0.9050970127267098
1 4 8 23 88914 1.0775474569869081
7 27 24 11 111934 0.9019968054768559
10 22 3 11 71230 0.9719089784214713
12 20 19 1 85174 1.0050629223431644
17 7 24 12 44273 0.9908150209923842
4 1 25 24 137528 1.0267254356511417
21 19 15 8 55663 0.9861969880245343
28 14 25 28 80094 0.9922081591665352
11 5 6 0 36353 0.9184325913356963
5 5 26 16 104942 1.0851252571659176
8 8 29 24 118147 1.0080322343856007
1 2 8 27 99953 0.937579914044975
22 1 1 27 129819 1.0313048096404758
8 11 27 2 85840 0.9074475994432192
10 9 22 16 57328 0.9206542677861436
12 22 29 29 88434 0.9047242434834185
0 9 7 6 37750 0.9320261979433928
25 5 4 19 112423 1.0470801275536747
11 29 27 7 124575 0.9287019930353348
24 25 23 13 54102 1.0040912511016178
9 18 29 18 104292 1.0898806128022531
25 4 27 25 100475 0.9435117373805084
2 1 16 26 125337 0.9353361133124698
21 12 10 5 58153 1.0521342998856036
17 1 5 26 120754 1.0592573565255965
1 18 19 5 96952 1.0767313761394224
15 16 27 6 77014 0.926776193006717
17 27 9 1 108584 0.90283733168831
16 24 4 13 87940 1.0344136580328736
11 12 5 0 54795 0.9576750709235811
20 2 18 23 76304 0.9747412253619957
1 11 16 22 97142 0.9581727874230943
9 20 15 16 38884 0.9038691487976114
21 16 26 25 52009 0.9165633626184061
27 0 24 19 89124 1.0550364546431996
27 20 3 20 115058 0.9187485473019329
6 25 16 7 94158 1.0599613310288054
19 23 29 28 52065 0.9269343002953787
13 15 23 10 51160 0.9558398650102485
14 5 28 3 48779 1.0834862953121045
16 29 1 3 125021 1.0977329773953033
13 4 5 23 84645 1.0321492319805368
14 10 23 16 55860 0.9553855232980971
17 12 28 14 62678 1.049175557401402
27 18 1 16 129800 0.9999195470950415
19 15 3 8 78740 1.0232606268231539
10 18 0 13 56363 0.9869368181196757
24 27 16 23 41926 0.9776642985492434
21 10 0 26 115401 1.070607314631905
24 2 28 24 108812 1.0493122728893058
14 2 29 27 124771 1.07123516983035
2 22 29 19 137364 1.0269415601673018
7 19 21 27 78288 0.9949187719667869
20 9 1 14 70720 0.9361301594498238
11 14 22 10 51116 1.0796812738852382
17 5 4 20 90507 1.0154938122415755
24 0 16 13 76017 1.050828133386183
3 7 28 29 150181 1.0859520819510706
13 10 23 13 45662 0.965506951990924
3 27 13 8 87116 0.9493938893653933
0 15 21 9 79549 1.0420232629115103
16 15 7 17 49475 1.0378594991839811
12 0 20 19 73744 1.0708025257445362
17 9 10 13 32317 0.9633975707985533
19 13 23 20 38192 1.0975440682261566
25 12 9 5 72030 0.9548555139371361
0 12 15 11 65663 1.000220153311602
7 2 26 25 130761 0.9649697196362025
16 2 7 22 95739 0.9357852845528685
3 11 14 2 58561 1.0763765359395157
24 25 12 14 77306 1.0487316831326932
6 18 26 29 117715 1.0827965691571064
8 11 27 3 80054 0.9332646214344916
2 24 23 21 101743 0.9916431311055525
15 0 9 25 92019 1.085775022737469
0 22 0 6 67055 1.0590797423882943
1 16 21 1 101720 0.9211079814063599
18 2 8 11 61055 1.0697736573708254
17 0 28 29 137248 0.9503731216516629
27 10 25 20 53647 1.0432488400462512
3 12 11 0 64503 0.9150205658102938
15 9 9 27 75750 1.087562815683654
23 19 10 8 77911 1.0066325091833979
12 4 9 14 31323 0.9119080574820101
28 13 11 25 109644 1.0353736967822134
29 26 13 25 68327 1.0553836259465237
12 29 21 15 71520 1.0273331542563775
1 24 5 2 83467 0.9124191081246302
9 5 29 27 128841 1.0022648175207105
26 17 0 3 132457 0.9052239754801669
11 18 20 24 54335 0.9410258856149002
13 4 12 24 67127 1.0035077780560702
26 3 7 6 74103 1.0121517484018288
23 27 9 10 95544 0.953824712757581
21 23 13 14 65806 0.9568071225208583
29 25 3 28 96080 0.9688513426923536
3 7 5 20 54995 1.0219459958165653
27 9 8 25 106940 0.9414881781180782
29 2 29 27 107847 1.071325194344139
21 5 9 20 80212 1.0988587262869685
19 8 29 17 64001 0.9123810616447869
2 5 1 22 57833 0.9737981236522752
15 29 22 24 38038 0.9278234770863975
13 14 0 15 65776 1.0054355302292997
7 17 25 18 93274 0.9936335275828017
17 18 25 27 58579 0.957659607155847
11 23 20 18 54510 1.0491686960723263
10 28 18 16 69408 1.0845140937908893
20 18 13 6 59950 0.9110725011229448
1 23 16 4 93073 1.0200870536176943
28 23 8 25 90395 0.9980816462573486
10 11 29 0 89903 1.0635617466537701
11 25 17 4 83793 0.9373076116214059
12 3 23 14 60885 0.9793719322954881
24 0 22 25 96237 1.0918168834806043
16 20 18 3 79998 0.9814900689039109
20 12 10 21 66409 1.0344089247597277
25 20 12 6 85159 0.9582699169280816
23 10 1 15 82286 0.9442315276870333
19 3 1 20 102215 0.9562121968445487
2 1 23 1 78069 0.9690017951600727
17 9 19 25 61128 1.0956296585005896
6 18 7 27 50540 1.0045978480213298
22 12 0 24 119555 0.9593918545681079
3 27 6 20 41471 0.9224756090437646
20 20 15 11 55651 0.9940106701939107
9 3 17 27 103670 0.9973331264224907
13 15 8 21 43014 0.9854176084452113
19 1 25 9 47990 0.9219217828562465
0 21 10 18 58513 0.9114445424562249
15 22 4 2 101746 0.9267860884013964
15 20 11 3 61011 0.9878981984072173
0 20 20 3 108309 0.9621947674277761
22 5 14 14 55236 1.0444720783630412
29 19 23 28 60772 0.9292228127990789
11 17 28 19 93030 0.9704863190683899
17 2 8 29 111651 0.9060982748925924
19 1 20 25 80652 0.9922091440246426
19 22 3 25 78211 1.0644611187223751
18 24 27 6 96176 1.0479595696650896
15 16 7 0 68764 0.9410761744215875
6 29 19 13 99999 1.0374309425215393
7 16 16 10 54525 1.0995362124668098
2 13 28 19 129487 0.9582184835701146
16 23 19 14 52765 1.0668323275596598
26 24 19 3 93965 1.0848893322864026
0 29 0 9 67239 0.9716405489655877
7 14 22 4 71839 1.02027549660249
16 27 23 19 53634 0.931322706431071
16 14 21 1 70627 1.0806846689799954
22 14 12 23 71003 1.0463495845541446
3 6 23 11 80779 1.0613325369828264
23 3 27 16 65421 0.9054168610802412
5 24 19 20 77786 1.0951330078917483
17 24 6 1 111368 0.9030764563796335
12 24 2 29 47408 0.9318295551125693
19 5 22 16 48723 0.9546855330943382
9 2 16 14 67580 0.9394494036431228
8 21 15 1 80598 0.926397735998593
0 10 23 12 84738 1.0756817789008162
13 15 16 4 40907 1.0992609709363954
28 1 0 7 119917 1.084162719186808
28 14 27 25 55939 1.0522297213567104
17 1 13 25 92417 0.9731653689646365
8 13 29 23 126223 0.9426723466908277
25 2 2 2 94375 1.0730740399211942
0 18 3 6 46833 0.9607061560488575
19 29 9 4 106218 1.0071619759686714
12 13 17 25 61151 0.9937097576662335
27 5 10 21 107041 1.061176081796673
19 12 4 26 108366 1.0812174905505232
6 29 9 0 113413 0.9250033975048757
