4540 2425 5012 3515 2090 3541 2609 3509 1787 2334 2208 3091 2994 1799 4255 3917 4697 2727 7230 5605 4330 5272 4338 6749 5254 7413 4242 5082 4826
5202 6082 3917 7700 6169 5590 7284 6275 7354 7445 8727 6697 5709 7802 8160 7705 8374 7912 6670 6931 7766 5587 8206 6738 8426 8061 6409 6518 8937
5087 3065 4195 4416 4368 6693 5777 7087 8208 5616 5385 6067 6677 8093 7533 7027 6196 5606 6543 7120 8163 6980 6597 7924 5653 6484 5590 7451 8258
7066 4205 4176 6712 4049 3862 4766 5232 5043 5584 5061 4671 5830 5300 6041 6177 6853 6643 6341 6043 6148 6151 7436 7326 7262 6929 6877 7254 5583
6022 5821 5000 4035 5945 4887 5272 4177 6954 4267 6545 5382 4770 6511 5673 3915 5054 6077 4596 5412 4238 5963 4470 3819 4705 6910 5351 3563 6283
4576 6012 6141 6286 6673 5507 2031 4296 4321 1826 2703 2032 4049 1957 2025 4300 2887 3389 2994 2768 4336 2748 2353 3084 4059 4415 2662 3812 2829
2708 2367 2456 4360 5682 5081 5153 5537 4111 5015 5012 2759 5886 5474 5112 3343 2951 4088 2673 4206 3290 3521 4120 4786 5094 4506 5295 5691 2792
8194 6481 6639 7040 7319 5163 5153 8445 8118 7211 4881 3744 5119 2724 2115 2924 2235 4869 5046 3174 2145 5436 4045 5103 5256 2760 4650 3320 3714
2142 2758 5472 5297 2679 4664 2971 4647 5037 3183 5033 3314 3097 3228 3704 5550 5807 4072 4857 3290 4225 4164 3978 4002 3366 5285 4974 3775 4690
2921 3532 2667 3314 5564 3949 5543 4290 4012 4496 4618 4142 5801 2914 3477 2732 4806 2825 2584 2948 4982 5357 2655 3669 1906 3253 2273 3690 4514
5987 6552 6937 6944 5972 5590 5138 5455 4996 6516 7291 6218 5762 5106 5541 7538 8034 6893 4984 6558 7169 7993 6938 8291 7680 6545 6451 6331 8319
5463 4945 6002 5147 4813 6632 3614 3686 4803 3143 5256 5981 3318 3858 4275 4903 5520 5760 3489 4094 4869 4235 4982 5337 5324 2977 2947 4768 4002
5813 5491 7923 6731 7138 5042 7818 7591 6887 7124 5578 6864 8289 5317 7662 6144 6445 5800 6624 6953 4695 7801 7936 5503 6737 7417 7231 7534 5856
5928 6906 5429 5021 5232 7229 6372 7815 6334 5855 7944 7889 7146 5175 5643 6115 7845 7880 8238 5908 5023 7349 7002 8301 5724 8157 5623 6431 5299
8141 7635 5878 6632 7424 8832 7545 6011 7014 7420 4999 5053 7794 7203 7468 5302 5261 7261 8132 7227 5246 4857 7979 5366 8173 5276 4964 8214 5575
2846 5811 5879 4260 2565 5371 2718 4845 3773 3913 5588 1671 3460 2012 4652 2456 1462 2721 2397 4316 1984 2838 3685 2736 2388 1659 3251 2749 3154
3881 3527 2818 2822 3120 2501 4911 2601 5282 5241 4264 3968 4356 2136 4635 4635 4680 4682 2777 3614 3370 3039 4700 2504 2978 2036 4930 2342 3565
2480 4741 4411 1981 4254 2352 4316 3498 2823 4197 3236 4650 5787 6648 6756 5933 6133 6176 7866 5269 7962 5578 5421 6730 5309 6212 6467 6251 6011
8814 7522 6630 5847 5678 6762 6060 6263 6967 6267 6538 4699 6322 4752 5898 5788 5614 7668 5917 7187 6907 4734 5806 4282 5031 6838 4550 5927 7302
5216 5291 4623 6012 3777 3879 6325 5518 3377 5675 3638 5210 5341 5853 4988 4803 4799 2441 3985 3579 2809 2485 1619 4029 1745 1936 2350 1596 4425
5486 6160 3555 5817 6254 6080 5397 4978 3718 5566 3039 3536 2937 2920 3850 3736 5614 4714 3898 3594 3093 4569 4771 4383 4439 5391 5523 5022 5118
5586 2708 4137 4779 3344 3463 2775 3781 2550 2401 4435 3466 2854 4794 3784 2855 3998 3625 3016 3635 5059 5219 4911 4240 4560 2601 3654 5862 7212
6155 5580 5829 4109 5481 4286 5179 6743 5271 5223 6638 6564 6217 4181 5973 6573 5439 4626 4106 5332 7424 7114 4105 6935 6174 7112 5594 2599 4844
6329 7172 7094 5870 5493 6070 7425 5149 5420 6947 5595 6023 5911 6402 6633 4787 5583 6198 5913 4738 5951 4736 5553 4887 5238 6944 6713 5192 6085
4806 7202 3049 3661 5075 5380 4560 5078 3893 4144 3989 5463 2731 3424 5555 2275 4063 3285 5308 3557 2697 2312 3832 5073 2510 2995 4298 2641 2830
4465 6038 2902 4164 4584 4405 2860 3947 4532 5008 5904 3312 4882 3656 4287 4118 6552 6398 6363 5773 3531 6204 5097 3762 4187 5130 4264 3349 3590
5746 5603 6386 5660 6230 5389 6702 5511 2303 3998 3600 4902 2636 2673 3810 4895 2355 5489 4020 2348 5250 4994 2295 4167 5159 3319 4550 5425 5116
6961 6009 7227 6362 7318 5036 4916 4418 5865 6419 4487 4363 7495 6455 7695 7098 7869 5058 6687 7638 6427 5309 7159 6095 5121 4806 6927 5830 5884
2817 3462 2260 1843 3423 3924 3516 4168 1660 2148 1750 2027 2871 2781 1739 3292 4528 3099 4202 1967 4116 1963 2838 3417 1484 4059 2566 4654 2192
7194 7062 7415 5192 6874 5689 6438 6629 5922 6554 5287 6986 7341 5141 5632 5757 7179 6046 7601 6322 7557 7508 7701 6048 5691 4753 5140 6388 7273
3807 5590 7088 3468 5054 2896 3320 7194 5550 7604 7481 5285 4741 5646 4095 6174 3921 4519 6346 5839 5076 8147 7159 6222 2554 6692 3896 6676 4955 4264
3689 5863 6872 4811 5493 2446 6466 7956 8005 7250 5154 5226 5232 5026 2224 8064 4752 6165 4495 3148 4527 5772 8752 5957 3037 6242 3512 4592 4074 4614
4466 3668 4976 4525 4113 3657 4062 6945 6251 4509 7004 4225 2822 7885 5475 5675 4066 3594 3930 4341 4074 5249 6029 7406 3381 8197 5245 5955 6213 4270
1916 5880 6786 5001 5280 2706 4396 7836 8212 6705 5913 4490 3101 6972 3233 8505 1807 4959 6907 5595 3220 8034 7862 7342 4619 5913 3907 6428 7419 4763
3600 5216 6231 4190 5490 4431 3723 7671 7813 6749 7682 5091 3638 5533 5329 8511 2227 6583 6330 3302 4777 7211 6028 6173 4235 5614 4414 6932 5173 3549
3547 4920 5632 2162 3091 1212 4733 7609 7621 7037 5731 5075 2559 4970 4200 6650 4401 4860 3769 3570 1890 5246 5839 4860 3386 6545 4914 6041 4995 5460
4264 5991 6036 3374 3066 1900 4611 5915 6200 7369 6568 5647 3717 4603 3336 7927 2717 5226 6303 4455 3194 7555 7883 5438 2675 8044 2538 7365 5933 3961
2639 5740 6334 1633 2517 3570 3435 6781 7167 7022 5881 4345 2594 7068 4331 6282 3407 4315 4890 4836 3172 7606 6344 7749 5157 6720 6371 5975 7501 5780
1560 5528 6567 2243 2640 2629 5059 7688 6582 6217 6931 3697 4840 7267 4292 7779 1697 4619 4876 4248 4604 6426 6318 5774 5168 6964 7367 4448 6243 5261
3306 4622 6448 4013 3737 2142 4696 7946 5864 7270 5563 5284 4427 5335 5758 8386 1569 5482 6895 4897 4117 8431 7104 5820 4361 6741 5395 5106 5724 6381
1334 3956 6069 2993 5147 6428 5178 6504 5152 5368 5700 5255 3154 7347 6453 5854 4666 4759 6389 5801 2873 5148 8278 4441 5409 5923 7060 4426 5284 7278
2344 7472 6772 3385 2597 5295 4837 5204 5485 6641 5327 4054 3893 7296 3388 6746 2382 6838 3924 4832 4685 3943 5628 6956 2994 6488 5596 4806 6586 8148
2675 6897 6741 3350 3310 5884 4799 5723 5208 4288 5053 4975 2095 6101 4614 5503 2948 6860 4173 4863 2026 6092 6320 6637 3386 8051 7588 5756 4598 6624
1312 7922 8005 4516 4969 5701 5487 4875 7366 4006 6651 4294 3349 6985 4210 6526 1602 6318 5112 7373 3102 4350 6168 7669 5033 6925 7571 7227 5650 5520
2925 6184 7633 4136 2821 6384 2449 6075 4984 5691 8345 2957 3011 5266 5362 5769 3520 4276 3929 6979 2481 6320 6285 7359 2435 8772 6085 6620 6121 7675
3982 6694 6035 1891 4367 4751 5098 3933 7763 5764 5309 2502 4079 7848 6387 7110 3360 6699 5686 6175 4397 4478 8419 6441 3337 7468 7223 5531 7291 5453
2852 6168 7103 3141 2987 6848 3345 5719 7745 4752 6850 3237 2772 5774 4277 6947 2893 5891 4931 7503 4810 5950 4894 7123 4898 7779 5911 5005 5064 6987
1550 5171 7457 2992 2568 5250 2318 4172 6725 6030 7285 2611 2959 4667 6431 5908 4447 7062 4576 6872 4591 4984 4665 7492 3505 7446 7190 5407 6829 6456
2208 5641 7995 1670 3047 7132 5146 4168 5592 5476 6193 3775 3580 5926 4847 5709 2179 3718 6975 6825 2094 6341 5536 6364 5146 4906 6424 4358 5802 5415
1716 5936 6108 3777 3336 6691 4718 3526 6946 5732 7712 3158 2246 7004 3851 6828 2213 6112 6447 8271 3154 4081 5295 5411 2548 6420 7793 4701 5741 5890
1752 7283 6742 3912 5432 5062 2571 5224 5083 5553 6615 2570 2683 7976 5034 8544 1571 5160 5380 5641 3809 6235 3814 5692 4461 7690 7673 6243 5967 7167
1748 7702 7156 1836 3228 7512 2435 4599 6482 2885 6922 4681 4049 6689 4741 8496 2259 5045 5201 6277 3113 5326 4257 5581 6207 5443 5863 6624 6168 6779
3517 7775 7055 1970 2635 4774 4949 4282 7331 2822 8060 2273 3497 6262 4543 7142 3053 6668 6308 6422 2359 7188 5196 2955 5319 7184 7562 4576 6213 5459
6297 5073 7093 2729 3462 6096 2179 6223 6886 3762 8016 5232 4799 7248 5045 6847 4024 6612 5712 5719 4440 7150 5795 4790 4040 7067 5065 6635 4002 8003
5370 7868 6023 3945 2521 5882 2196 3462 5762 4035 6051 4975 2711 5007 4997 5916 3838 4263 6366 7902 3296 5941 3946 3557 4953 6048 7784 5833 5963 5746
6908 6838 7893 2687 3418 6807 3230 4134 5506 5118 7752 7597 2491 5706 3179 6122 3856 6182 5473 7727 1919 7126 4659 4187 6924 6657 4817 5894 5042 6623
5816 5488 3698 5176 4980 6728 3689 4457 5816 4645 8218 5329 3975 7056 4581 7677 1605 4798 5785 7929 4907 7081 4234 2197 4017 6765 4972 5731 5258 6961
6788 5927 5178 3780 2384 6237 3543 6607 4990 4185 5475 6646 2774 6948 5911 8462 4430 3661 6163 5643 2837 5911 3504 2741 6802 5370 6881 6993 5104 7602
8117 6720 4789 2764 1568 4762 5418 6062 4744 3267 8319 6573 3920 7075 6129 5643 7962 5106 6340 6491 2584 6820 4394 2400 4819 6868 5753 7013 5554 6504
23 25 28 12 59337 1.0016307553316648
29 21 6 26 109934 1.0900811334601093
9 19 18 14 49288 1.0191788264118748
25 26 0 11 128064 0.9397879600952911
13 18 3 26 64846 0.9168101602328579
9 14 14 1 76331 1.0425754161419514
14 24 8 2 100384 0.9503719668866898
0 10 23 0 87572 1.0882992048282956
22 14 18 20 32062 0.9607953641261942
6 3 17 13 71769 1.0436922892376042
11 2 4 17 70651 1.0217739520096667
9 8 14 25 81626 0.9589301403878898
2 14 21 2 101987 0.907272382482661
3 25 12 26 54382 1.095630857496351
11 27 6 5 94168 0.9216021398025849
16 23 19 2 81029 1.0435929640771517
2 2 10 27 110975 0.987463514094901
25 25 26 4 80450 1.0527713800528309
14 12 17 19 35740 0.9354408012748916
3 14 18 20 67622 0.9180499773539177
21 28 20 6 85131 0.9834276039958406
25 23 11 22 65647 1.0144153829222455
13 0 29 24 118475 1.0369839970231598
27 9 22 25 75702 0.9337049911107911
10 22 18 11 62257 0.9830835581361453
1 29 29 8 150550 1.019439444351944
15 23 28 12 69814 1.0360519957699594
10 19 21 25 60128 1.0890008994069191
12 3 23 3 33191 1.0604536210669009
29 25 19 26 52707 0.9991346423752486
22 28 0 7 134809 0.9322583232973649
14 7 11 27 85680 0.9716737148625405
23 29 8 28 91965 1.0924429918387957
4 25 13 29 63337 1.0265818511147393
3 9 23 28 129833 0.9249945693764585
29 9 22 28 81910 0.943388908885173
18 6 28 27 94847 1.072772599509758
22 10 12 7 57854 0.9935734754954136
3 26 12 14 71746 1.0989999208102676
13 22 18 27 42115 1.06426663147113
28 16 2 18 88539 1.0345203563619092
27 5 13 1 65089 0.9161502917499591
12 14 26 19 66851 0.9153194193018664
3 15 9 9 45604 1.0408212584172207
16 16 4 6 64664 1.0625416332644702
3 16 26 14 74364 0.9616498792570555
25 24 0 9 123289 1.0415443149120904
8 22 24 3 108362 1.0130952495847347
17 6 8 1 43534 1.031464668748062
25 8 9 21 91808 0.9386385709630808
22 12 15 2 56909 1.082659327129622
12 12 11 21 43979 0.9128297293099428
12 7 27 18 94947 1.0089532208782663
29 16 20 3 68672 1.0239771234228825
7 24 19 7 95928 0.9736522729556446
25 14 0 25 114159 1.0544948746299583
17 4 28 23 91446 0.9369152593046806
29 9 4 7 108295 1.0767811705456978
29 20 14 6 90198 1.0180089746829601
27 20 1 8 124588 0.9298058568714616
15 27 7 12 64110 1.0550908358733109
23 10 5 29 115267 0.965228495838999
14 25 19 8 71813 1.0031086515323024
12 1 18 11 59342 0.9693940882314575
21 13 13 20 44575 0.9350083620236201
14 10 9 16 38894 0.9314822258496619
8 3 23 7 63865 0.903478820671313
2 26 3 10 75401 1.091967480609825
11 0 15 29 106299 1.0274041569129317
0 25 2 2 96325 0.9009315356746149
9 0 25 8 68900 0.9477240406061047
22 28 16 24 39052 1.0589341945732964
11 28 19 1 113226 1.0860294447380574
29 25 8 9 118508 1.0381396116339998
26 28 12 4 131975 1.009433703321767
2 3 16 4 50234 0.9560696611014241
21 1 10 11 73127 0.9046726723877319
7 13 10 27 55231 0.9223639507834781
7 18 23 26 89011 1.0994371234813667
6 21 2 4 66099 0.9227370592114238
11 15 16 22 35752 0.9131060390080061
16 7 1 5 59684 0.9880846258807892
16 27 6 22 58353 1.0644678306925477
22 12 12 20 53453 1.0215113189393725
21 29 26 15 72518 0.9558976082461043
25 9 5 25 109340 1.0976504502171383
23 7 7 7 75945 1.086533974426398
23 19 11 0 103880 1.0559794161765081
8 14 23 26 92513 1.076213948658165
4 24 23 3 119876 0.9737930246880816
4 4 19 21 101733 1.025168109433333
22 8 15 16 47096 1.0828997073080848
2 22 12 2 107039 0.9319973564795677
28 2 6 14 107296 1.0023560335615362
10 2 19 12 67896 0.993499502354225
10 18 17 2 78682 0.9515049811132993
12 1 16 9 48170 0.9795657841348171
13 15 9 0 77450 1.0332138042821728
16 17 5 15 41249 0.973916309861026
16 17 12 7 57083 0.9194113353825412
14 24 18 14 46960 1.0225195096653965
29 29 14 18 89132 1.0850333629356663
0 21 26 19 98478 0.9806713031931116
25 16 11 12 54765 1.0296483200219915
14 8 1 16 74270 1.01115260277582
1 1 8 8 51665 0.9540548414468669
7 6 4 16 41111 1.0717388495733366
10 12 21 16 44745 1.0890976401559298
24 12 17 23 62678 0.938031735399541
19 13 5 29 99137 0.9303409826382909
17 7 26 26 94588 0.9836294349482773
25 13 3 22 102510 0.9230358279127999
0 15 14 3 77835 0.9921858953131486
19 0 26 23 100348 1.0353374425962996
12 19 18 0 83850 1.0443000840978756
17 8 4 8 70000 0.9584502056715379
23 3 14 12 53235 0.9338667102035253
28 8 7 25 117096 0.9468359396372624
16 10 29 8 59097 1.0012917757480915
28 14 15 19 51339 1.0910364024775734
28 22 24 14 41434 1.0367257856391658
21 15 29 17 35554 1.0907391854578352
28 19 13 5 97437 1.0014294498160223
3 7 5 29 84761 1.0401072133186202
3 2 28 27 153592 1.0101374197313961
18 10 8 27 86776 1.040140319890589
15 0 3 8 59328 1.0445041542659188
8 18 23 4 88979 1.0446327240184277
15 8 11 25 68836 0.9440130977532818
19 14 19 0 59241 0.9650794180532336
14 17 9 22 41930 0.9074240144304979
1 26 25 8 135365 0.9520587090138609
11 1 28 17 102536 0.9429595390535346
24 8 28 16 38484 0.9445748808146008
6 16 12 27 59417 1.0960237709445635
15 24 28 17 66237 0.9306428806673721
21 4 22 23 73416 1.0436485203456793
5 4 27 24 134703 0.9452021876182918
18 23 24 17 42302 1.09465474945391
11 25 25 12 84006 1.0243878175419006
12 9 18 28 86940 1.0480688038279977
3 18 25 24 98644 1.0287067001822048
6 21 13 25 47301 0.9594519791570193
8 16 21 1 84227 0.9764529013982339
24 17 16 25 56494 0.9738601422933076
2 9 21 25 114195 1.0583922357873206
28 22 13 3 102708 0.9087435195276722
23 26 12 14 86619 1.00107250419043
9 9 21 25 94166 0.9598917059345846
8 3 27 29 147504 0.9884746717345969
26 6 25 19 58810 0.982391381957731
14 7 20 11 39025 0.960699505520331
6 21 26 27 99415 0.9123060456082285
24 17 3 28 110439 0.9636007311946422
22 23 16 10 67717 0.9161033487495004
13 26 11 7 87261 0.9658826301258123
22 12 1 19 89124 1.0859708592169137
15 25 18 2 80796 0.9434888905894931
20 29 17 20 35569 1.038045195336756
20 21 4 18 64949 1.0586356593475936
9 22 3 27 46382 1.0011474327612129
25 21 3 24 93113 1.030760502361983
24 9 20 27 74320 0.9644154538352157
5 0 5 24 81938 1.024355720544721
18 25 25 28 44842 0.9401569304835264
14 2 11 17 73270 0.9913867141627323
2 28 3 19 57939 1.019124148457042
27 14 3 9 99410 0.9184491425925697
24 15 2 9 93170 0.921475668337097
2 16 18 16 47709 0.9164234853062936
24 19 2 16 75664 0.9511045470422865
2 12 15 10 50459 0.9491704192787483
4 7 27 20 114192 1.0210976502915357
10 7 26 28 132135 0.9059638546086167
5 22 27 3 124741 0.9924488482751442
10 12 7 21 41924 0.984312467167117
10 28 29 1 144599 1.0384510108137908
25 2 15 12 59800 0.9445631267821106
13 28 2 17 86110 1.0052817224374266
15 22 7 24 40364 0.9596858990544748
7 22 24 7 102076 1.0179297802287235
14 28 25 9 90751 0.9385958796266671
17 20 20 1 84181 1.044081381627696
24 0 20 28 109771 0.9934191138161038
9 12 22 9 49174 1.067020368049589
16 16 28 16 36368 0.9709156829192236
3 14 20 25 87645 1.0070334480934522
23 15 14 18 34874 1.0925767498493517
21 6 0 16 93728 1.096556178033136
16 20 17 6 53353 0.9391175446704254
13 8 7 2 49780 1.0079470930382473
8 11 1 24 64346 1.0056230739098675
20 3 15 29 90426 1.0595328405328244
24 18 8 0 103912 0.989567676400998
5 10 18 8 62765 0.9677450853014863
16 15 3 3 87653 1.0559612233037385
22 19 6 3 105856 0.9667276836101917
24 2 19 15 57914 1.070458074468393
13 0 1 16 81993 1.083362076078023
7 18 3 5 54210 0.9789085206956
9 27 14 12 68780 1.0192604046144123
16 1 22 12 55484 1.0986949030859194
10 17 25 29 96514 0.9511109737507032
15 5 27 4 44546 1.0136292926470774
1 25 5 8 71470 0.986273072328388
3 18 11 15 40890 1.0764255947103107
10 18 12 28 55997 1.087265423184565
5 13 25 15 70278 0.9933613921048455
9 0 16 26 106089 0.9944038743126208
9 0 21 26 126532 1.0513780927844252
26 5 12 10 71977 0.936317111869147
25 9 1 28 143108 0.9188030003677007
1 25 18 17 92849 1.0611742332822351
12 23 21 4 93349 0.9321782078899179
23 29 10 24 71949 0.9279738739866584
15 24 24 1 97923 0.9598195585444663
9 6 21 0 49903 0.9013144927714951
0 29 29 14 142962 0.9196015701588921
17 22 15 10 45130 0.9880693976532942
10 7 26 17 89971 0.970686864082277
3 10 19 26 98254 0.9583681624771004
29 6 13 1 72920 1.0946258042983446
23 21 11 22 54760 0.945996340049094
18 18 0 3 102707 0.9337165345812466
23 26 3 21 100718 1.01142539200852
18 21 0 15 77891 0.9351875413674119
1 21 29 14 115568 0.9747625493050186
26 6 14 17 68773 1.065975466781588
4 3 10 21 83933 0.9208721905224944
6 10 13 28 90118 1.0334756747638294
16 0 16 15 56063 1.0736799989494363
22 29 4 21 98340 0.9644769549197961
6 7 16 9 60238 0.961153140656516
14 25 1 25 68883 0.90876258365407
14 29 29 1 130327 0.9808383407879067
7 17 25 8 81002 1.0150250341212226
13 13 2 18 60622 0.9372266008836632
0 26 3 16 58041 1.0161548026565579
16 9 12 29 80669 0.9902631604714909
5 18 26 18 76722 0.9421390030079035
12 1 7 26 110915 0.9124148121949703
26 26 16 3 110632 0.907653405318187
9 24 18 15 62245 0.9209007886182032
17 15 0 25 88103 1.0244263625243415
2 10 13 13 55438 0.9437825392177048
11 27 20 25 48969 1.009012956385112
13 12 14 29 61955 1.0346259383133523
7 10 16 6 59322 0.9856632947993992
20 19 15 25 36271 0.9651628857104205
25 9 1 26 130833 1.0713526081472984
12 8 24 18 77971 1.056932276807732
5 13 2 3 45015 1.036833037159644
0 25 25 23 108102 1.0767526306554094
20 22 29 1 94429 0.9418603697975125
11 16 4 11 37043 1.0359874808629617
1 15 2 4 44011 0.9433968576202519
23 10 0 11 88337 1.022067185266117
22 19 19 7 55807 1.084387691898272
29 16 21 9 52022 1.0678832445139759
14 15 10 1 80084 1.0049381034517568
19 13 14 6 43688 1.0007454781707612
14 21 29 3 96257 0.9318417261847554
4 15 6 29 53436 1.0719140691989697
28 23 27 12 36170 0.9715485520551825
15 20 25 29 67701 1.065655686452846
22 13 18 20 36243 0.9683926345336935
7 21 28 2 116390 0.9964452038252372
24 20 19 0 85366 1.081413399809564
13 21 15 12 34082 1.0048443085142154
17 9 11 19 52233 1.0801462664711183
7 17 23 3 86830 0.931080317961793
21 22 4 9 94873 1.0209314601606814
15 13 23 11 29938 0.965853616596679
16 19 22 11 47876 0.9042647726462691
15 23 17 10 42629 1.059689866544739
29 11 11 11 69166 1.044138082642309
15 29 17 12 54771 1.0742138789278455
23 11 20 24 56785 1.0920616932562546
7 16 17 11 41781 0.998867965346647
27 1 25 19 72417 1.0324558207653642
20 10 27 18 50830 1.0807050721771363
28 10 16 3 57830 1.0306086034327484
16 10 12 16 29087 0.9817643091653663
14 4 3 2 45808 1.037766415260309
19 10 21 24 58743 1.0456714158851252
7 11 14 19 51976 1.0833891610155968
22 29 24 8 89104 1.0321640149633111
29 21 2 16 100674 0.9099934961613004
23 10 2 15 88689 1.0443845432289434
3 17 29 1 127108 0.9525151880627698
12 12 25 25 82231 0.9155550759336227
6 20 19 17 56104 1.031645895948014
19 15 6 24 71825 0.9069522179826801
22 15 23 1 67428 1.0492800003379954
27 8 25 25 63045 0.9129562921462872
26 11 0 10 99240 1.0972361512666575
16 23 10 2 96895 1.0801360013511936
21 8 28 11 33900 0.9288002311182291
23 16 19 1 68196 0.9881479425158153
5 28 27 9 128306 0.9946900455343479
3 3 16 14 83496 1.0418171729056234
0 5 28 26 148382 0.9320029380654208
15 18 2 5 76737 0.9331241441746028
5 7 23 22 102646 0.9225272519311595
22 22 18 11 54292 0.9123911552778334
18 3 28 28 105050 1.0592314927751318
9 0 24 22 114863 1.0636594612451653
21 3 16 29 99791 1.0619234613936128
4 19 20 0 98258 1.0608893550018101
19 26 6 27 69405 1.0885217979009458
0 24 23 19 95556 1.007513762633103
4 15 16 24 60527 1.0255436018197486
21 12 10 28 88186 1.095923686238205
15 25 14 8 57036 0.9992826762261726
10 0 27 19 111351 1.0901972214677025
5 10 21 15 64625 0.9167775994752295
8 21 4 0 85498 0.9870617776832016
1 20 9 29 61141 0.9267089290723097
16 12 4 4 69482 1.0778109383452177
21 13 29 25 68235 0.9986279497092261
12 6 4 9 49946 0.975951108976384
26 29 13 22 85978 0.9559189508521299
7 15 23 4 85431 1.0526451062195898
9 18 18 27 59300 0.9695460838583183
11 10 26 5 75709 1.0369911661223816
4 29 16 25 67645 1.018787776136928
27 26 26 2 84068 0.9930488123870569
25 28 12 25 75459 0.9271019405958865
10 1 17 16 83024 0.911706184073732
28 8 12 3 67915 1.092425617137724
13 11 0 27 105748 1.0084688753403528
11 24 24 27 63112 0.9422764603250293
10 17 19 9 56420 0.9359971332439926
7 28 16 11 83685 1.080834055156177
20 13 24 29 65451 1.0599698201763204
17 26 29 25 66321 1.0238252483468175
5 10 16 12 42453 1.0262078839646833
20 7 6 14 71572 1.040291042222432
27 6 24 16 43224 0.9927232266412211
18 27 20 3 89112 0.9957048714736446
7 19 28 1 114533 0.9599255132669846
7 11 18 6 58905 0.9330054281626632
18 4 25 25 96220 1.0149400922293417
14 3 7 23 97367 0.9791739600215448
15 4 0 23 116961 0.9062308452045503
7 26 4 2 91766 0.9024676038863373
14 15 10 23 49026 1.0401903394152556
19 12 5 26 87281 1.059330707286569
17 10 3 0 72192 1.0945149712419786
26 3 10 11 79449 0.9522967956008301
9 20 21 17 50511 1.0856502539899988
11 6 1 29 116784 1.0924728806450021
29 18 9 0 111152 0.9305223447962768
6 20 17 28 61732 0.9221140321105389
10 13 27 0 103335 0.993089196927925
21 3 5 12 77807 0.940445821091338
10 10 5 23 59868 1.0471905211349444
2 4 18 23 112684 0.9194811778298748
21 24 11 28 53759 1.0931217134024043
17 16 9 3 75127 0.9695651577630033
7 21 19 6 84784 1.099861946537085
5 24 28 23 94147 0.9010660904910177
29 17 1 16 91123 0.9949953660434382
20 16 26 25 50992 1.0004685578542751
14 5 3 26 111162 0.9664081381586156
3 10 9 14 35958 1.0819839126666588
0 18 25 20 97251 0.9136123183193445
26 29 5 12 122778 1.0065887910174542
20 6 8 21 88907 1.068053981009749
15 2 19 11 43954 1.0952327294271662
24 18 3 14 76275 0.9262598892900495
19 1 27 4 38718 1.0101619037233258
11 8 18 25 82643 1.0236550236757653
29 28 22 19 54712 1.0714574626921587
22 8 7 23 95837 0.9883350292192096
1 26 10 24 46299 0.943638611908537
6 10 21 13 60024 0.9099705296129417
10 29 28 18 104282 1.0768665683646386
17 11 2 27 100457 0.9893220317482928
17 20 1 21 65715 1.0926788477721006
10 25 9 4 89467 1.0304301171886523
26 9 17 8 44236 0.9776690056136976
28 8 22 1 48103 0.9115796348345314
6 2 25 25 136415 0.9002734048590574
18 23 13 1 103932 1.0152135615026647
17 13 24 19 49060 0.9015684799028864
12 5 21 26 104765 1.079756408314307
24 28 13 29 67999 1.086512032932301
23 24 4 9 109947 0.9907583833873259
3 9 26 9 98636 0.9498609613849652
28 7 10 28 119451 1.0818278135261563
10 21 17 12 51722 0.9839382536079879
19 6 22 27 92126 1.067980148396895
1 0 20 6 76896 0.9979284112754353
13 18 5 0 93768 1.0788543440851277
24 28 20 15 55851 1.0139850053606854
0 2 20 9 97199 0.9678775725193534
26 27 5 20 98015 0.9461987037838857
0 15 16 20 64892 1.0124424017176241
20 6 9 21 85074 1.083476038608287
23 1 19 14 61414 1.0698798633332456
15 0 15 27 91140 1.0062495775889218
22 11 8 3 72832 1.0758545166308817
12 12 18 0 55704 0.9612416137178298
28 8 13 28 101953 0.9855355962318366
1 11 7 6 43553 1.0443540766276664
20 22 26 26 40310 0.9612806677165496
7 14 1 29 71058 0.9999541195480005
29 15 23 20 38837 1.0044078487731587
8 26 12 16 50969 1.026507846671955
18 2 18 16 66349 0.9019527426535319
15 11 12 18 31648 1.042315840490514
12 17 9 9 43242 1.0730854318300997
9 23 29 11 101855 1.0365156625020142
1 23 22 3 135681 0.9841230012021903
22 17 9 15 43780 1.0633753330099234
9 23 4 14 49165 0.9194662497863677
10 8 13 1 47160 0.9161050725252596
4 17 10 8 54483 0.9967704616641402
28 20 0 7 125100 0.9077773070647995
11 6 19 10 52545 1.095253997771279
15 7 8 29 98472 1.0280238554668446
18 3 2 3 53545 0.9559508959979706
11 26 23 19 66457 0.9811600011605734
26 14 17 24 62939 0.9643965757394605
1 6 15 22 91946 1.0307421905502991
8 10 9 25 56905 0.9557949321577729
7 26 11 1 103775 0.9392519245774786
11 29 15 3 103289 1.0909740966485553
12 12 21 3 54873 0.9402563986839463
16 22 14 13 34783 0.9506327738260865
17 18 12 2 81908 0.9026406765331682
26 15 6 21 80304 0.9372186737035806
7 8 27 9 97815 0.9111540915234891
18 11 15 18 26784 1.093988480220287
1 17 29 19 107418 0.9768123395180595
14 1 19 20 91721 0.98105987123721
26 25 6 5 130384 1.060372673378056
16 2 29 6 54574 0.9459054210830637
28 21 5 29 112284 0.9134249695203923
25 14 28 0 48235 1.0062823876812041
9 5 19 19 86765 0.9326369874820354
4 10 26 26 122192 1.063675259772395
18 24 21 17 33327 0.9806659615717204
2 1 29 5 99150 0.9824965541354139
4 16 1 2 59580 1.0690897594164415
12 25 22 2 106393 0.9974688544045438
13 6 9 12 43700 1.0871044285451485
0 10 27 5 113440 1.0370648413756616
3 16 19 0 88004 1.0096839976575218
15 4 28 11 63377 1.0493795351621176
21 24 9 17 61484 1.0122615542834366
3 25 3 9 71758 1.0630461268473717
0 15 13 21 64312 0.956513629209183
5 13 28 6 95375 0.9388936970694935
0 23 20 18 94296 1.0494023827432883
26 20 0 10 110010 0.9114146605365063
22 5 24 14 44629 1.0012271599741933
11 14 4 4 60231 0.9368696122412762
24 12 15 16 39984 1.0188353544627817
8 8 17 21 73388 1.0829746827101976
3 14 0 23 54165 1.0356757492004223
6 11 2 27 69838 0.9035701696532068
22 27 17 3 104738 1.03995935108944
4 12 12 24 69678 1.05753738248039
13 8 4 14 61650 0.9364769227189699
3 19 8 13 37494 0.9487453565657205
15 4 9 16 59711 1.002705462571115
20 22 11 5 95042 1.0328426257887082
24 11 27 22 51476 0.9625272599305117
6 27 23 12 107483 0.9148435008411228
12 4 7 14 56086 0.9215152099011171
18 10 6 11 50398 0.959642663884841
10 28 15 0 118990 0.9019623826961662
3 12 21 15 66629 0.9865462363438673
14 1 7 13 73427 0.9894177369896195
1 23 21 19 93165 0.9083966049932285
18 4 1 10 81901 0.9488211454285681
20 19 28 23 38162 0.9577764588036881
4 5 20 5 61572 0.9130634860637431
22 3 23 17 58012 1.015319386405611
23 29 14 9 102979 1.0849374939076324
9 27 18 12 75579 0.933143196168125
6 17 11 22 38031 0.9119612111372869
13 7 11 24 79307 1.0844521985023017
14 27 5 26 49846 0.9397539815893676
17 26 29 22 61784 1.035759809425643
16 7 7 0 45657 1.083632198042224
10 6 3 26 93428 1.0714247272748836
16 7 9 24 79898 0.9087371902536483
27 23 8 25 83554 0.9452419428368699
26 21 6 12 89704 1.0715370804849804
13 8 1 25 110903 1.0898351113518265
17 0 21 15 62083 1.0071217938012818
27 9 16 24 85997 0.9539994818523573
2 2 26 8 101118 1.0674317639546562
1 8 21 21 109613 1.047242552496952
8 28 28 11 113850 1.0977278240264519
3 8 23 26 130755 1.0672648269654201
29 16 17 19 59733 0.9190353593128612
16 24 20 13 51074 0.9126384878865733
8 20 0 17 41764 0.9158096920612696
15 9 7 1 61335 0.9350799917554623
16 9 3 27 102767 0.9503720481110964
17 27 15 19 33393 1.019551281144706
15 17 9 11 37215 0.9489808367881599
15 1 23 3 32337 1.0075873970866613
17 22 24 15 45694 0.9163180325996011
8 10 15 5 50967 1.0324017765848854
20 17 18 26 36407 0.9042888467818466
7 1 27 29 155314 0.9865595863601979
3 28 11 21 64780 1.021546894512642
17 26 22 19 43645 1.0401174883188298
11 28 16 15 59998 0.9618105085821634
10 2 1 1 43784 0.9528388593304424
11 15 19 5 60622 1.0084892090023971
6 14 14 17 31907 0.9529243297485201
25 12 20 28 68930 0.942276664602762
8 11 27 19 89418 1.0421316505329266
10 19 26 2 109162 1.0126983361442488
8 18 23 15 55025 0.9468130269437907
29 16 1 16 89451 0.9048916839611078
21 13 27 8 39725 0.9454232376647222
7 26 20 16 76952 0.9742231417848352
15 19 18 8 43551 1.076209141659287
0 15 29 9 109202 0.9094412565027525
23 6 24 20 59504 1.043930355010975
9 4 18 28 114808 0.9854402547504957
15 16 29 15 48663 0.9112805846262205
9 22 23 9 84836 1.0232574671377335
22 28 3 4 136179 1.0852719841404472
0 25 25 4 142616 0.9186171453283785
19 17 15 10 37517 0.9610553506337888
23 0 14 3 31596 0.9398495881746602
4 9 12 23 78190 1.0751102573833229
1 3 11 24 108605 0.9719768681046539
18 17 14 27 52371 1.04550939555539
10 28 1 4 110919 0.9555896644199591
5 7 11 20 59016 1.0546978530674147
8 1 24 23 122397 1.0098899833506838
29 21 23 9 62290 0.9104652202126993
29 18 22 21 39691 0.9715339543804341
8 0 26 17 106613 1.069352011426271
27 1 13 8 77211 1.03288489724116
8 29 28 10 120290 1.0968235619790943
24 0 6 9 82623 1.0319733436383565
4 21 12 28 60100 0.966561631056764
2 28 11 27 53008 0.9296132698368027
15 0 16 9 35445 0.9757230310454947
9 20 2 13 52589 1.0942193279994012
26 14 12 11 55072 0.9537707755587843
20 5 14 15 59407 0.9021037231961211
29 13 15 8 67506 0.9599174060828921
4 14 14 15 41477 0.9238349779961336
24 23 6 3 122453 0.9518727963689089
15 7 2 6 57572 0.9578555474396957
1 5 19 26 116411 1.065148892433596
25 26 16 14 72236 0.921260683098924
14 1 21 6 44905 0.9479841463944022
29 13 16 18 60617 1.07571244231201
6 7 15 25 85351 0.9272866381914262
4 6 22 8 84764 1.0003904340690775
1 14 23 10 87979 1.0255634490222405
13 19 4 11 61416 0.9846570242553405
4 6 0 21 71305 1.048005640487126
12 13 5 1 73934 1.091849016913457
15 25 13 14 41207 0.9877864914256674
27 4 4 3 74493 0.94198040914399
29 18 18 15 48783 1.06269110797977
18 20 28 9 60355 0.9608220901954603
3 0 25 27 156930 1.0846337219034587
16 16 8 28 64772 0.9771406932328636
18 18 0 29 104197 0.904717053456796
7 11 10 18 36256 0.9080579805521329
13 9 18 4 37307 1.0668372576041785
15 25 4 17 60717 0.9837743066396364
23 22 21 2 79851 1.0192941748505948
16 7 23 29 107677 0.968022726012378
0 29 24 25 121212 1.0186055802499925
3 1 5 18 66274 1.0005694481815175
29 5 22 20 66899 0.9974489553238305
4 26 23 21 91831 0.9126908484150761
17 28 27 11 86649 1.056864708150246
6 14 16 9 52220 1.0229510577192547
25 10 15 27 81348 0.9346020185877046
24 18 6 11 74496 1.050805274017374
1 2 20 15 108676 0.941586237908041
21 25 11 9 88229 1.00163874233247
4 25 8 3 83204 0.9918873449110271
5 7 28 11 93459 1.043972415007406
6 7 8 26 79546 0.9017032395273625
2 13 24 12 80541 0.9601504159433327
17 1 12 24 88792 1.008899783484008
4 27 5 12 54958 0.9166967784619627
24 19 1 5 113655 1.050077991720229
25 24 22 5 80762 1.0238115124816236
12 15 27 12 63375 1.0928775532251933
23 23 7 24 70614 0.9751793151478451
18 10 7 21 68399 0.9035187806143317
6 2 21 29 139637 1.0426683163116894
21 14 11 3 70016 0.9639036503228025
24 3 9 28 122412 0.9020667817009161
10 19 1 12 53590 0.9786722499054571
27 27 21 10 84112 0.9517167118527874
21 14 15 7 45757 1.0807167184208966
2 4 6 19 61599 1.0445810873612835
18 28 8 7 103930 0.9642160255215386
9 10 7 21 44574 1.0861686726389856
13 13 4 29 85974 1.0764532914531026
27 20 4 20 79810 1.092965518639921
20 16 29 24 54840 0.9801583610849193
4 19 3 10 41374 0.9474283048912767
8 8 17 4 47536 0.9143154808553184
21 25 10 10 90786 0.9980437542455061
6 27 0 6 87012 1.0704566885272098
24 0 28 27 99559 1.0325592973446653
19 26 16 16 38946 0.9320318274293113
0 0 2 25 101818 1.075805529852583
0 28 17 18 99156 0.9801434630708118
26 6 5 23 112788 1.0607836052839736
6 8 20 29 110959 0.9135956899964986
26 17 24 2 61702 1.0660600717469548
17 29 11 15 63135 0.970040208415779
20 10 7 0 74294 1.0309201923178395
17 10 7 28 90158 1.030086968277523
11 9 4 24 75944 1.0085705197563604
6 8 1 23 76609 1.06332570943049
18 25 29 13 74133 1.0172289355497388
3 28 19 18 95661 0.9183455808313522
4 4 14 0 37352 0.9658871855137896
12 18 3 10 61018 1.0584747999963766
4 24 25 16 86909 1.043937091214943
11 18 19 1 82544 1.0939677051828884
27 21 13 9 90847 1.0714080755800754
16 24 23 16 47451 1.0485083740067207
13 6 8 19 73087 1.0782332725638908
4 25 2 14 53861 1.0261163100377493
5 7 8 15 34077 0.9849168724857229
3 0 14 1 36638 1.0968856267047868
11 6 22 10 57982 1.0130994255732437
26 23 4 9 110440 0.9572470618686683
27 0 14 15 97964 0.9049898152720707
12 12 4 1 71804 0.9995857717459291
20 17 1 0 115720 0.9022377898382493
15 24 21 13 50235 1.0414598907500832
25 23 17 0 101522 1.0555346662163225
14 6 7 10 51775 1.0719529861830743
3 26 20 28 87053 1.022243182827021
17 10 3 17 63022 1.070211281306689
29 0 22 19 86775 1.0854236824703796
20 13 10 11 40293 1.0092979207208814
21 16 8 21 55328 0.9087709494626034
9 22 13 1 102517 0.9599386946141852
10 24 14 3 92816 1.0742566981788173
29 5 5 25 131262 0.9190836902655628
13 24 5 29 50313 1.018971869831058
8 7 13 24 83996 0.9292353296972309
13 23 3 6 95251 1.0707304014945855
14 28 27 23 67570 0.9420253078565791
23 25 16 21 47555 1.0395283572742215
11 16 14 24 35026 1.009449389613973
27 9 18 13 48357 1.0981825019073426
26 27 23 11 73857 1.0364450291384297
9 12 3 4 46284 1.0210086977668655
17 21 21 5 69731 0.958739725162943
17 19 11 8 63882 0.9656094116067306
26 11 6 4 92691 0.9574041294721629
11 14 19 1 68167 0.9120999102187656
22 15 7 12 60168 1.029089012496207
21 9 9 21 73772 1.0803004382959145
4 9 18 4 67408 0.9888220454132964
17 25 8 27 49042 0.9290180211383464
11 18 28 20 65603 1.026709895489075
21 27 3 27 97537 1.0336222707154874
6 6 9 13 41176 0.9603494036944795
17 8 7 5 52446 0.9241787979724504
22 11 11 22 68163 0.9716569687343397
22 19 26 4 72196 1.0615367516210674
18 27 12 0 113995 0.9477511563515675
17 2 16 22 71455 1.0652559383761666
21 27 10 29 68229 1.0495826181764358
1 15 28 11 101904 1.057273079720908
17 0 19 22 87123 0.9546080160695297
3 10 22 2 94332 1.0145218320807046
4 24 10 3 83169 0.9882355358469394
0 26 14 23 72383 1.0126183386409826
14 9 18 28 78646 1.065477333552158
20 10 5 2 81684 0.9679392382984557
17 12 28 9 41689 0.907106710535107
18 22 26 4 85184 0.9494317901278715
4 26 0 15 58137 1.0832096144644976
3 25 23 18 98496 1.0945159634125647
27 3 2 1 85809 1.094404906294028
15 1 18 8 39306 0.9492467045937215
2 11 0 29 91755 1.0781860530312997
16 22 5 28 65493 1.0371949274329064
4 4 26 15 110388 0.917468951313736
24 24 23 9 61470 1.0023613590048046
14 5 27 10 69173 0.9380994602805154
0 6 3 28 97375 0.9870142582515217
12 18 0 28 82650 0.9214366605413351
17 7 25 17 59510 1.09466203713476
11 7 18 27 92799 0.9829087210923607
22 18 1 24 94644 0.9442252408394303
1 3 29 24 155462 0.9783775596542136
15 17 2 8 73143 0.907965120755057
0 5 21 17 98387 0.9243434666724257
2 22 10 14 61921 0.9253851029318392
11 0 20 9 59960 1.0093596854665898
11 14 6 5 52395 0.9009328663922352
3 17 5 9 29779 0.9360193382770913
16 15 6 17 35454 0.9856689353743432
28 19 28 3 46971 1.0599311796191522
10 8 28 3 80185 0.9192881089053053
23 2 9 9 77295 1.045050332123427
3 3 14 17 81399 0.9596802721341859
23 29 6 22 98216 0.909363374591515
2 10 27 1 120516 1.0753555143590805
11 29 15 13 65125 0.9633746608975675
25 19 4 28 106622 1.0516001387269769
8 14 15 26 53374 0.9480789414002221
18 28 5 20 70451 0.9303331403872673
4 14 27 24 104637 1.0160472849748687
1 20 14 20 46261 1.069358005234108
11 12 7 19 39759 1.0408992231674332
13 8 6 23 84487 0.9126890932483844
26 11 4 3 97298 1.0673501465666768
16 29 29 8 102315 1.091808177068013
3 1 20 3 62848 0.9477757991541335
14 13 28 5 70337 1.0907151381730764
19 11 15 18 30559 0.9594893103303823
25 12 7 26 104555 1.0154783365944937
12 5 28 26 120819 1.0103361223258893
0 20 16 6 101042 0.9063002341395673
21 22 6 9 92367 1.0912083288328025
4 16 26 24 92061 0.9188135594876911
24 4 9 5 58020 0.9204961086118252
9 15 24 19 58074 0.9959499529118176
17 20 20 5 67493 1.0326887373942943
19 15 13 0 75315 1.047557009414742
6 25 25 17 93562 1.0675895877066248
2 5 20 12 81457 0.9734088915996502
11 7 24 25 104692 1.084493017939307
23 20 8 28 78843 0.948135040819599
22 21 15 27 47959 0.9590569998242772
9 7 26 0 79286 0.9108144792915182
11 18 3 27 63626 1.016673523302512
28 6 1 11 112180 0.9415780495960406
13 10 24 16 54857 1.0642541318344028
8 14 27 20 78159 1.0905047540676351
11 21 24 14 60972 0.9918454014224395
1 19 23 7 108328 0.999634790306308
16 13 9 18 39084 1.0773289149337093
1 5 9 21 76458 0.9276068088201919
5 15 15 29 68549 0.925461023850685
22 12 8 7 68036 0.9876119139989055
17 22 23 9 64379 1.024452830102514
11 1 22 16 88376 1.0994233846014856
6 3 25 23 126010 0.912027289087107
10 16 8 6 42580 1.0480312753873926
9 20 28 25 77799 0.9637156150776343
19 8 3 10 76596 0.9005521955968485
3 28 8 9 84830 1.0125156285522274
6 18 15 14 38655 1.0415199580259777
25 0 23 16 72841 0.9000122547294168
2 12 10 14 34806 0.9427030643580993
18 8 3 21 91432 0.9143313380345933
29 29 15 5 121112 1.0087476029566393
28 24 12 15 79327 0.9435643790765238
25 21 12 5 100541 1.0876541355436418
7 21 23 5 98801 0.9403234066798993
0 10 17 2 77067 0.9331453846329639
26 3 27 21 67158 0.9065854010549266
20 9 18 27 63932 1.0179105016418126
28 13 18 6 52796 0.9534167531623912
27 28 15 21 76882 0.9895630759900371
5 11 0 28 77694 1.0030111431594484
28 14 1 0 117835 0.9487829396736576
12 8 5 27 93133 1.0184123482033864
28 5 26 22 57489 0.9234968964924245
2 28 5 6 87852 1.0990176115660397
24 7 9 4 64618 0.9081331430009382
15 25 24 29 57123 0.9119229542781039
28 15 20 27 66619 0.9818179279354494
18 27 3 13 93608 0.9676030494102881
7 18 18 4 76129 1.0992723888942244
18 3 27 25 99141 0.9456039724712946
17 28 9 3 111248 1.0309511626790686
19 1 9 23 104067 0.9563516009827574
0 26 6 9 79936 1.0769067068513964
15 24 16 2 72452 0.9134549526443587
0 26 5 14 60332 1.043361177592111
21 15 15 1 69561 0.9423320380816822
1 24 27 3 145450 1.0549384411080103
28 6 21 18 56640 0.9794063248613613
13 19 20 2 79573 0.9919324716098946
19 23 21 14 32140 1.038522143375844
15 16 0 9 66280 0.9236044164362568
6 0 21 1 42005 0.9600535704893124
22 20 5 5 97138 0.9022246579648654
4 7 23 27 129126 1.031408750512571
28 13 11 25 88851 1.0590436078307284
7 5 5 25 66777 1.020926896016399
13 23 12 10 66486 1.0967459739874987
1 20 3 3 75788 0.9326137700592039
1 0 11 7 56524 0.911030540050941
5 18 20 5 91279 1.0147963508989544
8 12 27 1 100447 1.0841243158160885
23 24 23 0 103733 0.9073453666528121
2 27 25 12 123162 1.0219295277940819
9 3 23 26 130846 1.0596148271457189
28 6 16 10 57604 0.9160786541979236
19 1 21 27 107402 1.078188819919984
17 24 26 26 49332 1.0041760540862017
18 5 27 6 36978 1.009657779365185
27 26 12 27 88569 0.9823231764297331
26 11 12 23 88584 1.025439035969558
12 9 24 28 104944 0.9127489706451932
13 26 10 6 96053 0.9337202477955798
13 10 4 25 86935 1.0042628817112262
17 0 1 7 71279 0.9263498915913925
23 27 29 5 90452 0.9637695748914953
26 3 20 7 32721 1.0257384854131832
3 14 16 17 50968 0.9680360227517737
11 21 10 10 54269 0.9012082999469616
7 5 10 12 41371 1.0161149758914174
23 28 10 22 79166 1.0899702163179459
7 17 28 11 76464 0.997559263917289
7 20 23 7 91267 0.9629088585732021
19 19 4 23 67225 0.9601520822033078
11 1 4 29 111024 1.007205743950265
11 26 8 6 88384 0.9059976172352493
21 9 18 20 45271 0.9437304452390604
11 2 18 28 117073 1.0887405806527084
11 8 22 3 54746 1.0836514906077415
20 21 10 9 77333 1.044755392639443
14 27 25 26 65797 0.9647040581638682
25 21 9 6 106388 1.0308528862972568
0 24 14 20 60010 0.9378564914387764
3 9 28 3 103254 1.0289210446727073
18 11 3 25 90291 0.9375859530824061
19 29 13 20 44469 1.0473333759918133
4 13 13 19 55777 1.0735705500043091
17 21 1 21 68920 1.0923030056307057
4 23 19 1 116834 0.923106257568378
28 6 19 5 33389 0.9881098007907927
8 11 10 2 43283 0.9774448893289651
2 16 25 27 107408 1.0526899048216132
28 20 12 12 74559 1.0677160412937026
20 12 10 20 54279 1.007062769177344
20 0 8 7 51592 1.0282717700305137
26 29 8 18 104016 1.0499845320375842
10 24 3 11 69047 1.0693080160249442
3 11 10 2 54695 1.0688370628883628
18 7 26 22 81345 1.0045155604207736
1 9 3 21 68286 0.9512150612793003
6 3 7 16 52551 0.9231055778090599
1 12 4 22 52274 0.9042079504302214
22 24 15 29 43303 1.0719950254055413
17 23 11 4 87433 1.0948775867667946
29 19 4 9 111730 0.9627131897574518
20 28 6 11 92247 1.025028689395469
4 21 3 11 44794 1.0774396078016177
23 16 7 20 59090 0.9209096950887449
24 9 28 15 31299 1.083474920953543
28 27 17 2 107799 0.919241475202625
12 14 1 12 46648 0.9377241486916879
1 10 21 2 96625 1.0615396575759966
25 7 14 28 99149 0.9686299095903265
26 5 15 11 54173 0.9526991974788336
9 12 28 27 104833 0.970225448144536
8 25 18 0 114004 1.0332578742312082
0 10 18 29 118182 1.0339233060027406
0 27 5 17 55362 1.0900138118139806
24 1 17 24 100248 0.9206336561531642
17 6 10 24 79456 1.0622296434245686
11 3 3 23 92358 0.93153766446498
16 20 11 15 30648 0.9373728646915054
10 19 12 0 85524 0.9641353909397052
26 25 27 13 51737 0.9675106339961108
7 21 21 16 55923 1.0807185709684228
22 25 7 20 70906 1.0772312042457566
11 10 20 8 49142 1.000985937082331
20 13 2 13 68450 0.9637917965815885
26 12 0 18 98292 0.9504207936318686
22 4 22 21 68389 0.914849315854935
28 13 10 3 84749 1.0040884667253511
6 17 12 22 43659 0.9968256015956698
7 19 25 11 79948 0.9892880749345339
17 13 4 19 61632 0.9367465978025026
20 15 16 24 44304 0.9846220002144576
2 1 24 23 138288 1.084840346104947
15 10 9 6 42695 0.9387340249208147
24 15 17 4 64023 1.0262661101910893
4 3 2 16 56230 0.9154625783890373
1 9 20 7 98443 0.965161554559379
21 9 8 8 67381 0.9431955505564992
6 4 18 9 60633 0.9265656424986561
19 0 9 13 75187 1.0914161956594335
18 9 24 0 55674 0.9488635668970243
4 8 25 22 108871 1.0096423987938064
23 2 24 19 77707 1.0435164781861619
16 7 27 15 69396 1.062587898765547
18 12 4 4 75213 1.0686760499996213
1 11 14 23 87988 0.9361012763190135
20 17 2 15 64742 1.0455837552560547
12 24 14 3 84413 1.0745018973291809
0 1 12 26 125947 1.0490146373305167
17 18 12 13 41411 1.0568480405139322
9 25 20 26 53884 0.9932776429492125
26 14 6 28 114201 1.0071120933623505
9 7 24 13 74882 0.9942025588293546
27 27 18 9 99518 0.9873594588098434
12 18 4 2 85346 0.9641164552067877
0 26 29 23 125995 1.0632329864155943
12 9 17 15 46761 1.0334626973964973
3 25 16 9 93948 0.9565330398022797
3 13 7 3 49913 0.9755520695640794
29 8 0 1 117689 1.0425201695627757
13 2 15 25 85791 1.0326684376129514
0 25 8 8 85407 1.0151114978023896
22 0 7 2 42498 0.9246175025478106
5 15 10 27 57783 1.0358772074038138
10 20 13 7 69383 0.9453401440417082
6 22 4 13 34554 1.0778597688339486
25 5 23 29 99322 1.080493116723873
27 29 17 12 94806 1.0868684600201535
11 15 1 1 86831 0.9779542818876967
7 12 1 18 43004 0.9425529235171846
4 0 13 10 68465 0.9703291249113746
18 11 29 17 57582 1.0892780377652098
1 2 17 7 72184 1.0302470781389717
25 21 7 22 74235 1.0701322955691674
14 6 21 27 92242 1.0065603194952106
0 0 29 29 174262 0.9668238549812115
21 22 17 1 88455 1.0809244591594611
18 26 27 7 90376 0.9124513691025418
21 8 28 25 74224 1.0479932219834758
12 14 7 22 46810 0.9486774166546563
10 2 14 9 53560 0.9274349320700991
26 12 23 20 37881 1.070666924930874
4 7 28 9 105028 1.0258298957396053
6 24 24 25 78589 1.0218886973671657
5 22 15 8 74925 0.9483997879557672
9 1 7 18 66261 0.9080193291124723
25 29 24 19 38491 0.9401901261193318
19 25 25 11 60619 1.0454933276938712
16 26 14 8 62999 1.0051324851624188
3 24 3 11 57154 0.9259699528159023
11 3 28 12 78885 1.0691046819491046
26 22 9 19 68613 0.9440377162598603
12 6 6 23 85931 0.9236422243944119
5 1 14 26 116356 0.951593637657185
2 4 19 29 126704 0.9580928534182461
23 3 0 20 124794 1.0418809113781882
17 27 3 0 130909 1.0203357424314656
3 10 27 29 144513 1.0717014957672626
16 21 23 15 42525 0.9606547568131034
3 13 11 1 65377 1.0049207681699963
1 6 18 13 85627 0.9976972734655184
29 21 20 28 62246 0.9537383202301024
0 6 23 11 95189 1.0955422854347345
6 1 29 10 101569 0.9554522232094126
10 18 28 24 83297 1.0427298963219944
25 23 10 10 94734 0.9128188859354266
21 4 10 7 55779 0.9222395291688315
10 29 28 12 113694 1.0529602093081056
20 6 1 3 75334 0.9407444407649936
28 4 11 8 75589 1.0249525331390452
24 13 13 7 64135 1.0367117760470863
2 20 29 13 107002 1.0147134279952255
3 25 29 18 117753 1.0585507290845022
21 23 17 0 94401 1.0583168759063077
3 19 15 9 70439 1.023330666353179
19 8 28 18 64490 1.0746532663656527
24 20 17 14 47285 0.973185175988179
10 3 16 19 77507 1.0778591531292236
13 19 3 19 44134 1.044417264382365
26 17 2 20 88435 1.0161220860424456
7 16 17 22 47082 1.020356063552074
28 2 6 23 126487 1.0712248109753864
4 1 20 29 142664 0.9727921169470035
15 13 26 9 48442 0.9883706153310625
12 27 6 4 104656 1.0321931181359338
4 14 9 5 43362 0.9975803456147916
28 3 23 17 58478 1.0769783331882248
24 25 19 3 93580 1.073358617820725
3 25 4 11 58866 0.9936524917110015
28 28 23 17 55789 0.9942429985089953
3 3 19 3 50690 0.9374356329720296
5 29 27 0 159430 0.9071337929851339
7 0 13 4 31379 0.9293769636199517
3 17 25 26 106122 1.0453863987064265
22 26 2 9 122659 0.9899931832039324
28 1 9 6 80395 0.9548498574065601
0 11 20 28 112836 1.0647560929660818
5 21 19 27 69345 1.0582406503218729
9 14 0 26 71807 1.0818355286709147
22 8 26 15 39772 1.0886782330781828
7 24 19 10 83858 0.9237070572851722
