4757 5149 3512 3701 4406 4619 4201 3605 5099 3672 4025 4511 4217 5247 5091 3600 4965 5371 4587 5413 4198 5157 4481 5226 4080 3874 3850 4374 4751
7549 7460 6834 6869 7064 7796 7380 7530 7544 8617 7090 8068 8259 8234 6940 7318 7185 7994 8627 7141 7694 7671 4342 3231 3544 4321 2910 2722 2863
6350 6269 5516 6286 6326 6179 5032 5408 4050 4137 4361 4260 5095 4389 5440 5218 5206 5287 4216 5200 4336 4890 5468 4901 5396 5570 5726 4595 4024
6895 5794 5610 6667 5890 5709 5376 5666 5361 5557 5489 6615 5348 5428 6714 6563 6515 6024 6016 5521 4969 5767 6849 5723 6306 5945 6050 5916 6931
2222 2573 3715 2696 2695 2880 3826 2710 2508 3967 3381 2373 3260 3925 2313 3557 3311 3887 2849 2671 2474 2476 2339 2291 2283 3608 3221 3965 2581
6572 6545 5160 6109 6590 5748 6866 6650 6252 6343 6668 7036 6524 6028 6394 5716 6075 5139 6487 6385 5736 5909 6638 6390 5365 6693 5675 6717 5566
3749 3671 4014 2729 4204 3249 3460 4201 2895 4039 3426 3210 3820 3861 3954 4366 3671 3735 2459 2443 1191 2787 1661 3109 2807 2073 1219 1408 1498
7162 6509 6916 7371 7080 7240 6777 5836 5840 5796 7463 6336 7913 7822 6751 7874 6564 7184 7647 7138 7103 7079 7705 7979 6917 7576 6602 7090 7405
2679 1512 2661 1475 1996 1134 2117 2658 3025 2514 2828 2319 1716 1515 2759 2045 2002 2414 2593 2248 1437 2826 2858 1763 3095 1393 2683 2969 3176
6722 7722 7830 7294 8274 7192 8282 7245 8227 7391 8543 7071 6770 7437 7234 6830 7190 7769 8387 7504 8608 7987 8553 8156 7456 7933 7208 5998 6670
7391 5967 7655 7685 6305 6813 7060 6267 7622 7043 6527 7331 7202 7376 6282 6361 6077 7823 7526 6437 6145 6824 6660 6100 7496 7553 6602 7167 6637
2676 3010 2151 4880 5389 4146 4049 4670 4236 5414 4930 4667 4706 3792 4855 3693 4922 4424 5118 4737 4101 3976 5470 5528 5422 3807 4964 4073 4039
3327 2538 2067 2005 3313 2019 3188 2834 2605 2896 2658 2484 2670 2606 2545 2049 6542 5566 6154 5948 6575 6534 6695 5115 5157 5287 6624 5543 5106
3865 3591 3553 2208 3626 3915 2378 2090 3048 2637 3401 3874 2344 3230 3318 2853 3407 3743 3533 2443 2122 3179 2779 2208 3419 3116 3969 3741 7985
5361 4136 5276 3941 3779 5249 5435 5682 5689 6033 5509 4979 6719 6739 5326 6782 6301 5924 6487 4880 6102 6480 5387 5333 5291 5153 6789 6086 6467
4584 3471 5040 4065 4776 4227 4088 4271 4937 5356 5381 3549 3880 4972 3731 4892 3834 5268 4264 4111 3672 5002 4670 5288 4146 4495 4122 4793 3944
2597 1819 2951 2261 3486 2833 1944 1915 2919 3125 3160 2725 2993 1799 2190 1510 2683 2750 1600 1609 2715 1551 2729 3268 2380 3232 2719 1635 2352
3377 1979 2829 2904 3195 2481 3284 2925 2357 3417 2864 3217 2795 2641 2704 2813 3311 1925 2835 1679 6696 6486 6391 6899 7819 7014 6210 8003 6326
4602 3642 4608 3281 4140 4798 4576 4547 3863 4577 4309 3453 3153 3094 4842 3656 4783 4408 4404 4343 4499 3263 5013 3352 3756 4450 3827 3575 5939
6660 7290 7858 8604 7616 7037 8553 8541 8101 7418 7314 7058 8323 7360 7896 7799 7663 5040 4992 5771 5916 5518 5056 5504 6028 6407 4967 5810 5155
4986 5655 5816 6021 6559 4899 6784 5248 5691 5100 4928 4921 5200 6224 6712 6114 5198 5648 5523 6677 6799 6715 6638 4922 6155 6652 7448 6089 6972
5935 6560 6625 6503 5260 6358 6415 5898 6187 6606 6542 6527 6003 6581 6649 5007 5807 5048 5133 5283 5257 5544 5908 5992 6640 6870 6593 2209 3083
3680 3274 4426 4806 4487 4285 2925 4250 4071 3693 4272 4028 3245 3027 3577 4529 4551 4236 5922 4264 4726 4928 5611 4138 4427 4757 4334 5677 5763
1938 2995 2126 2377 3118 1691 2070 1677 2393 3268 2548 2768 5415 5632 6596 6856 6762 6605 7265 6204 5734 5967 7323 6937 7175 5900 6337 6586 7119
5974 5557 4469 6177 4362 4834 5403 5606 4372 5161 6156 4405 5287 5733 6250 5620 4566 5320 4378 5177 6021 4560 5115 6174 5280 5450 6226 5981 4719
6380 5470 5397 5715 6354 6611 5761 5782 5910 6334 4880 5341 6659 5999 4855 6192 5508 5418 6141 6460 5982 6989 5937 6867 5588 7248 6478 7167 5606
5431 3795 5560 4125 4656 4656 4977 3736 4393 5138 4093 3935 4332 4247 4493 4098 4393 5095 3961 5228 5555 5621 4657 5182 3753 4135 4803 5617 8193
4407 4707 4537 2202 2700 2322 3769 3077 3166 3091 3220 2986 3084 2341 3151 2281 3253 3526 4137 2508 3768 2304 3802 3480 3685 3296 3139 2844 2845
6577 5287 5130 6593 5917 6026 7538 7517 6855 6813 6057 6402 6071 7111 6915 5919 6672 7183 5894 7790 7606 7726 7703 7213 7247 7404 7836 6223 7513
6589 7006 6896 6652 6312 6796 6561 5758 5594 5642 5604 5578 5850 6730 6840 8049 6958 7914 8527 7417 8482 7487 7173 7408 8286 7680 6722 7623 7925
7026 7554 7724 6429 6172 2819 5735 1943 5583 2680 8829 5246 3895 5545 7061 3600 5986 5015 4562 4611 5611 6677 7751 7965 5054 3328 3008 4854 7776 6763
8296 7345 7051 6669 7105 3156 4867 3479 4700 2317 7096 5489 3640 5064 8057 4174 7489 4536 4446 5679 5010 6699 8341 8168 5351 3551 2766 4794 7857 7634
7627 6922 7872 5428 7783 3238 6778 2753 4796 1687 8818 6040 3102 4819 7288 4090 6501 5099 2660 4021 4865 6822 6859 8756 4131 3328 1337 4080 6976 7847
8519 7225 7390 7111 7052 3193 5438 2719 5778 1892 8572 6164 3226 4667 8289 4320 7053 5520 3699 3915 4298 7133 8563 8564 3941 4264 3049 4218 7572 7292
7152 7262 6989 7180 6783 2284 6433 3662 5625 1599 7052 5156 2545 5380 7205 3945 6898 5124 3628 4637 4611 6601 6717 7769 4210 3918 2993 5296 3622 6499
7997 7426 8481 7159 7913 3727 6151 2392 4603 3414 6977 6725 3305 5425 7460 4874 6397 4406 3407 5702 5773 7832 7774 7078 4629 4475 2889 5270 5123 7910
7207 7798 6933 2771 7609 3864 6804 2170 4423 1662 6955 6399 1665 5418 7908 3532 5629 4949 2960 5433 4537 8051 7329 8277 5063 3390 2232 5193 4608 6236
7475 6715 8011 3337 8022 3004 4917 5848 4779 1896 7209 7032 2243 5413 7378 4095 6027 4919 4289 5524 4566 6881 6715 8363 4570 4180 1503 3865 4360 8142
8221 7626 8609 2138 6286 3925 5367 6915 5189 2231 7710 6108 3401 5173 7157 4319 6877 4345 3867 4144 5636 8282 6893 7846 5028 3836 2539 4794 5131 6773
6966 8068 3617 3227 6140 3740 6751 5945 4295 3425 8530 5238 2631 3898 7952 3939 5589 4273 3370 6940 7289 8316 7224 7690 4506 3355 2794 4020 5014 5112
8096 8465 4154 1936 7744 3702 5870 5934 4227 1694 8707 6938 2894 5124 7368 4108 5861 4440 2900 7336 8618 8090 7177 7193 4814 3102 3068 5695 3906 4424
7077 7358 3167 1984 7900 3171 5117 6806 5281 3178 8081 5814 1673 5677 7377 5160 5851 4920 4212 6210 7795 7054 7356 8557 4054 3384 2432 4549 3638 4951
6871 6579 4206 1938 7381 2572 5029 6538 5762 4160 7871 5326 2899 4154 7785 3560 6463 4675 3602 7350 8411 7004 7364 7198 4209 3985 3578 4128 4928 5320
6983 7886 3484 2747 7852 3066 5859 6668 5429 4097 8622 6138 3175 4870 8066 3466 5823 4170 4269 6645 8682 7893 6895 8168 5567 4462 2780 4905 3715 5052
7843 7257 3459 2971 7676 3052 5683 6494 4743 2544 7776 6478 3418 4584 7179 5142 5815 3699 2899 7084 8300 7262 8553 7086 4050 4160 2427 4575 3788 4808
7914 6993 3833 3455 6650 2701 5105 5856 6792 3532 8449 5858 2182 4852 7134 4543 7171 5265 3660 7181 7130 7572 8466 8657 5629 4628 3147 5177 4138 5156
6954 7206 3766 2521 6648 2130 6123 6752 7231 2847 7972 5655 2097 3926 7341 3560 6356 5013 3990 6059 8330 5145 8093 8229 5554 4093 1905 4746 4500 5075
8680 7544 4529 2060 7792 3363 6550 5719 5567 2898 7995 6193 3414 4360 6845 4260 7277 5221 2901 7018 8514 4381 7661 7228 4899 4490 3283 5128 4626 4240
8216 8408 3090 2257 6193 2819 6596 5641 6456 2830 3228 2585 1935 5741 6753 3376 6011 8866 4479 6506 7005 4168 8016 7603 4619 4125 3010 5482 4494 4139
8230 7369 3214 2397 7767 2366 6795 5611 7367 2461 3435 2549 1574 4488 6747 3755 5140 7754 4267 5780 8112 5584 7525 8757 5833 4465 3731 4209 5050 5921
8751 7022 4583 3026 7024 6886 6058 6930 5966 2452 3650 3158 2277 5725 7415 4739 5599 8776 4384 6542 8786 4577 8258 8357 6122 3693 3074 5697 4093 4225
7615 7890 4711 2738 2986 6964 5630 7067 6490 2783 4090 3481 2889 5069 7445 3391 5997 7850 2922 5934 7195 5113 8132 8687 5565 4504 2668 3981 4675 4812
7617 8251 3055 2437 2777 8353 5146 6041 6148 3238 2920 3712 3001 5023 7620 3765 6059 7684 3875 6271 7851 4684 7905 8117 5254 4170 3650 7076 5094 4453
6972 7222 3001 2293 2041 7938 8228 7162 5597 4132 3636 2679 2398 5083 7119 4077 6220 7426 3243 6586 7088 4624 6939 8224 5826 3099 2690 8306 4706 5810
7846 8515 4645 2728 2666 7675 7725 5764 6684 2527 2885 3071 1876 4548 6721 5043 5203 8874 2754 6650 7674 5569 7637 8709 5636 3516 2357 7565 3616 4925
8197 8073 3344 2434 1701 6979 6989 6914 6304 2714 3667 2422 1949 3933 7711 1838 5206 7958 4171 5589 7888 4484 5399 5037 6523 3385 2104 7240 3533 4602
7870 7384 4577 3143 1852 8136 7081 5963 6624 2699 3557 3068 3319 5115 8035 3298 5699 7109 3947 5834 8089 5061 4103 3781 5457 2884 3058 8435 4471 5432
7706 8282 4740 2246 2849 7908 7080 7014 5610 4187 2772 2442 2247 4028 8074 1475 6156 7302 3660 7304 7639 5417 4883 4379 6320 4086 2812 7887 3813 5623
2445 8474 3860 3255 2922 8076 8058 6240 6660 3847 2709 2589 2598 5237 6866 1920 5451 7921 2053 6111 7018 4971 5319 4683 4838 3679 3213 7120 4767 5787
23 6 18 24 69761 1.0459224071599016
5 28 9 5 62669 0.9489139623443072
15 0 9 25 82947 1.0956329333877872
18 28 9 13 69476 0.9758896305182613
12 14 8 8 26561 1.0356817343352798
1 0 1 24 108764 0.917344936547512
2 29 9 6 79840 1.0413308906366427
11 19 12 0 62119 0.9370610854510034
17 16 10 21 49914 1.0965308190109222
20 26 13 9 63625 0.9745671749768736
4 12 22 27 85192 1.0586379187878854
26 12 0 18 87785 1.0010275868595715
8 17 17 20 39697 0.9534522680705372
20 1 9 6 51074 0.9330218944451371
6 17 10 8 40075 0.9437446816628862
26 16 16 29 72264 0.9825688204494558
1 8 22 14 71292 0.9151005772479125
18 22 16 4 54745 1.0503319001117515
1 7 12 17 57412 0.9405652066366904
28 16 27 26 39915 0.9988342034424285
3 8 25 3 71082 0.9918093837674009
3 0 17 23 105207 1.0717410599199497
0 24 18 29 66517 0.9981588956629773
17 23 26 0 93696 1.0194771066268518
25 25 10 15 84929 0.9966133745212152
9 11 14 4 41766 1.058139821566136
13 28 27 19 70368 0.9236989726607102
12 13 4 18 40004 0.9964569177370889
22 5 4 16 85636 1.0541337026523607
10 5 21 9 41363 0.979592525361402
25 23 21 15 55809 0.9018202011850803
15 2 3 21 83307 0.988255713759509
25 9 20 19 54238 1.0730048237753822
4 1 13 22 81514 0.9108896240089717
8 2 29 4 56901 1.0603383141680944
24 11 6 24 78257 0.9343985731997848
1 4 20 7 77820 0.9274977274484241
22 2 28 17 58045 0.9434019468352549
3 3 8 12 40658 1.0412837867298566
23 21 25 2 77444 0.9915497713478159
1 10 15 10 49769 0.9445260615756313
6 8 19 15 54260 1.0498262393617215
27 28 4 1 130777 1.005828734265613
13 10 28 11 48207 0.9172067194356801
9 6 27 3 58402 0.9445864147882655
19 22 18 6 65772 0.9762171327380289
28 5 15 16 69409 1.0438387154943218
22 16 6 23 78299 0.9530275824302135
4 26 24 9 92457 1.0114758034629596
17 13 17 26 35847 0.9653764711756696
20 18 26 22 41714 1.0735792601555776
14 4 29 25 103753 0.9991224352214049
14 13 24 4 49407 0.9578175366903603
22 2 0 16 98927 1.0091875233256273
13 15 22 1 64695 1.0351156145660443
8 23 14 0 72236 0.9628270034289849
22 7 13 8 37813 0.9703985753371862
21 8 25 18 54000 0.9952903268358487
9 13 8 29 42949 0.9360511156836535
7 15 1 11 35920 0.9890096088478217
19 2 25 15 60274 1.0543066598471094
19 21 27 17 49768 0.9745645056529562
9 10 23 9 49530 0.9762790230840191
8 29 19 24 49606 0.9899210488694161
26 15 22 0 53340 0.9183835796659543
6 5 16 29 83598 0.9300695613388453
7 18 1 26 34524 0.9581771963422928
3 15 9 24 45980 1.0071649431079424
12 17 1 8 55572 0.915510837601312
3 25 20 12 79446 0.9363699936220684
9 29 22 10 91024 0.9498455913768605
1 25 16 28 48209 0.9487846880941438
3 26 5 18 27668 1.0636687116211951
23 8 23 21 56739 0.9548255838650186
19 23 29 9 88175 1.0782805767580184
6 29 23 4 97517 0.9297785156935501
1 24 15 8 89185 0.9582943097394134
7 24 4 9 46978 0.980906572095833
2 6 22 23 113583 1.001931969329359
13 6 1 22 88850 0.9825361370796455
7 15 11 5 38047 1.096016008227227
20 20 11 27 58565 1.0422795330869126
1 17 27 3 109775 0.9603941884090901
13 17 23 1 68145 1.0004580622927228
27 29 0 21 105718 0.9271885420530015
10 29 5 18 46385 1.0068065842626857
3 9 15 13 42095 0.9903664364307528
3 16 24 16 89636 0.9151524166571118
20 2 1 24 110771 1.0617674630634057
28 25 16 0 101661 1.0585014456295598
9 13 3 8 30374 0.9196444831219066
12 0 0 12 58977 0.9501357397460549
5 9 19 15 54779 0.9714492761615517
25 27 29 19 47898 0.9723839005242269
19 26 9 2 88325 1.0901534702458169
9 9 1 22 68877 0.9972235659436078
26 1 10 29 120780 0.9384862118388575
26 23 3 22 93008 0.9774337953416723
12 1 0 25 88271 1.0878051134382474
6 25 12 8 56951 0.932656458057735
25 26 6 2 109985 0.9649646702437744
7 14 15 3 47616 0.9105275733010773
24 3 11 18 73957 1.0673860218295572
15 11 28 5 59477 1.013453126625599
6 18 4 9 35932 1.0654694957594644
2 17 15 18 51049 0.9510345816742607
6 7 9 18 34633 1.0651320646494973
14 8 20 19 55860 0.9524250822937956
29 23 17 17 64449 0.9238376846318479
0 2 2 15 61822 0.9822704736822336
22 22 14 4 81898 0.9184478290533461
8 19 16 4 57767 0.9410738182835219
16 28 8 25 28512 0.9934360578684136
20 12 26 21 50819 0.9170515952703341
23 27 14 22 53669 1.0588295477774603
2 11 13 12 33844 1.0316440951610995
25 20 16 11 62066 0.90238027326652
20 1 18 26 83232 1.0030838147239338
28 26 10 9 91935 1.0970132179778698
11 20 27 11 72137 0.9107046973342938
26 23 18 6 82812 0.9821696683817213
27 3 17 6 34093 1.0560880011442062
11 11 20 24 66316 1.0936410103000505
2 0 6 27 93821 1.0237126972000166
26 25 19 22 43420 1.0102720909333749
1 2 13 10 68174 1.0198357103782438
9 4 28 4 56474 0.9952374884512377
17 29 22 18 53808 1.0202598553201208
8 13 19 27 64878 0.9317540254112724
21 15 6 5 72103 1.0679653732868841
14 27 23 8 73017 0.9885714785285032
27 21 3 20 100248 0.9734897659134034
1 13 14 22 74819 0.9507665702818514
10 16 23 18 60401 1.0718251992864734
14 27 22 23 42837 0.9737105618957032
11 24 11 0 75728 0.9238466454377818
24 29 5 28 75187 1.0905146176568754
11 26 13 17 32552 0.9294663224782826
3 6 25 11 77523 0.9887600111242942
17 16 14 29 44980 0.9081791593179762
3 6 7 0 38995 1.0589378475575055
28 14 13 3 71560 0.9292081958178744
1 6 8 13 38537 1.012324521211575
12 12 4 8 29339 1.0608332141742403
22 29 26 3 103925 0.9405481302652604
0 9 22 12 61267 0.9007377625706982
2 25 23 11 92465 1.0975197600944933
8 28 1 15 58291 0.910972321479297
7 6 21 24 97075 0.9588449644702832
22 29 17 16 60010 0.9794893459167702
29 7 13 19 83696 1.0671214305207313
13 17 29 11 58673 1.0851375658977465
18 17 24 9 43920 1.0736166561271492
16 29 24 9 69618 0.9840537340351324
22 2 28 20 68553 1.0625617375443877
9 13 10 3 32320 0.9869647240082201
25 14 15 24 66865 0.9575243044621184
28 24 22 28 37171 0.9243085629200428
2 1 14 10 71139 0.9961317629482026
8 25 18 7 74140 0.9213245555675952
6 25 15 15 59143 1.0120041888894435
29 21 16 22 65329 1.010869996615994
3 26 14 23 43988 0.9224969456345545
15 28 9 12 60373 0.9202961440648105
3 18 25 24 94329 0.9132277063099438
0 12 18 17 67303 1.0488620833874498
12 8 18 17 43726 1.0880784272822877
27 17 5 8 81829 0.9118270943158867
18 1 14 11 45768 1.0900495783220472
19 13 4 7 58128 0.920417851410928
2 28 18 24 60483 0.9348175510891188
6 28 25 28 68961 0.9806113958323004
24 11 28 23 50081 0.9490271775176125
5 3 23 3 51099 1.0145056725822412
24 16 16 6 53285 1.0836602433028144
27 14 14 18 52638 0.9449001753225723
1 19 24 29 105076 1.0083385005125345
0 13 25 6 97975 1.0258916527715665
19 12 15 21 34867 1.022125504980361
29 25 19 9 78145 1.0138431130098904
21 24 13 12 63199 1.003828773684542
12 20 4 10 54414 1.0566819513771832
9 18 26 12 62001 1.049327312509682
3 19 4 6 45782 1.0452536396960592
18 11 11 16 36359 0.9072925518636324
11 20 0 2 84624 0.9982007505773882
18 8 12 13 32700 0.922963598861529
17 23 3 21 69621 0.9991258214037972
0 9 15 29 87949 0.9129595737061215
19 25 6 29 44388 1.0601502782811836
5 11 20 16 63858 1.025251166700397
17 25 7 20 48028 0.9708284095970602
28 15 18 16 38413 0.9901881842618383
10 4 19 18 68485 0.9863278794402879
4 3 10 15 47795 0.9129787271432838
19 17 9 10 64761 1.0856882951900684
6 17 18 8 60534 1.0840995257557204
10 21 15 1 80583 0.9542198940528984
5 4 29 6 84098 0.9171450073030574
6 18 16 11 44698 1.071803530552421
6 5 12 0 27556 1.041441184627767
25 16 17 21 50961 0.9442176668400721
1 13 7 1 57199 1.020097073130684
4 21 1 1 83063 1.0911610933710076
6 16 25 8 78596 0.963744811066308
25 20 22 0 81180 1.02613923576894
18 26 23 5 71799 1.041686999050504
14 26 26 19 65605 0.9933776612532601
8 25 17 16 52468 0.9170790087654217
0 25 16 21 59576 1.0788915373859242
26 7 13 12 52048 0.9517963040685082
25 28 29 1 103378 0.9869849319031629
29 7 0 16 116723 1.001871346461257
17 26 11 19 43085 0.9074868354838074
13 7 9 1 33693 1.0633345253793622
5 12 1 23 54552 1.0111845145789617
26 27 13 22 53151 0.9622815876818517
24 13 0 27 101436 1.0871518126926112
9 17 5 27 35196 1.0847615030023354
5 16 26 5 94264 1.0833235281025904
26 22 15 29 58061 1.0670164962562534
27 27 9 25 59297 1.0386431555933413
27 4 12 24 90206 0.9945850230990215
28 18 0 13 98136 0.9626778078361904
5 10 27 25 105776 1.0265354512569944
18 14 26 28 77581 1.0773503240229907
5 16 17 12 48577 0.9709959193466027
14 15 24 24 70399 1.0061927856631012
24 26 29 17 48126 0.9787740902565693
22 1 19 18 68104 1.0972502039572312
15 7 25 26 79077 1.0086856484373563
23 1 9 2 45574 1.0740232907047456
7 25 0 14 58912 1.0782697139293786
19 4 28 10 49438 1.0056755163100237
19 28 1 21 79727 1.030494692053603
27 4 12 25 91992 0.9692769579240224
9 3 24 4 40112 0.9185685279617232
27 0 6 22 110727 1.024598640612624
7 28 15 6 82083 1.0998369450862582
19 13 1 3 88354 1.0305941603488695
16 17 5 24 57057 0.943361183527074
9 4 28 26 112648 1.0205329576283775
25 13 19 0 64024 0.9564684505307228
29 14 15 1 76568 0.9191269120667451
1 27 19 0 116454 1.0665278701678278
6 27 1 8 64179 0.9161491073138369
25 7 10 20 92197 1.0668735846886783
27 8 13 16 59712 1.0952767670775432
12 14 0 22 75475 0.9906827444956637
12 21 15 5 61177 0.9625548533996875
26 27 21 10 74345 0.9402779474080327
11 5 0 11 45145 0.9244643863293679
11 29 3 10 75822 1.0975324369461241
25 4 12 13 55771 0.9350799405629862
25 13 3 4 87632 0.9770695137894142
3 8 23 19 93766 1.087661838540841
10 14 29 13 66637 1.0101904604735346
3 19 24 10 81911 1.0321613485775971
29 17 22 11 43000 1.0499277779644187
4 13 25 21 98985 0.9721489156802618
2 14 10 23 64255 0.9584928839853766
21 2 21 24 93122 0.9891526452746675
18 17 0 16 79902 0.9593038084339327
22 24 7 19 70764 1.0841431806760495
6 10 8 26 41208 0.9454840312172474
28 24 19 23 51253 0.9150427647447132
17 2 11 20 72101 1.0598380173835578
2 8 17 21 71128 1.0963093941069653
9 20 20 26 53702 1.0391449979992808
13 29 1 11 86605 0.9931880093896672
5 13 16 9 44436 1.034952948261551
22 14 23 24 51736 1.0834783766689018
27 20 18 29 60018 1.0836054659968
14 11 13 1 36585 0.9947330022889896
15 22 3 26 50883 1.037712584507902
25 13 2 3 96479 1.0078097578198213
29 23 15 9 82488 0.9677409652783859
3 27 6 15 43623 0.9267328849547503
2 22 3 11 52699 1.0028109452101133
14 25 0 19 67974 0.9032049816425798
23 29 19 14 81272 0.9022171216244887
20 24 7 28 56623 0.9233779079908028
13 2 18 27 78851 0.9908714964714744
14 4 7 19 58545 1.0960668323795262
20 9 29 29 91453 1.0399219738489605
7 10 14 26 60211 0.9261222316220178
28 9 15 25 74618 1.0497412499042564
27 10 10 23 93129 1.013897054683956
23 4 17 28 78583 0.9679421595084303
27 29 11 18 78084 1.0611225841278524
12 5 13 19 43601 1.04329948962127
0 13 21 12 61408 1.0991464921129817
5 6 24 27 111239 0.999506102362199
8 6 11 28 63563 0.9890752329757453
27 7 2 6 86220 0.9169742861955729
27 5 11 8 60524 0.9186976222987994
20 14 5 3 76050 1.0090381296792523
13 17 22 1 70955 0.9014045299232121
2 18 11 26 44060 1.0302454810296804
11 17 13 28 42747 1.002667108945465
3 7 12 2 34865 0.9219211605707912
18 2 7 21 75261 0.9665564189081965
23 21 8 5 92369 1.0772735768824908
21 4 1 21 111679 0.906119389361158
25 6 7 14 80746 1.0938691071898685
10 28 24 7 97319 1.0245516697205792
11 6 10 21 63293 1.0304921791094481
13 13 25 12 32580 0.9869702496965889
9 21 6 10 37555 0.9958663915299153
6 21 9 7 46052 1.0403591203047633
11 6 7 13 35095 0.9920294751193766
18 10 25 4 33997 1.0419406107559597
16 13 25 28 69850 0.9084822962281297
17 6 9 12 39033 1.08078288105127
1 29 10 2 89014 1.0838450384265206
20 13 4 17 62617 0.9412166369325222
4 6 21 10 62262 0.9777329486343211
5 15 16 17 50491 0.9786368420196621
13 13 21 22 60367 0.9040805154741722
19 9 11 26 64696 1.0608472224980838
8 10 24 1 63435 1.060267847180756
11 13 25 26 77430 1.0186556333502388
11 9 19 29 76059 1.0665408754191705
4 23 19 26 48762 0.9506126470340817
4 8 1 26 60625 1.0347321168399044
26 8 16 8 36194 1.0100926461139499
23 25 9 7 100286 1.010737518849073
16 22 27 22 57245 1.0843814206120452
23 28 26 1 105956 1.0088691963875451
9 18 19 7 66828 1.0514536389870743
25 7 1 29 120968 1.0540416737463811
29 28 12 10 95918 1.0059888915189474
5 25 14 14 64520 0.901890047041259
21 24 3 5 108046 1.0974091799485899
7 21 29 21 100066 1.053800893402042
7 4 21 17 86067 0.9546483146009033
11 7 17 16 44846 0.9924292715280429
7 15 23 13 54812 0.9514291435674138
11 17 2 18 35204 0.9748787105512277
22 1 0 11 80344 1.0165788434041845
9 7 18 21 71907 0.9838976162554096
0 10 29 13 88177 0.9629546959924338
12 24 28 3 94654 0.9138109546473779
21 22 27 9 69062 0.9095314585744566
4 27 26 29 81393 1.002086714911973
12 14 25 10 45974 1.0720677759354222
12 19 3 2 77606 0.9446159116500401
4 18 19 1 86766 0.9996201180423839
2 20 11 15 47794 0.9033437655930844
28 7 20 9 33802 1.03491235169349
29 28 22 4 91031 0.9686961259838311
19 16 28 26 71074 0.9063514082820868
12 16 21 2 63869 0.9729158756124536
21 12 13 0 55580 0.9165639489238343
22 22 3 21 89116 0.9571138300171823
22 15 6 14 57897 1.0564695511111561
14 5 1 12 54199 0.9708201718581404
2 6 6 15 42928 1.0649759183052179
17 17 0 1 95791 0.9778824881707315
2 4 6 27 76531 1.0367336610705975
1 7 16 18 66599 0.9323052197680372
1 5 5 17 52722 0.9693748627464578
3 28 17 25 52769 1.0587929511615939
23 19 8 16 67278 1.066597196872371
16 20 4 10 54919 0.9901351539676984
1 23 16 6 96550 1.0682764102389726
6 11 25 1 76502 1.0238271413907896
16 4 19 29 75276 1.0435519070826922
8 0 24 2 49811 0.9588462832024066
11 13 2 17 50375 1.0940152290533103
15 11 24 10 31870 0.979442640867908
15 5 7 21 63135 1.0504036044946854
23 21 2 0 133977 0.9092922613229185
17 12 20 0 49815 0.9043213036585964
12 5 4 23 68379 0.9923870052943309
17 23 7 17 54545 0.9634246751238953
18 13 2 6 62891 0.9466551893826018
26 19 15 12 54455 1.0032607988222046
6 1 14 21 80252 1.0933945363392708
26 11 28 3 28861 1.0157238761437863
26 10 17 28 73301 1.0336096521993243
3 12 21 6 74845 1.0735541148825305
24 8 2 25 106271 0.9826812414566315
12 29 28 2 113596 0.9273478144984957
17 5 29 21 83614 1.0643303591795477
1 29 0 5 90942 1.0269414151255274
6 4 9 12 31068 1.028758494380928
22 4 2 18 93361 1.0487847022743162
11 18 13 27 34582 1.047514521678654
24 15 7 22 82420 1.0450039810337288
14 8 19 24 63244 0.9850305365017609
26 23 13 3 95997 1.0385098377845163
14 18 7 25 43220 0.9152566571265304
0 23 12 16 76504 0.9994642468957822
6 12 13 15 25888 1.0489001725545042
18 19 16 28 34733 1.0621438967529917
20 15 9 26 61204 1.0506588432225419
10 17 18 25 51941 0.9843167226776035
11 0 26 8 65178 1.027685780854792
3 19 26 2 104412 0.9810757266739485
2 7 25 1 79340 0.9943147257142684
27 9 14 28 81315 0.9652537415855893
18 7 28 22 75536 1.0733153379004174
15 17 23 28 59875 1.0061146920650728
19 5 17 24 59884 0.9281366796402657
24 28 27 17 48109 1.0190419911376802
16 17 18 7 33771 1.094615711452415
27 20 9 0 108422 0.9038111460290934
27 12 3 29 104646 1.0788608990723239
20 19 4 11 69489 0.9696787047204829
4 0 25 21 128024 1.0725609005896732
24 11 25 2 31593 1.065730390736869
26 15 20 28 67814 1.0489032645793723
6 24 25 29 76820 0.9706896787593164
21 24 1 16 103945 0.9777602536545196
19 21 27 3 80725 1.0069803045526262
28 4 14 19 74800 1.0697113427179776
13 5 12 22 58879 0.9828055607387293
22 17 12 18 41609 0.9551508161840434
3 22 0 4 77743 0.9832723589107251
5 1 5 29 87719 1.025117672339825
13 21 27 7 75120 0.9906952544601557
27 29 11 14 93018 1.0156630388480092
7 27 22 7 92825 0.9220197376719773
29 5 12 1 55872 0.9273424583222357
4 7 16 0 48557 0.9030330438214542
5 6 15 13 51544 1.0488154333271817
12 8 5 23 58113 1.024273110380702
10 20 24 13 74302 0.9086576325932779
6 7 29 16 87337 1.0139264793954639
14 8 24 20 74316 1.0645408779262493
13 9 8 14 25580 1.0567502824631947
14 23 3 29 56302 0.926620021237757
24 19 7 27 82836 0.9315406041511243
13 23 27 17 69343 0.9699453154924755
15 1 22 27 89637 0.9776659370355663
4 7 7 20 43308 0.9982743429357859
5 5 24 12 69048 1.032919362396211
8 21 0 0 80816 1.0719639383827093
28 6 10 17 89875 0.9595920358639001
14 19 3 12 53564 0.9304473053054858
18 12 14 29 55190 0.9072607287296045
4 3 2 26 72666 0.9576332361336223
13 20 19 11 42278 0.9826240369118726
5 21 22 0 100466 0.9420859950833524
17 0 16 18 48960 0.9062569093313588
22 20 22 6 56222 1.0322469952711295
8 14 13 4 36728 0.9897858776696258
19 12 16 27 43174 1.0985471146369448
23 7 8 26 82778 0.9458815320365342
28 8 23 21 65860 0.9737607582161463
12 25 1 11 68783 0.9612780231880381
13 0 17 20 66712 0.9665896299428139
13 3 0 4 44385 1.0185818691550457
13 11 5 27 58260 0.9103692661528473
11 6 15 26 69612 1.0581214149439586
2 21 5 10 52078 0.9262009827589311
28 15 1 22 118038 0.9287849402204211
29 5 12 25 104075 1.0888759633176437
25 18 5 4 102793 0.993879886807196
23 16 12 12 46297 1.0631076319927828
3 13 29 14 84112 1.0884771867245766
25 0 28 12 51604 0.946428471745274
10 6 1 9 34385 1.0458214253574916
6 10 23 8 54360 1.0804165873873561
0 2 21 1 86217 0.9221006734577111
29 23 15 27 58322 0.9474684347020099
17 9 27 24 71765 0.9408514704698466
17 5 13 14 35100 1.087701926666093
8 10 14 24 57380 0.9921807543487045
21 27 9 10 87882 0.9856030892686213
17 7 16 16 25369 1.0005322671574688
14 16 15 26 39895 1.0260090874028358
10 5 5 18 47367 0.9396997229449924
13 22 1 6 78500 0.9284333248901011
6 21 12 10 41534 1.0229574731012985
17 26 22 17 48168 0.9294726373167639
0 28 28 18 112936 0.9391076040988269
9 15 22 6 68847 1.051850479986982
4 0 18 24 102180 0.9243714534842981
13 9 12 24 49280 0.9144186544352748
18 13 25 4 39069 0.9238582931893263
1 17 2 0 83213 0.9189366611731931
19 19 29 27 74271 0.9676835080437387
25 8 25 26 70398 0.9685929111841848
12 26 12 3 70848 1.017159608530969
24 16 12 6 65836 0.9355878959504542
10 3 27 1 52309 1.0140715754775869
22 14 3 9 60855 1.0782971723365962
8 16 4 28 37736 1.074205748703483
14 23 8 17 42589 1.0359299474778842
25 28 0 13 121101 0.9294552791565439
4 23 28 4 109646 1.0644814402456395
10 24 6 11 42828 1.0491307904628742
14 4 26 19 80426 1.0419208196443122
15 10 25 18 57852 0.9095995469318074
23 14 10 13 51255 0.9698784964432551
10 14 26 20 85379 1.0876379688203937
29 2 17 11 55590 1.034108387646751
5 28 22 21 75782 0.9038781783083508
1 10 25 10 77243 0.9381673964520052
16 19 22 2 59279 0.9110077470047246
9 26 14 13 53915 0.9242174975406139
19 7 0 24 108905 1.0916739439832999
16 0 6 29 86353 0.9512074581970829
11 5 25 15 70103 1.0643303653248497
23 26 7 7 93942 0.926680929570078
3 1 19 21 102876 0.9017155299637666
21 29 11 9 82787 0.9111086635011255
19 28 25 5 97874 1.03495988718018
26 21 9 8 95487 0.9017802273820097
8 25 5 0 74876 0.937967447193353
9 16 13 4 48409 1.0157129652525367
23 23 11 22 73196 1.0853057678819338
7 15 4 5 38241 1.0059001111888493
3 15 0 7 39651 1.0803058441895612
20 13 29 20 61847 0.9674398464522503
28 8 8 3 65947 0.9708964281686765
16 25 22 6 66042 0.9321494879550937
1 19 22 13 82693 0.9661763515374757
25 20 11 7 91137 1.0595443681337862
17 13 4 9 43397 0.9323400371493689
16 7 26 19 66117 1.0068930670594218
20 27 24 9 80286 0.989048434276061
18 20 4 18 58701 1.0432234676559684
27 25 17 16 63136 0.9825594225778522
16 27 4 9 72380 1.0909838911546659
1 22 23 12 98445 0.9457086229452146
16 22 3 9 61797 0.9339657575936691
0 12 17 8 59420 0.9252208963993495
21 13 19 4 49444 0.9534846809939281
2 0 11 26 97268 0.9287591536498817
17 12 28 22 59868 1.0667264313007327
10 10 21 6 55587 1.0259962570130476
2 27 5 15 45803 0.9419654246116717
4 3 9 16 48459 1.0553993799953525
10 26 14 20 34583 0.9516671698674177
0 17 15 18 60141 0.9842622985898718
14 11 9 23 53911 0.9647858306283061
12 7 10 28 70089 1.0150924097097205
20 0 24 15 66236 0.9600898626807546
21 2 1 0 92681 0.9075233443806604
25 15 18 2 60506 0.9682345295440667
16 1 6 9 41129 0.9298937128679515
5 18 20 1 84275 0.9872518725901698
4 29 26 19 100484 0.9560905244457464
6 15 29 25 97657 1.0075108815244824
14 6 2 10 44350 0.9674248194418585
13 5 17 13 32332 1.005800984121023
10 2 23 10 53430 1.076634324329655
0 21 18 27 74375 0.9353212108331911
12 17 14 6 41985 1.0639211331934035
17 11 12 2 37397 1.0965233973297648
19 27 11 11 64188 1.0466302011869
11 29 8 13 50425 1.0151314416310961
10 0 2 26 86772 0.9006820906969659
2 14 23 3 83468 1.0099074703813766
2 19 24 28 94678 1.078676323976131
0 2 9 17 66563 0.992990152403586
14 15 1 28 71627 1.022371673932619
3 5 11 29 83490 1.0672240374721746
21 3 9 21 79734 1.0723104915536534
4 7 17 4 46615 0.9372094955180484
5 9 23 18 77649 1.0525815165773111
1 1 28 26 149098 0.9909140565974
10 17 15 4 57233 1.0027934415158248
26 7 17 15 49316 0.9018390574814297
22 18 10 16 56526 1.0800650819685893
20 23 9 1 106618 0.9961067674463548
21 28 6 0 114842 0.9630761873017215
25 7 12 20 81907 1.0513887522064997
7 17 19 26 56509 0.9733891778370084
2 3 0 24 93405 1.0663809319561879
27 9 25 19 40430 0.9904655903882265
17 8 8 23 60638 1.0689952352741585
20 8 26 24 75382 1.087383056155134
20 0 3 27 113874 1.0083348805920702
22 12 16 2 41505 1.0812493472756939
0 8 12 27 78028 1.0801630807985405
11 14 20 10 40714 0.9250465270956438
8 18 13 0 54749 1.0265223839239574
11 0 1 14 68831 0.9750841869690501
28 28 4 11 106886 0.9343392589934054
10 19 4 15 36584 0.9112368210348315
5 5 8 17 37227 1.0422995649924456
11 24 20 4 85138 1.0007399602926867
16 27 1 20 64745 0.9851554004232163
24 20 6 21 81737 1.037753888900912
10 1 29 1 71643 0.9056309244141784
20 22 2 0 126318 1.0239425637919322
4 8 29 9 75555 1.0042887000487768
15 14 26 9 46178 0.9422684429099004
6 21 8 8 36479 1.0032150455077495
18 5 21 19 61261 1.0808352774676804
28 14 25 3 45609 1.0340671111532302
21 14 13 8 45616 0.9680487322968986
17 10 29 17 57691 0.9570832617378985
23 18 13 28 61897 0.937757814016161
6 18 21 11 59072 1.0478981532327545
2 11 18 7 59357 1.0562158350362378
28 10 27 19 30751 0.9983399415176903
24 0 18 8 44984 0.9729414199459079
24 8 3 15 79610 0.9348530738207956
25 13 12 19 62629 1.0307459912191979
11 3 6 17 47272 0.9186633186886971
16 20 19 8 41946 0.9494554565083215
6 0 29 9 88806 0.9211387275366703
11 10 1 14 52150 0.9662513311383655
8 6 3 22 61229 0.9780100861160681
12 16 24 8 55305 1.0143152646432179
8 28 6 11 43434 1.0459480098671992
19 0 5 24 104090 1.0897284826397402
21 2 20 22 87855 0.9994484052518126
3 20 7 8 51950 0.9035164620469374
0 18 1 28 45656 1.0590529505902548
18 8 24 18 55160 0.9012767478150014
29 17 3 15 99556 0.9967868638115908
12 21 25 15 68839 1.0665316581301543
16 24 28 27 47790 0.9204921024125537
17 25 29 28 49845 1.005276996404478
5 1 28 23 128821 1.0295750864641429
26 11 21 5 35960 1.0667028457399608
26 17 15 10 56085 0.9153773798224589
17 19 9 28 55864 0.9221886632438481
9 0 6 19 57298 0.9211238001725991
3 15 16 22 63481 1.059151838436296
5 7 1 17 50122 0.9072842103267947
6 22 11 10 47103 1.0814091879007315
17 11 12 4 33443 0.9649078319007631
0 1 26 2 96371 1.0998234277398216
10 21 3 27 45589 1.0318318573950267
16 13 7 22 53536 1.0916623932950233
17 14 0 7 62150 1.0674468331531695
1 18 5 3 65274 0.9405627970160073
27 13 28 29 55983 0.9913914732545452
0 16 10 3 64471 1.0946891890557189
19 21 25 28 58648 1.0595490015174176
7 20 24 22 86733 1.0535784964027963
29 29 5 22 95692 0.9033893402166612
29 4 8 0 61092 0.9926420820680439
23 0 17 9 37047 1.0204228104839683
20 0 9 19 85342 1.0283131416091749
7 8 17 29 80607 1.0167357413171128
6 25 18 11 67394 1.0086528719868526
12 24 16 18 31301 1.0710601670331499
15 3 5 27 77895 0.9021536562849606
29 8 26 1 38838 1.0042194133052056
13 19 22 20 47490 0.9715583703465037
19 7 10 22 85913 1.0947245941812733
24 15 2 1 108132 1.022361990976782
27 5 17 6 36832 1.0937939750026473
16 0 17 14 39268 1.0049193029803134
15 11 22 20 52785 0.9695906534185028
2 28 20 11 91202 0.9993911350889656
28 14 7 18 79241 0.9213162703292563
15 22 27 11 59581 0.9937762308960895
4 23 28 2 115416 1.0277631960838187
11 18 29 0 101434 0.9259083840824041
2 24 20 18 81066 0.9829751814520995
17 5 21 22 69999 1.0505955534844593
3 21 29 28 98605 0.9790018664669324
16 29 5 23 48273 1.0157938965489919
9 9 4 4 25421 0.9166403744964468
18 27 15 5 63346 1.0543357789750223
24 22 24 0 89361 0.9572166994578384
17 22 3 8 75251 0.9154317903236732
12 7 27 14 57305 1.0345877961570742
0 27 27 10 109499 0.9994643021014115
4 19 25 8 90197 0.9745228048917577
26 14 4 28 100033 1.08269125369038
23 25 25 12 59472 1.0499236451656484
17 19 25 29 68983 1.0264969821552499
7 6 23 12 59838 0.9520503028411602
17 2 22 25 84826 0.9513374495989856
25 24 13 16 75573 0.9849011121946748
21 7 2 19 93904 1.0650414952032967
1 19 17 1 90780 0.9413140142668068
20 7 4 16 75809 0.926727481982246
7 16 8 1 38301 1.0792792503077135
12 19 11 4 55376 0.9986098806085708
16 22 25 2 70269 1.0268901044388203
21 16 27 0 64894 0.9035848627664796
5 0 28 22 129843 1.0995223522112103
19 11 8 25 63093 0.9835616429747913
29 11 11 18 67313 0.9986300209815144
11 7 29 13 69220 1.0165726062699556
0 26 12 27 37234 1.0745904305575307
14 29 27 29 57028 1.0308540161487123
22 0 8 15 72831 0.960546647096009
4 7 12 19 54404 0.9133323423167223
4 21 23 20 91344 1.0497153515661166
5 2 22 28 119604 1.0217558134036913
26 12 2 23 100491 0.9825103446994401
21 7 21 26 82333 1.0365938702169757
24 12 14 15 36252 0.9144712919053654
4 29 11 23 40324 0.9887046436118337
2 28 8 12 54988 0.952204075119767
2 12 3 24 45622 0.9811224582118884
5 7 19 24 85449 0.9628468071876742
20 6 15 24 67224 0.9564905140174743
3 1 1 13 57036 0.9088069506451748
4 7 16 13 46716 1.0592678418842707
1 4 6 26 79206 1.0670362855092594
28 10 4 9 70876 1.0717648251108858
13 19 4 23 48577 1.0240179625685042
19 26 25 0 101926 0.9682940124609408
18 1 20 15 56485 1.028338872870722
4 17 23 28 88728 0.9184597173455994
24 28 3 15 103358 1.012144526417199
2 22 21 25 78587 1.0724502159721023
13 28 6 16 51792 1.0866721888600006
7 3 14 14 50541 0.9544048823242388
14 24 3 13 69918 1.0399631461196268
18 2 14 14 50903 1.045971206824921
3 4 24 26 114679 1.028208679008646
20 29 7 22 64670 0.9037183131765295
4 4 22 16 81688 1.0729642611007142
9 1 29 26 122849 0.9092536949893334
21 12 29 19 47308 1.0953011472479037
14 26 23 3 77680 0.9363172341227732
29 23 11 5 103129 0.9074971232831929
13 27 17 8 59284 0.9156790723077837
9 27 17 19 50977 1.0675728691312634
2 23 18 15 85093 0.9237697641321024
10 6 7 26 59746 0.956701501782812
15 26 11 9 59046 0.9604400126749605
16 12 24 17 42063 0.9313784073580447
24 21 26 0 87625 1.0482069787311796
3 9 25 24 110118 1.0013331620310828
4 25 23 14 94240 0.9859905723884048
23 28 20 12 74805 0.9245287046200169
11 8 27 10 56419 0.92904847294245
9 5 7 25 53971 1.0957960988847353
29 23 24 5 77112 0.9670783096085936
22 12 1 2 94969 1.0591395533709616
9 10 24 25 95747 0.9104738089429363
13 7 9 22 55935 1.048567187034008
8 22 28 16 86527 1.0839962069137854
28 7 12 4 56994 1.0880930008848575
7 15 16 21 45259 0.9721248119173668
26 24 11 28 59761 0.9443652540805417
18 14 23 3 39833 0.9453142341573948
24 2 11 10 58230 0.9902473250593243
1 8 26 7 82772 1.0266156167329592
20 7 28 28 91950 0.9908108347389166
24 24 13 26 43095 1.0551750012331302
13 15 26 26 67650 1.0749582795434642
22 2 6 2 49943 1.02740795718365
11 1 5 15 51019 0.9711004988281653
24 25 0 0 144977 0.9586007072305776
16 28 24 11 59997 0.9098464911636878
13 5 2 5 36420 1.0153053773028242
27 18 0 22 118655 1.0617436732971128
18 18 8 1 67328 0.9111302063101604
20 22 20 12 54862 1.0466396903351503
23 4 29 16 49095 1.0752728539736254
23 6 23 19 52030 0.9666225868414251
10 11 26 19 75845 0.9191750432445315
21 23 8 15 76471 1.007575226799954
6 1 1 6 38012 0.9824961387765285
12 25 26 24 51815 1.0750734623440263
1 29 24 11 100835 1.0029969749815044
27 17 6 24 93416 1.0285019614948525
8 12 15 28 59197 1.001892065485031
7 24 12 13 44015 1.0047195165494724
27 19 3 9 88899 0.9680451577465471
1 5 21 19 99095 1.0526856904420172
11 4 17 8 30771 0.9750243477480933
0 3 9 23 80928 0.9605522258463803
17 14 27 28 69804 0.977691301643943
8 1 18 6 40340 0.9040113955403686
28 12 1 21 103702 1.0599562507664606
0 9 6 1 41129 0.962287964792844
8 18 25 27 73824 0.9120809819941973
8 24 14 8 57002 0.9137543763295122
3 10 18 28 89700 1.0867636984652576
1 7 10 29 81778 0.9641863326114087
1 22 9 16 57827 1.0938920020446454
17 17 3 20 58796 0.9719415931587365
21 25 19 15 54857 0.9611968195642118
11 27 27 17 81364 0.9292431148028706
20 22 10 2 89343 0.9165314116054363
23 27 4 2 118349 1.0543242320538035
3 6 12 14 45420 1.0603626262294021
24 10 24 24 71492 1.025812777309427
8 24 2 2 77778 0.948363688762488
9 0 23 26 109889 0.9149567690502239
2 10 15 18 61518 0.933711935811749
26 3 1 19 108342 1.044082932502816
18 27 11 16 56087 1.044468008783528
2 11 14 26 68201 1.081796530081293
4 0 28 19 118249 0.9901949347850152
27 24 4 5 114793 1.0933881591231487
3 23 6 0 85716 0.9288921166589825
6 29 16 17 52459 1.0202006968420916
25 0 6 10 79456 0.9902274351922716
21 15 4 14 65583 1.0194996495433366
5 0 28 26 133376 1.0105820930203429
24 25 2 1 136872 1.0232314478453721
24 15 11 16 55534 1.0343810766192427
21 21 4 14 82920 0.9941207769701564
19 20 11 13 54111 0.9559021997600196
13 11 22 19 55439 0.9607085751297095
4 28 16 26 37872 1.0182233310758821
21 10 26 18 43451 0.985449438437846
1 4 1 15 57770 0.9872599873426338
3 28 18 9 90109 0.96073123468848
9 13 3 4 44128 0.985167576673734
18 28 3 10 89700 0.9726994446725921
26 1 3 19 108207 0.909433859306393
1 1 20 13 97820 0.9390057077630408
14 7 11 17 44647 0.9883665917981064
13 6 14 28 70547 0.9685239666214909
26 26 19 18 58926 0.9243918073246384
23 1 29 12 41418 1.0048672429575218
5 23 20 21 74005 1.0279660476431745
1 1 19 8 94591 1.0488407166676885
21 29 13 8 81632 1.0125073747510704
12 27 12 16 44509 1.0564230199425257
13 29 4 7 82220 0.9203758943907604
3 25 22 4 108420 0.9458574235590393
10 10 1 8 33599 0.9123758359765363
3 24 10 5 70036 1.0381553513903992
1 11 1 24 64853 0.9231957113279186
1 9 3 26 59910 1.0578517559208893
25 19 27 0 71317 0.9893017637022762
1 4 20 18 96642 0.9831624053749946
8 17 13 4 43534 0.9860233498247645
26 4 2 28 120389 1.0534641167937147
16 9 1 27 81626 1.0594526932594768
11 12 28 7 62630 1.0952820267002372
6 22 12 8 49374 0.9123080863785225
13 6 24 25 88619 1.0928200248064166
3 19 28 20 105044 1.0858555440729896
8 17 17 11 37624 0.9278385166461937
24 4 4 18 87769 1.0306881063945488
17 6 26 16 56547 1.0658562681310144
17 24 8 3 75290 0.9535249435950157
0 14 29 1 117896 0.9460366954084584
9 0 9 19 54327 1.0105760918685087
3 8 4 24 52327 1.0106199758593593
27 11 1 9 74116 1.0427916899260876
25 15 8 20 76485 0.9106331939136989
28 12 10 10 59075 1.0971377966471707
15 8 17 18 35394 0.9846957641044582
25 5 7 3 54607 0.9376734358544561
1 24 22 14 97989 1.053125693747938
13 7 18 21 53200 0.9608977889260869
11 16 27 23 85440 1.0766085464249882
29 19 25 2 69383 0.9479187035384558
29 16 7 27 106209 1.0319513121555477
1 11 9 24 57039 0.9627646385705502
12 21 11 0 70309 0.9981020445150448
12 2 25 11 55506 1.0442717315640724
7 15 18 26 56722 1.0114132957941278
8 19 29 0 105225 0.9719814572719274
13 13 3 27 63562 1.0873519747761784
4 20 27 11 84243 1.0944237675963873
17 27 26 26 32239 0.9362737304043467
11 27 5 8 62746 0.9617802846760617
4 0 14 26 89912 0.912419565691624
4 27 11 5 71464 1.0937295213820946
1 13 24 14 79123 1.0430676810825765
27 15 13 5 62745 0.9909249107652386
21 4 11 4 36739 1.0581463538174125
11 21 16 10 52408 0.9501050580204224
16 28 29 20 70876 1.0778325562437856
15 12 0 0 82178 0.9978281365611492
13 4 21 12 42363 1.094663152397568
7 1 23 18 93970 0.9495356114109447
27 19 27 0 61957 0.9177532162153073
1 8 8 16 36596 0.9683255674111786
26 29 2 6 131173 0.9020057610570661
26 15 12 11 50640 0.9610443679011458
13 0 12 24 77554 0.9841609465398409
2 5 1 15 50158 1.023312136210346
0 19 5 10 53013 0.9253581851534232
7 6 26 6 65451 1.0196693543278263
15 9 23 23 79333 1.062717852485103
26 7 28 28 74537 0.9879240360017985
27 3 18 25 85542 0.9960452025881162
7 28 0 24 31231 1.0548424891339712
7 15 24 5 73898 0.9657503858853262
7 2 27 5 61422 0.9447424993303298
26 18 14 25 61626 0.9105440136213621
9 16 0 21 55079 1.0247442298427583
23 25 4 25 62588 1.0075674617851536
22 12 23 23 56051 0.9341322283978862
25 14 2 3 102478 1.0809466131408114
28 17 27 6 40721 0.9812076707514926
11 26 14 11 55858 1.0080329040616278
5 3 9 28 74780 1.0202874925369092
22 10 5 5 64354 1.0060470372462826
26 19 12 23 73029 0.9054928804796879
26 26 27 11 50660 1.0454673525052798
18 20 1 23 77815 0.9913112611301125
18 2 26 25 93119 1.0844561272897657
13 4 9 14 43885 0.9488590090762204
14 14 1 3 78814 0.9346601173443811
1 29 15 14 82330 0.9862611655792092
23 17 21 8 47576 0.9106825906855426
23 22 6 5 105204 1.0727172905348328
3 15 16 4 66299 1.0166482755375514
12 6 26 4 44669 0.9919070730918532
27 22 13 23 62890 0.9128648278192476
22 22 28 9 68950 0.9079337883877926
1 11 9 23 58094 0.9611422795365532
4 27 8 18 31051 0.9785622917428533
29 15 21 22 54584 1.0659616263496523
17 18 29 24 68100 0.9975312335818534
16 23 8 5 62997 1.0400632400504848
17 22 28 4 77322 0.9886995948075474
5 14 14 12 35722 1.043682658252857
11 25 6 3 65738 0.9130397931779627
14 21 1 4 91200 1.0240643706687182
15 5 18 17 42731 0.9540728462677321
21 7 0 6 79318 0.9817688032734624
19 26 21 0 96917 1.0834664035628256
16 11 12 21 42580 0.9310908525450797
20 19 28 28 67595 1.0309793206779716
16 11 27 5 47703 0.9141653274730926
8 28 11 18 34002 1.0127705865066945
5 25 6 9 51851 1.0918262262992824
14 16 23 24 68567 0.9804451302081488
3 27 11 25 28742 0.9523847334975107
19 1 6 3 46073 0.9530893490701113
0 3 26 26 130570 1.0611133942715465
29 26 28 13 51585 1.0850771795227114
16 28 12 10 54179 0.986964267447821
11 2 17 21 64341 1.0323077377061691
22 15 26 26 57119 1.021808664671923
12 28 5 18 46748 1.0496596041815498
27 17 13 22 66564 1.0690362448251207
28 7 22 25 80928 1.0910519943490489
29 24 18 28 51883 0.9212949383670054
2 13 21 14 67335 0.9986758407612184
24 26 5 29 62546 1.090817233009244
0 22 8 17 51357 0.9185117681149748
14 22 28 15 74014 1.0967915540313744
10 21 12 6 62143 1.0279753875931164
17 5 22 16 47012 1.093109331607034
1 26 19 13 83577 0.9653468377075867
1 9 19 4 61323 0.9262862869107822
0 6 15 25 91322 1.0046956698282186
25 14 20 5 53389 1.0370169330273924
25 19 15 25 59436 1.040780660991109
12 7 12 27 65757 0.9781242932162664
12 12 16 23 35803 1.0535189724053395
6 11 10 18 26806 0.9709397326006223
28 11 3 26 97760 0.9968426698518917
29 28 10 11 102674 1.0401588471782175
0 24 26 29 96286 0.9465474221945517
23 10 28 2 32055 1.0699080987008873
2 20 9 9 51310 0.9387770682971515
21 20 3 17 82907 1.0620373690007052
6 1 3 15 56092 0.9802805201378154
22 0 12 4 39495 0.9165092724303388
9 6 18 23 80752 0.9957406977282968
27 8 4 28 107236 1.0602849479759826
13 22 21 29 46764 1.0363285823224366
1 25 4 10 54533 0.9397703103702895
1 29 9 11 64355 0.9805289320428788
28 12 22 1 42154 1.0775612100849328
8 29 28 6 114883 1.0587429024325903
2 4 10 1 48094 0.9729645093225168
26 29 9 16 98061 1.0975944794857302
13 29 1 21 69984 0.9187514319153186
28 26 13 15 73520 0.9101588485036025
11 15 27 7 66924 1.01354030683323
13 20 2 27 50963 1.0057750271932497
6 22 28 20 95654 0.9050306330388697
10 29 10 8 71547 1.00185934887729
28 23 19 18 50461 0.9124286844573805
6 3 14 7 36126 0.9500268683973982
17 9 20 28 66738 1.0493157761069725
26 12 0 23 109304 0.902152537203483
29 27 0 17 117080 0.9529301397966397
0 2 25 28 145444 0.9317650511653575
3 26 28 3 114072 1.0072708093351181
3 9 28 24 111081 0.969738995503526
4 22 22 11 77692 1.0653764427467816
12 28 15 12 56114 0.9063913929944128
13 19 21 11 45385 0.9006618606270236
23 23 11 5 99974 1.0735479394827228
17 24 11 8 60077 1.0623154007708235
18 2 1 21 102104 0.9678655410794383
11 12 0 4 53894 1.0991495515426608
20 2 5 13 68666 0.9646438592017463
24 4 19 12 31315 1.0353282878706325
6 23 25 21 90648 0.9639459026585045
0 20 20 1 113207 1.0301840291805666
20 26 15 10 56050 1.0328088420053603
25 24 26 14 48830 1.0276557122824561
13 27 23 25 38921 1.0769511109956762
7 9 19 8 42821 0.9395567628948487
8 17 24 4 71071 0.9334124244807445
18 0 0 29 120586 0.9966686385287759
2 25 28 4 120339 0.9164587443554274
11 27 15 20 42333 1.0262765931660183
2 24 8 10 55054 0.9221920761835795
