6772 7460 6882 7116 6908 6315 7404 6181 7829 6177 5997 8991 7405 8026 8978 8171 7958 8054 7198 7332 7792 8995 8934 8789 8094 8143 7557 7040 8210
5912 6199 6487 6672 6026 7088 5533 6410 5038 5174 4492 4421 5360 4552 5155 5124 4919 5392 5047 3568 5286 5280 4716 5024 5225 5119 5472 3923 5216
2503 1949 2316 3155 3034 2451 1880 1378 1781 2634 3875 3607 2260 3709 3879 3461 2238 3803 2414 2488 3520 2264 2036 3863 2435 3527 2275 2873 2663
3698 3955 3095 2279 3004 3431 2334 2748 2654 3743 3057 3623 4097 3718 4049 3066 3425 4160 3425 3479 2944 2805 3784 4222 3720 4007 3455 2258 2976
4650 4026 3579 4286 5078 3709 5155 4894 3917 5012 4296 4777 4196 3905 4488 3681 4059 5115 4227 5391 6589 5820 5872 6632 6357 6658 6306 6804 6625
5420 6786 5927 6930 5421 6958 5739 6325 5800 6048 5750 6776 5911 6981 6788 6448 6186 2739 3954 2427 3084 3373 3917 3319 2193 3160 2770 3694 3775
4231 3028 2860 3357 4735 4045 4459 3769 3687 4636 3162 4279 4776 3274 3482 3018 4464 3307 3214 3035 3315 3551 4122 2913 4436 4262 3244 3952 4465
3199 2692 3249 3075 1639 2750 2273 2354 1904 2672 3162 2577 2590 3210 1926 1883 3601 2171 1739 2067 2360 2884 2711 3479 2760 2198 3178 2575 2233
2257 2948 3392 1923 2837 2903 2077 2680 2944 2612 8260 6589 6661 7581 8115 7422 7541 7689 7754 6873 7045 7992 7724 8235 7342 6362 7170 6428 7879
3842 4046 4641 4328 5084 3140 3125 3800 2339 2447 2606 2757 2457 2799 2094 3576 2345 3510 2699 2180 2269 2145 3215 3307 3081 2961 3198 3735 2794
4251 5673 5377 4434 5884 5353 5627 4976 4127 4775 5262 5147 4753 4647 5820 4200 5397 5324 4926 4162 5764 4561 5472 4600 4217 4314 4637 5128 3518
4040 4196 3932 4380 5081 4900 3816 4434 4196 5341 4597 3921 3664 4784 5300 4561 4189 4021 3540 4014 4794 4678 5832 4907 5693 4821 4341 5538 4928
2565 2940 2508 3779 3151 3713 3263 2767 2438 3712 3470 2958 3346 2311 3799 2375 2500 2490 2314 2070 2973 3072 3966 2895 3207 6242 7688 6760 6208
4509 5194 6255 4473 6337 5922 5116 4761 5180 6360 5278 5911 5387 4958 5683 6691 5912 6523 5910 5282 5805 6335 6241 5488 4802 6631 4931 4988 4929
7131 7736 7156 7244 7566 8343 7814 6913 6618 7586 6753 7023 7060 6120 7460 6546 7294 6542 6067 7564 7872 7220 6898 7690 6848 7039 6208 7112 6593
4050 4917 4593 4943 4171 3321 3230 3546 4319 4735 4612 4303 4768 4373 3350 3425 3090 4453 3847 3126 3715 4830 4868 4900 5199 5538 5133 4111 5975
3384 3786 4455 3407 3216 3079 4712 4918 3561 3543 3346 3732 4409 3877 3424 4750 3178 3791 3441 4135 2384 2779 3812 3384 2984 3155 2381 3380 3830
7149 7327 7686 5841 6696 6852 7318 5892 7691 7356 6957 6296 6462 6311 7079 6063 5951 7166 6684 6285 5597 6176 6899 6642 5583 6873 6941 5938 6587
6310 7626 7116 6439 5946 6361 6741 7213 7120 7563 5950 7511 7249 7443 5842 7104 7002 7601 5783 6110 7058 5265 4853 3991 4621 4371 5002 4659 4787
3479 2624 3789 2979 2810 3857 4128 3700 2492 3791 3703 2515 2674 3391 4136 7281 6467 6382 7302 7082 6679 6600 7703 8167 8167 7461 6875 6926 7922
5157 5616 5824 5016 4745 5824 6177 7930 7893 7246 6793 7079 7150 6799 6744 7637 6723 7533 7481 7752 6146 6377 6663 7842 7047 7433 7235 7930 6291
1683 1972 1795 1739 4989 4506 3991 5544 5426 4274 5130 4806 5113 4037 4350 5172 5218 4029 4440 4137 4802 4652 4701 5800 5159 4333 4195 3855 5683
1974 2056 2522 3049 1789 2540 1999 3382 1972 2037 2272 2159 1899 3631 3031 2316 3158 2909 2637 2021 3194 3271 2970 2731 3328 3560 3410 2708 3691
5281 4605 3697 4497 3975 4209 3799 3346 3157 3512 3098 3658 3049 3235 4102 3604 3338 3439 4318 4161 4285 4246 3473 3518 4103 2891 3554 3589 3728
8195 8052 7744 7081 6535 7466 6707 6468 6754 7639 6647 7984 6937 7378 7349 7320 7037 7140 4682 4917 4050 4732 4463 4668 3916 4961 3943 3576 3081
3544 4558 3194 3342 3237 3277 3817 3027 3928 4560 4604 3365 3488 4193 2930 3756 3222 2710 3280 4348 6679 5413 7048 7167 5954 7207 5938 5616 7290
6380 6996 6511 6513 6806 5674 6897 5952 5918 5430 7014 5688 5762 7133 5576 6287 7161 6580 6290 6952 5716 5817 7004 7122 7203 6721 5726 6532 5601
4201 4836 5944 4679 5541 5213 5419 5125 5487 5250 5966 5006 5699 6623 5614 6281 5644 6349 5110 5714 6248 6831 4921 5869 6773 6510 6851 6251 5930
5995 5726 5505 6714 5289 7081 5821 6626 6490 5261 4200 2750 2629 3514 2636 4388 2945 3136 3660 3916 3404 2865 3933 2689 4039 2856 3647 2575 4444
4923 5761 5841 2819 2415 2894 1421 1930 1583 2417 2810 2281 3114 3072 1291 2768 1594 1835 2508 3096 2136 2466 2965 1637 2087 2693 2219 3175 1538
3195 2914 6134 5983 6848 6536 7571 6851 5597 3102 8598 7448 2173 6669 7375 5803 5530 3928 3044 2379 2945 5485 8298 3558 7151 5745 4913 3752 4877 2702
1760 3256 5457 7111 7881 7033 7040 7389 4607 4687 8633 5841 1782 6724 8378 6796 4927 4354 3269 4147 3345 5757 7690 2967 8887 7294 3448 4493 4037 2770
2351 2792 4890 7242 7868 8114 6546 5839 5441 4741 8050 6182 3163 7669 6822 5459 5837 4673 4570 4222 3645 6153 6435 3313 7998 6396 3979 3407 3926 3281
1411 2722 4756 6966 7391 7487 6599 6207 5947 5226 8200 5748 2188 7792 8147 5928 5898 4411 3444 3537 3937 3994 7128 2853 7493 5835 3774 3294 4342 3692
2923 3315 4607 7104 7969 7816 7176 5922 5833 5324 8172 6347 2890 7760 7427 6284 5860 5863 3431 2452 2288 2883 8273 3625 8919 6095 3434 4097 3203 3342
1345 1828 4867 7093 8333 6405 7085 5645 6086 6017 7494 5763 2496 7642 7534 4441 5435 5012 4058 4300 3297 3235 7589 3883 8068 6336 3058 3657 3541 2345
2889 2973 5562 6690 6882 7325 6898 5528 4845 4689 8615 6214 2628 7279 6854 5703 5949 4782 4577 2419 3746 2332 7303 2375 8179 5895 2206 2982 4231 3320
1725 3260 4262 7298 7409 8022 5032 5625 5874 5643 8644 5940 3205 7411 6898 4728 4432 4840 4118 2750 3045 2459 7550 2279 8646 7029 3304 3725 3815 8036
3266 2253 4635 7333 7961 6883 4948 7347 4980 5449 7489 6830 2862 7638 6705 6045 4854 5104 4280 2400 2498 3444 7648 2268 6994 7476 2044 3913 5087 7595
2219 1784 4435 7644 7617 7042 5595 2777 5721 4793 7203 7008 2957 7427 8462 4713 4734 3238 4829 3665 3925 3111 6833 2545 7019 6958 2813 3736 3472 6878
1792 2523 4673 7782 7809 6484 5912 2260 8393 5952 7047 5865 3297 6671 7757 5213 5591 3073 5129 4044 2173 3089 7088 2825 8268 5994 1920 3988 4958 8587
2510 2262 6451 7076 8351 6534 6294 3273 8819 4867 8175 5849 1470 7279 8358 4492 4782 4306 4236 4021 2922 4125 8280 3251 7513 5970 2387 4749 3511 8265
1382 3342 7222 6959 8488 8119 5423 1733 7717 5048 7769 7070 2427 7847 8529 5881 4825 3030 4752 3506 3337 3744 6722 2912 7610 7237 2477 4436 4917 7471
1782 3486 5731 7148 8220 6925 5173 2509 8683 5265 7494 7194 2943 6076 7335 4641 5654 4399 4560 2963 3881 3427 7621 3269 7023 7268 3508 4097 3325 7078
2316 1964 7167 7722 7885 7257 5018 1993 8442 5471 8481 7094 2216 7071 6640 5201 4261 2738 3883 4208 2451 3208 7875 3562 7301 6915 3358 3974 3801 7425
3023 2854 5326 7502 8317 8249 6506 1620 8505 5294 7862 6232 1392 7602 8440 4395 4243 3030 4784 2866 2175 2334 7312 3108 8568 6893 2029 4384 5034 6728
2807 2356 5574 6911 6664 7957 5992 1980 8716 5345 6899 5920 2360 7924 8202 4750 4045 2697 3827 3175 3631 4186 8208 2816 7666 6651 3255 3470 3524 8060
1561 2448 7019 8441 7997 6597 5702 3047 8139 4740 7623 6646 4290 3695 8402 6277 5983 3424 5014 2372 2379 3167 7734 3747 7144 5956 2835 3673 5169 7318
2821 3584 6745 8397 7108 6962 6240 1790 7129 4661 7852 6339 3081 3985 7042 5210 5976 3638 5151 3312 3704 4161 7470 3208 7538 6149 2484 4925 3659 8080
2348 2835 6251 7319 1831 7924 6073 1437 7379 6275 7339 5820 4663 3033 6735 5269 4229 3585 5124 2531 2806 3312 6746 6056 3604 7093 2762 4640 5057 7774
1366 3476 5385 6642 2597 7418 6698 1441 7481 5263 6829 6299 3080 4454 6990 5004 5715 2654 4726 5399 2341 3321 7323 6518 2596 6143 2281 3821 3304 8300
1490 2041 5370 7368 1978 6734 6395 2555 8729 4969 7361 7509 4939 3486 6770 4813 5226 4251 3547 4608 2677 3820 7525 7139 3095 4143 2381 5174 3589 6809
2793 2642 5944 7202 2816 8173 5987 3043 8866 4455 6989 7503 3721 2872 7136 4537 4527 4130 3618 5764 2980 3778 7563 6431 1923 4150 3195 4726 5119 7795
2242 2877 6054 6923 3453 7721 6693 2028 7672 5034 2249 6262 3472 3674 7510 5340 4698 3202 3974 5169 2668 3595 7772 5804 3198 4284 2043 4358 4661 8245
2728 2504 6079 8486 2994 8158 5777 1463 8837 5350 3237 5937 3442 3002 6822 5590 5648 3105 4176 4068 3525 3329 6278 6461 2883 3935 2400 4847 4948 7672
1699 1776 6754 6679 2809 6587 5510 3237 7223 5302 1890 6763 4045 2891 8279 6224 5702 4442 4403 4975 2897 2415 7223 6898 2979 4826 3050 5242 3982 8061
1493 1882 5541 7087 1663 7190 5770 1528 8565 5116 3027 7619 3315 3624 8275 5848 4177 2975 4886 4912 3702 3958 6289 6294 2769 3953 2281 6306 4121 7131
1708 3240 6605 8351 3010 6832 5310 2337 7061 5566 2756 5536 4834 3288 8177 5044 4162 2748 3987 4730 6688 2225 6432 7086 2598 4388 2552 4890 4937 7429
1953 2611 7204 7162 2673 8125 5936 1957 7113 5880 2396 5420 3440 4378 8151 5387 4305 2811 3915 4907 7197 2742 6462 7136 2781 4390 2817 4375 5059 6687
1 7 11 24 75995 0.9394727318849884
28 20 13 17 60443 1.0823967988031926
8 6 26 26 98488 0.9549994152891477
12 27 28 29 60447 0.9379060481232011
24 5 28 23 66286 0.9636883024186275
24 6 6 4 64569 1.089472673671894
6 6 21 17 78526 1.0214393899317704
3 23 23 18 71590 0.9451298944467944
26 28 6 18 85617 1.0677630737006139
10 12 15 1 48258 1.072793998573631
24 2 10 26 106709 1.0423581288035106
1 12 21 25 92516 1.0029256744133315
26 21 26 4 55436 0.9689631789270672
18 2 7 5 46813 1.0145011739990057
0 7 0 28 83474 1.0306578272770488
15 5 11 13 33265 1.0213104385913598
27 1 9 6 57176 1.068322398002048
6 6 19 29 107023 1.035398126617969
2 2 19 0 42575 0.9036653300006056
28 15 29 3 32789 1.0877212492463866
16 6 1 9 68119 0.9126646446245994
17 12 19 28 69705 1.0244214545276553
16 15 5 1 67627 0.9413484805841554
2 19 24 27 83054 0.9467695345652639
18 18 1 0 98176 0.9965570999669828
14 17 22 9 46520 1.0705711944261016
28 8 9 11 59869 1.007022632639908
6 21 26 8 88033 1.0699843270128107
5 22 25 4 94509 0.9310715138911798
24 22 20 11 51130 0.9397670333237738
16 3 0 12 67915 1.0705455175877607
8 14 14 29 69521 0.9805597634288126
20 5 12 22 70705 0.9665131788240645
20 4 8 29 105517 1.0466360170392655
16 23 7 20 33974 0.9820569128829688
26 27 1 26 76151 0.9845371276805308
6 29 20 23 60496 1.0116495434560107
12 28 25 19 71411 1.0552694935148503
29 9 9 1 63141 0.9256160490991634
16 1 11 20 69982 1.0658072604286957
26 25 7 28 63000 1.098427244411417
6 1 1 26 84062 0.9983161302073227
5 6 1 22 72823 1.062365646369121
7 14 12 8 32169 0.9416913056330927
14 14 4 8 58357 0.9072196524987842
8 11 10 20 35036 1.0634839931388922
3 2 4 26 80651 0.937343249444783
29 5 10 23 92650 0.9004334774905031
28 3 8 20 96309 1.045661050128818
16 2 14 26 91614 0.9132757339024383
1 2 16 21 92631 1.0624089359882345
27 20 7 22 64961 1.0590694274886492
26 9 2 21 106483 0.9394776620982445
2 16 27 13 88884 0.9538845671009081
29 25 25 5 57743 0.9682570961396836
10 2 7 21 60534 1.0458902572226945
18 25 13 5 85315 0.9704879268255597
2 2 28 12 91838 0.9036581972836957
11 21 6 28 33946 1.0104005079884213
20 15 3 22 79947 1.038890235143963
28 3 9 23 101440 1.0743813614424642
8 13 23 12 52359 1.073730753632247
25 25 20 14 54332 0.9490061446507116
1 29 12 23 48315 1.0469124376302925
17 9 5 10 56298 1.0909445219286398
22 15 0 9 84079 1.097359826433105
17 14 28 23 72635 1.07113109570583
18 24 25 16 50225 1.0500720930726584
26 3 15 23 87958 0.9163556234901763
0 28 10 0 104651 0.9424503717232201
19 18 8 22 52856 0.941773678463273
8 8 22 7 37195 0.906196316971334
26 14 0 0 95580 1.0265113143145665
16 2 6 6 47817 1.0021736926635711
1 12 16 26 74566 1.0509771792961233
1 21 10 28 49537 0.9042787450737105
16 3 13 15 52951 0.9103336178110878
10 20 27 2 92222 1.0264184681047435
14 16 24 13 49312 0.9150831564015075
19 24 26 2 83766 1.0863754973069397
23 16 8 17 56635 1.0023058392009132
1 26 13 8 89564 0.9226847860141153
16 21 11 6 57867 0.9624621544048823
7 8 7 19 27435 0.9032707820011877
16 18 27 21 44514 1.088885860928625
12 24 1 11 62773 0.9577527220189368
19 10 2 21 77979 0.9733965217428248
19 19 14 8 62860 0.996626688151607
24 20 1 17 78881 0.939978955957975
15 11 17 22 49446 0.9101525460791032
6 13 0 7 43028 0.9924484697172725
5 21 21 16 63777 0.9477842728030618
23 18 3 20 65489 1.084955435444452
19 18 29 24 49352 1.025154611876781
6 16 29 11 88322 0.926231718125479
5 22 9 28 30134 0.9893471745023711
26 16 21 9 39465 1.0387474767314144
29 4 28 13 23820 1.0803400487141699
6 5 10 12 34041 1.0040216723914306
24 20 10 28 66144 1.0384010162705464
19 10 14 25 76051 0.9091617067946948
6 5 0 19 65593 1.0977054742838652
6 26 14 19 40378 0.9132916303669492
17 9 20 20 57778 0.9174921980732461
19 8 18 28 81180 0.9642891982618582
15 27 24 8 85171 1.0508539021216208
8 4 29 12 68842 0.9632036648409738
0 27 17 8 106603 0.9746676591750892
6 6 24 8 59957 0.9885077803513321
14 6 3 11 54173 1.0713611433026358
17 6 6 1 50636 0.9541080022441325
5 2 28 21 111186 0.9969085204031527
29 29 6 21 81472 1.0872141503278954
6 7 19 16 68179 1.0500037556889346
14 27 21 12 72332 1.040533974698044
10 4 26 2 62499 1.0524361151417498
22 4 19 15 38163 1.0113320886292132
1 8 21 20 90044 0.9033622251757695
14 11 27 10 53924 1.0798968404002431
24 6 16 3 38442 1.0070459141882058
12 3 13 24 68867 0.9533067441543175
0 7 20 7 80772 0.9524114710952227
18 25 20 15 56191 1.0179077928828768
3 0 26 20 100475 1.036104479621296
14 8 27 23 87352 0.9016696154402797
13 5 7 12 41097 1.0382580689609635
18 9 10 13 39204 0.9949137284535841
5 1 13 9 46490 1.091562896418267
23 17 5 24 71852 1.0619341920227345
13 12 11 0 42201 1.006876334067174
18 25 15 7 75875 0.9813783304358351
23 9 29 27 59639 1.0011516064269461
0 29 27 11 132576 1.042689993569247
0 2 14 26 105099 0.9584412784922675
20 12 0 25 99315 0.9746758887459146
14 1 14 24 86614 1.0393193063519672
16 18 0 14 77544 1.0096985480262723
13 6 6 10 41042 1.0291747067472172
10 6 27 8 47689 1.0915914256653887
5 16 0 29 56104 1.04194527327672
5 16 9 27 45596 1.0533448871423166
6 16 22 12 60740 1.0146739012112405
9 13 2 6 37044 1.0001886110288865
11 1 9 18 57230 0.9536338687076555
5 3 0 26 94364 0.918346925575958
12 27 26 26 44948 0.9783188536159706
17 18 6 5 73954 0.9286236167575977
21 5 10 19 68592 1.082391358307776
9 29 13 12 58516 0.9159229098994358
16 18 12 5 53640 0.9161287281579074
10 12 27 9 62128 1.0580699661843989
5 25 23 22 64064 0.9702237435498546
9 20 18 22 35866 1.0684845264888765
27 26 11 27 47067 1.0987807103781364
8 4 15 28 89971 0.970822660582302
2 24 6 10 54113 0.9708528225975251
18 25 1 25 59319 0.992030875088226
23 23 29 1 79569 1.0153245403234943
8 11 4 26 52794 0.9602543309801743
29 28 15 13 86067 0.9209630372971682
3 15 18 27 78539 0.9332397841923352
6 16 20 10 61615 1.024154262021437
7 21 1 15 39515 0.9033159073600735
27 21 15 4 77416 0.9766586251317413
23 18 10 11 60933 1.0071523551116413
14 27 11 5 82399 1.0235960273069646
10 28 4 11 64123 1.049183186475891
15 8 1 8 65504 0.96986052795017
0 4 6 20 71308 1.010608522615181
3 21 18 16 62561 1.042572116501771
2 14 12 29 79509 1.0856111098439873
21 23 21 3 59836 0.98095764176377
25 11 10 26 86333 1.057968645983128
22 16 8 9 62317 1.0427315176887557
24 10 12 8 38179 0.9134418108521837
18 29 5 1 111537 1.0648857766999777
24 9 2 23 104186 0.9754844103990977
19 4 0 27 116343 0.9699442127545799
18 22 8 25 46752 1.0861136507912281
24 23 10 5 88935 0.9895290893012569
13 11 29 10 60907 0.9378678446624403
20 7 14 25 83140 0.9016050999455073
18 24 2 19 62930 1.0548570735023493
9 8 3 22 53012 1.0524487578910007
15 1 16 22 80777 1.0157058669395016
15 18 0 25 72800 0.919844157408681
4 29 25 29 80341 1.0893112077935063
22 20 2 23 66627 1.004565818591765
29 27 20 13 64036 0.9892333995496692
22 24 13 23 37172 0.9936035994411903
27 21 17 14 63612 0.940663585413599
24 8 15 19 65596 1.0034988406464835
24 17 10 9 67930 1.0277424327340723
22 8 13 9 31695 0.9554471405038304
8 6 6 20 42548 1.0472910651303118
19 13 12 10 27811 0.9265614706831676
18 2 3 6 62760 1.040369243176206
25 17 7 22 67193 1.0200575690663451
13 19 29 16 61987 1.0219315607429473
11 18 24 27 64141 0.9618712541361926
26 0 3 20 105448 0.937383662076605
22 0 26 29 94529 0.9360499584781916
9 15 4 9 35516 0.9337744675806375
16 24 13 7 62486 1.0263642966780675
0 18 27 25 102079 0.9009599437071683
13 3 3 4 44656 1.0009770627587034
29 1 24 9 42515 1.0201301708095063
23 14 7 19 67412 0.9777009369173024
23 7 7 12 51474 0.9190234931182409
24 13 11 1 59995 0.9972388347098151
20 25 18 4 78170 0.9509585920646797
12 6 23 0 42090 0.9254585989919559
25 14 6 16 75446 1.0004420697283654
14 28 26 7 92843 1.0417570166044454
7 2 25 4 55175 1.0164195628523733
1 0 25 25 117654 0.9688182125910578
29 28 11 22 71187 0.9636586695261374
16 11 27 5 49549 1.0591014257247213
9 27 26 22 69685 1.031877415970385
0 27 9 13 66787 0.9862701243172609
25 26 12 4 89182 1.0689197620241988
27 5 8 10 64546 1.0536550697794418
29 13 23 5 34693 0.9776609494271551
26 18 9 10 75129 0.9016364672442733
14 4 24 2 55233 0.9841616955489215
0 1 15 9 65336 0.9483934540829495
28 1 16 29 106943 1.086559251343885
3 24 19 20 59712 0.9296371181192139
19 29 10 9 95497 1.0314973717350986
17 14 12 9 34251 0.9904356359593988
15 23 5 8 71299 1.0833225979721544
7 4 1 27 78129 1.0895073850884405
10 18 24 25 64334 1.0181739656288098
23 29 6 6 111323 1.0742235606477655
11 6 15 0 30430 0.9922135452719502
17 20 12 7 52025 1.0269255160817425
23 1 8 10 59212 1.0096168029566248
25 1 23 19 58680 1.026344382113395
20 0 5 27 104647 0.9175455464992291
1 21 28 23 97912 0.978162805052029
26 10 16 15 51976 1.0498681918968775
29 15 12 4 64323 0.9435881125421484
7 3 2 26 74436 1.0916747129578874
24 23 18 9 66913 1.0510767193842943
0 21 12 16 54932 0.9869790362974968
22 17 9 16 46408 0.917427784917431
8 7 26 20 81256 1.0833072621133522
28 8 16 14 59898 1.0744173718711791
17 4 3 16 78984 1.0401133391587198
8 6 19 17 64897 0.9011806989051881
2 2 23 8 68173 1.0210839291814606
12 8 14 23 49975 0.9668538949877883
28 4 15 5 43494 0.9500085320512006
25 5 26 21 57513 0.9190710359075782
20 17 10 27 63525 0.9962975538264679
18 29 0 0 125809 0.9757081692963506
5 5 23 17 87987 1.0594702436795669
16 28 3 22 53799 0.9650999655223659
27 27 1 6 130797 0.9438878900102161
12 2 2 9 46596 1.0219457250343873
16 4 12 23 65423 1.075621693962152
0 3 6 18 69947 0.9431378769342948
2 7 7 28 67972 1.0551851809650232
18 1 0 20 98910 0.9742831836834543
11 11 19 16 41582 1.0752004998070175
6 20 26 23 75954 1.0983034260712154
8 0 8 11 34833 1.098672265571525
21 1 9 8 46027 0.9121105883438536
10 25 1 16 55648 1.077385533368866
12 17 25 29 76724 0.9316644292350671
17 4 4 20 82011 1.042991701519789
5 2 14 5 50372 0.9779693950749486
13 4 9 22 66948 1.0305981735479555
6 28 28 29 75427 0.9173786111702075
4 13 26 10 75245 0.9597836625557349
9 24 23 23 52861 0.9115368922828343
19 3 9 12 50705 0.9501991610379523
26 14 2 13 81344 1.0179128283468364
15 27 10 0 99602 0.9115447232792021
6 14 6 25 37920 0.9735595025726438
27 29 4 24 91112 0.9757223285700225
5 18 10 0 62772 0.935962046260101
14 5 27 2 58150 0.9472933560583989
29 10 25 17 29906 1.0159257133124648
1 18 11 3 79214 1.056742391150067
8 1 18 22 89664 1.038042413446173
3 9 27 14 89458 0.9945819102384229
2 5 29 10 91812 1.0723879167775408
29 3 29 24 49052 1.0072343129447971
5 10 5 28 64870 1.0681767778407196
7 14 24 19 67617 1.0248477483655294
11 15 4 3 66636 1.047968045876528
10 22 2 8 59653 1.028137842835574
8 16 24 5 76916 0.9048679805562659
29 12 26 21 30339 1.0782357521257802
1 0 4 25 81485 1.0843515683356657
26 13 4 0 79730 1.013841897148633
13 5 6 15 54526 0.9338779672300015
9 6 25 27 96428 0.9553115350975553
15 27 27 26 35732 0.9940395998000753
18 6 4 9 60521 0.953870757544124
28 16 5 25 93462 0.907512687954607
1 1 13 10 64935 0.942441581772695
21 2 10 1 30411 1.093046641964295
8 2 17 24 90147 1.086264346363926
24 2 19 18 65555 0.9137204215430684
20 14 4 28 95516 0.9169075398347071
1 18 16 19 53036 1.0562205343451598
23 26 17 21 35670 0.961148540878901
10 21 28 26 67560 0.9090342062500044
26 18 22 26 39883 0.9669536473668986
6 8 22 25 93506 1.0855353521681645
19 18 4 2 97949 0.9436398824966769
7 4 21 0 43069 1.0004235638868575
5 12 27 0 79969 0.9661597228349053
6 16 21 18 61421 1.0374676694494789
22 6 8 15 57758 0.9179849973577331
24 1 29 29 81698 1.0890559380662914
7 2 21 22 95284 1.0840608334168909
20 20 4 29 70990 0.9921570733651903
14 22 13 2 77550 0.9866152060422717
16 9 29 13 50457 1.0805922183896652
8 27 14 17 47412 0.9864205418115395
24 25 12 21 52689 0.9495983355591029
20 0 14 12 51819 1.0723937820438787
13 4 12 21 58138 1.0220029558957475
15 9 5 18 59043 0.9635417930059803
7 11 19 7 45374 0.9899372569065434
12 8 22 23 65731 0.9945870467775393
28 16 18 5 61489 0.9650808044381589
15 13 10 21 41466 1.0853757439767968
12 18 11 0 56595 0.9105883805378499
22 3 24 13 29644 0.9876789642884071
22 21 14 17 36778 1.0423564787035904
21 17 1 3 101319 0.9148447008738781
18 19 17 5 67265 0.9554303349379216
4 16 27 22 94259 1.0612454786043808
27 23 19 15 59279 0.9970738379526038
4 11 18 27 81734 0.9207651844781914
0 11 17 14 64213 0.9707793556479627
22 2 28 28 80814 1.0158513017751654
24 8 20 25 68258 1.0872862468732174
18 0 7 16 65474 1.0653245204246917
20 4 13 22 76615 0.9516084705610249
6 23 11 29 35700 0.9241223685502825
14 27 15 4 87367 1.0646802914883897
27 10 11 13 57405 0.9582244253688237
8 2 21 13 64750 1.0847917484208602
8 4 19 18 77019 0.9656096808252277
16 21 12 15 25977 1.0264221873022596
14 8 4 5 56866 0.9032036655111075
2 7 4 15 31215 1.0722125607687236
19 4 18 25 79491 0.9964841602225075
13 29 2 19 63828 1.0685803787535249
5 1 6 22 60578 1.0423077998537127
22 3 8 21 79114 0.9588319133582675
25 20 16 25 42054 0.9670675931395626
14 29 18 22 42128 1.0149527602866555
2 4 7 13 36595 1.0475886490334423
28 6 14 19 79331 0.9409056956312082
17 9 23 25 70952 1.0823476725575145
29 0 1 7 82620 1.0704995193024514
12 14 15 25 45401 1.0078153874498708
6 10 12 2 44283 0.9674009309657745
9 26 22 25 38050 0.9448245065961763
2 17 14 10 61849 0.9203370091364302
26 11 10 5 63571 1.0801824486817226
11 21 2 0 75384 1.0533174098721119
22 23 15 27 32382 1.0313047264365605
15 29 10 4 103235 0.9830309433303723
29 17 11 28 79397 1.0005647636697133
17 3 25 21 79002 0.9620089319577844
26 12 6 15 73291 1.075214915369739
23 23 9 9 80812 0.940179197381989
11 29 28 10 103651 1.048900981135086
24 28 4 1 121733 0.981106161072372
23 13 6 17 67011 0.9278253212975559
22 2 13 19 69990 0.9892544594277246
3 26 17 0 102355 1.0394569217633036
23 9 2 4 76801 1.0960998892811242
22 4 18 21 57560 1.0696547491495136
10 6 25 5 44893 0.9093283276797525
6 1 26 25 115909 0.9465530786938634
19 3 20 19 57123 1.0046600075300924
22 14 29 10 31562 1.0072459483523775
19 20 15 13 37553 1.0336250409901693
3 26 26 21 81287 0.9140695538702489
18 6 2 7 70046 0.9462727765654471
10 28 24 19 71061 1.0914370183230337
12 29 3 9 85883 0.9543727140897725
6 8 29 19 90710 0.9517837555465598
2 18 9 22 31088 0.9884488660286551
7 2 27 28 125657 0.9773082941245071
19 17 0 28 89976 1.0104125290216182
12 11 2 18 49464 1.0089831478866933
0 19 16 2 95626 0.9961261045393053
21 25 12 28 40788 1.01162402211861
1 17 7 3 55672 0.9990039677060434
3 17 13 4 75498 0.9656275750056571
24 22 24 8 57784 0.9794506125286878
11 1 9 20 62109 1.0033645245183669
24 4 28 22 57921 1.0458672898574324
20 29 26 10 77811 1.0685389970325683
29 8 10 8 48137 1.033691809148348
0 5 27 9 105769 1.087851622600974
4 22 9 28 35714 1.0954471593872677
19 25 9 6 88146 1.0798958291282936
10 2 18 12 58511 1.0975055681923196
20 5 8 17 68744 1.044647956353091
20 11 29 20 56890 1.0738376392887856
29 9 1 25 123944 1.0225413949031419
27 28 28 17 38210 0.9503711987549471
24 18 9 6 67898 0.9561406513817738
18 4 19 17 56189 0.9725470529819614
20 23 6 20 53088 1.0591106505948982
7 0 13 24 80256 1.005041073558099
7 5 14 26 71724 0.9464221592297459
20 0 15 16 65519 1.0440704917241148
14 21 4 24 43892 1.0876200784631243
8 13 26 8 67610 1.0313167056829393
19 24 21 8 59926 1.0301738527909465
1 29 20 8 114654 0.9962604643203982
12 11 1 5 54753 0.987924082249745
29 0 6 10 79420 0.9011831231140178
10 24 0 8 74300 0.9372528880523823
8 0 27 18 92878 0.9508528446329362
24 26 26 0 81941 0.9533724843176564
9 26 2 13 56552 0.9235558370815972
21 22 2 8 94891 1.0687031564196732
20 8 16 1 37942 1.0184389149675839
27 14 15 26 78195 0.9219282613321411
25 13 9 7 51684 1.0182801181703853
15 17 25 1 71114 1.035364523853048
14 13 19 27 67857 1.0206903009140107
15 16 12 4 48974 1.0825996748802267
20 10 1 2 84466 0.9653658259912259
23 20 0 13 90557 1.0910028886547196
2 12 26 14 79084 1.041785688350532
7 3 4 23 59431 0.9610732511415355
3 4 22 19 98625 1.0315173496782468
15 11 13 27 62857 0.9456768099345148
7 16 25 12 65426 1.0460140330282106
0 17 16 4 84382 0.9222170401787816
17 15 29 26 73210 0.9855349902530091
18 6 25 29 88786 0.9679517574858875
19 29 10 20 61201 1.04456135486536
18 3 6 29 112054 1.0029649783065635
5 11 27 28 113125 1.0850146909662053
0 3 29 18 117482 0.9992124806703306
24 9 6 22 88569 0.9066517071496051
10 13 27 11 63912 0.9004232205597874
6 3 16 16 68325 0.9965967436669891
14 14 28 13 59517 1.0233786375874472
17 26 8 21 39900 0.9355634402129303
23 16 8 19 58017 1.065028827292067
8 29 11 2 93964 0.9738391967762277
22 8 6 25 88679 1.0853141683265866
23 16 14 8 50002 1.0941505968154566
10 13 19 12 28229 0.9340515707076333
19 5 18 23 74768 1.070047254462133
15 28 27 21 59728 1.0082675476613896
0 28 22 26 70351 1.0655634794078421
29 3 19 28 90238 1.0869769782057517
1 1 1 29 83794 0.9644633511309263
7 13 7 29 40975 0.9593954261742952
14 12 13 28 61326 1.0394209840306927
5 14 16 25 68117 0.9932124769839221
3 28 4 7 75032 0.9676723584939356
13 2 17 24 90463 0.9878712786352611
0 3 13 3 55478 1.0441782620755264
0 12 13 12 33538 0.9991428460170751
4 11 19 13 47965 0.9419135137035841
11 5 27 22 91749 0.9956440307906524
15 26 2 26 38262 0.9467442087190501
13 12 24 20 55280 0.9786546292458248
8 25 18 18 57456 0.9121219030890811
23 16 13 19 44448 0.9040248378139031
4 25 22 9 96513 1.0365768911577744
17 11 5 4 65971 0.9794555653412992
10 17 1 25 53068 0.9294887289380507
13 29 22 24 45736 1.0367759878991167
25 15 17 0 53983 1.0141911570964208
4 4 1 27 83813 1.0763852824756646
6 0 28 6 68759 0.9464151975246684
15 28 3 16 73164 0.9197972866438539
4 19 29 8 92245 0.9149302588098519
22 5 24 22 52393 0.9579987546602655
17 24 10 1 90966 0.9055832341721012
6 2 20 29 119826 0.900265577006495
21 15 1 8 80917 1.0173566320534178
6 7 26 27 110028 1.00959698162662
16 8 28 9 42154 1.043241685139071
16 27 28 16 63896 0.9126928480670919
0 8 18 19 87482 0.9518026250534387
20 1 7 26 98877 1.0632293136061772
0 4 10 17 71310 1.0468553403426495
14 8 5 20 65352 1.0573189597226207
15 14 1 5 68522 1.0763597778690142
20 4 25 15 41295 0.9737105728295432
28 15 17 4 66672 0.969042657777916
18 20 29 13 51233 0.967375209903553
18 17 3 27 71250 1.0162307981932206
23 2 0 4 77200 1.0212895961369355
3 17 4 1 53794 0.9560100715882874
6 0 12 25 80847 1.0644781007191773
23 27 10 26 38426 0.9050027818820264
9 1 6 17 51852 0.9258212689338198
25 2 17 6 39715 0.945624585768946
4 1 22 21 94282 1.042377540533183
16 9 12 17 33930 1.099133064974726
29 21 6 17 78791 1.0218254999132752
15 6 22 16 39799 1.0334990423639692
3 10 13 20 53689 0.980363226099765
11 27 5 20 37105 1.061036209366955
22 3 27 8 25801 0.9684062671155886
14 20 20 1 72876 1.0332072423423875
15 16 6 24 46615 0.9536257028818339
22 1 6 26 100171 0.950516513982267
1 29 25 29 90058 1.0988743227724929
5 15 20 7 62305 1.0854285522472977
0 1 6 12 44967 0.9844580300483812
16 8 23 1 33765 1.0121199472767577
21 6 14 3 38693 1.0600786248961054
18 12 16 4 36757 0.9999184911457035
2 18 21 27 78101 1.0398573961850635
24 25 1 11 103623 1.0264853435397077
18 9 5 0 61917 1.0196212578430472
4 17 14 18 46743 0.934041611882021
26 5 21 29 88083 0.9693782824925801
8 15 22 6 57758 0.9693995656596192
27 26 5 25 61231 0.9688583678859508
13 21 27 1 87951 0.9393442233448304
18 4 0 16 97387 0.9801536033044719
14 19 27 11 71053 1.0617166673685587
8 19 26 5 84459 0.9444778665790708
8 6 24 12 55503 1.098769159215409
5 28 5 2 83391 1.016311181133559
23 2 6 28 110750 0.9155704602667167
26 3 0 17 110538 1.0433281958487355
23 20 12 12 53567 1.0790526782349668
11 6 23 7 30237 0.9908335968137089
3 21 12 11 50740 1.0978376631005153
16 28 20 6 84410 0.9366611124849072
8 20 2 14 37837 0.9453514932631116
26 5 17 25 92309 1.0843740189604532
24 29 0 14 120747 0.9564578882643393
6 18 19 6 67084 1.050478859734976
12 26 5 20 35151 1.055670552781194
9 23 17 29 43713 1.0981286791160014
17 16 22 1 63315 0.9882231098904963
4 15 12 10 40822 0.9105190100147652
23 28 2 21 78203 0.9586830092997387
4 13 5 24 44047 1.062079510324773
24 9 7 28 102204 1.0097037881409596
5 27 24 24 59881 0.9656711270210085
7 7 21 3 51432 1.0166515519001698
18 4 17 28 96841 1.090810719680353
12 15 0 4 71981 0.9187577427488175
5 2 19 17 87162 0.9207481640521081
28 6 20 1 36745 0.9095541206462496
11 11 26 29 100224 0.9049827099191524
1 26 4 9 64157 1.078549515709254
1 18 11 29 64606 0.9614343956856832
23 2 12 3 38130 0.9584857125529891
25 24 16 29 40481 0.9087259300705873
2 17 22 15 81721 1.0273190534201935
24 11 19 28 72365 1.0303779049021318
4 2 20 0 44829 1.0611945410213877
27 19 29 5 41155 0.9821057512097857
28 0 17 9 49618 1.0793239376197192
23 3 11 18 70148 1.046108707677241
26 9 11 12 55711 0.9672020529115649
23 20 9 22 45796 1.0630653019174954
23 7 4 5 68859 1.0272024776909654
7 28 15 6 79123 0.9464817082851421
13 1 11 18 59098 1.0520861943095166
24 29 19 5 80568 0.9268717920375817
25 16 16 29 65869 0.9344798848754053
17 27 3 6 93631 1.082018875827503
3 25 21 12 88063 1.0961860883207872
10 11 28 24 89017 1.0198872731434119
26 27 2 6 120351 0.9086246701865442
6 14 4 4 47609 0.9930468857471405
18 24 10 0 94144 0.936304793216705
6 20 21 2 82845 1.018795149859082
16 23 28 9 77012 1.0109955586881316
13 15 1 3 73399 0.9704067836157484
24 8 9 18 70684 1.0198894938301757
21 3 4 8 69878 0.9696296401869943
22 0 5 21 91004 0.9989745435985666
26 7 15 22 70281 0.9708957409554568
21 23 26 6 65652 0.9004045566745039
27 25 21 17 44509 0.9053068023690084
8 11 2 2 47289 0.9417944183313397
13 4 4 18 74388 0.9604791824730549
17 0 1 25 109592 1.0984281842482728
26 26 21 17 40394 1.0315249694279962
7 21 24 28 66627 0.9236400140829577
27 19 14 5 79849 0.9410614831357813
20 11 11 27 77332 1.0105577448136476
25 29 1 2 142063 1.0210139902789608
17 18 8 29 65715 1.074564037360907
1 14 7 8 35374 0.9752079188404941
13 13 28 8 63526 0.9859468749343021
8 27 8 11 50999 0.9027834669138416
16 26 0 15 82184 1.0373412499738501
3 2 6 9 36112 0.9186167445724743
9 20 26 10 77857 1.0500533929252822
14 4 3 21 87159 1.0357283061927869
1 27 16 27 49440 0.9341871678102961
7 18 6 3 44477 0.9285597130961756
24 14 15 25 68910 1.0879530715371482
10 23 14 13 47869 1.0395026006525647
27 7 15 10 37769 0.9706486912623009
17 9 3 29 94973 0.9871686303566591
23 28 11 13 81816 1.0010695982559858
5 23 12 8 59769 1.0007330646376331
10 12 17 4 45638 1.0941271510257449
9 23 21 28 49508 1.0362829583977202
11 11 2 18 48957 0.9124968067854032
5 9 12 24 62322 1.0015558795876918
19 19 4 14 69592 1.072178965176724
24 15 19 9 39205 1.0300656336666925
8 11 15 2 52825 1.0060738002419507
14 14 18 4 59963 1.0617966265823242
10 21 21 5 72784 1.0586721926262994
19 19 18 7 51164 1.0135185800711084
24 3 9 24 94638 1.0921603970070388
2 15 18 2 87159 0.9401334206611014
10 23 2 4 68239 1.0042643617716251
24 12 7 19 69495 1.0745160780115424
29 22 11 28 67356 0.9000355117665381
8 26 3 8 62162 1.0893350556061414
2 27 12 24 40643 1.0629291866857171
17 27 14 3 99461 0.9810314806747893
9 17 29 23 76589 0.9293407042936555
14 23 24 14 62373 0.968234530647159
17 5 10 10 43014 1.0150874065074955
29 14 13 13 62117 0.9348968359121634
29 9 6 19 87076 1.0919693400299695
29 0 0 18 114169 0.9347690843158005
0 26 25 3 127755 1.0065756729615951
12 19 13 6 41329 1.075040833471843
12 3 3 25 90052 1.0895905226520546
3 26 8 11 56568 0.9111684228883711
13 4 16 17 61488 1.0862843534663393
8 19 23 8 70633 0.9093088422578133
6 19 0 8 55005 1.0759472213296342
28 28 6 20 81260 1.0558655951224254
6 26 2 1 79210 0.9725239156620759
1 9 15 23 78221 0.9803371894762848
13 4 2 21 86202 0.9927470806590464
8 25 9 10 48516 1.0779457264760177
18 14 24 27 66248 0.9332821802573041
21 8 9 10 39990 1.0378664758224814
5 15 14 22 53252 0.9714557525027007
4 15 21 12 60846 1.0219449132427023
18 27 12 21 38351 0.9655473887596379
13 17 26 8 68534 1.0134468373304737
0 1 8 17 65645 0.9722629345900689
27 11 16 25 77484 1.0635420865946212
7 5 20 13 55899 1.070362330084425
8 4 18 21 76136 0.989380084450864
11 21 23 15 54058 0.9430893636013052
13 28 2 15 70815 0.9240403623435026
14 24 19 9 73805 0.9304591773602994
27 25 6 26 61523 0.9662725098721677
0 7 21 2 77020 0.9256445708702746
7 10 18 25 74075 0.9834546279203713
7 11 2 2 41349 1.0684113436049694
16 11 29 14 53911 0.9944049930400556
25 2 21 14 43371 0.9353995563193995
25 17 2 24 88494 0.9174903086243704
11 20 23 10 64383 0.902491225576284
11 9 7 16 34231 1.0732322635305058
10 26 17 10 70822 0.9354009878077651
25 23 11 8 86590 0.9582459213140373
11 16 0 12 44638 0.9149075340427343
22 18 4 2 90456 1.0147080770942636
17 19 26 20 32080 1.0243169570888313
3 17 10 12 37581 1.0334690193448859
3 15 2 5 32633 1.0502462939084463
29 18 12 5 67369 0.9401102129188497
27 2 11 17 84559 0.9995136212400793
20 27 24 21 33630 1.0601570010853907
7 27 5 10 56320 0.9689297339940571
13 17 19 12 36070 1.0760415177548939
9 12 19 24 67686 1.084773359056644
23 17 25 26 37223 1.0936547499219293
24 21 28 12 39523 0.9201048857879194
5 29 4 8 75246 0.9123022365537181
8 11 3 0 43477 0.9513000809359051
29 6 15 29 96359 0.9709117862912944
4 6 13 9 52827 0.9069964127877276
8 10 24 15 68481 1.0432050652547131
28 20 23 9 49163 1.0129368194212067
27 25 4 23 76878 1.001331093377354
19 9 23 25 61551 0.9640268123128128
16 18 27 4 69960 1.0369359786442605
12 0 28 18 79104 0.9578572837975778
2 4 17 4 62553 0.9516456209024218
14 3 10 18 69544 0.9847284797094571
15 5 25 22 72285 0.9388471669223353
20 8 16 29 88705 0.9192040441841546
5 26 29 8 105793 0.9976724956027984
13 1 16 23 80065 1.0377446790689504
22 7 21 16 27925 1.0923866953014238
27 11 3 29 123823 1.0737367970570357
11 4 5 14 56866 1.0423372216908415
27 16 13 15 63134 1.0968972644657236
27 18 10 13 76448 0.9355362956486342
14 6 20 10 34007 1.0897998667859026
23 2 2 1 55051 0.9858963094073923
21 17 19 6 39669 0.9126135013783504
16 10 20 1 41560 1.0844480346623298
1 29 11 1 100456 0.9687047030204918
20 1 7 10 57559 1.0963411340021534
28 10 0 15 104630 1.0003858536569274
7 20 18 6 67136 1.0667707902538452
27 24 13 28 54559 1.0005896523553643
6 14 20 14 55684 1.0860012204101348
6 23 24 10 87281 0.9830270298831899
16 20 19 13 42200 1.0087322523151232
6 20 28 4 94078 0.9612370394231758
28 12 5 29 108529 1.0927282437833483
21 25 22 11 43398 0.9301926947077112
5 27 11 7 68666 0.9296820765852403
3 8 14 4 68866 1.050465472003934
17 9 4 26 83012 0.9234476241580576
14 24 27 8 90721 0.9908407921743638
18 13 9 0 65280 1.0746996934462023
16 1 9 15 60119 0.9197935413083679
6 9 16 18 58210 0.9641463486589645
25 23 6 20 73045 1.0513148963310657
24 21 13 1 79937 0.9130123784454011
15 15 12 5 42398 0.9389428469936494
0 2 24 12 92390 1.0415350991622454
9 16 3 29 52006 0.9910476910730043
14 10 26 16 66891 1.0080192996682396
12 9 29 15 59401 0.9607293227445861
6 4 12 21 62656 0.975880129204559
22 11 15 1 41028 0.9616766156892078
0 8 11 3 57945 1.0434851080120173
8 9 27 18 87911 1.0943376295418201
6 10 2 16 31487 1.0733855291957066
5 1 20 15 81118 1.08160224696178
1 6 10 12 44584 0.9963485617114186
27 1 14 22 91744 1.046691556805041
4 0 24 10 68877 0.9530598840359544
23 20 10 7 62042 1.044349591285068
19 19 23 4 53085 0.9697745809339748
20 0 29 11 41194 0.9253309824645438
8 28 19 8 89592 1.0441214243705994
5 2 19 2 45608 1.0902913874320603
15 29 20 24 42024 1.0593785217405716
1 29 0 19 37240 1.0838408842241907
17 8 25 21 62613 1.0156561434610538
24 23 4 13 93955 1.0985962324252838
9 27 27 10 99224 0.9685372941974131
26 25 21 16 45915 1.037266091840513
2 5 28 3 84410 0.964692365077712
10 8 11 23 50529 1.0574213922323468
22 14 2 13 65403 0.9082126124035341
15 25 6 15 58129 1.0329416388973451
25 3 20 29 90713 1.0846005696034444
27 0 11 25 105622 1.0935029095275162
24 17 20 3 49108 1.044189793388552
1 5 11 26 83664 0.9222879356236208
29 22 12 10 79516 1.0944106363398967
24 3 1 7 87845 0.910768709061735
8 6 21 18 68801 0.9878514297735083
2 18 26 17 87522 1.080096656822224
17 29 13 20 42877 1.0320368126021702
24 2 21 19 59403 0.9209298947476702
18 7 21 22 52313 1.0494910580284562
9 13 2 25 53726 0.9034959370107495
22 20 13 22 35226 0.9693266679798543
17 17 15 8 41696 1.049234567202003
3 10 29 23 109532 0.972845362780553
19 6 28 20 61180 0.967632528857058
25 21 2 21 77405 1.0283484591263679
7 23 2 15 38273 0.929586216262136
0 21 7 2 75478 0.9814937039751496
24 20 20 9 43950 0.9768990111107081
7 9 23 10 58031 1.0046581887042225
24 5 9 7 47187 1.0103773269273881
6 21 4 29 32778 1.076760252142243
21 27 28 4 78600 1.0916630769996765
20 24 9 25 47158 1.0878864990329862
26 3 6 23 102861 0.9230224305441698
5 9 14 1 49552 1.0942035980276514
17 1 1 17 87138 1.0561995484946194
8 19 29 3 89386 1.099786727346471
17 19 7 14 44918 0.9398350614474242
11 0 3 23 80426 0.9631914017593162
15 3 18 24 86919 1.0964655048197
9 25 13 18 32173 0.9999494673946641
16 9 7 17 46600 0.968472337176218
19 19 17 5 68381 0.9385488495036036
19 22 10 27 47313 0.9813398867397777
17 0 20 7 27587 1.0712524612559762
13 24 10 2 82499 1.0352692215060517
0 23 26 28 91777 0.9959653185050661
18 19 9 22 34594 1.0877051332628032
25 20 12 23 48537 1.0848256462831014
7 13 16 8 39541 0.9764869709353265
13 19 7 28 40962 1.0120328096468882
27 16 7 15 81075 1.0125286336478778
19 1 12 29 114420 0.9598080848027489
13 19 17 0 71215 0.9805094359140892
10 21 15 11 43281 1.039606295755332
27 0 7 12 74845 0.9627246947333872
12 26 3 22 36666 0.9629093849074161
11 26 18 20 38267 0.9189695051610235
22 29 22 14 44935 0.9897888847637814
26 0 9 19 87235 0.9480197934988591
2 0 11 20 73013 0.9671159696600619
27 6 5 28 112456 1.0564314915525066
7 5 17 0 36612 1.0149152043928078
18 14 13 9 44060 0.9371371774049806
17 1 13 12 50638 0.9052381784648312
17 11 13 22 51606 0.9052159999883472
24 9 5 5 72580 0.9528025317749437
2 5 23 0 59077 1.0146336493719104
10 21 17 10 54347 1.0756989961918897
10 20 20 0 78611 0.9841040072085027
1 23 27 20 85366 0.9781156390912066
29 5 10 22 91311 0.9333900819004222
5 14 9 24 43584 1.0828839157716634
27 5 7 3 68437 0.9166531793320618
22 15 8 20 53941 0.9404136033673501
22 13 25 5 27349 0.9268163883291617
24 5 22 15 39155 0.9102509328692182
9 29 5 7 74496 0.9106319803649163
10 17 20 9 56703 0.9037256888326236
24 8 8 0 56227 1.037129808098015
3 26 11 6 76920 0.9311492357206993
9 14 2 8 36585 1.0983122280450572
6 14 1 24 49498 1.074237192811545
15 22 27 22 53037 0.9744557978534053
2 9 19 9 65990 1.047054544773654
18 29 0 9 109659 0.9632642116257688
21 8 13 22 72411 1.042764295599452
1 27 27 27 82877 0.9728536347146853
11 8 22 29 90099 1.0551284911847947
6 7 27 25 112876 1.031439092037515
4 20 29 15 88618 1.069023387744875
24 0 18 27 88352 0.978727711869999
20 27 14 13 71979 0.9807658660102463
20 8 13 13 41549 1.0752686002367218
8 22 7 13 29391 0.9932435435634168
2 15 19 12 55713 1.0149314070824433
29 26 5 14 102343 1.0865701461108501
4 26 19 14 82842 0.9278476916384628
23 8 13 3 46609 1.087309540293519
16 9 23 19 56980 1.0335221344601493
22 21 26 13 35336 0.9196760488141514
9 1 17 12 52606 1.0662027251164903
5 18 22 4 78775 0.9179008833018655
22 6 12 29 99521 1.0548831435014336
22 2 2 7 64645 1.087803806805969
2 17 14 26 58705 0.903608209142781
21 18 22 7 32313 0.9387272667863715
28 27 7 8 104900 1.0354826955104286
17 24 11 12 52952 1.001915473936705
17 21 7 19 34764 1.01529160805884
18 16 10 21 43381 1.0504114456528286
19 19 4 16 61578 1.0682603354301259
17 13 16 28 58779 0.9528406771045191
20 12 27 19 48368 0.9242140528809046
17 15 28 6 62779 1.0956001300584097
10 9 13 16 36607 0.9763172748686736
17 17 20 29 61752 0.911545697019203
10 4 29 25 99685 0.9124062389216433
18 19 16 6 56229 1.0660755423754287
4 7 11 21 62683 1.0665489093538054
13 20 8 4 57892 0.9716123074414731
27 3 19 23 86116 0.903941164764189
14 24 18 18 38800 1.0680867438575223
11 29 25 17 81622 0.9082388429170563
23 23 10 0 87318 0.963954111344917
10 7 1 19 60990 0.9584660572994171
3 18 12 26 46992 1.058209816257171
29 29 19 7 72241 1.0291846173043426
28 13 2 5 96469 1.0125270612735529
8 5 5 19 46716 0.9545780197538932
12 26 26 5 99225 1.084471127557517
4 20 22 9 79809 0.9861897196853846
12 25 29 20 65934 0.9927794191664618
26 20 16 14 51238 0.9609752422324367
18 8 2 29 107940 0.9996253874732076
22 29 14 1 95616 1.0191635724363117
20 5 6 21 80315 1.0950324231445239
21 5 26 25 74440 1.0150704939202397
11 15 6 23 38001 1.0154640189428725
6 1 2 19 60481 0.9945002895908319
22 7 12 25 72768 0.94908666181645
26 20 15 15 49431 0.9487726106986314
29 27 16 8 79263 1.0539304010815262
8 13 4 4 52053 0.9753282191615102
8 10 19 22 74123 1.0671962336939043
22 27 8 12 79400 0.9040887071498204
21 6 2 17 78779 0.9016455183393272
13 22 10 9 53923 1.0495706316307605
14 6 22 2 34017 0.9702247362691803
8 20 25 9 80011 0.9766232364935965
10 11 1 28 75386 0.9906668593801566
24 0 20 11 44435 1.0358360216734541
6 29 16 24 41285 0.9511040977564124
7 3 24 0 46519 1.017202878619805
28 12 9 10 67055 1.0844907588497876
6 14 24 10 68586 0.9247516695159613
15 18 24 8 63519 1.0536950888757417
9 14 12 0 49434 0.90831926193383
2 21 5 1 64661 0.9706565614285171
29 24 22 0 71025 0.9140561959916569
18 0 3 26 103916 0.9052288081133756
14 2 6 23 84213 1.0775718306608881
2 19 15 14 58646 0.9781789871652049
14 9 26 25 90594 1.0958441812439226
12 17 28 22 60746 1.0499924278113397
7 0 15 16 68839 1.0145754391858082
10 12 17 25 59810 0.9233136990615743
15 11 16 26 55198 1.0679822872268077
14 9 8 26 68859 0.9054221722206534
1 24 27 23 96590 1.0223586910036888
0 24 12 22 48325 0.983029131626428
2 9 13 6 57714 0.9223506918488883
2 27 27 14 118732 0.9854292447226152
23 11 7 0 62569 0.974080001244895
10 0 4 19 65047 0.9415792481141121
18 9 9 24 70004 0.9321133039080092
10 15 16 22 38461 0.9794667333214011
1 13 22 3 78315 1.0956527412959094
5 22 12 16 35237 0.938192705287706
16 6 4 23 77918 1.05175435606939
10 9 24 25 89368 0.9157480065000981
11 8 25 3 46745 1.0517224686260613
28 22 24 7 48564 0.9468346918922637
9 18 2 14 40574 0.9477429014294558
22 11 26 22 45020 1.0153898393520764
8 15 1 18 35732 1.079492233322002
6 10 5 1 34062 1.0160396860745133
7 10 22 21 71785 1.0206315115816613
19 25 1 14 97361 0.9057269817810292
19 26 29 20 39746 0.9414470950303342
8 9 20 12 44355 1.0154956872374759
12 29 9 16 52043 1.037641960200756
29 17 9 10 75454 1.0080577865144287
6 18 27 18 77080 1.0919282825618422
22 27 6 11 85734 1.0580926295734223
5 19 3 0 63953 0.9116388445302539
18 16 13 4 69030 1.0232541751874007
9 14 21 28 73541 1.0682391704610992
25 29 19 19 55957 1.063700197988364
23 27 16 21 38861 0.9364558953148076
27 18 16 23 52228 1.047104297371353
6 8 26 7 57685 0.962301612447751
1 14 26 18 100892 1.0441688335028159
14 5 29 10 49201 1.0114628745953025
3 20 1 10 38592 1.0189653531130238
29 9 7 22 91968 0.9992266701553376
25 1 13 0 29511 1.0852517818786602
18 15 26 0 62436 0.9130621090876525
24 19 3 11 87242 1.043993019542524
16 23 5 5 84583 0.9751037203436079
1 27 11 18 57261 0.9630530420314185
15 6 25 4 32691 1.038905206834511
7 26 12 15 41382 0.9846029836465531
19 22 25 4 69262 0.9572523259807588
12 25 5 15 48830 0.991971444511568
23 15 11 9 54107 1.054282510569
24 24 5 16 81610 1.0306515053438807
27 29 19 7 85215 1.0434658432838524
19 5 10 18 64188 1.0440425547625427
18 2 9 17 74510 0.9352154256353888
5 4 26 19 108383 0.9889523701158522
1 1 25 17 99385 0.9117414145441433
2 14 17 12 44463 1.0643321808123412
14 17 1 11 55119 0.9394105569649663
18 4 8 6 48313 0.9474495597794664
9 15 18 20 41184 1.038935465086058
11 10 4 14 36954 1.0277019798622464
16 13 21 7 33204 0.9224989267229542
2 3 15 24 92113 0.9902807640272554
20 15 12 8 46757 0.990115245633833
4 21 29 16 87329 1.062200506442057
29 16 0 2 110234 0.9674108478928247
21 27 25 5 72682 1.0602716176692266
24 4 22 26 65075 1.035217958455371
3 22 14 2 91492 0.9618390459109152
29 25 25 13 41636 1.035167210834183
13 4 13 26 79997 0.9163577379145524
3 11 12 5 49127 1.0702225606865035
23 14 12 16 50059 1.070454019831931
5 8 21 1 64699 0.9261258688732852
21 23 21 0 65286 1.0245774900700275
19 3 13 10 43014 1.0282301876495683
20 28 25 22 40429 1.048216436444441
0 14 16 26 88911 1.0461807799766387
