6849 6396 6839 6163 6443 6846 6665 6465 6506 6133 6403 6530 6895 6643 6880 5990 6290 6770 6651 6454 6272 6642 6019 6899 6697 6927 6861 6429 6252
1462 1506 2350 1617 1972 2361 1960 2240 1900 1806 1753 2124 1891 2325 2193 1764 1569 1544 1767 1704 2081 2473 1944 2299 1891 2374 1606 1744 2104
4878 5640 5478 5329 5268 5335 5551 5490 5000 5023 4955 5339 4718 4984 4895 4855 5655 5218 4784 4758 5631 5708 5695 5304 5100 5414 5062 5472 5728
5531 5275 5865 5682 5822 6048 5869 5233 5928 5688 5641 5593 5806 5525 5070 5704 5862 5413 5168 5120 5931 5885 5006 5073 5731 6067 5217 5041 5928
6682 7461 6612 6526 7320 7346 6969 6619 7458 7246 6705 6970 6976 7388 7220 6650 7108 6528 7433 6470 7009 7026 6828 6708 7267 6758 7331 7425 6458
2435 2036 2066 2555 2038 2406 1732 2403 2748 1885 2162 1985 1813 2371 2505 1904 2133 2116 1982 1892 2025 2517 2093 1863 2762 2327 2134 2109 2508
6797 7200 6766 6284 6851 7163 6663 6345 6465 6554 6642 6567 7294 6884 6464 6667 6697 6336 6879 6516 7071 7178 6371 6493 6484 6523 6929 6692 6792
2854 2987 2993 2786 2323 3127 2343 2925 2751 2298 2633 2339 3188 2229 2451 2396 3048 2916 2610 2513 2986 2403 2406 2352 2645 2931 2163 2490 2213
8370 8143 7916 8155 8513 8465 7758 8496 8090 7944 8496 8428 8783 7861 7998 8783 8082 8100 8722 8020 8121 7719 8557 8593 7900 8589 8726 8666 8225
3037 2643 3370 2459 3047 2540 3291 2709 2812 3282 2774 2923 3143 2420 3148 2773 2786 2560 3329 3236 3015 3024 3048 2699 3052 3193 3036 3305 2720
7087 7322 7369 7792 7521 7191 7170 7375 7379 7799 7089 6848 7349 7292 7592 6829 7731 7761 6982 7312 7225 7667 7613 7705 7206 7590 6917 7281 7301
2631 2509 1962 1728 2575 2485 2203 2719 2267 2465 2124 1914 2641 2729 2234 2193 2705 2050 2640 2056 2085 2330 2589 2608 2194 2683 2052 1726 1805
3928 4515 4361 4598 3817 4522 4211 4439 4678 3916 4689 4645 4022 4220 4100 4040 3949 4341 4120 4622 4043 4035 3813 3913 3990 4559 4507 4725 4460
4803 4833 4717 4865 4840 5594 5278 5460 4812 5011 5468 5292 5029 5156 4736 4625 4625 4612 5097 5437 4637 4741 5469 4579 5189 4914 4987 4679 4994
1996 1787 2216 2031 1366 1405 1912 1520 1493 2350 1358 1746 1740 2351 2399 1388 1724 2144 2346 2105 2362 2199 1949 1769 2080 1629 1935 1798 1717
7362 7603 7328 7563 7356 6873 6843 6987 6683 6761 7069 7344 7117 7597 7350 6577 6939 7239 7214 6973 7119 6791 7141 6873 7215 6681 7012 7399 7415
7525 8239 7282 7308 8023 7369 7589 7717 7908 7911 7596 7937 7536 7714 8166 7431 7937 7697 7800 7264 8070 7240 8007 7467 7159 7918 7504 7972 7885
3084 2675 2879 2688 2272 2919 3115 2260 3001 2313 2615 3027 2738 2524 2389 2293 2857 2529 2968 2250 2897 2714 2645 2218 2930 3035 2180 2563 3060
6680 7250 7332 7582 7046 7210 7211 7366 7137 7340 7083 7158 7059 6756 6544 6765 7577 6836 7185 7576 7176 7140 7016 6547 6628 6811 7362 7360 7076
4999 4789 4911 4914 4745 4726 4309 4647 4069 4161 4801 4818 4751 5032 4661 5039 4797 4551 4044 4064 5032 5017 4325 4650 4482 4433 4202 4755 4921
5892 5881 5009 5879 4894 5564 5857 5064 5290 4900 5399 5380 5307 5538 5579 5108 5755 4947 5428 5060 5732 4992 5253 5260 4887 5461 5392 5688 5720
6373 6434 5476 5569 5635 5762 5798 5808 5766 6314 5905 6484 6254 6278 6273 6440 6234 5660 6420 5590 5521 6138 6257 5521 5687 5981 6115 6073 5861
1905 2745 2494 1721 2711 1947 1863 2670 2028 2152 2317 2276 2107 2670 2381 2528 2636 2278 2002 2233 1844 2519 1670 2706 1951 1854 2294 2339 1779
6706 5947 6473 6401 6208 6720 6786 6035 6188 5839 5825 5982 6039 6025 5990 6650 6433 6502 5826 6747 6107 6600 6428 6244 5884 5904 5883 6247 6641
7109 7264 7802 7244 7171 7595 7562 7170 7188 7645 7186 7776 7750 7679 7406 7468 7192 7336 7342 7563 7837 7849 7099 7411 7589 7683 7346 7812 7612
5405 5906 5790 6375 5564 5445 5541 5491 6120 5953 5442 5830 5436 5982 6319 6025 6002 6400 6363 5478 6127 6088 6399 6403 6134 5897 5976 6384 5646
3985 4087 3441 4244 3900 3676 4023 4282 3421 3890 3810 3690 3863 3815 4079 3422 4356 3803 3634 4284 4194 3482 3433 3963 3463 4084 4398 3337 3745
4188 3953 3295 3495 3822 3872 4039 4114 4303 3352 4054 4248 3409 3968 4193 3707 4338 3533 3899 4314 3941 3491 3679 3732 4022 3645 3746 4149 3800
5864 6443 6608 6017 6806 6641 6286 5853 6057 6551 6602 6179 6662 5855 6225 6727 6051 5976 6859 5981 6178 6101 5884 6120 6153 5919 6800 6135 6242
1568 1402 2020 1880 1455 1585 1430 1245 1236 1628 2044 2190 1759 2020 1597 1665 2170 1645 1661 2188 1275 1626 1565 1694 2068 1535 1735 1669 1319
7353 4637 2051 5481 4667 6915 5288 4733 8066 4510 5689 6949 3561 3004 1783 7598 1722 2604 6709 6515 6035 6648 2383 6218 6176 3009 2078 3670 5989 3805
7573 5046 2912 5579 4943 7438 5676 4652 7431 4864 4770 7837 3308 3327 2112 7671 1889 2382 6022 7467 5814 6671 2708 6607 6364 3441 2699 3431 6284 4299
7432 4686 2252 5525 4150 6743 5543 4503 7704 5067 4938 7841 3902 3821 2425 8112 2448 1650 6732 6947 5817 6441 2817 6491 6800 3202 2237 3903 6539 3670
7200 4731 2205 5361 4661 7211 5551 5005 7543 4275 4897 7034 3263 3768 1839 7881 2111 1920 6067 6760 6731 6447 3167 5960 5883 3042 2519 3585 5567 4034
7241 4946 2275 5818 4298 6951 6229 4515 7968 4693 5275 7192 3563 3194 2025 7423 1904 2539 6234 6720 6370 6298 3215 6069 5930 3639 2160 4246 6365 4298
8213 4511 2380 5091 4744 6831 6224 4472 7379 5086 5629 7010 3309 3544 2633 7850 1913 2542 6251 6777 6642 6662 2341 6616 6273 3587 2301 3576 5702 4030
7355 5032 2318 5198 4218 7364 5723 4109 7888 4207 5696 6993 3740 3990 2340 7251 1735 2313 6615 6814 5925 6433 3219 5697 5918 3006 2831 4326 6468 4018
7717 4351 2099 6032 4678 7245 6099 4776 7271 4904 4744 6895 3326 3145 2591 8212 1624 2488 6040 6872 6015 6524 2350 5810 5855 3111 2744 4153 5557 4304
7811 5062 1889 5525 4755 7725 5202 5027 7451 5002 4975 7416 2991 3599 2504 7269 1615 2119 6440 6965 5773 6208 2314 6317 5971 3226 2631 4213 5652 4426
8156 5326 2574 5927 4671 6869 5572 4321 7298 4224 4770 7254 3281 3631 1724 8107 1906 2066 6132 7018 6112 6393 2543 6003 6211 3211 2441 4195 5872 3507
7910 5263 2960 5272 4686 7197 5729 3964 7236 4968 5410 7334 3990 3522 2164 8236 1902 2058 6141 7312 6294 6544 2466 5753 6661 2701 1935 3596 6434 3491
7430 4884 1941 5174 4669 6851 5886 4726 7323 5060 5278 7065 4016 3333 2509 7543 1809 2138 6365 7378 6141 6404 3288 6159 6318 2686 2884 3558 6167 3542
7461 4359 1993 5294 4001 7147 5977 4498 7871 4683 4823 6931 3505 3159 2357 7657 1868 1811 6110 7266 6609 5807 2311 6430 6439 3466 2814 3898 5736 3593
7856 4966 2056 5082 4992 7537 5358 4010 7156 4661 4959 7291 3794 3862 2001 7724 2262 2083 5950 6593 6634 6120 2314 5720 5949 2999 2115 4356 5638 3637
8134 5343 2818 5910 4766 7084 5242 3970 7181 4633 5041 7211 3276 3752 1802 7799 2391 2234 6213 7007 5881 6612 2749 5769 6224 3188 2763 4262 5926 3940
7358 4498 2632 5861 4392 6806 6017 4141 8204 4453 4772 7313 3431 3600 1782 7959 2305 2046 6402 6543 6398 6321 2963 6588 6731 3022 2697 3386 6093 3956
7239 4969 2422 5678 5003 7091 5783 4515 7343 5064 5192 7706 3701 2911 2495 8211 1687 1818 6209 6565 5784 5814 3140 5785 6420 2875 2036 3915 5877 3529
7319 4828 2173 5489 4148 7319 5781 4731 7736 4244 5539 6981 3968 3604 2121 7725 2279 1995 6613 7403 6164 6185 2762 5836 5840 2792 2421 4111 5585 3807
7987 5177 2775 5063 4684 7651 5941 4618 7248 4698 4857 7241 3306 2998 2207 7421 2536 2482 6546 7466 5915 6270 2483 5966 5783 3675 2131 3337 6619 4445
8152 5014 2154 5962 4330 7401 5285 4997 8174 4544 5529 7863 3802 3844 2132 7751 2362 1743 5660 6997 5774 5895 3213 6616 6583 2996 2265 4068 5819 3519
7766 4753 2478 5563 4295 7649 5179 4699 7579 4948 5575 7525 3970 3433 1981 7246 2143 2075 6182 6958 6483 5786 2675 6722 5892 3505 1855 4228 6375 3588
7206 4491 2927 5927 4046 6937 5434 4791 7261 4999 5025 7150 3144 3866 2080 7429 1887 2279 6157 6908 6357 6707 2463 6335 6392 2956 2084 4119 5907 4291
8024 5226 2412 5805 4136 7626 5278 4658 7634 4708 5096 7277 3693 3590 2221 7462 2051 2238 5940 7134 6748 6701 2471 5914 6027 3216 2860 4172 6190 4086
7620 4513 2194 5690 4084 7445 5934 4872 7898 4662 5068 7678 3741 2948 1967 7610 2162 2023 6100 7278 6606 6057 3142 6725 6634 3163 2270 4160 5977 3558
7906 4882 2073 6013 5085 7071 5713 4869 7642 4783 5294 7930 3554 3293 2623 7902 1664 2338 5872 7126 5872 6699 2604 6190 5911 3310 2276 4186 6266 3700
7829 4893 2434 6015 4911 6864 5721 3987 7369 4084 5013 7177 3850 3451 2447 7433 2580 2436 6545 7188 6107 6086 3025 5900 5997 2818 2454 3454 6164 3689
8099 5307 2371 5243 4729 7790 5586 4898 7345 4953 5696 7393 3440 3586 1822 8256 2541 2088 6156 7531 6326 6477 2208 6246 6591 3208 2006 3905 6446 3895
7287 4897 2900 5276 4975 6992 6149 4516 8183 4539 5120 7482 3918 3233 2465 7895 2128 2296 6459 6603 6711 6579 2864 6040 6637 2969 2742 4114 6443 4199
7157 5382 2471 6033 4626 7483 5630 4319 7431 4220 4759 7649 2986 3028 1893 7376 2492 1604 6716 6826 6238 6029 2315 6663 5948 3319 2092 3524 5834 3854
12 3 2 2 27254 1.0333094923809234
3 22 16 6 65197 1.0291574121048772
2 9 17 20 59275 1.0171679329239793
15 17 12 5 37544 0.9476733551471432
12 26 26 28 40776 0.9748768613503752
24 28 3 10 93799 1.0642587664980037
23 26 2 12 76268 1.0138828222588385
10 14 9 4 30665 1.0915014529647675
6 26 8 14 35097 0.9304536123870533
18 11 29 2 60405 0.9144526899684972
2 27 14 12 57547 0.9362622200283331
20 22 5 28 51676 1.0634174216108243
29 7 7 13 62239 0.926158173078449
24 29 17 25 27847 0.995890764207171
11 0 15 13 34019 0.9514616258797248
10 20 28 7 72640 0.9259031629908359
17 23 10 0 68140 0.9828581397149128
24 18 9 19 44314 0.9830147581230686
7 12 10 0 44342 1.053491310118283
7 9 11 18 29336 0.9848828541580618
9 9 19 22 55221 0.973756907624592
25 14 16 7 40325 0.9061802384170113
29 14 9 17 47283 1.0220179952941524
7 15 26 2 69281 0.9483428896459765
5 0 29 13 80227 0.928686706411615
20 0 19 22 70906 0.9372434953541944
10 19 6 0 65837 1.07613937853418
26 18 0 22 69571 0.9368799021071116
14 8 14 25 33503 1.085868332176966
4 22 27 3 92947 0.9490144105012606
17 7 25 3 38849 1.0532734653434337
11 6 3 27 65790 0.9381552674727041
25 1 25 29 77623 1.093466574678661
19 26 8 27 31486 0.9738393204467376
27 11 6 25 82091 0.9451882456465776
28 5 1 9 93721 1.0796183545742277
14 5 0 11 58388 0.9356880524331974
13 18 20 6 55706 0.9237326253388217
13 12 23 9 40715 0.9288244455002201
22 28 21 3 61624 0.9447147518086915
28 7 8 12 67788 1.0377671593374493
24 27 14 1 75141 0.9655811596393249
6 8 1 17 34270 1.0908793892847102
1 4 19 20 74233 0.9529651303382669
29 13 17 5 52491 0.9734276763494136
27 23 24 1 62690 1.0512081272168818
12 1 16 14 33636 1.0361617967909473
22 1 0 0 63299 1.040672491739349
0 29 15 13 63781 1.0138474189963234
29 21 23 12 36109 1.0330334306730848
25 23 20 14 37098 0.9102993544505145
24 5 8 11 78358 0.9175683668497558
0 4 1 21 37621 1.0591856448325578
4 21 15 0 70272 1.0113222519117888
25 10 9 19 62984 0.9288404193074047
10 6 10 25 53176 1.0192924129538377
18 4 0 17 68496 1.055242272300424
4 16 3 0 47763 0.9410360179914103
18 8 24 16 43597 0.998443899474595
28 7 13 28 81453 1.0889676878221592
3 28 6 8 61399 0.9333728269990031
22 27 14 22 27973 0.9139841854426184
17 26 29 8 59022 1.0717001266327226
19 3 3 29 96433 1.0917912935579157
0 22 19 15 54744 0.914572740816739
5 27 5 14 28253 0.9060649703485651
13 2 26 21 70677 0.953299637643454
12 3 28 0 54987 0.9572962372056641
7 11 29 26 74265 1.0275360526439616
21 7 27 11 38760 1.044208762507552
4 5 29 10 83533 1.0193363604294936
8 9 28 0 82328 1.048074469784973
24 9 20 23 49704 0.9163942642435653
17 1 29 24 69615 0.9717722790831234
9 21 28 26 56233 0.971852906077797
10 1 5 19 53459 0.9425037789708773
0 18 13 22 47090 1.034047851744036
18 11 25 26 59799 1.042640887205713
10 22 24 18 47928 0.9049683497753431
9 4 17 16 49011 1.0167776749517885
17 17 8 21 34602 1.02041336297696
20 13 15 8 36296 0.9036050610639638
7 26 12 9 55051 0.9646898694787176
8 11 3 6 39595 1.049761841392829
16 10 2 25 66494 1.0453662300044684
24 24 16 21 39161 1.008411645084882
27 13 5 13 54842 0.965377142221535
0 4 13 29 83336 0.9521370359651398
14 3 29 21 63247 1.089905903906505
19 8 27 24 69364 0.9852404136490102
6 15 18 18 38041 1.0028521204451588
2 6 4 15 35271 1.017627222795243
2 13 28 18 70107 1.0160748916019675
2 29 6 14 44390 1.0641681788395223
27 24 25 3 62875 1.0645632710647348
19 7 25 15 43837 1.0100533835099605
9 25 22 1 80619 1.0065270015148151
5 20 15 0 61949 1.0626162773822443
7 12 24 9 58759 1.0614120770043247
10 24 16 14 38146 1.0305665358663243
25 21 16 12 52210 0.9067632960278966
4 1 9 14 43214 0.9328138467364037
5 14 7 24 27392 1.0986895165639736
7 4 22 7 52406 0.9107134088816559
12 17 17 9 28701 0.9372695579428075
22 4 9 27 78660 1.0896209616799877
12 19 2 12 43320 0.975316212716923
19 9 16 26 55920 0.9265915549531286
27 23 13 1 78429 1.0440348688975094
20 23 26 3 68322 1.015379457987363
13 2 10 24 58106 1.0543738879976423
10 4 6 23 64861 0.939597001854465
4 25 23 28 57737 1.0347634120557914
0 22 16 25 49444 1.031278110035842
20 26 9 11 57360 0.9867685024720855
3 18 15 0 65831 1.0058228123283752
27 8 16 11 60930 1.0185939967930246
26 6 14 18 62884 1.097930844165561
3 14 2 26 30839 0.9509215303714698
21 0 14 16 55534 0.9032350571214559
26 6 12 11 71264 1.0750119343139843
12 8 22 27 67101 1.071348032235821
16 14 27 9 43127 0.931741303103335
24 1 3 26 100547 0.9312776731513294
10 13 28 10 57928 1.0332725328283403
5 21 23 1 80407 0.9234925346809147
12 11 27 7 69030 1.0024644697439191
12 26 19 29 28480 1.068557337213802
14 0 17 29 64664 1.0575733604350608
23 10 29 4 39529 0.9249931634931159
17 21 1 2 71708 0.9264991366487253
6 9 1 29 52760 1.0592236140402267
22 5 16 22 54588 1.0535733571581216
2 1 20 16 71417 1.0193326064942596
5 2 13 16 44945 1.0061356004788595
26 14 24 23 40122 1.028202775563211
0 21 4 13 32511 0.9627198520558629
18 1 4 0 47297 0.9100057934808996
9 11 20 22 52378 0.9789010611853396
11 25 26 28 46343 0.9311064819811739
26 24 5 22 64232 0.9105491298315264
23 28 22 3 61887 1.042627462841057
25 25 19 19 38480 1.0993062605063584
15 21 4 27 45314 0.9783288897502848
24 14 14 10 27983 1.0150793401884144
26 20 29 5 38278 1.0101765516911694
14 7 14 24 32943 0.9113420044619663
23 7 1 15 68015 1.027660573047036
24 18 29 12 27309 0.9688615202984192
6 15 3 24 37014 0.9608961358113105
11 25 17 17 30682 1.04238986607312
9 27 17 6 66991 0.9125712859782363
7 26 23 2 85937 1.0776744883495781
16 28 8 19 52341 1.0083329147349425
18 15 11 26 43547 0.9027926892069656
26 6 13 5 57903 0.907302003334037
3 23 8 7 55687 0.9652928243586796
16 15 28 21 50370 0.9705371428168299
20 6 6 4 61146 0.9015309713005323
20 15 1 6 63341 0.9193808212438158
29 21 0 11 82420 1.029939243302166
7 16 28 4 70029 1.022073087213934
25 3 7 28 100647 0.9824240026671452
9 5 2 20 59452 0.9476897693971894
7 10 2 23 46443 0.9944634584089763
7 4 15 24 66811 1.0714608538136354
8 17 11 3 38990 0.9074192046925325
0 20 29 4 90022 0.936155905772083
22 13 16 29 51360 1.0255260862806312
3 24 29 13 82913 1.0993732374619805
15 23 1 26 43558 0.9273911522253563
12 28 13 3 62609 1.016864004744324
4 12 14 13 30921 0.9376329585013282
5 4 10 15 40927 1.0696117689053763
21 17 25 0 54770 0.9147546129346285
22 11 13 12 31538 0.9549404396741579
13 8 6 4 43115 0.9636419553508571
23 15 5 11 51803 1.0413773069959267
1 9 21 18 60619 1.0118678647788193
24 0 5 8 72768 1.0145422039728937
18 24 29 17 49008 1.090460414508403
22 8 18 21 48439 1.0552158061661394
20 29 27 14 51973 1.0895049189837416
23 15 2 19 61169 0.9911582298530015
29 1 5 14 74755 0.9117800456560392
5 22 15 26 33336 1.0415214496354517
26 21 7 18 59301 1.0445681780517275
4 18 12 8 47068 0.9014478372278685
0 16 11 13 27925 1.0746220617748499
1 1 26 0 68924 1.0414128933483509
1 25 6 7 49469 1.0551234541839365
9 28 26 8 90971 0.9194811485700101
15 2 5 16 44727 0.9621688084810304
28 23 4 15 75201 0.9614849497038968
19 28 26 8 73510 0.9532338323316648
0 1 5 21 52474 0.9218882972798248
7 20 19 25 44325 1.0507797846183025
0 12 28 11 81983 0.9102433283859142
19 13 26 4 49430 1.0374005253775196
12 8 29 10 63618 0.9785644333093673
16 8 26 6 55848 0.9302597147154792
6 12 9 0 39655 0.9109209618397281
2 3 23 2 55211 0.9672007635788165
28 20 17 6 64716 0.9749386399028909
21 15 23 29 40518 0.9190175725547386
6 18 23 4 71947 0.9687531188406734
2 20 14 27 53046 0.9312290626350384
29 6 28 20 30716 1.0974902569759464
28 14 26 23 26540 0.9181579132277456
9 5 1 20 53638 0.9576718619701241
10 12 2 15 30096 1.0119943151103072
16 9 3 7 61522 1.0969675979179436
7 6 3 23 53254 1.068223498719552
2 14 26 13 56785 1.0208935722250398
10 7 3 14 38316 0.9530805096910899
2 5 10 10 55434 0.9719988771845572
27 18 12 13 45417 1.0132993344538233
17 13 9 21 36410 0.9325525608469314
21 4 0 24 93717 1.0745998199763063
1 14 6 28 43163 1.0858947318380443
2 3 14 6 39438 1.08297791869038
23 7 13 5 48923 0.9732689631107775
16 12 0 8 59887 1.0782597081141394
19 7 25 22 57345 0.9952907078778903
7 16 29 14 48811 1.052615881359026
5 3 1 27 57708 0.9901576885378369
27 22 20 15 36100 1.092485150859962
2 19 1 28 25583 0.9739311946012895
4 10 17 17 42471 1.095863270065234
23 16 6 25 58634 1.0732518747577822
11 23 27 14 52973 0.9755913561780819
0 19 29 8 83083 0.916126644910949
15 19 9 12 33038 1.0615338083943624
1 8 13 27 67340 0.97485252531214
0 7 24 13 73804 0.9494349621009789
2 28 23 19 80309 1.032376533520449
3 29 10 18 52814 0.969893416554921
25 27 5 12 76062 0.9138093446463049
4 1 17 24 78510 0.9536770421250219
29 2 27 29 53957 0.9653816711824845
27 22 14 16 42722 1.018438193239581
19 0 28 23 76720 1.0719367575876335
10 8 1 29 69950 1.055314670286515
9 4 13 23 62190 0.9124598899887466
4 22 18 24 45916 0.9917010108243822
3 5 24 23 96694 1.002899986748515
29 8 27 0 23127 1.0668999003887885
28 26 22 2 60128 1.0484077118418322
14 22 28 1 75559 0.9796763007554208
6 29 13 26 26333 1.046451311697011
22 22 17 1 60559 1.0178636530717529
18 21 3 18 52417 1.098262696072949
27 8 7 10 77253 1.0568480550179948
15 13 24 22 43590 0.9383376237652858
9 28 9 3 73604 1.0306582966341629
0 27 6 9 52582 0.9493216287955399
14 27 27 21 45309 0.9523300926525224
28 4 16 23 74035 1.0594599617012186
3 16 27 14 52116 0.9545631340526687
24 7 18 24 67280 0.9110230937465355
21 28 11 5 79906 0.9844342560300923
3 2 0 15 38126 0.9590733018520765
13 8 8 13 34451 0.9500515935599082
0 6 20 25 87456 0.9715792793948927
12 16 21 25 42685 1.0265982636882445
13 5 4 8 52588 1.0002242248426894
14 19 3 6 56136 0.9160254175969077
3 6 28 0 87632 0.926059633952331
22 14 13 0 49644 1.0475357550037363
17 6 13 18 39878 1.062532480974206
7 13 15 20 34262 1.0749482997856392
28 9 7 4 73596 0.9756320981748957
10 19 24 29 61431 0.9422441925959177
28 28 6 13 81966 1.0045060514222033
27 15 2 28 86561 0.900930103829507
8 17 2 9 36123 1.076070962411408
22 18 14 25 35904 1.0847629552159865
20 0 13 6 39123 0.9345411424281198
3 29 0 13 42355 0.9850017490490828
17 5 19 20 49187 1.0573957201724322
3 17 25 22 59842 1.0958706388183628
20 1 19 11 49199 1.0119652496604306
0 22 11 2 64807 0.962903212823832
27 2 12 0 44355 0.9286812062027403
1 14 8 6 40179 1.0834979538442244
19 23 2 27 60287 0.9950994989588448
7 6 27 26 87858 1.0430566783179258
13 18 15 27 28586 1.0807899011047752
25 10 24 24 60286 1.0008375023169194
16 4 2 13 58495 0.9213997694832554
23 2 20 24 63440 1.07256192188126
2 17 2 2 35119 1.0032632838768143
6 17 23 11 53064 1.0147421867629172
7 9 5 22 33847 0.9740088218776277
23 16 18 0 58121 1.0865833201320645
20 4 3 25 91049 0.9599256923712143
11 15 16 1 42217 0.9434691238452093
0 23 24 7 90423 1.0986046491106967
15 29 9 1 69139 1.0438239496655497
12 1 23 19 63649 1.0378172252493432
0 9 14 3 50980 1.0029070710829482
14 13 5 22 35437 1.0443767718301729
5 18 12 12 28757 1.0831808360786577
25 5 7 12 78320 1.0113359396434298
0 15 22 21 59451 1.0496336935011255
1 16 22 15 45104 1.0240572261981191
21 17 8 24 48313 0.997461905312592
20 23 1 14 63834 1.062220607034745
19 28 23 18 37880 1.0915956827460456
10 22 13 7 41738 0.9277656049684967
29 17 3 1 88659 0.9581505898549302
2 8 10 10 45115 1.0685877119942764
17 0 3 7 54158 0.9828974048545946
29 8 10 13 56033 0.9253820237356769
14 24 4 21 35679 0.9784643982988218
17 20 10 6 50726 1.0062771770981367
29 20 17 20 38838 1.0326440178943725
26 12 5 20 62080 0.914395232736124
22 16 20 26 25632 1.0028195495420338
2 0 13 15 65685 1.0247273314038874
18 24 26 2 77599 0.9150065091069739
16 14 6 18 32054 0.9195201408375072
2 20 4 5 51212 0.9740140782002076
23 21 21 10 36998 1.015665611891325
21 26 10 2 70700 0.9746829371991514
25 11 11 9 56935 1.0684058140472166
29 21 5 20 64072 0.9549358739311818
8 2 29 10 63126 1.0359076300500574
6 10 14 14 31935 1.0173662637584364
27 22 18 0 80558 0.9497253814241431
24 24 13 15 53196 0.9120548544779666
16 3 22 17 53216 0.9585299856816141
21 21 1 26 65861 1.0558179136624743
6 4 28 13 81105 1.019884958221998
4 23 14 4 58489 0.9013576878525924
26 16 9 11 48787 1.0466675453624856
9 25 16 11 54742 0.9985088911634705
22 27 8 15 59536 0.9276952942268651
24 19 21 26 31273 1.0669688577311804
11 26 18 7 61195 0.9150248068873263
14 20 29 3 62194 1.062578730155461
13 29 11 6 58822 1.0270398778534555
23 19 7 19 48375 0.9210213165925442
5 6 3 18 33513 1.0000874029814553
5 8 28 21 80224 0.9586030439030373
11 23 1 1 65264 1.0039809901282832
3 4 18 1 49165 1.0537170700759
22 20 3 3 80739 1.0442190080104001
27 7 26 18 36180 1.0055554754504992
28 11 20 17 37753 1.0584163547133636
2 1 2 11 32348 0.9575949786108063
8 22 16 29 36009 0.9578239229133053
23 6 13 19 56555 0.9016771463334105
0 23 14 12 52164 1.0606892538614796
1 27 2 2 52420 0.9400625999581623
25 19 16 8 60989 0.9190150180087475
21 11 27 27 56417 0.9747292788486248
6 20 9 11 34658 0.9267450907342091
17 10 12 4 33152 0.9758728574534262
2 16 17 6 54556 0.954510241294597
4 4 27 6 75476 0.9831080235245951
0 15 10 23 47579 0.9348516315973696
15 8 3 7 58124 0.9758080295705884
27 23 15 6 69900 0.9799647482164692
13 25 27 18 51281 1.0422278496315895
25 15 0 13 63764 0.9332245787213742
8 5 29 18 82937 1.0391265936415333
4 23 3 6 54115 0.9838337697925571
29 23 10 24 59600 0.9435489191566959
15 7 3 6 53955 1.03757363684732
14 11 24 15 34031 0.9215110406152461
3 26 2 17 25395 1.069715201253282
28 12 26 3 30882 0.9769283094255369
16 24 3 28 52631 0.9310840155144371
9 6 23 27 81527 0.9092039770040304
20 21 10 17 40996 0.987335312888006
17 28 25 22 31897 1.06421075224327
26 17 11 3 60658 0.9074933923240228
16 22 6 21 32134 1.0588008475647053
27 4 21 21 61712 0.9907783466765352
14 9 17 22 34512 0.9672907559511209
6 7 26 5 74270 0.9550680007483044
0 14 23 26 71039 0.9656213243262152
20 7 3 17 65916 1.0939189122921804
11 5 20 19 56330 0.9227099508139794
17 6 0 16 58167 0.982305596716055
12 17 10 26 25308 0.9233126195897798
21 8 19 24 56558 0.9934565119030399
20 2 20 21 60756 0.9008306499174772
7 5 4 27 60418 1.0951020315074842
21 23 9 18 48269 1.0485881962521346
14 0 7 29 73795 0.9679883501515254
18 5 11 19 54143 1.0861043362937701
13 28 20 24 33735 0.9800188972946272
14 17 13 5 28923 1.0347962606723384
7 15 12 5 39832 1.0154708983461194
1 1 9 10 43346 0.9493396992703661
5 9 25 22 68748 0.9307546576784471
18 29 19 9 65494 1.0648128849641134
17 3 21 19 57386 1.0203622194682
24 0 14 11 55009 1.0051536804379912
9 23 25 6 82369 1.0390460650774793
3 20 13 4 63878 0.9553170341172108
21 18 27 26 34802 0.9710566010318887
22 4 23 25 50705 0.9756442018765841
7 27 25 2 92367 1.055553610565312
1 17 11 20 28823 0.9781563963403597
5 18 5 28 21704 1.0312035807117075
13 15 7 21 29422 1.072512815396165
5 19 22 10 52622 1.0430261651619053
27 9 25 24 53007 0.9943992080924923
9 9 3 29 64143 0.9886770316189046
24 4 8 25 86794 0.9034442335631621
6 14 14 27 42415 0.9908259759155786
0 11 10 4 53738 0.9753903862342077
22 3 24 15 36056 1.058255142964662
14 12 25 29 63087 0.9595989320535732
19 26 8 10 62844 0.9226157907068001
5 7 3 25 45840 1.056073247104622
10 8 11 18 30558 1.0976442730141642
23 19 4 1 82277 1.0355309334596257
14 16 27 3 60433 0.9644299035929984
29 7 14 29 73213 0.9927448985882593
13 5 16 20 47797 0.9155241469740623
2 24 17 14 56597 0.9257618034174037
20 19 5 14 45460 0.9300919391330146
27 21 9 6 82814 0.94675164553062
13 16 5 2 44945 1.0321491298775873
1 29 17 22 54044 0.9732623291774465
24 20 28 7 51561 0.9980952562539823
9 5 19 24 75548 0.9469429005379771
19 1 25 15 52434 1.0626594426399183
3 27 3 17 31049 1.042815270153468
28 18 6 0 91774 1.0756569213689946
21 11 19 23 45300 0.9385584636802495
18 0 18 11 44121 0.9967706543684962
2 12 18 23 65616 0.9024993141461662
1 9 28 10 83933 0.9160882719331661
25 4 16 0 43025 1.0716994799331634
9 1 10 29 73430 1.0804035045828626
6 24 21 12 67574 1.0703324350092174
24 8 25 25 62517 1.0672307115902653
23 19 3 2 79775 0.9531489936929992
21 26 21 1 62878 1.0532846914065368
27 6 6 25 99398 0.9181211188067204
15 7 2 7 57666 0.9506717249877021
16 26 7 7 61963 1.0257646859757492
17 7 9 3 36450 0.9687568225701177
17 0 0 2 45536 1.0764017672150616
9 23 5 2 56510 1.0581297895841117
11 22 22 20 34724 1.0098287164835862
16 9 28 21 62470 1.0104602798394664
26 23 6 6 88209 0.9865705208010866
25 12 18 7 41536 1.0685699797627009
23 23 9 26 42866 0.9163908950844282
15 10 10 2 28284 1.0037814249482206
23 15 2 0 83759 1.0076136810998564
1 19 28 5 88311 1.08424879783915
20 23 14 18 31575 1.0256665413195787
18 7 28 12 52744 0.9976233730962027
2 29 27 23 82966 1.0376199984359225
5 2 4 21 47019 1.0022607691216368
0 25 21 5 92621 0.9767595303963864
4 16 16 7 42994 0.9651676990503553
27 26 29 10 33536 1.090694838009024
23 0 6 4 58562 1.0202919785364395
26 9 13 15 51663 1.0446536570166345
21 26 1 8 77217 0.9554680577277637
13 7 8 26 55482 0.9394633636997344
20 17 21 5 38866 1.0397265806626619
20 29 6 8 88536 1.001397177675347
21 19 7 19 46762 0.9833287750703699
6 18 23 0 83011 1.042238075844481
15 28 3 29 47438 0.9911340353016039
4 0 8 7 34758 0.9082227475457664
10 7 25 12 60055 1.089499691105002
14 27 23 28 31010 1.0114379275939014
10 6 20 17 49199 0.9410802652197024
18 11 25 2 50229 1.0760163410947594
15 2 23 18 54707 1.0453945067452723
26 1 20 24 74228 0.929354708508661
26 1 16 7 44095 1.0555856653725142
19 1 28 27 75643 0.922940135168079
3 15 25 10 71185 1.0755712547681975
17 27 23 12 48008 1.0745951282423123
8 23 19 16 44489 0.9500531794465541
29 10 24 1 31992 0.9425981655543976
22 16 4 18 44707 0.9250469613553177
27 16 16 6 53804 0.9526956865089953
28 23 29 1 43920 0.9824379429900119
12 19 24 23 52485 0.9607408830456423
10 22 2 9 52079 0.9281393504056423
21 0 28 14 51096 1.0931641949207334
12 28 24 29 46469 0.9708012322829593
11 15 19 4 49335 0.9093781185796806
5 16 18 27 50728 0.948516035112652
22 17 29 11 26424 1.019796061101542
13 14 6 2 41319 0.9409115321354026
22 0 22 22 50027 1.0163548651244276
8 27 0 15 48421 1.0584916276163878
17 2 17 22 53248 0.9473475223132533
12 12 23 24 54852 1.0643103391550022
11 21 5 6 43739 1.0064552115110528
9 14 14 26 34561 0.9495975597582347
14 12 21 15 24884 1.0737390688108124
16 16 2 25 50395 0.9524541721538153
21 13 27 22 38407 0.9893281167588706
0 21 16 5 73851 0.9876126432638334
29 4 16 2 35684 0.9779953608462548
27 19 0 15 69649 0.9406779199126989
9 27 14 12 43410 1.0081694234312462
27 29 0 4 114956 1.0931829411901126
18 6 24 29 78553 1.00767066179826
28 28 26 11 47475 0.9454993262488087
17 12 6 16 29849 0.941214926867028
8 2 28 28 96602 1.0059325164327306
13 21 21 4 63975 0.9454302021037935
10 5 4 29 76625 1.0027669081473813
0 19 27 17 65730 0.9079605704431946
9 23 26 12 64297 0.9933117980417718
11 2 10 18 43135 0.9652440083598784
16 5 21 14 40044 0.9434032934115558
5 11 23 5 71248 1.0479255712208317
12 26 22 6 63706 1.084765792476401
21 10 14 13 33346 1.0151853998277693
15 11 13 26 39257 0.9903972310445394
10 7 7 16 32297 0.9426289976393193
18 20 6 18 43421 0.9381076635869823
18 0 6 10 63704 1.0305975596992314
19 27 15 14 42146 1.0980948516075146
26 29 26 16 41259 1.020819621433517
28 12 4 25 82246 0.9417893152569351
21 5 2 26 92614 1.0980545541737894
7 26 21 0 93405 0.9105016973868181
20 19 7 5 66083 0.9180186257085546
23 18 13 11 43529 1.0885385549235111
20 16 6 0 67543 1.018056763673422
3 5 11 23 65226 1.0667649300463313
17 12 23 1 47567 1.0400985495224864
15 21 21 2 60020 0.9214995629906575
8 11 24 6 72552 1.0947900617979198
1 8 6 24 46577 0.9275440790499824
5 25 25 24 60952 0.9492401412303529
17 5 2 6 59541 1.0986871603575254
22 27 0 8 88555 1.0051879931616319
10 12 10 29 46801 1.062332844132348
8 4 20 13 61673 1.070091861469221
18 24 10 27 32762 0.9644860832271993
27 7 13 16 59044 0.9457757169540573
15 20 26 7 69193 0.9326946205936386
16 2 29 28 76369 1.0426149790702355
14 22 21 13 37465 1.0219195951841629
7 19 20 17 32607 1.0835528748122094
17 28 12 9 55222 1.0550833987318222
12 11 8 2 35016 0.970145723056522
22 25 21 12 32669 0.9315015218559791
13 2 13 12 23247 0.9487251135804782
17 17 25 6 53068 1.0719575224702382
3 0 9 10 47482 0.9184637180931045
18 19 26 5 72008 0.9943849940034917
16 19 19 2 56900 1.0039355392167923
4 17 10 6 44585 1.075237438852457
11 13 16 28 49154 1.0972450884236478
12 22 21 14 35812 0.9304989588440835
5 10 22 4 62637 0.9236578588430119
16 23 9 15 39119 0.9668734966494369
1 8 4 28 54950 0.9295663042114888
27 3 6 22 92073 1.0293482883164866
17 20 23 2 55175 1.0491614778214526
28 6 29 15 20779 1.0942751283387384
16 25 26 1 82242 1.0185746842815027
0 7 23 25 86530 0.9099246892582235
14 10 13 28 40660 0.9930575293455168
8 2 2 24 66442 1.0925383318095194
4 2 1 17 37194 1.0559533231639324
2 8 24 28 102426 0.9673843202571897
26 1 6 29 107609 0.9588261586507746
19 17 25 23 31589 0.9613526095102295
18 10 29 14 42402 0.9903830120579309
0 21 13 12 51678 1.019669535702613
18 27 0 22 56989 0.9431266254598117
0 2 27 23 101694 1.0002882024907458
16 9 23 14 31023 0.9452939501115729
16 14 18 22 26154 0.9947166419891607
0 17 15 5 55905 1.0643046278381907
0 5 8 12 45470 1.0016741230163198
28 29 4 22 77317 0.9532343073063917
12 21 26 12 58863 0.976448292011491
19 29 28 8 73507 0.9770120650815861
26 15 24 1 50264 0.9304468629661471
8 18 4 6 43389 1.0513475177101108
3 25 11 6 60248 1.0133977566815129
24 2 11 19 62706 0.9824494464077884
26 26 3 14 72220 0.9095202739938969
26 23 10 25 52819 1.0858920995035006
20 23 13 1 66919 0.9188623085712435
2 9 24 18 73699 0.9173952005529106
8 13 15 10 29010 0.9981461149814594
18 19 20 27 38301 0.9675711260125044
1 10 16 27 66926 0.9882186134838258
26 17 23 24 30314 1.0721626389766534
15 9 24 14 34966 1.0324756977276845
21 16 26 22 26641 1.0170972266380702
1 7 12 2 36065 1.0630739039533899
0 29 21 3 102094 0.9610447781831669
18 26 20 4 66019 1.0581173296505895
29 10 0 7 88047 0.9901262298811752
12 28 4 15 53134 1.0939300490535127
28 6 6 5 80782 1.0368389197760588
25 4 3 8 83659 1.0597792322593846
18 26 2 22 49689 1.0013439414902197
23 1 14 25 72303 0.9741192561646229
25 5 3 12 88886 0.9169612950764447
28 11 10 14 54013 1.042940230548618
17 3 10 19 55784 0.9679781874976549
19 20 28 3 63716 0.9402156142404317
19 20 9 21 40092 1.031785088401711
4 11 27 28 91618 1.0593053542407618
6 3 2 29 70946 1.000136163236851
13 29 20 24 33451 1.0556917127244811
4 7 18 0 56472 1.0119933272998576
20 0 3 16 72671 1.0239895455334656
17 13 7 9 37140 0.9566678794665044
4 4 18 1 44504 1.0282267976754302
18 22 13 6 47557 0.9426581395156544
23 11 22 2 27180 0.9105076313467108
28 19 15 5 70297 0.9783256539647363
27 2 22 10 29070 1.0168277452769638
22 26 15 10 53476 1.0398348612032104
12 20 24 15 47966 1.0293633306327088
18 7 7 2 41799 1.0288600335452334
9 4 29 24 87701 1.0537924521288378
4 25 1 14 30914 1.0059366793727584
6 25 20 4 87350 1.0968687312648058
22 22 15 16 28299 1.0197012486027357
2 14 0 25 26350 0.9373427698005705
17 20 8 17 26120 1.0695366108231357
15 16 28 27 52962 1.0729448766426848
13 13 28 8 56559 0.9894166502120048
17 1 24 24 77596 0.98637663753164
21 21 9 6 71068 1.0970017069021267
9 5 23 29 88099 1.0366257320805197
9 4 12 13 34083 1.0012918244737286
19 10 8 19 55900 1.0387186643408592
22 25 15 5 62345 0.9870749192700143
2 25 24 28 69958 1.0736633015410486
2 27 22 21 63626 1.0029592600961295
24 13 6 21 63039 0.9000027975711934
28 9 5 16 66320 0.9206522488241643
28 24 10 0 95336 1.0753521943989774
1 26 12 11 57151 1.062047815091044
19 2 5 23 69487 0.9517029950981407
0 17 14 0 58217 0.9564299553090255
4 7 18 14 48905 1.0818468693333765
1 21 22 12 58815 1.0547896481967116
9 18 11 2 41393 0.9524960322383995
25 8 19 15 42649 0.9777596406039519
14 13 7 6 38907 0.9388811123639589
5 2 27 3 55368 1.0192224146960787
22 19 1 29 70794 0.9306090079456284
19 29 10 2 78083 0.9632771221650988
18 1 16 26 66417 1.064430674936758
4 11 16 7 54853 0.9770169526099919
25 18 6 10 65313 0.9116022072018392
28 11 19 26 56537 1.093420225363768
1 24 24 0 105000 0.9416768988493217
11 20 21 11 49092 1.026071579381895
24 17 8 4 70040 0.9896968892425655
2 9 29 27 94117 1.0069476317613562
1 2 9 29 77085 0.919551334424074
14 3 21 26 59534 1.092049719011919
4 11 23 9 67014 1.050381250261006
14 4 7 18 39978 1.0277379778072666
24 15 22 6 29677 0.911551362254988
28 3 12 27 89582 0.9311778073783248
6 15 19 27 57945 0.9398990931646365
18 26 21 2 64820 0.9517642878311564
9 28 2 19 48696 0.974275906934098
2 6 23 27 94537 0.9721177407720948
21 27 7 19 55198 0.942074567909694
7 23 29 23 62634 1.0126033928588551
10 18 3 25 42085 1.0603315032318725
10 1 6 10 39199 0.9484892507216316
0 3 0 21 46700 1.079432914450672
11 4 19 2 22500 0.9961241297542135
11 0 10 17 42142 1.0606538755275352
11 9 8 28 56609 1.0688087867799747
12 16 11 4 30358 1.0530183199846759
12 26 3 23 36748 0.9107643383293956
28 3 23 9 40197 0.9489354254612792
15 16 15 27 28895 0.9164943737919636
18 15 22 5 34974 1.0268601807842512
13 1 28 13 63122 0.9197355257867661
10 5 3 12 47392 1.0680671959203591
2 15 27 16 56540 0.9160954076641733
8 26 24 20 58970 0.9882725382406994
4 22 10 12 37532 1.0568191723723797
22 2 13 7 33319 0.9728872306569452
16 1 19 25 71133 1.048786355158093
9 27 15 16 37923 0.9129653489551901
1 21 19 23 55948 0.9538176373024203
9 29 3 12 56697 0.9221658098255798
18 22 16 4 54128 1.0499033273299974
20 2 0 17 69408 1.023144527645461
13 27 19 20 37864 1.063475391692239
0 13 21 10 65548 0.9607771732679864
6 2 12 12 38298 1.0200266744699578
29 0 20 9 45206 1.0660946643348785
5 16 27 1 77725 1.0903592360231549
16 25 22 9 53608 1.0875108697253533
9 26 28 4 89048 1.0166783688670766
2 12 27 10 79094 1.0414619384986583
4 14 2 29 39732 1.053038923082855
14 21 18 9 38008 1.0201892493527744
22 20 11 5 56822 1.041682613098395
0 7 15 21 65008 1.0060144261226902
16 11 27 27 68730 0.9819147555365828
13 29 14 14 33181 0.9592125321410333
29 5 13 21 67341 1.0138147764633345
17 1 17 23 58568 1.0880166167930994
12 3 10 29 68465 0.9844616737209625
2 15 5 28 37271 0.9375310721728152
8 13 16 3 47817 1.042774277588725
0 19 13 9 54374 0.9256751516128503
29 10 12 5 66538 0.9273806315893159
12 23 22 5 61735 1.0057376295140443
3 23 13 29 46582 1.023838454801095
6 8 12 16 37029 0.9245576141604653
22 24 11 25 32553 1.0952619514911353
20 17 12 26 35830 1.0296695694808122
14 26 13 5 47506 0.9984055723756137
1 5 9 22 53133 1.0832133887327233
16 17 10 7 37193 0.9529926687068733
9 21 18 13 40014 0.9974396779607708
13 4 29 29 79419 1.0680675334099694
0 24 29 4 98960 1.0092968768377384
0 8 5 3 32276 0.9901970575755061
13 20 16 7 39409 1.0988436275992814
3 20 24 19 74073 0.9918538858075048
26 19 12 20 50121 0.9482938768273127
16 26 5 3 70908 1.0755021307911519
28 22 26 11 33690 1.061543001358
13 7 15 17 24313 0.9657278499755151
10 5 8 16 38594 1.029178674611215
7 3 16 21 67394 1.0881636445294363
15 7 24 28 74568 0.9216977147454976
14 27 18 17 28611 1.011266973718052
20 18 13 14 24777 1.0629939670812791
20 10 25 2 34865 0.9668679560551297
27 5 2 4 80224 1.0804803839234758
27 6 24 22 51839 0.9098070033667921
0 5 15 12 61866 1.005376706209639
12 7 29 7 63042 1.0871097532802299
0 24 21 8 87741 1.0694774614760212
12 28 29 3 88274 1.0865017044554919
20 9 23 0 38055 1.0531446064864758
11 1 23 7 44272 1.0046237828221039
27 12 8 22 65084 0.954923483739631
8 14 26 15 43196 1.0622895792467728
2 10 22 5 78135 1.094186111481881
16 16 20 3 49954 1.034610041261967
17 23 15 0 61017 1.0256062078896147
11 1 4 29 78202 1.0057235712258472
29 8 0 27 96610 1.0597170654287933
1 10 11 23 47552 1.0151175939523405
24 4 19 28 72724 1.0505344590667307
7 1 10 24 70472 1.016847071830127
26 29 29 13 39380 0.9574847315954681
28 4 8 5 71753 1.0956367377117366
1 26 8 2 64343 0.9036982401195067
27 9 6 14 64901 1.0023325556483615
17 17 25 25 37466 1.0337995304319911
13 5 26 23 71146 0.9376061362117885
21 1 9 14 56129 1.0320534564332793
12 2 4 9 36802 1.0300190784332401
29 29 5 1 100920 0.9234072417262299
21 0 27 23 71888 1.007298077914551
3 13 24 3 82713 0.9275949136942473
3 23 1 4 45958 1.0088096920666847
15 16 29 24 44100 1.0632062097088468
8 18 13 25 37596 1.0578259883956993
10 2 11 21 46735 1.0217381881838246
29 11 20 6 50103 0.9383420615818274
6 26 23 22 49299 1.0006809085891826
28 5 1 21 92096 1.0654543679567405
15 3 13 17 32776 0.9498305170314085
24 29 22 11 47711 0.931802480936569
18 13 6 19 44368 1.0487034599677219
20 11 8 9 58096 0.9641644434827334
3 15 7 4 39439 1.0372185876483189
23 17 11 10 40408 1.0757302531568231
12 11 20 4 51840 1.0455598464070883
1 11 3 23 31966 1.0262195586573022
3 26 24 7 89160 0.9604811200236573
9 24 2 14 39334 0.9811850799389632
18 24 0 20 65197 0.9582435347480386
1 2 23 11 77413 1.056943603631173
4 9 17 23 59777 0.9744877442352798
27 13 17 3 55041 0.9769494284325742
15 19 15 3 42190 0.9084865696487091
10 27 0 12 58733 0.9818280610220776
2 8 14 1 51572 0.943669246691071
29 23 24 13 32131 0.9459164251090637
6 20 17 3 66024 1.0072205325909562
18 11 0 19 61517 1.0876556286516061
7 6 24 19 75627 0.9048946671959083
6 4 15 17 51288 0.9418935136563334
22 1 1 1 54484 0.9619796862646134
4 9 12 3 41163 0.9598901145019041
8 14 29 0 68759 1.0053102146349273
29 5 15 2 39771 1.0139270558092552
19 9 3 2 59725 0.9250060496094819
7 18 14 26 35525 1.0118604733810457
13 1 14 15 30640 1.045634059814769
29 2 5 27 96795 1.050752392987757
29 19 14 10 47707 1.0150787324278805
5 19 6 0 49488 0.9343619751628113
2 22 17 21 43911 1.011997911294624
21 19 7 0 74825 1.0692796377339593
22 26 17 5 61635 0.9041556087701673
21 3 12 23 69521 0.9387836469204833
2 21 5 11 33863 1.0294581848011473
0 18 18 13 50802 1.0427634165050834
16 9 22 28 60037 1.0496752764412154
26 15 7 4 71943 1.0989172305716
5 25 10 14 33915 1.0385913959963962
22 2 20 16 35895 1.0781301642546972
7 4 28 10 75763 0.9223332182960982
5 14 27 6 77857 1.0780609851373344
5 27 14 15 41866 1.0286936884235518
25 7 4 11 81403 0.948114358033556
5 28 8 19 33622 0.9270704215374955
23 26 9 16 50060 1.028642020249729
24 26 14 19 37475 1.0470261282780338
15 3 24 29 80478 0.9411861363839468
24 1 11 19 69970 0.926336563836682
5 5 23 8 68288 1.07471404741594
9 9 26 25 76902 0.9840623403299366
25 1 9 6 55904 0.9048433950129265
2 28 21 11 88856 0.9080237984847649
20 28 6 22 53625 1.076200368739195
5 24 18 11 58391 1.0147410786523399
10 6 4 21 56359 0.9117736322864088
8 23 1 15 36132 1.0941725291471867
26 8 20 1 43965 1.0862354399710834
20 6 26 22 58359 1.0028598299204388
9 11 15 6 37130 1.0415565873080521
9 6 2 0 37352 0.96382201900555
27 19 8 14 53709 1.0858153135156745
20 24 10 22 38202 1.0041840921592233
14 11 26 28 64672 1.0334979870238994
23 4 5 4 53561 1.080073343699276
24 19 2 6 87706 1.0831829841143523
15 22 29 5 65627 0.9855992718287598
18 15 25 5 55397 1.0034740451460729
5 13 27 11 62499 1.0882831501238186
24 27 7 27 48605 1.0588721068648255
22 8 10 4 48151 0.9028465031890496
0 27 13 25 38609 1.084293303805387
18 13 10 0 52044 1.0470677447986252
1 15 10 18 28481 0.9553798855188096
26 1 23 18 55919 0.9453401056949795
18 3 23 12 43405 0.9935005704734085
14 14 2 1 54070 1.0293558231675797
17 6 23 17 41897 0.9953590677739623
3 0 13 5 46706 0.9288294925759413
19 0 0 19 84264 0.9150396789825417
25 0 19 28 86709 1.070399368957516
12 28 11 13 41041 1.0711412851349813
28 14 11 11 44296 1.0566751893738067
13 29 13 3 57535 1.083809185423258
2 21 14 14 44109 0.9484773698835839
2 19 18 25 64560 1.0020410716361603
18 14 2 4 62699 1.0519152963767584
24 14 8 16 35937 0.9330609309575276
11 9 26 21 65585 0.9410645207552766
4 28 0 13 48480 0.995850604530803
2 25 13 1 77727 0.9346527282163601
26 10 29 3 26034 0.9705669211173019
1 25 3 0 61498 1.0988551195630936
28 8 9 29 94343 0.9732311242740016
17 5 23 1 28317 0.9433808869525248
14 17 11 8 26230 0.9464802034049236
11 20 4 25 30005 0.9089585807285043
20 19 0 17 53406 0.9437198816855362
12 4 24 7 53653 0.9020864819245572
24 19 29 1 52766 0.9011684825348611
11 24 19 3 67120 0.9685802020556518
19 6 5 16 58636 1.0975740231162536
10 26 22 20 40544 0.9671262126653197
16 2 27 5 37025 0.9696609301896584
14 26 28 26 32860 0.926969912434715
21 17 7 29 57406 1.0979796096054564
10 26 14 14 33842 1.054755343707599
5 20 25 26 60773 0.9846821968523821
4 27 24 25 55561 1.0023301014874182
25 27 10 22 49440 1.0497731311868468
28 17 1 9 70657 1.0009636844777605
26 19 5 2 80353 0.9982301791086537
13 13 27 19 46951 0.9924783571317091
7 6 28 6 76545 1.094262926609248
25 9 0 1 85963 1.0179259330146788
3 12 27 18 65105 1.0071279924023269
0 13 20 28 79972 1.0633786128381542
11 9 18 24 54122 0.9370972144139259
5 0 28 7 74604 0.9507404219455066
14 9 11 25 39640 0.9506640662183465
29 24 16 27 37154 0.9648271070945352
16 9 26 25 66057 0.9268812222482102
22 12 1 13 52926 0.9561050447342637
23 5 8 29 93170 0.9778631574390595
16 9 8 1 40258 1.0312251006953645
22 27 4 0 96944 0.9029773039320721
21 25 16 20 32156 0.9057087480980639
6 23 15 12 47847 0.9522873695468334
24 17 26 25 33971 0.9997126541401788
19 8 21 18 45566 1.0723957342378696
8 25 11 10 44230 1.052845509281331
15 1 2 11 62780 0.9102317919349651
19 16 14 0 40256 0.9638309868630355
13 19 4 21 41557 1.0654427350042166
11 17 25 4 64189 0.9268898498112261
20 18 10 22 36924 0.906183706029071
12 7 1 15 46135 0.9502652834828955
7 9 3 0 39232 1.0579179105699674
1 0 10 17 51315 0.9538080119539252
16 27 26 20 43950 1.0882249529558243
29 20 3 20 75898 1.0059808346769696
9 6 4 19 49113 1.0893994622444445
7 11 3 18 28256 0.9879753285983123
15 26 5 23 32411 0.9845334305834172
11 2 17 23 55090 1.0275837921292805
19 28 5 28 47944 0.9080696354411404
17 6 2 19 66337 0.9071170585994044
7 10 17 11 40607 1.001837859520909
8 24 19 18 49046 1.0944461344560605
14 22 26 23 37123 1.0306428494534114
15 1 20 7 40361 0.9343260003075885
18 18 14 0 45711 1.0467381594919556
15 29 16 4 59883 1.0401855127715067
6 13 7 4 27917 1.080284490524124
19 3 8 23 76297 1.0757622121287689
19 17 7 9 42819 1.0788593965222804
14 19 27 18 35818 1.0964750582347478
22 29 0 21 74508 1.0795165840877121
19 13 2 6 66104 1.0248157839319645
3 15 9 3 47154 0.9839216048148618
9 29 5 11 51856 1.070524288295094
14 11 28 23 59637 0.989143289323096
14 28 29 20 48448 0.9515665028587804
13 26 8 17 32973 1.0177955082455385
11 7 5 26 53691 0.9501366888899819
8 11 14 15 29056 1.0967832941975388
27 10 12 18 57105 0.9539525251541142
4 10 17 23 58474 0.963323170429375
21 0 10 9 57156 1.0372588691435678
11 26 28 8 81762 0.9393122112995641
6 0 3 14 42712 0.9065636420016251
18 22 2 16 47039 1.0840445719272562
5 6 1 26 49103 1.020131535762656
3 29 13 4 79447 0.950681659902929
23 20 25 1 60347 0.9271174772606754
25 18 6 5 78774 1.0694405218048735
8 27 25 15 69231 1.0565908069782155
1 18 15 5 54845 1.0758315451154503
7 27 9 13 40553 1.0408884138151155
22 13 0 11 61783 1.0619831405759295
2 0 8 12 49605 1.033650207971232
11 22 28 16 49627 0.9909224605271235
14 2 17 17 33097 1.054052660292201
11 10 9 22 32710 1.0420106405240472
24 6 0 23 93968 1.0075359849856405
0 17 23 17 49623 1.0409453114208778
28 19 11 9 65790 1.0876453505324684
6 12 29 5 72182 0.9483814667292781
17 25 21 15 39768 0.9583135509804366
27 6 6 1 69878 0.9016430277861243
15 14 2 0 60750 1.0018686158132362
8 4 6 17 41042 0.9137468375215353
0 18 17 3 70834 0.9442747335898732
28 12 20 6 46115 1.03932431334286
1 17 15 25 48251 1.02642441460151
27 27 4 10 87714 1.0227953361574689
7 2 1 27 63850 0.9120289529425896
12 17 12 4 35639 0.9142128986252627
3 7 22 4 65121 0.9343351705426903
2 9 8 27 59429 0.9156089966301244
25 8 19 25 66000 1.0133046066248093
28 6 1 25 97265 1.0004651128438289
4 3 22 15 68563 1.0865964090075912
29 11 0 20 79399 1.0301184953195182
2 12 13 1 55695 1.0114689824992225
20 20 26 4 67855 1.082487523908431
9 18 23 21 44446 0.9492551090717906
29 2 3 10 85449 1.0741549397725463
21 16 3 9 55930 1.0017255490009296
26 27 20 9 62329 1.008654974421785
17 18 18 0 55497 1.0466982518695045
4 6 24 22 79256 0.9942638248130325
27 15 16 7 48787 1.089604061335776
