6087 6417 5651 4344 4626 7551 6474 4845 4834 5995 5993 4657 7543 3894 7150 3902 4636 6541 5107 5718 6281 5047 6894 4800 5698 3911 5240 4640 6553
5806 6265 2957 3359 6240 3442 3859 2847 3200 4716 4500 5257 5552 3527 2847 4341 3664 4752 4938 4996 6129 6219 5743 3961 6203 5278 5768 4993 4111
6889 4955 6228 6493 3387 4969 4337 3832 6900 5735 4452 6886 4039 6514 5656 5965 4565 6617 6923 3532 6155 5565 5645 6861 3922 3807 5920 5109 6128
4933 6190 3594 4442 5663 5383 5297 3692 5551 4065 7097 4960 7021 7150 6499 6400 4171 6311 7199 6307 6029 5606 6162 6562 6003 5805 6819 7131 6846
8201 8445 6496 5486 6272 8647 7022 5378 5376 7317 6105 6110 5497 6750 8700 5644 6440 6114 6212 8176 8544 6923 8289 6959 7010 6609 8189 7578 5347
2665 4450 4970 4731 4228 5079 4114 2895 4195 2583 4547 5708 4630 2261 5457 4853 5271 2438 4644 3441 5848 3111 6056 5781 2326 5148 5807 4883 2277
7020 5643 6289 5534 7306 7148 7089 4663 4481 5579 6939 7529 8245 5468 7569 7381 6786 6481 7638 4643 8181 7915 4573 8226 6202 6610 7322 5634 6516
4025 3660 3063 2800 1502 1709 3771 1707 2007 4808 1773 3766 4782 3446 1880 2394 3861 3905 4712 2889 4401 1939 2494 1895 4204 4244 4892 4968 4512
5549 6349 6651 7109 4863 8292 8013 5093 8077 5043 5596 7981 6864 4837 6794 7623 7412 5789 7253 6135 7865 7194 6073 4873 6755 7552 5950 4739 7808
7180 6524 4034 6276 5020 5875 4488 6454 4934 3334 3439 6216 6519 4315 5868 4638 4885 7114 3321 5539 4074 5320 4583 6883 5388 6841 4499 4956 5470
7719 7437 6526 7974 4644 4835 5195 5006 7348 5471 6444 6802 7235 7237 5180 4573 7532 7754 5668 7848 4566 8060 6033 7538 7183 5071 4569 7684 8124
3251 4269 5870 3120 4675 5283 4324 6052 4442 5241 4573 2153 4288 5919 4004 3994 2227 5855 4574 4310 5741 5305 2745 4060 2723 3801 2559 3302 5797
3261 3214 2796 4611 5221 4641 4969 4834 3893 4846 4533 2820 5749 3176 4321 5335 4442 3184 4070 2285 1913 3177 2993 2604 2531 2749 2088 3356 4777
4337 4731 3791 4825 6930 3829 4948 6434 4077 3431 6852 6050 4404 5159 5914 4555 5676 4323 6057 6818 3928 4860 4382 4117 3845 3518 6389 6054 4207
3498 2586 1740 3039 3425 1923 4115 3123 3288 2350 4426 3154 5034 3186 2501 4875 4966 3929 4101 3587 1729 3559 2093 3003 4077 4965 3953 1688 4178
4640 5624 3067 5056 4425 6027 3501 5063 3415 4265 5870 3527 4195 4229 4499 4855 4102 5112 4845 5231 3107 5783 5835 5047 3660 4198 4483 5182 4539
4930 6340 8186 5048 6975 4782 7412 7309 5655 5127 4747 7918 5392 6611 5601 7945 8204 8111 5155 8085 4591 6848 5824 5235 7011 4605 5661 7165 6590
3147 5541 6933 6674 6497 6956 5728 6614 6899 4692 5776 6580 3650 6811 6882 5695 6346 5800 6412 3153 3659 4135 3776 5483 4431 5574 6631 3828 4571
6789 6154 6506 4376 7278 7149 5612 4073 7181 6228 5649 6730 4587 4945 7236 6898 3624 6977 6663 6373 5581 5636 7249 3502 5427 5787 5037 3982 4876
3603 5099 5670 4722 3499 5408 4992 7080 6422 3502 4630 6614 4008 4710 4001 4955 6731 4850 5399 4976 5308 3622 5140 3178 6730 3358 3848 6422 6460
7201 7245 4999 7016 6214 6685 5086 5337 4789 4538 7244 7640 5251 5563 4584 5822 6326 6584 6182 5876 5332 7653 6238 7091 5555 8141 4505 6260 4474
2238 4578 4625 3242 2157 1968 1227 1938 4760 4830 4078 2891 4701 2521 2141 2955 3873 4251 2947 1748 1711 4160 1184 2050 1600 3121 4257 2958 3536
4787 3990 4278 4623 7104 5405 5958 5307 3471 4028 6217 6498 5024 3969 4136 6030 4532 6272 3625 6748 4276 5226 4963 6537 5617 6136 3472 3971 6994
4618 7355 8182 5769 5270 7280 6842 5571 7735 6506 4547 4486 7763 4467 7344 4713 5874 6981 7953 6477 5345 7642 8223 6509 8149 7557 5639 5780 7643
1599 1541 3098 1478 1712 4303 1342 1452 4738 4693 2123 1986 4173 4849 4372 2478 1449 2542 2634 3232 3022 1738 2729 2966 3533 5082 1874 2978 1296
5757 5028 7862 6740 6016 7857 5227 4062 6250 4526 5176 4483 6794 7108 7455 4122 6254 5750 6663 5313 3982 4589 7276 5056 6983 4488 3974 5513 4463
7375 4796 7468 6143 5641 4152 7381 4121 6694 3878 6063 5355 6712 5066 3906 7171 3859 4338 7075 5202 3850 7446 5776 6508 6281 6112 4417 6665 5823
3583 3202 3770 5823 2421 3596 2993 3764 2695 4309 3582 4437 5836 5239 5963 2945 4532 4796 5068 2921 3251 2245 3981 2288 3151 3812 5103 5305 4658
7026 4264 6667 6143 3635 3416 4235 6731 4483 5765 7018 5427 4408 5023 3211 4463 5145 3384 3528 4092 6944 6190 5389 4334 5366 5229 6947 5590 3894
3063 4083 1968 4869 4719 2587 2743 4469 3609 5014 4695 2279 2579 3828 3765 5009 4862 2087 1872 5195 2426 3849 2344 3625 5193 4279 3996 2319 2805
4290 2709 5935 4282 6249 3372 4194 7184 3175 6431 7079 8253 5368 2286 3807 5058 6197 6010 5657 5963 4053 4565 7830 3301 5607 4746 5804 5323 6997 3665
3141 3352 3971 2007 4880 1905 3745 3462 3852 7134 5214 5023 4723 1661 1718 5374 6663 6299 8357 4940 4914 6816 5693 3457 6687 5939 6482 6497 7724 5243
5794 4416 3021 4612 4355 4398 5033 4194 5538 4695 5242 7030 6353 2939 3242 4652 5661 5832 6947 4453 6008 4826 7534 4907 7505 3977 7513 4863 5800 5517
5112 4277 3743 5408 6322 2551 7486 3278 5289 4555 7457 6377 3198 3843 5030 5704 6150 6824 7921 5156 2521 5613 5940 3101 5092 2717 7743 6157 8322 4507
2270 4716 3706 2083 4767 2413 7320 3917 3198 5304 6483 5941 6875 4739 1727 7387 7910 4199 5790 5485 4539 5422 6913 4544 7542 5742 5386 6417 8735 5129
2717 3219 5017 4104 5991 3339 4233 6928 4371 7211 5821 6221 3319 4458 5086 5510 7042 5689 4795 4860 3783 6680 5876 4505 8504 4177 7927 5516 7056 2519
4580 5071 5681 4033 7644 4556 5643 4481 5344 5953 4684 7175 6409 3036 4482 5966 6576 4756 8018 5523 3898 5091 5797 3017 5639 6014 8070 6372 8068 5539
2152 2589 4812 5010 6827 3353 6672 5088 3473 6011 5703 5064 5646 3220 4936 5921 5478 6875 8315 6913 5600 4588 6940 2538 6146 6159 7459 5117 7723 5263
3716 5977 6381 4010 5846 2792 4339 3846 4999 7046 7091 7480 6359 2645 1747 5334 8436 4683 5161 6780 2719 5824 5481 4137 6045 5739 4566 5449 8057 4976
5152 5776 3752 2350 4224 4762 4778 3778 4364 7096 7086 5596 5024 4052 4717 6487 4943 4344 8167 4936 2983 6136 6605 2608 6319 3022 4560 8000 6268 2523
2664 5739 6465 4650 4180 4902 7283 3976 4121 6256 7911 7170 4123 1967 1675 4716 8511 5917 8192 8147 3912 6346 4944 3470 6417 3889 7511 6303 8566 2888
5845 5190 5527 5663 7563 2642 6403 6408 2700 4523 5197 7985 6073 2227 4625 7313 8270 5518 5704 6204 2583 3674 4441 2772 6027 5852 5322 5428 6974 5858
5708 4852 5333 3040 6006 5570 4061 6273 1794 3934 4511 6401 5949 5137 2015 6481 6291 7166 6687 7323 5284 3306 5573 3019 6696 4384 6401 4700 5207 5481
5513 2130 5823 3009 5078 4239 5466 6181 2170 4459 4910 6855 4646 3256 2375 6190 5381 6373 7949 4947 3188 5715 4486 4861 6743 4762 6564 6021 8773 3250
5396 3479 4144 2919 5004 1910 4508 5631 4221 5302 5300 7751 6825 2342 2717 3893 6200 7011 5678 7633 3824 6135 5692 6177 7921 5125 7558 4194 7671 5927
5370 4724 6436 5403 4081 4340 4916 6995 5567 5443 7566 5134 6007 4541 2895 4530 7161 6517 7104 7623 2428 5905 8007 5575 6472 2775 5771 4325 8362 2375
2925 2809 6725 5425 5275 1977 4459 6209 1949 6193 4675 8627 3867 4482 3408 5174 5433 5135 8020 6674 2817 5723 4965 5928 6509 6246 4527 5415 5429 2544
1930 2158 5459 4259 6747 5485 3878 4004 3469 4744 5519 6859 4087 4941 1983 7193 6885 6489 5152 7349 6051 3999 4983 2758 7419 4719 6815 7815 8196 3556
3929 4271 4409 2032 4807 2253 4401 5865 3518 5574 4801 7704 3671 3261 2601 5153 8392 5075 5997 6222 4181 5182 6524 5833 8583 3015 6735 7231 7628 4845
3382 4338 6569 2070 6895 5253 4017 4235 4930 4704 4851 7996 5542 1856 3861 6039 7415 6459 8329 6248 2488 4588 6187 5242 4993 5070 5099 6717 8295 4442
3082 5522 3728 4851 5797 1963 6760 4014 3782 4156 7730 5507 4163 2791 2326 4455 6503 7457 5313 8113 4462 5072 4420 2901 7597 4696 5771 5540 6287 4879
3992 5847 6675 5416 7406 3263 4593 4236 5002 5616 5493 8379 4958 4734 4012 4940 4783 5014 5635 7741 5712 5840 5154 3550 8521 5154 5427 7381 8860 3982
4148 2074 4882 3789 6246 3999 6834 6220 1981 5565 7848 5844 6104 3847 3458 5179 7250 5403 5745 5456 5999 5547 7566 4843 6566 5809 6730 6626 8600 3455
4691 5029 6484 4426 4346 4384 5775 6524 3326 3974 5424 4807 4653 5268 2009 7503 6947 4675 4622 7424 2963 6055 5186 6457 5368 3766 7721 6083 6403 2343
3992 2305 5489 5764 3772 2015 6493 5340 3412 3540 5682 7884 4089 4087 3453 4979 5583 6505 5021 4940 4598 3742 5017 6105 7944 4777 5136 5933 6530 4288
5530 3356 4488 3068 5831 4263 4057 7138 1675 6272 7904 6691 6011 4321 2728 7234 5034 4381 5620 7489 2438 5330 5451 4222 7243 5454 4860 4466 7548 5192
2838 2967 3757 4094 7283 3663 4259 5566 4245 7134 5642 6233 4038 4597 5221 5845 6936 6256 8011 5781 4662 4870 7656 3728 7721 5704 5104 7080 7748 3568
4945 2850 4751 2909 5456 3728 5816 4450 4711 4384 8190 6120 3380 2376 4079 3751 8558 5363 5217 6923 5954 3743 5935 5248 5910 4211 6695 5168 6470 4411
2615 5010 3830 2625 6294 4950 5976 6259 3131 5499 6294 5126 6495 5284 2164 4197 8176 3853 5030 4430 5071 3748 5564 5669 5303 4112 5008 6304 6212 2394
5 10 8 2 35857 1.0700550318529674
9 27 9 13 63587 1.0048560669130928
3 5 18 0 65308 0.9105113948744062
15 16 20 25 55877 1.0703849610820042
1 26 0 2 113964 0.9603483615603362
7 6 12 0 36288 0.9301815067677422
21 11 14 2 50186 0.9209976122881506
10 26 24 14 83895 1.0676322407001893
29 17 14 27 94235 0.9814095277750542
10 6 2 0 50898 1.0249362485839228
22 24 17 11 60571 0.9123955599358751
23 3 29 29 99053 0.9403457953175581
5 23 17 2 113358 0.9840851705263335
26 22 20 15 48010 1.0635162200971842
0 20 28 29 134052 1.003633912412214
23 5 19 27 81768 1.0788808760737405
23 26 14 2 102492 1.043255047020325
5 28 8 12 73472 1.0250826787635736
28 6 20 12 51212 0.9633751304019086
18 14 20 27 50326 1.020369935983641
15 5 19 29 101998 0.9989428989254769
7 19 21 12 65855 1.0317020022520411
4 1 19 26 131566 1.0154384234959783
25 28 17 6 102251 0.9079961171143455
5 13 22 16 58841 1.010341560882065
21 12 11 18 52108 0.9802114332665842
23 4 2 27 149594 1.0996360200976036
7 19 27 21 85032 1.0788177591227888
7 11 1 6 38379 1.0732765078657331
21 18 2 9 92651 1.0121112997828423
13 4 7 27 101157 1.009699188850917
17 17 28 14 54654 1.002599530781747
10 21 11 8 60058 0.976395982747524
14 19 20 12 45793 0.9396003340354452
14 10 3 25 90453 0.9950464919891777
8 6 15 21 80724 1.022320613581834
28 12 16 22 79674 0.900636776754219
19 29 11 13 81397 0.9171656545835005
16 26 3 4 115447 0.9408639549896902
29 29 28 5 90379 1.0939384322924728
5 27 13 23 45128 0.9064726655773301
17 12 20 4 47109 0.972204576928888
21 22 25 3 71878 1.0588459757191448
22 6 0 17 110922 0.9444138105732842
15 0 8 14 66662 0.9636142512596118
22 25 25 1 80063 0.9787929941432761
22 17 2 17 91299 1.0195912258697002
11 17 17 26 54453 1.0536375348043403
3 28 6 2 113133 0.9586713370825506
11 9 29 23 100658 1.0694170140401673
17 0 11 8 40774 0.9502456825506373
7 12 7 27 51938 0.9948208878768781
27 12 7 5 91238 1.0119527662761505
5 25 8 16 45308 1.0567271481331082
14 21 28 24 72027 1.0057208062493554
15 19 6 25 51954 0.9834998829552061
27 5 15 4 47283 1.088377052522816
17 11 13 28 79426 0.9432784573267042
24 8 27 19 53888 0.9566841265217628
4 4 10 21 79858 0.9569985951575604
18 20 14 12 47299 0.9947299667283784
3 1 17 26 129760 0.9491337166562293
7 17 12 22 34393 0.9433939218723469
19 4 14 16 57439 0.9319514802425296
25 17 12 24 73703 0.9511969303219381
7 4 26 4 75904 0.9149427660713271
29 0 5 11 116029 0.939412073306216
5 3 13 25 93727 0.9979969439606196
20 0 27 13 62629 0.9609053192162165
19 29 11 11 87838 1.0937042002503103
14 11 4 18 60272 1.0930049198252434
10 27 22 26 65908 1.0246796435161942
23 24 4 6 121150 1.053478472210444
19 14 21 23 31157 1.0387706780135162
14 29 24 11 91281 1.0001201915093738
26 21 0 22 116323 0.9647910029796309
15 21 24 22 44968 1.0269597053595731
25 17 15 0 87340 0.9293494247119023
25 25 10 0 124218 0.9014541051622575
11 15 15 1 57887 1.0377830174600864
11 27 14 10 67310 0.993762563041021
15 22 3 0 110301 1.075868650419707
7 8 5 19 46244 1.0473673880224785
20 8 28 4 37865 0.9620174382371987
3 9 5 1 43266 0.9943633021478112
29 16 7 0 116739 0.9881818641357948
17 7 13 28 94434 1.030865337283482
18 19 29 7 89016 0.9534790614058682
20 3 21 24 66184 0.9349480672366056
29 11 19 10 57248 0.9782065236129296
20 26 11 24 48041 1.04682593602399
27 5 13 3 54241 0.9516570370202702
24 24 7 8 95245 0.9195612545765517
24 20 2 9 105617 1.030438759369449
10 8 29 6 72916 1.0070581664563725
16 0 4 12 85637 1.088264600685099
20 9 5 29 125110 1.0347299091921
2 21 20 27 95932 0.9147089662617633
18 13 1 7 82222 0.9894855122099768
4 20 18 5 97425 0.9817794635996329
5 3 23 28 131276 0.981117393558097
10 18 22 18 64712 0.9005224870307723
0 1 15 16 94810 0.9747217055028228
16 26 26 23 56428 0.9841285220435884
3 26 14 23 53298 0.981618220129623
20 27 28 21 53570 1.0035283103319117
17 5 26 14 59139 0.9511229943796224
3 0 2 25 113671 0.9859989632824215
17 12 23 1 60312 1.0080219480533426
29 17 12 8 85953 1.0049678396640458
26 5 12 7 57524 0.9248755711724289
13 5 11 17 54078 0.9209470137107996
25 17 2 25 114689 1.0394795891810287
20 18 1 20 85779 0.9667217578363305
9 19 21 27 67823 1.0480303955427754
4 5 11 21 78673 0.9074736204896452
20 26 7 14 79393 1.0089739280318504
25 9 29 3 36301 1.0053259849527627
26 21 12 0 108495 0.9385404004462984
12 29 3 27 49300 1.040321834531192
25 2 18 12 57518 1.031801381368504
4 1 22 4 84459 1.0267844513689977
3 5 12 19 75821 1.068748703374058
8 5 28 26 131384 0.9977506468735011
2 5 18 10 76465 1.0846688882700688
0 12 17 9 82321 0.9405401210912735
14 24 24 10 76744 0.9997999978169263
2 0 6 22 94703 1.0848981349018951
6 1 2 28 115241 1.0632023155186117
25 2 19 8 37268 1.07326762934313
15 6 28 24 106698 1.0318611146635284
28 16 3 27 139702 0.9454119863704047
19 14 27 25 58987 1.0285999680226938
18 0 2 9 87175 0.9834234289575998
0 27 5 4 114848 1.0671005890290026
17 2 12 9 42527 1.0525925137523953
2 21 26 22 108018 0.9805900592152543
11 22 14 8 58996 1.0969293393009167
17 20 17 9 61797 1.02073906269599
0 18 6 9 59918 0.9506337286955067
9 10 12 24 61920 0.9827459035907404
10 17 24 21 73393 0.9220054275453461
12 24 15 3 78696 1.0714549509376299
10 25 1 9 93641 0.9379940952042445
5 8 12 27 84269 0.933473427018454
17 27 20 4 95193 1.0638515123328323
20 7 11 20 80134 0.9410828884041049
29 7 20 1 50250 1.0736077775154376
20 20 20 4 59245 0.9964721283670468
29 6 5 5 92188 0.9054875696045458
11 5 27 6 60815 1.0309412885888891
26 12 18 14 36226 1.016173760265851
12 23 26 29 73820 0.9678902158996001
1 10 24 18 97773 0.9604138347960979
25 17 29 25 46444 1.0318487547971265
5 4 0 11 45640 1.0299715016961029
3 12 5 0 59706 0.9743962035660617
0 28 3 5 114422 0.9395923025655561
10 17 19 19 53723 1.05087562468273
3 25 2 6 98342 1.054466046012069
17 27 12 12 74587 1.074780834874616
1 18 21 1 122060 1.0261254483730065
11 13 22 0 77786 0.9129095689272817
11 5 20 29 109650 0.9886860662317768
21 9 11 15 51831 1.0975625039157257
17 18 25 16 50367 0.9658313466470323
25 28 1 3 148978 0.9230289836093567
10 9 18 21 72990 1.033261072374502
13 6 23 5 37832 0.9117618774481433
4 15 19 4 88052 1.0528745727352105
3 22 13 21 46330 0.9769552284493788
13 26 29 12 100022 1.005810562662053
22 4 29 13 54751 1.0070445269104795
13 0 24 13 73593 0.9177176291917355
12 14 10 27 53423 1.0490987504196139
5 27 18 10 110063 0.9581931631902225
5 27 24 6 131775 1.0936734490116837
13 5 17 25 87404 1.0544867583280162
15 7 26 16 74375 1.0128021082224143
8 25 25 2 129021 0.9999830194837153
21 12 13 8 46165 1.0645725952919172
20 14 4 26 94193 1.0905855933312762
10 20 26 12 81751 1.0400708894622968
14 17 4 0 82592 0.9712399697761892
20 24 22 2 78624 0.9909436890467956
25 21 0 20 103674 0.953167273214427
19 29 18 2 101585 1.0422347943852424
16 11 26 24 81229 0.9569621481934976
5 29 25 12 125719 0.9556748177924901
10 26 17 10 82431 1.093076260116947
22 25 22 9 57486 0.9214326101687597
8 20 29 10 100520 1.0620483074749945
11 20 29 4 112877 0.9713719810367729
21 13 29 8 47143 0.9668232900799428
17 27 7 12 86855 0.9036237298216482
27 22 24 3 66750 0.9951665816137033
11 5 20 6 37841 0.9893446860191935
5 5 23 11 89031 0.9427232088913455
11 24 3 12 69662 1.015911536847816
12 25 12 12 45780 0.9177162017369708
2 20 29 22 114232 1.0071218251747127
12 15 4 29 80199 0.909356285444567
17 14 12 24 47734 1.001756601208792
24 29 5 21 96069 1.0974975920798784
12 24 20 18 51712 1.0747939385370426
2 9 6 20 64170 1.05113586419038
14 23 14 1 72729 1.095004060424853
7 10 21 5 62778 1.098023307660349
8 13 26 28 102434 1.0365934109086852
9 22 6 15 41440 0.9187095948803208
20 7 9 18 86139 0.9517528999789244
4 15 16 5 74838 1.0919122121827896
20 15 20 25 35630 1.077074730365515
19 18 20 8 53494 1.0124144718559458
0 24 6 16 61961 0.9583968915726152
27 3 19 9 46170 0.9632903590175235
19 27 26 22 48669 0.9197233327680953
29 0 24 7 33025 1.056819947301709
2 9 4 28 108082 1.0378251165231396
17 3 10 10 52205 1.0538359012898186
24 13 10 22 76621 1.072538207791565
13 0 2 0 45710 0.9377241667700258
9 12 19 19 61871 0.9015641488636925
13 29 26 1 126672 0.9367275840992983
28 6 29 21 60408 0.9062293899540315
7 9 13 16 44900 0.9229704325830002
21 22 11 16 57878 1.01307551526842
7 23 4 8 61970 1.085077192021435
13 4 7 17 65582 0.961764443222637
12 3 4 23 94295 0.9453282478996595
1 13 16 10 63125 0.912221393695958
23 29 24 16 37418 1.0764291430201116
15 0 15 18 69971 1.0947845337631514
14 2 20 18 77127 1.0148894445973535
9 8 15 15 42981 1.0583050376148115
21 12 11 6 61035 0.9810740856551621
16 5 17 18 69652 0.9492806616400506
23 26 20 18 35991 1.0791525149378305
0 1 24 7 105896 0.945018361431143
15 26 10 10 76461 0.941568899217634
14 4 0 19 99671 0.9218982405566319
16 22 27 8 88940 0.9517981423736592
28 28 10 6 134688 1.02727029903073
0 13 16 14 50251 1.0463057143897785
2 0 12 16 86422 1.0090443174614907
16 27 11 1 109418 0.9766237392293181
21 0 17 12 55995 0.9085138819446082
21 19 2 22 84504 1.0501175651980983
10 25 0 0 119850 0.9579015139337446
23 18 22 6 53428 1.082874346031581
23 0 0 22 155823 0.9062548355976393
18 20 7 3 89381 1.077427739736187
29 6 13 17 94564 0.9705193996227843
15 0 17 29 113558 1.0745694880960335
4 3 15 19 85830 0.9794771612312423
7 25 18 3 110896 0.9029387061788129
24 20 25 3 55320 0.9243105612836923
20 28 11 20 64634 0.9355038357129136
27 14 27 24 37990 0.9961994807689859
14 9 12 26 62144 0.9757176745329317
21 1 17 29 103730 1.0813891373177467
11 15 7 7 39043 1.0349711339523262
28 23 25 6 74979 0.9476448536562538
11 15 3 22 62550 0.9078378043439025
16 28 6 28 57186 1.085747513418348
3 19 24 28 108936 0.9680296627456412
28 20 16 15 63618 1.0075305211311814
6 27 18 17 83156 1.0773297321665376
21 10 13 7 45630 0.9451841495149141
6 6 15 0 51831 1.0839553843789702
11 9 8 28 85151 1.0800705356101423
20 26 28 2 100221 1.0549805389532574
17 27 6 13 85109 1.043351064398646
11 21 1 15 64728 1.0003780909024795
0 17 10 8 67887 0.9887225948341313
27 6 25 16 51084 1.0367083668400863
26 0 20 27 99626 1.0732318793071816
29 23 4 4 137190 1.0241942649103273
2 13 8 6 48301 1.076513706300323
6 18 25 3 109345 1.054947454832519
28 21 12 10 85337 0.9866892073845173
3 15 19 29 109396 1.054800934383407
6 4 21 25 103557 0.9340250798427956
10 4 19 27 116726 0.9206342072647533
19 5 15 16 57813 0.9110973693338913
24 23 1 6 122070 1.026241204266841
4 3 7 15 44171 0.9314574067249322
11 7 1 25 101147 0.9920856045468703
25 27 15 2 114094 1.0246259285107504
25 0 29 24 92044 0.9026295591851482
10 17 27 10 84126 0.9992375189224543
1 12 6 20 50683 1.0128837609872199
25 27 9 16 98240 0.941231731824603
4 2 9 24 90718 0.9074369343973246
12 26 28 0 127908 0.9913018582886671
8 2 26 6 80848 1.0191162984346498
21 19 1 20 79931 0.9399854096262653
16 29 21 13 65279 0.9829385658450653
7 1 19 10 70481 0.9495653969935758
12 13 10 5 42081 0.9530006962360134
18 20 5 14 70511 1.094539541639359
1 16 16 21 79687 0.9323284803527007
4 12 18 10 70373 1.0038926880125638
19 24 11 13 65875 0.9035003482820321
3 8 13 15 60554 1.0517442970144262
8 5 17 8 44461 0.9560541500808201
0 24 2 10 72295 0.9421913021156969
20 20 9 9 77488 1.0155558663113498
11 25 27 7 110593 1.0546445981039176
12 15 10 7 39548 1.0760660014906984
12 8 28 8 55752 0.9486485360044734
21 4 12 0 44770 1.0239671610790924
22 11 21 20 36407 1.0045862377420505
28 6 13 16 86370 1.0835284308859157
19 14 10 8 45827 1.0068010868593171
26 0 15 11 72494 1.0086513766082452
7 28 20 7 120292 1.057134015784211
15 17 7 25 55363 1.073756070381616
3 6 19 28 135720 1.072760129818344
17 16 6 21 66541 0.9024566805475525
29 4 28 29 92542 0.9742963413844923
13 7 1 16 72169 0.9862886768531822
18 25 26 6 86786 0.9530965335513933
7 17 9 29 55294 0.925567290851503
25 9 0 22 133409 1.0919359332701855
1 10 24 10 100063 0.9720744291333332
3 13 23 5 93720 1.0551366032779697
4 2 14 11 61890 0.9257417392812458
15 4 6 19 80462 0.9157015438513866
20 22 27 12 59365 0.9443005517143302
9 1 28 27 151750 1.0743359114896422
26 27 7 28 87772 1.0629421328576099
12 26 0 21 62182 0.9462485194062362
14 28 3 14 82706 0.9510706073000721
9 17 14 26 52647 0.9230596926857398
23 13 21 22 34888 1.0602954147066048
26 12 15 11 56463 1.0428237100691105
24 4 0 5 87333 1.0654704027106987
3 19 28 20 105894 0.9334363571821577
20 1 2 19 125177 1.0359848298654912
17 28 2 12 108955 0.9465300640055287
10 27 0 13 85542 0.9535197003122907
6 22 23 25 80005 0.959102393551205
3 14 26 23 101982 1.0651445949403946
8 7 25 4 72887 1.061156079099085
4 22 18 12 85819 1.0344281910926596
16 24 29 20 71073 1.016266056915679
5 7 25 17 95497 0.9859133913683953
22 23 12 6 83516 1.0348528915716328
22 4 26 18 63445 0.9838203183590601
8 22 16 6 90480 0.9857965989585545
3 27 0 8 101679 0.911240048720408
3 7 18 26 120690 0.9536327293556128
8 2 25 29 133660 0.9954550876819275
16 22 5 27 65781 0.9399916695157199
8 27 12 11 74953 1.0056981084757286
14 27 18 15 64664 0.9697903608460962
23 22 14 16 61425 1.0373616962954813
22 27 23 5 76816 0.9880800091524797
3 29 1 20 58812 0.9294993772593254
23 6 0 25 146059 0.924909324110116
21 12 15 18 42864 1.0183687295536645
25 5 5 19 108696 0.9964772595441518
3 6 2 29 120362 1.0565029476190595
29 2 11 0 75246 0.9278019985130498
26 5 22 11 32398 0.9631648525281455
22 19 7 10 74269 1.0784788025223384
12 20 1 3 91756 0.9039847252802691
26 8 19 25 75514 0.9208123995090082
29 20 18 20 48528 1.0460348823130703
25 0 0 7 109779 0.9147363373040042
14 26 18 19 38997 0.9234796097335156
16 13 14 2 42500 1.0755589894144086
15 27 8 11 84834 0.9417330621439456
16 13 4 5 64018 1.050240652048608
16 15 26 25 70185 0.9390797056089115
4 21 7 5 66361 0.990952563524398
19 27 25 17 57264 0.9104302452627877
7 0 17 6 55080 0.905721435907132
14 2 25 7 53619 0.9311472407419656
24 20 18 25 38160 0.9482506972780524
5 29 25 21 102583 0.9784871428307639
2 27 15 5 120029 0.968500736245401
10 26 22 23 62804 1.0960082274143055
19 20 9 15 60254 1.043744487442509
13 28 19 7 101227 0.9821152052181179
17 13 5 11 51701 1.0231935958949512
11 22 0 3 102573 0.9598132447499355
11 24 17 0 98490 1.0364336079263836
21 2 5 16 98711 0.9691351825033732
3 18 29 4 139086 0.9069732841038254
15 11 8 24 67220 1.098112675820305
12 24 22 28 59314 1.069794995204136
16 7 22 20 72216 1.0003189676880238
6 4 18 19 97547 1.0311355356026528
28 9 12 9 62013 0.9884365571735119
23 10 3 17 98801 1.0702958952421628
1 15 10 27 83266 1.0798090000126508
19 4 5 20 98638 1.0125179120436434
0 20 10 4 90775 0.9623488723898779
25 12 16 1 64603 0.9447815041277488
27 12 10 17 76107 1.0848547410812868
19 12 17 21 49643 0.9654792035339492
2 23 5 1 95633 1.0029839971096688
17 3 11 13 56733 1.085367556223899
3 16 20 17 85285 1.0984891684355729
25 29 29 13 67686 1.0220799356411132
8 16 23 28 104408 1.0217887030427155
23 1 19 7 32601 1.0858234510326539
29 15 21 27 66887 0.9961015792089988
0 2 13 11 78439 1.0711604598134865
13 10 29 5 72285 0.918652189521475
29 4 22 24 92093 0.9972792022378542
24 16 9 5 87490 1.0368105739366689
15 3 2 18 100346 0.9657077090565181
9 13 23 5 71779 1.036363797709252
22 22 5 21 77074 1.0952592161273376
1 10 27 9 108901 1.038016323848293
12 15 14 0 53598 1.0201037869516467
23 4 29 20 75123 0.9721024486475133
9 10 18 25 88271 1.0082010571190818
13 0 0 23 123363 1.089072024378583
13 7 23 25 89416 1.0355470227208698
25 18 19 29 55206 1.0266607989080387
19 23 13 12 63750 0.9785769069138311
11 20 5 1 81939 0.903216633785526
2 27 14 8 108958 1.068242980977926
0 7 28 19 137940 0.9108116145669137
7 26 13 15 58778 1.059327830062422
0 24 11 23 44385 0.9702565741174877
11 22 27 22 76122 0.9630766865036908
13 1 2 9 71573 0.9981759168923438
11 1 2 20 98620 1.0959945953228056
19 19 14 8 60978 0.9906095063491845
17 22 25 25 43666 0.9060029222217273
23 1 18 24 92519 1.015197298367652
28 29 3 24 119053 1.0430415229900822
0 27 19 18 106943 1.0642966375243499
10 29 29 12 116283 0.9023442050155164
0 11 11 12 51334 1.0891031665651334
19 11 29 27 87188 1.092016015321742
11 28 25 12 97193 0.9281954217493529
13 26 1 26 65479 0.9817967621114018
15 19 17 0 80856 1.0392468214309794
27 15 21 6 51968 0.9390330516258529
29 22 11 12 86347 0.9848706255560721
17 8 27 11 45926 0.9170559269218468
2 22 26 6 138068 0.9778201028082977
3 9 1 22 67758 1.0226956888875265
16 16 27 29 90597 0.9446641383094471
9 22 20 0 111688 0.9362989277437733
18 12 25 7 45436 1.0428870310188976
17 11 24 28 75622 0.9418366191553873
20 22 10 26 63993 0.9779532503378964
18 16 0 24 96805 1.0099278464639494
14 28 11 10 69833 0.9299650372142227
0 13 27 3 119684 0.9212302851587026
11 11 27 23 83386 0.9168628763688359
22 24 9 25 63676 1.0039982270028356
12 16 7 10 37264 0.9129686860610622
18 8 11 18 61739 1.063894465493509
8 11 25 9 80359 1.0493762228044243
6 5 23 16 87320 0.9494758678791203
16 19 7 22 46946 1.0070697100910326
8 0 10 11 50164 1.0546502798935913
29 24 0 14 125191 1.0097307406397487
7 25 21 9 95476 0.9133436154858448
2 14 10 24 64863 1.0858826015305636
14 7 23 24 84224 0.9767616419576381
23 18 23 4 51180 1.0557805136743885
16 21 14 7 59363 0.9305322393544498
9 29 27 17 108049 0.9899123605098465
19 10 6 17 68547 0.9658195776176963
16 24 1 27 84514 0.9398843360163336
21 9 11 21 72426 0.9789144790954667
27 24 18 21 51379 1.0071177185648346
6 25 20 2 123695 1.0245303744944052
22 9 24 22 48830 0.9624843684093847
17 2 1 16 102575 1.0995530670194493
2 10 11 20 72693 0.9767853913769198
28 27 21 14 66883 0.9453876651110559
5 24 22 5 115836 0.9067023607898622
10 21 17 14 48108 1.0059621284511042
15 23 23 20 47003 1.0464019908172897
7 24 10 14 41770 1.0324513949308536
2 23 25 3 138522 1.0041644555825944
14 17 29 24 84800 1.034932097178173
9 28 6 10 77683 0.9815058953737615
17 13 24 20 41556 1.0261614598664237
2 27 0 13 72702 0.9588473253550276
20 9 27 14 44058 1.0536503487828022
5 9 27 14 85758 0.9103418725248535
29 6 20 25 89656 0.9659283996786913
11 6 6 24 79310 0.921875471651637
10 17 9 29 58431 1.080679426081194
25 2 24 24 68598 1.0696597027682528
5 20 13 12 54420 1.093781727275887
21 7 15 0 40653 1.033985339933309
26 19 22 13 35340 0.9785218748741207
8 2 23 9 77943 1.0585276461657835
11 3 17 10 50218 1.0467755935453784
19 22 13 16 47495 0.9809931688280642
4 6 11 25 91267 0.9978379726838177
15 22 26 13 69958 1.0211274334802085
8 2 25 5 72433 0.9201211119176049
8 28 2 2 107880 1.0376518746346173
28 26 27 13 55820 1.073700977047296
16 3 14 16 52761 0.9752216946470604
18 21 22 15 37267 1.0688945822689175
16 9 6 29 109077 1.0741350778257401
2 10 28 12 107967 0.93977695311204
3 10 17 3 79877 0.9876559057114928
22 25 22 6 65313 1.016045816919192
4 17 11 11 44550 0.9865122676706661
21 12 26 0 51315 1.049580232798235
25 7 11 13 68417 0.9628825019545337
13 9 18 23 69965 1.0191917675872333
4 23 24 25 88247 1.0796460819677778
26 27 15 9 96689 1.0492994004559917
15 2 5 6 49503 0.942458761061737
9 24 27 10 110812 1.0136217872644213
13 26 9 12 62698 1.0055373519421984
18 2 24 16 65712 0.9643450837503318
26 17 9 24 91213 0.9696195736634485
13 9 14 19 42981 1.01481504343044
17 9 4 25 104434 1.0515481617943694
3 19 24 27 105958 1.0376171422842924
26 7 28 28 94764 0.9887253680896313
2 20 21 20 73269 0.9782778123033451
19 22 26 11 65701 0.9912902519437821
24 20 22 4 58670 1.017909898918094
27 6 13 6 55753 0.9146053829406317
3 29 24 17 119907 1.039388018878328
12 0 14 10 35832 0.9089849256043239
16 5 4 12 67989 0.9260607337744137
5 14 26 24 101733 1.0249012565452869
8 6 17 2 56422 0.9132869187991429
27 27 3 13 119259 0.984063985909971
24 13 28 0 49795 0.9093829698843605
0 2 3 12 56890 0.9120445588550143
26 4 3 15 114932 0.990502340999532
24 11 4 23 102909 1.0747024469731796
25 6 14 15 63620 0.9479195480251195
9 16 5 25 52412 1.0370203164142988
22 12 11 1 72793 1.057686212290071
2 6 16 29 127212 1.0321234525936562
26 7 22 15 41373 0.9256038673404884
21 9 13 15 47101 0.9591307411359237
20 17 25 1 65698 1.0584885512408002
22 14 6 3 78138 0.9686451706913712
26 22 5 27 112450 1.0155429660187323
16 13 16 3 49082 1.0996822867368565
13 14 3 24 69919 0.9439964708710216
1 5 27 25 137753 1.0732198370476798
19 1 6 28 135799 1.0567831593953692
4 5 16 17 78176 1.048334244830357
18 24 25 18 50094 1.022795457364772
12 8 22 16 55072 1.0929602593286474
27 29 18 17 74655 0.9639223298443307
27 17 23 11 39224 0.9806861841314011
24 28 13 23 66369 1.0108559679967837
5 10 11 20 59127 0.9118800295050054
12 24 28 9 106376 0.9152222957836582
9 17 23 14 56762 0.9481074552361817
21 23 8 15 68709 1.0184968910746564
7 11 14 4 44795 0.9608563718979553
27 29 8 11 117545 0.9860861467728477
5 9 7 27 70565 0.9929585145157869
4 18 14 6 76737 0.9542486001450254
23 11 0 19 112078 0.9965558328248858
21 3 15 22 83545 1.0237278007820851
7 11 2 19 52750 1.0502320945559047
27 10 3 2 106743 1.0328317554192434
27 7 7 23 115493 0.9966155084936181
28 10 24 23 59269 0.9915266290416341
19 26 17 0 99821 1.0805792193614798
0 17 12 5 80689 0.9613350426676677
26 5 0 7 102637 0.9387686618812247
24 6 10 6 61318 0.9309204275960566
29 10 17 0 67476 0.9133851000517914
5 14 10 22 53137 0.9518430318052991
1 0 8 28 119632 1.0237401633365661
24 6 12 0 60163 0.9504209731766577
3 14 24 1 104947 0.9102753788757585
4 17 13 18 51852 0.9896735005203574
7 22 12 13 43538 1.075811035760357
28 6 7 15 97583 1.010518060807795
6 29 18 2 140695 0.9846305832358031
1 16 22 25 103902 0.9499868030762778
18 25 0 16 106277 1.0220823072907945
21 14 15 6 51139 1.0626732896298536
27 27 15 3 119679 0.9694631588608075
9 0 12 21 88038 1.0959342917288921
23 18 19 27 43752 1.0542787144347932
18 18 10 27 60750 1.0953674158868583
2 9 27 23 126792 1.0059597025911935
5 15 5 3 50428 0.9168291475095112
0 9 15 22 103748 0.9282903213071155
17 29 28 5 112755 1.0114379005079444
26 12 15 21 70887 1.0830828410076394
3 24 7 5 77973 1.0011029778355809
5 20 21 15 71344 1.016549864865659
9 6 18 11 58106 1.0318373991026075
19 21 3 24 74424 0.9428560478764914
23 2 2 7 97979 0.9551550330591292
20 6 26 11 41956 1.0230555529881085
25 25 5 4 122865 0.9905024792122891
26 18 0 1 134313 0.9520641034698549
28 6 13 9 65773 1.0096590124111076
9 19 28 26 100468 0.9633639835036312
13 23 2 15 71828 0.9879023743191366
29 11 18 23 74756 1.0533181580220055
28 1 22 28 102815 0.9247966485835875
18 15 28 20 59179 0.9815333329411979
2 26 16 27 75172 1.0653241996096243
24 6 3 20 111098 1.0348638558526346
6 22 11 27 33486 0.953949386968733
27 0 11 26 128285 1.0982738791107718
16 5 8 1 46704 1.033162309456711
5 23 17 17 62742 0.9667108551497731
11 12 29 15 64761 1.0832317746154452
9 19 7 0 71656 0.9636619209979845
26 16 18 9 58233 1.0888174473261645
29 22 23 8 68884 0.9777017220390798
21 29 25 8 77679 1.0073601039875906
14 7 5 19 71476 0.976312200932119
28 1 21 13 56373 0.9501916019260496
29 5 1 28 177228 0.9601889431099702
29 12 12 10 73990 1.0338620345617306
8 23 6 13 37495 0.9517344464690571
17 2 5 18 98379 1.0466295736277236
2 1 9 25 105741 0.987798213562712
22 27 15 10 75535 1.052495329411358
17 4 24 18 70296 0.9201159732137639
13 26 23 3 110009 1.073924235370498
19 21 28 3 87449 0.9639343752462528
2 7 22 20 106230 1.0093336375156146
29 11 21 18 49030 0.9840790448767505
1 12 15 26 95648 1.0710114131170396
20 28 14 12 73254 0.930554129639565
21 17 3 22 87312 1.0346199505250162
25 27 20 18 48331 1.0609646957000038
16 3 15 16 56634 1.0250479938540495
1 17 17 23 85819 1.020749538169571
20 2 9 4 50343 0.9054839011251241
27 19 8 14 77750 0.9806207751144995
1 14 9 2 63151 0.9723259099338157
1 7 6 20 71203 0.9577390309197963
4 24 10 1 100636 1.0422581638100397
0 12 16 5 85161 1.0533750901298344
4 7 2 24 91268 1.034200465176834
20 1 10 2 43967 1.033653158127807
24 0 4 29 156824 0.9006674142412233
3 14 5 27 66938 0.9769329164755245
29 7 17 28 115750 1.072367326191447
6 2 23 19 106773 0.9600839568010099
17 21 11 28 46691 0.9265762359934183
2 0 21 11 102352 0.9442242216492147
18 8 29 24 94066 0.9320644266866553
23 0 2 15 119228 1.0479732270173514
21 28 8 10 96448 0.9145325798640807
17 28 10 1 124400 1.0702418452864841
18 19 24 7 68912 1.0180660518020006
12 5 18 22 85651 0.9855812125664695
0 6 20 14 90263 1.0412801310956075
4 29 1 10 103023 0.9120389176317109
18 9 15 0 50457 1.0182442678037404
9 24 11 7 79605 1.0514322281082353
7 23 17 23 41085 1.0910275075555806
22 28 16 16 69888 1.057448567701919
20 7 29 10 42058 1.0345476156341298
27 27 2 21 127882 1.0496761345949768
21 14 1 26 108710 0.9349617920614481
19 18 9 12 56472 1.0666791022879571
11 23 26 2 114076 1.0776506703224247
6 16 20 4 89061 0.9809984267638191
6 17 14 14 34981 0.9378871892554266
28 20 20 24 49028 1.0283433513803624
25 8 26 24 67005 0.9940394479360314
19 23 11 21 43289 0.9360573778524445
4 9 2 29 107527 0.9757197467231538
13 29 3 26 61143 1.0660507521111435
18 24 15 14 51719 0.9981753390523406
27 1 21 14 55595 0.9066500858532142
12 11 9 26 66540 0.9753139596033942
8 2 15 6 42022 0.9738532162741218
19 16 1 5 87722 1.0778894985178917
28 2 13 25 125682 0.9965339235721239
29 21 15 0 111683 0.9792672774264153
27 7 14 7 53964 0.9227045250164239
18 27 1 22 87241 0.9370210271002959
21 2 17 27 97263 0.9640055291161649
4 14 11 7 47013 1.0128427456212765
24 1 14 23 98098 1.012581591250276
23 28 8 16 104408 1.0944684849845934
29 14 17 6 71708 0.919732520856907
27 1 18 22 95027 1.051563386669577
5 11 14 7 47784 0.997841653497449
17 11 12 21 54721 1.0747876810798203
15 21 3 11 78455 1.092891023413573
19 28 15 16 64435 1.016495878803717
15 6 13 22 66917 0.9171554720660037
5 13 23 7 83697 1.0571284493535564
21 5 19 18 55638 0.9928075999132546
12 7 28 21 94905 0.9661652753343911
10 10 0 23 87878 1.0157659133769064
2 24 22 26 96935 0.9109855401653472
21 24 17 0 85097 0.9781472800612965
13 6 19 15 51747 1.0082875882468643
20 28 29 13 76195 1.0605301457965275
2 2 10 9 53916 1.020988862188335
21 13 6 18 63774 1.0630516079788637
15 9 17 17 47194 1.0679281426482279
25 6 2 20 123599 1.0330681388268261
12 12 17 6 41177 1.0622504060830589
17 28 9 24 51471 1.017783372726124
21 25 6 12 81279 0.9052097728171139
8 29 23 9 119528 1.099848843413473
17 21 4 21 57948 1.0138713630575409
13 6 13 23 70343 1.0742545798674612
4 4 20 23 110242 1.05486610738521
4 17 29 7 118257 1.0825958800721946
21 24 1 23 83400 1.0699067361118293
7 17 1 29 73509 1.0348700511055795
29 9 3 8 100351 1.0539048057985148
29 28 11 7 125662 0.9272041105164519
27 23 23 3 75157 0.998256395242497
1 13 7 2 52364 0.9368534006475034
13 25 24 23 54908 0.9183269948583496
24 19 26 28 41232 1.0718471037513317
3 13 15 25 81298 1.0348831687616604
25 12 19 28 74604 1.082625432866144
16 13 29 9 65371 0.9409508831515898
9 14 0 1 71688 0.9391627164649091
17 20 20 28 44510 1.0695956850506336
29 24 27 2 85729 0.9975894438450126
0 3 9 0 41960 1.0542389638776166
13 15 26 6 73465 0.9874457109240325
0 15 24 7 104338 0.9368536314453659
12 4 13 26 89439 0.9151821574760857
19 18 23 0 79981 0.9539603267270915
16 2 13 26 96083 1.0221784510897827
24 10 7 11 72626 1.048942601688163
12 9 22 29 91779 0.9938243104323958
24 13 6 22 87987 0.9273993513652186
24 9 4 15 88953 1.0974388525178027
27 26 10 1 135703 1.0350469779504905
23 0 2 11 114772 1.0594350757810396
9 29 28 14 110235 1.0471821637835639
23 12 16 9 48232 1.0555892130215838
4 29 19 6 138360 1.0855445104740058
11 7 6 15 46823 1.067747264885834
29 29 26 1 104927 1.052142021605945
23 9 8 6 69870 1.0054652453537167
25 1 20 16 60871 0.9052820391486268
19 14 5 21 68864 1.0501299446397105
8 24 10 14 47286 0.9085478343224783
17 18 6 10 69485 1.012626931154808
16 0 25 14 70619 1.004649678425756
23 6 5 10 82142 1.000072091008272
17 24 23 1 97258 0.9461090449799496
28 21 7 24 92298 0.9786520973144202
9 15 18 25 73279 1.0901197366144337
3 9 20 26 112248 0.9970470591248888
23 22 17 6 81745 0.956773444055627
11 19 0 15 62919 1.0895161968822025
8 16 25 2 102277 0.9697081392304707
12 29 17 23 43665 0.9836489533046323
2 12 8 1 59309 1.0174079955874185
21 3 8 22 106484 0.9425332055367103
28 19 13 3 104554 1.0329244262896669
7 28 29 28 95757 0.9747537010379692
9 13 27 23 82964 1.0271149754549833
7 22 11 28 31692 0.9491282657653697
25 29 23 2 88644 1.0319837847102842
29 22 17 13 67845 1.0668363138218946
25 27 15 3 111027 1.0563876701199182
1 3 4 29 120695 0.946500518499301
26 29 11 1 134236 1.0093066001494329
25 13 19 3 49562 1.0696322958748234
9 28 10 10 88578 1.0691388750562394
4 14 22 26 90118 1.095455128751731
5 5 10 22 79233 1.0220676221581642
20 3 18 18 71885 1.022394400447629
26 16 1 9 108906 1.0805411765349755
18 3 5 1 60751 1.0209226928189306
20 16 3 11 75436 1.0831396336857937
22 2 12 17 82286 0.9548295398405225
9 22 23 5 102866 1.042096179583733
25 28 7 16 102793 0.9356706728495084
16 11 5 12 49826 1.0963698477873733
29 18 13 2 106501 1.082540086829967
23 10 19 16 42460 1.0200638447153314
23 17 4 16 86680 1.0642327414916553
0 1 8 23 96343 0.95369478704071
18 22 1 8 111383 0.9739203187566918
24 4 22 15 40974 0.9325688689094378
27 2 14 13 80939 0.9244865650945461
22 18 16 29 55173 1.0782647493769593
4 8 10 0 46170 0.9345999696611392
6 12 9 25 61109 1.0896699462693544
29 7 20 18 72130 1.0135228737000361
1 22 2 8 68490 1.0203936140853498
2 11 19 26 113152 0.9407898996959857
15 28 9 7 97704 0.9790369482382991
18 14 28 2 71497 1.0864994858401391
15 26 13 7 77785 1.0093381826460666
27 11 17 19 73846 0.9890284713605916
2 9 19 18 93781 1.0751271505759916
29 25 19 25 48753 0.9137381317887399
21 6 14 23 78077 0.9129756171094416
1 14 23 18 87540 0.9895960092639756
20 23 8 7 92515 0.9800719905663935
6 19 15 10 63485 0.9009060913204582
24 19 19 13 30122 1.0124517040660306
21 26 18 1 87667 0.9907871647254516
27 2 23 14 51327 1.0924526398205334
18 7 0 10 84496 0.9588486252187796
23 9 3 10 92004 1.0401127001837118
8 27 9 0 97514 1.0063051768244693
26 23 14 0 108680 1.0551170719294845
13 23 9 15 43583 0.9869612420157348
3 18 7 6 60789 1.0895018551831068
4 20 29 25 114351 0.9322240196844276
5 12 18 10 64767 1.0770527923067141
16 4 26 18 83392 0.9332602863844506
13 6 17 25 86708 0.9844369529465739
3 18 13 4 92176 1.0199983548434755
27 25 26 4 84295 0.9935931543912053
13 18 29 23 84149 1.0772807386174894
14 6 8 19 73594 0.9067964407900334
15 16 13 4 50351 0.9263790585844992
18 10 7 7 53728 1.0727792879545621
4 20 27 24 102877 0.9195634238951241
25 9 0 5 97695 1.04875348222604
4 24 26 15 108947 1.0243795039059929
11 28 12 0 106444 1.02693167103008
12 12 24 7 59253 1.0613140655569542
2 20 29 19 113915 1.0369462168096775
3 9 8 29 95167 1.0530292147507396
15 13 18 22 50895 0.9624289507133279
21 16 14 20 39070 0.9448458503701329
12 27 26 26 70512 1.0663802310651114
14 23 28 1 109576 0.9123002779487489
12 29 12 0 105847 0.9541211120065013
1 19 13 4 96015 0.9274483510919747
29 15 17 6 75473 1.0836457682410527
0 4 24 12 107583 0.9585422179967271
3 19 26 12 105622 0.9999379564768849
20 14 25 7 41159 0.9552965993075793
22 9 7 0 76684 0.9065133961274521
27 28 24 21 38181 0.9409376874411076
0 28 21 21 109869 1.0290109086717325
13 28 23 16 84899 1.0790158904174005
1 18 22 28 113375 1.0915713001101408
23 15 5 28 114083 1.0282660675490765
24 6 23 17 38330 0.9158884672950921
25 0 29 13 55867 1.0159936036658626
24 8 2 7 85365 1.0502360923021694
10 7 14 20 61188 1.0647132278012736
19 15 12 5 57451 1.0977795072160672
9 6 17 9 42693 0.9230744461896231
25 3 10 25 117437 1.0281274441707249
12 17 15 10 37608 0.9168603010277288
26 19 0 11 112013 0.9411487073846564
16 10 13 17 41564 1.0633044980083106
11 2 22 2 51025 1.0266382384096193
17 10 5 19 75558 0.95280112667866
26 3 24 13 36832 1.0365502474322947
24 6 14 22 83873 1.0816269353504244
18 8 6 11 54590 1.0844508682538805
14 29 27 4 122294 1.055388364429677
16 19 23 26 52992 1.0427637899694884
0 15 18 4 98773 0.9299799127504409
2 24 4 10 82922 0.9355197251807973
20 20 24 27 36852 0.9260535403263074
9 20 25 16 74315 0.9873258916646763
7 26 21 20 67380 0.9063984973187196
2 12 22 3 104251 1.0836513429295498
0 0 20 28 153621 0.9109462922663984
9 6 20 2 58221 1.0015912124512552
8 12 16 26 76246 1.0480760339319413
16 4 7 9 45205 0.9911362118802496
23 14 8 25 85576 0.9395157814054003
3 0 25 24 139738 0.9226409704250814
19 25 23 15 46364 1.0278060888467397
20 6 27 15 58728 0.9342717264782254
14 1 5 0 36404 1.009366341384627
16 3 27 27 114276 0.9791573164819446
3 29 9 21 57254 0.951365081137657
21 0 7 28 136313 1.0059748578650143
1 18 3 3 66593 1.0520168261290448
15 8 10 24 75018 0.9265212013314893
7 22 20 29 67700 0.9467694382389341
19 2 7 16 85982 1.040528249403741
2 29 24 11 138769 0.9949038715460963
3 0 24 21 124361 1.0387829500754022
15 23 29 4 115683 0.952032724001872
5 27 21 15 99081 1.0036805370359005
8 26 22 7 113497 1.0219382832037964
4 18 22 19 83565 1.0311976219468422
9 9 20 23 82982 1.0310942027042593
24 14 12 25 70515 1.0446356231159668
26 18 0 12 102934 1.0499389023402204
5 29 7 7 83537 0.9725468383663386
24 3 15 12 60261 0.9236838005088797
1 3 23 10 103472 1.0970472451857465
12 13 19 29 79170 1.0547397564477958
17 23 1 13 86951 1.0462729856786634
16 13 10 19 47885 0.9983334824764027
4 6 7 22 69237 0.9728798753712774
1 4 2 22 83874 0.9902609796345285
3 14 12 22 58853 0.9109371196519755
23 24 10 7 96892 1.0123690423082603
15 27 4 1 120687 1.0378794638168543
2 28 2 17 60056 1.0252757792502747
26 8 17 28 99281 1.0135724412790503
18 4 3 6 67492 1.0109040453436817
12 2 26 4 60516 0.9502237371873876
29 13 0 27 147789 0.962654902424303
9 19 2 29 70618 1.0301113797422219
4 14 2 3 56981 1.0431700664819241
10 15 26 23 79663 0.988567162444319
18 18 24 10 55331 1.0558031472431888
27 27 17 28 53826 1.0984248331888855
15 23 23 14 60677 1.02880259761444
0 5 24 9 94155 0.9205112292722764
24 18 8 21 74639 0.9089159334212631
5 21 17 3 105233 1.0320751845954645
9 27 17 0 119232 0.9982701095575612
15 22 7 18 44850 0.9850914657398853
23 27 22 4 85697 1.051882756536894
5 27 16 28 60349 0.9370774893510576
14 27 0 21 74991 1.0070947078189567
19 8 8 0 65630 0.9984469574196054
2 16 9 3 69020 0.9090919457202836
27 20 17 18 53119 1.0389955737664236
1 17 7 8 49460 1.004681630036667
20 1 27 24 96130 0.9023783149253432
18 19 29 26 71394 1.0852162301420638
8 22 27 6 120301 1.0111229822651995
13 16 21 19 48715 0.9037894619767999
0 17 26 15 98949 0.9944082461973114
0 11 12 23 82608 1.00663244693236
28 12 23 25 57089 0.924191048121146
3 23 7 1 82436 1.0966755116530946
27 27 19 22 54502 0.9338264024181245
5 3 1 17 67540 1.0716299334250423
9 18 1 9 69663 1.0713999200085502
21 13 9 0 83603 1.0202250015356118
23 13 4 18 79791 0.9129197251522371
7 24 17 7 91412 1.0402436468242333
21 8 11 22 81130 0.9213212476526474
5 21 12 6 81700 0.9315245691619194
17 13 16 27 70408 1.0081996452552258
17 18 6 20 48801 1.0704084568536114
7 26 7 8 59400 0.9661976912750668
6 25 28 10 127021 1.081402046796355
26 21 17 25 49539 0.9567508623704579
20 5 22 15 37958 1.0430504741462479
27 0 15 16 85606 1.0965150590012602
10 12 15 23 55721 1.0732630411383968
26 14 13 15 43740 0.9033083524025399
27 18 6 21 96373 1.0551093870887975
4 15 13 0 84792 0.9333946229031838
28 23 0 12 124582 0.91874213821864
4 29 20 0 152419 1.0728780835541185
6 13 20 21 69202 0.9914971044886706
3 12 21 14 62396 1.0497189343562203
6 23 21 15 75514 1.0073374187064217
3 6 21 19 99873 0.9553057111638974
11 11 25 15 54855 1.023681285569491
10 18 0 29 90130 0.903972068239313
15 14 1 4 74119 0.9945052381510423
25 24 3 10 119038 0.9823787340287008
12 26 17 11 68775 1.0198250148432426
8 23 25 8 104341 0.9867617595489059
28 2 9 3 79031 0.9531868139614272
11 2 26 2 66431 0.9796845818184576
1 18 4 5 61358 0.9353710614557242
29 22 6 6 122200 1.0503647574986776
13 5 8 14 51992 1.0058471910424394
13 7 1 9 58677 0.9614250077977372
17 21 14 12 44907 1.0895698406787702
29 0 17 24 113705 0.9386261106003629
0 3 3 21 89237 1.0690603535086445
1 28 28 19 142368 0.944354790388762
24 15 2 17 91167 1.0712074683348394
2 27 20 19 96243 0.9893890983463308
29 11 18 29 92202 0.9530493991593348
28 24 17 12 74493 0.9153164387928766
21 4 26 27 88211 1.0280089562892103
16 29 14 18 45235 0.9581556945590056
27 26 15 13 77915 1.0545359535109717
2 6 13 20 91640 0.9159019993875174
22 5 6 16 84908 0.9248567616601512
10 3 17 11 60644 1.0139328600790836
18 29 29 19 75136 0.9092818457530776
11 13 21 15 31725 0.9227050701144122
1 23 10 19 51159 1.0518485650512648
