2957 4215 3554 3874 4491 2850 3316 2654 3670 2848 2803 3721 2512 2165 3163 3329 3512 3153 3311 2218 3809 2611 2033 3722 3609 2485 3423 2386 1848
6729 5715 7600 5828 6047 7299 6182 7214 6608 6972 6568 6380 7368 6326 6035 5947 7594 7326 6053 5791 6018 7768 8117 8094 7630 7005 8692 6845 7194
3257 2411 3943 3376 3104 3298 2590 3030 2688 2357 3942 4083 3365 4150 2880 3061 3795 4364 4121 3741 3680 4711 3228 4477 4928 3315 3220 3579 4458
2146 3326 3286 3174 2778 3168 2223 2514 3497 2158 3279 3723 3716 2305 1988 3686 2825 2912 2679 3826 3261 2016 2815 2868 2466 3105 2702 3409 3560
5825 4710 6466 6020 5541 6259 8651 6925 8645 7832 8435 7060 7985 8795 6931 8479 8472 7288 8481 7325 7245 8424 8504 7770 8412 7623 8466 8537 7007
2371 3303 1947 3144 3579 3192 2673 3222 3286 3110 2695 4032 4175 2199 3597 2381 3101 2826 3284 3995 4007 3593 3983 3442 2213 3279 3865 3730 3246
6601 5399 6551 6360 6225 5711 5928 6927 6232 6008 6791 7223 2921 4911 3326 4788 3836 4036 4373 3942 4469 4340 3041 3912 3849 3599 3990 3936 3924
7966 6665 6616 6596 7137 6809 7911 6881 8114 7568 8314 7745 7999 7301 8011 7714 7913 6961 6771 7706 6611 7162 7069 1430 2692 3164 3134 1809 2839
4436 5331 4904 5899 5087 5034 5605 4970 5219 5186 5858 7493 6219 6795 6507 7690 7298 7817 6717 6957 7290 7426 7323 7929 6392 6421 7451 7217 6293
4864 4614 4129 4182 4854 4295 3924 5620 4514 3733 5332 4321 4755 5396 5269 3730 3945 3751 5260 5469 4581 5092 4544 5454 5378 3705 4813 5652 4973
2299 2569 3125 2586 2722 2235 2634 2898 1939 3691 2059 2694 2619 2295 2924 2486 3469 3454 1981 3107 1773 2527 2459 3792 5184 3749 4536 4975 4028
2994 2549 1515 2839 3113 5228 6461 4990 5597 4485 4979 4678 5821 6000 4960 6405 4940 5510 4585 5509 6394 5878 5004 4548 4617 5742 4588 6241 6302
3465 4093 3857 3980 3291 3653 4236 3890 2766 3772 4607 2777 4015 2863 4249 4247 2719 2702 4004 3328 4604 3094 4146 4350 5079 5335 3840 3938 3562
6344 6624 5590 5608 4611 6084 5838 5422 6180 6404 5071 5142 6237 5503 5776 5131 4932 5391 5027 5561 4874 5640 5593 5092 4924 6449 6351 5133 4591
2375 1459 1706 2549 3007 1034 2585 1754 1260 1824 1597 2467 2895 2113 1926 2571 1885 1383 1730 2845 2572 1394 2835 2700 1697 2779 2210 1737 2205
6033 6889 7068 7897 6791 7381 2928 2350 2878 3811 2390 3416 3714 3424 3801 2810 3001 3616 2534 2901 3672 2860 2701 3598 2525 2111 3864 3546 4044
6140 5393 5437 5245 4942 4582 4310 4446 5617 5571 5090 4756 4410 5621 4361 6052 5806 5111 5469 6177 4822 5092 5736 5062 4511 4551 5366 5552 5489
5162 4416 6107 4951 5971 4777 5712 5018 5312 5596 4423 4510 6205 5517 5906 4764 4312 5362 6760 6053 6720 7138 7491 6344 6234 6922 6012 6949 7147
6105 6465 5529 5436 6340 6015 7080 5914 5498 6110 6955 6792 5545 7117 7853 7145 7117 7392 8108 6948 8441 7914 7158 8214 7162 7045 8673 7039 7759
3305 3360 1972 3376 2216 2966 2274 3086 1867 1648 2759 2598 2759 1699 2004 2432 3164 2450 3556 3198 2794 2152 2199 2261 2521 3044 3285 4823 5371
3127 4196 4099 4545 3730 3781 3856 4138 4310 3188 4691 5051 4191 3642 5162 4889 5090 5104 3412 4817 3439 3384 4433 4668 6181 5105 5414 5711 4728
2693 2641 3267 2125 2562 1666 2368 1816 3224 3482 3025 1517 2879 2729 1502 1777 3500 2046 3210 3252 3058 3307 4840 5243 4260 5118 4207 3723 4360
6846 8056 7085 7825 6898 7945 6989 6634 7865 8342 7808 6879 6575 7638 6999 7300 6885 7130 2966 3148 2990 3544 3426 3657 2817 4594 3341 4611 3068
4714 5497 5488 4933 3710 4998 4785 5301 5258 4271 3996 5158 5274 5360 3643 4345 5455 4798 6425 5433 5419 6371 5609 5750 5185 4959 5349 5539 4571
7155 6867 6700 2187 3274 1249 1593 1649 1314 1234 2971 1649 1635 2804 3032 2085 1727 2693 1595 2041 2195 2477 1889 2541 1352 2803 2104 1458 1308
2484 2853 3776 4168 3367 2431 3188 3373 2435 3633 3457 2728 3652 4052 2493 3952 2504 3182 2383 2043 1690 2385 3271 3416 3184 2966 2572 1842 2208
1643 2678 1668 2311 2882 3082 2886 3289 3383 2263 2809 2500 3372 3238 2708 6746 6426 8066 7348 7499 7912 6992 6215 7714 7052 7069 7467 6398 7414
6079 6450 4752 4788 6323 5429 6282 7857 7064 6925 6642 6152 7244 7626 6447 6792 6192 6840 7179 6471 5864 6438 7811 7489 7605 7835 7684 6257 7434
6015 5004 4943 6771 8392 8309 7502 8557 8343 7278 7654 8492 7648 7629 8639 8650 7578 7225 6856 7167 8075 7671 8425 6855 8272 7607 6989 7496 7148
4152 4223 3339 2951 3627 3277 2896 2906 4462 2741 3038 3204 3339 3412 3081 3028 2872 3145 4237 3291 4511 4088 3000 5556 5263 4081 4985 5220 5513
2211 7445 3785 5977 3023 7493 7568 3956 3078 6638 4614 3805 3781 6971 5335 3996 7576 7762 5536 2499 7354 3479 8235 3818 3269 7513 2616 7027 2414 7418
3444 6771 3160 5793 3462 6561 6968 2895 1990 5821 4100 3411 4201 7973 5270 4065 6899 7611 4706 3065 8113 3949 8055 3665 3606 8052 1253 8010 1864 6800
2139 7593 3423 6155 4652 6942 7937 3307 1938 6895 4616 4410 2898 7666 6238 5070 6875 7094 5498 2678 8092 3290 7661 3434 3922 6814 2818 6922 3446 6843
3431 7139 3735 6979 3201 5525 6848 3018 6547 5336 4094 3675 4033 7789 6061 4362 6080 6221 4897 4014 6220 3995 6450 2456 4142 7812 1734 6750 3264 8018
2804 7924 3357 6575 3060 6017 6520 3635 5468 5373 3404 3234 4044 7288 5521 4995 7388 7876 4852 3712 7237 3716 6367 3060 7470 6521 5540 7317 2844 7043
3349 7286 4811 6529 3910 5696 7989 3460 6488 6716 4358 3185 3587 8524 5651 5356 5816 7718 5273 3780 7635 3476 6911 3250 6405 5099 4785 8147 3110 7250
1695 7058 4537 5534 4408 4902 6978 2477 6250 2508 3567 3902 3352 6632 4695 5595 6991 6314 5271 2712 6656 3646 6179 3318 7937 5626 4455 8110 2882 8003
1673 6187 5352 5986 4698 5671 6754 2262 5680 2828 3600 4334 4458 7719 4832 4831 6504 7250 4562 3022 7201 3102 6396 2499 6601 5750 5309 8409 3801 6843
1506 7627 3572 5243 4708 5653 8308 8362 5453 2802 3811 4054 3172 6854 5115 5413 6716 6970 4441 2321 7310 2589 5614 3043 6370 4672 4512 7003 3308 7290
2860 6523 4942 6484 4249 5601 6443 8504 6224 2411 6248 3460 4430 8111 6016 4632 7219 7935 5221 3869 7086 3966 7258 4217 7263 3965 5750 3828 2661 6294
2750 7807 5033 6518 4686 5934 6435 7569 6181 3168 6994 4285 3583 7663 5691 5316 6370 6267 3868 2485 6355 3636 6953 2198 7962 4040 4164 2890 3546 6635
1899 6567 4297 6759 4076 4164 7369 8005 5581 3161 6153 4600 4165 7134 5670 4462 7010 6785 4059 2925 7746 2292 6248 1785 7249 4279 4789 3412 3125 5788
1739 7388 5155 6691 3325 5999 7967 6834 6936 2077 6349 4363 4156 7045 5908 5331 7051 7382 5583 3731 8022 3155 6337 2559 6783 3937 4179 3195 3299 6467
2979 7245 3434 6158 2943 5368 6576 7977 6577 2817 5361 2700 3861 6554 5337 5781 6927 5566 3922 3875 6680 2923 7226 2893 7917 4684 5161 2183 2437 6414
2786 7899 5132 5893 4174 5559 7138 7810 5812 2613 5441 2561 3005 8238 5918 4851 6200 5860 4531 2112 7233 2360 5610 2305 6313 5505 4718 3867 2476 6316
2663 6197 4939 6489 3005 4822 7251 7369 6487 2853 5861 3101 4606 7364 5846 4737 6655 5828 5332 3169 3167 2868 6194 2042 7541 5610 5026 3984 3279 6632
2602 8148 3418 5626 3451 4984 7427 6895 6221 1974 6448 3612 5205 6815 4843 4918 5913 6833 4280 2671 3877 3595 6426 3186 6818 3815 4956 3228 3632 6059
2936 6151 5119 6712 3042 4412 7203 6996 6682 2267 5826 4311 4943 7338 5794 5482 7313 6567 5442 2185 4658 3147 5800 2153 7244 4973 4219 2754 3050 5802
1042 7229 4468 5151 3599 5143 7266 8294 6164 1723 5465 2900 4436 7924 5751 4051 7168 5364 4467 2504 4609 3844 6014 1498 7636 3786 5217 3161 2100 5782
3020 7162 3915 6042 4689 4438 6427 8304 5945 2367 6916 2500 4284 8258 4686 5854 7516 6557 5281 3984 4603 2257 5944 2301 6953 5037 4055 3499 1908 7541
1040 6188 4689 7007 3813 5671 7263 7522 6476 2218 5771 3260 4709 6544 4916 5596 6894 6212 5813 2492 3528 7508 7123 2932 6705 4668 4609 2976 3328 5907
2390 7029 5192 6591 4351 4419 7258 8288 5845 1965 6798 3707 5450 8224 6313 5239 7564 5798 4706 2499 4177 7048 6601 1665 7588 5226 4245 3746 3683 7600
2303 8159 4018 5450 4687 4972 7768 8311 6195 3058 5089 4102 5203 7564 5682 5019 6289 6216 5754 3915 3814 5748 6639 2510 6598 4981 5140 3121 2447 7154
1706 2517 3543 6982 3297 5740 6415 7452 5626 3283 6420 4166 5469 7212 5137 5249 6064 6451 5171 2909 4806 6676 6584 1662 6558 5472 5470 3539 2196 6814
1532 3304 4447 6682 3153 5806 6631 6969 6397 2034 6965 4255 3862 7017 5352 4500 6252 6770 1519 2219 3315 7223 5872 1870 8172 5219 4323 3990 2259 6976
1690 3866 3547 6889 4587 5710 6588 6784 6589 2685 5416 3336 3690 8103 6078 3960 6231 6365 2544 2975 2969 6369 7264 2195 7495 4708 5880 3111 6322 6552
1748 3528 4710 6951 4348 5457 8134 8450 7280 2424 5486 3875 4124 8130 6336 4721 7532 5500 2291 2053 4272 5687 6624 2713 7672 5123 3950 4161 5922 5827
2429 3817 4841 5792 4102 4206 8188 7709 5961 1579 6973 3416 3623 8440 5131 3890 7509 5379 2071 2923 4121 7003 7111 1329 6905 3891 4257 3241 6232 7436
2598 3512 4252 6803 5758 5951 7240 7723 5347 3053 6180 3502 4377 1347 5584 4208 6177 6527 1742 7152 3054 7517 7191 2518 7833 4054 4604 2235 5072 6978
21 17 14 2 49396 1.0140935482227298
21 9 22 24 44931 1.002366698572323
7 2 22 19 85235 0.9841314004839423
27 3 28 25 78174 1.0169503522110186
8 11 22 18 65014 1.0907178931795225
18 7 7 12 52846 1.097047007298245
8 6 25 22 86313 1.0597076433131356
27 4 15 15 63161 0.9703033530357582
19 12 5 24 68795 1.0873804760819172
4 18 1 11 32721 0.9853639836764431
18 23 15 3 57805 0.9238191842262841
12 10 10 26 56951 1.0292881624557932
25 10 6 23 78300 0.904171161235852
10 5 8 18 45059 0.9312318284137928
27 26 4 11 106495 1.0931987756863326
3 11 23 29 105844 0.98642443771296
11 3 0 3 45432 1.0428044964769003
1 26 25 6 107099 0.9766737862355096
5 17 20 14 65763 0.9572034550686617
19 9 7 28 72890 1.021363914784761
11 3 20 6 40889 1.0530465845928458
0 24 11 1 97063 0.9253664305936805
27 13 11 2 72318 1.014611135645731
22 28 14 9 64616 1.0322813334487826
21 24 22 11 42567 0.9527894423426972
21 18 24 0 51218 1.0366740974358768
9 23 9 11 39465 0.9065382748844669
28 23 19 24 21438 1.0101557630120281
13 3 21 21 64009 0.95639550846366
17 8 26 29 73497 0.9693229716373768
16 25 16 15 40447 1.0115900040757455
25 3 2 2 67625 1.0826474695534352
29 3 8 3 71852 0.9222670832351243
12 3 26 1 43486 0.9685374257992424
10 20 0 4 79622 0.9659395145838907
24 21 0 10 102408 1.01507763308504
7 12 4 3 41808 1.0001371853255614
8 0 1 29 106166 1.0904763311749102
12 17 20 22 38211 1.099985954867034
13 3 4 12 60560 1.0642075522408436
13 21 29 9 64827 0.9483667978250236
5 29 20 4 99226 0.9628272483480244
9 17 5 2 66725 0.9190384691644035
2 12 24 2 90110 0.9743444922805912
26 16 2 2 104435 0.961473648535268
9 8 20 23 61670 1.0006368045460945
15 3 7 13 57808 1.057562620834094
12 21 1 3 90135 0.9353744932182887
3 4 21 7 70701 0.9494154445113995
6 6 25 18 82962 0.9180024252581059
21 28 6 2 107763 0.9431352542340967
18 21 9 26 42280 1.00945977787057
3 8 23 7 74291 1.0795338301157629
16 17 13 6 41141 0.9664790834527356
19 4 22 24 58376 1.050676510631662
11 29 25 8 82959 0.9437167277361378
20 29 23 8 63607 0.9283539844085962
5 21 15 11 53733 1.013623506588991
2 21 9 18 34920 0.9772243611395561
6 22 17 13 66685 0.9901224062360328
25 29 11 14 73035 0.9374520831604611
25 10 25 21 30884 0.9248686217086967
26 27 7 6 104990 0.9331386096634359
19 15 26 2 47156 0.9001526958688361
12 23 29 2 92334 1.0984613405583212
4 17 17 26 69512 0.9321789683816522
20 24 2 8 92822 0.9610601707670736
25 13 19 9 26259 0.9659994677791557
13 15 4 26 63232 1.0510066246007104
10 11 1 15 46711 0.9657644341300209
10 10 25 21 66612 0.9607151129792612
0 23 14 10 70408 0.9004991415458748
23 16 2 8 89459 1.0567018075719985
5 22 13 29 47111 0.9424909934700015
11 8 8 28 71447 1.0261149068995317
25 28 16 2 86197 1.0027297742415302
12 20 24 10 56880 1.0985383904749741
13 8 11 20 44268 1.046971808668362
14 7 0 13 61331 1.043921528334422
22 16 9 18 55655 1.0506413797910341
10 16 4 5 54251 1.0782338652729557
14 8 4 3 51115 0.9272140619267533
3 8 15 18 65886 0.9128737146368152
4 10 26 28 106132 1.014739794040176
5 28 28 2 120045 1.0511544571951499
15 24 5 15 52500 1.0567017222444182
25 6 19 0 31070 1.0913886876702492
10 1 21 18 66942 1.0509999373867187
14 27 0 25 51297 0.9439317854000835
5 9 24 0 68705 1.0651553106165004
29 3 24 15 45219 0.9285225923101994
18 11 10 8 30168 0.997840075504962
13 12 3 26 67727 1.0233586530823717
18 22 26 11 52696 1.0337140915419978
23 21 2 10 97605 1.0377058360705287
14 8 26 1 43822 0.9314165762711887
17 6 4 28 93778 0.9628366837686161
26 3 28 13 38558 0.9869640932100742
11 12 18 29 67650 1.0083740619159673
1 27 17 5 104515 0.9342429999157384
18 4 15 11 29294 0.986911729820895
26 11 7 7 62999 0.9959313943585761
24 5 1 23 96463 0.9909296871321213
18 9 28 4 39883 1.028558205517494
10 14 26 0 68020 0.9385150883342901
20 11 8 6 50567 0.9480481260307838
10 13 15 3 40368 0.962688168572555
28 28 29 4 89769 0.9263509369442879
11 0 12 28 71242 1.044818901176332
9 0 21 27 88763 0.996237469846381
5 20 4 2 59795 0.9990751412452045
13 4 16 15 34993 0.9516871687039103
28 13 24 3 36710 0.9184035635218203
17 24 25 19 31886 1.025526624035654
10 6 4 18 57704 0.9074301406150009
9 1 6 15 62245 1.0551221567070816
4 17 22 29 86638 1.0432916108925367
29 14 15 29 72127 0.9194306033545275
26 17 10 21 57938 1.0996126529060126
14 28 9 19 34293 0.9389889387961472
29 8 21 17 44954 1.065508009874529
7 24 16 25 34544 0.9133319284866038
11 28 0 12 78934 0.9088589812447292
14 17 2 10 60990 1.03063465245992
7 6 18 0 56697 1.0063447788561475
28 29 3 18 102204 0.9565013347057163
8 25 2 15 51046 1.0194941673111768
26 12 3 23 85257 0.9934247427297211
21 14 7 13 67017 1.072199877158983
19 15 0 18 72242 0.9831102119155904
16 8 8 14 46795 0.950221431718953
8 7 1 0 40226 0.96890298114037
24 12 19 2 36502 0.9142268652588804
21 12 14 21 42177 1.0839423539663997
20 29 1 25 72637 0.9468256702330936
14 13 3 9 47980 1.040180382796023
16 18 24 2 66559 0.9296379832941059
23 28 14 10 62921 0.9359269176927596
23 27 18 2 77482 1.0091189660461042
12 10 14 24 40986 0.9441883001067297
29 9 16 3 52412 1.0041938308640732
6 21 11 10 49158 0.9842442266560625
3 24 27 6 108838 1.0333577456986922
25 26 12 0 85757 1.0866133070488375
17 19 23 6 52884 0.9882405165643957
3 14 1 2 42404 0.9650698931785462
17 17 5 9 64287 0.9058692283168682
17 29 29 25 51774 0.9024719841734459
27 11 10 29 87100 0.9736124573074488
23 25 24 7 42355 1.0965532432990812
13 27 1 11 84803 1.0239344499301652
21 5 15 27 68379 1.071079993319575
19 23 28 27 34373 1.0929743384987414
22 0 20 20 57199 1.0167310189938532
13 12 29 6 56109 0.9912813498944931
21 22 25 29 25402 0.9790863829411985
23 10 14 12 31197 1.0440238043588668
23 20 11 19 39109 0.978223201300883
23 23 5 6 88126 0.9413935840272405
5 1 16 27 87824 0.919154803081653
6 16 23 15 77093 1.0833720320103946
25 18 21 29 34660 1.0176842482884703
26 1 14 10 46906 1.0570645337058315
27 7 4 12 86531 1.004738769277748
16 25 15 7 51798 1.0699871572001936
25 29 21 4 64694 0.9244491176188288
2 14 13 6 67513 0.9463096206312537
5 1 7 17 62501 1.0794095150089784
6 28 20 24 52458 0.9872792298248176
23 5 13 7 45471 1.0079496156957792
7 24 23 13 72628 1.0432974909614416
0 11 19 27 98134 1.0231210174298466
3 1 14 20 69796 1.0973976639586835
8 21 0 15 46569 1.054513559897283
16 21 6 9 52808 0.9728097428178969
24 23 11 2 76629 0.9577570836844633
20 12 6 6 60011 0.9758568421270138
5 5 25 26 103999 0.9360979974964181
18 17 2 23 67609 1.0896571235843964
22 17 29 20 33055 0.9283784137422455
0 8 11 8 46597 0.9704901199819884
15 5 4 1 45734 0.9277599827683949
24 6 7 19 71496 1.009512145169085
17 24 27 7 70933 1.0182428116485522
9 2 22 1 44502 0.9724674964055835
12 8 29 6 54020 0.9696506426176242
9 9 26 29 87202 0.9437145748892564
8 24 19 4 78500 0.9672400668421568
12 27 27 14 71224 1.0375491699036075
14 0 5 11 52022 1.06063162573839
24 11 8 0 59988 0.9292371917529056
22 21 11 27 43228 0.960540142314303
27 3 2 14 105614 1.0379284437522136
3 15 28 15 102003 0.9254445897351277
15 21 4 14 55660 1.041414428429856
25 7 12 2 54647 1.02314308518939
1 23 9 14 59138 0.9156535990649507
20 1 29 22 77815 1.031656992016757
8 29 8 14 66981 0.9006826235131076
28 28 15 1 106343 0.9906310958578918
1 17 12 9 67577 0.9965768431421496
28 18 25 11 28305 0.9513288389472554
26 16 20 4 51648 0.9976795115218045
8 14 22 11 59585 0.9435223891489972
28 19 11 18 53726 0.9869584887882824
26 26 7 2 112418 0.904014400973455
4 4 27 16 104771 0.9758830183149545
23 29 0 2 128482 0.9350459899554081
17 0 19 25 68594 1.0713480176822467
5 19 16 3 71175 1.050308794800997
14 28 14 15 28338 0.9119037982169893
23 2 15 20 67657 0.9823367096723707
4 16 1 27 47616 1.033604479498239
4 16 17 3 83286 1.0309765334862444
11 26 24 24 46100 1.048402979465095
21 6 3 14 74369 0.9639369876929937
9 11 21 6 43856 0.9264542138211078
27 6 5 29 115353 0.9455284588810429
19 14 24 21 33641 1.0123444525349605
2 27 24 10 96802 0.9568588605118973
22 21 21 9 34304 1.0190386882261675
25 13 11 13 60936 1.0294314659252533
19 6 27 22 63768 0.9862062908128582
0 19 18 17 68699 0.974520166155492
2 29 28 25 93641 0.9499812774747454
15 20 15 5 37596 1.0408359344577978
0 6 8 0 41904 1.0101873816088285
19 0 7 2 40130 0.9064118528095174
0 23 1 6 57650 1.0565364092657177
27 9 12 3 51352 0.9133419870626341
8 3 7 26 80685 1.0743323084729233
2 6 17 12 64579 1.0257494573777879
13 22 4 27 48578 0.9058989627198241
23 3 3 22 103683 1.098371932081046
4 28 26 20 74698 0.9610569624219929
11 27 12 9 53107 1.0021978784943844
20 24 10 18 39435 0.9983591597592473
28 0 29 18 59293 0.9184567991160509
20 7 17 14 33823 0.9096022061397034
2 4 1 27 79848 1.0177149336716866
18 21 29 23 29890 0.957712060761555
11 28 3 11 73381 0.9606186709532437
14 2 3 23 75210 0.9092838482112235
3 28 10 24 37880 1.0604759110470834
5 19 15 17 36982 1.0234492003978763
23 27 9 23 48245 1.0660551449346598
18 21 26 17 38296 1.0886504317685082
8 24 21 25 50295 1.0975864149934558
14 20 21 6 46659 0.964687242393225
3 12 3 27 43170 1.0245166992760157
16 7 9 23 58899 0.9496486283471193
11 1 6 6 41588 0.9796935475810233
18 11 28 12 37583 1.0349779332562177
4 25 5 0 85541 0.9246606139627627
0 16 2 29 45008 1.0082249638286491
23 26 17 18 44898 0.9403147204697706
23 9 4 19 73861 1.024544709734688
24 23 15 11 51431 1.029946111440462
21 11 18 23 37477 1.076545397925125
10 9 12 18 33618 0.941700168222605
11 0 11 27 72559 0.9178958907136178
9 18 6 10 44447 0.9056177011057368
20 22 21 11 32763 1.090356312597814
16 3 21 15 46540 1.087510757100961
0 22 25 3 112909 0.9027404700692262
15 24 15 3 54022 0.9004027617602874
23 18 1 23 75999 0.9237931433930897
17 24 14 2 57809 0.9536102215897778
19 25 9 26 42047 0.9101239872208814
28 1 18 4 38281 1.089730320098336
18 20 23 7 53043 0.9156017459624016
14 29 28 25 53665 1.0498320182885619
20 11 3 8 61031 1.04100352950738
10 19 17 12 40335 1.0275786503607611
25 22 18 29 38820 0.9439140300327608
13 5 0 8 61433 0.9892884301620732
16 1 11 14 55127 1.030135395043364
9 26 15 12 53235 1.0107535044002027
25 12 3 8 76731 1.038432988525451
2 22 23 23 58532 0.9741277216520416
23 3 15 9 39009 1.084404898867152
22 11 4 20 81741 1.0503752669046242
6 2 23 9 67868 0.9865100891901073
14 27 11 7 57654 0.9487213767400287
7 0 0 15 60641 1.0822909327796808
7 13 7 26 58298 1.0940043212172261
13 9 18 29 64173 1.0853498808587698
5 2 11 28 93874 0.9010901975031168
2 25 27 18 81801 0.9369014152749898
23 6 10 1 55432 1.0030490517843795
23 3 13 22 75993 0.9615974890938266
13 28 3 27 35249 0.9129814631319769
9 24 23 7 80740 1.0484316665297468
20 24 13 28 31713 0.9942163649786335
19 21 5 7 73848 1.012704334939373
29 25 9 9 87369 1.0911696611712987
6 22 0 12 52001 1.0404817145413507
10 19 28 27 64858 0.9715036908073836
24 1 21 12 41163 0.9072723546143041
7 6 9 24 72784 0.9125775249217598
21 11 20 1 32364 0.9327197133018585
7 29 10 9 62365 1.01380402671221
17 25 17 10 56180 1.0888118665618949
28 26 0 17 104797 1.0266227980773213
15 15 10 20 28543 0.9300373698299242
8 2 16 29 90280 1.0052397570123943
28 28 4 23 81875 0.9752802896318847
21 19 8 4 72116 1.05935399947807
27 10 19 1 46476 0.9113902600187801
5 15 20 4 76824 0.9597749433656518
16 13 1 27 88327 0.9982087954514751
13 1 22 3 40604 1.0259822884898826
21 22 9 21 39644 1.0965758672941581
2 4 29 28 136825 1.0598575918184834
2 17 25 22 81289 0.9267667033948154
16 20 7 11 52946 0.9883038637772941
5 19 14 25 39402 1.0458059301561267
16 13 21 29 71103 0.9302119860059751
21 9 8 18 61065 0.9920517265512324
12 20 13 29 33062 0.9593813533269446
27 22 15 16 55682 1.017657840083493
20 4 10 21 66342 0.9594586278329333
4 28 0 0 92909 0.9079569677748166
25 20 2 9 96077 0.9473642534170307
1 29 12 9 90459 0.9511177426067724
21 0 6 10 61598 1.0136682361680855
24 15 20 0 45033 0.9212012121438542
27 29 14 15 66573 1.096426620333674
18 4 11 29 79558 0.9038705508388445
26 4 6 15 87377 1.0060651875905349
26 14 24 24 30411 0.9782338002240951
23 25 6 2 106404 1.02443381936165
4 12 10 6 38617 1.0527504011624838
7 14 3 24 47481 0.9494200317965207
1 25 6 11 63872 0.9856473805592024
3 4 4 21 54533 1.0678201572368244
1 29 20 21 73819 0.9878862812754092
10 3 16 7 38629 1.0050972669836584
22 4 13 8 39839 1.0066739192282912
8 9 5 1 36226 1.0464024582415756
22 8 17 18 45076 1.0251572189994318
26 2 12 19 73116 1.0037579130919592
14 18 24 20 32211 0.9566949048965282
2 28 13 27 39120 0.9205818789842711
9 25 15 3 70495 1.0986395529861896
27 22 10 23 46278 0.9917359950069063
17 24 21 15 37347 1.0275641046458652
20 10 0 20 84282 1.0316833621211117
29 5 5 23 103359 0.9156563664938646
4 25 20 12 81813 1.0668618898212676
11 0 27 20 81595 1.0216889724145433
23 25 12 17 53120 0.9524537384339042
20 2 17 23 60735 1.0258253282667118
25 4 8 11 61040 1.077413112589481
28 20 15 20 44853 1.0456260637650743
11 26 22 13 72296 1.039985568450402
21 23 7 16 63836 0.9763298224620034
11 21 21 19 32904 0.9837452652526572
20 25 16 4 67732 0.9794514225703314
8 24 5 10 58467 1.0431239718326046
0 4 26 19 111201 0.9147807558885582
16 27 3 28 43865 1.072149155193705
15 22 0 8 80728 0.908556551841125
26 15 17 8 43802 1.0835086185484728
9 17 0 12 56621 1.0471549052065963
10 7 0 4 46962 0.9667503003104364
13 7 14 23 41028 0.9218208548793668
25 2 26 12 30620 0.9578550027187904
29 7 25 13 29212 1.032356583841834
0 28 29 9 115303 0.9678863441351335
20 22 14 3 56854 0.9992905511988415
1 1 12 23 92070 0.9821218177055705
6 23 17 8 65301 0.9075442635910865
2 0 2 16 51535 1.0245242523825406
19 1 22 13 43904 1.0945807347707315
13 10 24 2 49472 1.056448467571561
10 8 20 0 45484 1.0402359485684063
13 28 20 10 60582 1.083492895897434
13 16 19 12 37982 0.967984693862209
22 29 10 19 56948 0.9754254479737624
17 2 19 25 67538 1.0198257789518546
17 7 0 3 80170 1.0027228700303432
12 1 2 15 72309 0.9094552981892607
19 11 2 19 72427 0.9550526616263185
11 23 10 10 36045 1.041958541125066
23 4 3 28 108180 0.9293773744839297
7 7 21 5 53976 0.9338840157205996
3 7 14 19 61868 0.9989111309412353
0 7 26 29 125203 0.9121179957667205
28 3 12 25 97046 1.0738674135575632
27 29 13 4 91978 0.9329003644593419
24 5 24 18 25635 1.0107806878794847
15 23 17 15 33750 0.9830059759390672
20 29 7 23 51490 1.0648128993432122
15 26 29 0 90104 1.0793463851330611
15 20 18 28 33821 0.9777229648897761
19 27 9 1 87152 0.9830824192158447
11 5 18 19 52692 0.9153938979646855
2 14 4 0 48569 1.0490565849485416
12 3 23 9 40926 1.0210243304662678
21 13 9 28 68958 0.9695114319379154
28 21 17 4 77065 0.9648464911605342
16 22 3 28 53606 1.088404622485098
19 22 10 2 70538 1.0261283941007449
14 16 27 11 53380 1.0805012494829318
23 22 5 19 61206 0.9298466688952342
19 3 26 11 38467 1.061763019175156
8 0 4 12 47315 0.9484166870031786
22 23 19 7 47263 0.9278613515695956
27 21 2 27 87591 0.9737198405620411
9 20 29 26 70747 0.9921374058807524
19 20 26 24 29994 1.0088747320268476
23 17 0 0 99723 0.9795655555928554
14 4 20 28 67245 1.0600173116268667
0 17 29 5 120123 1.0610841495865984
10 11 1 26 66141 0.976246706368443
8 19 15 29 43134 1.085696137214213
9 7 1 26 82924 1.0683465054512928
4 20 0 8 49820 1.0131763373556377
7 2 13 7 45253 0.907617097131071
14 16 19 9 26823 1.015268256828135
28 16 19 6 58988 1.0292882936963001
7 22 28 24 63479 0.925914508233676
21 26 4 13 87355 1.0082487368852628
1 13 7 7 41450 1.0846495049267642
16 19 7 1 66773 0.9588593787567687
16 10 27 21 63218 1.0665842713316553
27 29 15 23 47053 0.9346362893554321
16 9 24 6 23411 0.9821787267899175
5 20 8 13 40591 1.09020651262017
21 25 2 24 63739 1.067819905221819
24 17 3 12 86383 0.9718217410679059
24 25 9 1 91004 1.0061192736531053
0 8 3 23 51692 1.0667831184493632
0 28 4 4 79505 0.9739400090445749
11 7 23 28 82976 0.9015192644020352
21 17 4 24 69851 0.9662513500437506
12 25 19 14 48151 1.0181247568831144
16 9 21 3 24310 0.9500390433167364
1 3 19 29 123025 0.9577425975333898
14 5 6 7 37997 1.0342728539832573
1 22 15 12 73149 1.0921315334377197
0 26 24 2 116651 1.0163601934837247
27 2 29 29 91806 1.0303677764185941
21 27 3 11 95335 1.0718172552398968
6 11 20 16 67191 1.0429194595239926
6 0 18 16 69327 1.0773673636419492
19 18 1 9 84833 1.0140576365613077
20 2 20 15 40993 0.9796313135640712
7 23 6 11 50926 1.0433614356559637
27 28 24 19 33363 0.9174301407235107
24 25 28 13 41142 1.0952485173309985
1 24 14 10 69887 1.0284756709881555
2 2 9 25 91880 1.071171716055002
7 3 5 28 94373 0.9551217974089383
22 20 14 8 46415 1.0148068461052033
18 0 3 13 75519 1.0893091265717239
22 5 27 17 49541 0.9560262674307769
8 11 3 26 62521 1.0732630852302092
0 29 19 25 68909 1.0863486095195223
20 23 11 15 46274 0.9162158796883616
10 3 9 15 35928 1.022310486233602
20 29 20 11 56075 0.970234874720771
13 26 29 5 89934 1.029088742655674
17 1 3 0 39898 0.9688257794111288
24 24 13 19 38316 0.9959979363762841
7 19 18 22 45357 0.9137450598844388
25 1 10 8 56939 1.0263012480546223
6 2 10 17 58779 0.9330964510469442
1 12 15 6 62793 0.9682913811886333
22 4 12 21 63888 0.9058304006321497
2 25 2 11 50728 1.0558419041175822
19 26 7 19 47523 1.0452947001110815
27 11 25 28 49805 0.9912325677256688
8 19 29 18 59408 0.9872296912260827
24 23 15 5 64483 0.9087698088083196
8 21 10 7 43944 0.9316462647169903
9 8 16 3 40212 0.9967094752666735
29 1 2 0 65461 0.9848151898144641
10 25 7 10 56482 1.0738387002525736
19 12 6 15 63241 0.9366933643080916
19 3 1 29 113279 0.9515975005617077
27 28 0 9 128505 0.9431917612633649
23 19 21 7 37121 1.055204119156348
0 27 27 3 128063 1.005956284606799
18 10 4 17 77471 0.9591784314869681
27 5 5 9 75587 1.0693462473205522
20 0 4 13 82566 0.9055497468535877
9 17 14 25 34651 1.0249108621037104
18 26 13 12 52237 1.0713659047205948
25 8 9 11 49223 1.082650261822407
29 6 12 8 54020 0.9371461974528043
9 29 3 2 98224 0.9982186554326506
25 19 22 1 57227 1.0490892030243972
25 17 17 26 43230 1.0312312917084143
25 15 11 6 65301 0.9542443296793549
14 12 23 19 40034 0.9973235110725425
2 2 4 10 30315 0.9724690256250303
7 9 2 1 42848 0.9634235957909756
22 14 29 9 32887 0.9127035183222115
7 4 26 15 83236 1.0696216879531473
22 7 19 22 51126 0.9269301443296449
18 11 27 13 41204 0.9871324699717567
23 15 14 6 46081 0.9167256181604416
24 23 19 28 23820 1.0077110493775567
23 12 19 28 53462 1.012457471093718
23 27 3 6 108330 1.0415512282627555
13 10 28 17 66986 0.989134612615129
10 20 24 19 44563 1.0446035812522039
2 17 19 20 63448 0.9928542638180974
28 12 1 4 101597 0.9957169862889426
6 20 8 29 37079 0.9895669429301539
6 11 24 22 81116 1.062390482421052
13 8 22 9 25817 0.9369917813690926
24 27 26 0 63946 0.9472420877046333
15 9 26 9 26427 0.9089541031188867
5 22 13 17 44750 0.9147859745906123
0 19 15 16 55886 1.0466010420370297
13 5 1 24 83712 0.9179223220376244
2 16 25 14 94937 0.9781146269636183
9 29 19 12 70755 1.0952686390089323
28 0 13 26 89990 0.9497900027358896
23 16 15 3 62909 1.0088419109234703
20 4 24 12 29609 1.023890627594471
9 2 12 24 68952 1.028195588820903
2 26 2 4 69903 0.92099134504149
18 8 0 4 75466 1.0745230681787095
11 27 28 9 79179 0.950130548350154
0 0 11 6 46100 1.0781380964233729
18 23 5 26 44382 1.0574681857925328
24 7 7 27 84858 1.0044962706354186
12 20 5 28 43498 1.0101011768408936
1 16 4 7 40895 1.0472269504445804
26 27 29 1 80261 1.0646888233817053
0 19 7 1 79058 1.090284369171004
16 17 25 3 67118 0.9267663432216255
9 22 18 25 37948 0.956219121737597
7 23 11 15 36331 1.049098735602069
1 14 9 21 52933 0.996370606575755
15 9 0 23 74845 0.9948939962927824
21 19 17 4 48377 0.9279293504342249
28 12 7 24 82350 0.9931764668269067
5 10 14 29 74963 0.9353157437505792
13 2 2 21 82923 1.0073035746600962
14 7 11 0 21332 0.9711396275075108
24 29 22 10 50639 0.9206140280509909
5 26 23 11 86938 0.9255825274942894
2 7 10 9 33561 1.0803047393431602
10 28 21 3 83343 0.9204307054062821
10 26 21 23 38577 1.0636245299555411
17 15 26 12 45529 0.9685510678405171
15 29 8 19 43134 1.0213647057789967
26 26 14 27 42389 1.0604116979292573
20 29 6 2 109163 1.065814246317034
21 19 19 11 24920 1.0767565996823922
7 23 0 3 80961 1.0626578099195336
3 3 21 10 72317 1.076767834183303
16 23 1 27 56827 0.9811730914725064
28 23 18 27 33449 1.0141331433932332
8 27 4 2 96477 1.0323244937851874
14 4 3 12 54565 0.9793269612330445
2 5 15 28 94308 1.0350302807283762
13 13 25 8 44127 0.9581072003268978
7 23 26 24 53227 1.0232982425953279
12 9 29 14 56724 0.9788827863511931
4 28 26 7 103931 1.0573526957740862
16 8 26 4 41291 0.9545056762400036
11 17 6 12 35472 0.9715238507264334
26 9 4 9 62901 0.9379127969680996
1 8 2 17 32311 0.9889986636270667
26 10 1 16 99267 1.0907922162592563
16 6 1 4 68081 1.0464028779898449
16 26 7 15 61132 0.9120323005795804
14 2 17 18 46699 0.9159924169096657
23 2 11 3 44308 1.0888992389162404
1 3 24 6 87901 0.9076014435468536
13 14 25 1 60466 1.0467638997640596
20 28 12 26 27400 1.041122427107337
28 0 26 18 53189 1.0982976708701047
0 10 17 28 99152 0.9123545433827674
17 29 15 14 52716 1.0288616394347212
28 19 5 12 87877 0.96233497306745
11 23 1 26 36551 0.9318974514103946
12 21 2 0 78439 0.9986204346166003
7 0 16 12 46634 1.08195698716167
28 13 17 4 57385 1.0919595870136238
14 6 25 7 37762 1.0334411218083153
17 21 14 28 24175 0.9923414504077817
28 24 20 29 41602 1.015035468766004
26 14 3 6 86922 0.9635659645915421
22 19 9 7 65775 0.939571078532343
29 1 4 6 81143 1.021666663454458
28 4 3 29 124633 1.0640505008789354
3 6 20 20 84533 0.9948582097659028
28 23 9 21 48748 1.0986881996729319
29 29 20 17 65204 1.0995675603841
0 29 18 0 111848 0.9395997490402722
25 12 0 21 97116 1.0233588480815463
13 6 21 22 61300 1.0200708101811395
26 22 18 20 33104 1.0591261865503636
28 11 17 25 65315 1.078064267706353
19 0 3 9 63685 1.0059917240300038
3 1 29 9 82656 1.0384906187291612
19 26 7 28 44193 0.9258875702589718
25 22 23 4 42138 1.0653454119171222
23 15 10 2 69844 1.0825361624795065
16 18 27 23 41020 1.0041025196464812
10 15 17 25 48426 0.9168599466030867
28 4 22 19 53518 0.926553189010565
13 25 11 5 61282 1.0748738434836027
5 10 15 1 54851 1.0668026115955023
2 6 15 6 58143 0.9271465186968523
15 23 3 11 68870 1.0574788180467447
25 14 22 5 32162 0.9147359425232768
20 8 26 25 58039 1.015134980359942
0 7 9 29 90741 0.9580457273877291
25 5 4 23 92714 0.9199528159210195
16 6 2 17 82880 1.0777340406070535
26 12 3 2 86498 1.0884912137354599
28 9 24 29 50315 1.082494758926398
5 6 20 4 65734 0.9521871926440558
13 24 29 19 54840 1.0152920239640406
16 0 25 5 35219 1.088250075609342
2 14 12 21 54290 1.07562449289563
25 14 13 8 47803 0.93712224945146
4 15 16 17 59397 0.9889535085575181
26 3 23 18 44131 0.9080614205275735
28 19 1 13 106704 1.026564107318497
16 4 16 20 45390 1.0327930894390613
20 1 5 1 40997 1.0876785171386547
8 9 3 22 57703 0.9684015627712801
27 0 11 9 53242 1.000727549465479
16 17 1 15 71773 0.9778619129707888
25 7 19 27 60050 0.9586296677732223
2 3 16 2 52340 1.038695637949859
17 2 24 24 72803 1.0834872638359083
13 0 7 7 42915 0.9164999551979934
16 17 12 1 54878 1.0924073305069888
18 7 2 21 86713 0.9302655975150039
28 1 22 22 68446 0.9219156032899901
3 20 12 5 74732 0.972358326019825
25 0 20 19 58452 1.0941255968300931
2 12 17 1 76380 0.9610610008445268
22 25 9 23 38208 0.9314643547701935
22 4 25 12 26779 0.9366229164857037
15 3 2 7 60385 1.0729413894533337
9 10 24 16 57098 0.930459398965865
12 5 28 9 51043 1.0971637523781783
16 8 23 1 47901 0.9012071979495211
9 16 16 8 46950 1.0823006433722713
2 19 26 15 84124 1.0992501001402466
10 7 6 1 32505 1.0671401722750509
27 3 3 1 67481 0.9549017088598709
19 18 11 0 57289 0.9613442016355018
8 28 6 6 85472 0.9003926705785551
12 25 1 17 65482 1.063104673046865
12 5 20 11 36337 1.0129738746707881
28 25 8 2 112359 0.9449004604952601
20 17 21 3 40384 1.061596432967284
0 7 12 15 64748 1.0248483488514633
18 0 3 10 64801 1.0273156250208557
10 3 28 9 59280 1.080608207976952
4 5 12 14 58553 0.9150690778839378
16 2 11 21 58144 1.032888833705538
10 3 26 3 49059 1.0162355820646707
11 1 26 19 77827 0.9396284819855194
2 3 21 12 79278 1.0076092862965471
9 1 0 20 84024 1.0401434501436848
15 11 3 9 45179 0.9182783253954602
10 11 20 14 44175 1.0364809107541721
28 15 14 8 55801 0.9165997989601663
20 1 21 17 46268 1.0984199937232277
21 8 3 9 58436 1.082984600695676
11 2 8 14 45957 0.9086244999762223
11 26 27 9 80729 0.9844221781684629
7 14 6 2 51805 1.0465983428048053
13 4 25 23 66744 1.077136182232888
0 25 24 0 118806 1.030769812282656
0 24 8 4 85363 1.0564819185776733
8 9 22 29 84120 0.989873951198498
15 20 10 11 37931 1.0501229043480986
11 7 17 0 39367 1.0905288291404085
17 6 25 3 44706 1.029096487159495
24 11 9 21 66463 1.0840339382621669
11 11 23 21 62135 1.088369500840549
28 12 23 0 44069 1.0697245359767809
0 0 21 6 65522 1.0714317716273023
21 1 8 4 47685 1.019112892381328
14 21 9 4 53708 1.0309231069121016
2 22 24 29 71760 0.9942157155404974
17 8 12 2 35236 0.9864479957906577
20 15 11 11 43062 1.0234668396821684
18 22 18 8 46448 0.9539844461062549
3 24 19 3 91398 1.0128550912179126
27 15 5 5 91340 1.0624111345921805
6 5 9 27 90160 1.0512696659729703
3 10 18 24 87033 0.9394540699478242
13 25 15 13 37564 1.014933374019398
8 7 2 12 32374 1.0497980062047414
10 21 2 17 39473 1.0184770314566958
3 14 18 13 72166 0.970850398295859
11 14 20 18 46447 0.9431232795010263
6 7 20 29 93697 0.9918632731936724
4 13 12 1 67214 1.0807722006612728
3 16 9 8 47500 1.016885941710977
5 24 2 0 78398 1.095812038152558
5 21 18 0 83309 0.9149075690209458
27 17 2 27 91400 0.948494700127094
26 19 6 11 82302 1.0685428675607698
1 7 14 5 54312 1.0928856654712606
15 17 14 27 27294 1.0230507745238988
23 9 13 7 32029 1.0468295414214146
26 20 21 8 40186 0.9115770275713075
27 23 28 4 62074 0.986497103647987
19 12 23 22 43360 1.0099290791223903
9 3 5 29 89623 0.9156406703188478
2 18 16 15 60402 1.0837900999048729
8 7 10 15 31684 1.0155428310452228
22 17 22 28 40423 1.0200887327756623
27 24 3 4 116204 0.9998274642809332
17 18 2 3 88968 0.9297140001744056
9 26 9 10 56741 0.9768516695262295
5 28 0 20 37175 0.9755594262842046
18 6 1 12 77947 0.9969021248471905
7 11 27 23 82103 1.0798332578956311
6 23 12 28 31988 0.9871331952986141
17 8 3 0 57166 1.0333216458824759
16 8 6 3 59157 1.0058814324495327
8 6 15 19 54733 0.958656580230741
4 20 22 25 66717 1.020492460655699
27 5 14 29 88387 0.9193828486509117
8 9 24 20 64223 0.9052842264952302
1 17 24 26 90455 0.916025006558738
1 22 16 18 65619 0.9664227738346286
4 0 3 11 34980 1.0240338500372408
27 17 20 1 67187 0.9270311932647237
3 2 9 28 93251 1.036790031371298
15 24 3 22 39996 0.9191906826138921
22 19 6 4 83721 0.9282730489070153
0 27 3 18 33146 0.961287500576635
19 21 0 0 91232 1.0732073331660077
17 11 28 4 49778 1.083944280667577
7 1 22 13 75318 0.9525617909271433
20 8 6 26 79079 1.0449471014460414
1 27 16 15 79283 1.011003259649921
3 3 8 13 51348 1.0855033779651828
19 21 25 25 23891 0.9231910824494229
0 22 17 22 59252 1.0369666116172045
8 27 28 24 69113 1.053444793329638
17 10 24 7 25440 1.0541300135498561
16 1 13 16 51638 1.066233228088428
3 2 14 12 55774 1.0464014278607034
19 12 20 3 28648 1.0570502697213933
8 28 25 10 85287 1.063017485612069
21 4 3 0 53500 1.093194558797872
24 3 22 18 42021 1.039031685640197
18 27 24 4 64448 0.9589394087106102
20 27 2 12 91534 1.0148702720457086
19 17 23 11 28225 1.0201740061341855
16 7 9 16 51077 1.0884891504304888
3 4 21 4 64291 0.9125588606150182
7 20 28 8 91711 0.9449916303953959
15 15 26 1 62755 1.0402200707186993
18 14 19 24 31961 0.9035975210362546
17 3 2 6 69899 0.9925218805399489
5 7 3 23 53853 1.0883517758493468
19 26 29 5 74239 1.0234062108991533
21 29 24 14 42678 0.9494564116391906
25 24 22 11 39376 0.9215737723123981
25 18 27 26 31168 1.0907038156558206
12 14 7 23 42956 0.9834794546103175
6 0 17 15 62158 0.910613716887943
4 21 2 12 34091 0.9488982660531102
3 20 7 11 41656 0.90451520534097
3 23 27 11 90820 0.9889576815622018
25 0 14 17 59027 0.9885981903619232
28 14 23 5 41913 1.0636382524906485
20 7 4 17 83899 1.0289997248430782
28 6 14 9 53600 1.028387684185474
13 7 3 24 75174 0.9097233040124705
14 26 6 5 79969 1.0264871085003635
28 15 21 12 39683 0.9183246325911395
1 7 17 8 60431 1.0074204241289717
3 11 5 24 44710 0.9827041221675451
25 4 0 27 114340 1.0427907279394026
2 27 26 23 72074 1.0289653429502938
19 21 27 24 29688 0.9281465853801758
5 24 19 19 50731 1.0666027527030986
1 25 28 3 133332 1.0729424609481795
12 3 26 23 76244 1.0246112640901515
6 18 21 28 66494 0.9438111452817277
21 14 25 6 32968 0.9131119296550623
26 0 15 19 65942 1.0688587331369728
5 16 15 0 71192 1.0607904748911565
28 4 15 25 81368 1.0937351352663336
21 16 25 29 41406 0.9263875487845509
24 24 11 29 50902 0.9025933030977444
8 22 3 10 59561 1.0156968555686512
23 7 19 28 64262 0.9767992403428472
22 2 27 20 58455 0.9588294807774501
26 20 24 8 29970 1.025823601369276
11 16 3 9 50669 1.054897203973844
9 21 23 14 64536 1.0657865280342402
2 22 21 8 87216 1.0870579637558961
19 26 0 12 91128 1.0805480817421098
15 19 17 0 48283 0.932647528500019
23 5 12 10 43146 1.098655758224855
29 0 16 24 84890 1.0551114980693443
25 16 3 29 86739 1.0378714692795343
9 26 5 6 79834 1.0234943623949369
11 16 5 11 38323 0.9828942633663832
26 2 20 10 34510 1.0399318749922337
26 25 9 1 100289 0.9298499124222596
20 12 9 2 57023 1.0374651341777994
25 13 12 19 55191 0.9592413691400246
3 13 23 25 88663 0.9218143083695143
23 12 19 21 40764 1.0296488338097283
20 12 6 8 50723 1.0744866177608479
17 1 26 17 74140 1.0782346833400351
26 10 13 7 42294 1.031895368196262
19 25 5 23 41728 1.0562400368635338
16 22 1 27 62563 0.9522701644668937
19 29 9 11 75714 0.9910789685848221
27 17 21 7 46370 0.9441292905755322
0 20 8 4 73188 1.0654799850565406
1 17 6 12 39210 0.9966947142640065
11 6 11 28 73176 0.9349919394209071
3 13 17 17 72461 1.014698096761377
18 7 27 20 58954 0.9944962521749192
22 20 5 7 79979 1.0964570495325918
15 20 20 15 30886 1.0497263508278196
6 4 10 29 94293 1.0842229967069155
25 5 23 23 43300 1.06224425210051
7 29 22 2 102534 1.078052182368604
15 18 22 9 41172 1.0784939570948648
21 13 1 8 72615 1.0443976879862868
6 12 2 28 61689 1.0108459224978366
23 29 3 0 113730 0.9737165675068509
21 20 3 8 85454 0.9203579404903629
18 17 9 10 53224 1.09119379993607
19 7 27 1 38321 1.07962649217165
6 2 3 24 74400 0.9116432741752604
14 29 26 23 39647 1.0756362892755509
11 23 9 10 42293 1.0171569718253668
4 26 24 28 69403 0.9692218208240629
10 27 25 14 67015 0.9984589216370182
11 12 28 16 79081 0.9720544980883153
10 22 21 8 59580 0.9180900440670504
11 15 3 18 42815 0.9684515769617138
7 0 14 26 70348 0.9168670830412888
4 13 2 3 41498 1.0105207101508218
0 0 28 28 135298 0.9695552869613148
1 3 0 17 49885 1.084332065002869
15 26 28 4 83479 1.0399175586098137
23 23 23 3 48998 0.9610722542791936
20 13 4 5 73616 0.9891198631869614
2 22 8 16 51058 1.0839348677082332
17 2 13 25 66502 1.033131093991084
27 15 6 15 91694 0.9653173036120997
27 29 24 11 52926 1.0276663532738715
3 0 23 19 90336 0.9810360055354669
5 18 26 4 93535 1.033777864441436
11 12 21 28 67227 0.9508989863633613
12 8 3 13 46513 0.9965236701173608
15 26 28 18 46805 0.9859989570879627
5 27 26 20 73000 0.9588872968916462
19 13 3 14 72140 1.0503649497030918
29 20 11 6 85001 0.9509235136416017
10 10 24 11 43440 0.9163817001029088
25 7 8 11 56650 1.088195831670593
10 28 7 13 69680 1.056741109454564
16 9 20 18 32758 1.0683898809339245
6 10 16 4 44599 1.031913883401499
15 13 12 21 30332 0.9362257581937071
17 12 29 1 63352 1.002584476139459
0 26 7 20 41401 0.985645023892036
21 11 1 5 78830 0.9975077265441424
23 25 15 28 37460 1.0004722762378901
26 1 29 14 44969 1.0722394967258793
4 11 24 12 67702 1.041288760921446
19 20 9 22 36525 1.024163925318831
2 13 17 12 61920 0.96001585135742
28 14 1 6 108550 1.0854159096986316
25 26 19 20 29234 0.9731584091441013
26 29 7 17 85776 0.9490031199890658
1 23 3 6 56522 0.9007920136321595
22 29 27 7 67837 1.0130935699222272
5 23 17 16 59174 1.0900424924790408
27 8 21 15 37647 1.0048858054773404
9 0 18 14 58600 1.0463141212012514
14 24 24 6 59537 0.9089127102238349
27 13 8 5 80163 1.030787311955771
23 15 8 19 59114 1.0783791535335363
4 6 20 17 81067 0.9769083498970764
29 17 18 20 38513 1.0188881500061973
13 2 27 12 58065 0.9168604142507748
23 19 7 6 82720 0.9512676686482534
11 2 15 19 46841 0.9063759600495903
7 15 26 20 74953 0.9712020621294478
0 18 4 24 30481 1.087572203912617
12 5 22 5 42313 0.9405089271221165
16 12 5 25 63177 1.0499695333527848
1 29 1 13 61166 1.0435735509838233
9 23 20 7 65934 1.0957766918321175
6 22 27 28 72568 1.0102526438892876
5 7 21 24 86521 1.0941648374856967
2 9 21 3 75845 0.9221568231967158
9 14 19 1 63144 1.0858971367437285
8 20 7 1 77831 1.0937045633002584
22 1 12 20 74038 1.0226381590684315
0 15 6 7 40515 0.9562704402126916
25 22 8 20 55661 1.0630750183041884
28 27 6 18 81155 0.9240934244289545
4 14 11 22 50774 0.9820000015647815
24 1 11 2 40173 1.0334193534854892
12 11 9 18 32993 0.9388653933701185
6 1 9 22 78952 0.9496351628023089
24 21 15 9 47369 0.9456801770844063
17 28 15 11 49687 1.0050897359649378
26 8 24 19 29527 1.0538305938049652
28 14 4 26 100564 0.9065805883410384
26 12 21 7 25637 1.089706022073068
10 0 5 17 63090 1.019302148929884
28 11 22 15 34270 0.9855871149506003
8 21 29 14 75720 1.0207404215032079
3 19 2 28 29914 1.0688946997588529
24 25 25 10 37427 0.9355748415378202
25 0 17 20 70689 0.977794925525692
8 23 17 7 64502 1.090962191143108
10 25 21 25 44082 0.9474842480756426
14 7 29 4 56278 0.9087331625974627
15 24 7 14 55481 1.00593581590872
23 23 11 20 39585 0.9601552840695085
17 8 2 0 59305 1.0875588280814397
1 23 6 1 84030 1.0693975793165604
19 10 26 21 48285 0.9113628190558732
12 22 22 17 44760 1.0382946497402348
24 27 21 0 69495 0.9725760817799897
4 4 22 2 60890 1.0074500600410243
3 14 15 14 59005 1.0292347872255
8 18 0 24 46592 1.0523589530069228
8 18 11 29 53593 1.0777175156215029
16 3 18 12 39187 1.080453947783167
3 23 25 18 65248 1.0039086553906644
4 2 6 22 71618 0.9881891987627112
6 18 29 20 76431 1.0987002566922401
21 27 14 18 40146 1.0097802833569323
27 1 4 28 118906 1.0078508379569429
0 3 2 22 69068 0.9114967030598892
21 25 14 6 61307 1.0612281446999108
15 4 5 13 56314 1.0430240318322799
20 14 9 11 47635 0.9380247480536179
7 4 3 18 55351 1.000369220169629
17 26 21 18 37291 1.0525780590872384
12 25 24 20 41833 1.0456928338164315
7 10 0 22 58243 0.9363077252663965
7 27 29 0 109865 0.9554679449110388
13 10 25 1 51418 0.9154591689512362
18 27 23 21 33888 1.029548331694933
14 22 6 18 34577 1.077929878626956
8 17 12 4 56749 0.996741668922003
23 13 7 6 75820 1.004850093601654
25 22 20 15 33789 0.9419651400422361
4 26 23 22 66437 0.9622500570570071
1 21 27 18 82153 1.0274612628740483
17 11 22 29 66137 0.9277861238951506
17 4 19 23 54462 1.0912411248768363
23 4 13 13 52026 1.0741634641924986
13 19 5 5 64955 0.9204040617388002
26 26 25 2 67102 0.903777890569947
3 2 23 19 95808 0.9002719118681027
2 13 15 25 75220 1.0944981864991865
13 11 21 9 22136 1.0290690650342875
21 22 27 8 54572 1.0554074739677628
27 0 7 25 98540 1.04964758709121
28 29 5 1 127381 0.9824865118253132
26 5 20 18 53897 0.9063801664980268
3 5 21 22 95993 1.0613780942204054
24 17 3 5 88326 0.9067658619355558
22 18 13 19 28457 1.0922376823152888
10 17 11 7 34643 0.9184494007118178
25 24 24 15 21988 0.9321066776205491
16 29 5 29 42659 1.0754126256881622
29 6 8 7 72985 1.0596283865161085
17 3 18 20 56877 1.0201290686802815
11 24 25 10 67573 0.9048820517939734
26 13 22 23 35280 0.9021467496089004
17 28 8 22 44320 0.9397075682148472
11 19 18 10 46739 0.9359771900659933
15 20 1 4 82642 0.9262034772318734
1 26 8 20 42566 1.0981345117922867
21 1 29 19 62209 0.991868683217229
27 3 1 7 90497 0.9837495547398399
15 19 3 1 69063 0.9411921097742113
15 10 29 29 90092 1.0594295947078167
2 18 13 19 39370 0.9859164704346584
0 23 21 24 63855 0.9482723841985954
11 14 3 12 37681 0.9508809933732799
29 1 18 16 70291 1.0366375305100397
26 10 7 23 77670 1.0784244360966921
