1357 1378 3283 2515 1445 2029 1154 3112 1583 2444 2588 1739 2101 1433 3592 2672 3069 1476 3351 2161 1518 1735 2479 1667 1883 1401 3302 3453 1865
6014 5187 6837 6341 5192 6614 5449 5195 6812 4987 6435 5593 6263 5082 6240 5101 6098 4636 6768 5949 5044 6107 7276 6499 6648 4762 7138 5793 6689
5336 3255 3202 4329 3037 3959 2994 3895 2822 3363 3602 4095 5363 4439 3643 3695 5140 3337 3974 3916 3780 4699 3824 5264 2907 3985 5388 4521 4156
1182 1597 2205 2445 3008 1830 2793 1972 2739 2278 2254 2501 1634 2188 2010 2343 1196 2110 2704 2870 3502 1931 1278 2410 1481 3398 1033 2008 2116
4472 2908 3201 3785 2520 3331 3882 3839 4165 4249 4091 2135 3355 3207 2965 3055 4204 4786 4487 3751 3197 4217 2408 3572 2305 2667 3935 3595 2589
4926 4746 5142 3685 4911 5292 3933 4511 3438 3584 4311 3893 4659 3839 4240 5165 4878 4837 3492 4580 5198 5421 5138 3067 5396 4567 4166 3979 3272
5889 5814 6745 4986 6871 6096 5946 6704 5344 5036 7228 7185 6571 6942 5327 5693 5899 6714 4918 6318 7275 5312 7508 6887 6770 7006 6964 7363 5852
3238 2378 3077 1949 3193 4103 2584 2762 3701 4225 4214 3017 3358 2216 2677 3328 2140 2111 2512 2098 3154 2652 3554 2111 2787 4017 2527 3826 3747
4962 6094 4920 6248 4860 7082 5736 5765 7113 5686 4997 6993 6537 5967 6719 6386 5901 5455 7135 6061 7243 6380 5324 5186 4959 6046 6423 6259 4784
5056 5822 4770 5555 3634 3887 4172 4526 4586 3510 5820 4264 4904 3649 5350 4311 3864 5856 5766 4148 5327 4465 5855 5153 3971 5589 4740 5772 3610
4136 4767 4727 3320 4403 3383 2905 3987 4691 4703 4905 4099 2693 3985 3100 4512 4575 3799 3715 4124 2419 4122 3191 4756 3869 4023 2521 3060 4560
6408 6177 6538 4016 5250 6139 6008 6416 5672 5310 5578 4835 4038 6205 5138 6029 6299 6219 5657 5886 6539 3962 5420 4034 6183 4057 4307 6541 5572
2422 2833 3602 3299 3355 2533 1723 1612 3683 1417 2537 1963 1353 3850 1208 3034 3428 1417 1942 1513 3696 2733 3225 3813 2778 1361 3144 1731 2125
3046 2405 2473 1757 3702 3853 3612 2392 2048 2904 3486 3461 3662 3825 3665 1886 1740 3059 1540 2940 1547 3729 1729 1673 1700 1575 1556 3348 2853
2760 4323 4496 2181 2624 3574 4641 2886 4459 3447 3284 2289 2239 4348 4598 3298 4348 2635 2707 3040 2419 2594 2789 3355 4717 2727 4214 2875 2703
3134 4107 5696 3496 4445 4625 5232 3783 3718 4314 4799 4884 3925 5351 5304 5365 3959 3496 3808 4507 5373 5115 5474 5589 5376 4492 4417 4031 5127
3211 2761 2826 2255 4179 2148 3696 2261 2481 2052 3746 2396 4048 4121 2095 2895 3297 3322 3486 2579 3277 3518 4397 2443 2638 4187 3351 3726 2189
7498 7518 7585 6587 5835 7651 7991 7397 7140 7674 6276 6222 7127 6048 8081 6229 7950 7674 5487 6699 7397 6180 8113 5849 5870 6192 6864 5982 7423
5487 4640 5333 4523 3040 4228 3779 3380 3676 3043 3400 4139 3551 4478 4903 4695 4610 3755 3005 3773 3703 3226 2915 4745 5334 3235 4015 3961 4360
4744 5311 6081 5501 4094 4219 4222 4478 4995 4764 4355 5521 5154 4614 4251 4853 5827 4914 4668 5786 4509 4326 4069 5660 5648 4862 4566 4851 3988
6772 5623 5072 4698 5436 4388 4819 4981 6027 4213 4372 4434 6381 5053 5102 6170 5408 6552 6220 6769 6608 6759 6497 5699 6086 5852 4385 6661 6084
4439 6410 4877 6689 4538 4782 5826 6170 6420 6204 4627 6445 6587 4919 5581 6321 5200 6622 5826 6608 4384 6745 5721 5374 4798 4803 5652 5156 6862
4838 5642 3999 3845 5846 6139 5895 5581 4379 5008 4481 3852 3779 5997 4030 5346 5958 3625 5281 4720 5077 6221 4437 5209 4775 5839 5864 6142 4801
3395 5716 4064 4621 5424 3370 5291 4513 3372 3793 5513 5167 3863 4729 4081 4782 4302 4143 4867 3809 5625 5436 3130 4488 5264 5068 5690 4732 5323
2205 3789 3684 4356 2086 2835 3425 2206 3450 2177 2466 3849 3855 2632 4207 3752 2115 2134 3143 4211 3224 3002 2717 4154 3747 2768 4602 2809 2724
3141 1619 3205 1767 1476 3064 2222 3692 2230 3407 1549 2636 2784 3728 3782 2732 2133 1819 1750 3757 3880 2602 1564 1357 3569 3111 1961 3535 2986
3393 3656 2458 3439 4139 2437 3978 2594 2652 3279 3823 4003 3845 3970 3277 3969 3305 2202 1686 3104 4212 3579 3120 3960 3664 2884 2946 4092 2583
4965 3006 2817 3869 4489 2690 3154 3036 4579 4407 2663 2460 3913 4840 4976 4597 4107 4165 5085 4511 3373 4195 4009 3040 2964 4218 4776 3323 4818
3523 1485 3105 1515 1761 3552 2959 2819 3480 2792 1430 3408 3460 3156 1863 1606 2082 1370 2756 3570 3344 3628 3396 2859 3632 1835 2937 2774 3531
6988 8145 6888 7900 8616 7791 6179 7326 7433 7363 7821 8280 6370 8065 7990 6653 8711 7976 7362 6757 6696 6699 7705 8354 6633 6963 7992 7123 6928
6013 4247 2468 5275 2341 4477 3811 5274 8137 4310 6747 6560 8298 3451 5283 7336 6040 3483 3856 2506 6950 6320 2867 4093 3714 2773 7082 3436 2962 7101
5257 3869 3288 4571 2847 4635 2963 5471 7181 4147 5918 6715 7179 2810 5961 6891 6189 2232 2994 2140 7474 6280 3533 5221 2697 2345 7119 2290 4790 7136
7078 3816 2922 3655 1852 4644 1861 6742 8070 3313 7704 7512 8157 1689 6881 5716 6839 4338 2820 1797 6723 7147 2523 5404 1865 2081 6548 1804 4582 6848
5043 4750 2307 5410 4039 4348 2993 6039 6385 3906 6339 6014 7881 2355 6732 6338 6369 2455 3634 3661 6972 7248 2895 4069 4084 3420 5496 3939 4211 8163
5774 3878 3432 4191 3058 2374 3370 4333 5715 4192 6148 6735 6485 1373 6495 6948 5428 1859 3630 2264 8095 7691 1500 4457 3909 2027 6675 2475 5181 8658
5983 2779 2631 5459 4169 2387 3689 6018 7363 4426 6067 7206 5975 2045 6820 7637 5450 2472 2290 3285 7072 7465 2428 5611 3789 2119 6388 2517 3817 7479
5101 3885 2960 3876 4369 2652 1968 5843 7984 4391 6273 6343 6591 2572 5829 6316 5404 1733 2839 3353 8724 7614 1875 5962 1848 3450 7311 2100 3169 6858
4764 4876 4231 4364 3017 2631 2256 4714 8123 3367 5926 6286 6349 1499 7322 6369 6902 3107 1736 3074 6653 6391 3111 4277 2812 1281 5749 3575 3369 8248
5226 4013 3406 5268 1927 2364 3141 6434 6215 4423 5615 7263 7190 1216 6557 7339 6617 3035 1504 2142 6522 5901 3392 3562 3572 3585 6365 1712 4473 7181
6290 5206 2871 4537 3361 3324 2388 4350 6375 3831 6692 6654 6104 2536 6186 5593 6153 3258 3493 3053 8195 7218 3915 3632 3923 2733 5978 1820 4730 8272
5598 5165 4308 4782 3145 3183 2338 6247 6550 2735 6106 5683 5867 3601 6152 5372 6355 2197 2012 3770 6994 7433 2250 5861 2497 3539 6649 1908 5081 8060
6107 5112 4754 4726 3818 3462 2102 6197 8328 3132 7975 7610 7441 2659 6113 6869 5772 1683 2401 3647 6733 6218 3739 3459 4270 3616 5253 1796 3350 7653
7200 4697 3628 5015 2589 3115 1733 6037 6195 3133 6847 5911 7538 2048 6715 7016 5061 1919 3642 1894 8431 6078 2398 5191 2425 1267 6903 2605 3843 6774
5767 4770 3208 4295 1952 4528 4350 6506 6904 2983 5903 5694 7094 3775 7347 7834 6602 3282 1933 1617 7311 7663 2282 4168 4375 3599 4934 2828 5149 7391
6275 2616 3130 3070 3509 2344 4047 5752 6736 3968 6902 7974 8119 2017 7280 7985 6577 3038 2065 4007 7762 5798 3175 3515 4224 1401 5032 1898 3788 6379
6102 4179 4528 3699 2873 2450 1737 4944 8073 3978 7276 6606 7144 2955 7247 7850 6312 4124 1536 3123 8470 7237 3962 3589 2485 1940 5842 4052 4376 7947
6377 3878 2533 4736 3210 3707 2746 4493 6291 3549 5685 6990 8099 1426 7047 6878 6708 2317 1619 1789 6406 7562 3676 3560 3040 3012 6540 3916 4768 7921
5620 3462 4689 4574 2508 3611 3066 6561 8258 4604 7532 7815 7212 1993 7047 7797 7417 2956 3295 3106 8386 6249 2645 4130 4147 3035 5123 1546 4741 7569
5484 3243 3702 4336 3919 4144 3925 6760 7827 2287 6501 7162 7643 2346 6557 5393 5791 2845 1555 3916 8577 6166 1979 3420 3857 3656 7300 2895 4433 7171
5247 4982 3808 4176 3786 3280 3794 5809 7995 4858 6270 6609 6557 2881 6719 6610 5133 4186 2160 1589 8759 5855 3084 3639 2237 3506 5294 3852 4105 8940
6532 3674 3545 4204 2321 3613 2028 6718 6191 4806 6787 5353 8009 3356 6024 5898 6232 3557 2219 3224 8165 7854 3792 3851 2732 2587 5049 3380 5067 8181
6760 2635 4468 4738 3391 4664 1968 4583 6944 2595 5570 6829 7580 2232 6692 5396 6210 3855 3089 2067 6854 7412 2084 3661 2328 1152 6027 3521 4129 8371
6898 4678 3279 3333 3129 2517 3277 5336 6588 3345 5697 6158 7824 3475 6158 6177 7167 2320 1924 1656 7469 6770 3722 4579 4092 2144 6547 1547 5131 8630
6764 3425 3548 3765 3103 4725 3060 5753 8218 3182 7580 5805 8191 1893 5757 5383 6052 2943 1882 2967 6597 7663 2541 5084 2762 2300 6957 2242 4156 7528
6225 4468 2602 3077 3138 4225 3279 6475 6585 3348 6259 5663 7094 1967 5026 6857 5231 1926 1834 2496 8533 8150 2561 3684 3273 1260 6008 1892 3620 7474
5502 2589 4376 3700 4375 4039 4111 4835 6883 2726 6327 7533 7806 3813 6678 5548 5609 1770 3266 2368 6646 5971 2917 5400 3547 2949 5391 3286 4413 7495
6580 4290 3966 3724 2486 2806 3951 5889 6765 4822 7137 6198 7184 2029 6612 7530 5698 1760 3097 3888 8514 6648 3829 5833 2533 2585 5656 3457 5268 6485
6360 4005 2679 5008 2107 3362 2167 5892 6615 2592 6610 7467 5708 1382 6158 7848 5323 1992 2623 2366 6597 8276 2240 5394 3942 2068 5225 1998 5320 8794
6514 4508 4262 2990 3428 3316 2119 5570 7731 4669 6839 7692 5768 2784 7322 7320 7366 2776 2236 4022 6890 6092 2847 4424 2636 2890 6635 1975 5203 7898
24 26 3 11 81902 1.0559826101348608
18 28 16 5 77857 0.9911762063311017
18 7 22 27 82765 0.921152700963117
11 21 13 1 55706 0.9200241983559206
1 24 25 17 69082 1.0856631003524175
12 22 8 7 52814 0.9464503530079803
22 24 2 10 87789 0.9924560508418504
20 8 14 29 78383 1.047709707155125
15 11 27 14 44015 1.0633164426615922
29 2 8 7 77105 1.0580414924131878
18 9 21 17 43407 1.0377806591806722
10 1 29 24 108230 1.0455311835128978
0 29 3 3 63912 1.0048224631990148
20 1 6 2 55350 0.9429307269143287
26 27 3 26 62335 0.9464695996598526
8 28 25 14 69666 0.9800534113980622
3 2 11 26 77893 1.0463139593896287
26 11 11 2 69245 1.089765696054941
3 13 24 22 70012 1.0919180164256554
21 28 14 10 73274 1.001375679642414
24 19 8 3 79455 1.057869194608946
28 15 20 8 45922 1.0263935739876726
14 23 6 28 31083 0.919594114120646
0 3 22 26 105054 0.981409569945228
16 27 13 12 44604 0.9011397537490765
2 14 9 1 54384 1.0829960660742375
13 16 23 26 50757 0.9455012747515539
23 4 24 29 74471 0.9559721116908408
7 26 21 25 41810 1.0927163618031779
12 1 25 17 73063 1.0040692226526853
11 22 18 5 62181 1.055354816887803
6 8 18 26 80806 1.0147901138609257
13 10 14 23 38783 0.9911425337338279
8 27 5 15 45346 0.9517867446415736
10 14 21 4 57088 0.9893147535046617
17 26 25 5 79220 0.9511938014085257
22 10 9 25 73623 0.9911587998141644
19 13 13 3 39720 1.0979909298680242
6 18 29 26 76803 1.0715882890013506
0 17 4 8 34528 1.006271673106641
21 18 22 27 37961 0.962179239645634
28 16 14 13 40390 0.9035110215369312
10 22 16 1 67751 0.9006501733355541
25 14 11 28 61252 0.9064998268544776
26 16 6 12 68047 1.0153683351083747
8 25 21 20 55566 1.0438262938649459
3 21 15 5 65068 0.9815305661043735
26 4 20 23 73941 1.0153363557256705
15 28 7 11 59035 0.9787948165778443
20 22 4 20 52825 0.9123030920215215
11 19 23 11 55084 0.9266892675837709
22 25 10 23 39456 1.022128652034144
7 3 24 17 76774 0.960205033747525
23 12 4 9 63698 1.0919477782478457
5 24 13 22 28538 0.9021484349800201
12 26 27 21 49651 1.0430760273501727
18 1 2 26 98226 1.0070285019532927
22 17 13 12 40933 1.0882214933822834
4 23 11 7 61372 1.0265853989744589
0 10 4 23 40535 1.0594358819583598
9 8 0 10 43043 0.9141075573978336
15 9 8 12 33903 1.012876484255923
14 28 3 7 68879 0.9747373382915058
17 4 27 10 49934 1.0141922798719556
24 17 1 12 69328 1.093150449976645
28 7 5 27 94570 1.0560017487162203
20 19 26 29 44172 0.9627139617998701
5 24 22 15 70906 1.0571590958899706
20 20 17 4 65442 0.9163451507622417
10 9 29 12 61879 0.9017960857337362
13 0 28 10 69418 1.086466181314629
0 6 22 11 75187 1.0798775201614
23 9 0 9 82172 0.9353921534898824
22 12 5 17 54885 0.9876180754699624
29 9 13 27 74907 0.9937900686874583
8 6 19 2 42785 0.9515613468448231
25 14 15 29 67450 0.973047662614049
24 3 11 6 47110 1.0968537969630638
23 9 16 25 69950 0.914710856976263
21 14 24 27 54123 0.9409283198416792
13 3 27 10 60517 0.9781220135927305
7 23 20 0 97468 0.9398998198505478
11 18 21 16 34247 1.0048589874312428
18 17 1 21 58393 0.9433431182384532
28 16 17 14 40040 1.0639428880562989
9 11 12 19 32843 1.0735438013654697
21 23 1 12 80777 1.0321067057995381
29 8 6 5 81110 0.9392256230838227
9 25 22 8 83010 1.0234976181561706
22 25 22 3 73379 1.0273279243337177
7 23 16 29 38743 0.9978560584668835
9 16 0 18 30054 1.059807840228086
8 8 1 24 62743 0.9118766088916227
4 28 29 15 85552 0.9825119558761086
10 5 17 10 35865 0.9134497642931205
12 2 23 8 49984 0.9170088669989348
24 17 6 28 63811 1.0615519983633401
7 20 8 1 60519 1.0480862065822345
0 11 10 18 36890 0.9993171236596003
24 28 20 15 56250 1.0511594923171366
6 0 23 7 71213 0.98220974197721
11 17 28 29 68525 0.9244492275022752
4 14 17 29 72444 0.9137613346132382
10 7 22 15 56689 1.0039908585924107
19 12 28 21 47929 1.0542150737040072
14 18 13 6 34177 1.0033584754023146
29 2 4 9 94538 0.9702038311798779
1 9 15 10 56261 0.9841521448087845
9 2 22 1 51062 1.0831600975597107
12 7 9 26 58656 1.0282010500267946
0 0 28 27 123311 0.9270115860078704
7 22 23 21 54642 0.9182025096931828
18 8 14 24 57463 0.9270714530797837
16 10 13 28 52791 1.0291187376640036
2 28 23 2 117992 0.9764761306461867
28 18 16 8 53593 1.0635301293605912
13 27 5 9 64967 0.9910699763568738
28 25 1 22 75456 1.0303736804119075
4 13 1 24 31459 1.0507629171890012
4 4 25 9 72797 1.084638758821196
19 0 20 10 51944 0.9521193190915546
11 17 3 13 27853 0.9125951728980888
11 8 14 19 34464 1.0787507153020786
27 28 11 9 85223 0.9731906290982206
13 6 17 20 49752 1.016306660297671
8 24 24 25 46639 0.9626568459867298
0 23 28 14 81673 0.9625497635437893
3 18 27 26 80037 1.0126985978645735
3 9 12 13 28523 0.9645154938345274
12 18 6 4 50497 0.944232811489663
9 24 20 29 50041 0.9435948635991886
24 6 0 25 100312 1.0023667840165225
1 16 18 3 80765 0.9549195269015094
9 5 18 24 70969 1.0841228456670944
0 26 29 25 75721 1.069141339500309
25 11 9 6 58900 0.9556291369408033
17 28 19 6 84517 0.908208331042805
21 29 17 18 59102 1.0896048870021515
22 12 4 11 51799 1.0813154683833024
4 0 13 6 41742 1.0069532292394139
17 25 14 7 60774 1.0114085158934671
11 22 23 7 76646 1.0447946635627967
4 16 14 10 40363 0.9541918276037242
2 12 12 20 40020 1.0041747415962292
15 15 0 24 60179 1.0181960390035247
29 16 8 20 64007 0.9357843952411012
10 19 3 0 57253 1.059867108984498
28 24 29 1 65904 1.0622934687584185
18 17 28 23 42728 1.0087953447687488
6 16 18 25 50942 1.0044873010716227
9 27 3 11 50907 1.0683454491989766
16 0 26 21 84801 0.9406556902317816
20 15 17 7 40278 0.9210318761502688
24 26 15 29 40711 1.09946127015701
21 20 22 2 69199 1.0168921455630842
8 14 15 19 38097 0.9613217308645355
11 19 1 3 64265 1.0018449826438143
7 20 29 25 69797 1.0618455949070051
5 3 20 9 64395 1.0812872863449727
9 17 25 29 66894 0.9621316358184273
4 13 18 22 56572 1.012178094103568
3 28 28 24 70412 1.0363709476758833
9 29 20 12 71791 0.9722414318461152
16 25 10 11 50083 1.0038237176561022
17 10 5 2 56167 0.9767404673546408
29 1 17 6 48518 0.9559159296068483
26 13 9 0 84487 1.0026540174769956
25 1 24 13 31618 0.9913757042607496
29 23 26 3 64888 1.0666859986823194
29 16 4 4 93510 1.0692834486386003
4 0 10 17 59137 0.9662890011207333
18 3 11 15 53267 1.0269628521289793
0 1 28 24 116519 1.017517211851738
21 24 14 11 60337 0.9673855054267599
9 18 3 25 27523 0.9714780336436546
7 11 17 2 54136 1.0502656291899723
27 13 5 5 73243 0.9816398159393581
24 10 24 0 30213 0.9109007103116877
23 12 1 29 99253 0.9071112364023316
2 25 16 19 50093 0.944271309909795
19 5 21 28 91903 1.0415526139825004
0 6 25 21 90324 0.9623915306861132
18 1 18 14 50086 0.9858460103270308
26 29 10 18 66192 0.9890654228680773
8 19 26 22 56063 0.9156376904143068
16 16 23 2 64862 1.068240426680745
29 8 9 28 95350 0.9584723152433892
0 19 7 6 47185 1.0053100828667352
3 1 18 27 91294 1.0819452315038567
7 1 5 11 40134 0.9849041430486773
22 5 12 24 79680 0.9399529872700365
7 11 21 28 79801 1.0411275071422914
25 11 14 1 60782 1.0756497899529727
22 16 16 23 40277 1.0955935156954175
24 29 24 15 40588 0.9719503657450954
29 22 1 9 98154 1.0728610363862936
23 10 4 12 63694 0.9245758798540588
9 2 1 23 75606 1.0648731775227942
29 1 4 21 110054 1.0025116834649388
13 2 24 22 80075 1.0089798393297025
8 21 4 5 54871 1.099346651925233
0 3 27 17 92275 1.019616420138029
15 2 25 5 39590 0.9090177791122742
27 18 21 22 28298 1.0470927206850995
14 24 10 11 45639 0.916951660521332
1 3 5 29 75799 1.0040961354453248
17 21 26 12 53245 1.055209302817451
26 25 4 7 98625 0.9580295881262004
10 27 4 21 32123 1.0656274551937097
8 27 13 7 57906 1.0907563058778464
29 13 18 12 31709 0.9985592325880931
26 5 6 28 102468 1.0589460357403377
25 28 24 7 60660 0.948888687154389
14 5 29 9 57038 0.9455833446142912
16 23 22 14 49653 0.9862688979716361
18 24 26 29 35513 0.9690552787407494
1 17 25 7 82825 1.0092435983728298
13 16 19 28 44774 0.9247075353744527
23 11 26 0 39053 1.08392864407418
5 29 25 1 112229 0.9202286767557879
25 28 19 15 55788 0.9721577032945489
26 5 2 2 79489 1.0982956693174037
7 12 25 0 80025 1.0378586310869842
20 9 27 3 39151 1.086940187414101
12 15 24 13 35455 0.90706688733945
1 10 27 18 84640 1.0643316209536637
17 6 0 29 89215 0.9361031513581117
9 4 22 14 59663 0.9447487988438871
6 27 2 13 41074 0.9265736983968609
4 9 11 1 51289 1.0377963055227377
9 25 10 6 59974 1.0756856148665688
22 1 7 24 100879 1.0507694103487275
24 23 18 12 50871 1.0660090729401264
28 5 13 26 81492 1.0097902534887881
25 11 7 0 80260 0.9838338499081625
16 24 24 17 39077 1.0646601006117233
4 11 19 10 54581 0.9671996686086883
26 26 4 1 112966 0.9669250575076633
27 12 15 18 42456 0.9016850723500408
17 28 26 23 41709 1.0032445116592994
5 7 28 25 103388 1.05382515646426
22 16 11 1 75424 0.9118060856107427
29 29 6 15 98364 0.9390359566689415
7 8 27 17 75142 1.0498485124935502
11 27 2 6 68532 0.9533316782499446
25 21 13 19 36038 0.9941996942274681
17 0 3 2 57743 1.0507323244011537
7 4 7 28 72867 1.0475532951262685
3 10 19 14 47419 0.9864399284604126
18 7 24 1 38581 0.9928439719553135
0 4 25 22 96400 0.9913139966173274
29 17 17 13 38850 0.9498401477561463
10 25 26 3 91112 0.9203085162874994
1 10 20 6 69594 0.9293192943033677
7 16 5 26 33255 1.0652131659067532
23 14 19 3 53789 0.909603786726252
28 21 27 11 27502 0.9633452715903235
3 28 13 17 45204 1.0371125264878323
3 7 10 21 48736 0.946198079880395
26 3 1 24 109851 1.075548999198607
0 10 28 21 89930 0.9540588573432116
17 9 25 13 36887 0.9294315564183423
11 2 18 8 37101 0.9628983216507422
16 2 0 7 55926 0.9966300750729247
17 9 20 19 44247 0.972306277887529
14 1 8 12 50719 1.0153771253093298
0 13 20 23 74114 0.9646996915280637
13 24 22 20 40776 1.075663629290029
5 13 14 1 50298 1.0005694880323899
20 12 0 17 63468 1.0065413118685351
10 14 27 5 70178 0.9781874953711486
7 17 29 11 72618 0.9087907691821493
10 7 26 1 60075 0.9018310583806839
1 25 21 1 108485 0.990347506717424
21 27 26 17 36342 0.9116827831633486
23 13 16 26 59964 0.9718103935494684
18 12 21 28 73321 1.015255013738619
27 3 9 7 63741 0.9596123630467464
9 1 13 22 68243 0.9951898632698423
0 6 11 24 69923 0.9876315712727086
4 18 23 20 52563 0.9376825227142113
29 16 18 2 74199 0.9184472948033228
15 18 16 0 55326 0.9810066845589428
17 7 0 5 54965 1.0256237260847452
25 26 16 14 52776 1.0653994941171352
13 16 21 1 69604 1.0761521923440216
1 21 7 29 40367 1.0067324104950803
5 25 25 15 68243 0.9122595186001708
10 12 28 23 74597 0.9060010406995973
12 19 28 17 35886 1.0056613799083787
8 28 10 14 53869 0.9927251799153927
8 29 21 0 116725 1.0511539251668536
27 28 19 13 63615 0.9361571103726594
25 18 2 16 58564 0.9046644759420085
14 26 10 4 62931 1.011460828868879
0 14 28 0 103259 1.0635398706059656
14 23 5 12 49189 0.9845972885941332
8 22 24 20 54862 0.922554538922036
1 24 28 18 75974 0.9982418205930083
22 0 4 27 119383 0.9876392810183475
11 13 15 28 44638 0.9667361796143907
15 23 28 24 42556 1.0129656065788675
17 17 3 29 57733 0.9688780016689107
12 2 25 24 83321 1.0090768007059991
24 28 10 7 89341 1.0932567445807293
18 20 4 19 42899 0.933547119043189
28 21 5 1 105879 1.067491617632747
7 25 15 15 47697 1.0243975118706987
29 29 10 14 90807 1.0677472469859404
24 28 27 18 33653 0.9937810784472364
9 0 12 24 78169 0.9409119622821435
17 20 27 3 73918 1.017156414337328
8 29 22 8 95870 0.9114935598840892
3 15 23 24 73590 1.0492186517957516
14 21 21 28 42632 1.0856789902632336
28 17 3 18 59633 0.9545997309222816
16 19 22 25 35800 1.064479419073069
17 9 21 19 47471 1.0557411076420131
12 9 26 27 75311 0.9544635623481837
8 15 7 28 43186 0.9792341234194115
28 26 17 3 96993 0.9172011577138915
17 21 14 6 59032 0.9825871767881807
26 4 3 14 81843 0.9675463733823977
16 5 0 2 52261 1.0364933205917766
14 27 26 20 50132 1.0675424309688715
13 1 27 4 50335 1.0991098459638344
10 18 14 4 42067 0.9660397977689005
26 5 7 23 92826 1.0617983231359973
20 20 5 26 64564 1.0442514649076649
4 4 10 13 38465 0.9688830639321852
25 17 7 13 54190 1.0111086392776536
23 17 8 22 50088 1.0828417280616567
25 0 16 12 58047 0.917005661558
0 28 17 19 62415 1.009134046222903
7 14 28 1 84224 1.0206804704151335
11 7 8 25 62894 0.9176040647676718
24 0 11 13 71347 1.0497532615153116
6 21 28 23 73877 1.0760782889388874
0 10 24 2 89865 1.0158015550264414
29 22 5 29 76330 0.9693735723843732
29 5 24 20 51721 0.9589643416388961
29 3 17 16 73921 0.9533026874243044
11 1 2 23 82079 0.9916741758610985
13 25 27 14 58998 0.965091781345988
18 9 6 20 64080 0.9902675354382766
23 3 23 14 40258 0.9712585882929924
14 22 27 8 68247 0.9569729788062789
28 14 2 13 64289 0.911324935582214
11 19 0 8 50990 1.0688775377413293
6 11 0 25 49923 0.9304551469800169
4 7 9 27 66189 0.9582000947528919
14 15 3 22 44524 1.0732617116766534
7 25 28 21 64717 0.9448620341854987
29 17 20 22 36806 0.987399369591965
9 27 16 18 31652 1.0928762173927276
2 17 28 6 91263 0.9412117614981637
27 8 17 24 74486 0.9189956307488586
8 2 29 17 91909 0.9352707754297862
28 22 20 13 43522 0.9244453554366091
22 13 4 23 67206 1.0535095172385947
6 1 9 20 66794 1.0056147829179738
12 3 20 25 73715 0.9739032342010765
28 21 15 25 43696 0.917120706164307
21 2 18 16 67223 0.9674470062043939
7 21 12 4 51923 1.0405143120470384
19 7 6 15 62827 1.072931158680086
15 2 27 24 92913 1.0200044780847932
8 15 14 11 33049 0.9432802904304284
26 26 25 14 34778 1.0127731316056676
1 23 3 11 35115 1.0309013404937555
25 7 0 2 83153 1.0374340008207459
2 13 11 20 40160 0.9712143457390597
25 24 13 21 41992 0.9099785064829116
16 21 21 0 83599 1.0957143257898911
3 0 15 28 86993 1.0645282218610497
15 23 3 5 67324 0.9789260798564735
18 4 0 10 63702 0.9832736466825942
13 3 7 28 74986 0.975849371422479
12 10 25 25 65536 1.0495299739476205
29 20 2 12 86150 1.0947807035088546
7 2 27 22 98286 1.09467832186323
5 17 25 0 91233 1.0854633900794561
22 5 15 2 34068 0.9193775072685738
29 23 11 11 80994 0.9743986171759798
10 14 26 20 53378 0.9441340131607291
27 12 21 27 54096 0.9754731189589183
3 8 11 15 37459 0.9473162112718672
7 23 24 13 66875 1.0344430110561817
23 18 13 9 48021 1.0427158995622077
29 15 2 25 84612 0.9561918007358869
24 14 3 25 74556 1.0318936543178405
13 29 25 8 76101 0.9244872076332266
24 3 23 18 45814 1.0012244945239417
15 2 29 26 106415 0.9565758945662196
18 15 16 0 50860 0.9985509892386003
13 29 22 6 83105 1.0524201063747154
4 15 27 1 92567 1.0516159203022706
8 21 9 3 68283 0.9177385053453634
6 0 23 7 71213 1.016622390595733
0 15 5 29 47306 0.9041241244887895
27 21 5 2 101032 1.06607569189804
10 5 18 15 45706 0.9900657486945956
16 2 0 11 65653 0.9347236083207267
10 22 1 25 28711 0.9184415803458444
1 3 24 29 118688 1.0635973544631347
15 7 18 17 39609 1.0305781532053944
1 28 16 16 64476 1.0090863532738512
29 29 21 9 82037 0.9016421475420929
28 13 10 4 66102 1.0097171135908192
5 14 27 8 74834 1.002870116235652
1 25 22 28 66956 1.096648112415327
19 17 20 4 60956 0.9154774049273721
25 0 10 14 75401 1.099951954455214
9 4 16 27 70637 1.076348339606857
5 22 23 13 66773 1.0346986289737887
24 8 1 12 76812 1.0054316358353226
15 14 11 4 37185 0.9538387377147444
23 0 5 7 76415 1.0153788717706227
2 4 12 1 40235 1.0503769245982135
10 1 14 11 44539 0.9251133811742008
21 21 19 12 50086 1.0938732651502614
25 29 5 5 106313 0.952831829519467
22 18 13 5 55568 0.9533147062949076
25 4 8 4 51679 1.0019612681808667
18 2 2 0 62473 1.093276523147749
12 9 3 7 34056 0.9393394893368567
18 27 19 7 80380 0.971870493500639
17 29 15 15 57421 0.9210494835679999
24 0 9 1 63927 0.9185275054272839
0 1 28 25 117182 1.000225075720108
23 15 15 2 63135 0.905447211155309
1 22 12 23 34386 1.0393215915308607
16 29 27 19 58217 0.9670842127794927
12 28 28 11 70352 0.993654325942978
21 8 10 22 74552 0.9945179570722527
13 5 19 23 65823 0.9572463584960812
15 27 0 10 68902 1.0690321737779096
9 29 25 6 93325 1.061564211159252
8 16 28 24 71095 1.0443203914416892
7 4 29 5 68741 1.0685697642094922
20 29 0 29 69470 1.0633020408165121
27 10 9 3 76169 0.9970302749182578
22 16 5 29 72327 1.010053446820035
17 6 27 8 38649 0.9463894364634798
12 5 25 20 63662 1.0669554476682288
26 24 22 10 52098 1.0945572751772565
17 22 12 29 27789 1.0228427537273688
3 16 7 23 25796 1.016601269963626
20 14 0 13 52300 1.0305228721847133
9 11 26 3 75063 0.9881987961230175
2 29 27 6 116591 0.9956547027307222
20 16 14 29 52518 1.0278854914970106
3 3 4 16 35036 1.0513559421328806
14 18 7 14 26977 0.9378582709069101
8 29 20 16 64996 0.987537275474024
7 24 18 27 36179 1.0235452266504153
20 10 7 13 46139 1.0700374849194216
12 27 1 16 56936 1.0691078884133054
2 20 26 9 83586 1.0965878422629451
27 3 8 7 68446 1.0121161398152487
20 7 9 1 55481 1.0273114833315926
0 11 18 27 75828 0.9108194563835237
9 12 4 2 43930 1.0808230554059146
24 24 6 19 63947 0.9712831385195034
6 17 29 8 82092 1.0904583580490752
24 23 27 6 55800 0.9629330554368659
21 19 26 9 38232 1.0975194545384446
22 4 12 19 65113 0.9069817834970916
9 22 19 17 38197 0.9302474267776137
21 12 16 17 30997 1.0213631462574913
16 9 6 7 40444 0.9924647887684171
21 9 15 14 37809 1.0461791529296065
22 18 29 26 40132 0.9407968753617951
1 13 12 6 38643 0.9839624827417048
27 19 25 10 28890 0.9795749242386215
22 24 20 13 52154 0.9052358372129611
9 28 1 19 43930 0.9229525011863591
9 21 17 19 32375 1.059682255640613
12 10 19 16 36131 1.0335443838124545
25 0 12 4 49160 0.9693937781469045
7 0 1 11 49551 0.9967527215905908
8 2 2 9 35866 0.9257403932264515
1 18 24 28 84124 0.9023190300784805
7 25 15 11 59067 0.9121389242234702
10 3 7 24 69898 0.9264064298326408
11 21 18 27 32572 0.9333983392237291
3 8 4 25 40849 0.9245533880716242
21 1 6 15 80900 1.0411042067052907
7 23 17 10 64190 0.9532166867790512
11 29 3 6 78476 1.0048096809996228
1 29 1 1 73776 1.0135608176244135
4 1 26 20 96362 1.0915167706958118
26 23 8 0 107957 1.0814770209299955
16 15 24 29 60067 0.9185526403914606
29 2 13 13 71226 1.0101174057930666
11 22 24 5 77495 0.9001286123670933
14 28 7 11 55981 1.0190402180917812
13 15 18 26 37765 0.9785529336094221
8 2 22 2 52578 1.0542598958240472
3 9 23 20 70838 0.94265900014261
27 6 5 15 82848 0.9871240642170623
6 7 0 16 45415 1.044805451342372
9 21 16 8 57406 1.0871138984712914
26 17 13 11 49998 1.0804808842152858
18 14 26 5 47391 0.9172025894712615
8 17 0 29 44347 0.9687077513403686
9 10 22 19 60252 0.9298119027553431
22 20 11 0 82933 1.0992955308854975
19 29 2 9 87752 1.0434350781526163
21 22 8 26 49092 0.9753036570323702
9 3 7 22 64544 1.0356151059795022
3 24 26 13 80575 1.0996528069153044
10 2 15 7 33697 0.902823246092767
24 6 15 8 34616 1.0984930652371678
27 3 8 17 85775 1.0862263367693483
15 8 4 17 49008 0.9158070861006762
8 5 29 11 81515 0.9410591384654935
27 4 2 21 104185 0.966501405428737
16 3 0 26 85048 0.9971998424076949
28 25 1 16 88792 1.0881504622379008
21 29 1 14 95764 0.9397102537361468
24 1 14 29 99819 1.0100434067551591
28 19 12 9 58976 1.019267624601556
2 29 28 21 86755 1.0758714487495469
25 15 4 16 58962 1.049824575173491
26 11 3 18 73728 0.9510901335852348
3 8 14 25 61672 0.9458578953003323
26 9 17 12 40372 1.0362818434393684
3 21 16 24 43715 0.9109169292522376
16 24 26 12 60629 0.9784313820356927
14 18 20 2 66151 0.9764479790632459
19 0 12 15 59326 1.0230037128753988
29 27 0 4 116753 0.9237891189874134
7 7 22 21 78668 1.0568973223210072
9 11 18 14 36656 0.9955357843328849
24 17 9 11 59598 1.0287604384673186
14 1 0 5 53382 1.0525356822732865
7 15 1 19 22738 1.0823140059951823
7 14 17 22 45721 1.025487961660597
17 16 6 5 59264 0.9887846751915969
4 14 20 14 45202 1.0083733285688556
17 26 4 6 81775 0.9094324366882931
21 16 28 0 65762 1.0862937268883324
28 3 7 10 79530 0.9669558551771247
21 23 17 3 81887 0.9837358910014227
20 28 11 18 48777 0.9080190808352171
1 16 19 13 55985 0.9402608006837919
24 2 13 4 41741 1.0202155307091607
17 2 9 14 51158 0.9219012030193292
29 16 19 7 61363 0.9907387471864569
17 21 11 17 29099 1.0475223350715117
26 26 22 2 75967 1.0829039284653958
4 27 7 10 53327 0.9729607109094622
23 5 14 7 34599 1.0529576757925856
17 2 18 26 81971 1.0380371958155996
18 14 27 11 34843 1.0392597488844213
10 29 18 6 79118 1.0193844367105278
23 1 1 3 85138 0.9534732588249248
20 9 5 22 73761 0.9414716781585052
25 0 0 23 111899 1.0331249099496074
27 20 23 28 34733 1.0057132063189054
22 18 6 7 70121 1.018875889341825
18 2 11 19 61928 0.9859886958878337
4 12 2 22 29087 0.9673502856347704
17 27 13 8 58367 0.9029385367304621
15 15 4 5 55906 0.933841397141663
1 23 29 13 89413 1.0569820632225813
5 9 18 9 48520 1.0394046064545324
9 29 17 21 45019 1.0814365650619553
8 3 0 17 57058 1.0208366638790602
15 4 6 23 72008 0.9169640695723092
4 5 20 17 72918 0.9656738379488132
11 12 14 21 30546 1.0096388387787383
4 4 11 26 77103 1.079884137908894
24 25 27 3 66184 0.9304984337637852
14 11 28 29 81906 1.0549968746667535
20 2 10 11 59117 0.9277228959299872
25 12 8 29 80962 0.930471471573745
26 11 25 22 37844 0.9426435958560027
29 15 11 27 65850 1.033356642231822
19 13 7 0 60393 1.0427371779411212
20 12 28 25 59520 1.013942347144623
20 26 13 29 31573 1.0031895025316844
22 0 10 14 75898 0.9977504979041174
6 21 29 25 71178 0.9226850809887507
2 12 21 25 76455 1.0626447213995003
6 24 0 8 54701 1.092394945433017
6 29 3 10 56905 0.9119110125918884
22 7 4 6 56541 0.9907226932331831
22 28 15 20 56340 0.947297878559091
16 16 28 11 44772 0.9470318760836323
24 11 6 20 72792 1.0657877398197695
21 12 2 15 59011 1.0926461131560916
29 9 5 7 83778 1.00850501349352
13 5 22 27 80984 1.009248656699313
18 15 10 25 46714 0.9217010744011019
17 19 25 27 42822 0.996101579649279
8 28 23 11 82092 1.0393522829827164
25 18 6 15 53794 0.9870458319656717
26 20 8 5 75923 0.9382566846588452
11 13 25 1 64674 1.012479518236777
2 26 24 17 70548 1.063073978203811
22 18 13 6 51715 0.9111139341522173
1 19 11 20 34425 1.0220162921894151
20 17 26 13 30789 1.053316872586744
22 16 3 0 88696 1.0054053614750784
4 22 17 24 42134 1.0939620596587896
21 8 26 20 50403 1.0833250044814033
25 6 2 9 74072 0.9399665119661919
26 21 16 11 53185 0.9946760565129666
18 7 13 24 59030 0.9158048299137375
29 27 3 7 103986 1.0286489376621892
9 28 6 6 74772 1.0677497784261392
3 24 26 26 63943 1.047653040343281
15 25 28 15 54100 1.0682174103370905
15 26 14 17 28918 0.9837830596320337
22 5 15 0 39614 0.9076059476399215
0 7 23 27 100750 0.960408601032476
28 12 9 4 71685 1.0720342724755905
19 29 8 13 69208 0.9482182307677656
2 23 27 13 82790 0.9369961121559651
5 26 17 15 62114 1.064552418849087
9 4 18 14 47329 1.0554265581877285
29 0 24 15 56976 1.0404697663766942
4 21 15 10 61920 0.9398732191467978
6 17 3 25 25072 0.9089514339087346
18 0 7 1 52030 0.9954525703132231
7 29 24 16 66504 1.0759931170151749
18 11 7 4 52409 0.9229155979513881
27 22 10 6 78797 1.0619645951630456
19 20 18 6 59145 1.0976575008106708
16 27 26 16 54690 0.9581134930170788
20 16 6 22 53202 1.0373022295672962
2 28 14 0 93565 1.0950740418608926
2 22 8 1 67620 1.0148299785325383
27 14 18 10 39922 1.0713230761262007
21 17 2 28 71765 0.9541563892132285
17 19 11 24 28849 1.071456810759859
19 14 29 12 36796 1.03441123214654
22 14 11 7 49788 0.9355447640248858
15 17 18 0 64208 0.901637237997112
11 6 3 16 42787 0.9496254395128265
8 25 27 24 52830 0.9309007744586435
28 26 10 2 103681 1.0222176347578484
15 28 9 20 39084 0.9446206730410313
26 18 3 9 70199 1.00736732658899
16 20 7 12 42138 1.070865439901082
9 28 5 5 77267 1.0193814385658186
29 24 28 12 35726 0.9764654200191601
0 29 15 23 51482 0.9931157857518158
10 12 23 28 76342 0.9516474585555917
19 12 9 29 67683 1.077746084805285
16 19 8 24 37052 0.9119328372307826
4 13 7 29 51413 1.0662831598426514
2 1 7 13 39417 0.9092601455204409
29 19 22 13 31414 0.9004606152936308
8 6 28 8 64986 1.0621869667022046
20 26 22 5 78714 1.034213098056059
8 11 27 6 77910 1.0829300220137075
14 10 5 2 45735 1.0724625744334444
27 0 9 20 98852 0.9861350808168506
5 4 22 23 95225 0.9109693906373205
3 23 21 28 62292 1.0823553935140842
11 29 21 23 47010 1.0108780672893978
23 23 6 26 61395 0.9915097473808604
26 21 14 16 41595 0.9133695482457738
25 26 23 11 48674 1.0225931689222754
18 26 0 18 65252 1.089679304074351
13 12 10 21 32785 0.9689283627004468
8 16 21 23 57993 0.9422550956361047
9 22 26 18 49657 0.9284123514193816
20 2 11 25 85886 0.9715245245248308
22 20 12 4 64670 0.9193984475875018
2 16 19 2 80340 0.9548657373973497
13 5 19 24 69697 0.9418891960912052
23 21 8 15 62079 0.9065357746938919
26 9 14 25 70864 1.0419039503986625
9 22 16 18 26814 0.9485941864796879
17 28 22 19 49270 0.9379192835576737
19 15 20 4 51152 1.061044178194259
17 5 26 3 34905 1.0231100354829805
7 27 24 21 57593 1.006042870288441
18 8 23 14 36828 1.021726008479674
15 17 1 7 61943 0.9025664688893941
18 19 6 28 50502 0.9061373351955911
29 6 7 25 94505 0.916229383325602
27 9 9 2 74144 1.0744197207614616
3 0 18 23 87830 0.9159372127858415
5 4 21 18 72553 1.065815814831357
13 29 26 20 56122 1.0898320658749578
12 0 27 9 67466 1.0768259483008893
17 9 11 5 29849 0.9503165261983562
0 27 27 13 92507 1.0059612315233069
11 7 11 23 48267 0.9158249115375969
20 20 6 11 65007 0.9312027653155697
18 6 0 7 51713 0.950972549233364
16 12 26 4 52690 0.9559281493965625
20 13 17 4 38863 1.0093489936553297
24 17 7 8 70093 1.0177892869672458
27 23 3 25 68167 1.0000893616978745
27 10 3 17 74835 1.0934974567539053
21 0 23 27 91175 1.0663887215832353
18 16 2 20 53786 1.0942887612583527
11 27 15 6 62041 0.98082183575915
23 3 16 8 38597 1.0462905255946873
7 22 28 7 83752 1.0811596955753409
22 6 0 1 72693 0.923074748046337
24 17 4 25 63886 0.9375996345592317
4 18 12 10 38575 1.0101776413085621
8 2 28 27 112895 1.0524751939848136
16 22 25 10 53100 0.9283149318536729
29 13 20 12 29312 1.0219747777835062
13 29 19 12 56373 1.0478406992576577
6 9 29 0 94323 0.9380756692074271
3 28 22 13 77347 1.017342544405012
16 0 28 8 58514 1.029329188565296
2 14 21 5 72480 0.9346777034891971
20 15 4 3 73312 0.9809522307134793
6 11 28 9 74907 0.9498762890485907
14 9 25 11 43220 0.9882296897211741
14 15 22 5 58264 1.0827412588189664
23 19 12 15 36647 0.9648269660831397
26 29 26 0 83339 0.9555575054358901
0 15 13 24 53024 1.0842950463117274
16 21 10 15 32821 0.9535445072512665
17 26 17 9 63063 0.9381605515095366
23 25 6 15 68227 1.0946413518872238
16 17 15 27 31571 0.9399190025109954
9 19 20 21 44888 0.9101098325330732
20 16 13 12 37025 0.974225104094102
12 22 4 14 39429 1.046781527209435
18 23 27 9 61015 0.9384364529798146
21 19 28 10 35282 1.0523673266034448
1 4 18 11 67468 0.9425310539070642
7 7 25 25 88780 0.9439178154849864
16 13 8 22 45936 0.9023573040697043
2 20 14 10 51755 1.0945482617773135
23 12 1 17 66530 1.021497378254443
11 20 29 28 70605 1.021038547630567
0 25 29 1 123703 1.0600420771135133
10 6 1 3 35314 0.9423931584089215
21 9 19 22 64211 1.0958641418998567
14 13 2 23 52880 0.9503165027056519
3 2 19 4 52184 0.9630703304377651
28 11 16 1 63005 0.9103720614945584
21 8 16 21 60995 0.941815441529141
24 4 6 3 57383 0.9729826429181104
6 27 17 17 44678 0.9832913652410828
29 27 15 21 55556 0.9033938614722198
22 10 29 6 35070 0.9282026994321573
10 2 10 25 73074 1.0253255421987069
14 18 26 26 47490 1.0620872376512194
11 22 0 16 43599 1.0723847607130208
2 5 6 26 62586 1.0819057394986407
21 18 3 3 72991 1.00543062766162
13 13 27 18 45649 0.9537334377716306
9 16 3 1 51626 1.0515734279744269
3 13 1 22 26910 1.023771395361079
20 21 1 10 84803 0.9090214078949308
18 24 27 29 40436 0.9677435318452412
17 1 15 23 75122 0.982008408438426
2 12 26 21 76752 1.0699882730870316
26 29 11 21 59826 0.9928609443163117
9 24 13 1 69359 0.9230797657479562
1 28 4 15 42318 1.0995114672815158
15 12 8 20 43553 1.0253489978121155
12 29 12 8 50636 0.9341148227989046
19 27 0 9 83755 0.9751801380084115
15 25 11 10 48919 0.9153507259328443
4 10 11 4 41522 1.0828686144401094
7 23 2 18 26079 0.9571464486556721
22 5 28 24 67600 0.9438518435379077
8 19 27 23 63901 1.072700488014045
21 24 1 6 92363 0.9600643391652304
27 16 8 24 64412 1.077218970885182
16 10 0 6 55237 0.9429296098561982
14 2 0 2 46414 1.0053880624512705
20 5 28 3 31001 1.0689785432799097
17 12 9 22 51097 1.0715908169250892
24 2 23 25 66867 1.069222464618993
23 26 17 3 96226 1.000666183512914
27 4 1 0 93027 0.976352040151348
24 5 29 28 77599 0.977800773980117
20 20 13 26 40809 0.9243490099075814
10 25 21 20 49248 0.9932604157667242
9 26 7 10 52384 0.9311792024200728
9 15 24 24 63585 0.9190751660632169
0 29 22 5 110135 1.0014723845437572
28 27 14 6 92428 1.0962950078993157
1 9 12 28 70154 1.0288616849034882
10 21 2 1 66430 0.9180712661502629
10 18 25 14 43632 1.0770997389984331
26 12 27 21 30339 0.9907838703619698
6 19 18 9 57762 0.9418317913020346
27 29 13 2 106634 1.056874537436452
14 24 8 0 81184 0.9735906914033695
28 19 5 25 71931 1.017187902324016
16 18 23 28 51985 0.9969789955220473
9 4 20 17 64144 0.9669139343523758
12 4 3 21 58955 0.9117838113855945
16 26 7 1 81813 0.9204717920371172
17 7 4 0 58993 1.080742985322976
21 1 9 22 90905 1.0781021008303906
13 29 20 20 48566 1.0518800726700963
2 25 22 19 64703 1.0258626746704198
0 4 18 13 60215 1.0894141917124593
16 2 5 29 94686 0.9816399384054284
19 5 5 18 68877 1.0094230329032716
11 28 19 3 86584 0.965173476782721
6 0 15 21 78581 0.997381492062876
20 17 5 3 79140 0.9341791330372732
3 4 13 18 54164 0.9928306653801195
23 10 2 15 72465 1.0381476134324426
22 11 17 17 36590 0.9629109593729435
7 22 29 7 89322 1.0796715190533086
13 4 17 23 62661 0.9988643886246127
22 9 3 16 68546 0.9026862327845845
1 14 16 10 50422 0.9173189921331991
25 1 18 20 65286 0.9040177345229427
16 14 21 22 39085 0.9463359900336918
29 6 4 2 82915 1.0262577291190376
24 19 2 9 71555 1.0109320786740674
12 19 24 26 46312 0.9617497061366944
29 15 20 18 29297 1.0130870688540672
11 8 20 14 40568 1.0028459045271267
26 29 9 25 55780 1.0468862169960202
25 3 13 6 43584 0.9953944821427229
18 19 29 2 68259 0.9781838872089705
26 1 29 28 85205 1.0830978416094654
11 16 7 24 35109 1.0904915913201159
2 2 24 6 72386 1.019332113267323
27 20 10 19 48479 1.0164222392354967
15 16 16 27 38220 1.0916679496233312
18 8 27 4 39891 0.9942678505514819
10 4 1 10 45040 0.985557378395535
27 15 14 2 74150 0.9420946229747398
4 16 7 28 41617 1.0278323627474686
25 26 8 5 90161 1.0925660999665054
16 8 0 24 72223 1.086148570680124
19 23 24 3 75940 0.9836613010125094
2 6 8 23 54646 0.9741729067681415
14 28 0 28 41133 0.9440083768816754
10 13 0 22 38004 1.0058677414001151
27 7 15 1 54691 0.9050298467686427
12 16 11 6 24482 0.9920490437675302
13 26 5 12 51623 1.0159931798021404
0 18 4 29 35232 0.9332885156020438
10 10 1 29 72323 0.953129860619562
27 13 17 17 38804 0.9611128108213164
24 9 16 13 31949 0.9376546866513953
28 9 23 29 64869 1.000836111489963
25 4 10 13 61684 0.9835241913657886
17 25 10 16 36978 1.028529996247587
13 26 27 12 62887 1.0190255054129933
7 8 19 11 54810 1.0782534827908061
23 11 8 22 72675 0.9555616343904123
3 1 29 20 106354 1.039872562445137
1 2 29 10 106450 1.0103609537969642
7 4 17 10 45550 0.9001303523928449
20 17 6 5 68157 0.9320172429542869
1 29 18 9 95233 1.0608229780776477
20 0 21 16 81691 0.9988719663605997
5 23 12 0 76172 0.9410241166147271
27 10 1 29 110589 0.9846423543251481
29 4 24 15 44262 0.9719445391618391
10 19 7 7 44197 1.056229332356223
6 6 22 28 95355 1.0321551898423542
29 2 14 4 52737 1.0827069546331045
21 18 9 17 28498 0.9036294176829603
21 2 1 7 74687 1.021064373756961
3 16 27 6 85038 0.9442641794289982
11 27 17 5 69633 0.9286063371280725
0 18 7 23 29940 0.9407350028394039
5 22 7 5 55011 1.011680629169574
19 13 29 3 52337 1.0243075438193343
12 24 28 9 67832 1.0058947189905656
1 8 14 22 65002 0.9827876853967222
19 0 24 24 90634 0.9330117566243799
9 18 0 6 44278 0.9467464100280389
14 27 22 25 27230 1.054889845453612
20 28 25 14 53260 0.9306293133139769
12 3 12 14 27325 1.0279041114014438
26 10 7 8 70730 0.9936390689961467
1 16 8 5 51962 0.9502228136313482
22 2 14 0 35061 1.0694033645809644
22 13 23 25 43568 1.062907489245703
7 23 0 26 24514 0.9857745595322791
1 26 22 26 65952 1.0432455293929446
10 16 5 3 56805 1.0496531000624705
15 3 4 29 89086 0.9997257812228582
9 17 27 9 66957 0.9986409522229954
18 28 24 24 30303 1.0250343754829927
23 3 7 9 64396 0.9878814204069761
23 25 8 17 54776 1.0430918877899265
13 27 8 10 59315 1.037388048844378
19 0 4 26 105422 1.046601853037067
18 5 3 28 87939 0.9090336021680072
8 24 1 1 72201 0.982354509736634
25 24 20 4 67246 0.9250594164265157
1 3 23 27 110913 0.9755972377511466
20 23 9 17 45206 0.9112512687123563
4 0 23 10 88577 1.035090057059377
7 27 27 28 57051 0.9917695158881011
15 28 18 3 83319 1.0022954612408477
1 27 22 1 115219 1.0496099633559035
11 2 10 15 45176 1.07432062776381
9 6 16 24 59895 1.0596471319622702
17 28 6 19 54568 1.009649407717801
26 4 15 4 35753 1.0123680262310388
14 14 28 12 41573 0.9340478730406273
16 22 17 1 67317 1.0148696069405767
10 27 11 16 35993 0.9138814550768318
5 1 2 19 49100 0.9523552744981226
6 0 4 25 72863 0.9526197379412057
26 23 19 10 62882 0.9368842151697845
5 3 22 3 60455 1.0052339031751123
11 18 1 22 33915 1.0558796007484397
28 25 3 21 71331 1.0528028093177977
9 23 29 17 59416 1.0179119674452308
22 13 27 4 37256 1.058338061756406
12 23 7 29 29480 0.9469441253501287
2 20 15 26 52700 0.9031157975474879
11 7 29 26 94517 0.9883963102209157
6 29 2 3 77625 1.0911462843343123
3 19 26 18 57711 1.032728830002825
19 23 8 10 72042 1.0997552397643777
8 26 9 12 46286 1.081335000941811
25 29 12 24 45230 0.9482677401016928
29 28 20 6 85097 0.9182268718833045
14 20 28 12 48433 1.0691255069323384
1 29 18 22 64996 1.077449962437476
9 6 21 3 45964 1.0097824404028122
29 4 17 20 72610 1.0896897472249127
23 18 18 13 32905 1.0395563088581852
29 21 18 27 48877 0.9127963324193115
15 8 5 29 79578 1.0116483356267507
0 1 17 6 57912 1.0171442588175976
4 18 10 10 38159 0.9574656977417739
5 14 10 9 30107 1.0497977925456015
23 22 13 13 52991 1.021188296881681
22 18 29 13 24472 0.975605235985865
26 7 12 15 55770 1.0207013087526557
18 3 26 28 95493 0.9472206771596386
8 19 21 27 55322 1.0077537697702332
10 19 15 0 60985 0.9818598396268554
21 17 26 26 37175 1.0143538985791667
26 2 7 19 87590 1.034042628383478
24 3 4 21 99830 0.9188309530992004
19 18 29 3 59322 0.9806388894854288
1 28 14 25 41064 1.006078878657368
3 4 20 10 68899 0.9315955852872767
4 25 29 18 74533 0.9185986498001708
10 16 3 24 37909 1.0035107634519398
20 11 24 22 50191 1.0080184400346206
8 27 21 14 66015 1.092036277632942
18 10 9 20 53037 1.0522283873265281
15 0 12 12 38567 0.9888998844976822
0 4 18 11 67905 1.0514541526617358
4 3 2 17 40729 1.0549138683529562
9 5 25 7 51947 0.9211122253802073
0 5 4 19 40912 0.9597960094270389
19 10 28 14 41214 0.9345858343442455
14 23 9 2 66664 1.0049831933915696
26 18 29 5 41877 1.0650985495523364
7 17 12 7 34437 0.9923515230308119
18 9 17 28 71652 0.9933501104140815
16 27 26 26 31023 0.9714544473727301
4 9 0 19 31567 0.9253740188461347
29 19 25 6 42599 1.044542008373582
22 10 11 13 39800 0.939673846023614
23 28 16 22 42405 0.9001882161882342
22 21 17 5 70079 0.9563193518109493
11 16 19 9 44498 0.9074333048920301
24 20 18 12 41928 0.9507002513292422
24 17 3 20 57615 1.0095963486401895
14 16 6 1 62506 1.0221725735097122
6 21 23 3 96773 1.0663898674362025
28 17 1 16 70538 0.9496459669530036
21 17 17 29 60682 0.9620563364213834
25 9 8 12 59289 0.917066629681851
18 23 5 0 95001 1.0648974605079289
28 21 7 25 64717 0.9413303138944962
18 3 1 17 75503 0.9433170554212463
22 0 11 8 63028 1.033669873248728
12 24 0 10 60813 1.024793344704753
9 27 19 2 88455 0.9398465992833719
6 10 3 18 32505 0.9669465997820038
23 4 22 27 72727 0.9586810355848127
5 1 1 7 28854 0.9991951979692353
26 3 28 12 30233 0.9482355970495511
5 8 17 11 56593 1.091746357232155
0 24 14 8 66255 0.918040666369979
29 18 6 18 53685 0.9696219302406344
0 22 3 13 24408 1.092582375351678
13 16 7 23 30192 0.9708063531204844
25 6 17 22 63729 0.974183931090805
10 24 21 9 73117 0.9270865917114678
9 22 14 0 69655 1.0120912510985343
10 13 20 16 41671 1.0137094908128912
21 24 3 1 98624 0.9137676235452175
