5237 5245 3687 2512 5304 3885 2513 2350 2284 5681 2977 3400 2639 3406 2169 3551 4594 2963 5581 3244 3494 3708 1866 2202 4732 5022 4188 5274 2343
3074 4664 3144 2243 6005 4672 5633 2774 5082 3882 2866 3067 5548 4124 3059 2655 2449 5411 4544 4754 4375 5682 2388 4982 2262 5116 2780 4631 4755
3868 3717 3817 2388 4075 5896 2679 4874 2806 4913 4791 5385 2717 4138 5489 4746 4184 2471 5359 5570 2240 4857 2284 3280 3590 5506 3008 5409 2283
3468 4801 1207 4442 2803 1913 2406 4237 2791 2496 2582 2123 1981 1774 2926 4685 1500 2014 2781 3813 3975 2607 3910 2999 2074 3272 4718 2391 4244
2611 3395 4784 5883 4357 5527 5220 2968 2420 4055 4497 2362 4938 4910 4222 2647 5130 3816 2930 5910 3552 3157 5604 3775 3576 5865 2851 5897 2955
5313 3869 2582 5442 4002 4180 3694 4272 3729 2904 2695 2888 3286 2822 5984 5770 5260 3589 5553 4201 4487 4877 4828 5104 5657 5259 4547 3377 3485
4203 6347 5890 5562 4400 6370 4137 5414 4750 7769 5759 6142 4321 5176 6990 6775 4974 6056 6774 7711 6681 7113 7845 5326 7251 5112 5667 4127 5767
4927 5378 2526 4952 2317 2003 3337 5306 2531 4128 3160 5071 3022 1954 2921 3699 2105 3248 5656 4674 3615 2156 3465 3123 2444 3751 4207 5704 5007
2345 4881 1945 1759 4426 4883 2562 4976 4669 3951 4017 2713 4732 5257 1850 1740 2033 2252 3017 3739 2806 3650 4285 3542 2252 3139 2259 2407 2343
5646 2770 3007 4134 3639 4355 3335 2353 3855 2858 2225 3164 5428 4981 3357 3007 3876 3448 5112 2833 3185 5201 3017 3875 3847 3639 2245 2436 4647
4925 3716 5244 2778 3829 4088 4506 5905 5570 2636 3628 3269 4085 5611 4274 5545 5833 5989 2786 3300 6250 3246 4854 6062 4229 3625 3141 3411 5563
5487 3506 4015 5090 4078 5540 5017 3703 2391 2778 3993 4957 4604 2538 4495 3881 3276 4052 3970 4318 5702 5150 5943 5974 2943 3341 5046 4973 3679
7716 7957 7897 7531 5211 7443 5983 4433 6817 4495 6215 5086 4440 7569 4708 5590 5989 6403 6600 4675 6311 5892 7697 4826 8155 5241 7094 6543 6105
2337 2021 2289 4355 3216 2875 2158 3505 5137 2493 4658 2503 2513 3111 4355 2771 4495 3760 4233 2330 4162 4333 2418 2843 5165 4462 4153 3662 3145
4280 4537 4987 4244 4123 2048 1798 2544 4171 2715 4148 5105 5207 2774 3200 4000 3735 2448 3877 2402 2094 4202 4404 2840 3499 4167 2674 4965 2803
4799 5058 3807 3759 3670 7031 5705 5574 4913 5126 4890 6698 4480 4882 5286 5255 7202 4907 6445 6479 6369 6903 4409 6632 4800 5394 3932 3696 6277
5959 4046 4030 3950 6800 5946 7011 4512 4213 5719 3602 5176 4736 5355 5799 3973 6237 4273 7148 6775 5086 6894 6394 5542 5806 3630 6022 5242 4286
7351 5370 7461 8380 8041 6864 8534 6987 5862 7971 7064 6370 5374 7375 6941 6688 6541 5927 8185 7263 5290 6316 6051 6072 7798 6831 5726 5166 7801
3088 5055 5676 2936 3570 5435 3079 4534 3387 6295 5376 3731 5253 4454 4628 4596 5970 5494 3426 3172 4136 5556 5419 6093 6316 5156 5840 3836 4220
5399 5289 5813 6549 6932 6591 7813 4854 5082 4610 6036 8169 4410 6042 7918 4750 5736 6089 5496 5479 4663 7179 5011 6970 6748 4914 6216 7146 4897
6569 7906 6968 5444 5433 6746 6186 5035 6802 5835 7603 6144 5227 8240 8424 6756 5426 5697 5062 8186 8521 5879 5958 6731 4951 6175 5865 8095 5043
3195 2154 2880 5636 2275 4142 3488 4404 4895 3037 3484 3916 3173 2985 3106 2163 2895 2149 4274 4320 4439 2029 3143 3606 5152 2130 2409 4973 3791
4479 4432 3272 4579 5956 4234 4857 4952 5033 3351 2666 4774 5311 5858 3325 5902 4674 3261 4124 5927 2661 3700 3674 5361 2710 4967 3173 3658 5744
5123 7525 7013 6094 4424 4292 5854 4417 6628 6402 5245 4340 7497 6062 5746 4587 6627 5059 4053 4159 5223 4195 7307 3861 6863 6419 5220 6942 5529
6054 5347 4491 7360 6059 6922 5405 6927 5134 6249 6305 6009 5999 7341 7727 4493 4234 5596 7542 7322 4383 5111 7761 6787 7073 6438 7302 6423 5790
6264 5943 4091 4327 5290 3888 4363 4956 3805 6584 6534 3303 6685 4250 6659 5787 6696 4600 4468 4499 3100 6535 6110 6705 3169 3035 3296 3824 3875
5553 5115 5305 4703 5340 5204 5336 6101 6202 6511 6022 5091 7772 7103 7547 5619 5131 5286 6169 7574 7079 5075 6961 7412 6349 7162 6697 4965 5739
3257 7025 4124 5428 7108 6214 7007 5198 4550 3614 5787 4332 6341 5642 5260 4313 4985 6074 5914 3666 3868 4130 6342 6175 3966 6553 3385 5625 3291
5137 5465 5745 4800 7000 4820 7198 6639 4523 6367 4018 4144 7345 4292 7387 6126 6526 7419 7550 3816 3881 6055 4876 7618 3983 6162 6875 6210 6650
5555 6038 6717 5780 7074 4124 5154 5783 4638 5873 5313 6884 5466 3434 6928 4391 6841 4674 5642 3389 5003 6895 3507 4124 5809 6650 4675 6642 5259
3573 4387 5640 3036 3163 6457 4515 4850 5998 5346 5154 6990 5324 6575 1318 6377 5294 7208 6770 7569 4432 6013 4228 2818 4012 3083 3360 2648 4398 4860
5966 6510 2254 4610 3471 7201 4644 6384 3637 5465 3317 4321 7038 4633 4565 6276 4981 6911 5192 6390 4578 7189 3372 1764 5134 2707 6187 3965 4050 7441
2560 6489 2513 3494 3909 5244 4636 5520 5299 4462 5931 4260 6487 6459 3292 4515 4830 6190 5312 6221 3841 8350 4643 2175 5540 3145 4347 3850 4793 4848
4381 4370 4238 5373 4863 4060 4343 8324 3460 3654 3288 5591 4118 6634 3749 5725 7448 7652 5517 5838 4003 8274 3997 1828 3925 4840 6446 4310 4701 7035
4202 4757 5777 5340 4704 6902 6307 5153 5937 6098 5136 3610 3954 3379 2419 4827 6044 5419 6774 7091 5370 4961 4527 4229 3827 3492 4261 2366 5176 7322
2833 4345 5305 6234 4055 6885 5345 5313 3934 4799 3987 6170 4420 4002 1656 6659 7902 6894 6018 6971 4388 7721 6294 4950 2369 4301 4961 3823 4078 6198
3329 3911 3132 3713 3916 3866 5328 7155 5164 6832 4310 6589 4433 5992 2131 4209 5491 5562 3725 8162 3848 7771 4954 2715 5652 3534 6358 1657 5817 7427
2416 3378 2852 4176 5545 3414 6338 6513 3581 4137 3628 6428 7285 7066 3737 6051 4749 7435 5047 7922 3342 6175 4926 4926 2922 5116 6350 1421 7517 6965
4507 6878 4081 6176 4917 6276 5183 6585 5610 6335 6859 4831 4760 7034 4193 3879 6407 5041 5549 6477 2730 5061 3984 2100 5546 4243 4419 2759 6828 5546
4661 6249 3412 6172 4812 5963 5168 6899 5494 3439 5017 4209 5892 4271 3480 3413 7346 7871 4939 5104 4481 5037 6104 4031 4023 5068 5307 4683 5084 7192
6141 5777 4845 6345 5325 6391 7289 6176 5990 5214 6194 7094 5756 3462 2657 3766 7864 5863 3355 7448 2754 7490 5514 3073 4771 5563 3921 2028 4493 5711
5759 3641 3695 3901 6490 4529 4195 6146 6841 4627 3584 6727 4600 3574 2093 4231 7473 7743 5827 6041 5004 6698 3475 2388 5775 3784 6574 2268 6829 7766
2959 5404 2415 5803 5139 6557 5595 6246 6962 5077 6589 4162 5516 3513 3865 5248 6675 5900 6020 6911 6046 8183 3391 1796 5370 2148 3676 4167 6793 6690
4477 3895 4023 4516 4227 3672 5162 7823 3698 4492 5714 4095 4691 7045 4976 6692 7830 6912 3420 7459 5963 6036 3185 3915 5014 3426 4023 3077 4924 7803
5273 5070 3293 3449 4889 4842 5117 4721 5266 4727 3677 3591 7550 3737 2845 5710 7084 4542 4154 7775 3348 6407 3387 2560 3992 5423 3845 3509 5020 7549
3366 4502 3549 6166 3417 3911 3928 6702 5033 4276 6246 4906 6352 6945 4959 5608 7673 4601 5481 6986 3747 8133 3430 2528 3497 5005 6773 2232 6256 4651
2555 4406 4283 4507 4061 6760 6889 5593 5416 5988 4383 6726 4874 4715 3293 6228 7455 7888 5120 8047 4228 5121 3617 5086 2862 3702 6889 3213 6202 7319
3832 6267 3408 5017 6489 6284 4416 7163 3888 3270 4685 5282 4357 5249 5007 6776 6686 6451 3410 5447 5268 6409 3251 4024 3127 3529 5430 2447 4025 4572
5130 7069 3940 5035 4430 4283 6306 7140 5458 3158 6904 7166 6884 6559 1794 4133 8365 5221 5553 8234 2952 7402 6417 4698 5205 2644 6050 1673 7172 6940
5022 5309 5989 5587 3224 5286 5182 7408 4588 4071 4675 4709 6757 4274 3513 6883 6448 4862 6382 7551 4310 6534 4139 1871 4449 2343 6629 3350 4396 5618
5559 4604 3275 5035 5437 6413 6121 7944 5454 5509 6273 3846 7390 6908 4317 4121 8084 6973 4476 5347 5907 5768 5300 3108 2979 5542 5672 2134 6558 6456
3295 4368 4622 6474 6656 6428 6880 5291 3161 6701 6013 3524 3955 3359 3379 4886 8430 4707 4976 8398 5970 5893 4246 5048 6161 4650 6557 3644 4149 6511
5548 4086 4077 4887 6104 7143 5147 7661 4953 3583 6593 5354 5127 4218 2205 5393 6150 6866 6906 7309 2919 5801 5408 5103 4874 5092 4086 4472 5558 5473
4165 5934 5788 5080 3380 7115 6403 5044 3258 4046 4290 4950 7429 5156 2347 5880 7064 5435 6441 5684 3598 7505 5669 3617 4019 3635 4038 4090 7408 7412
5179 6616 2360 5698 3984 5426 6777 8010 4531 4094 5427 3739 7355 3409 2189 3857 8016 5434 4800 8058 4583 6469 4566 1911 4539 3403 4862 4429 4813 6913
2498 6069 5765 4673 5976 5460 3717 5770 5394 6018 5385 5363 3820 4963 2839 4151 6699 7402 3501 7283 3442 6584 5550 4862 5057 2689 5656 3290 5289 6904
3393 6690 2711 5089 6063 6907 6651 5179 6891 4037 6153 7148 5932 5466 2725 5301 5343 4565 3669 5812 5175 5439 5744 1470 3942 4213 3671 2736 4456 5102
3746 5033 3244 6224 6606 4515 4128 8406 6780 6483 5457 4370 5833 7171 1224 4403 5063 6448 6766 7280 4216 6149 3698 2598 5870 2698 5903 4090 4117 5477
5707 4366 2323 3763 3708 3800 4002 4689 4618 5972 6454 5304 6643 4086 1720 5693 4905 6573 5188 5664 3248 8225 3827 4935 3634 2920 4305 2270 6710 4905
28 24 22 8 85122 0.9612054464085005
14 4 27 5 69728 0.9443652330701358
9 18 28 6 115445 1.0856621842294327
15 17 29 5 103831 0.9159492764396876
10 12 27 14 62431 1.0758874863862289
25 19 7 7 113805 0.9061055921865886
14 27 12 17 43239 1.0326071386990856
22 29 5 23 71946 1.0297205820552708
0 22 27 8 142489 1.0661463938281306
19 22 23 11 53766 0.988759662655194
11 15 16 7 47266 0.9705105180003044
1 28 5 11 65508 1.0964400941815284
6 16 23 9 84020 0.9623706182020058
2 2 3 21 54962 1.0896858188631622
25 13 15 1 86898 0.9814165395492399
22 16 17 23 43436 1.0939725766710588
23 29 7 24 66501 0.9893279248158425
20 13 29 2 79128 1.0513136379771022
23 15 23 2 64344 0.9916928818167723
2 23 4 7 50384 0.9391996129705756
8 23 17 28 44294 1.0561354476985112
20 6 13 11 51309 0.9218331299559456
21 14 7 14 50729 0.9818219279680758
0 1 23 23 134966 1.04364497144093
24 23 2 4 123025 0.9879509323196759
27 16 5 3 119687 0.9176076090698309
8 8 18 0 62860 1.0960633545157148
16 16 29 4 100067 1.089801043989094
23 16 27 26 64387 0.9789947547645368
8 27 19 27 32056 1.075214410069621
5 12 25 27 104371 1.0957706736882822
22 29 20 14 59178 0.9088343748803651
17 24 24 10 74562 1.0856060875274443
20 26 0 5 126046 0.9124502342220879
3 7 8 25 62842 1.0814372488343917
23 3 18 23 90116 0.9608761554981085
22 19 21 7 45307 0.9079399816429469
17 13 3 3 82378 0.997084143912553
28 24 6 12 111923 1.0694144789356685
25 25 20 20 40125 1.0885858246904938
10 10 13 25 63805 0.9340804705828024
10 1 17 22 94852 1.0593992372388292
18 29 13 2 106788 0.9057421306100368
10 8 8 25 62791 1.071439347264893
19 20 21 11 39198 0.9883062378564579
21 21 29 16 53293 1.090235215879937
15 18 25 2 101897 0.9819406920818612
10 4 11 22 78360 0.9006596697645287
9 18 6 26 37466 1.061819022666917
17 19 5 13 67933 0.9557534854191434
14 12 4 27 72434 1.027366149815989
7 6 18 22 90294 0.9198152847914004
7 26 15 7 83336 0.9502427613929112
27 17 10 26 93573 0.9999716137579222
27 1 11 25 144753 0.9169398853281533
0 18 19 17 92759 0.9290206400012014
8 4 19 19 98631 0.9038552246957265
23 26 17 22 39877 0.9693475229029106
27 27 20 15 65491 0.9791127420678205
20 7 29 26 104274 0.9337440894018982
0 17 14 4 83238 1.0667970164772802
16 2 28 24 125667 1.0948542016128098
17 13 13 0 58438 1.082269356044136
13 5 26 18 96199 0.9466490622509419
18 0 1 1 72291 0.982069303482203
23 10 8 11 79405 1.0451619870108713
10 3 0 16 74865 1.0070831968281873
26 23 8 14 87091 0.9526266736998968
14 7 11 23 62409 1.007410192830119
10 20 21 13 64792 0.9234658389114827
28 6 17 16 84492 0.9711373496568266
20 13 8 10 65559 1.0869178625953078
23 16 23 3 67838 1.0341999274264264
11 19 3 27 49793 0.9232402511026123
22 0 13 1 40846 0.9296399092465513
26 25 18 8 88534 0.9386843071382598
12 4 28 20 116822 0.9999584823720005
11 25 21 19 53503 0.9113052506761021
27 0 6 17 131434 0.9545697795403457
21 4 16 25 88071 1.057278884062291
27 9 2 27 138175 1.0222548071069724
14 15 11 28 54822 1.030791952248526
23 17 27 28 63380 0.9324663671408272
18 26 10 20 53312 0.983250856781653
7 1 29 22 149023 0.9491034689562787
28 20 24 29 54374 0.9182147680546118
10 5 18 1 46417 1.0759427387125997
20 12 7 10 71649 0.9455838889322886
0 13 17 28 95939 1.0515692814386777
0 12 16 10 69521 1.099173843499475
11 14 24 5 87673 0.9156404365845476
12 8 28 18 100958 1.097005081728284
26 14 23 23 51357 0.9496938884822874
24 19 19 2 85511 0.9860071951041302
23 7 14 4 54804 1.0125493666201013
19 0 0 18 120236 0.9308804831832153
5 26 18 9 99504 1.0249035148865753
1 3 18 28 119204 0.988193043136583
26 29 0 3 156190 1.0179864831566912
25 8 21 0 44077 1.057452479830385
17 28 28 18 75796 1.0285123808364476
25 0 25 26 124011 0.9605573007716162
28 29 15 26 56035 1.0935906095414065
20 26 13 1 109968 0.9881331313323456
21 9 13 20 65689 0.939758975382551
8 17 26 15 73121 0.9339969711273123
6 14 10 29 58274 1.0810582106860611
7 8 26 29 128336 0.9141626627483379
13 1 3 15 73740 1.0115638175331074
19 25 0 28 72395 1.0893868737740273
15 3 15 17 57803 0.926660966950606
19 29 8 20 66032 0.981357804678615
11 14 17 4 51594 0.9436912910867169
3 29 10 3 104519 0.9844465943344372
1 0 10 2 40406 1.0765539651161184
3 14 0 24 37170 0.9551129313363079
21 7 11 26 97325 1.0889794757617597
7 20 16 3 79786 0.9407915489944414
3 25 14 15 65470 1.0252738252006568
26 10 8 28 117505 0.9360227512922483
5 4 4 13 35029 1.059368490722777
2 26 8 16 50033 0.902418128673839
25 14 1 5 105146 0.9498018454131337
29 7 15 21 107707 1.0228282928955603
3 2 24 2 85999 1.0149788982361732
6 2 12 24 88966 0.9888408003156016
20 4 1 1 84005 0.978610194542882
25 10 14 4 70691 1.0636711282160993
22 6 16 0 48900 0.9172249643416324
19 14 0 5 88737 0.9690532829835046
16 15 25 4 77363 0.9642348088087078
16 3 4 5 59624 1.0111733470353113
25 22 14 2 114856 1.085615508649249
24 9 2 26 127034 0.9499603082243434
25 25 12 15 85155 1.0620135637619725
7 23 8 0 80228 1.0586837305960233
5 23 27 9 123259 0.9274655446303933
25 19 5 4 126892 1.0639913276648698
10 0 25 17 117996 0.9325923049585639
22 16 7 2 100924 0.9726779926159785
10 25 6 11 58887 1.0405493061017206
10 0 0 17 82436 1.0913887325974623
12 8 11 20 52094 1.082847477182765
2 26 20 6 129347 0.9990198100439215
27 14 21 9 32279 0.9034541343971338
1 14 16 27 82836 0.927022276770621
3 4 9 22 63869 1.0377243896532828
10 4 21 3 53617 0.9777754538020986
20 0 3 15 105732 1.0600262937052092
29 20 2 18 122746 1.046351034569766
11 6 19 24 92729 0.9556511274978611
16 20 7 21 41030 0.9389670546841439
23 6 26 21 85265 0.9332704813646052
29 19 6 26 102826 0.9170847963660295
23 14 12 21 67023 1.034764213616755
2 3 23 9 109829 1.0023472285253778
3 23 15 10 77266 0.9885026048800016
8 2 28 15 109761 1.0905722750555
0 25 23 15 109208 0.9354302164044055
16 8 23 22 77053 1.043589337439062
11 9 1 5 60746 0.9296620432156294
29 29 26 20 57364 1.0736105306493036
6 7 23 14 86757 0.9300623288527943
13 7 21 23 83133 1.080347224748912
14 18 28 15 63406 0.9229586254717916
13 29 13 16 49161 0.9209047460732496
0 22 29 27 101824 0.9733198482465494
11 24 26 28 62590 1.028291259739714
17 20 22 8 61992 0.9378901611303929
23 13 8 5 89479 1.0950032847409688
26 0 25 21 108590 1.0260703382460832
9 1 21 19 101241 0.9394679982239507
10 8 6 18 48272 1.0189515636883086
2 27 9 7 82815 0.9916306219611407
0 11 16 25 91122 0.9021464001594032
24 2 17 27 110221 0.9548877591191179
14 7 7 14 45825 0.9610112515654095
6 6 0 21 68254 0.9180346073183727
12 20 29 21 79923 0.9948215940604305
16 22 16 11 54358 0.967433126355983
19 13 1 12 76081 0.9731493440686382
6 21 26 7 121363 0.9299693124634549
21 4 4 1 78622 0.9551608895705008
8 2 1 11 54596 0.9703082078862263
29 24 7 25 83754 0.9119389435711053
3 4 19 6 85358 1.0505199305888238
21 5 18 26 83721 0.9965823682165372
20 28 23 2 105058 1.0887701304104744
22 12 2 16 82984 0.9341977992763267
13 21 8 29 36081 0.9291223382812486
0 4 22 1 91351 0.9568418460327373
0 14 28 27 123722 0.9659762997082555
28 1 24 17 93904 1.0262094381980522
29 10 13 2 99096 1.028453463643002
7 6 0 25 80366 0.9807638694420575
4 2 28 20 144487 1.025367585882788
16 7 4 23 92204 1.0735650723347843
26 25 19 10 80320 0.988916758344443
27 3 8 17 120344 1.083660993859665
11 11 4 2 58648 1.0475139277766647
13 14 22 19 50117 0.9063819553326565
27 0 29 16 89890 1.0978048820447777
20 25 29 18 61474 0.9314802102960319
23 15 26 27 66233 0.916940635650391
20 16 4 22 91425 0.9013068371409448
0 20 23 21 92517 1.0028982900394812
26 13 14 0 97685 0.9455907543734582
24 17 16 5 81969 1.08698579038019
12 28 28 16 102472 0.999242665982412
26 17 20 29 71097 1.0369111802144677
3 24 22 10 107186 1.0163538263305558
22 29 22 14 58240 0.9295779489220404
29 8 13 11 86060 0.9501482332275377
25 17 8 24 83113 1.0088090582550593
6 20 21 3 108367 1.007570573829612
11 6 1 13 65984 1.0294419028640152
3 11 10 0 57069 0.9475795025782736
23 24 11 0 124852 1.0750246482485368
6 20 16 11 58828 1.075667502255054
5 29 7 19 39777 1.058437037312638
29 15 27 3 71093 1.099440667194199
6 7 28 17 117863 0.9977671087811093
21 10 7 4 82225 1.0629018878518626
27 14 3 9 87324 0.9510586895281405
9 0 16 5 44377 0.9891989213194248
11 14 25 28 93493 1.0372510281231906
18 27 3 7 98623 0.941906000647946
22 17 28 9 53596 1.0329520030570367
14 22 25 2 112848 0.967629003232518
21 14 11 14 36662 0.9193209402691848
6 26 23 13 97812 0.9512645150192337
2 26 19 13 98827 1.0661586014202584
23 11 3 25 111948 1.0762448969665133
5 12 24 27 99942 0.9173791077918598
7 12 13 22 49891 0.9535414290933942
0 18 24 1 138687 1.0755127511892835
18 12 11 5 55086 1.0809538607448372
15 11 1 0 85908 0.9864186965314814
25 5 11 14 85012 0.9170634037043086
17 29 22 9 81215 1.0313217578302227
16 14 18 3 56350 0.9669824192387673
20 11 22 26 59882 0.9079664900597392
4 20 2 4 50737 0.9552914379795256
17 13 22 26 65289 0.9176824228918585
9 24 29 24 76621 0.9907138753320182
19 19 25 0 94518 0.9870300626160857
25 15 17 1 83059 1.0092667091304823
27 0 26 9 51184 0.9512222204105052
27 2 10 26 144692 0.962565056439339
1 17 26 8 117241 0.927544842045449
12 3 27 16 98288 1.0045359857450153
5 15 18 21 75161 0.9781330763555347
24 12 14 10 59925 1.043438518708486
17 23 5 20 49796 1.0477820349759024
5 3 18 14 84806 1.0455120078255262
19 5 26 18 81765 1.0419507645321398
25 25 7 15 95358 0.9843095119084545
25 26 6 4 134389 0.9169779558677914
13 20 28 23 63312 1.0584706574194622
12 8 14 21 53904 1.0627499619470553
29 13 24 22 57224 1.0542449665227933
7 12 20 9 68251 0.9644099466305692
15 3 28 13 87816 1.08995944298495
4 7 13 0 55873 1.085686118322788
18 12 14 2 53682 0.9035376820628858
0 8 27 13 109869 1.0329228827719874
21 15 29 20 48952 0.9802971619421298
3 8 21 8 90241 0.9381793569953177
4 23 11 0 99127 0.9047427744004389
20 28 6 17 85572 0.9575631006405421
13 16 5 10 42629 1.0196812529869717
11 7 5 21 65990 0.9828636546581013
16 8 2 10 72062 1.0288076972710782
25 8 17 24 82558 1.0321561795478431
12 14 2 26 66046 1.0052199035989224
24 25 19 2 103301 0.983448124605656
22 5 19 14 46521 0.9408972020556854
3 3 12 27 91542 0.9689009975156955
19 28 5 15 89274 0.9654106284042907
5 21 20 15 81795 0.9964726509896151
15 26 2 19 67428 0.954079185130379
14 28 23 26 34426 0.9036367957837044
29 28 29 5 121839 0.987777132837109
9 8 1 16 52269 0.9746843777589382
22 24 26 11 68006 1.0171546182153333
27 26 7 16 101309 1.0779422293185574
28 9 26 23 73412 1.0441823903607694
22 16 8 26 79846 1.0981573537472062
7 8 11 15 36511 1.0726992082659867
16 20 5 29 57337 0.9191468738345492
15 14 3 22 62102 1.0217420585075154
10 15 28 3 116914 0.963815077517757
12 14 2 10 40506 0.9991003230046503
17 26 13 7 85912 1.0526957768923344
15 15 6 19 52816 1.0807247502387187
16 20 21 14 41572 0.962414406628385
1 3 2 19 54856 1.0805054761547754
16 28 1 0 123481 0.9080497979625669
18 2 23 16 73419 0.921158037026809
15 0 12 16 66722 1.0698824311416009
13 12 24 0 82446 1.0559813637277398
10 20 26 15 82313 0.9678170835992214
16 23 1 10 78780 1.0935792562321298
13 15 19 6 58609 0.988793816321128
16 18 8 3 80811 0.9942722654872966
7 28 17 26 40787 1.0283555668377269
2 7 11 5 52685 1.021125852004016
29 24 13 0 135790 0.9879511361160397
16 12 26 0 88958 1.00563648057563
28 25 26 17 45714 1.0171394920419143
8 10 17 7 55887 1.0659806676304397
29 25 10 8 127486 1.0484355333907764
6 4 6 28 84251 0.9647373519651837
10 3 21 14 82605 1.030423250120513
28 21 29 2 105234 0.9323804931772599
0 26 23 28 77932 1.0421707937036147
27 6 28 15 51082 1.027071383302316
2 13 8 25 52288 0.9912448735668328
18 25 2 24 64040 1.0560387064128354
19 2 14 29 112623 1.0232472957917675
27 3 14 14 93457 1.0100691861115803
26 29 25 17 59511 0.9216732809609094
18 15 4 24 82848 1.0053230601776344
16 18 11 4 71792 0.9989092788103059
22 14 1 14 71920 0.9000084766979236
6 14 25 21 91937 1.0635261604577657
2 7 27 13 105108 1.0341912011457999
29 5 25 14 55177 1.0995284884901158
24 15 21 7 41552 0.9351420437759692
10 1 11 25 97506 0.9632642830565746
4 5 10 9 44115 1.0661277852042688
28 3 14 4 70256 0.953363465621408
24 27 12 18 70363 0.9316910073826683
16 15 12 23 41475 0.937271516176343
11 9 22 20 80409 1.0400628562133793
2 20 23 20 88027 0.9057463244254617
17 17 26 22 60933 0.9231647697484898
2 0 8 13 59802 0.9893184643806539
16 6 8 26 87236 0.9672495028644332
3 28 21 27 53508 0.9657526587461858
7 21 28 8 116177 0.997506273240073
17 4 19 23 88876 0.9381525424129274
21 16 28 8 52866 0.9400965430272051
4 29 6 11 71336 0.9386788755410699
21 19 19 1 70969 1.03224871173045
11 10 16 1 50753 0.9376761511584599
2 4 18 4 74009 1.0229291187800977
29 22 3 17 111977 1.0645651128262976
13 2 9 11 44128 1.0320640656150277
18 9 3 0 85189 1.073770171457553
20 13 26 22 60629 1.0501533963505165
3 8 19 22 91904 1.0404730854906126
0 5 22 28 130981 0.9469073959970973
24 1 17 12 74592 1.0230226214871045
18 19 24 11 54052 1.0415189071200581
4 25 15 27 40474 0.9796578442412095
25 22 28 3 108774 1.0573851010812139
28 5 17 29 125378 1.0560825295156206
21 25 10 26 37778 1.0733227414946862
21 11 9 8 64224 0.9267431105837068
16 6 9 21 73477 0.9214031883358053
19 10 9 18 66076 0.9765801817632844
18 8 2 9 80814 1.0793787131226742
0 1 28 2 113897 1.0746555494108536
13 9 7 13 37257 1.034719676586425
24 7 20 16 52415 0.9238357237815226
7 25 3 3 76016 0.9910493944136693
3 16 15 25 68183 0.9467799367549135
1 6 7 1 40291 0.9925407847645881
7 10 24 16 84087 0.9819482412917024
13 14 17 28 62638 1.024734691800755
5 3 19 2 54815 1.0625803216007663
7 2 0 6 40958 1.0290974063326757
19 10 12 16 54094 1.067135573667736
6 7 22 6 93234 0.9751412085786487
4 26 27 24 81845 1.0290794818551021
29 9 1 5 140624 0.9526556462114881
21 27 4 24 59099 1.0745502714917998
6 19 14 25 49284 0.9984962807209201
8 24 25 13 87608 0.9558698263120087
16 28 3 9 91177 0.9099729760540777
18 17 2 26 85310 1.0097229444515177
13 25 4 26 35623 1.0903859180091864
19 12 23 23 56680 1.062588497228252
2 23 22 25 74478 0.901356120692825
21 2 10 14 78328 0.9770533491892129
29 13 26 6 48927 1.033918339858671
29 14 16 0 90390 1.0530172944328753
15 22 28 11 84218 0.9543239450907598
24 22 3 11 104586 0.9524023680183638
20 26 29 21 53692 1.0102165903736389
9 3 3 23 84335 1.0376100254224527
29 9 16 4 80168 1.0257506146818183
22 29 9 2 133302 1.0164948449279265
14 18 10 10 41299 0.9327240750855241
22 6 13 12 62325 1.0718927732624521
13 20 18 8 62677 1.067623131464476
20 4 26 13 59356 0.9346826919644677
13 23 24 4 108008 0.9377888441083065
10 23 3 12 48950 0.9094981258787693
9 17 2 3 55759 0.9921061065297312
27 27 13 12 95361 0.901365161668252
0 2 28 14 118754 0.9513888892018081
29 4 14 16 105299 0.9887500707532274
4 29 3 16 43710 1.077263117742026
21 9 8 12 66475 1.05788520821663
2 29 12 29 47430 0.9366986650897483
21 29 7 15 87069 1.050124333141352
4 16 24 27 103122 1.0358557197046856
12 26 29 29 69853 1.0482266016155812
13 14 24 21 66481 1.0396164366250358
22 14 11 12 47183 1.0993692310917866
13 15 29 14 53687 1.015763630417647
18 3 3 13 86803 1.045473243496823
5 5 19 23 99565 0.9873659247748623
4 1 18 24 111073 0.902949021160843
13 20 26 0 117691 0.9873644838655826
26 18 23 6 75112 1.03220661794472
25 10 7 7 97165 1.0583304929462873
23 21 11 16 72746 1.0682628312480973
19 25 25 21 41805 1.0091319514149446
2 2 7 17 51948 0.9063001460426197
8 5 26 27 131692 0.915369504497565
23 27 3 16 92896 1.0402295566517548
20 27 11 0 116831 0.9913722380303428
23 21 1 23 80631 1.0988213011128436
27 15 7 28 107424 1.0454776545087987
14 26 2 9 82291 0.9424459048181477
26 27 2 9 123139 0.9720101615326302
7 6 25 21 118315 1.0061952753320826
6 6 19 27 106194 1.0306104470965032
7 6 26 10 105305 0.9196746014359437
7 17 26 24 94411 1.0161712923136657
6 14 18 8 62889 1.0951146980290527
1 22 10 10 69031 1.0074755846224908
15 13 17 23 47047 1.002883045099554
21 29 27 15 71523 1.0135669316501068
0 8 27 11 120542 1.046047202679174
28 18 8 9 108725 0.9828342504991215
29 26 18 23 53454 1.0890480494991492
29 21 12 15 93887 0.904936588046948
29 26 18 20 66557 0.9657361930851256
3 14 9 24 45039 1.0714885731729595
13 1 24 7 70181 0.9535732137300281
19 10 27 6 54470 1.0874120837768193
15 11 27 11 62713 1.0344731214196496
13 20 17 5 67103 0.9410583985237229
24 18 7 19 88296 0.9907024798428959
19 14 26 9 45186 1.0579728014681047
27 24 25 11 70529 1.0831301970234235
17 16 1 6 89352 0.9080090080251304
0 13 24 11 97167 0.9268329983823504
5 15 20 20 78287 0.9020847595674393
11 25 6 15 51494 1.0486671157867442
11 23 6 15 42986 1.077185639173025
15 24 24 12 75045 0.9784116849582887
24 14 27 1 75766 0.95981440057919
15 14 6 16 37939 1.0976649202967237
22 18 9 6 84140 1.0756770379870144
15 13 24 25 77487 1.0542065115408303
21 11 3 23 97997 0.9664644984120663
3 29 25 19 100374 0.9815974127678448
8 18 1 28 53500 0.9034360954879006
21 3 4 4 75012 1.000180636829118
26 23 5 14 94615 0.9228452390578347
24 26 19 5 99309 0.9445833128149128
0 21 10 27 46413 0.9901377649986765
26 17 13 23 70370 0.9246163077585426
2 17 14 28 75456 1.0436227711350545
2 18 27 23 104235 0.9971965720879372
19 5 6 8 74917 0.9046797777063531
10 20 20 11 75664 1.0687802163517317
18 21 25 18 43342 0.9173464509236349
18 28 23 17 54206 0.9952018449565342
23 17 29 13 33438 1.0834853517651846
26 23 5 23 74310 0.9142885711861007
15 11 28 2 89649 1.087633828105028
19 4 24 16 64611 1.0472634061154973
12 6 15 26 81362 0.9719982201587177
13 9 2 24 77952 0.9495102491091457
21 9 16 29 80755 0.9470285469012915
25 22 4 3 136952 1.0985948939744923
5 18 25 12 90712 0.976324202437268
28 24 17 17 70671 1.0604513857152664
3 7 6 24 57994 1.0573829853164465
29 15 7 7 101457 1.0511680038235656
10 5 14 21 72377 0.9054325596474971
19 28 25 11 78803 1.0300318999478582
22 3 2 16 118618 0.9460846334101315
6 18 5 5 49955 1.0666753833199931
28 29 24 10 106016 1.046938217267162
13 17 7 27 47237 0.951984291380295
23 23 26 7 84267 1.029628004964232
29 18 18 8 74182 0.9308607242877354
24 4 28 14 60430 0.9031467572318375
21 5 6 0 73953 0.9383417539361611
20 29 18 17 63389 1.087768670261742
14 13 10 19 35553 1.0659675276698917
18 20 15 4 75275 1.0063231333363243
0 8 28 16 118863 1.036604626106517
3 11 23 13 77124 0.9344992830670349
26 3 2 6 111958 0.951894186238007
9 26 6 12 51870 1.059298375488778
4 0 5 14 47167 0.9169808894578603
23 22 1 20 88757 0.923533695414456
3 14 20 6 89416 1.0123672508810844
21 22 3 4 108491 0.9072406572363411
3 13 24 0 118684 1.0011056041873039
3 20 13 28 56699 1.0787406761899534
29 6 27 22 83699 1.008183274689581
25 18 26 9 55876 1.0236728075352528
6 17 29 12 90526 1.0349637398060072
20 4 23 28 95911 0.9097603179665418
3 22 26 6 133164 0.9376600476896317
10 25 18 11 78651 1.0456613799929346
17 16 25 5 73884 1.02563821051275
13 14 8 22 37375 1.0586183644646137
6 16 23 14 66406 1.0779719293639451
5 16 29 0 144159 1.0038576090455154
1 10 29 7 134028 1.0776937787075958
27 1 16 11 91385 1.0866991486444728
9 10 28 18 99532 1.0774339571076172
11 3 10 14 47346 0.9657345490830851
28 15 17 14 38926 0.9975617003915103
7 11 29 22 113385 0.9304461844805583
3 29 15 15 78863 1.019304785755992
21 9 27 13 37921 1.0508062564001357
10 5 29 10 106713 0.9408751524454325
11 29 13 21 36891 0.9778364833787213
20 14 7 3 83380 1.0458410491070032
18 9 18 27 78305 1.0528660204572726
28 11 10 23 96254 1.0876446995880489
3 23 16 14 69999 0.9024139611295939
26 6 5 18 117836 1.0391962332864413
11 6 5 20 66520 0.9145263599196689
9 21 17 13 59684 1.0508040044936957
14 19 8 29 43631 0.9604410126041313
8 20 23 24 65931 0.9391013263191488
5 7 18 27 97067 1.0052830108302857
11 18 2 8 53634 1.0690549628640298
12 8 1 18 73555 1.0510648577671282
29 4 23 26 122419 0.9979203510527661
9 1 6 20 71885 0.9117117351518683
25 15 0 27 120174 1.047607392802914
8 27 19 22 50285 1.0679435458728586
27 28 20 16 72916 0.9462361046116236
13 24 26 19 66475 1.0106106596929951
12 23 24 22 48052 1.0285666901952024
17 28 1 28 57913 0.9570120250482073
19 14 0 20 83424 0.9012131998089455
13 5 0 13 71514 0.9405441303838715
7 8 3 19 43727 1.0121386506997112
15 13 4 3 76388 0.9392832172103701
11 14 2 19 44149 1.0026758853234412
7 9 11 24 61213 1.0990891374002583
0 28 27 16 132068 1.0366184452897556
17 26 7 27 35083 1.017909698569119
11 28 0 5 100582 1.0218149767123887
6 23 2 12 49365 1.0351303240289598
0 12 0 25 44149 1.0541139249736395
17 24 18 13 56071 1.0497932612614014
6 23 22 26 60767 1.0080566801001754
21 17 10 0 96898 0.9389878587312491
12 27 26 29 56431 1.0260963604344002
24 23 9 27 59032 0.991495604072075
19 16 24 9 46104 0.9255235333444469
2 13 14 3 75423 1.0552921685451522
18 2 9 17 78844 1.0613031234218417
28 2 3 24 158498 0.9454011522131571
9 3 5 10 41377 0.9868429149346631
27 11 1 29 140920 0.9257711027552026
11 12 28 21 96495 1.002133909770945
10 28 20 13 85217 1.075756083775529
17 26 29 28 50993 0.9489833584138503
20 23 10 21 40039 1.0197475010633108
28 10 26 18 45324 1.012227166563574
17 24 28 27 51262 0.9125182657536587
7 2 21 8 75868 1.005306008340103
2 24 17 15 83398 0.9580510596877573
19 11 2 19 90000 1.0597394046043855
22 28 28 11 81806 1.0792186192832685
0 2 14 22 99217 0.9200585137856286
20 16 13 1 81873 0.9781200123583103
11 4 3 25 95801 0.9967368861257992
25 11 17 17 55627 0.9700901051302216
22 15 7 19 72274 0.9296796863938768
6 3 18 5 58277 0.9899052785627718
15 6 1 6 74650 0.9575101392443012
25 18 8 5 112353 1.0401411731721393
20 23 26 10 67369 0.93631611978291
0 7 22 20 115046 1.0012794824403615
8 17 13 6 47989 1.0268766539102487
23 24 4 22 77136 0.9202861009357118
13 10 14 27 61303 0.9744301968956702
7 19 0 2 68746 1.0860066673536701
3 24 16 4 101793 0.9165517869536115
4 16 2 6 35644 0.9466518146552738
4 18 28 23 102316 1.0336066209247607
10 10 21 18 63957 1.0039760196173304
23 4 24 17 71671 0.9370639042461414
17 3 11 12 54524 0.9765954365974036
24 2 23 21 91821 1.0504156421235682
18 1 21 26 101963 1.00430319381402
14 4 5 22 85049 0.946647555928291
6 20 24 4 119465 0.9722924526427299
1 12 3 28 60850 0.9271151193132113
7 5 16 19 85679 0.9177623872179158
29 24 24 2 119366 0.9801556442923879
12 12 4 18 46640 1.0196311466484649
15 21 26 12 76563 1.0635519798335284
2 16 9 11 41947 0.9427424511593366
18 20 2 15 78650 1.0834213961725385
14 25 23 14 64316 0.9903017685066843
11 9 2 6 51430 1.05174440960181
23 0 29 13 80569 0.9875403939551288
13 0 5 12 65535 0.9042207423034407
13 28 26 16 86305 0.9476547174263498
7 6 2 17 53765 1.0541665605494415
16 11 19 24 72743 1.0806285864209646
11 7 28 8 89666 0.9142533874889011
1 18 1 7 40917 1.0675514688278989
14 7 11 0 30454 1.0005760383137086
1 22 23 10 115570 1.032125049930399
0 14 1 1 47653 1.0586958298992788
29 12 22 7 55430 1.0949086615389416
7 24 4 12 47918 1.0983570029240217
11 1 25 7 80182 1.0339295213304331
1 13 22 27 103421 1.0074468800027891
17 28 13 11 70765 1.0748364933432077
7 14 12 1 61541 0.9986880167190111
14 8 2 10 63017 0.9814018421026496
18 2 19 12 50590 1.092644575299219
3 28 23 9 118521 1.0872487390815178
6 13 17 4 72968 0.996341635450688
26 2 25 25 120052 1.019330533526611
13 6 26 26 118589 0.9533529119448413
21 29 21 4 86378 0.9948902929747118
22 19 29 5 83204 0.9158949478834696
27 18 14 18 64869 1.0964835618776703
24 1 6 19 125964 1.0821531053267175
22 24 3 13 91783 0.9230231984125129
22 3 12 16 90252 0.9423264943611792
22 28 24 9 76361 1.026049142707445
19 3 11 7 51535 1.0997437275203723
11 19 20 13 58822 1.0790012792087098
11 9 13 22 55267 0.9533214676440106
1 15 12 16 47329 0.9395950177331646
25 2 13 6 61342 0.9329708204213296
23 16 12 10 65125 1.0034185626835246
27 25 13 12 96346 0.9348425696216064
14 1 6 20 82838 1.009995565867123
16 29 15 3 101137 0.908052636076041
18 2 20 21 86616 1.0443300845681718
14 15 24 5 79939 0.946449899474748
19 26 15 5 95906 0.9594334899716082
22 16 5 26 92020 0.9467769672817705
16 24 21 7 76171 1.0810585119405591
24 23 18 13 56093 0.9633472152807483
23 29 11 28 51432 1.0973182224739444
4 13 10 25 53324 0.9016405671793514
6 11 15 22 67038 1.0310394852897895
4 9 27 4 123538 1.0955443986814688
7 10 1 20 49300 1.094838330796713
5 4 25 9 105583 0.9204773814022738
28 11 14 22 84375 1.0249958515060127
13 19 1 22 51606 1.0425522163586474
12 20 11 4 68595 0.9001543173483123
13 4 3 20 79868 1.0804629015155371
17 7 8 14 58694 1.028409944984227
23 24 8 23 55190 1.025648204529216
15 26 4 16 73838 0.9100665873377505
5 19 14 13 52256 1.010056906747626
19 22 0 23 64498 1.0695088722851849
1 27 18 8 114977 1.0573509853019647
16 12 6 6 69552 0.9581815532146982
20 20 29 3 102530 1.0411954648850386
0 24 18 6 114126 1.0404792553433437
23 24 9 5 115465 0.9652638557836273
20 8 24 22 67642 0.9192835412116965
7 25 18 19 53958 0.9292704332357934
20 16 8 18 65202 1.0654455905524938
10 11 27 4 103968 0.9628689941727328
16 10 7 12 49322 1.0040468223891572
7 26 4 4 80188 0.9983148377944296
16 20 3 29 63786 1.0767791389603147
25 4 16 28 113514 0.9767747361489908
5 29 18 6 114563 0.9737454566434848
15 24 15 7 68579 1.0815505732429334
4 12 22 11 78176 1.0831981154057002
1 12 8 25 62043 1.0228659118584842
14 13 1 9 58613 0.9714687027458315
10 25 27 23 67146 0.9908353717999528
28 17 29 2 87999 1.0521558690071753
12 20 20 27 50478 1.0140657481615434
5 21 9 3 74983 0.9823730006988162
26 29 21 8 93934 0.9448601819473571
2 14 16 29 87799 1.0568983075726526
5 25 20 17 80796 0.9215960379606287
28 18 23 3 95003 0.9594341543553508
2 2 13 10 68293 1.0067607286966287
28 13 1 6 111554 0.9734668192072479
15 11 22 26 84059 1.0026959738351464
18 1 16 24 103119 1.053712627968284
2 1 27 4 112617 0.9902345757915714
27 16 21 28 70292 0.9733583692589101
3 27 4 9 55884 0.9094286296934565
19 27 6 23 48466 0.9305037167090624
29 1 19 2 46192 0.9013656022511225
20 13 12 24 66397 1.028617138254598
25 18 3 1 129676 1.0889245861485006
16 2 26 22 115929 0.9158256525119222
2 23 8 8 63788 0.9797834215632695
7 12 14 23 51388 0.9866776168058607
8 16 14 29 59724 0.9661052800505374
7 11 16 29 84599 0.9736440290024883
9 13 1 8 44727 1.0320608456823452
6 6 17 27 102074 1.0480766872374336
24 3 6 0 81040 0.9552274021164033
2 22 22 13 95685 1.0319727768861564
27 21 5 28 90784 1.0927129018536794
0 18 23 12 98376 1.0403111629396644
3 24 16 3 105743 1.040533735358479
10 16 11 4 52075 1.0303413279660516
21 25 2 12 99147 0.9828520626102477
11 7 6 19 58715 0.939955880373343
17 9 22 0 52372 0.9279976112732244
27 7 22 27 96507 1.0056135901762482
5 9 29 24 122337 1.064258722153561
19 12 13 3 58455 0.9283961575843015
7 3 27 27 138283 1.0472267394185923
17 10 29 10 67722 0.9127153132439881
8 5 23 19 105165 1.070027994723748
8 5 15 11 52687 0.9712189583087412
2 25 3 5 58732 0.9025452254990939
1 25 26 26 90418 1.074085083902544
26 22 18 5 96504 1.0698299754549474
29 16 13 7 84571 0.9319354110736284
2 0 2 22 69510 1.00613126430102
20 1 25 19 88977 1.040942448018904
4 18 4 3 51563 0.9725022713575694
1 23 18 20 64465 0.9574033107044808
18 14 5 4 79364 0.9762672203867975
22 0 4 8 94887 0.9433762520123354
0 13 17 15 65575 0.9707453047409884
15 15 1 18 64518 0.9199362975860518
23 25 19 16 55350 0.9970425744894006
24 25 6 6 125328 0.9649359625991752
28 28 16 29 54748 1.0702141694084222
14 13 22 11 42100 1.0843054794088087
7 22 29 23 79113 0.9648953890303529
19 29 21 9 75937 0.9529209311109972
10 17 3 2 62982 0.9766559505822973
27 28 4 27 75093 0.9632860965440976
26 29 0 26 95701 0.9783705570330934
14 28 29 10 105063 1.0836438502316947
4 29 5 2 92091 1.0398568107402968
12 25 17 0 101855 1.0425351470698612
9 17 19 22 58232 0.9176604332715365
9 6 24 25 118564 1.0097026109060312
13 21 24 17 65485 0.9763690491055175
7 26 0 13 62800 1.0908418398125976
20 25 10 19 56443 1.0130119768893424
23 15 15 29 74010 1.0795166849640687
17 26 15 5 92368 0.905079710215979
8 17 7 2 49667 1.0687481181121306
9 8 21 17 71327 1.0887608976580492
18 14 1 27 93637 1.012065451453546
1 0 5 20 70352 0.9351532507356949
20 15 29 7 63246 1.0618153509506998
20 9 8 9 54674 0.9572506259513575
24 5 10 15 94604 0.998532318131951
22 17 15 8 59928 0.9286210972441787
13 7 0 17 73389 0.9583525563887829
6 25 1 20 33106 1.0880742339617557
11 12 28 22 100094 1.0851825690743282
4 8 1 24 54162 1.0223660896948705
12 27 3 15 63663 1.0670824365124907
6 13 12 26 63153 1.011874667192197
26 23 22 9 68403 1.0260762407659902
26 20 20 16 42234 0.9201422454557165
25 6 1 6 125434 1.0843711612696207
18 1 14 17 73363 1.0761916833461815
29 26 5 3 155238 1.0274300845085673
29 13 1 8 104607 1.0393729084043735
23 5 7 10 94497 0.9640708300622512
10 20 18 25 48156 1.0255843231536048
22 4 16 13 65734 0.9028948785844627
5 7 11 23 64696 1.062418866402104
16 22 21 28 40234 1.0073265815464216
19 20 14 1 87606 0.9679062290036577
0 23 25 3 152647 0.9335356545179307
25 25 3 2 135604 0.9705837516214554
13 19 14 5 49260 0.9139379354994634
27 16 22 3 72291 1.0656344913227744
11 15 28 2 108733 1.082323790387517
26 12 17 19 60472 1.0638864830547798
23 20 22 5 66487 0.962560218394636
27 4 12 20 119926 1.03128084546633
9 8 14 0 44025 0.9184471487644879
10 10 0 29 92382 1.0814003776663759
0 26 6 5 86834 0.9585719225913966
18 16 27 15 39792 0.9143911701911022
13 20 29 0 130537 0.9400554109631861
4 12 20 23 81028 0.9245055686886295
5 26 20 24 61658 1.0892178436967097
3 20 2 3 49122 0.9345937911754147
28 21 24 7 86465 1.0490287478458409
14 16 12 6 43849 0.94296160259171
28 11 2 8 111597 1.0180958485310485
11 25 27 18 80535 1.0054964213417985
28 3 12 22 132215 1.0934328109149203
27 18 0 16 111895 0.9454864455060655
21 6 6 25 111520 0.9937814991644758
0 25 0 7 60841 1.0390466079086722
16 10 1 29 106739 1.0688450321458964
28 28 9 8 131938 1.0887474487595836
2 9 4 24 49232 0.9701886207220806
25 13 23 3 58866 1.048120185814126
22 14 14 26 66278 1.0245861351661074
25 20 8 5 114894 1.0187939733703781
1 7 24 22 123343 0.9219051063628109
28 19 1 21 113310 1.017783965399791
13 24 2 28 48184 0.9188241479459714
3 15 1 6 32596 0.9412938375160531
10 15 14 7 38689 0.9896131199132474
13 6 1 13 68039 1.0696551959984901
14 8 4 11 54967 0.9276518855680129
6 14 18 6 70104 0.9235555475852618
29 12 0 28 136092 0.9792163297635383
4 24 2 4 62829 0.9418356190459722
14 27 7 1 104968 1.0608497051078292
3 11 29 1 133151 1.0452705013072552
23 9 11 5 66602 0.9522546779728234
12 8 3 3 61790 0.9427418898404736
26 0 0 11 135857 1.064586174705395
9 23 0 6 73162 1.099618188112966
23 0 14 6 56307 0.9547458132204634
16 2 12 23 83039 0.9000548656905257
18 12 6 17 63081 1.0727792948338648
12 27 11 7 83596 0.9615126458322548
16 27 29 1 135875 0.9932786686475459
23 25 9 12 98439 0.9483941774957466
5 22 17 18 63740 1.0848532884607505
9 7 14 24 72990 1.0754239691749503
8 8 24 5 97732 0.9255039703741043
8 2 12 24 87583 1.048913852245124
21 1 12 5 50331 1.055683251467304
23 2 0 0 95393 0.9551894319428084
15 2 20 26 110291 1.060565869484704
9 10 17 21 66997 0.9533591138548387
9 6 7 15 37352 1.0167287913546978
13 19 17 5 64773 1.0323686215747823
23 23 28 14 55306 1.0363374351726595
18 22 12 6 76292 0.9626132242197009
27 23 25 12 61051 1.014189761647536
2 22 4 12 36530 0.9921894769208263
2 17 12 1 86679 0.9572397062944089
6 19 0 26 49396 1.0289075704708837
21 28 20 2 94378 1.0624320086224883
24 12 8 21 85700 1.0040686067848172
16 15 28 3 97676 1.0236548197517297
0 7 15 29 112205 1.0903244732722839
3 22 27 12 112652 1.0464725452554673
9 14 19 18 54172 1.0253014857979146
11 27 17 1 111183 1.029690199895784
11 27 26 2 136812 0.9938543731208777
3 29 20 6 132500 0.9539660039814353
28 14 18 9 46241 1.0504254872636358
9 22 23 10 93470 1.0007216017442244
29 15 3 13 88014 0.9521710843413029
15 18 22 23 48166 1.0591753569197353
0 2 28 18 144928 1.0310065838088627
27 22 29 9 68124 1.0391806590744501
26 8 12 12 76168 0.9791988594421407
21 11 3 24 100996 1.010875374035987
27 11 5 20 105200 1.0675170016165234
28 3 14 29 142094 0.9792319927194758
21 17 8 18 63031 0.9558678899133066
12 13 14 2 43238 1.0970608086627813
5 2 29 6 114438 1.0170469630223078
4 15 1 26 46736 0.9359157302351603
1 24 24 6 141311 1.0202623507957167
19 21 27 18 48087 1.081547390784782
0 5 19 27 118195 0.9109003118657674
24 21 22 6 70234 1.0938597334319589
3 14 28 16 91004 0.9011757611963793
22 8 7 10 75249 1.0669396668508333
29 1 6 10 120295 1.041365360716028
14 4 1 26 107029 1.076614248266347
22 16 11 15 53763 0.9309595395686421
28 5 27 27 115201 0.9099377791869919
10 1 7 27 92407 1.004445188319228
0 8 17 0 87150 0.9630149160363646
6 9 24 12 95181 1.0784135924670248
15 12 13 27 57610 0.9788988619850985
14 29 1 9 97889 0.9245994713483972
22 14 2 17 79364 1.050751494615479
25 12 17 4 65446 0.9066918227281765
16 5 29 24 119499 1.0702067323054176
25 26 19 8 87417 1.0312530950689076
2 7 14 14 58054 1.0371013919050522
16 16 5 12 52472 0.9165206994205654
14 14 13 29 53426 0.9145428137223638
13 3 17 12 47214 0.9294822861197686
23 22 8 21 61910 1.0502709313368292
0 1 26 0 111364 1.0717595116827634
22 0 19 20 82083 1.0281571668725733
28 10 8 28 118469 1.0562204276067242
8 28 28 25 70866 1.008775182642485
5 10 26 2 109966 1.049555427229418
1 7 16 19 89757 0.9192747582276709
15 25 1 1 108185 1.006066666279983
12 2 29 27 137325 1.096784200868954
6 23 18 1 107776 1.0755065876805119
29 24 12 11 104908 1.0778791673524544
27 27 22 9 84091 0.9902236705797252
18 2 14 17 68308 0.9147250916300318
7 13 3 25 45193 0.9808328800498068
16 14 23 28 72599 0.9107597607217807
5 21 21 22 66617 0.9492093699780133
5 28 22 16 90850 0.9337299892477555
19 29 10 15 82967 1.0691380700737603
28 21 16 27 58840 0.9601197938807294
24 28 18 17 66798 0.9014874327999367
29 19 12 4 115116 0.986149236816547
17 11 15 29 85333 0.941662465407346
24 10 14 26 90046 1.0405529925811383
7 12 2 24 48597 0.9566405960917704
26 2 12 28 140832 1.0996688774204892
20 24 27 4 99889 1.0608306875764981
21 21 7 22 54741 0.967554048022163
20 16 16 25 55087 0.9669502193558919
29 23 3 18 106456 0.9055225009177724
10 3 4 21 82874 1.0391494094619622
16 17 13 3 61578 0.9716265636721644
28 22 1 28 102319 0.9058306886022073
3 9 4 27 56540 1.074808333263002
26 11 9 12 82082 1.082365499991592
12 28 9 12 69447 0.9245381334995172
13 29 10 1 109771 0.9271124866476855
5 26 27 26 75034 0.981792010998108
16 18 11 27 49301 1.0065906328203473
9 7 7 16 37163 1.015049370424682
14 5 20 14 51921 1.0357506923691648
10 17 23 3 104811 1.0985082634878698
21 16 28 13 26469 0.9483342362093503
12 0 28 7 95214 1.0804220386148882
27 21 25 0 109927 0.9265332401048376
7 6 0 9 42265 0.9383191801070186
12 10 25 3 84156 1.0346535715378558
7 10 1 0 51521 1.0298248068718998
15 1 9 24 97434 1.0888748758958586
23 13 9 20 74915 1.0989736812563782
5 10 12 25 66083 1.0499488669090082
26 13 0 26 125969 0.9537435077513827
0 1 14 7 70948 0.9831388656924449
1 8 13 16 58967 1.0945780608456803
20 22 23 3 82596 0.961254310768302
18 3 16 17 72359 1.0958055944291005
6 13 2 19 33119 0.957586702744723
29 21 21 17 48897 0.9443894483136359
28 8 17 18 77731 0.994821011822651
21 24 10 16 70911 1.0840248989332513
13 16 26 25 79825 0.9468654766803466
12 25 21 7 90200 0.9709141929807314
27 3 6 8 107009 1.0737728205664259
1 25 17 2 121245 0.9879619533104583
17 14 13 0 59244 0.9232468350438504
21 17 16 0 79926 0.9908773460882297
7 24 11 8 61923 1.0148387358975515
15 10 12 22 53445 1.0048619308301219
6 23 27 7 127964 0.9259644199699664
16 15 0 9 74788 1.006402680858936
12 20 7 15 33801 0.9242002409971783
25 13 25 0 66033 1.0284935404929474
28 0 11 14 108844 0.9759917275110843
8 1 9 20 68035 0.9680554316007609
17 10 28 29 111992 0.9711653537568145
2 6 25 25 129875 0.9625007674439049
23 14 1 13 78249 1.0868931535649573
14 29 27 5 128431 1.0114733279608277
22 11 21 24 45722 0.9115861540046717
18 4 28 23 101746 1.0307500018250275
9 5 16 18 70496 1.0558316404610686
15 5 19 13 56464 0.9229661070778403
23 28 24 19 48224 1.0384141351803078
24 15 0 16 91237 1.001108938636044
19 28 2 15 95642 0.9151307182693768
0 14 23 27 105087 1.0324928833922953
1 4 14 10 75801 0.9954293426825777
10 18 21 23 55483 1.0856541227871652
7 19 0 12 42804 1.0034019509770673
20 13 23 22 44922 1.057578561766088
23 25 15 1 119828 1.0681205447227975
7 4 26 28 135560 0.9585583839210011
10 20 18 24 41840 1.0641809804473954
17 6 27 3 60725 1.0708526999821655
13 20 2 20 45807 1.0242539117929437
17 11 0 7 86910 1.0789697580588236
23 17 0 15 91765 0.9928203218495181
