5111 5925 5692 6114 3318 3930 4483 5170 3612 6220 4027 4906 3584 6283 4121 5602 4332 6025 3219 4836 5980 4220 4021 5515 3379 4725 3559 4674 6258
6205 7222 5949 5301 5476 6712 7627 5129 5273 7971 7609 7164 7390 6666 6331 6756 5357 5830 7027 7563 6116 6389 7823 6504 6939 6620 7596 7146 6313
5950 7143 4762 6417 7084 5888 6084 5541 5783 6891 5053 5345 5489 5535 4738 7556 6962 6485 5210 7191 6328 7746 6087 7267 7659 6015 5573 4831 4676
4740 3195 5061 2275 4550 2764 5110 5178 2785 4761 4152 3333 4058 3789 2349 2905 2863 3155 2669 4073 4406 3240 2172 2518 2947 3688 4973 3237 3692
3841 3641 3742 5320 5552 3983 4345 3639 3044 3485 3267 4904 4640 2382 4886 5109 5284 5149 3389 3793 2452 4215 3238 2823 3289 3114 4411 2617 4045
6329 6159 6896 6824 7733 7413 7555 5319 6448 5819 6064 5743 6932 7124 7072 7072 5266 4989 7776 7624 7500 6444 7190 6592 7730 7552 5722 5879 6831
6157 8189 6500 8502 7304 7112 8400 6648 8548 6468 7738 7564 6956 5979 6716 6467 8026 7781 8230 7729 7848 5878 6764 7520 6626 8308 7870 8586 5910
5056 4859 4951 3251 5528 5791 4250 5266 5670 3040 4218 5813 4161 5237 3441 3345 4628 3694 3832 3113 4457 3879 4700 3773 5197 3444 4354 4624 6027
3646 5053 3111 2527 4710 4420 4691 4870 4677 2633 3118 3702 2589 3047 4860 4443 3830 3931 4304 2886 5018 4809 2701 3790 2319 3681 5075 4818 4971
4090 5505 4170 4090 6375 6511 4337 3823 6168 5683 4402 5337 5090 5045 5438 4034 6248 4723 4690 4804 4681 3988 6306 4022 4431 6187 5507 3641 4906
1796 1397 3061 2987 2482 2852 1162 4215 1910 1522 3786 2724 3169 1431 1785 4036 2153 3685 1247 2399 1380 3619 2744 3201 3461 3949 4021 2393 3464
2112 2770 2294 3454 1936 4598 3385 4183 4366 4692 4793 5029 4889 4263 3422 3996 3837 4784 4959 2258 2265 2621 4312 2310 4676 4494 3714 3281 2435
5386 5675 5000 5209 4120 5583 5948 4455 5607 5368 5513 3583 6032 3411 5781 3850 5171 6153 6214 4199 4344 4266 3477 3991 4906 5072 4449 4409 6318
6156 7914 8305 6828 7502 7597 7272 5813 7893 7078 8463 7542 6824 8665 5895 6207 8171 6596 6780 8332 7013 7974 5815 5525 8138 6444 5743 7913 7078
6502 4773 6528 3642 5205 3978 3651 4295 5269 5168 5682 4291 3879 5397 5429 6243 3627 4929 3908 5619 4357 6125 4312 5572 4379 4154 4824 4911 5145
8411 7584 7850 6386 7750 7694 7601 7302 5910 7804 5482 7795 6658 7038 5987 6019 7056 5760 8355 7931 7710 5601 7572 7762 7902 7934 8103 6805 5930
5606 7888 5758 7376 6894 8119 6808 6844 8257 7782 5227 6868 7324 8091 6613 5424 5441 7807 7777 5613 6976 7987 8176 5289 5354 8235 7354 7569 7221
4939 4246 4129 4396 4275 4068 3633 4802 5518 3515 4398 3233 3645 3996 4040 4022 4906 3165 3408 5381 5516 3415 4206 3248 5637 5821 5960 4297 4114
2908 2696 1427 2581 3407 3576 3787 3595 3413 1354 2516 4138 2432 3695 2551 1669 3839 3727 3861 1468 2375 2061 2002 3956 2623 2052 1603 1727 2813
4376 3451 5111 4669 4764 5450 5349 3830 4709 4376 4378 3592 5180 3274 4231 5679 5487 2701 4301 2904 5746 4408 5579 4007 5510 5059 4747 2614 3981
4832 3247 3635 3711 3767 3052 3969 3567 3648 2901 4890 3201 4120 3020 3225 2158 4498 3605 4465 4168 4835 2327 2757 3659 3971 3863 4798 4238 4418
5386 4737 4291 3918 3523 5746 3564 5245 4579 3020 2858 3686 5813 4821 3497 5100 3620 5326 3479 4773 5372 3798 3761 5737 4543 4757 4391 4484 3100
5569 5998 5589 7165 5880 5373 5811 7562 5265 6959 6376 5267 6992 6714 5202 5701 5769 6117 6392 6740 5305 7126 5865 5636 4974 4723 5061 4671 7319
3616 5839 4737 3697 5849 5215 5045 5005 3308 3145 3737 3587 5509 5054 3688 6175 5088 3618 4859 6227 4632 3533 4315 4491 5447 5428 6161 4178 4659
3618 5204 4811 4866 4165 3994 3378 4246 3748 4772 5547 3913 4616 6340 4157 4752 4584 5044 3601 3923 5812 3998 5956 6412 4645 6441 4306 5426 5600
2748 5410 5628 4004 4100 4830 4998 4322 4060 2799 3526 4923 4105 4038 4526 5233 4865 4029 4964 3321 5383 4153 3352 4758 3286 5565 2646 4716 3422
6645 4686 5146 5907 6579 3924 5001 5323 6682 3653 5494 4822 3880 6408 4002 6351 3847 4955 4370 6558 4769 5625 4693 4369 6046 6738 5180 6076 3712
4046 2157 3570 3608 3995 3416 2158 2462 3655 3150 4576 2806 2831 2297 3739 2384 3458 3217 3942 4376 4767 2475 4249 2046 4290 3987 4500 3639 2019
2755 3197 2816 2586 3631 3630 4744 2547 5563 4385 4038 3757 2934 5252 4631 4757 5133 3654 2749 2576 5118 4120 4155 5461 4120 3648 2646 3620 2672
7297 5606 5192 6452 5178 7334 4591 5365 6123 7685 6697 7300 6978 6408 5660 7471 5576 5055 5628 4547 4722 7642 4884 5283 4594 5913 6710 5709 7253
4075 5906 4541 7826 4031 4023 7756 3117 2767 6098 3302 6453 6244 3394 3948 5481 5021 1415 7529 5064 7387 4870 2814 6811 4141 3394 4733 5533 6820 5381
2423 5114 4784 5687 4638 3068 6945 4896 2976 4973 3128 5992 4381 5991 2880 5964 6900 1748 7264 3062 5098 5142 3530 7397 1452 3242 5367 7161 7623 7071
4159 6681 5290 7007 4701 5678 5742 5252 3273 3729 2193 7269 6684 3199 4143 3269 6882 1828 7159 3837 5259 3214 4539 5237 1603 4959 4683 7933 6353 5903
2935 6833 4781 6709 3118 2730 7081 4460 2087 4203 3990 7007 5298 4717 5981 5257 5088 2273 7114 1998 6983 2613 2519 6094 2156 5552 4570 7540 8251 8014
4640 3949 5407 7302 3626 5283 6337 4556 1819 6548 2076 6439 7023 4613 4408 4291 4758 3698 4840 4102 7261 4153 4642 4485 4215 5558 3079 8039 6798 8098
3565 4001 5688 7121 5091 5151 6783 5318 1425 4801 2263 5803 4686 5224 5404 5300 6628 3479 6969 3514 5945 3150 1712 5344 3894 5850 3436 5668 7897 6615
3293 6316 6213 7749 3288 2959 5767 2259 4012 4730 2890 5279 5654 5281 3976 3221 5802 1885 6082 2381 5038 2519 4363 7110 4455 3829 3246 8496 8149 7402
4580 3861 5220 5696 3851 5344 8795 3725 1451 4272 4598 5073 5317 3856 3843 3763 5982 3526 6303 4402 4869 4429 1884 6940 3268 3638 5506 8008 6776 6939
5019 6755 4117 6831 3711 3039 6757 4860 3566 5101 2420 5932 5875 5320 4234 5800 7250 3195 6574 4331 6064 5194 2947 4333 1386 6048 5747 6131 5956 7038
4614 5806 3702 6310 5284 3293 6121 3533 1607 6722 2340 6887 6999 5098 5539 5172 5395 2673 7441 4753 7000 4669 2889 6454 3747 5205 2925 6359 6234 6995
3356 4693 4849 7708 3884 3940 8338 2855 2176 4253 1886 6600 5407 3784 4437 5718 6847 1467 5067 5066 4777 3496 3322 5324 4415 6212 2912 7423 7999 5620
4535 5361 6201 5915 4775 3832 8792 3624 3410 6370 4501 5805 6508 2887 5565 3940 5876 3409 5230 2683 5967 3485 2209 5035 2580 5225 5031 5804 5773 5671
4287 5921 3949 5750 5740 4532 7817 4177 2284 5839 1840 5573 4865 5347 5524 6159 5971 3352 7072 3051 5796 3323 4431 6239 4086 4465 4935 7954 6123 5266
2083 5352 3696 7324 5132 5661 5736 3763 2392 3886 4547 6777 4323 5418 5314 5895 5572 4194 5469 2107 7424 2990 4621 6537 3318 4698 2783 6595 7688 7350
4541 4352 4539 7780 3698 3465 7075 3941 2093 3768 1732 5132 6801 4912 3588 3338 4218 3434 7195 2965 5384 2332 3893 5008 1973 3390 3642 5712 7999 6976
2348 6506 4662 5684 4234 4148 8118 2485 3712 6018 4119 7283 5336 3676 4652 5355 5375 1684 5846 3279 5035 3855 1744 6856 1927 6174 3231 8051 6334 6431
3704 6107 6394 7359 3847 5815 7320 3466 1481 5364 4452 5255 5573 5589 3793 4883 6601 1332 6296 3865 7706 3739 2330 6670 1479 4256 5393 8550 7095 7519
3607 6945 4587 8759 3406 3263 6467 4876 3197 5998 3832 4727 5434 3868 5294 4521 4588 2844 5181 3489 6738 4836 2748 5395 3430 4747 2838 7846 5659 6980
2446 5377 6258 6084 4344 5326 6663 2270 4320 4105 2174 7544 4448 5872 5417 3036 4334 2831 6426 3297 6778 4138 3459 4648 4140 6403 4196 8312 7947 5321
4510 6359 4359 8260 5286 3764 6892 2937 3252 3729 1544 6880 6936 3615 3714 4134 4326 3842 7366 2710 5800 4008 4519 5798 2973 4701 4876 5605 7819 7571
4040 6332 5162 8051 5928 4071 7774 5291 1783 4084 3214 7393 5834 5163 3715 5924 4517 4299 7135 3065 7395 2402 1647 5585 3661 5434 5253 6289 5559 7026
2252 4852 4270 7894 4056 5003 8678 2373 2715 6765 3227 4557 5529 5622 4658 5894 6036 2587 5022 1993 5394 3774 2825 6713 2092 4477 4684 8556 8348 6274
2114 6768 5434 8769 4047 4625 8152 3011 3649 5523 3057 7215 4825 2959 4627 3221 4762 2603 4853 4154 6750 2749 2534 4642 1458 3988 3594 7207 5967 5440
4818 6532 5479 6015 4237 3521 6727 4493 1284 6080 2902 7351 6456 5086 5492 5989 5939 3537 7616 4327 4886 4016 4442 6094 2681 4594 3525 5422 7510 6255
2048 5357 3492 5980 5611 5280 6886 3479 2664 5739 2168 6746 6225 3717 4861 4468 4327 3452 6805 2554 6983 2176 2237 5299 2553 3401 4500 7703 5494 6173
4477 5024 4041 7121 3229 4837 8701 4403 1880 4496 4702 6739 5886 3021 4284 5310 7126 2033 6649 4969 7079 2394 2698 4510 1660 6330 5300 5434 6487 6701
2771 4456 6516 7200 3780 4708 7865 2978 2719 5374 3670 6008 4623 4873 3897 4816 4332 1803 4707 4725 6697 2821 3782 5296 1953 5334 5449 5501 5788 5156
4266 5770 5204 8774 5920 3985 7961 3348 4097 6803 2646 4407 5154 5943 5102 4324 6513 3101 6284 2803 7177 2312 4116 7114 2365 3756 4281 6802 6028 7825
4155 4065 6297 6333 5287 4660 8747 2408 2228 4305 4129 5370 5998 3908 5335 3306 4391 3416 5306 2955 7657 5085 4106 5242 3316 5847 3680 5567 6676 5279
20 6 27 25 82488 0.947551422950188
20 23 6 27 59630 1.0723260930389558
4 20 17 20 55056 1.0546037358286273
20 21 4 18 64528 0.9097057858135742
17 6 7 28 90286 1.0039462651871918
22 12 4 0 90180 0.9021765952890285
12 5 0 28 100026 1.0857931412471993
25 0 2 12 103054 1.0529204529500573
20 29 17 6 80399 0.9782965738777005
8 8 9 20 42020 1.0720971601040006
18 8 11 4 32671 1.0165957851293885
15 4 29 4 63212 1.0333279701929285
21 4 5 14 78033 0.9321971730123367
27 14 22 20 39777 0.9888677375414425
15 11 12 28 80437 1.0325670307351407
4 5 21 14 74023 0.9525607499283034
29 14 6 1 114571 1.003017050636055
11 4 19 21 73536 1.012018271068167
7 14 6 27 58619 1.0689148276857916
27 0 20 13 60866 1.063607816249962
17 18 1 4 87019 0.9282282329811049
18 28 17 10 52127 0.9494419250241097
17 7 28 7 36154 0.9340850233870085
2 17 12 4 63953 1.0722376452398454
12 8 24 28 98039 1.0322570004830012
26 2 3 12 101734 0.9620610698114412
25 10 14 10 32421 0.9203707879605879
29 22 22 18 41050 0.9707309654722835
23 13 12 1 77366 1.013740081991028
12 4 21 2 45844 1.0014993369022929
22 23 28 10 64378 1.0593541154648458
14 28 27 15 78673 1.04857435066371
25 20 16 1 90877 1.0486769508122813
18 25 22 11 57260 1.0888254403726263
27 18 13 2 96237 1.084806962624429
17 25 20 13 45743 1.0797468777721624
22 7 13 12 48099 1.0881783820725792
15 28 6 8 90460 0.9446721040995218
20 3 13 0 34550 0.9878386689567162
28 3 7 2 87203 1.0145974980491343
9 2 29 2 81347 0.950980740089347
20 21 8 7 73482 1.0574816459388052
12 24 2 10 65884 1.079135798862928
3 23 21 13 81260 0.9334200824790816
0 13 9 0 69219 0.9424774439756667
0 8 27 22 110480 0.9943773201634588
5 10 22 21 80694 0.9160481484646836
7 0 5 22 82806 1.0555945959769326
15 1 4 22 96107 1.0186942541198056
3 0 5 21 82088 1.067565228952509
22 13 9 14 62723 0.9111855219136155
29 29 29 19 46081 1.0933657151314449
24 17 14 17 28993 0.9676715178198045
3 19 27 27 94349 0.9012105524963092
11 7 27 28 107396 0.9832099880649202
29 27 19 23 41384 1.062036777883708
1 20 19 12 81333 1.0174218726152384
14 26 12 13 56043 0.9238667402727647
24 7 25 24 69090 1.0928825585724635
1 2 15 26 116662 0.932517160393951
5 29 3 10 73366 0.9590428636003578
15 13 0 16 61805 0.9667572373795661
14 29 20 1 107462 0.9917807619847532
22 3 6 3 85341 1.0152905899205376
16 4 21 11 36175 1.0789897252490617
17 14 2 20 67725 1.0357485014107901
16 21 8 10 52036 1.0362507998346306
12 17 10 6 32769 0.9205728480870695
27 9 3 15 89860 0.930452540611141
8 12 4 28 68368 0.9372386201552673
27 11 28 23 42988 0.9000967910622119
14 2 29 4 75858 0.9930705101562823
29 19 19 14 45708 1.0861681533378864
29 14 28 2 50806 0.9813297535217995
1 11 10 8 36443 0.9560265667986623
26 13 16 15 48387 0.9275180319890567
12 27 16 20 45637 0.938193416485742
29 2 14 9 67369 0.9718349703036628
8 12 22 17 57687 0.9079370866952566
15 17 27 29 66546 0.9767379249166875
28 15 0 26 112145 1.0033464045272924
22 4 15 24 79366 1.0507040329724049
19 3 27 8 40479 0.9594723480171992
29 13 22 25 62080 1.0243328608907336
7 8 13 1 40529 1.0149592862758947
1 0 26 6 107596 0.9902151647509299
11 6 21 1 58651 0.9083957883983098
10 10 9 26 47694 0.9348446162942687
28 15 24 26 51810 0.9858445533004081
25 11 23 20 48046 1.0332106929187623
5 12 7 20 41791 1.0667509734462914
11 10 21 23 69194 0.938110682645546
9 12 25 3 78177 0.9453901100264726
6 3 3 22 85363 0.991298186029792
24 0 10 20 94749 0.9983014714808692
19 15 2 11 73100 1.0830330547864537
3 22 20 22 54232 0.9583801369879748
24 26 9 0 115416 0.9818556310807819
1 19 11 9 58311 0.9356021229371452
10 15 0 24 51361 1.042227200035786
0 24 28 19 95472 1.0904659502333383
13 8 24 22 71400 1.0170760897020865
1 15 7 11 42351 0.9543237597088712
2 8 25 1 88938 1.022423227564532
3 2 21 9 75142 0.9665962361320728
6 13 8 24 48719 1.0644340123769036
23 21 5 3 110689 1.0588927006294733
27 25 10 16 69857 0.9184641612295746
11 9 23 17 62737 0.989710822040075
28 14 22 28 69434 0.9964432179165955
12 5 13 21 57532 0.9356503408959996
3 21 4 2 73966 0.9123856959185945
24 28 21 9 87872 1.0827630180960348
27 24 3 10 103075 1.0173689779985418
3 13 28 12 96128 0.9614732708231728
7 19 29 1 112763 0.9519495919886303
16 3 17 17 57445 0.942106078931659
3 29 28 0 151046 1.049919276614538
17 9 19 22 45138 1.027795256915802
18 3 6 9 54715 0.933159363778133
5 7 16 15 64112 1.0032575444628908
27 23 2 29 95095 1.0457920745042135
12 19 22 23 42975 0.9764590227927867
12 5 10 26 64202 1.0815260933571413
1 7 19 23 91349 1.0848399531826138
20 12 8 3 59119 0.9612767599088058
5 17 19 8 62339 0.934840679254974
18 8 3 22 76547 0.9350750264849129
3 19 19 18 53801 0.9678348750010838
28 0 8 7 82060 0.926168600223621
18 21 1 12 78481 0.9257627508432514
24 15 26 27 58433 1.0164245467960353
25 8 27 29 77002 1.0804271080653074
22 16 16 6 57925 1.006728437762532
10 4 4 17 51683 0.9538169321000548
13 6 26 23 92318 1.0665938153941887
17 15 23 26 54678 0.9791878333186735
21 4 5 7 61542 0.9385876403079115
23 13 14 4 58428 1.0407875949243635
11 10 19 25 70239 1.060541191742004
9 14 2 11 39753 1.0149557596351375
16 9 23 13 38760 0.9564474137692432
2 29 21 2 137303 0.9795547112447639
26 26 0 9 125063 1.097717132884051
13 7 2 16 64664 0.994129736029545
15 24 16 7 63358 0.9512816831889196
1 25 11 3 88045 0.9280119144829972
23 4 2 27 129648 0.9548345296147943
4 3 28 23 130475 0.9156906357972608
21 27 16 17 46647 0.912375729811686
26 19 4 13 91438 1.0237982644158996
13 2 8 21 71093 0.9773434299776321
0 13 29 23 119597 0.9272368849011737
24 29 13 3 127058 1.044106344221905
0 11 25 16 102043 1.0052089632016405
10 19 17 23 33286 0.9352856025981524
22 11 4 23 90908 1.054711326326705
3 5 5 25 77237 0.9062590398356131
5 18 25 21 75787 1.0504405695973063
3 26 23 12 104503 0.9116133727723049
29 2 6 20 119949 1.0060646384889491
8 15 19 4 64962 1.0942246951570833
2 10 23 7 65928 0.9366087199227032
3 27 10 16 51737 1.031656735809578
16 6 20 23 68107 0.9248426414364721
27 15 11 22 65945 1.0225649560345909
29 26 7 15 94594 0.9869693188755637
15 8 12 1 38160 0.9358021686705036
13 23 21 28 45527 0.9918994939807894
27 7 14 21 76456 0.9843729572963009
20 11 29 22 65300 1.04009969926947
4 22 25 15 85732 0.9721371866877028
24 21 13 4 90869 1.04551491305122
4 15 11 8 42274 1.0383350772886606
7 2 0 17 73995 0.956344317315828
25 11 1 14 91653 0.9107845925264463
23 12 29 8 28649 1.0927529588963296
1 8 20 13 63657 0.9066086172812423
26 19 16 28 59690 1.0964664411478815
3 7 25 23 103514 1.0685105830823145
4 20 2 12 32209 1.0163422938403717
21 17 6 2 91215 0.9091225256936974
1 29 19 9 117502 0.9949903201524364
7 2 24 9 71294 1.019334786903344
18 1 25 11 47648 0.9777373015937372
7 7 13 23 61159 1.0369624654064142
19 4 12 25 84885 0.9018736977543974
21 2 13 20 85803 1.0207499156119815
14 16 3 5 67142 1.0712149741732064
1 15 17 17 54602 1.00428283907945
4 22 22 18 67096 0.9693562902898892
13 9 23 5 49160 0.9176409842249326
20 25 17 9 58721 1.0886630455566328
27 2 21 12 47037 1.0078509603259052
23 0 28 26 103627 1.0563484864428117
21 18 15 22 25277 1.0554509063804614
0 13 15 5 70304 0.9732921242829496
6 29 14 26 52246 0.903190395166482
1 28 19 20 90979 1.0357161076786352
2 24 22 11 96482 1.0264439260481657
16 25 7 28 47165 0.9031306421646733
15 15 29 29 85536 1.0880577263719688
21 5 13 16 63994 1.0060929136506247
6 21 21 2 100409 1.0438195582922887
12 18 3 2 74008 1.0223122267425724
7 0 23 8 70629 0.9360343136876332
14 27 24 0 111380 1.0158391017868607
4 21 15 3 92816 0.947642034261553
8 5 28 3 77810 1.0949395905390749
27 7 5 4 78974 0.958229881397344
2 4 8 0 38012 1.0423015099566502
23 20 18 26 33375 0.9096346872771394
7 6 12 22 55693 1.039352216702725
4 2 6 25 96171 0.9182802485448684
2 27 4 6 80190 1.0149929499036001
1 5 11 5 40485 1.0546107006049936
15 25 0 17 64923 0.9562734829342318
8 9 5 24 61502 1.018549881960329
2 0 28 5 109589 1.0772399162344162
14 25 0 7 88482 0.9638837814789012
19 6 4 12 60149 1.0147973711048253
0 14 29 5 111508 1.0110611240581016
24 25 13 10 80622 1.0332717080470974
1 3 11 5 48429 0.9276034490577924
4 3 21 20 101332 1.0882183749253151
10 9 16 4 37233 1.0128213975061182
17 16 3 3 81696 1.0955253581652757
10 12 19 1 57133 1.0178537102077423
18 20 26 8 54138 0.95544338682546
16 8 8 4 35338 0.9312728139209512
20 27 22 18 41828 0.9161385703738406
26 8 22 17 45043 0.9773715379888674
21 27 1 15 99364 0.9546365371434983
8 28 3 1 105475 0.9497685309687434
19 6 8 25 80202 0.9329618610396241
8 20 14 0 73631 1.0361837098204663
27 25 18 19 39323 1.0977277343804779
3 3 21 20 100015 1.0839243660005082
13 15 11 23 38539 0.9389027158970416
15 11 16 29 79785 0.9370344657899738
26 0 8 6 77641 1.0234902749152222
20 0 25 28 111761 1.0093919015077593
7 0 22 29 133934 0.9907573410144106
22 7 22 29 96968 0.9307961117188909
28 9 2 26 125539 0.9877027201143729
25 12 5 8 64308 1.0385071125870513
14 9 4 13 47340 1.0497867479570906
15 10 4 28 83188 1.099665648867211
22 18 11 1 86472 1.045172470367181
6 24 24 9 94577 1.0285609564005618
5 9 29 6 76329 1.004631720310817
24 13 27 22 42266 0.9498367520116673
18 8 13 27 70925 0.9605712828488449
26 22 4 6 103579 0.9791076522753821
8 20 15 5 65069 1.0096935479461757
7 15 2 5 56132 1.037859643205636
1 26 21 2 129477 0.9133790188958989
27 12 19 29 76602 0.9710584379188668
15 1 19 26 93747 1.011444748311269
22 4 16 8 32151 1.0841208188416054
5 18 25 12 87038 1.0460373757313723
10 18 17 25 38765 0.9110802028372771
6 27 19 10 88655 1.0118352497632102
0 10 5 4 39401 1.0535104758606637
0 0 23 0 83126 0.9171206659424755
0 22 12 15 57409 1.0335247772770713
21 22 23 6 70165 0.9071270431560596
3 19 5 27 33723 1.0737583673150355
1 6 22 14 87806 0.9175156572057862
3 24 13 28 52334 0.9842114866685282
1 19 19 5 92997 1.099855804926513
8 8 11 24 49139 0.9435285343927173
7 9 14 14 42264 0.9364511099471295
3 11 27 20 100264 1.0246049598394393
7 0 19 8 59230 1.0844203566448738
5 3 22 24 113950 0.9736489972019754
6 26 4 15 48286 0.9859463300972077
2 24 20 19 64458 0.9861106485223872
7 8 23 15 66927 0.9077058970971631
24 0 15 20 93694 0.9005142745567823
1 7 26 7 74960 1.0488985062704972
26 24 14 21 41931 1.0842041611739888
24 18 19 26 43880 0.9231107224482942
24 17 6 2 99942 1.0479405108231283
17 26 16 1 85883 0.9359689703091802
21 5 21 17 49959 1.0567050107680465
18 23 4 0 105019 0.9537517001186704
21 24 13 18 45121 0.9957123482552537
12 15 27 23 70158 1.0355838622817648
18 11 14 24 46583 1.049368222427299
10 6 7 20 47926 0.9954516223769424
5 7 12 25 68832 1.0552477030952236
19 28 20 10 59960 0.9409933145294449
3 29 17 8 96577 1.0317669107656613
10 22 28 7 85667 0.9181827333229914
13 7 22 29 100608 1.0570898674192006
28 12 1 27 130594 0.9008040057572602
5 6 13 9 40698 1.082436995952495
26 1 24 9 36833 0.9016922787341138
27 15 27 1 44420 1.0675670079235609
26 25 19 29 43403 1.0682376761045227
16 22 23 17 34049 0.9030796303419215
26 7 9 23 91656 1.059851956039021
21 18 19 2 66536 1.094844472481797
27 5 6 14 81514 1.0986079067904486
1 15 29 10 107833 1.0502574539582554
10 12 28 21 76141 0.9670309797682258
28 21 7 21 69133 0.9961724638330709
29 23 18 3 96138 0.9697035914931673
14 14 26 22 62076 0.9118818300683598
17 19 15 11 42953 0.9466189208502175
2 7 16 22 78979 1.086116822425423
13 28 16 3 107832 1.0306393582315074
4 27 3 9 63367 1.0477068584417795
20 22 2 21 60524 1.0556907524734775
16 22 6 9 67161 1.0355816798251318
21 16 14 20 38342 0.9286847766304931
16 6 18 25 65953 0.9004654434640799
0 14 18 9 73974 0.9102930598184734
27 24 20 19 33804 0.9280694292057347
0 27 29 13 127267 0.9934978177394919
2 0 16 5 69504 0.9040612630794588
23 26 2 21 81184 0.9053951550490321
24 23 0 26 85046 1.0270606677282181
8 5 16 10 36618 0.9090775285402316
23 6 9 0 69833 1.0066227266044223
4 9 3 25 56104 1.0818680170585129
9 20 29 4 102797 0.9912281670324475
3 24 19 14 72467 1.0075228160257088
11 28 9 3 78116 0.9922025318104708
2 11 20 7 60306 0.9334913933832447
29 4 8 20 105368 1.0972284867872504
2 18 21 25 82765 1.0088261771906102
27 6 11 5 59621 0.983738141110162
11 15 5 2 63744 1.0083167431988156
28 11 2 18 99667 1.0798410529226923
4 12 27 23 106217 1.0794146296738807
3 3 3 16 48009 0.9925101413776692
11 0 29 1 65667 0.9526371902796732
5 27 25 13 108399 0.9673068042608155
26 14 22 1 70285 1.0588001190408118
20 8 6 24 81964 0.9989529973615072
23 13 10 18 58068 0.970629864284662
4 16 25 14 83231 0.9847814351565471
4 11 27 17 87641 1.0113054336976037
11 17 19 6 55942 0.9878841669589544
27 9 22 20 55437 1.0550620256973384
19 16 17 25 34993 0.9092527862220104
21 25 27 10 64103 1.001214336331111
13 29 28 21 73825 1.027502593156328
8 7 27 27 108750 1.0194091128290432
24 27 1 26 94520 1.0212866253718662
7 27 24 8 97427 0.908085682147637
13 23 24 2 100641 0.9153700569154801
17 12 11 7 36219 0.9209276149694704
0 2 9 7 55906 1.0057964111480406
8 25 29 27 72177 0.9112166275002774
15 29 0 7 114492 0.9128791839469451
1 3 28 20 131066 0.9817119236424782
21 10 29 13 37009 1.0249753332324267
9 23 0 21 37257 0.9311677874354002
3 5 1 16 52980 0.908119996696724
21 29 2 18 98184 0.9905889160195223
9 17 29 7 78418 1.012324258578765
17 2 3 16 86950 0.924579321723578
26 14 1 9 92128 1.0097370577941873
19 22 11 5 72982 0.9367330248556827
23 4 3 25 115704 1.0309128737333688
7 27 1 20 45076 0.9702957277647224
6 6 13 26 82986 1.090666817226038
23 11 20 23 57898 1.0724706060820233
28 6 18 19 65943 1.0041517603774264
15 20 23 27 57451 1.0892456868427622
17 22 9 26 37567 1.0551678190726692
27 21 11 17 59788 0.9188396549560759
19 18 4 27 71374 1.0364863922387528
25 22 24 7 65662 1.0910567099054813
27 8 12 11 52996 0.9878462677039169
19 18 9 27 58510 0.9362833937654944
20 6 24 15 49611 1.0263304857005906
11 22 20 3 81390 0.9691582319407982
8 13 21 17 52511 0.9361946865480473
13 11 21 29 94753 1.0208429594270059
11 9 28 24 90638 0.9459899264934418
27 25 2 8 109460 0.9230675662255555
4 21 16 16 55806 1.065925547566251
0 10 15 24 81691 1.047939199880989
29 0 20 29 122122 0.9605699962191652
11 6 16 25 72948 0.9625099609572149
9 12 8 24 42981 1.0532121803450791
19 27 14 9 73211 1.0612821305213436
9 20 27 1 103224 0.9148829937884692
27 16 9 25 78614 0.9708046722781274
29 8 9 0 75902 0.9263980737919085
15 18 25 2 81110 0.928003682641119
24 11 4 22 94988 1.096597158607761
13 24 5 19 41674 0.9904292036680692
3 14 22 3 94228 1.053468204784346
4 25 23 21 71530 0.9378463903867041
3 21 24 19 74782 1.0293093269558997
16 1 28 18 90837 0.9676646303035658
6 29 15 25 59109 1.0479792549542777
5 5 7 22 70581 1.0720832894601193
5 2 7 21 87218 0.9974127653021246
3 10 18 21 72438 1.0441877307303082
1 22 23 19 75446 1.052215484649227
16 15 15 0 63139 1.0815674338215944
28 0 21 13 60647 1.007437350733687
28 29 18 11 80016 1.0848107238935827
1 5 22 25 117922 1.036662927086014
4 17 10 7 45187 0.9380013586695937
18 5 8 9 41553 0.911225651450947
17 15 12 25 50598 0.9939347491222501
3 11 14 19 57865 1.0242362481722842
5 12 14 20 61527 0.9692008159579201
23 15 26 29 70751 0.9139415431879118
6 7 22 6 57171 0.985603200258572
25 6 29 29 92237 1.017670580622331
0 15 16 7 74920 0.9660531025069259
0 29 20 13 108406 1.0557504640159587
27 20 12 27 66217 0.9466254326662844
12 23 18 2 80716 0.950280595770282
13 24 9 18 31872 0.9112730902753619
27 28 20 21 41217 0.9375735382030218
21 16 13 25 51245 1.0255110838398578
16 27 29 2 114862 0.9401427002244958
2 26 22 8 104625 0.9201252536142556
13 2 1 14 75871 0.9015007039625675
9 19 28 16 66622 0.9503395311651086
6 20 21 3 95667 0.9521801520048123
25 18 6 21 72384 0.9724396761537086
22 20 26 9 59610 1.0331077923198382
7 8 10 23 44214 1.054535320993164
1 16 22 12 85784 0.903156007903828
22 12 9 29 98680 1.071505650773816
6 0 3 7 38835 0.9078958349530376
19 26 2 12 90437 1.0124623257860912
25 26 16 15 62530 0.9234388489608503
0 19 1 1 85158 0.9766919833435568
5 7 1 0 42017 0.9489837405760035
21 26 24 8 78988 1.0824409613052255
24 23 5 8 94797 1.0098614216169377
6 2 15 1 46328 0.9744846525023658
25 3 1 8 84882 1.0810757782299145
16 13 0 9 67241 0.903841333761075
5 15 4 2 57480 0.9287087049155178
17 25 27 7 77083 0.9558354058212881
16 12 29 13 59990 1.014413973680394
22 22 26 28 39274 1.0431616318885328
5 27 14 6 85937 0.9414146066496535
10 5 13 17 38973 1.0686987986081509
25 20 27 29 37803 1.0158559206186804
5 0 26 28 146040 0.9208730232403527
4 14 1 6 42814 1.0054875154502674
4 0 16 3 62558 0.9331632823509024
6 27 2 1 110940 0.9642114041467166
16 19 14 0 77066 0.9816735498475111
14 17 0 15 48076 1.0631561011771664
7 29 6 3 104452 1.0765255480585012
24 11 10 19 69153 1.041867517014113
17 5 29 8 42419 1.0636047808174467
1 28 16 4 124636 0.9686105631348438
4 8 11 19 46394 1.0669009846663289
10 7 3 11 31880 0.9534283068050343
27 12 7 21 86415 1.088359840207477
10 21 4 27 38270 0.9218227096710231
19 9 4 12 56453 1.0165707985975447
9 3 21 9 54687 1.0943711613940859
18 10 11 22 53956 1.073791823551948
20 20 10 25 47360 1.0925197934644406
22 9 11 19 63529 0.9642662109396396
1 20 25 1 133197 0.9314005384541552
19 4 5 10 57397 0.9935262634023098
10 25 21 20 50299 0.9941162185318768
9 1 14 19 64317 1.0800532113055052
21 23 23 11 60549 0.915715657264064
0 9 12 7 38578 0.9414382414084911
13 18 7 26 43459 0.922599485773345
8 11 12 23 46628 0.9911535964538394
1 28 25 6 139045 1.0521811836595427
4 21 0 8 54078 0.9965821535170848
27 20 13 27 62576 0.9549270019501047
26 22 25 3 74499 1.0726775463878433
19 10 1 17 69035 1.098699765529238
15 27 10 17 50503 1.0056578616163285
28 22 3 6 115868 0.9815198914207961
5 27 2 20 34832 1.0675428158346387
19 4 5 10 57397 0.9489330538544127
6 16 18 16 44860 1.0033045947659622
3 21 25 3 120214 1.0384815889451113
13 14 28 7 67068 0.9841611901637152
27 20 8 13 80061 0.9687665190880692
8 19 29 5 98224 1.095268207062195
13 20 1 21 51958 1.0720649804486397
1 16 19 29 86044 0.9607850934850758
29 27 4 28 96048 0.9279029018571273
8 12 13 3 44236 1.04092953738928
25 12 7 13 71669 0.9370032608568888
3 12 1 27 62249 1.0626130171211507
9 11 29 23 96563 0.9677494818985914
0 22 10 25 41088 0.9801716686322366
21 20 26 0 86672 0.9363370997978113
29 8 8 6 66070 0.9109101617959771
5 3 28 19 119048 1.0762080435961217
10 14 2 5 48797 1.0904427522608002
28 13 11 9 67381 0.9714733768807235
6 21 25 3 110704 0.9040039117034712
0 18 9 9 57798 1.0370937495454302
19 4 27 24 86937 1.0520352875829666
2 25 6 6 81513 0.9857816814501925
1 26 16 10 92299 1.0992406735286127
0 13 10 12 48227 0.9920337406046679
14 18 4 24 46713 1.0346092792876151
6 5 19 21 82295 1.0510490273195203
29 28 22 7 93606 0.9138657585843895
20 0 10 14 66220 0.9755548401623971
13 5 4 16 65740 0.9494963329576709
24 20 24 2 80366 1.0625939456369877
29 12 21 15 47579 1.0809027866739485
0 6 26 24 118613 1.0530177819191626
8 17 0 21 39912 0.9260815031479326
2 26 17 2 114661 1.097970392193988
29 8 5 23 107167 1.079967776354746
13 4 12 19 59817 0.9959609750874348
12 2 21 17 81199 0.9181557930005398
29 23 16 5 99228 0.9282053341830567
7 4 10 25 67374 1.0025670824058324
6 19 27 24 73458 1.0750809775392645
22 8 11 7 34822 1.0136849022556502
2 7 17 28 101204 1.0211130885596742
1 12 5 1 60776 0.9426346767272633
20 24 10 24 30321 0.9641152860565407
9 3 10 16 40371 1.0033580951698096
20 26 29 0 109021 0.9393424629787321
17 4 0 5 72892 1.0813059198998616
5 6 11 18 53702 0.9409985996845261
18 12 29 21 61492 0.970196188239285
22 0 24 29 125029 0.9114971144855566
28 29 9 23 73219 1.0866725668854271
18 26 29 26 41659 1.0476328359215827
21 6 22 29 98159 0.9638497078569587
2 23 28 13 107219 1.0101227392267258
16 9 4 5 50130 1.0522570142421508
26 26 23 7 81246 0.9209830555642535
8 6 18 21 70027 0.9473511225067015
6 21 8 9 47961 1.0058124244082645
29 11 18 15 54044 1.0696515137189286
12 13 10 24 34351 1.0010840861684354
11 9 17 26 72615 0.9613948381544899
22 4 14 23 81599 1.0297156743759468
29 28 3 0 157403 0.908581895709101
0 20 25 11 104168 0.9900485258920166
15 1 13 27 109646 0.9293003744854095
14 2 24 16 87672 0.90468788098025
1 23 9 12 67108 0.9560039492314061
7 16 10 3 44975 1.0428622707445316
3 29 19 23 72122 1.0325245997580077
13 1 26 9 72246 0.9032892747301157
18 15 3 3 76246 1.0532362346495592
1 13 7 26 61603 0.9865070830189714
28 0 20 20 87599 0.9672156614581239
14 9 0 0 74586 0.9720770452382244
6 7 22 2 70790 0.9302544814379963
23 15 10 24 67416 1.0683293219559369
5 5 9 17 53204 1.0126540016576802
21 6 1 20 101901 0.9270466288178686
25 19 22 26 37356 0.9260708178579176
23 1 16 20 87457 1.077309467670768
9 6 19 26 81397 0.9145884731133521
22 24 11 28 47824 0.9661619857619591
15 24 14 0 90070 1.0532985464082836
22 13 4 25 91541 1.091745053377232
15 28 3 9 98576 1.041998379678963
25 5 19 19 67185 0.9269405127878303
4 25 23 16 83083 1.08965969994654
11 7 1 13 50605 0.9121412434699357
9 12 2 21 55620 1.0111686157049296
17 10 22 0 45824 1.064366354566669
2 1 14 10 66545 0.9335108045755662
27 27 2 15 105957 1.0438940971839643
11 28 28 23 65955 0.9158764459686555
3 18 26 2 117136 0.9654034219526667
0 25 28 3 134316 1.091523801312388
10 22 4 26 30240 1.081633572201232
2 22 23 8 96805 1.086599685811322
25 3 0 15 116603 1.0654839459152132
19 12 10 13 42361 0.9175687513285681
0 10 18 3 69827 1.0820818375247232
12 6 23 29 110816 0.9101961561829405
8 27 0 4 98883 1.029529929081691
15 1 11 28 100932 0.9688939385616603
14 15 7 2 67837 0.9644624427563366
9 0 28 19 105289 0.904586040090369
20 13 6 22 65052 1.0043599751082446
25 20 0 22 87229 1.0679116790314582
26 26 5 14 104140 0.9306865216496083
29 10 14 10 47568 0.921670822209273
25 22 3 4 112144 0.9361276472265113
19 3 9 9 51550 1.0996639539183148
26 6 1 23 122667 1.0622082612862562
19 5 1 0 82034 1.002612049509818
0 24 20 6 101204 1.0631962240522728
8 9 22 24 79586 1.0662152883861777
28 20 14 28 66448 1.0432291340588777
15 5 18 12 35605 1.069815964484931
24 10 6 13 66333 0.9651202242939702
15 15 9 24 47652 0.9334146532269316
15 9 22 3 48938 1.0619094648854073
16 27 2 20 76264 0.9440701138092857
19 28 1 23 71840 0.9255805515704748
27 12 4 11 80803 0.9989169285924582
21 3 28 26 99788 1.060204349960431
25 20 8 12 76085 1.0397016755372388
3 25 3 10 48629 1.0372144655819837
27 27 27 6 71365 1.0800483983097005
1 17 15 17 40161 1.0073034254694844
3 16 25 19 73944 0.931980174134535
6 26 29 23 75123 1.0454269796950988
17 15 27 19 44175 0.9933877809158257
9 22 28 13 81743 0.9470826927967619
15 27 5 16 70527 1.0633965557084755
4 1 17 17 85490 1.0492318065478052
8 0 16 10 51642 1.0801597832510352
1 29 16 17 87027 0.9611621961785415
15 4 18 16 47620 0.9339374496625731
25 3 13 24 97033 1.0838756182168372
27 10 13 25 84834 0.9979910584342845
1 22 6 17 35062 1.0356504038832424
6 28 4 3 108390 0.9967455310011653
20 6 10 0 53468 1.0212954279302404
29 29 29 11 76714 0.9539811429983844
29 25 8 22 68019 1.0024410823719458
29 8 3 22 107138 0.997010242524873
10 7 28 29 109216 0.9628316203608847
25 24 7 0 116482 1.0891930838749828
0 7 18 16 72666 1.0962029374950062
5 20 3 6 60159 1.0561912897889199
9 27 22 6 99655 0.9911771579329435
2 4 7 18 68327 1.023885943340977
20 2 13 5 40384 1.035924853798442
28 17 18 18 33815 0.9982595518457407
2 6 29 25 127070 1.0900590681150752
22 5 26 27 99273 1.06157556671474
21 0 2 29 140650 0.9457325418079544
20 25 4 24 55257 0.9039660949370713
8 16 9 26 38308 1.0671386059045371
23 22 3 4 105465 1.0817922635766843
7 18 26 1 106437 0.992383460032749
26 0 12 16 97995 0.9284865169746294
17 0 16 28 93400 1.082357001897814
13 19 15 10 47224 1.0922915707347798
3 5 28 27 127286 0.9223371698426076
1 7 29 12 95600 0.9993210205445775
5 2 19 27 118076 0.9894881493331685
20 15 15 21 36539 0.9686696468486896
14 29 8 23 46735 1.0533338450987477
7 6 12 16 45975 0.9537403332748106
6 20 25 1 117285 0.9212308401730499
8 22 16 20 34740 0.9073538588558593
22 1 11 3 51098 0.902998352446674
14 14 27 24 66844 0.9991108957371553
2 0 0 14 70881 1.025821007621015
20 14 24 22 40729 1.0383719888389522
13 16 20 12 41536 1.0261959346266787
10 19 9 7 32878 0.9274432345581708
6 3 20 26 110628 0.9658802943696295
7 23 18 24 35382 0.9808912456719624
20 12 12 24 58706 1.0658187042405771
26 26 27 1 89060 1.0110212434396146
23 20 13 26 48825 0.9210374298430732
17 13 25 2 61604 1.0183615287218581
9 20 14 10 46189 1.0156976752483888
14 14 27 29 85279 0.9860805927759253
14 23 4 24 40936 0.9678504618804467
26 15 19 23 54841 1.0776803402784039
17 25 26 15 61519 1.0453537003966609
6 10 24 13 69351 1.0417800382623974
7 24 19 10 71406 1.080742913121628
25 26 26 3 88150 0.9238093346624129
9 5 5 26 73529 0.9912062965081787
10 2 23 22 89097 0.9615798244031319
4 28 18 9 93508 1.0093089443125551
4 26 22 2 121727 1.0270949932606102
19 22 13 27 35285 0.9754211719959514
24 13 16 1 68274 1.0073288652853754
17 14 0 21 77620 1.0305550731744761
9 5 4 12 39712 1.0820872225799354
15 21 21 8 56751 0.9214865939182951
2 5 24 0 93841 0.9335388398457716
10 4 22 11 50570 1.0106812828079612
23 12 9 18 67288 0.9622139710752228
22 16 13 11 59119 0.9692850469616343
29 25 16 25 43709 1.0218350498499025
27 6 0 10 81767 0.9371445583405347
29 9 17 10 41826 1.079125345656669
27 15 1 25 102515 1.0680062850075203
25 3 10 6 68043 0.9409306258493637
4 21 18 14 62600 1.0156893812218004
11 11 4 27 68879 1.0866800283002092
16 3 4 3 65010 0.987686452714043
15 7 0 11 54661 0.9631857836079557
14 20 3 22 41054 1.0133841799100383
27 23 3 4 121103 0.9438115989415391
21 14 2 28 100508 1.09834633451098
21 7 3 26 101965 0.9758168626379662
2 20 28 12 104451 0.9888840865011803
5 4 26 21 112451 0.9666444414737349
5 6 15 0 57724 0.9526106781918293
0 13 0 26 62023 1.0025843099657064
24 7 3 20 95136 0.9683226670015069
15 22 7 20 34532 0.9375720393284781
21 15 24 0 68978 1.0801356943756508
22 17 10 25 57011 0.9867382499942318
19 14 3 28 87312 1.0859785300238698
13 29 1 24 56865 0.927592909035458
26 13 15 4 64480 0.9489421918864368
28 27 1 0 153689 1.0665736437934452
28 16 5 13 91121 1.039964961724698
23 6 15 29 99742 1.0087463624591122
11 22 0 15 50482 1.03864128079625
15 24 6 19 43451 1.0184807532421336
7 25 9 0 76447 1.0610300575454223
4 2 0 21 84714 1.035848883972289
6 21 21 18 57871 1.0884276752966684
1 3 27 5 100814 0.9272038784430939
15 4 27 14 67040 1.085879958758211
7 15 1 23 51100 1.0313237881290598
11 0 0 19 80788 1.0567091996177904
8 13 24 26 88157 0.9530608772095127
8 28 0 2 115507 1.0232604076625398
16 12 26 18 54979 0.9730330451821447
19 10 7 9 39980 0.928066188664813
2 12 28 10 89381 1.0426444024723693
24 23 7 11 91407 1.0737834857226174
1 14 27 27 112060 1.0436217828500203
5 0 7 18 76627 0.935169603194302
26 6 4 21 107957 0.9517076261774121
24 25 9 3 104417 1.0204875223881915
15 14 2 10 56957 0.921825423244431
11 17 22 20 44590 0.9364211341458731
17 17 5 21 47544 0.9486044096269128
0 6 29 22 128355 1.0721333551401508
10 28 20 1 105543 0.9877098634947901
24 17 29 28 55435 1.0987476078707608
7 12 24 9 61825 0.9664726464770809
21 6 4 18 84523 1.0618828091837214
15 11 5 3 61745 0.9077427744053346
28 4 24 12 38738 1.0875559139445312
1 5 3 28 89871 0.9526565623636218
1 11 22 27 120458 1.0441521315009694
14 12 6 19 50021 1.0509822799491908
6 3 22 22 103926 0.900670620949681
12 24 24 10 72621 1.0196909150812
0 20 11 19 47346 0.9278480263535658
4 29 12 7 86142 1.0459398834912954
18 25 7 10 71308 1.0161901363995134
28 6 18 11 40031 1.027853438287098
11 17 28 0 95056 1.062344137712715
25 6 6 13 76470 1.0868367498741667
20 10 3 19 72827 0.9826703528787633
26 20 11 25 60892 1.0484268436904773
27 24 7 7 97820 0.9661671377899519
4 29 11 16 58947 0.9586349620761743
2 1 0 20 84880 1.0403272472805043
20 3 6 8 54682 0.912153043449434
4 17 3 8 33268 0.9334903872401054
1 6 25 19 107840 0.930703116951947
28 29 13 16 79815 1.0079309278347806
15 22 0 22 50315 1.086531987543829
8 8 19 23 69177 1.0430879910534423
10 10 13 0 35562 0.9969711906535997
15 3 8 16 67426 0.9609981914978055
20 3 29 6 47569 1.0331240775648864
12 25 18 29 31937 1.0673150137749836
16 1 8 28 108525 0.9824597638033705
20 3 6 19 85863 1.0051302404157625
21 21 7 27 60354 1.0381374601574906
16 9 21 4 36352 0.9986415469749582
0 21 12 10 71251 0.908421184788058
12 18 25 19 47070 0.9106649388739516
29 28 21 12 87013 1.0258857920821691
14 16 0 29 83816 1.082723163085157
1 29 12 15 82727 0.9544998745552804
0 27 29 21 104526 1.0889722412894698
2 21 13 0 92892 0.9785747839296818
22 14 1 20 86975 0.9487913838901839
0 11 11 15 51840 1.0479101173175687
7 22 16 11 62986 0.9238547651667778
14 27 20 5 83046 1.0600287170812006
1 18 28 10 101995 0.9276885180158605
20 1 6 12 76911 1.034697639769221
8 2 27 23 112554 0.9958031373476901
13 3 3 1 55387 1.0553743994650928
28 13 9 26 95134 0.9672563369287196
5 13 17 27 87900 0.9726421872402466
22 18 27 27 52059 1.0765741314266768
28 7 23 12 28134 1.0949234334992468
26 17 23 1 72255 1.0660727385237405
17 21 24 10 53225 1.070358218986943
7 0 24 11 81342 0.958692762615325
16 18 10 13 34752 1.035993591650714
26 10 19 19 53661 1.0509365630848468
29 29 28 9 78544 1.0077371183093198
21 11 13 17 44118 1.02235046531072
12 28 5 20 53646 1.0579309764553697
21 4 15 0 34829 0.9800561722287522
6 5 13 18 60204 1.0302371305670808
11 19 25 1 100532 0.9285185262829936
25 7 10 26 92935 1.0862366709940692
17 12 24 17 38966 0.9643252185872614
3 2 18 10 65975 0.9348639189857326
6 15 22 2 87794 1.0580946289298474
16 8 23 15 44236 1.0018400467093767
1 15 27 1 116804 1.020302231639699
6 10 17 19 56777 1.037412274312198
29 24 5 26 73276 0.9524325381955255
7 27 18 2 98797 1.0582779344799575
25 6 24 16 46517 1.0353819034705485
26 22 16 10 66977 0.9320464004111066
8 26 23 25 54112 0.9808358589864967
29 24 0 28 98714 0.9216292067733631
12 13 16 29 79430 0.9390669987099612
20 27 23 18 44449 0.9414887801015327
2 3 17 1 74699 0.940745263580467
14 12 9 19 40405 1.0403749965489697
8 15 29 20 79850 1.0324662363041317
14 13 23 10 40347 0.9655491407667292
28 15 7 15 76236 0.9248149649373927
17 27 8 9 80193 1.047574585535902
20 9 29 18 59239 1.0882049303641204
27 24 11 10 84384 0.9153098709268644
5 11 1 28 83517 0.9088876021111606
2 29 25 12 129707 0.986708796655374
1 25 28 26 89627 0.9673783089088426
17 21 29 10 70540 1.0524209959262663
13 15 24 13 56237 1.030432750964137
7 14 14 10 33833 1.0540568544850255
6 6 10 17 44423 0.9520252074093507
13 19 28 7 73849 1.0116710796174613
8 20 18 23 42963 1.0104602217700802
19 4 3 3 69304 1.0284766884197507
4 8 21 9 48559 1.0275981477781069
1 20 27 9 112165 1.03846891477658
25 17 12 28 75836 0.9006121190154016
5 12 19 20 72522 0.9819559874206351
29 20 24 9 54409 1.000203760471192
2 25 12 8 73984 1.0912457757226457
16 15 21 25 49438 0.9650958750893895
17 19 4 3 84680 1.026405390142182
20 23 2 5 102344 1.0310117105882357
3 4 10 19 60575 0.9433613129622567
9 3 2 6 39831 1.0508127798626619
26 7 23 15 39179 1.0633381722325785
9 20 21 27 63303 0.9429333729686582
17 3 8 27 95721 0.9227348658204554
4 2 21 6 78863 0.9551364418468612
28 1 13 4 66426 0.9264701507400888
10 6 10 21 36604 1.0242921245696288
14 11 4 5 47735 0.9188781939661103
12 19 21 11 53919 1.0423675466914077
28 0 11 10 77335 1.003227907859736
25 1 7 23 116964 1.0836873786891292
23 27 14 5 98824 0.9899957091793257
29 18 9 13 74778 0.9410864885186394
4 7 11 14 36498 0.9459271210669885
5 12 21 8 59850 1.0984412551160114
15 14 13 1 70698 1.0053448670935117
29 0 21 7 49436 1.0141681911721556
28 25 24 0 95161 0.9376571831461878
25 26 22 6 88806 1.0274789391015313
28 11 17 15 53195 1.0470822338373615
21 12 5 8 51049 1.0063861905754015
26 10 22 20 55957 0.9037865139396785
21 24 8 17 56885 1.0083769309479838
16 13 0 6 73282 1.0577900832887757
26 27 29 19 40009 0.9332226321393525
3 4 9 22 70862 1.0797474042615764
17 6 0 23 96689 1.0809894550345513
18 18 24 22 29191 0.9770374393531464
19 18 25 12 45788 0.9028302224560053
2 1 22 20 118912 0.9764203373385734
20 8 4 29 104476 0.942385900899946
10 10 0 3 51430 0.9171955847829435
19 10 24 21 55532 0.9157400408778807
1 2 15 10 68475 0.9998809279918356
2 9 13 28 92485 0.903440525435962
18 14 4 13 65892 0.9851089136695612
20 13 9 9 49216 1.0806221028107357
20 2 1 10 76515 0.9854414371596576
26 11 21 19 48343 1.0519710850714823
21 18 2 11 84682 1.0539138391507334
10 11 20 14 49644 1.095838239175484
24 21 5 14 84052 1.0782324724492545
9 4 1 23 86046 1.0772236938977497
16 1 5 17 83982 0.9148780871060572
20 8 28 16 48645 0.929223511087572
7 7 28 23 105646 1.0681568316766012
16 5 6 0 54205 0.9030988366668236
23 18 2 15 71262 0.9172863376146955
13 4 22 29 114811 1.0785488878552023
11 2 17 20 73195 0.9664673907566249
7 21 8 12 35989 1.0967881668948438
0 1 3 11 55346 1.0349057894011662
10 10 20 21 60007 1.0982418361604518
23 23 27 13 47435 0.958040693514058
0 17 23 18 67216 1.0005126542157907
12 0 23 22 98630 1.0086094301116921
16 20 1 11 82287 0.9524359879873557
18 13 23 24 45528 0.9664374142165226
3 16 24 17 65007 0.962160536582524
16 3 1 8 64915 1.092640001325542
26 28 20 5 103138 1.0868768928250832
10 10 0 25 67635 0.9050539458333116
6 5 14 2 40105 1.0179261683425014
27 29 11 17 80935 1.0251858456268608
12 0 20 23 94381 0.9018014953745924
28 15 1 23 106404 1.031307465269379
7 7 15 29 96229 1.00738351607432
5 16 5 0 75178 1.0172260857868343
10 8 24 22 76780 1.006444299412939
11 13 16 27 67383 0.9122005649453084
29 11 20 25 72393 1.0608263921839423
0 20 11 25 56659 0.9359118881103972
29 23 23 13 58883 1.0742848983806967
8 28 17 17 58173 1.0935438796033667
25 6 2 7 74513 1.0203649805334565
5 27 20 22 63675 0.9492122223409574
4 19 16 7 70416 0.9013918956614498
14 25 18 2 76618 0.912092585772852
20 25 23 12 61941 1.054437300716037
6 4 14 10 42616 1.0836252326797717
23 4 17 0 36858 0.9281845124629923
9 27 22 29 71532 0.9121305682919801
21 1 20 19 70859 1.0718345775763107
10 5 2 26 80039 0.9372643228669248
16 5 9 0 41313 1.06452648588027
9 23 8 0 73626 0.9233154196918707
15 17 28 5 65682 1.0889871867497087
1 23 7 6 81275 0.9926396663586896
1 19 27 29 106906 0.9411451625936662
5 17 29 20 80467 1.0854723977633975
20 14 5 22 63744 1.0706437597897573
10 18 0 16 33737 1.0465843239427155
0 0 21 1 84146 0.9852522322673496
22 12 9 11 52656 0.9384164876565292
7 27 12 1 87663 0.9127037244276441
13 26 20 18 42459 0.9456701794992218
11 15 27 7 69518 0.948872578360546
17 21 6 0 91905 0.9414092470046113
12 10 25 11 42334 0.9799987843505134
4 21 18 19 52623 0.9207512726717889
26 3 13 18 89211 0.9601002516029323
13 6 27 1 69797 0.9237137479753846
15 1 15 16 78151 0.9501026064857437
29 8 9 11 61510 1.0766863430138731
24 0 13 23 104407 1.0639473146563065
4 0 15 19 88983 1.075470420250607
19 17 7 21 47550 0.9988966542488545
14 21 22 2 87696 0.995892883082705
1 10 23 20 94680 0.9487008034666654
7 24 6 9 62155 1.0885617981657678
21 5 11 24 83744 1.0176595847499568
9 27 21 16 70425 1.0991746788414916
18 5 0 12 72772 0.9230943915442248
19 15 28 19 39948 1.0056652348556367
13 10 0 2 65349 0.9683964527385457
18 5 19 29 72154 0.9576735536032
5 22 5 3 83975 0.9905440623779533
9 1 9 29 89036 0.9897439748260768
6 6 18 18 69866 0.9838914660311873
16 5 27 5 49945 1.0016933143891529
21 7 1 21 100742 0.9337436566444615
5 17 28 9 91003 0.9928724286267654
12 1 2 3 53164 1.08407491592295
1 12 24 7 82479 0.9997103894279822
17 26 0 15 83410 0.9806124569840525
27 15 16 5 64963 0.9486331522848879
0 23 9 18 50422 1.0865050727594763
11 1 18 24 85382 0.9468546673376329
19 20 17 7 46343 1.0873513525595981
4 24 15 3 96819 0.9976066157007057
24 12 20 5 37550 0.9612878621224213
4 26 27 11 108788 1.0742067844088363
26 17 18 15 30692 1.051900152696928
13 28 29 21 73119 1.0156639120288853
8 25 11 6 57987 1.0947076796579382
22 22 14 19 31952 1.0934150934949924
5 29 14 4 107830 1.0193787489408
20 17 5 24 63414 1.0262712545093247
27 13 25 0 49678 1.0652920748099948
4 5 17 25 90813 1.0618165088411406
25 3 2 3 105075 0.9286477984498829
8 0 26 7 77200 0.9362356873338635
8 29 10 8 66788 0.9660310357656289
11 16 6 5 48905 0.969345597487304
18 9 0 29 111677 0.987935048269035
0 28 5 13 66859 1.0770870246173136
9 17 2 29 64729 0.9034992171065573
19 4 7 29 109784 1.0098675734457974
20 24 27 1 91392 0.9898455278659385
