4623 4602 5059 4887 4998 5091 4581 4996 4582 5042 4478 4913 4655 6178 6244 6058 5946 5764 5985 6341 6054 5837 5920 5950 5696 5689 6256 6173 5773
3628 3362 3053 3515 6211 6412 5864 6195 5852 6143 6081 6273 6021 6186 6238 6265 6254 6101 6353 6152 6071 5947 6103 6465 6249 6469 6471 6469 6248
3058 2909 2779 3430 2829 2815 3202 3105 2787 3030 2928 3058 2860 3698 3374 3759 3420 3777 3405 3677 3237 3746 3670 3391 3417 3280 3556 3210 3442
7041 7377 7179 7168 6985 6987 7059 3242 2756 2962 2825 3217 3080 3349 2744 3321 3322 2719 3056 3176 3079 3257 2709 3074 2862 3234 2813 2925 3166
5750 6029 6286 5705 6295 5777 6264 5760 6167 5900 5828 5986 6034 5824 6220 5894 5727 6289 6281 6297 6295 5707 6336 5900 4148 3872 4237 3901 4274
3895 4129 3943 4096 4005 4292 4177 4191 3878 3854 4224 4283 4265 4236 3935 4393 4374 4129 4016 4051 4149 4275 5609 5596 5176 5487 5577 5425 5034
6626 6658 6808 6903 6425 6935 6961 7012 2160 1688 1996 1824 1614 1966 2139 2097 1882 1891 2171 2147 1841 1668 2213 1979 1915 1640 1612 1651 2112
7053 6954 6451 6403 6759 6890 6911 6648 6451 6667 6442 6818 6506 6576 6454 6976 6574 6741 6523 6676 6830 6950 6605 6680 2546 3126 2665 2603 2767
3003 2861 2969 3127 2756 5631 5096 5458 5497 5352 5213 5166 5525 5275 5427 5545 5473 5106 5478 5487 5628 5602 5127 5033 5470 5114 5081 5246 5245
1329 1647 1423 1199 1133 1193 1602 1627 1175 1067 1326 1561 1100 1591 1168 1322 1382 1651 1660 6504 6612 6671 6920 6863 6788 6503 6843 6979 6635
8705 8640 8427 8267 8109 8306 8426 8297 8363 8414 8623 8701 8197 8047 8505 8659 8635 8605 8262 8267 8689 4670 4870 4738 4308 4669 4634 4665 4510
3698 3659 3916 4102 3866 3782 4084 8070 8006 8126 8476 8068 8348 8453 8601 8256 8495 8108 8312 8428 8257 8176 8559 7984 8595 8341 8129 8428 8547
4489 4351 4512 4975 4415 4945 4967 4702 4978 4604 4618 4933 3551 3777 3479 3375 3300 3642 3418 3475 3458 3298 3658 3418 3322 3650 3434 3506 3360
1237 1174 1320 1478 1265 4061 3815 4262 4367 3894 4366 3921 4182 4380 3943 3745 4179 3740 4058 3830 3964 3915 3871 4016 4109 4362 4255 4328 4061
5746 6043 5907 6043 5837 5595 5631 6062 5860 5923 5578 4036 4307 4141 4277 4183 4173 4015 4052 4391 4533 4046 4292 4488 4429 3964 4623 4529 4269
8841 8838 8820 8746 8746 8365 8871 8558 8740 8660 8395 8341 8323 8658 8649 8789 8781 8711 8381 3183 3242 3040 2774 3245 2717 3235 2995 2843 2933
7868 7889 8357 8194 8231 8480 7968 7974 5009 4885 5195 5141 5489 5435 4962 4989 5408 5105 5468 5196 5476 5241 5296 5249 4980 5188 5079 4999 5421
7558 7432 7560 7387 7520 7665 7440 7862 7862 7284 7411 7862 7784 7522 7264 7276 7195 7008 6767 7046 6927 6865 6935 6994 7401 7386 7000 7114 7078
1639 1343 1392 1446 1728 1384 1671 1369 1811 4027 3778 4251 3907 4336 3895 4280 3831 3880 4225 4315 4007 4147 3916 3934 3815 3820 3693 3830 4174
3714 3536 3951 4007 4036 3901 2820 3290 3400 3341 3072 2762 3119 3001 3375 2915 3008 3294 3382 2911 2736 3175 3153 3153 2916 3304 3296 3055 3079
4512 4061 4039 4567 3992 4347 4033 2931 3007 3105 2624 2694 2851 3249 3032 3160 3172 2680 2828 3218 3212 3241 2618 3029 3133 2681 3142 3107 2626
1267 1251 1502 1244 1513 1643 1825 1304 1849 1307 1799 1782 1801 1484 1451 1557 1431 1652 1670 1703 1259 1536 1585 1387 1594 1792 2428 2534 2949
3653 3872 3948 3703 3599 3705 3780 3583 3372 3692 3448 3802 3676 2356 2458 2430 2877 2683 2644 2621 2253 2693 2452 2250 2383 2290 2373 2291 2854
1837 1893 2303 2268 2200 2292 2249 2000 2201 2135 2235 2153 2170 2977 3124 3267 3265 3143 3128 2617 2893 2837 2797 2953 2957 3241 3107 2791 2811
3541 3363 3468 3450 3660 3421 3602 3509 3686 3205 3674 3139 6418 6237 6068 6294 6493 6651 6576 6438 6312 6102 6713 6321 6264 6192 6353 6230 6124
7355 7295 2811 2199 2588 2433 2458 2468 2343 2782 2837 2781 2351 2282 2748 2407 2263 2280 2568 2633 2367 2706 2801 2714 2416 2561 2592 2514 2485
7143 6869 7101 7158 6966 7209 7394 6793 7086 7187 7420 6979 6965 7081 6945 6858 7194 7291 7375 7093 7296 6806 5581 5134 4959 5574 5495 5304 5412
4703 4632 4365 4755 4596 4746 4713 4614 4681 4866 4754 4698 4536 4735 4372 4788 4861 4485 4287 4719 4246 4710 6754 7130 7361 7223 6791 7359 7022
6233 6544 6399 6318 6212 6356 6252 6452 6656 6414 6244 6073 6417 6249 6643 6295 6643 6698 6596 6700 6577 6196 6334 6726 6279 6564 6522 6464 5252
6282 6554 6129 6208 6279 6089 6433 6167 6568 6272 6004 6563 6282 6504 6351 6139 6358 6436 6272 6527 5987 3467 3464 2888 3449 3154 3072 3068 3467
1828 3331 7027 7928 8350 2164 7817 6450 2327 4710 8480 2515 8284 8261 4639 8328 8302 4046 4515 7509 7999 5746 4364 1942 5231 2615 7152 2157 2361 3108
1847 3432 6499 7686 8358 2489 7609 6304 2151 5079 8757 2926 8200 8190 4493 8189 8202 4284 4361 7942 8256 5675 3922 2416 5124 2738 7201 2207 2730 3102
1971 5104 6983 7658 3399 2394 7701 6010 1946 5102 8511 2883 8155 8586 4331 8338 8531 4106 4660 8040 7928 5981 4334 2443 4977 2677 6704 3536 2280 3410
2417 5021 6738 8232 3185 2472 7747 6108 2130 3183 8602 2962 8257 8737 4193 8417 8025 4131 4353 8078 7914 5570 4388 2149 5355 2398 6811 3774 2435 3203
2256 4569 6654 7938 3438 2475 7733 6473 2062 3537 8514 3009 8545 8678 4594 8098 8099 3922 4497 7845 8180 6091 4249 2524 5526 2819 7355 4006 2284 3073
2273 4630 6961 7862 3516 2493 7857 6262 2159 3469 8204 2786 8216 8419 4204 8215 8544 4005 4727 8110 8316 3055 4505 1970 5493 2524 7218 3577 2633 3109
1850 4621 6728 7974 3538 2412 7751 6096 2291 2993 8438 2936 8500 8343 4684 7835 8108 4223 4736 7836 7980 2481 4140 1598 5386 2598 6889 3748 2595 3657
1909 4659 6525 7881 3424 3428 7789 6410 2064 3374 8850 8102 8641 8186 4716 8256 8460 3887 4576 7993 7999 2923 4043 1680 5457 2580 7287 3986 2619 3547
2289 4593 6615 7689 3491 3053 7625 6056 1975 3474 8319 8130 5951 8265 1595 8428 8335 3985 7636 7709 8445 2754 4311 1673 5559 2485 6753 3827 2161 3330
1899 4644 6513 8209 3617 2923 7423 6098 2148 3385 8408 8370 6121 8560 1352 8399 8424 3995 7359 7871 8241 2848 4341 1381 5173 2380 7038 3963 2325 3316
2168 5108 7080 7994 3045 3002 7612 6198 2336 3009 8439 8571 6160 8323 1878 8422 8567 3812 7120 8018 8196 2540 4494 1756 5072 2721 7007 3596 2306 3344
2094 4583 3916 7952 3036 3224 7784 6410 1762 3438 8425 8075 6169 8338 1691 8312 8283 4176 7349 7586 8009 2967 3897 1885 7690 2619 6867 3730 2376 3336
1864 5054 4328 7916 3638 3405 7795 6013 2121 3198 8222 8653 5756 8606 1895 8314 8339 4050 7145 7771 8016 2749 4063 1784 7621 2309 7163 3668 2442 3496
2284 5072 4507 8008 3337 3315 7390 6407 2150 3082 8457 8211 6393 8507 1271 8426 8380 4123 7392 7730 8463 3089 4392 1963 7900 2871 7075 4133 2703 3565
2103 4712 3870 8014 3113 3005 7438 4153 2306 3090 8757 8192 5874 8206 1872 7984 8563 4388 7127 7837 8151 2989 4141 1363 7884 2832 7173 3616 2758 3641
2049 4840 4182 8258 3652 3311 7990 4267 2378 3233 8714 8083 6310 8278 1753 8031 3289 4090 7087 8098 8155 2707 4062 1623 8063 2494 6809 3825 2330 3144
2284 4684 4248 8126 3288 2879 7830 4535 2196 3307 4665 8721 6213 8252 1724 8216 3121 3754 7300 8135 8342 2496 4187 1872 7954 2292 6970 3844 2553 3375
2137 4768 4049 7851 3348 2821 7884 4202 2195 3348 5135 8603 6226 8218 1436 8088 3078 2201 7449 7538 8310 2949 4048 1352 8087 2888 6704 3604 2637 3177
2064 4889 4099 7863 3083 2832 7749 4678 2303 3640 5219 8123 6175 8436 1533 7832 3331 2237 7502 7944 8436 2906 4481 1741 8003 2454 6920 3654 2654 3264
2074 5046 4339 7900 3601 2858 8258 4638 2015 3086 4894 8312 6027 8316 1637 8129 3254 2143 7695 8052 8130 2943 4431 1359 8010 2308 6790 4124 2670 3351
2359 4882 3890 8081 3381 3434 8539 4397 1794 3090 4928 8617 6276 8419 1679 7950 3143 1739 7093 7525 1533 2699 4248 1806 7974 2705 6914 4056 2362 3109
2333 5045 4283 7689 3498 2857 8644 4760 1745 3346 4633 8725 6237 8374 1245 7611 3158 1677 7415 7641 1630 2690 4277 1415 7898 2406 7030 3977 2157 5703
2268 5163 4036 7646 3068 2848 8548 4535 2259 3344 5000 8430 5829 8312 1849 7429 3303 2324 7714 7940 1638 2520 4446 1830 8167 2852 6865 3740 2374 5641
2101 4529 3897 7971 3672 3374 8171 4602 2141 3287 4696 8258 6008 8785 1817 7621 3186 2298 7148 1688 1649 2668 4470 1677 8024 2491 5813 3526 2811 5934
5858 4709 4121 8288 3167 2986 8105 4494 2006 3098 5167 8227 6201 8698 1607 7355 2938 1830 7070 1640 2021 3100 4043 1928 8039 7372 5917 3529 2180 5702
5932 4867 4121 7855 3673 3130 8364 4576 2372 3421 4769 8360 6379 8357 1253 7434 3116 1995 7484 1823 1982 2849 4337 1920 8148 7226 5638 4173 4880 5894
5771 5031 4218 7794 3293 2902 8137 4199 1834 3486 4649 8190 6366 5077 1553 7432 3067 2097 7418 1700 1823 2665 4181 1308 8181 7334 5958 4015 4777 5765
6362 4832 4108 7853 3322 3225 8596 4157 4888 3372 5010 8601 6342 4444 1464 7532 2810 2101 7564 1393 1660 2762 4394 1725 7766 6795 6156 4182 5065 5589
6368 4850 4503 3600 3051 3010 8536 4191 5117 3247 5013 8300 5982 4985 1336 7456 2838 1796 7645 1547 2160 2865 3770 1947 7876 7043 5812 4175 4673 5979
7 24 24 14 48673 0.9442685537691579
14 25 9 5 59772 0.9443378953506658
10 18 1 10 49338 0.9449934853771099
7 22 15 15 48433 1.0127490526275544
2 7 8 29 58405 1.0268815220014855
21 18 16 29 35415 1.0738517872622566
6 22 28 5 75682 1.0701933771503944
20 24 4 2 79729 0.9839077440444575
7 15 8 26 37931 1.0710115102522018
24 17 18 7 28241 0.9040980983204984
26 10 6 10 53927 1.0712447792360278
19 23 25 6 40108 1.072874511653333
19 20 0 19 68331 0.9641271801161428
23 14 7 12 40098 1.04937716629549
4 4 23 11 59241 0.96788569534094
3 18 24 25 57486 0.9478393904798336
18 4 25 22 43761 0.9209175825312769
11 2 29 20 71803 1.030527215198417
5 3 26 28 89142 0.9584269773223388
18 21 9 15 40160 1.0775689723665227
28 13 24 21 30885 1.0898445758524369
26 19 6 4 62788 0.9740546367894881
14 9 0 12 49542 0.9795148310878549
27 20 0 17 76384 1.0298969061166792
16 22 23 11 37664 0.9302157846639676
24 4 16 21 51087 0.9426365033838396
21 0 25 29 57157 0.9584127560144423
18 17 7 12 44161 0.9978701259855733
13 27 7 10 60296 1.0241178498485717
2 17 24 6 75130 1.0011434528830523
18 17 10 25 42467 0.9469487089701063
11 17 24 7 48806 0.9214851052943798
21 5 10 22 52012 1.0025887934410243
6 14 9 25 29606 1.0004206824798314
18 8 3 9 35029 1.0847299140954108
2 18 11 6 57262 1.0396129152265745
23 6 20 17 24453 0.949021893382715
15 15 5 13 38043 0.9889701292803764
15 14 27 2 51231 1.001842962775074
29 10 10 6 66285 0.9175285192982924
23 8 6 23 52706 0.9016858315899535
29 17 15 27 47468 0.927175639349833
21 16 13 21 30493 0.9152884274016898
2 2 15 2 39745 0.9979016008234172
12 26 0 2 86676 1.0538263659564864
6 27 1 8 46891 1.015117080015058
26 29 12 24 45917 1.0427742499788881
26 11 4 14 61806 0.9633793306946441
20 28 29 9 59018 1.0660891914283683
4 19 17 10 69642 1.0680737076505642
2 16 29 7 90512 0.9320905332822178
2 22 22 1 76785 0.9279513823445503
1 10 18 0 58671 0.9633652271516628
29 18 15 2 64596 0.9688926459531081
14 7 21 23 45115 1.0503327886424905
25 29 0 21 71779 0.9940954390038138
1 11 17 6 56814 0.9314041713362083
6 1 8 21 54570 0.9387660893878836
7 8 3 0 28186 0.984167747790959
17 16 29 0 74378 1.0019543447141908
19 12 2 25 62428 0.971797036669155
0 13 21 19 70530 0.9432966776477261
0 5 17 10 57562 0.9035475533162042
26 3 2 2 73326 1.0573152672039783
20 2 18 23 41693 0.9577454348923004
14 17 13 8 36907 1.0422002690363952
29 5 8 25 83451 0.939249882856642
8 23 17 15 48951 1.057456395077063
1 18 17 0 75392 1.0415929909045176
19 15 26 4 38484 1.0699436947610836
22 7 27 25 53763 1.059798783657365
4 0 17 27 84680 0.9721673789621594
7 26 14 17 48667 1.018110883830552
14 13 24 0 44048 1.0012226952585317
27 11 3 7 66757 1.054650046603467
7 29 15 22 32016 1.0860151063444408
21 6 0 18 77152 0.993379698138703
17 8 13 23 45252 1.0233153054130455
16 7 8 29 76508 0.985827144276761
29 15 19 14 21791 1.0656250958691758
16 3 24 26 67882 0.9136891331703058
3 6 10 19 45856 1.0676812798377997
29 17 20 15 23852 1.044930688858791
25 28 2 11 79186 0.9818882534242899
24 2 21 20 40631 1.0455908271922398
1 9 15 25 66505 1.0736151179730633
15 1 18 21 60030 1.0151230697543812
19 19 3 25 45281 1.0817833925347433
13 7 9 13 18858 1.0182538507200514
18 7 24 17 28241 1.0380828088980765
14 8 0 19 68511 0.943477936252325
7 3 22 8 46322 1.0365031425981424
27 20 18 1 46674 0.9369863171579131
10 13 24 24 51503 0.9560902651013365
6 5 0 15 52693 1.0630815833797305
11 26 7 5 71518 1.0900687928339845
6 29 8 8 44561 0.9070949237362925
19 22 17 9 40833 1.0898236999719382
25 9 1 5 61836 1.0663326560561375
0 11 15 28 70652 1.0999672220315095
22 13 3 12 51695 0.9320080789597511
28 4 14 8 43573 1.0845642632154713
9 22 28 15 58080 1.0883604793924635
18 27 2 12 73343 0.9925896372419806
26 25 16 21 35977 1.0930948366334161
13 25 15 4 67622 1.0517597555183662
17 21 16 5 48478 0.9909926453015068
4 26 16 26 40292 0.9572822669581229
22 8 12 3 37490 1.0445638552445584
28 27 2 6 91822 0.9670886665705778
25 26 23 12 36626 0.9887343017546322
28 0 10 18 84799 0.9305496711458852
10 4 7 28 56191 1.017382438738334
12 8 21 19 37241 0.9623730685210945
12 28 4 17 43037 1.0510258091129185
18 0 0 14 72155 0.9147082142207563
4 7 16 26 68005 0.9954501252161507
7 27 0 11 51428 0.9891352693939215
23 9 9 26 64434 0.9806874196907183
14 1 23 5 33298 1.0797547622102588
27 0 25 12 43374 0.9167107833721497
17 7 5 2 50032 0.9356582828282278
6 8 14 26 55154 1.0892312014023477
28 25 15 17 50377 0.9114686053351608
16 23 2 1 75369 1.0221144271371545
28 1 11 26 96897 0.9074288380729921
0 23 28 23 50083 1.087076488414718
28 1 7 24 94695 0.9685628314108928
20 27 13 23 23258 1.0230084070442669
27 7 29 24 56757 0.98728092128928
10 27 0 26 37827 1.0996825835163595
28 9 18 4 32674 0.9775536145204697
25 27 6 21 45850 1.0347815424278688
18 25 27 29 37887 1.08394875447995
1 6 6 16 37697 1.0461212287112136
23 3 17 21 47187 0.9151079015168555
18 1 8 16 48570 0.9422222758747942
26 22 16 27 39397 0.9957095302933695
15 23 29 21 30434 0.9093869708884659
28 15 13 25 52479 1.066940008610612
20 24 20 0 42609 1.0610437469337128
16 7 27 5 37760 1.062705490737001
11 19 18 4 56636 0.9638538620138712
8 28 6 17 25942 0.9787947433498363
3 25 10 6 57914 1.0680294762467253
17 3 22 17 37699 1.0385884316004983
28 26 13 29 55656 0.9384495913190223
10 10 0 7 34751 1.0545343091051418
3 7 13 5 32899 1.064504630745505
23 23 13 18 35962 0.9860013816210376
28 12 25 25 44839 1.0982390449936714
14 6 4 26 70946 1.051102832712545
11 4 3 9 27654 0.9355691600331514
16 19 1 6 74007 1.086151468175355
17 0 22 29 58795 1.0261146348608858
3 21 8 4 55508 1.0162661598137246
16 29 13 5 77395 0.9169808746890836
9 14 3 26 42767 0.901472144505226
1 25 11 8 57161 0.957430700137545
27 1 0 19 116087 1.0654507291466178
7 12 25 8 53576 1.0508358570169731
15 8 29 19 46782 1.0621247200474833
21 11 7 27 54641 0.9634109652582851
25 16 2 27 65781 0.9378571114000973
8 2 18 3 31409 1.0402977225702614
22 3 8 13 50099 0.97415276477029
8 20 6 1 51896 0.9672613592890082
20 12 5 0 51436 0.9157911028832857
26 18 17 7 43559 0.9996724774240598
2 25 12 1 71742 0.9618338364618014
12 13 17 22 45291 1.0831008821193904
24 16 14 19 39071 1.0766438056169274
11 2 12 16 39830 0.970848363363011
9 6 17 13 32007 1.066856977296559
5 22 2 9 42673 1.0773700038065543
5 9 17 6 42475 1.072343409304238
12 19 0 14 59584 0.9481114244640901
12 4 17 16 47857 0.9386481188209798
6 14 3 29 37364 1.030728340835437
29 28 21 8 53247 1.0680876674711395
11 4 0 0 30900 1.0464652393956344
15 13 10 22 46434 0.9310936689408522
16 2 28 25 72073 0.912064978722491
29 16 4 13 68842 1.0358942955246393
8 5 13 19 41776 1.0377922584396497
15 18 24 13 39853 1.0994997456453723
17 1 0 7 58794 1.0621297095466824
24 20 9 9 40747 1.0773253459081515
16 5 21 23 40102 1.0021563417824817
2 13 26 14 59507 1.0874980432181691
5 15 21 4 55162 0.9398853312866959
3 14 14 5 50860 1.0102472123275252
21 19 26 6 39224 1.0979540650505137
28 15 11 15 42523 0.9782173146591885
13 6 21 9 27263 1.089181882476731
15 21 4 22 31727 1.038721249882495
20 14 1 15 57090 1.007305200605281
26 15 22 27 38610 1.053584712421808
3 23 6 0 59471 0.973646880807659
1 8 20 19 56005 0.9028974812395222
25 7 29 18 39687 1.0360581170021894
19 8 0 29 80592 0.9930490081715085
8 2 4 15 47388 0.9272226114395288
7 0 28 12 66346 1.0924385446333196
6 10 19 26 56493 1.001364413490056
2 0 9 22 60908 0.9256573604579078
4 22 11 8 46652 0.9552264711437863
29 0 6 29 108153 0.9365845078606457
8 21 19 3 63707 0.9830972908400746
9 13 16 1 39711 0.9217548233765531
22 26 12 19 36429 1.085872608588308
7 21 29 27 57511 0.987049596969825
2 28 27 6 88815 1.0228902719859818
25 4 23 18 39703 1.041309757931841
6 26 3 3 65646 1.0219807689194653
25 29 17 25 29116 0.9590220715560123
12 23 29 21 35544 0.9877474511731404
19 11 19 24 32360 0.9454647681032089
2 10 22 19 59428 0.931447363499206
13 4 9 22 53031 1.023376868498449
12 13 6 3 39429 1.0020448139719458
18 11 29 1 61489 0.9893255771226018
25 9 27 18 29028 1.0354984651780261
9 22 0 5 61650 1.0601555281766224
11 15 5 0 39125 1.0077774507048156
22 3 4 28 75902 1.0464834566778178
7 0 11 10 31046 1.0903618716330103
16 20 25 29 44332 0.9074675162452241
28 4 6 29 87997 1.0734189147241175
0 19 10 26 56202 1.0210584689512088
18 29 19 9 49303 0.9658537684398203
29 3 17 28 81569 1.0928483636131467
27 20 16 18 32947 1.0173238517841758
3 17 21 9 55919 0.9096526213311383
1 23 27 4 85268 0.9379878316670159
3 25 19 17 49758 1.0322602558233092
28 5 12 4 50680 0.9229840887983032
8 7 19 14 31658 1.0083275348553693
7 10 13 27 60296 0.9363476979455312
21 9 11 11 43309 0.985418818178988
19 14 13 25 38364 1.0955283208532876
8 13 22 13 30192 1.0496939770679703
23 10 3 16 62401 0.9488736427813144
8 24 17 4 66069 1.075663437469628
3 6 1 22 61420 1.0098676343017414
18 1 12 9 28657 0.9488751284052855
12 9 10 1 25475 1.094945147404353
4 6 22 3 61765 0.9808096995568654
13 28 2 4 75166 1.04699212305677
18 24 2 7 64563 1.0758856732771276
8 5 1 13 44955 1.0664746673187444
14 13 20 29 44342 1.020101512425298
12 28 28 25 57001 1.0369884028295169
5 23 14 22 19982 0.9851814491443976
20 6 24 17 29518 1.0097095833626086
14 4 14 22 64939 0.9470967422884271
12 18 6 6 46787 1.0176758551794234
17 15 27 6 45255 1.099086410928899
0 13 28 29 113765 1.0390224537565593
19 3 29 0 51691 0.9905991337673988
24 5 25 29 59459 0.9535654147730224
9 12 27 11 45705 0.9504885750453214
23 25 5 19 48211 1.0374395153041975
14 23 20 4 44648 1.0497904291158107
8 26 24 5 74639 1.0835864153212633
4 26 10 1 63204 0.9155599162462796
11 21 19 25 27690 1.0333102004775343
13 15 7 9 24252 1.0647234811681987
21 8 14 21 40434 1.0787016678954646
21 15 4 28 50943 0.9884922046264447
1 14 24 26 81622 1.055806637144217
28 29 6 6 100462 1.0641477893216311
5 10 22 12 50407 0.9334655296007676
19 19 26 11 37289 0.9644351844884888
18 15 21 22 21003 0.9075972671239964
27 12 18 8 34729 1.0215495523466651
27 23 25 9 39034 1.0198590378284018
4 9 0 1 35717 0.9724416769512676
23 26 16 23 19610 0.9805238699646255
15 16 29 7 56590 1.0055543948866141
11 25 21 14 38066 0.9699094536234214
18 25 2 13 66748 1.070259212779692
7 19 18 11 50251 0.9765839949455832
18 10 13 17 36195 0.9494167710987738
25 1 22 29 65113 1.0950485155552816
24 17 8 14 32054 1.0058913648031687
25 11 4 10 61675 1.0983486637265938
22 22 27 3 55881 0.9103242543876677
26 28 29 15 52407 1.0456664861982432
18 18 16 10 40306 1.0887205769889348
7 21 14 9 48733 1.0550264071246485
8 17 19 15 27637 0.9852918106159179
22 26 8 8 51037 0.9998395319440577
22 13 27 2 45070 1.0554658996908517
21 11 0 2 69677 0.9656502018865328
19 17 4 11 47897 1.0914916733786248
1 24 0 1 83027 1.0084009360863315
1 1 14 19 68200 1.0949970918034237
5 21 12 10 48153 0.9649686263384509
2 7 20 15 46626 1.078780623619092
22 12 8 4 43864 1.082580913403378
5 19 0 13 44613 0.9222121806571909
10 14 23 17 26809 0.9287031898130336
23 18 6 9 47614 1.093981269835981
5 9 19 28 68001 0.9809564290345272
8 7 5 14 25265 1.0042437261130592
19 27 14 4 64125 0.9430635899594308
7 12 15 7 40453 0.9919935046100967
23 22 7 26 40496 1.0373157471710317
23 28 3 26 53971 0.9933179263842096
17 24 10 2 69327 1.069995341769457
19 26 8 12 53505 1.0706183120384691
3 19 19 24 43688 0.9486820377936109
29 7 1 6 79566 1.0809615888480886
5 9 28 6 65043 1.027556963430339
13 26 14 2 80883 0.901273557402044
18 28 2 19 61054 0.9244615124796701
7 29 9 15 40889 1.036244270121093
27 14 8 19 43937 0.924561120811019
25 7 14 18 48923 1.0730780271100766
22 14 25 28 34346 1.0879829616990748
16 5 2 14 59595 0.9561208694527727
25 29 17 7 57291 1.0076019566095293
26 7 28 16 36568 1.0076235797373685
6 0 29 28 87967 1.0001189343015644
28 24 8 20 56444 0.9335527982573117
14 29 4 9 66736 1.0815211818677959
26 7 28 26 67396 0.9925074746493596
21 19 5 15 46616 1.0856015139082928
1 9 19 5 49341 1.0709249592124337
14 3 14 21 69933 0.9945833598864204
3 23 1 5 55848 1.0067447242719
7 7 16 11 40977 1.063476897814176
12 0 0 26 78295 0.9788678933925113
29 9 2 11 72733 0.9244359678460484
10 5 3 29 62287 0.9606798184178567
6 29 28 20 52528 1.0711614766087083
20 19 14 15 27597 0.90610795955951
5 3 22 22 67201 1.0092541281166405
29 9 25 0 44654 1.0958852394853125
19 10 28 9 30960 1.041154966181706
27 28 25 14 45227 1.078004076867576
29 25 12 13 52508 0.9600173058949145
21 13 9 24 42076 0.9047300854844581
10 26 0 23 32050 0.9067625766201576
29 15 24 3 43897 1.0572319323451291
27 21 21 0 45854 0.9165765271023757
10 20 0 19 58952 1.0642679983927317
17 1 23 7 27217 0.9776737159145059
20 17 2 3 63127 0.9704930646722181
9 26 3 12 53487 0.9771181171961593
0 22 2 7 58147 0.9380616403295798
2 13 14 6 51500 0.9148287603386491
26 20 27 1 60185 1.0128996722517318
4 20 26 23 52871 0.9788562369422565
8 11 1 1 43291 0.9934335232078576
15 22 15 12 49975 0.9915347674702049
13 5 14 24 65337 0.9023482318392197
6 24 3 2 64716 1.0222592002300954
5 23 29 18 53134 1.027653655815806
24 22 10 10 56639 1.0222523890426247
18 2 29 29 71816 1.0289080266651736
15 3 25 20 57722 1.0187995232693663
24 24 27 0 70921 0.9688488771857261
9 1 29 9 59185 0.9869275277533995
26 26 20 4 53711 0.9987619789401729
27 26 18 7 57484 0.9953406683021032
1 29 26 2 100904 0.9944968385629578
21 19 17 25 19419 1.000582005246889
15 1 3 13 57427 0.9615192688318998
24 0 5 4 51648 0.9583731397249695
3 3 26 27 96006 0.9129898875383681
23 24 22 2 43378 1.0938318562054696
11 18 21 11 41012 0.9066252578100082
6 29 9 8 46536 1.0097642221427046
7 16 17 7 51301 0.9728014855154886
14 9 22 4 30684 1.0417927363232071
11 1 8 22 55393 0.9826829323750675
26 1 27 14 44129 1.0968989769949422
26 4 13 3 43427 1.0011368450854863
11 12 16 20 51416 0.9073672467006231
21 20 1 24 46817 0.9093716549307462
11 0 29 6 58510 1.0450793570076777
16 24 29 27 39692 0.9956541848641233
19 6 21 25 36766 1.0206355626097228
17 26 24 4 60937 0.9625504757532864
20 28 24 17 27801 0.993240788482785
27 28 17 19 56443 0.966957681847906
15 0 19 14 37854 0.9579889588437934
0 7 8 17 39778 1.0577857284938508
20 0 15 16 45179 0.9639363810417554
4 12 29 12 72811 1.0265341072368281
25 27 21 21 20254 0.9248740335189775
14 24 8 9 51712 0.9953973780752536
28 7 5 10 62645 1.019784876074343
25 15 0 12 67380 0.9542150715728585
1 17 6 24 34358 1.0339963452897878
26 27 13 26 45459 1.013518107426176
7 26 21 20 38834 0.9654555003983173
10 27 10 4 67469 1.0226292064384648
10 12 17 17 37891 1.0354102153110771
18 20 26 17 28663 0.9278891193663834
23 27 29 22 26227 1.0237263368328027
4 19 10 7 48817 1.0116572589889354
2 15 16 8 51563 1.0905181647969189
10 7 19 21 51631 1.0089184579373154
29 23 8 13 54185 1.0463322908775146
25 8 27 18 31371 0.960083181037203
29 29 20 2 69635 0.9394081212514506
5 20 6 5 49203 1.0524884880353613
25 8 2 7 51587 0.9445235757749957
22 12 9 28 60321 0.9009522910723837
27 6 13 0 46974 0.9008603538657144
22 12 1 26 69476 1.0668896029904966
15 14 6 18 27817 0.9530845174417293
8 19 19 19 47271 1.0365681072515498
8 18 11 7 33337 0.9376971942057847
18 26 17 3 59695 1.095236028594892
2 19 3 10 32642 1.0877873526844608
18 9 14 24 47393 0.9957299746002706
15 0 6 7 36907 0.9175537529973821
9 8 18 29 62495 0.9070816040579534
24 26 1 23 53260 1.0912670548137169
16 19 4 15 63657 1.0745973939965778
2 2 27 24 90678 1.0012649226148445
20 21 5 18 43656 0.9394886865620332
2 24 13 25 31499 1.033697424138465
8 10 24 15 44597 1.012738923319977
9 15 18 16 24215 0.9678202039679091
28 22 3 10 77921 1.0879731698769408
23 19 2 8 56879 1.0259323663236852
4 22 9 12 37130 1.0459291951045382
6 29 25 7 70230 1.0903476463035595
18 24 10 1 64693 1.0299841754213817
13 14 11 22 33237 1.072509283313894
12 13 20 23 34227 0.9470176642859046
27 29 22 3 70753 1.014889801211279
16 18 1 8 56774 0.9791829969319086
25 5 0 28 87732 0.9254986711762399
3 3 11 10 49010 1.0990377723583076
0 14 27 14 66494 0.902338830760463
5 27 0 10 55735 0.9432972147947156
28 17 6 4 62310 0.9996094280301548
2 10 15 29 71072 1.0181845636538833
26 4 10 17 59381 0.9940473459279765
13 7 5 1 34591 1.057684412414389
24 22 28 1 72151 0.9954009349515168
29 20 29 6 61501 0.9172664627739067
14 21 21 10 37278 1.0398833838439738
1 25 20 1 80916 1.0821288904000261
26 1 4 29 97161 1.0923751560070905
10 0 28 21 67638 1.0191859947476796
27 0 11 4 53500 0.9245940341409059
12 10 3 11 36542 1.0307535543723874
17 9 0 25 78809 1.0205639005038778
27 24 8 24 43799 1.03188943783423
17 24 23 7 43122 1.0713522231276449
5 15 10 25 38062 1.0769714271015294
9 24 23 3 65559 0.9789059189414533
23 28 29 18 40594 1.0074691949543826
16 6 14 26 70563 1.0651471933324785
4 8 23 3 51200 0.9194110436131872
3 24 18 8 64531 0.9934568982870209
14 13 6 4 36056 1.030451650811097
16 26 12 16 43003 1.067488183580992
4 10 24 13 58891 0.9594785223302891
27 15 15 20 44361 1.0972996502708299
28 6 12 27 79933 0.9343115748123061
5 21 26 8 66161 1.0035354595251396
20 13 27 6 36634 1.0328145945569431
27 7 6 24 67652 0.9827000158755724
27 11 20 8 28452 0.9579096972378931
9 9 23 21 41991 1.0164406282175786
10 21 22 3 64678 0.9918940784801678
0 22 17 3 89627 0.9755295391831181
22 10 22 0 21671 1.0051432771441957
28 2 13 20 81977 0.9690755441911321
29 6 14 21 72186 0.9897740719146917
22 28 0 8 72382 0.9870636215503548
13 14 7 27 45608 1.0694886130045362
23 5 9 4 41736 1.0426544301635745
18 9 9 1 31227 0.9767314171122268
2 29 12 27 30962 1.026729188990589
27 6 2 29 92257 1.0363353493634362
6 20 21 21 33679 0.9576802993778242
21 21 23 12 18964 0.980566578097896
7 10 21 16 42889 0.9693926045106012
7 29 27 23 49073 0.9209330173916203
25 28 19 22 25575 0.9772629198225888
14 22 28 25 40216 1.0896651379925404
29 9 26 28 67009 1.0555529191121178
20 11 26 22 36285 0.9563305912079578
1 18 22 15 63189 0.9309305077807142
27 2 29 13 50782 0.9178123212397818
0 4 11 24 72439 1.091342221263598
24 2 9 8 46849 0.9828778719595908
1 16 22 17 68506 1.0217153235865721
18 9 1 6 49946 0.9727348965667292
18 24 26 2 59935 1.0159977316476083
24 16 5 18 54928 1.0575284379637169
16 14 11 25 46075 1.0904047787301245
15 26 9 18 44394 1.0766072950526004
7 2 13 14 35953 1.0893809874768785
21 0 26 5 21972 0.9284288795684641
26 14 20 29 36338 0.9338468799362238
21 12 1 15 62054 0.9800656736808872
20 19 11 22 31549 0.9949844963066812
9 3 5 9 18713 1.025228804783288
24 9 25 28 51152 0.9458803578982047
21 2 11 2 30527 0.9867447521165766
22 11 15 26 43873 0.9208621577503817
16 16 4 21 54826 0.9526299969574089
4 18 4 5 45775 1.0971978577776464
23 9 7 24 58526 0.9010602209563546
8 21 8 0 44315 1.0975471043539564
2 5 22 2 57638 1.0288215283070874
18 13 8 12 27850 0.963984031115011
24 24 12 28 43436 0.942656420007997
13 19 24 22 39171 0.9719393416541993
12 4 2 15 51615 1.0324893178289622
0 25 19 5 79431 1.0617208505265148
16 1 29 6 54786 0.9938291101070311
7 19 9 3 37459 0.9615544881412508
14 17 29 12 49177 0.9691486693178236
29 25 2 23 54009 1.0810812518794835
15 25 11 1 73420 0.9978966552557949
27 7 14 28 68383 0.93016874552935
5 29 20 19 47985 0.9861409497554426
12 4 16 14 34785 0.9323647898271542
7 3 5 21 53674 1.0666820568798907
8 5 27 14 44340 0.9704247408325171
24 16 2 8 54790 1.0926430649281953
29 24 9 17 54075 0.9111754741236288
21 5 15 26 47588 0.9368039946942729
16 13 4 29 62136 0.9465203864797578
26 24 11 27 46321 0.9750697449003077
29 19 16 19 41600 0.9183708093630509
13 11 3 18 50043 1.0155004158471
9 11 16 7 26743 1.012852181997247
6 19 1 27 31224 1.0824926984564693
3 20 4 6 50681 0.9989421147218203
27 15 29 27 48052 1.03823290937359
10 28 25 10 67488 1.0701061691331961
8 16 24 7 50222 1.0551877949646609
13 2 6 19 48797 0.9016077786187204
19 12 12 26 48533 1.0620018254741725
5 26 2 19 33413 1.0325307962693757
29 25 12 19 48839 1.0870001509200484
24 3 27 11 35071 0.998902439636389
6 1 25 23 71932 1.0268268650992403
23 0 14 16 46266 1.0935300371914134
17 14 1 10 49892 0.9198464095120492
2 2 25 29 95212 1.055168044744642
29 17 2 28 68788 0.919000179591174
21 2 13 27 62591 0.9781663652411545
12 9 21 12 31173 0.9762882857448573
0 14 0 24 51505 1.0182340287048681
21 14 3 7 43464 0.9155198419238645
24 15 6 4 54528 1.0716040214904297
15 13 24 4 44791 1.0137880234292798
27 28 12 22 47435 1.096760282047712
9 15 19 25 42727 1.0389984577565294
29 23 27 8 49255 1.0213520755565215
9 15 29 18 47882 1.0531767680803756
16 29 26 7 66723 1.050694565822365
16 11 12 22 50301 1.0093586813787006
16 3 16 20 67308 0.9283161340950745
18 20 3 19 50864 1.073039317048881
12 8 17 26 64046 1.0767754745411988
1 6 18 29 91038 1.0441871846985713
0 8 28 13 63683 0.9646862383181358
0 9 26 0 78711 1.0271364088721398
12 4 24 17 51530 1.0368645746164322
7 9 27 14 42538 0.9580409156184804
13 27 15 9 71371 0.9140419004677139
20 16 10 11 36856 1.079727749342554
28 10 26 25 59465 0.9745802991077426
0 17 7 8 44151 1.0419622710351286
23 8 12 24 46151 0.9166575713705087
11 24 25 23 31582 0.9065643857532556
26 19 6 12 53535 0.9850479319653918
8 4 17 14 30302 1.0411705193706882
3 12 18 27 70619 1.0943083429113296
10 28 26 24 50779 0.9382971919090917
5 22 20 16 45533 0.9281349888852808
11 17 1 9 41992 0.9588470600898757
13 26 19 21 28729 0.9807301952012868
26 4 21 18 37884 1.0010157300929883
12 4 19 7 27967 1.0218710041228254
16 3 2 14 69525 1.0345410194024645
0 3 4 14 47988 0.9154677964076909
2 24 11 5 58451 0.9664761843800933
5 7 25 20 56623 1.0397054872076759
6 26 1 19 36892 1.0057785465967883
29 24 12 17 52450 1.0274069534948007
9 25 14 3 74805 1.0681144860744314
10 17 28 17 46349 0.9840147290864212
16 21 26 7 49933 0.9981121035748821
26 10 12 19 53552 0.9367135054937948
19 10 3 1 59572 1.0979877683940156
2 19 19 27 57756 1.040218971096824
15 11 22 28 57893 1.009458174958543
27 10 0 16 92315 1.088484469584964
25 2 12 26 72227 0.9289720228923486
4 11 7 18 23944 0.9984316444741046
14 1 23 24 62429 0.9616674412091606
18 14 5 6 39549 0.9909909345122451
20 6 16 0 22006 1.0316571027854518
21 2 25 8 17182 0.9302890400423611
1 27 22 12 69312 0.9397363296221417
0 7 13 17 50604 0.997238054993482
8 28 15 5 72934 1.0207886352581246
9 21 1 13 50327 1.0874982135579279
24 25 26 1 65964 0.972085725727231
13 13 25 10 34054 0.9514342534342559
4 13 21 0 66521 0.9166108575800228
25 25 21 0 47395 0.9172474242941724
5 20 19 10 58851 0.919070355286261
22 27 23 0 50066 1.0175564523934306
13 27 14 16 48207 1.0757861990753326
19 3 9 29 85841 0.9159505466534917
16 16 12 4 44736 1.0611708738081846
2 7 22 7 48764 0.9763829150016418
6 10 29 4 67319 1.061051243146828
2 16 12 22 45146 0.9730227223505141
15 26 20 12 40573 1.0824979004889856
24 22 3 28 51497 0.9992519452903345
12 8 5 18 36560 1.035045073238659
0 18 14 15 56644 0.964280644414489
22 20 14 5 43668 1.0040433865570313
10 5 5 15 33062 0.945034569165712
29 17 2 12 71375 1.0106942324980936
29 16 13 29 65938 1.089849227334125
15 28 16 4 67554 1.0805403449385835
4 19 13 1 61507 1.0235685612940322
12 1 24 6 42922 0.9418354207438077
13 6 24 20 49817 0.9011955484138999
19 14 4 23 46490 1.021265379618297
20 4 23 17 28128 1.0280391054820424
27 7 22 19 38436 1.0367157113398753
27 14 21 19 17085 0.9502304198822836
11 24 26 8 59121 1.0534196328572096
24 19 18 0 44467 1.0678937773518418
7 14 25 8 44205 0.9779961928666847
11 27 14 16 50803 0.9563847790322495
8 16 26 12 48076 1.0731223991996295
21 11 25 24 28475 0.9023891681580969
26 13 3 16 64624 0.9889391785589453
11 17 2 2 51584 1.0873487299860591
3 21 4 7 47496 0.9810628808403598
9 15 18 8 28580 1.0054595393804608
11 16 2 20 54916 0.9118488508833298
24 7 18 25 43968 0.9803926611436355
7 16 26 28 70894 0.9818231887500309
8 6 20 28 64336 1.0400005177248084
2 7 20 6 48606 1.0681946825582445
5 16 20 18 52106 1.0727950098418189
11 4 28 7 54934 0.9813076104017758
18 21 22 5 36922 1.0786357713224597
3 16 19 27 61651 1.024063366523811
14 15 18 6 35085 1.0544547822220234
11 11 21 6 44862 0.9708037083265366
17 22 11 0 69475 0.999575271215841
22 15 9 12 26115 1.0338618287333967
13 14 13 2 35675 1.0760055144018252
16 27 22 5 56904 1.0954647766461234
1 22 23 24 47712 0.9022683699573973
1 21 9 28 38349 1.0930958038885916
29 29 25 17 41353 0.9132726347834622
17 2 11 18 60238 0.9607342907558617
6 13 29 8 63678 1.0739403506228102
2 0 15 10 53684 1.0393570881077223
20 8 25 24 35224 1.0347554088442954
7 19 14 25 37598 0.9389264427527766
24 24 26 6 56550 0.9702396127491063
18 2 26 8 25625 0.9651333101730359
22 18 15 3 50119 1.0346527298153614
17 18 14 2 61240 1.087321323753369
19 14 28 13 20353 0.9721262772415734
4 12 29 7 74978 0.9920315021177615
3 29 21 21 47272 0.9684696376947566
16 12 29 29 65625 0.9941565603599448
11 4 13 27 73139 0.9339871914469084
12 20 0 29 48468 0.9952990647786837
24 27 17 20 38861 0.9152713858861158
0 20 17 13 77564 0.968115641624976
12 29 20 23 33747 1.0441777191418122
29 18 16 10 56262 1.0910124524714135
23 15 14 28 47484 0.9404870410585097
6 2 10 11 39983 1.0301405696402497
27 3 24 11 33988 1.0864379327011267
25 28 4 17 63951 0.9219144930931925
8 18 8 1 35200 1.045581302793979
29 8 12 26 71481 1.097658632600133
17 25 4 7 65109 1.019762441766771
1 11 13 1 46713 1.0640498173265347
0 28 26 27 68423 1.0074859716385556
9 26 0 11 58594 0.9998105136347516
28 4 13 5 49396 0.9174658922237674
18 26 1 6 83009 1.0537108929800156
14 8 24 22 48141 1.0079913396265883
3 12 11 19 51445 0.9904835977019428
22 4 4 7 51798 0.9751493137576196
26 2 20 27 62352 1.0690796382723349
15 15 21 11 23478 0.9064308454279127
19 18 26 10 33153 1.0071425484587013
27 18 4 29 63330 1.054070769248806
16 28 0 4 88815 1.0542020907995573
11 19 25 14 46118 1.0840830529718792
12 14 24 1 46614 1.0536751467216434
6 23 18 18 40540 0.9456855168175582
23 27 6 7 68517 1.0016366425690386
13 27 18 9 61483 1.080450331101905
3 5 6 27 56209 1.0368890490115068
19 0 4 16 69449 0.9851870692356377
21 20 13 6 44900 1.049217405182941
12 12 13 22 38139 0.9005883424560562
1 1 27 20 79341 0.9903601098059744
11 22 16 29 33777 1.0384576784227575
22 27 12 7 58076 1.0229998302389158
0 29 8 11 62572 1.0837639370841374
9 23 16 18 34793 0.9323440359807792
27 1 19 22 65641 0.9671220989048342
15 20 23 10 43294 0.9950582617274256
8 4 4 13 39035 0.9352448682544496
0 21 4 1 85625 0.9982587174423737
5 28 29 18 62594 1.0168698477687674
0 13 27 0 99176 1.0098399406313474
1 23 26 19 51754 1.039908059539657
6 4 26 1 61249 0.9926982099468878
28 14 17 12 30106 1.0121990129387186
24 5 15 13 42293 0.9433190297810915
0 12 12 25 62160 1.0264820012567857
10 19 12 2 47025 0.9624705889869228
17 28 13 1 74064 1.0634623476618703
27 10 6 25 68761 1.0038228700054899
16 1 25 20 52321 1.0845310107319897
29 18 7 0 69885 1.0897937906862833
29 22 18 9 49003 0.919490479862478
14 17 23 22 34575 0.9182158268049397
6 22 20 3 65148 0.9678279392810856
6 24 29 16 58443 0.9929918327134838
2 13 28 7 76122 1.0162427839826278
25 9 11 24 58127 0.9119182065479564
2 1 22 13 60318 1.034986958533813
14 10 0 27 79559 1.0048314113453467
8 3 27 8 50234 0.9243829898161664
7 14 29 14 38156 1.0919373025471995
4 9 12 6 31411 1.0039157963754572
2 25 22 28 51040 1.0227757869200513
2 8 25 0 63719 0.9315720322810817
5 6 8 14 26272 0.912157129873349
22 11 8 9 40919 0.9244710303963849
11 1 20 27 71560 1.0853814015550065
13 2 19 20 57860 1.0545473435669557
3 28 15 5 75072 0.9366894573320762
2 0 4 20 70514 0.9371187000188297
15 9 0 7 43007 0.9543924888527331
25 27 7 13 63585 1.0487150202986366
14 22 29 18 41736 0.9062647429900005
6 28 25 1 84000 1.0819595907483217
8 10 6 20 33134 0.9653630309594576
3 25 1 0 75203 0.9081249462719225
20 16 15 26 32929 0.94924152995501
11 13 24 27 56104 0.9031160288507456
25 14 1 15 65287 1.0572733609796945
12 4 16 12 44105 1.0325087374318087
10 3 6 18 40550 1.0653355350018316
8 3 21 18 45805 0.9459422694662191
27 18 21 11 26212 1.00732771398309
26 20 16 14 26393 0.9515376616872662
27 10 7 27 75761 0.9738684474671803
23 17 3 12 56534 1.0199624141439343
1 8 5 27 50468 1.0409432218235666
10 22 20 7 51965 0.9918192570463511
29 5 7 8 57520 1.0476897958272644
21 13 6 14 32200 1.0226598834541611
27 27 18 2 64289 0.9781564253238673
17 4 23 15 31852 0.9960888174662246
19 21 3 23 34642 0.9270178837472324
0 3 23 10 71731 1.0238979205771606
29 21 11 6 71580 1.020155033503721
15 19 3 10 62357 0.9919126399591308
0 7 3 18 41715 0.9777520492914775
8 21 22 0 66678 1.0774609242634778
3 24 18 19 46032 1.0676325175325423
18 22 22 1 48015 0.9905440867504159
5 8 21 3 41722 0.9061090400551159
15 6 4 28 78944 0.9169870029783235
4 27 4 3 71993 1.045619412119475
4 10 19 28 72471 1.0172453871050233
21 19 4 17 50777 1.0807937578556222
26 4 0 23 83917 0.9230294575334405
7 21 0 26 31716 0.9086609048670881
18 23 0 17 56355 0.9000688801796279
11 4 0 28 71364 0.9748133608354728
25 8 4 26 69962 0.9160977334598761
10 6 9 24 58093 0.9618860981227141
14 24 0 25 37873 0.9090534698528966
15 12 17 26 59809 0.9143112407473164
8 0 8 16 32087 0.9662033457358656
15 4 11 11 44249 0.9964429758847516
21 0 14 3 29093 0.9573078650283892
23 9 6 17 50452 0.9343631187465686
15 6 24 15 48913 0.9225026669122892
8 25 2 20 28811 0.9852136748916754
10 26 9 15 45234 1.0783654326400365
24 9 2 21 73233 0.9037141850814546
21 15 24 26 29315 0.9026706325076048
19 7 8 21 56058 0.944436430986539
10 4 25 1 47234 1.015688102690893
14 7 28 26 74168 0.9493581254532242
26 3 7 10 68546 1.065143437235204
10 12 4 4 34212 1.033513130914174
23 23 14 6 53991 1.0414297027229187
16 19 26 3 65260 1.0402403141036296
4 14 28 16 60180 0.9971807867695806
2 12 22 5 59763 1.0889800192057026
25 21 27 29 32448 1.058602347421725
6 0 29 10 72834 0.9092546229766628
14 21 4 28 35772 1.0488748167265687
20 19 29 12 36596 0.9128874860362193
13 18 16 11 36568 0.997934496853062
29 5 15 28 76431 0.9921638566565695
25 12 14 27 50556 1.0546347852318412
6 21 18 22 27727 0.9489067739044376
20 11 25 21 29242 1.08045743513822
19 6 5 21 62806 1.0405953521952256
24 2 7 24 74929 0.9080630226791268
9 10 0 6 30924 1.098164030774867
23 23 5 8 53119 0.9166467233793315
8 26 12 6 65728 0.9310372175833823
5 24 15 9 61217 0.9097365036016403
20 23 1 11 61049 0.9106551918225344
20 4 9 16 41899 0.9733637203923059
8 19 23 29 60479 1.0926194356910381
27 26 21 19 32220 0.9124748178897654
2 26 21 9 64445 0.9379247153339993
14 19 4 8 47158 1.097183171605739
10 10 23 29 64628 0.9630907947137319
19 1 25 29 65304 1.0539313456608599
29 16 7 1 70121 0.9400998052201232
16 17 6 3 57802 0.926832787925477
6 17 3 5 37132 0.9437910142448747
8 27 29 20 58659 0.9366531242841154
18 21 28 0 71467 0.976615805917735
21 24 7 9 48445 0.9425314029743777
13 0 13 27 80100 0.9484527579609092
20 29 8 1 70525 0.9502360094932587
20 11 19 25 32311 1.0221270590978884
24 18 19 8 31220 1.063207565262975
27 16 14 2 59329 1.0801487825978564
7 24 2 8 44959 0.9350721803110688
18 27 23 7 47831 1.0655284041091684
27 11 20 4 36324 1.0239805231006565
16 10 28 7 40591 0.9453888593054112
1 29 2 16 48330 0.9640764559374746
2 6 21 26 67092 1.0515229782600408
2 20 20 18 56534 0.9488179446645247
27 24 9 27 57184 0.9240607792048869
24 24 15 10 61580 0.9571961808347518
21 18 18 3 29823 0.9063817904724881
18 0 19 13 29717 0.9421129723285849
27 23 21 7 35248 1.007295563442536
9 10 5 29 47494 1.0131668084037424
17 24 28 4 65504 0.9438430757112136
11 0 17 20 70648 1.066803215787566
29 5 17 17 50558 0.9348403849681576
14 7 27 26 71252 1.0598548963767338
16 25 25 27 30511 0.9161068954498823
12 21 1 13 58682 1.0573833786958493
12 12 26 8 42673 1.0662524067563113
18 19 25 27 37124 0.9956791994852858
28 24 29 15 46409 1.086552231169566
7 23 17 14 42932 1.001143772117042
8 3 5 21 46974 1.0031010757730976
28 16 10 29 70175 1.009259730317437
9 9 25 11 40298 1.0395917158332701
6 13 2 27 41163 1.0206882289137005
12 10 16 26 66339 1.0410157808023714
0 18 8 5 59484 1.006183629912229
12 3 2 7 37960 0.9656631558200431
27 2 10 20 83118 1.0180764371512434
11 20 1 28 46843 0.9328017521544207
6 4 22 13 47150 0.9912655467763537
26 21 5 20 51127 0.9462521866986202
23 15 1 16 68608 1.0142952121861843
11 1 3 27 72227 0.9162157803408885
0 22 13 24 35137 0.9357206685278903
6 25 10 19 35737 1.066229338195022
27 13 6 13 46741 0.9031463543188178
13 27 8 8 61117 1.0960524506317622
27 3 7 16 77880 1.0538658617917942
0 16 12 25 59084 0.9038205765051475
14 18 4 27 49763 1.0640670842444926
17 24 4 13 58243 1.0123702368615466
16 29 14 3 83236 1.0475522995985553
9 13 22 17 27428 0.9024007704265636
3 27 12 2 77460 0.9719410403864855
25 8 16 1 34048 0.9937318734154215
19 17 26 6 39784 0.9004263973899648
9 5 14 28 68373 1.0242860512836895
29 15 7 27 68049 1.069603702387483
25 26 5 24 46849 1.0742869515851043
6 3 18 25 74744 1.0826631852215618
18 11 11 14 24136 1.0293607853205238
17 24 3 7 64462 0.9246960899961272
8 14 10 28 45946 1.0182276314195962
0 22 8 0 68433 0.9364101073183174
10 15 18 13 26361 1.0748523614758723
4 23 1 8 44239 0.9622836512565539
4 3 16 0 42687 0.9896945198447749
17 26 2 5 79933 1.0157146900795397
10 10 23 4 49031 0.9890624057114087
28 0 24 25 76770 1.0817546098445296
9 10 25 3 48243 0.934539764766965
4 25 16 7 68039 0.9373767202941258
25 14 9 8 34059 1.0116989085858976
24 29 8 20 60926 0.944564174881472
18 13 25 0 43316 0.979299282743489
9 14 28 14 30509 0.9608055048550883
3 24 24 25 45283 1.0552546356615278
14 15 23 19 30622 0.9722763489823157
25 2 17 14 39415 0.9478629282275448
2 14 29 24 76845 1.009207116034864
23 3 17 23 45069 1.0775587914467541
8 13 1 23 44226 0.9194257180307185
6 6 9 17 31942 1.0998742251978606
9 7 26 21 50786 0.9543946923117334
27 25 6 19 57274 0.9147696791094868
1 16 19 5 75171 0.9068312917774993
7 12 28 29 89675 0.9268213579864228
28 14 4 22 60298 0.9832803051456733
17 10 8 3 41933 0.92804101910414
21 22 11 23 18333 0.9060131430145741
19 10 9 0 39537 1.0557601317800516
5 10 20 12 47551 1.0724900603801777
28 19 28 5 49174 0.9369596620784298
22 1 20 15 30060 1.0323518679797845
25 24 15 0 57946 1.004672399393492
12 12 18 20 41705 1.0776704630798608
13 1 1 14 57896 1.0078099413714956
8 15 20 8 38559 0.9298262876926454
12 25 8 4 59216 1.0932753810894846
13 3 17 20 67779 1.0327231403337525
29 28 18 17 44905 1.0784735219771189
9 16 19 16 25185 0.932388250565028
11 23 22 16 30707 1.021676732125341
17 27 6 20 40666 1.0485634857551898
15 8 29 14 35027 0.9774758593385491
15 19 5 18 42089 0.9729410627866635
27 10 20 5 30110 1.0647036180042444
5 28 8 13 44154 1.072476487902655
9 23 1 6 56461 1.0232253518931302
10 22 3 2 73939 1.001442268575782
15 17 22 25 30956 0.9830100803705462
13 28 20 13 49021 0.9491623951376287
0 1 26 27 97107 1.0838954426790404
20 10 1 8 46800 0.9354995395930323
20 4 9 16 41899 1.0017113681942893
19 18 1 5 62455 0.9223138025276628
5 1 21 27 71955 1.0693928883076254
22 11 20 0 25145 0.9750168713464022
20 2 29 13 41571 1.001497731417838
28 17 16 6 52969 1.057576659268424
25 1 18 29 71477 0.9022518831265259
25 1 18 19 55186 0.901940507781961
21 20 9 27 44356 0.957630617994745
2 28 22 7 72459 1.0627623836313698
9 23 17 18 41889 0.9979478867003482
15 2 23 8 31585 1.0249931173058109
6 15 21 14 32855 1.0766942336593188
26 21 0 25 59707 1.0151646596847659
14 8 28 9 35597 0.9585465179774115
14 5 25 18 47422 0.9719661852083804
0 8 11 19 49997 0.9182102325048149
7 28 1 23 22894 1.0592067815594342
16 28 8 18 51800 0.9792718875272098
21 17 5 24 41713 1.0301328006870694
25 16 28 28 44822 1.005320944355886
14 27 1 20 58475 0.9297768022700843
21 20 14 8 34673 1.0873421377088692
7 15 14 26 49602 1.0691143071784293
1 2 14 12 59310 1.0905223603549208
21 25 11 1 63284 0.9972359238407718
28 7 16 1 47025 1.0677061113457236
10 9 19 14 26435 1.0723580071364767
9 18 6 26 31211 1.0891502956867878
8 2 19 18 51609 0.9661455061189814
14 28 17 13 55197 1.011426078071218
12 14 17 6 41858 1.0314762527068104
26 1 8 14 62706 1.097270402784262
23 11 19 26 35536 0.9261317737292599
19 12 6 16 37756 1.06921665480706
27 4 13 5 46074 1.0702711080097005
5 25 16 23 23124 1.0065103140994927
22 12 25 4 28647 0.9139757382745609
10 29 20 2 78172 1.0335067748607507
18 18 5 1 61947 0.9774761437976832
25 23 8 20 44765 1.0007310646746137
