6801 4900 4839 5705 5930 6263 5236 6585 6172 6083 6694 6612 5033 6376 5477 4924 5928 5978 5888 5262 6161 5869 5765 6323 6320 5356 6452 5408 6692
3086 3033 4288 3145 4479 4579 4419 4307 3187 3248 3593 4545 4139 3400 3910 3711 4303 4232 3007 3171 4893 3037 3026 4871 3454 3933 3279 3762 4186
5747 3921 3640 5088 4666 4339 4085 4534 4902 5058 4508 4123 5423 3901 3753 4957 4998 4672 5433 4720 3772 4890 3581 4152 4375 5637 5152 4749 5707
4393 4441 4672 3738 3162 2883 4068 4586 2984 3524 3222 3913 2808 3201 4436 4502 4199 4583 2762 3591 4620 4841 3996 4547 3073 3709 3429 4227 3076
7012 7476 5933 7557 6206 5806 5706 6689 7811 6257 7181 6443 6711 6582 6027 6891 6387 6757 7173 7499 6813 6026 6255 7487 6901 7354 6869 6180 7333
5818 6765 6606 6675 6609 7181 7762 7225 7483 7224 6259 6431 5763 7327 7250 7594 6573 5862 6631 7780 6008 7020 6703 7585 7145 6301 6816 6018 7883
2138 2030 2844 1536 1338 2448 2862 3063 1190 1615 1796 1193 1761 2446 1831 2617 2865 2391 1995 2658 2802 2653 3251 1722 1991 3245 1241 3169 2399
3448 2689 2788 2939 3388 2036 3070 3020 2119 3325 2342 1650 1420 3415 2448 1512 3447 2874 3288 3084 1620 2530 1378 2357 1753 1531 1344 2584 2437
6565 6161 6938 6144 7910 7343 7062 6632 7026 8043 6091 8094 7248 7984 8174 7135 6668 6731 6721 6233 7522 6829 8133 7517 7846 7420 8120 8098 6297
4458 3579 3392 3817 4128 4047 4405 3372 4034 3777 4525 4405 4667 3524 5157 4349 4969 3962 5134 5043 4227 5188 3829 5241 3963 5337 3570 4954 4806
7003 7237 6655 7178 6268 6698 6013 7541 6987 5842 6157 6218 7656 6357 7019 7573 6472 6817 6455 6370 6568 6334 7533 6181 6713 6386 7047 5859 6477
5228 5801 6165 5277 4748 5665 4063 4853 5027 5821 5338 4419 4496 4616 4535 4467 4182 4250 6187 4491 6056 4912 5089 4338 5108 4897 5647 5141 5204
3248 3054 4184 4326 4944 3845 3975 4773 4773 3637 3366 3606 5085 4391 4469 3562 3246 4514 3538 5122 3947 4315 4270 4219 4033 3802 5167 3941 3796
5705 4212 5432 4255 5352 4757 4901 5314 6181 6057 5744 4500 5420 5800 6281 5781 5815 4587 6106 4298 4645 5819 4842 4710 6239 5784 4836 4215 6136
6496 4928 5088 5393 6215 6584 6929 6643 6293 6722 5393 6286 5925 5774 6726 5897 6052 4873 5321 4892 5988 5329 5433 5504 6912 5423 5897 6465 6915
3047 3492 2880 2812 3007 3069 2116 2141 3255 3189 2789 1678 2364 3585 3272 1772 3240 1761 2636 2812 2975 2803 2718 2522 2006 3042 2355 2453 2888
4659 4234 4596 5147 4819 4717 3325 4635 3841 4340 3945 5117 4424 4393 3943 5332 3415 5008 4771 3988 5376 3730 4604 5216 5422 4584 5242 4687 3824
5479 6693 6872 5036 6876 5818 5952 6719 5531 4873 6086 6856 5847 6806 5196 6297 6512 5547 5201 5452 5720 5672 5514 6972 5156 5186 5681 5811 6846
7019 6187 7789 6031 7480 6980 7575 7416 7928 6908 6079 7283 6380 6151 6265 7166 6084 7915 7276 8152 7178 6900 7291 6630 8060 6203 7211 6060 8024
6294 7473 6267 6453 7112 6047 6785 6008 7984 7652 7339 6489 7451 6310 6292 6877 7342 6194 6344 6671 7452 7729 6486 7493 6057 6829 6584 7606 7744
2902 2867 2170 1853 2270 2079 2841 2992 3632 1957 1964 2678 3473 3064 2401 3664 2020 1746 2621 2756 2262 2420 1548 3674 3190 1665 2482 1537 1926
6284 6774 6164 5776 6135 5515 5720 6519 5406 5587 6612 5390 5111 5601 5098 6132 5262 5640 4860 6721 6574 6289 4844 6440 6745 5483 6181 6325 5037
6762 8138 7709 7892 6917 8379 6915 6808 6998 6799 7662 7762 7248 6322 7465 7035 6729 7183 7508 7605 6336 7162 7450 7691 7763 7365 6608 7494 6312
6396 5171 4819 6261 4763 6386 6326 4622 4919 5446 6448 5137 5447 6221 6558 6109 5746 6385 5542 5947 4619 5317 5765 5877 5983 5922 6644 5837 4872
6101 5868 4726 5141 6118 4979 4722 4045 5122 4378 4765 4159 5541 4604 5744 4688 5354 4938 4127 5815 4871 6086 4229 4564 4495 4608 5829 5009 5740
2176 3242 2809 1803 3754 3674 2955 3527 2909 2927 2918 2999 3460 2274 1647 3253 2664 3151 3148 3169 1908 3706 2489 3461 3250 1643 2520 3656 2486
5395 4954 6024 5786 5103 6316 5323 6430 6500 5948 6146 6062 5664 5705 5489 5283 5644 6916 5670 6648 7017 6856 6299 5162 6421 4921 5542 5501 6507
4151 4400 4796 4436 4030 4474 4008 4776 4338 4093 3033 3199 3759 3067 4101 3428 3192 4147 3683 4138 4335 3095 3640 3945 3083 2835 2769 4592 4177
3580 2550 3426 2609 4577 2549 4622 4367 4202 4002 3326 3537 3216 4300 4072 2668 2990 2683 2753 3095 4396 4489 3845 3390 3501 4599 4392 2701 4593
3627 1547 3039 3086 1972 3233 2267 1986 2680 1846 2753 2670 2813 2848 1856 3237 3555 2837 3244 1963 1453 2869 1795 2338 3383 2542 3016 2212 1527
5212 1929 6111 4872 4045 6196 3072 1721 6338 2313 1516 3097 5223 6771 4502 4976 3563 6808 6594 5895 6830 8008 4859 4635 7419 2940 7267 3006 6953 6065
5499 2959 7413 5858 4843 5608 3706 2210 5940 4164 1814 3838 5510 8598 2976 3297 3043 5940 6820 7351 7966 7799 4189 6281 7703 2624 8469 3824 7573 6811
5839 3853 5942 6055 5637 5513 2863 2203 6127 2936 2296 1912 5042 6574 2633 4889 2035 5154 7052 6692 8035 6789 4026 5787 6346 1626 8244 3881 7548 6465
6677 2206 5893 5794 5418 5279 2185 3837 6444 3094 2165 3371 5630 7301 3027 4485 1955 5424 5890 6088 8522 7490 3707 5065 7871 2351 8350 3747 6854 6443
6621 3544 7294 5298 4280 5502 2496 1974 7037 3853 2401 3327 5417 6682 2982 3605 2174 6749 6893 5938 6565 8316 3940 4731 7172 2797 8791 3952 6136 7963
4954 3536 5737 5963 4370 4837 1824 3412 5427 3792 1824 2509 5706 7029 4520 3654 3064 6840 7236 6794 8304 6606 4768 4384 6292 1561 8544 2930 6820 6732
6061 3829 5807 4896 3789 5825 2075 3793 5871 4315 2452 3688 4016 8226 3015 4758 3049 5774 7037 7068 7077 7066 3086 4878 6869 2073 8102 3754 7113 6449
4732 1729 6477 6173 5663 6715 2966 2773 6596 3001 2097 1809 5248 8133 4323 4000 3108 6901 6315 6361 7707 8397 4085 4768 8013 2869 8680 3275 8038 6820
5912 3786 7695 4744 5239 5150 3480 3633 5973 2396 2515 3484 4358 6984 4171 4635 2751 6700 7131 7096 6578 7651 3212 5763 8248 3056 7796 3593 6794 7561
6679 2508 7559 4680 4585 6499 2858 2011 6533 4349 1602 3415 4200 7077 3754 3457 2167 5951 5772 6202 8257 7359 4264 5961 7974 1889 7733 3144 7345 7174
4727 2019 7278 6753 4145 6234 3600 2656 4967 3870 1826 1791 5162 8098 3123 3517 2668 5949 7478 7734 6645 7347 3812 4639 6538 2320 7852 4253 6559 6934
6734 3832 5569 6628 5574 5661 3681 3299 5434 3975 2007 2559 4730 6965 4593 3059 3778 5505 6998 6532 7641 8361 2990 4419 7042 1372 7411 3441 5914 7771
6708 2931 7185 5171 4775 5841 3393 3815 6873 3162 3198 2531 5087 8544 4258 5168 2234 5625 5756 6098 7228 6824 5013 5532 7163 2079 7214 3201 6694 6451
5781 3335 7699 5010 4385 6335 2127 2435 5814 3980 2571 3434 5563 8058 4352 4840 2587 5375 6829 7675 8029 6559 3602 4585 7620 1260 7722 2231 7319 7554
6127 2676 7243 4852 4616 5978 3711 2300 6945 3256 2285 2434 5127 8595 2745 5109 2416 5348 7397 7694 7696 8158 2989 4790 6948 2154 8435 2804 7068 7976
4724 3395 7047 6148 5708 4638 3705 3712 5947 2569 1702 3850 5442 7939 3631 3750 2618 6415 7080 7203 8180 6573 3099 4737 6806 1693 8916 2507 7013 8063
6656 2310 5891 6539 4004 5419 2626 3107 6765 3224 1689 3663 5244 7363 4225 4319 2589 6859 7667 6282 6620 7189 4359 6355 7240 1548 8898 3681 7756 6566
4778 3122 7337 6124 4346 5063 3704 3739 6195 2876 2132 2508 4975 8318 3163 3918 3861 5707 7516 6702 6995 6578 4478 5586 8285 3117 6923 3836 7603 7698
5148 2683 5862 6441 5439 6262 1805 1783 7084 3000 2516 3405 5500 8416 3409 3180 3987 4972 6350 5775 8296 7033 3563 5435 7719 3248 6957 3296 7746 7417
6414 3623 7536 5617 4940 4798 1760 2372 4975 2741 2666 2157 3699 8624 3478 4106 2729 5312 7638 6537 8039 6474 3165 4579 7828 2823 8341 2454 7383 7730
5781 2479 6650 5133 4044 5736 2055 3171 6052 4316 1823 2246 4795 7784 3143 3737 3279 5721 5967 6166 7621 7593 4444 6023 6454 2910 7655 2637 6851 6058
5067 1762 7324 6178 3692 4933 3057 1904 6446 4207 3213 2684 3847 7315 3513 4411 2119 6107 7808 6403 7358 7450 4107 5613 7838 1681 8265 2309 7118 8047
5317 1800 7287 5208 4774 5631 1777 2324 5095 2629 2009 2293 4573 6893 2978 3249 3478 4851 7390 6983 6593 6996 3268 5966 6363 2610 8136 3818 8067 6712
6795 3621 6862 5714 5341 6621 1973 2581 6333 3532 2663 2153 4874 6984 3120 4097 2703 6124 7421 7407 7110 6331 3078 5832 6204 3218 7836 3042 7641 6099
5974 3248 6488 6725 4432 5800 3616 3712 7038 3276 1600 3347 4885 7433 3621 4627 3563 5750 6986 7617 8503 8268 4083 4812 7026 1272 7987 2999 7497 7584
5002 1781 6634 6749 4053 4956 3093 1881 6794 3301 1886 3728 4855 7265 3277 4054 3957 6912 7518 7475 7635 7267 4987 5943 7484 3267 7584 3304 7327 7150
5432 3350 7470 5444 5014 6147 2837 3799 6926 4105 2734 2998 5694 7040 3331 3966 3120 6385 7188 5819 6845 7425 5011 5949 7142 1531 6973 4098 8005 7674
6049 2190 7101 5249 5625 5586 2399 3666 5092 2666 1512 3646 4525 8584 2576 3929 2835 6384 6164 6907 8055 8308 3216 4525 6548 2771 8202 2753 7956 7059
6602 2566 7036 4757 4166 6360 2836 2452 5135 2887 2447 2175 4989 8328 3017 3034 3669 5126 7009 6517 6762 8263 3916 5197 8244 1363 8748 4355 6125 6646
13 15 20 8 39931 1.0947968449979668
11 9 26 8 50309 0.9681324639352248
14 7 0 6 41913 0.989037338139538
9 25 20 22 31915 0.9140033486568268
21 15 0 5 79714 1.0001341262670085
16 9 29 27 78402 1.035906303397839
15 4 26 25 81921 1.0792772626612543
28 23 8 9 89344 1.0223875889415195
16 5 15 28 65191 0.9628512336430904
26 6 25 19 40925 1.0647055631314355
15 12 13 0 42144 0.9311575912534813
17 9 3 5 46935 1.0661933053900003
24 11 13 26 68520 1.0122497109942936
5 21 7 10 33413 1.0718483601615445
25 6 28 29 75501 0.9064568973859252
26 19 3 10 81945 1.095630180273338
18 29 26 27 36719 1.0770749298661069
3 25 15 23 30309 0.9475352796848476
25 5 3 27 106377 1.0617559677899735
22 28 3 10 87987 0.9106205090817078
14 5 28 16 68224 0.9015002402153546
24 21 1 3 115432 1.0722607912386797
3 29 18 26 52783 1.0634705352971698
5 28 28 7 107515 1.0429816196118082
22 5 18 19 59868 0.9169786789352433
17 17 2 22 68282 0.9370613640676952
12 14 22 8 49954 0.9177187764875413
7 7 25 16 65129 1.0258083195012007
17 29 18 18 58849 1.0158488797261866
13 17 12 5 50055 0.914741346368684
16 14 6 20 43342 0.9061317667363978
18 14 19 5 36365 0.9293431919367148
19 6 17 23 60971 0.9485012494301
17 13 26 11 37224 1.0917155610294706
8 1 27 5 70081 0.9115489075901365
14 12 17 26 48020 0.9531961577314573
22 14 1 18 74069 1.0722217311443338
1 23 14 27 46557 1.0435914167543088
25 14 20 2 42753 0.9189050989190278
19 5 25 25 69471 1.0342337536185577
16 28 23 17 58960 1.0795397697813962
21 25 28 17 42721 1.0327287806001784
6 9 21 16 53396 0.9764683136790122
10 17 16 3 61352 0.9289477511783238
26 14 26 29 52578 1.0768220296218562
27 14 3 8 73142 1.0372547176598992
10 24 25 11 78567 1.0594047612831063
25 29 17 25 31184 1.0067885281920272
23 13 13 29 77369 1.0867766633009641
0 14 16 10 50091 1.0074199646121647
21 24 29 0 87915 1.0003237624852868
12 18 23 13 52701 0.9315766280140154
27 2 27 27 80156 0.9269928169430277
18 16 22 0 57624 0.9797554271208968
23 13 7 12 52569 0.9329234384798832
2 23 22 15 82412 0.9339558429507319
8 19 12 27 39558 1.0660890895096078
20 27 27 22 31304 0.9514766145492088
3 26 0 11 60648 0.9741347200240191
14 28 27 4 102364 1.0686231959512864
9 3 15 14 51485 1.0956825867583415
6 26 15 22 29563 1.0218627963703546
20 28 22 6 61699 0.9053325517603771
28 24 0 2 129624 0.9174795108996562
21 26 6 0 94467 1.0042595993477448
21 3 13 6 30773 0.9960473570263251
28 7 7 18 76765 0.978547165810824
23 4 19 16 48254 1.0973504482992116
0 28 7 25 28658 1.0652271011140473
4 17 28 27 88936 0.9411552837816782
3 2 24 23 111143 0.9442838848944497
22 18 16 12 46698 1.0319357476458535
14 14 29 14 49227 0.94851194993133
17 7 26 0 42060 0.9550570781257521
22 22 9 11 66995 0.9561302935284115
15 16 14 0 50593 0.9827271611351289
0 20 29 28 96964 1.037366318914176
17 22 29 14 57274 1.0700387756042047
11 6 19 16 52128 0.9377711129397275
0 21 27 16 102646 1.0382499291204783
25 13 6 16 62858 0.9400417864081823
11 19 6 24 38810 0.9667382421618318
11 28 9 11 60350 1.074868967055074
27 28 24 11 58920 1.014394329202704
8 2 26 1 57072 1.0283838681957953
3 13 25 6 71217 1.0590774753117906
9 6 13 19 62635 1.0106318827279246
7 16 1 28 46337 1.0939271090561158
21 20 7 26 51674 0.9495962496283867
19 27 26 6 72801 1.0117783191042289
14 3 5 13 56773 0.9582535367951468
29 29 16 21 56424 0.9689169507738127
18 14 25 21 42134 0.9887258601997229
25 26 23 0 86005 0.917141664223384
12 19 28 15 62041 0.9822184651230719
19 25 9 14 58349 0.9897571396988548
28 18 22 3 71137 0.9154750396588762
18 16 5 22 53958 1.0329269214432202
7 7 19 20 71696 1.052598345698099
14 15 14 3 43238 1.005876994633193
14 2 26 14 66470 1.0552998965637714
26 19 29 26 34577 1.0687146111446937
8 29 9 19 40895 0.9147490661084066
7 0 0 20 71661 0.9180791945676833
6 12 7 21 25495 1.0879098445438729
9 13 16 29 68682 0.9507850549282042
29 1 10 24 107079 1.032930164266566
4 10 24 21 85650 0.9740114799580221
27 24 10 17 75629 1.012411298658025
3 28 22 29 71290 1.0599093576229137
11 17 17 0 67802 0.9190822141380832
9 11 7 22 32581 1.038769688261421
0 11 7 7 26851 0.9798862241401023
28 0 9 9 74443 0.9471916606140673
23 5 7 19 75899 0.9315365309500876
13 11 11 23 54449 1.02057744455873
20 12 16 5 30676 1.0701172945711046
19 21 27 28 43991 0.9832823875964762
22 29 13 16 62620 1.0480786458769127
12 25 4 15 45320 1.0264551166076927
16 3 24 0 36331 1.0882115745961447
17 29 20 17 46607 0.9803811238462149
22 1 25 20 64952 1.0712727361804308
15 28 26 12 73147 0.9576101482700072
13 10 28 28 82589 1.0345061005962568
9 7 19 14 49516 1.0155530201181213
5 4 8 13 32883 1.0824818780190226
3 15 15 24 54638 0.9952160910664092
20 28 21 16 31200 1.033660036256607
12 20 24 23 57656 1.0558083378260328
8 9 19 13 46159 1.0642713073807823
3 3 20 11 58240 1.0133556970695419
18 23 29 11 65271 0.9865096496116262
23 2 5 15 77812 1.0940639368926068
20 25 24 15 38504 0.9411773252408067
12 13 1 17 46517 0.9238180511026252
10 5 28 13 72135 1.0077208249107648
17 27 2 0 101978 1.011246570201402
15 2 17 13 43469 0.9746690077934744
9 7 22 13 55909 0.9530413970731483
7 0 20 5 50557 1.0979670764562532
12 0 22 18 83641 1.0805941198082352
27 24 17 10 66367 0.9172437908110443
1 29 2 7 77385 1.038548483318324
0 10 15 5 46339 0.9899922895041083
0 22 0 0 93783 1.0802948396882064
6 9 28 15 68507 0.9912450597336715
5 6 5 21 41515 1.0933189179464198
2 5 0 15 45939 1.030550756568691
14 29 16 8 67246 1.099236119917004
16 17 9 4 58745 1.0907206915086765
4 14 11 4 48820 0.9571336432436205
3 10 2 19 39220 0.9481427272859781
11 12 7 0 45915 1.019876317266645
10 3 12 25 81011 0.939088074003806
23 3 22 19 70343 0.9188636422542644
5 13 14 24 59618 1.0447678200646096
4 5 0 27 74005 0.9038273056153865
17 7 13 16 35867 0.9520226805730021
22 14 2 27 84187 1.0960343436341875
15 11 24 5 38757 0.9937211107766468
12 17 2 25 50457 0.9218798665735217
28 27 16 11 74096 1.0476639089637776
6 21 13 2 68127 1.0196668166626797
21 4 27 27 81389 1.0808261526647347
15 13 1 14 50718 0.9333259987676951
28 8 7 14 63277 0.9183243740742942
24 19 8 8 80635 1.031644621228065
26 0 11 1 47993 0.9494198578814262
20 17 11 15 31662 1.0109060668134282
13 18 16 6 45271 0.9517357294067602
27 27 10 29 66247 1.0563676209350437
26 7 13 17 59535 1.0477328064088023
21 28 11 2 105521 0.934982110737843
17 21 18 10 48169 1.0746987689451681
26 15 26 26 42441 1.0397178652910437
0 24 13 19 65625 0.9849647327443962
21 8 26 0 42453 1.0962276772642836
20 21 11 14 45582 0.9579680564244197
9 17 6 27 39044 0.9415482975358058
28 4 5 9 74702 1.030185378059279
21 17 16 8 42169 1.0789277719904278
6 13 16 3 51040 0.9398495843070874
15 29 5 29 46596 1.071923455845253
12 18 0 3 75282 1.0268932264359396
23 6 1 22 96127 1.0591307623781465
27 14 17 3 64518 0.996609612281941
20 8 18 21 47745 1.0257099059531187
1 26 7 20 26603 1.0119183643273928
6 23 4 4 51425 1.0237318001103906
4 21 17 18 69657 1.022619485525035
9 21 20 18 56581 1.0246605500271708
18 5 23 10 29012 0.9902755479632069
20 25 12 20 38706 1.090659522476407
2 21 16 19 67444 0.9449649797894509
28 21 8 21 80315 0.970391742209294
16 7 29 23 73362 0.9012301125655628
6 21 21 0 86957 1.0825248300448744
7 2 1 26 70600 0.9119425190335821
20 7 20 26 49727 1.029136551942795
8 6 29 11 65902 1.087868833465447
25 13 1 10 62443 0.9399365898736781
26 4 13 27 95177 1.0680675477538788
8 6 21 0 56372 1.0619677931110496
1 2 21 7 75278 0.9516106205643146
1 22 2 4 71983 1.0240090336282495
2 27 21 26 57622 1.0783693490394801
3 24 1 10 54254 0.9303558402890268
2 29 29 10 112732 0.9547874243830503
16 16 25 22 45971 0.908674306641134
9 29 1 0 93195 0.914283633573996
24 18 23 29 49030 1.0026782625199586
22 28 0 4 116504 0.952963519868931
23 13 5 7 60309 0.9738223403291169
9 14 28 23 87323 1.0875500091186328
21 23 1 6 91702 1.0853337321811711
2 6 18 1 55036 1.0683329209109726
7 7 17 26 69008 1.0017381005724986
27 6 24 29 79634 0.9750578125219378
27 19 5 8 85448 0.9399245999341217
12 22 23 4 82277 1.052533483784007
7 4 23 22 88652 1.0276415169687145
16 15 1 10 48491 1.0895670153033723
3 21 21 24 64311 0.9006476452187879
15 8 19 22 51383 0.9425953765466742
20 29 26 22 33488 1.0781855432148308
16 12 27 16 50283 0.9497538605837558
21 20 20 2 53802 0.9415365813190903
2 18 12 23 59981 0.9895177379931881
8 27 10 6 61841 0.9390825425882376
10 10 0 1 45619 1.0378008393089575
7 18 16 20 46659 0.9577381692469056
26 9 5 23 83437 1.0675394816648762
1 13 20 23 79207 0.9788799436068125
15 27 25 19 47500 1.0199457036418562
20 0 15 22 67955 0.9232262253286435
18 7 7 0 53838 1.0884803008581498
17 14 14 24 41315 1.0183942675881315
11 2 0 18 77642 1.0523773378530141
25 27 24 9 53638 1.0309020911577225
9 6 27 0 66401 1.066301446239096
20 0 3 7 65449 1.0469979739218875
28 2 27 14 40862 1.0248986294643412
13 27 1 1 94282 0.954001450203211
13 7 19 29 78846 0.9181058803831296
21 16 9 15 39262 0.9159993434358485
6 12 26 28 86680 0.9450594658543935
27 23 14 24 44900 0.9071554380198311
1 10 25 6 65384 0.9137742657138869
5 24 29 19 74208 1.0622841183979739
15 0 19 13 55505 0.9128137362274432
9 19 19 9 59515 1.0390148322094752
11 24 2 17 53406 1.0389026183849188
6 14 9 1 35466 0.9410108054909432
6 9 22 11 39767 0.9958273716310249
22 4 7 1 52575 1.04299632520513
21 10 7 26 67278 0.9545289170422127
0 19 24 7 91171 1.0199221703345405
23 0 7 14 72731 0.963077481714353
10 15 0 1 61704 0.922041331434161
2 14 10 28 60294 0.952534582953096
25 17 17 27 49706 1.0389897634349305
16 19 13 10 35156 0.9141518753725953
21 29 11 15 63428 1.0091082236391673
2 24 29 28 72604 0.939725605768042
20 7 12 21 62350 0.9898775920675615
4 11 27 15 71516 1.0714581702567012
4 0 18 9 64332 0.931849907750979
20 28 4 22 52394 0.9756276428120912
9 2 16 9 44270 0.9071303858095455
4 17 29 26 87255 1.0938847585394784
11 2 18 10 48323 0.9177928189244086
8 12 3 18 33067 1.0674370148849657
18 5 9 28 91584 1.012114514035091
18 25 3 16 54488 0.9837267213762542
19 15 12 21 44543 0.9475685088948882
25 2 17 0 31059 1.0245572342772078
21 14 12 1 59930 0.9520761069398042
5 0 9 7 28839 0.905972387948896
11 17 16 25 40363 1.0176327026555727
20 14 10 3 67233 0.9301662203951561
24 12 21 26 56729 1.0668280543930238
19 8 4 26 87506 1.0228862695088856
20 23 3 26 48783 1.018620878588007
16 23 12 0 77293 0.9406212125661201
16 6 18 29 82844 0.9328543992835446
5 15 19 27 65925 0.9226981397714586
26 14 28 5 34172 1.025983630805546
20 14 24 8 30387 0.9935031737789262
22 5 26 14 42991 1.0590000364574281
10 2 9 23 79235 1.072452079673562
17 10 7 8 26936 1.0311421014314286
4 18 21 4 81099 0.9267807879292383
5 4 13 16 47763 0.9895861474822609
29 14 21 7 39547 1.0499467884924294
25 8 6 16 60046 0.9353717200751935
25 27 8 8 92440 1.0994647485797129
6 1 24 23 100379 1.0132442856535797
2 26 17 14 69417 0.9201658619396219
11 27 3 12 62064 0.9280071096722403
10 5 18 28 94325 1.0770050371031223
7 29 18 3 97981 1.0163537833565017
23 14 13 3 60969 1.0075246636774497
26 18 19 13 44328 0.9977374690405154
19 1 2 9 69141 1.037221130223036
6 16 23 6 61213 0.9487641805263146
24 9 10 6 52004 0.9910272541690329
19 2 1 26 107452 0.9098632967909134
27 19 23 25 31524 1.0728962500845767
2 29 28 20 97997 1.0218393125297727
19 23 28 27 36289 1.046385347325909
23 17 19 6 45048 1.0454388862485546
16 22 22 29 44489 0.9317760681765018
28 15 22 23 48205 1.0701551623668715
18 3 9 15 72525 1.0673762697234364
11 20 25 22 63206 1.0186761319069355
21 9 22 20 47639 1.001673706765239
23 11 9 5 53016 0.9765576418818084
28 17 4 23 89960 0.930813158841323
15 2 28 28 100202 1.047003496051565
20 24 23 16 27923 0.945772786069806
10 7 8 20 50068 0.9513333160671147
26 25 8 29 59102 0.9315508398288265
3 10 21 15 54965 1.0868855050655593
21 17 8 26 59917 1.0845606209200205
26 10 3 24 88206 0.9976806362430457
11 14 1 19 46193 0.9951689827501528
26 28 15 0 103853 0.935904554839596
19 12 6 21 63954 0.9742180678856712
2 29 20 3 110469 1.067793509138366
12 27 14 6 66978 1.0062935241268594
26 28 10 4 113016 1.0237353883194618
5 3 11 9 35185 0.9617351188893168
28 14 14 28 78558 1.07987173820059
9 3 8 19 58729 0.9815143881035873
5 0 12 9 42154 0.9971608063058431
1 13 3 25 49265 1.082023031908121
11 22 22 29 55149 1.0999075956397708
3 10 17 2 62350 1.0345125691024086
10 7 22 5 42724 1.0929312627154708
28 14 1 8 79755 1.0417330656701143
17 15 0 0 85632 0.9357585552292118
0 10 16 12 42478 0.9254224683498621
2 17 3 29 51608 0.913693554611052
23 8 13 7 31469 0.9826178997409188
4 1 3 15 46777 0.9550966701028745
16 7 4 17 56119 0.957113637742762
3 6 27 23 103762 0.9278478066722553
0 13 13 12 51731 1.03356105674277
28 24 2 14 93737 0.9875563968118127
25 9 11 12 43106 1.0011111656728293
8 1 27 2 58661 0.9316870325450254
18 7 2 9 52546 0.9451743959872687
25 20 27 8 41734 1.020570293561292
4 5 25 6 64095 1.0166294925922377
6 29 11 17 49334 1.0790161945584669
21 27 1 24 52698 1.0963958645745566
24 2 15 11 51685 0.9633318190331819
6 11 28 15 68688 0.9461043457318348
2 24 18 9 78375 0.9673496282387717
28 4 23 18 61677 1.062331528445718
19 0 19 17 56553 1.0006243640901153
19 13 12 28 66829 1.0106485466372
4 2 1 28 85832 1.0077150839364455
6 3 4 13 32513 0.9822584304467672
3 0 17 26 93613 0.9892745755042637
15 6 28 5 36956 0.9747737635165934
3 19 11 26 48481 0.9834080339858964
16 19 19 0 72982 0.9825822150939355
3 22 8 28 33895 0.9480830305298994
22 28 20 12 51426 1.0405704008010022
17 26 6 28 35154 0.9753659031755793
13 11 29 8 43775 0.9577216753097351
22 28 5 27 55504 1.0393545659587593
7 28 0 20 44602 1.02368527132239
20 9 21 26 49831 1.0329332498596173
17 2 18 17 66019 0.9429104917526419
16 2 22 13 59165 1.0636066572720728
21 2 22 23 70697 0.9571971987464526
6 13 5 3 24765 1.0710678774089466
19 1 10 4 41735 1.0790923160840045
26 24 5 6 96943 0.9467547905970919
8 4 25 13 72112 1.0765944872505955
5 18 26 11 73348 0.9728411259979685
21 19 10 2 88493 1.0926459485638618
24 17 0 3 104314 0.9153495501225265
4 0 11 11 47932 1.0417541115644664
28 19 3 11 87067 0.9383633432241693
19 2 25 26 80145 1.0294201486502423
1 8 29 14 79164 1.095646034458852
18 8 18 19 51569 1.018131296442943
5 10 19 0 65059 1.029947927269583
8 23 14 12 58743 0.9097166451670511
22 26 3 28 61531 1.0175320326345527
11 1 2 9 44857 0.958349148521793
18 22 5 25 39815 0.9214354942727003
5 12 12 3 49200 1.0218179054594345
3 5 24 0 77125 0.9016541408215323
24 12 4 16 63639 0.9923795190814828
26 15 12 1 74268 0.9953787134383876
7 3 18 19 81282 1.079588034461938
25 18 28 5 45109 1.0853172422471629
23 26 10 6 90522 0.919282311313249
5 16 10 7 32786 1.0169920475248748
11 12 23 5 53568 1.0519175198681774
14 29 15 20 31738 0.9239641756281656
17 4 10 19 74750 1.0140997806999086
7 3 29 7 73689 0.9526585809927298
17 4 5 26 88876 1.0155718545387122
1 10 13 28 73973 0.9250445539688371
23 11 4 0 73084 0.9618266401912317
16 18 29 14 53832 1.0746051733182373
28 6 20 16 48746 0.988117406708772
7 8 5 18 32032 1.0137924118728423
4 15 24 7 66105 0.9548941323287525
0 6 29 26 113051 1.0443889137831288
3 4 1 19 56737 0.9265508655242972
12 14 22 6 49010 1.0890322879743728
23 20 7 29 67491 1.0861094001226004
6 18 2 9 29750 0.9174936621867212
3 11 24 11 52210 0.9062568367671612
9 3 24 14 75707 0.9365731073368234
25 18 9 8 65679 1.0294389786154037
9 7 14 2 37460 0.9487688749443759
1 23 12 26 36665 0.9838831971540112
11 27 7 15 40983 0.9540405110099537
7 1 19 0 40620 1.07943620672151
0 29 5 12 68873 0.9247923429289823
18 2 0 18 99629 0.9846101807292176
3 28 27 28 76260 1.0614634095133515
6 16 7 4 27873 1.0090360447825144
8 27 22 8 87552 1.0251799706967333
20 7 26 28 72721 0.9144323054893513
9 27 21 15 62048 0.9057145988774885
12 11 16 27 52447 0.9389137721059897
19 2 13 26 86166 0.9148955073544106
0 6 29 22 108119 0.9988901133026294
15 4 26 0 44403 1.066308360691409
6 6 12 11 24595 1.0461338244630762
29 18 3 22 87494 0.9564215900071087
2 16 8 21 34987 0.963383914415325
17 1 4 18 81302 0.943436370976171
14 26 6 23 26054 0.9358517677412886
7 3 27 28 110643 1.0115921654175122
16 25 3 14 57607 1.0241792689515827
22 16 28 9 36429 0.9739096109876544
25 3 13 26 91693 0.9670056091732714
6 9 29 5 64772 0.9856866837110704
11 16 28 26 70776 1.0793491541350921
7 3 28 24 106719 1.0231442377190079
29 29 3 25 68130 0.9516855685549221
15 13 20 27 48678 1.047666101611885
7 4 12 12 33977 0.97759536595213
22 25 3 11 77012 0.907592036334303
24 24 8 11 78927 1.0861850379303517
20 10 29 8 24413 1.08044274830604
27 11 22 5 35716 0.9656551482028467
1 6 4 23 61178 0.9955613499247614
15 27 0 12 78988 1.089950348168095
15 8 16 20 40533 1.0145170174090883
24 27 14 20 49102 1.0728238877008278
21 8 0 27 98048 0.9686546901650603
16 7 17 23 56956 1.0612101649379677
23 27 20 5 65893 0.9375930697265743
0 21 9 18 57724 0.9979861857343283
4 25 29 26 59024 1.0747509487523614
23 25 10 22 44447 1.0565290030972696
28 4 18 21 80193 0.9786371320721626
7 9 2 19 41752 1.0001603716196616
2 6 26 9 66892 0.9287598390185112
28 17 10 29 91723 0.9291510150740694
1 21 25 6 98405 1.0792345042731082
0 17 13 28 73591 1.0370466008261872
29 7 21 20 60407 1.0491715255795637
5 3 11 28 77878 1.0242829721409044
18 18 26 25 47417 1.0751119256079924
13 26 23 5 83533 0.9199138649021638
12 1 2 21 81096 0.9911797087857783
13 0 29 19 94082 0.9043610089146794
13 19 22 18 54836 0.9045317606390569
4 18 0 8 52259 0.9148785853341699
19 27 28 10 63522 0.9756795683934716
19 7 4 18 71505 1.068048683336346
27 21 5 7 94969 0.9923526790540775
8 21 28 11 85069 1.0083778733680708
7 24 5 1 56291 0.9992081233757242
13 25 1 20 45898 1.0591853993005937
27 7 16 29 91757 1.0779925499102505
20 4 19 21 50894 1.001266201976764
25 28 13 16 60415 1.039683289068729
11 14 0 3 64461 0.9002227009381681
22 9 27 22 56434 0.9826757199152414
15 9 16 29 58537 0.9512791204408308
4 14 0 2 56551 1.0836947222454385
6 9 26 28 91284 0.9369772925539425
13 15 4 23 53266 0.9510522106494963
7 17 5 2 40251 0.947507313501718
14 29 26 25 46101 1.0957042746331058
4 26 28 24 65974 1.0310621267576476
16 11 13 4 31425 1.0488216049460193
6 10 5 25 35533 0.9013825964554169
1 25 16 24 37146 1.036851307628531
13 28 20 25 27076 1.0056454778747128
29 2 6 7 77122 1.0320551857935791
20 27 11 20 48549 0.9956729852566364
28 6 22 0 38463 1.0264635676342881
1 13 12 12 42248 1.0433613401055533
6 19 26 14 71112 0.923172499075712
10 24 21 23 41214 0.9538854141412538
22 2 28 9 49391 0.9496137746099254
24 27 5 10 82787 0.9820046962424365
14 15 16 4 41282 0.9334836375710981
25 3 29 14 40259 0.9911872645537807
21 19 29 17 44761 1.0649178107186847
22 12 28 25 59481 0.955566817624902
2 28 2 18 46461 0.9396300213415705
7 23 29 14 82691 0.9753480704634329
19 13 4 11 54682 1.0809216501857153
2 4 29 19 103875 1.0018955165825156
17 27 18 16 42686 0.992283225510769
25 11 13 29 83452 0.9628143687794974
8 22 12 4 69315 0.9612844668197162
0 19 28 3 113256 1.0009209158790482
17 6 5 18 61721 1.0156633563732067
14 12 6 29 68719 1.0022061622267098
4 8 4 27 60609 1.0327822300582221
2 4 25 28 111437 1.0840920434168753
3 12 11 26 59955 0.9759094159642464
25 6 14 10 36616 0.9078385710838356
5 14 19 26 66340 1.0057553509277963
9 15 27 21 77697 0.9724349508167767
1 11 16 25 67435 1.0315306700605111
21 29 20 2 72943 0.9747313131078097
3 23 19 14 76005 1.0252815794642942
17 2 22 27 87356 0.9561880306891335
23 26 14 14 56814 0.9046505117977796
14 23 26 23 46092 0.95779009541636
4 21 3 2 68967 1.0680450051350479
3 1 20 17 78734 0.9691199165322055
3 26 16 13 66031 0.9075116888964823
4 3 23 27 103234 0.9574540216803116
7 28 24 23 54365 0.9866824043012651
13 10 18 1 39644 1.0113375810620668
4 8 21 29 93947 1.067051228846751
19 11 23 18 38444 0.9253722319598988
6 16 13 24 43762 0.9328951787543489
14 27 1 3 94789 0.9439269233495441
18 16 11 8 45221 1.0434374248217992
19 4 22 19 56911 0.9937588747675202
24 9 16 27 70981 1.017716006698697
26 7 1 19 89267 0.9515311188888
17 29 25 1 101442 0.9421420762327797
7 13 1 8 24799 1.087408300911134
22 0 11 28 105517 1.0990380046275225
2 26 2 12 61390 1.0378524408317062
1 23 14 0 98975 1.0161147241060977
11 5 25 11 54209 0.9408791408174615
21 17 28 13 35509 0.9888161058883613
14 0 21 4 35239 0.9189531992010305
24 8 3 14 68191 1.0576233543897617
24 26 28 12 53875 0.9386863466921409
14 13 21 5 45123 0.9217085278481058
22 1 13 27 86972 0.9327580208998082
28 10 24 25 50901 1.0100682315926193
2 26 7 9 53721 1.0966190616640836
15 14 20 5 34622 0.9990215482770479
19 24 13 6 71135 1.005415908955055
26 3 19 21 74729 1.0196431463299809
28 5 12 18 75213 0.9816380599848261
13 2 17 26 82243 0.942034788847021
26 3 9 12 72730 1.0977797525111637
14 15 28 24 65544 0.9632862410264126
14 27 13 1 79106 1.04399617301455
17 17 8 19 48730 0.9984560677696067
2 19 9 4 61401 0.9989810530707933
10 16 25 29 71581 0.9297791065244965
29 23 27 15 27648 1.0073509083919896
15 2 20 19 56805 0.9758563473182025
5 4 23 3 68589 1.0834824809548818
25 18 3 6 80167 0.9524314219531631
27 15 19 20 42829 0.9174286884369653
21 6 1 9 58483 1.0005768263782864
7 22 20 7 67017 0.9751393344774272
20 28 8 13 72951 1.0581467346564886
28 29 16 26 47460 1.0931631307761316
4 9 28 18 83962 1.006591215296184
4 15 27 28 89927 0.9215162127730022
20 26 16 18 39646 0.9959268983456379
10 15 26 14 56478 0.9833759083414352
2 27 17 9 80517 0.9259664477164774
0 15 21 11 67688 0.9423167942311075
10 11 4 22 46274 1.0752101022424387
29 24 10 10 78710 0.9226687460046124
17 10 2 1 56009 1.0395063983618513
5 17 24 28 78303 1.0044402140321398
14 19 24 1 73819 1.0800046257504246
4 14 29 2 85952 1.0310589837457533
4 3 13 1 36769 1.0875937550762478
23 5 14 25 76489 0.9677079547711931
13 14 25 12 45443 0.9030803557974123
7 15 20 13 48134 0.9365809731432625
22 10 13 9 26166 0.9730134428229362
13 1 15 17 50672 1.0002205782982472
3 25 28 28 65757 0.9762450246208036
7 14 5 2 32844 1.002230365191447
27 13 20 27 56101 1.0261158318468895
11 15 23 0 75102 0.9252285988858089
16 6 0 11 52149 0.9380678853249073
12 1 5 17 57910 1.0644206947664236
18 0 28 6 45371 0.9425245795112492
15 0 25 7 44852 1.0604475024605433
19 13 16 23 49464 0.9304198669511257
25 20 13 28 53581 1.0280318575951999
18 20 21 11 43004 1.0691351358107033
24 5 17 23 73052 0.9497859989491398
9 8 25 2 60122 1.0891883924609607
11 20 22 12 66586 1.0479458211331298
21 19 19 2 57127 0.9195433187044305
25 23 4 18 80641 1.0962638301086984
18 26 26 14 57830 1.0421729864323486
21 10 10 19 60789 0.9796521443402852
11 20 28 28 71949 1.0362636840821888
29 22 23 6 57631 0.9558142424563402
29 22 20 26 29804 1.001157786058353
16 4 1 12 61676 1.024161616844287
16 9 6 17 40820 1.003369983798359
8 8 23 6 48466 1.0794680811572368
19 28 8 22 52068 1.0352710749040779
17 12 26 9 34426 1.0751595790551562
24 11 11 22 68326 1.0188318856522296
5 1 25 18 87394 1.022204120763256
28 23 13 1 101654 1.0755953897233386
8 29 21 5 97632 1.0851675524202398
22 13 0 0 95112 1.0437808977314647
6 7 16 5 36538 1.0806005937185494
24 23 13 13 66676 0.9418189958994483
18 26 3 14 68475 1.0263530481755287
19 27 0 28 64374 1.0488792680951988
29 6 10 26 93875 0.9671484423640697
17 7 3 8 47343 0.9629813883439744
11 1 28 9 70882 1.0477664941944353
9 15 1 2 59351 0.961726779445958
17 9 24 19 53816 1.0971722596448434
20 12 2 16 56772 0.9234662299880452
20 21 23 11 33908 1.0139234741668433
6 3 28 4 74746 1.0464208684304828
10 15 27 0 88374 1.0439922722999049
10 29 13 7 85916 0.9978041414145145
3 4 10 24 71389 1.0496269080541674
11 6 23 5 39787 1.0201572859797494
29 12 4 1 82574 0.9839002918987942
15 23 29 1 86653 0.9970010552851957
28 1 8 21 107195 1.0563115787048316
14 22 7 14 44885 1.019711000914882
19 27 8 0 102233 1.0313621421882035
29 14 29 24 25147 1.013085662331943
20 20 4 18 68067 0.9182526250980602
14 0 19 19 76006 0.9869357339805223
27 24 4 25 55431 1.0425254905906995
15 20 29 10 56501 0.9730725158364557
7 20 8 11 24947 1.0055823278326952
5 17 11 29 55398 0.9220904011154581
10 6 23 19 81101 0.9197108185769829
29 24 16 15 64741 0.9729480686489846
1 9 13 0 59013 1.06883565787459
24 21 7 5 92543 0.9506710627428483
6 13 25 26 73594 0.9379513071190483
7 7 28 4 66571 0.9791209278395004
20 23 14 5 63070 1.0523264799851797
27 19 14 19 64356 1.0819369979998967
28 3 2 24 118586 1.0090311761750297
26 24 23 10 51994 0.9275681661891958
27 28 16 28 44753 0.9218446488928576
27 10 10 0 74390 0.9044907405098952
13 26 4 13 61839 1.0408497737734452
3 12 12 13 38081 1.0141194638405489
26 24 12 3 102791 1.085406885305767
19 14 7 12 45162 0.9462783053521002
13 15 19 19 39492 1.0890755111070451
15 9 14 28 56788 0.912833753498205
10 13 11 28 67177 1.0791978526253951
6 27 18 22 42740 1.0199402675347295
24 25 5 19 63328 0.9109533219364955
24 8 9 27 88827 0.9649922899713936
23 5 9 18 75643 0.9367360082761271
17 13 6 2 58449 1.0246874206754901
10 6 2 22 63558 0.942434031280554
26 5 6 20 85067 1.0585374866485133
20 3 9 15 63988 1.0741725005164442
29 3 25 12 31566 1.0595514884815067
22 23 12 7 72093 1.0084524319279553
5 10 16 6 36783 1.0964433557496984
13 14 2 27 68893 1.0011896030298115
28 18 16 7 63026 1.0726886438936118
17 12 13 25 48566 0.9150716354672163
29 17 22 11 37319 1.0096353203587218
21 12 13 3 49593 0.9357879338926628
6 17 7 1 37264 1.0134135440928782
24 25 8 0 106364 0.9335500238564409
18 2 22 19 69392 1.0973756359773403
5 14 20 8 48563 1.067954707207481
18 27 3 10 74392 1.0633394100731315
7 15 19 28 66338 1.0107387120177624
16 6 25 28 80308 1.0062415646460738
26 19 21 28 48114 0.921692598163678
3 24 21 14 72728 1.083843812294808
28 8 25 29 67786 0.9616105027881763
12 13 7 29 57121 1.01589783703272
8 27 7 0 67935 0.9040551270861169
24 1 11 19 83555 0.9485987631118745
7 1 1 28 78660 0.9663909900142044
5 28 0 15 56520 0.9161451440734455
3 11 23 0 75968 0.9237473631968766
16 20 4 12 62643 0.917987732990796
14 0 4 11 57023 0.9258270563771551
28 29 20 4 87392 1.0545292357245792
20 5 24 11 24841 0.9531906981431231
29 27 1 18 94100 1.0757074473738466
7 26 19 12 69497 1.0887102776196385
9 10 16 20 47578 1.010103291870849
6 9 12 13 26171 0.971050794902736
17 2 23 21 86987 1.0001836098112278
11 18 26 16 54330 1.0574166863579357
15 21 28 16 54262 0.9580775732417277
10 19 13 12 48158 1.0796613139501783
12 4 29 6 55263 1.038231291949033
3 23 12 24 31941 1.0597670157355439
22 20 10 6 79284 1.02842260487001
28 27 29 16 33350 1.0288763880461573
15 25 29 13 64430 0.9489805951562498
9 22 20 21 43754 0.9435656440662339
4 2 28 14 92747 0.9092027716092599
14 13 21 3 48888 1.0160344243129686
22 6 16 19 57539 0.9266968558898084
9 10 3 22 46487 0.9995232505008829
3 21 0 6 63468 0.9477581318040726
18 25 4 27 36798 1.0582454349868538
26 9 24 29 67614 1.0170768011425362
17 14 22 24 49454 1.059175073010227
20 17 14 3 54410 0.9476333402392336
3 14 23 15 69982 0.958259858445594
4 6 15 24 67637 1.0601546338455723
14 24 15 0 72883 0.9440454255292654
28 7 17 11 38885 0.9705853304743806
13 17 6 14 29496 1.0000034416655108
4 20 18 22 65079 1.0007774702274608
22 1 20 26 68048 0.9352509714006597
5 3 17 20 81144 1.0142877875594618
2 12 2 2 43897 1.0955802273546833
15 3 10 25 67707 0.9577974267086289
10 28 26 27 55672 1.0203394664359449
15 11 27 20 63590 0.9265337789859907
20 10 13 18 41570 0.9513114652402459
27 1 12 6 52111 0.9192362407049383
0 3 28 4 98360 1.069054142644993
14 13 14 2 44955 1.0632483238213202
6 14 15 15 30456 0.9075324704775121
10 1 17 15 62511 1.0679717756589
9 28 4 12 58413 0.9643271439595835
21 3 9 4 52480 1.0626940395858124
26 27 9 28 56522 1.005243595333583
18 6 3 16 60126 1.0289993201920469
9 27 13 20 42487 0.972875860128032
2 24 21 13 81257 0.9141225199738859
27 16 9 12 68060 0.9300022180472454
28 7 10 19 87817 0.9414218412611813
20 1 18 29 84899 0.9338237620715654
16 29 28 20 64806 0.974904075866422
15 9 22 20 55260 0.9268565131363405
12 26 1 23 36665 0.9431900656602763
10 28 17 10 69510 0.9518069535960042
26 14 9 12 59360 1.0093068603576498
23 20 17 28 49711 0.9325337369240686
14 21 16 1 66398 0.9886664148253064
9 26 1 6 68648 1.006645591131536
29 19 19 29 49764 1.0073905993998038
11 4 2 12 49769 1.070802214943737
22 14 8 17 53774 0.9236909717923855
19 27 23 7 62062 1.0830431996063412
0 4 27 22 121768 1.0910891931820441
21 21 4 14 70968 0.9934734401582913
5 18 19 27 61634 0.9786122809694778
13 2 20 5 34516 1.0915104887746068
4 19 25 9 77120 0.9913473441421191
4 9 16 23 68822 1.0389148194715663
7 16 10 3 47439 1.0629901445346912
3 22 23 9 83172 1.0759661886569638
29 23 10 29 72436 1.0289868724098867
23 10 6 8 41108 1.051702766140239
10 5 27 28 110782 0.9802048247804319
11 26 21 5 80392 0.9866175096352149
21 2 2 27 109402 1.087659792881191
29 14 12 12 56470 1.0447921814005197
1 26 3 0 81469 0.9260294273495082
21 8 19 25 53945 0.9846757758754816
3 23 18 11 75574 1.050329641059502
20 29 8 12 73412 0.949321755103183
3 19 29 16 88002 0.9863106650182364
20 19 12 8 50800 0.984001960265044
0 7 5 22 53001 1.0674891062046445
9 3 10 20 75255 0.9560056374530568
7 5 6 18 29741 0.9280838074577172
3 3 27 10 72204 1.062349808019574
20 11 4 6 46272 0.9883268794972155
5 10 0 23 56043 1.0521690367570533
26 12 24 21 37797 1.042830946576677
5 18 15 6 55390 1.0849346633978487
23 12 4 24 90813 0.9250135540029915
13 26 4 7 66205 1.0871236528370842
23 14 17 0 58381 0.9269133377017006
3 24 24 15 79787 1.0389364972748023
2 0 5 16 52520 0.9563577563142047
18 17 29 19 50663 1.0565855502520964
10 10 21 11 26802 1.020944365745557
20 14 29 9 32912 0.9819489194697133
29 5 14 8 51535 0.9300403753608776
19 8 18 22 48361 0.9127705610686667
25 22 18 7 58341 1.0557399154019036
2 20 17 23 63546 0.9363083336259532
5 20 1 11 43018 0.9964006907203062
13 9 2 17 45168 1.0511435570386882
10 21 15 4 73204 1.0346584673126595
7 18 25 28 64948 1.0461917762197959
16 10 0 1 59208 1.0874247095470386
23 16 2 25 70949 0.9071353323327626
21 22 25 9 49748 1.0848201458453548
3 28 26 23 73920 0.9378020178363645
13 7 4 21 67125 1.0717667220633904
15 11 11 25 43009 1.0781148790832034
23 12 28 3 42893 0.9175458687954795
14 24 29 24 45389 0.9898572665748143
25 3 27 18 52516 1.0746778605703549
9 28 4 1 76285 0.9911260635441356
12 16 22 4 56909 0.9951708638426544
3 24 4 11 47794 0.9480141418473054
29 8 13 2 64491 1.0874692252346232
4 23 23 17 81188 1.0392551186491994
22 17 9 16 43761 0.9087422640938688
15 0 4 11 56250 1.0916300326070005
7 27 15 10 56094 0.9947596172413784
3 1 20 4 57954 1.0803633998880589
29 6 8 24 98850 0.9069206876754072
20 18 29 29 48391 0.959972478054573
10 4 8 19 59497 0.9088942859983209
9 26 26 20 62980 1.0269521279480196
15 27 22 10 60071 0.9719127072852719
2 14 20 9 53573 0.9345877889334782
27 3 14 21 90243 1.088099080709131
11 28 19 1 98137 0.9073240735205877
25 28 4 3 109833 0.9179925883789378
23 9 2 7 61043 0.9427782520947741
24 13 5 18 76434 0.9811607538808393
27 18 25 5 46959 0.9177697014177193
13 23 21 25 29242 1.0230394568877477
19 25 19 1 68588 1.0252385183828299
20 13 26 26 51245 0.9246973277904557
8 9 21 12 39804 0.9342146001689127
27 5 2 26 113232 1.0356561483774203
22 16 29 3 51944 0.9003789701065491
19 23 4 5 87310 1.0172304367860392
12 12 25 14 48458 0.9782366379338243
6 16 8 7 24078 0.9014395330338357
17 27 10 11 60478 1.0017679178032661
13 18 0 18 57557 1.056005369949728
20 13 0 17 71433 1.093661812942758
4 17 23 21 83128 0.9188959604165318
11 9 26 24 85410 0.9475173496122302
24 27 2 7 98257 0.9935862970700419
29 20 8 3 102539 1.086516093427215
19 18 9 28 63473 0.9618931583525583
6 2 26 18 89346 0.9152390309340112
16 23 23 3 83990 0.9471429713358904
28 9 2 15 76811 1.0193364215396372
23 1 4 20 96382 1.0259942073225818
3 17 28 1 97186 1.0075064551150863
12 8 23 26 79773 0.934484666591954
27 9 7 3 68724 1.050948911992136
13 8 0 10 37495 0.9312514981049007
10 4 16 28 89695 0.905514847314082
22 13 14 18 47225 0.9946036080377287
3 7 16 6 41759 0.9830799318450313
9 28 2 20 45875 1.0661885903070147
14 17 6 29 54707 1.0472089391526371
10 23 3 13 53715 0.9559280544088685
20 22 4 2 92254 1.0330679237492055
19 10 5 22 60368 1.0293297751212565
19 18 22 6 45182 0.9504128778750058
13 19 3 29 66556 1.089854235080969
9 7 21 12 44814 1.0623799138438748
2 12 27 13 72824 1.0793383881897873
0 6 4 21 64153 0.9617619670659401
9 9 29 11 50611 0.9509425231426547
24 24 13 27 37775 0.9193288676251932
20 12 27 2 49744 1.0651274288097183
11 24 5 15 45451 1.0052044716676511
20 3 22 23 61877 0.9233479905771355
25 15 20 0 50169 0.9130593175571152
20 27 22 12 47628 1.0375046903021392
28 0 12 11 68365 1.0681807092436628
20 18 15 5 45485 1.087908337114267
0 13 9 5 50133 1.0833809598502904
16 28 26 5 93838 1.054891766252914
27 12 7 10 50966 0.9705837773413062
11 3 7 12 43282 0.9347973233519621
9 21 19 3 88591 1.0002829027563482
24 6 12 10 39043 0.9417367692272063
13 4 28 19 82680 1.0380624941344438
24 29 29 3 83505 0.9929863254496818
20 27 10 11 65469 0.9979727078979647
22 9 18 23 53111 0.9811871190001354
19 1 4 22 92797 1.0317495339043126
25 9 8 25 78003 0.9090246693357207
22 21 16 7 63274 0.9118794099298103
25 8 16 27 74039 0.9979210475594122
1 5 13 2 52695 0.995406874573235
26 3 16 3 46237 1.097650528658704
26 12 14 17 54883 1.0857449478918662
22 3 3 6 65509 1.0831930871653734
1 21 14 4 85467 0.9625201912714916
10 11 20 4 42014 0.9920055082698752
25 19 19 26 39326 1.0456998538688653
6 16 21 6 56379 1.081007514690163
17 16 24 8 47029 1.0163081568887884
28 5 5 27 106697 0.9311093350997501
2 13 9 6 38321 1.0018440902359496
2 7 29 17 88171 1.0636821221528507
6 19 12 13 37194 1.0106431467312968
24 15 6 4 72848 1.0042441034716223
26 7 9 28 97125 0.948915935733035
4 17 23 2 88400 1.0932702731026396
3 22 20 6 82103 0.9950794052552728
5 8 24 28 94204 0.928374659907816
10 10 18 19 55171 1.0373302843897954
0 23 12 3 94724 1.097645462873965
0 13 17 18 72087 1.0340897860932428
12 26 2 9 63740 0.914029537581432
9 7 24 15 64451 1.0640109103751074
12 19 25 17 52125 1.064336029279201
18 8 27 24 74679 1.0778305842146618
5 13 15 11 35121 0.9869575728749879
23 28 27 7 74581 1.0775378055617497
21 26 22 4 71381 1.0451112383655308
18 3 25 29 91159 0.9877803530053856
27 3 3 12 87279 0.9624532789664724
16 23 27 15 59641 0.9781104206464205
25 1 15 11 49065 1.0079738734332537
0 17 22 27 84221 0.938502534448916
8 18 28 14 76922 1.0663259407943109
18 6 0 29 107445 1.0933120390007967
14 15 26 28 67442 0.9139473231898186
3 12 1 26 57166 0.9252360333683768
11 10 1 25 55423 1.0322778203676188
18 10 25 4 36236 0.9962143828480792
10 22 29 0 105968 0.9461551071652274
21 23 3 2 99588 1.0875065541717897
3 29 1 7 74626 0.9466436726595908
12 24 17 16 38206 0.9736876657788951
12 20 1 3 79070 0.9568902073475174
17 1 3 22 90699 1.0451477418524868
22 23 15 9 58147 0.905419102286661
6 11 26 23 87091 1.0141397535242642
23 26 5 10 79957 1.0767550027184378
26 25 8 18 66711 1.0529955895732945
19 17 1 3 89841 0.9314630399254379
20 8 12 24 64753 1.0611747298350078
20 23 9 11 59992 0.9223294373119296
26 2 0 5 94028 0.9306668412816378
25 22 24 10 35897 1.0152425761563697
4 13 27 2 94821 1.0333968091576766
1 0 13 13 66426 1.0160871685454858
0 23 2 10 55416 0.9033815320348374
1 17 28 6 90978 1.020862504141349
23 25 3 21 61868 1.0706893764296312
16 10 0 28 82812 1.0392430565032509
8 25 27 7 90119 1.0214120804690991
0 26 6 3 67279 1.0774380788102573
3 28 13 3 97193 0.9056614229019934
25 16 2 23 85742 0.9459121804194849
12 4 1 24 84564 1.0295999726276734
5 23 8 13 41556 1.076440270371103
14 18 9 9 45124 0.9402677561575441
9 3 11 19 68072 1.0834612616910015
23 23 22 0 82317 0.9018551064432329
8 18 12 29 50537 1.0143870363929564
17 17 24 1 66656 0.9269239136737671
25 16 15 0 67572 0.907434354956874
9 28 21 9 80846 0.9699439464454459
11 13 21 19 51346 0.9754824386242477
21 24 16 3 78745 1.0706314242230215
5 4 3 29 72008 0.9118175604932228
24 23 0 4 116360 0.9557825011618258
29 21 4 29 87258 1.0325921493370087
12 23 24 4 89647 0.9832569452399242
12 9 1 10 26636 1.0382979782050348
25 14 9 6 62741 0.9161857692939102
13 18 12 1 65768 1.0365845670707972
28 3 14 21 88393 1.030084884529078
6 22 7 11 28858 1.0145804188513892
23 28 11 2 111734 1.0759578955782765
0 29 5 15 60783 1.0351223488976204
