3700 3588 5590 5362 4094 3973 5284 5620 5383 5337 5496 3775 3920 4770 4811 5096 5568 4116 4166 5183 4600 4649 4981 4111 4504 5312 5008 5491 4878
5588 6154 5156 4421 4649 5334 4417 4369 5914 4454 4725 4598 5113 5957 4872 4306 5412 4526 4831 5882 5110 4274 4286 5766 6296 5944 6019 6312 6063
5814 6876 6559 5694 6151 5951 6961 5562 6819 6065 6298 6990 7108 5526 7501 6886 6233 6800 6335 6170 6101 6447 6734 7197 6709 5667 7063 7461 7348
5211 4847 4953 3872 4940 5534 4935 4257 3623 4875 4926 5416 3760 4509 5347 4617 5152 4081 5073 4594 5472 4281 4362 5495 4212 5230 4516 4047 4756
4897 4376 5100 3372 3798 3468 3481 3639 4181 5012 4692 3682 4371 4228 4934 3328 3866 3961 4789 3330 3647 4163 4267 4761 5100 4131 3572 5090 5179
1896 1646 1981 1159 2364 1239 2257 2516 2220 2469 2190 2516 2086 1331 2688 1718 1255 1361 2008 1671 1721 2328 2138 1922 1188 2164 2673 2825 3168
5113 4759 4759 5990 5315 6442 6291 6485 4692 4873 6128 6408 6462 4921 6744 6761 6343 5628 6234 6214 6523 4745 4900 4813 6574 5418 5900 5538 6775
3648 3804 4420 4332 4392 4724 5067 4602 4961 4010 3489 4356 4070 3499 3723 3687 5379 5049 3975 4486 4617 4258 3439 3695 5068 4684 4016 4075 3356
5045 4487 5128 5661 6140 5810 6272 6258 4425 5652 6233 4595 5813 4719 5546 6205 5433 5802 4746 4740 5140 5896 4908 6131 4790 5017 4407 4517 5626
3880 3341 4347 3771 3407 4055 4301 2552 4230 3548 4147 3121 2942 4138 3134 4394 2780 4499 3109 2865 3625 2519 3999 2483 4367 3258 3147 3557 3792
2362 2198 2817 2171 2284 3633 2551 3417 1747 3607 2336 2874 3448 2859 2455 2119 2438 3563 3022 3586 2293 1943 2280 1929 3554 3345 3447 3276 3375
4580 4278 5455 4330 4122 4623 4448 3544 5482 5153 4682 3812 3589 3617 3558 4421 5561 3603 5578 4394 3878 5502 5279 3940 4045 3693 5114 3560 5401
5125 5929 4596 4825 5096 5026 5511 4577 4598 6117 5906 4898 4511 5416 5078 5323 6144 5542 5610 4959 5743 4964 5515 6241 6098 5032 5101 5844 5781
7780 8203 7972 7603 7359 7048 7133 7865 8087 7930 7810 7813 8373 7976 8289 7246 8319 7899 7339 7293 8392 6527 8518 7298 7469 8348 7320 8200 8357
7680 5842 6211 6513 6400 5857 6058 6446 5883 7124 5904 6828 7800 7814 7017 5755 5908 6852 6345 6251 5784 7349 7733 7472 7543 7825 6427 6957 7219
5502 4528 4550 5676 4904 5141 5329 4336 5152 5373 4033 5634 4010 5542 3797 5178 4392 4829 4267 4340 5324 4065 4181 3720 4255 5164 4509 4022 3763
2843 3319 4074 2527 3317 3203 2281 3912 4056 3584 4229 2301 4195 2327 2787 3418 3052 3288 3015 2356 3501 3028 2307 3732 2231 3815 3756 2310 3349
4583 5031 4318 3598 4209 3782 4935 5035 4450 5369 4058 4328 4178 4920 3639 4787 4242 4709 4373 5000 5131 5139 5629 5499 4203 3857 4362 3850 4109
2577 3775 1948 2689 3224 2435 2488 1958 2970 2579 3942 3925 2708 2912 2602 2169 3027 3975 2266 2950 3067 2167 3058 1996 2572 2095 2230 2986 3875
7628 7697 7499 6660 7368 6546 7368 7451 7287 7064 6238 7788 7615 7580 6891 7187 6689 6045 6526 7748 6144 7631 6490 6705 6494 6305 6478 6794 6907
8812 8223 7505 8784 7400 7270 7331 7535 7988 7133 6999 8236 8028 7487 7722 8895 7122 7697 8805 8465 7878 7226 7013 7717 8873 7733 7468 8312 8760
5560 6771 5920 6279 5387 5845 6472 5877 5141 5728 5113 4745 6734 5531 5416 4713 4697 5674 6103 6404 5109 6630 5594 6088 5331 5234 6426 5333 6087
3983 3619 4169 2434 2571 2906 2257 2595 4096 3570 4222 3034 3680 2456 2515 3078 3970 2984 2862 4214 4227 3710 3914 3470 3270 2200 4176 2324 2765
4184 3208 3994 4262 4625 3954 3348 3628 4764 4933 3822 3529 4188 4325 4734 3491 3260 4475 4412 3464 3177 3715 4771 4809 4682 3409 3732 3720 4282
4351 4962 3508 4658 3864 3883 3653 3884 4795 3739 5024 4479 3244 3623 3350 3221 4339 3722 4565 3433 4034 3979 4398 3489 3485 3549 4519 4207 3578
7139 6380 7226 6764 6558 7376 6219 6779 6327 8295 7278 7341 8202 6429 7077 6398 8214 6762 7638 7106 7639 7897 8292 6479 6247 7084 6418 6473 7903
5952 4705 5533 6500 6581 5112 4703 6247 6176 5446 6182 6227 5931 6635 4752 5186 6291 6093 5891 5922 4905 6406 5674 5862 5380 5699 6359 6394 6371
6038 4577 4376 4397 6337 5852 4385 5154 5007 5316 4888 5237 4598 5372 5267 5462 5065 5204 5523 6261 5839 4930 5819 5453 5633 5287 4960 5131 5863
2413 2576 3339 2396 2738 2201 3210 2725 2214 3649 1783 2425 3598 3492 1650 1977 2197 1832 2513 2429 1626 3627 2036 3206 3244 1580 3462 2696 2366
7395 8143 6858 6293 6658 7904 6513 6657 7884 6760 6289 6914 7988 8197 7946 7313 6779 7274 7004 8121 6440 6746 8062 8167 6346 6251 7200 7533 7067
3215 6633 3070 4000 4984 5962 6056 6388 2428 4438 1532 3233 6395 7554 8591 4095 6450 1299 4863 2793 7839 4541 5007 7076 5570 6743 6014 5875 6470 3744
2501 6388 3733 5481 4396 5435 7014 7592 3108 3589 2468 3002 6801 8014 7940 4748 7465 3009 4852 4122 7912 5827 5035 7021 5652 7668 6311 5837 6315 4899
2831 7363 3879 4150 5067 6071 7716 7884 2202 3539 2826 4058 6140 8037 6761 3270 7050 2348 4402 3217 7283 4752 4488 7123 5156 6697 5443 7233 6006 4107
3054 6871 3584 4972 4495 4744 7217 6705 3424 4464 1633 4351 6069 7745 8468 3444 7738 1773 4315 2445 6527 4050 4909 7047 4688 7057 5896 5535 6080 5327
3302 7916 2563 4364 4189 5725 6958 7026 2968 4867 1982 2906 6466 7099 8321 4523 7088 2921 2921 2468 7155 4751 5546 6503 5275 8599 5663 7253 6867 5233
2660 7658 3058 4837 5356 5364 7397 6644 3934 5082 1677 3980 5891 7197 8056 4342 7293 2708 4239 2908 7724 5741 6068 7377 4901 7008 6331 5796 7075 4188
3397 7135 3503 4318 4082 5551 6331 7552 3664 4732 3058 3129 7365 7273 8717 3874 6536 2829 3279 3721 6862 5062 5001 7539 5498 8270 6247 7103 7022 3536
1929 6259 3428 3969 4111 4764 6373 7153 3990 4329 2853 4469 6866 7588 8182 3315 7245 2927 4794 3563 7022 4047 4646 6747 5313 8122 5150 6737 6297 5324
2722 6674 2413 3913 5526 5446 6271 7111 3705 4756 1589 3843 7456 8414 7604 3317 6768 2443 3793 2902 7794 5093 6015 7530 6029 7769 7006 6063 5810 4672
1737 6818 4020 5459 5514 5670 7134 6657 2871 5004 1177 4481 7026 6718 7025 4781 6943 3110 3558 4183 6154 4669 4791 7205 5245 8024 5087 7423 6393 4042
1557 6921 3706 4742 5534 4348 7171 7638 2757 3193 2274 2926 5662 8398 8249 4568 6612 2048 3054 3627 7549 4380 5866 6621 5976 6901 6689 5896 6823 3276
1557 6498 4157 4954 4566 5040 6855 6479 2280 4053 1745 2597 5753 8181 8239 3342 6348 2359 3360 2173 6498 4696 4144 6781 5699 7132 5165 6203 6606 4317
1549 6951 2908 5527 4249 4197 7663 7585 2725 5266 2943 3060 6267 6912 7949 4856 5771 1987 4717 2849 6527 4005 4906 6504 4871 7332 5872 6969 5535 3723
1567 6487 2754 4692 4398 4356 7122 7772 3025 4716 1632 4415 7194 6787 6911 4995 7317 2744 3264 2957 7245 5293 5133 6731 5845 6728 6993 7341 6769 4257
1973 7640 4293 4972 5121 5242 7403 8101 2932 4352 1128 4270 6496 7577 8093 4923 6169 1305 3866 2994 6211 6078 5755 5828 5255 6598 6662 7056 6789 3401
3237 6525 2653 4686 4994 6103 6976 6551 2101 3207 3031 3881 6703 8402 8634 3561 6746 1554 4753 2230 6970 5384 5627 6296 5798 8663 5697 6811 5210 4883
1983 6785 2493 4150 4716 4470 7760 6831 2385 4578 1414 2787 7225 7208 7669 4043 6444 2981 3063 2400 6760 4507 4536 6665 4838 7277 5069 7319 5731 3755
1713 6484 3987 4754 5096 4788 6359 6861 2662 4402 2202 4548 5900 7375 7459 5297 7032 1664 4504 2849 6971 5858 4358 5777 5533 7053 6349 5435 6555 4954
2422 6386 3900 5377 4513 5695 6082 6555 2200 3521 1437 3998 7633 7415 7190 4697 6941 1808 4588 3227 6247 5833 4469 6855 5778 7112 6990 5461 6589 3880
2575 7170 3064 5398 5607 5047 6011 7902 3845 4990 2219 4551 6151 7483 8576 3819 6041 3245 4164 4147 6242 5125 4900 7493 6157 6987 5972 6644 5832 4037
2395 7328 3195 3774 4822 4476 6502 8093 3852 4304 1677 4431 7156 7537 7476 4825 6892 2486 3981 3835 8055 4462 6102 6746 5529 7672 5336 5370 6242 4643
2042 6755 3732 5491 5344 5567 7046 7786 2023 5061 2516 4011 6883 6887 8069 3392 7697 1393 4700 3974 6493 4562 4640 7416 6047 7857 5106 6747 6173 3984
3504 7385 3499 5012 4930 5187 6451 7680 4077 4988 2481 3773 5757 7629 7325 5011 6786 1817 2959 2683 8062 6047 4291 7137 6226 7247 6712 5887 6059 4328
2775 8057 3344 3504 4688 5303 6677 7160 2373 5015 2704 3996 7422 6699 6967 5042 6509 2416 4751 2626 7379 4937 5583 6283 4429 7294 6319 6518 6193 3678
2621 6945 4309 5366 5410 6245 6565 7182 3013 4258 1714 3359 7587 6746 7344 4291 6666 1827 4055 4058 7661 4279 5090 7581 6161 7183 6878 5670 5865 3665
2375 7100 2880 3728 4287 5200 6452 6566 3092 5139 2284 2634 5765 7430 7286 3653 6810 2275 4229 3350 6514 5880 5920 5793 4426 7728 6195 6236 5995 3878
3391 7759 2972 3589 5107 5712 7642 7924 2827 4022 2055 3932 7420 8754 7123 4686 7618 1715 4317 2935 7776 5940 4607 7304 5684 8364 5136 5905 6755 4381
2784 7637 4294 4515 4060 5437 6727 6977 2561 4305 1999 3929 7295 6863 7465 4591 5884 1230 4794 3726 7711 5127 4589 7089 4446 8612 6826 6659 6298 4919
1891 7387 2641 3971 4275 4771 7928 8129 2909 5073 2897 4168 6997 6879 7095 4555 6615 2624 3182 2586 7683 4511 5638 7012 5460 8338 5577 6553 6824 3927
6 26 20 17 58544 1.099912479254694
20 29 22 16 52713 0.9534234393113045
23 13 6 19 63495 0.9003526122576168
11 20 8 11 39123 0.9338594735294615
24 9 19 23 62396 0.9083158603454619
5 9 22 17 55844 1.060003531162899
3 19 21 1 82346 0.9007567251570189
12 13 20 19 47811 1.087000314569963
14 17 2 27 61659 1.001520586198421
18 6 10 23 61580 1.009367106338924
14 29 27 3 110599 1.0846566038718393
11 15 15 27 57410 0.9572869505512429
2 3 20 7 73562 0.9835121736358706
0 17 9 0 55589 1.0531250210582317
18 17 7 14 36335 1.07148978733869
7 27 25 15 87748 0.9284306794565329
9 26 0 12 72498 0.9931876591365074
17 23 26 21 52048 0.9088481133695361
26 9 22 27 72611 1.0100259430096343
29 1 28 23 63620 0.9756874748011684
3 18 8 3 49729 1.0328871843918883
25 11 29 24 48563 1.0615221871877043
9 13 18 29 66468 1.0145940787499985
13 12 19 20 56255 1.0962932680664244
18 0 21 16 58504 0.9329125553352584
9 2 18 13 53191 1.0278438388349342
3 1 3 22 60527 0.9155814334358704
13 5 6 27 77648 1.0063017658171527
17 26 29 13 66902 0.9097694952586288
16 4 5 19 60613 0.905789328550901
26 10 27 19 29247 0.9864644568338912
26 19 19 10 47777 0.9125034573699776
27 23 13 9 76697 0.9308009668188821
19 9 6 16 52645 1.0569646688185717
0 5 14 5 72000 0.9136583623677441
9 6 23 4 57770 1.0191981452450478
27 16 3 0 94593 0.934984826136321
29 22 8 20 72391 1.0012396007005606
13 14 12 0 60534 1.0520137718663913
21 6 18 26 72844 0.9138982878415792
8 26 18 0 95341 1.0109145004523785
24 27 1 10 104325 1.04262822530864
5 13 28 12 58809 1.0927918313592129
24 23 13 2 93687 0.9547415705287661
18 3 3 8 56147 1.0698196954561834
24 16 6 16 51798 0.9648089719028551
19 7 22 23 66190 1.0891071662264622
11 0 27 5 59362 0.9664195520547931
5 0 24 20 87710 0.9177388097141893
8 7 4 28 65185 0.9212125299753515
6 25 1 16 36808 1.0562164711728226
24 22 24 10 47013 1.0696212189070684
1 26 23 2 116267 0.9057729466194484
15 19 28 22 45417 1.0083106220987683
3 21 19 23 69646 0.9948237133258271
4 26 11 17 38229 1.0256203048511696
14 21 25 8 74068 0.9730263847470513
0 25 18 18 78628 1.0420640852448646
17 21 24 28 54965 0.9943877717595123
20 22 17 12 43112 0.9939151616080255
17 9 12 2 38757 0.9452904372102976
0 16 8 4 57316 1.003691654343902
8 4 8 25 74049 1.0147893819178309
26 17 6 26 70758 1.0463293314437896
25 8 11 3 60560 1.0465092028642986
24 14 9 19 50947 1.0099914322781824
23 14 12 28 83900 1.0576997521677598
23 22 3 9 80750 1.0744837297678738
24 3 3 19 85583 0.9663816694781407
24 26 10 2 103852 0.9866172791218659
22 19 6 21 57939 1.0686444832867223
26 9 21 24 69012 1.0448331799812864
23 2 4 26 98617 0.9104756025381872
7 10 17 27 72601 1.033876620680307
10 3 27 4 64181 1.001498176821853
26 17 25 0 56078 0.9361506734418302
13 4 3 20 68602 1.0772236365896577
15 24 23 12 62058 1.0078078072661603
15 28 5 3 92571 1.0915044119531099
10 1 5 24 61487 0.9980294549225246
16 24 4 12 62785 1.0583582606917523
4 11 16 18 43802 1.0565827145363453
26 22 21 14 48359 0.9380946470658068
15 27 7 7 87197 0.9896880558568105
4 25 1 9 50083 0.9007071578087958
22 1 29 25 87427 1.0835030353826607
20 5 27 11 41593 0.9644416110537692
11 9 24 26 86987 1.057708576407314
0 2 23 15 88524 0.996966557560532
6 19 25 12 75465 0.9273284829706151
4 10 22 13 47490 1.0319420401307458
4 23 7 10 36249 0.9030991902463463
22 0 9 14 66882 1.0412194727514557
0 20 21 14 76621 1.0761382035596625
3 11 9 23 48322 1.0825956670410277
19 2 28 19 66744 1.0635312068843445
11 24 17 1 87914 1.011457685454633
10 10 22 2 48816 1.0026476585737059
7 8 27 13 64769 1.0431316111402706
2 24 29 5 108631 1.0657181656764279
8 22 28 13 71383 0.9672407391424203
1 23 15 20 66201 1.0930358116840202
23 1 7 0 38646 1.0404959542331365
21 26 21 16 42047 1.023024098452459
16 28 1 20 79277 1.0723080223594312
6 16 1 26 48362 1.097958359750779
18 3 18 15 34432 1.0000725948446807
8 22 12 2 73832 0.9170601949494508
12 21 19 4 74127 0.9642309708651727
14 10 13 22 56446 0.9470171776586541
29 21 4 17 66703 1.0298700989607976
27 25 19 13 65685 0.9907324437095333
5 15 21 14 55997 0.9313306537115947
13 0 29 24 98053 0.9338913390578859
2 26 22 4 99854 1.0824142514539286
10 19 21 5 69131 0.9354088672236274
24 7 29 21 50503 1.0870652976638489
28 5 0 21 103789 0.9223744513998279
21 4 22 22 64291 1.0861701270895159
24 12 12 26 84953 1.0836105246516172
9 17 19 2 62199 0.9459932285034547
24 14 18 26 48221 0.9238309958006415
15 16 1 22 57919 0.9379143871266714
11 10 24 12 36632 1.094536793600031
8 13 17 21 51584 1.0461500992476276
20 26 15 15 51784 0.9575424340463683
7 25 27 27 109339 0.9871220430809293
21 16 19 24 37493 1.0507822306391024
11 20 9 28 33100 0.9959246048838246
17 3 20 24 75796 0.9317127651681067
27 29 29 19 33777 1.092077936328066
23 10 16 6 27119 1.0557649621159693
5 1 10 20 55823 0.9335648978318233
20 26 28 9 73344 0.9531418983885944
25 3 0 19 101081 0.9885154677986041
12 4 27 12 70801 1.0298949513136586
16 13 20 20 37909 1.0690778457763304
24 21 3 24 81325 1.0587749050472979
21 29 10 4 98207 0.9157592350134626
13 19 1 13 59038 1.0703081160538122
18 21 9 28 58817 0.9556833067495901
26 7 8 25 103498 0.9804383494345992
16 3 6 8 45290 1.0104082245712636
28 16 16 27 58083 0.9447336949960486
3 1 18 22 86067 1.045919481097542
17 16 25 7 56650 1.063032969132133
3 5 15 13 54923 0.9892869952079892
18 18 8 9 47564 1.0530620308528662
9 13 28 29 84060 1.015317399917242
22 25 12 10 71218 0.9455608969772226
13 14 17 28 66876 1.0719914798876444
26 13 0 12 81807 1.0101887100420883
26 11 16 12 33360 1.0197857161760848
0 26 15 20 78676 1.0843812325072077
8 17 18 28 51557 0.9709882112257369
29 12 28 3 30338 1.0620386122610221
21 2 12 8 40731 1.0109163469149904
1 9 28 29 108635 1.0885585857634303
11 15 8 3 47322 0.9988329432819969
17 16 8 13 42140 0.9051568429019232
10 9 29 5 59832 1.0337927127474216
18 10 2 10 33164 0.9072351089755841
12 13 1 9 40985 0.9229744576067923
20 19 1 9 71421 0.9205210769864728
27 10 14 7 41162 1.0046851931542922
24 6 8 9 53892 0.9819136387407157
17 12 10 15 36525 1.012805144701459
7 6 18 6 45548 1.0832980969983153
22 12 21 28 59223 1.076183547139563
14 24 26 14 70346 1.0977718714833449
29 5 20 27 94316 0.9042766005571806
24 0 29 20 70211 0.91015093786595
28 3 12 7 63540 1.0864279724326396
20 2 26 17 62815 1.070385301461731
24 10 14 24 71239 1.0526030298463276
3 27 16 13 68869 0.9473139532453098
14 25 29 17 65359 1.0284091513789002
2 14 6 27 46681 1.0310231782633532
12 18 15 10 37262 1.0585439660005957
23 0 12 1 30085 1.0144144334665932
17 19 5 23 44365 1.071827836395011
6 5 5 17 29849 0.9339014510744452
0 21 24 12 89798 0.9520642222858232
19 18 11 11 43614 1.0167970032542517
12 18 13 5 56080 1.00936739200007
14 27 5 28 54679 1.0648491311387338
23 19 17 12 36779 1.067432994747512
20 3 0 1 65259 1.0880920660902673
12 9 0 14 48892 0.9925335042637449
28 18 6 7 80336 1.0146970960162158
26 1 16 3 40593 0.9463265164473037
19 22 25 8 64760 1.0020501764052132
6 24 27 2 106409 1.0837180888573898
25 6 0 21 104374 0.9829594109891621
27 6 0 2 97226 1.0986834884645367
5 5 24 1 56691 1.0873031356218479
22 3 5 26 85286 0.9766195034355138
14 0 26 18 80194 0.9009779345047395
16 22 4 19 45460 1.0724026211618367
10 19 23 17 33976 0.9151292795141069
26 29 0 21 118985 1.0109414776308208
19 7 1 21 80710 1.080989132282166
28 21 18 6 56603 0.917666749453245
1 10 11 1 47238 0.9064452452791161
7 19 1 7 44542 1.0193251378185388
28 27 9 4 102672 0.9391558824192606
21 14 24 6 42717 0.9307587208706237
19 16 23 7 48419 0.9730750762530381
3 7 12 22 67556 1.0230811396702684
10 2 17 16 59649 1.0250242223799568
22 20 5 18 51012 0.939621184116699
5 23 10 9 38972 0.9278367393793981
3 17 24 2 84491 0.9736864247673672
24 4 5 22 85058 1.0512811152928372
28 6 12 28 110798 0.9745198484692958
8 12 12 23 56919 1.0487642836876292
3 20 26 18 66895 1.0554233058318958
18 3 28 6 47811 1.0763504979062575
22 4 16 15 45299 0.9316154427063053
4 20 9 13 34260 0.9501726144679938
1 4 3 16 54607 1.0478504981949315
9 3 4 24 63469 0.9247915389753464
18 10 29 16 42626 0.9601347068856771
22 6 2 5 74331 1.096732060604846
12 13 19 17 36004 1.0560963840811222
14 18 7 0 67694 0.9604058825777918
25 26 0 17 95341 0.9941240785775445
9 22 3 2 61608 1.0197775372051747
29 1 10 8 72739 0.9692831431934759
0 4 14 2 56218 1.0571578408727174
21 11 3 18 59550 1.060363437835257
22 25 3 14 84529 1.067660359549977
26 11 7 15 64339 1.0961356788719931
29 10 4 8 58363 0.9370587615761787
22 25 0 28 110525 0.9046353475467988
15 4 20 12 47194 0.9569989655693406
11 18 28 14 44233 1.0521178863958225
1 21 14 3 89604 1.0813781156570568
8 7 13 28 86976 0.9162172422635326
15 24 5 8 71512 1.0764807110594174
29 19 13 24 69913 1.0449149235344182
26 23 15 17 53308 1.0922169020711678
29 21 0 29 112259 1.0583316552654365
14 5 3 16 66645 1.0318884713399958
1 4 11 28 97431 1.0351599177594724
22 26 16 3 86904 0.9727412768013124
0 29 17 5 106202 0.9549992810444742
2 7 29 25 112351 0.9422677761941007
8 19 24 3 84824 1.0072645448855273
14 19 29 3 76610 0.9645233873778429
17 27 12 9 71563 1.0548558489886672
15 1 26 22 93383 0.9952721782295724
1 9 28 28 106269 0.9847600513472281
28 11 20 17 30498 0.9688383322490673
9 23 7 3 66634 0.9942436965985679
24 15 6 14 63955 1.0948844187085938
25 27 9 5 110947 0.9936666376208287
10 8 19 0 38991 0.9268376409446856
28 27 2 2 116441 1.0496084991719221
5 26 15 5 74518 1.0878247884359413
27 2 15 20 81618 0.9832011770511365
18 15 6 27 60825 1.0090516605258084
20 5 0 17 75029 1.0590378509031182
0 3 28 26 123939 0.9339248353425802
3 29 19 14 81374 1.0455729906245568
10 1 11 14 40705 0.9568957712615396
29 3 20 7 48594 1.0125346854734676
5 28 21 1 96063 0.957134394760093
13 14 25 1 90285 0.9068223765470114
10 18 27 14 53706 0.9197798319571269
24 2 4 22 94432 1.0186243935503274
11 19 13 28 47601 0.9813191952854783
2 6 22 6 72896 1.0096054451827945
21 11 8 15 48791 0.9310253630262779
1 26 29 18 95699 1.032930291451359
11 10 12 26 58172 1.0974082160268184
3 11 10 21 45332 0.9337963494510909
28 10 23 29 68260 0.9244212195066901
11 29 4 0 87038 0.9543523984422695
16 20 6 21 43936 1.0386494897532985
29 18 19 18 29463 1.0675709062363432
28 6 18 26 73278 1.0627256851943079
27 25 11 18 65757 1.0164689435253196
7 23 24 6 93209 1.0774187933205206
25 28 3 22 111248 0.9683135083230074
21 14 13 22 58713 1.029290675483366
27 27 13 20 78848 1.0934900279288378
17 21 16 9 42560 1.0130104946943606
19 22 7 0 87240 0.9034874690436304
17 19 8 3 68011 1.0846699646756683
8 13 18 6 45771 0.9584102171930625
11 13 26 14 65172 0.9844487701694028
12 18 21 12 49291 0.9542601141897089
23 16 18 21 26267 0.9867128325483956
28 18 3 2 88839 0.9298199084380827
18 6 20 25 67430 1.0175438851920178
29 21 27 29 31647 1.0945837967533563
25 17 28 0 49803 0.977131442875104
29 29 16 29 54029 0.9179334937391557
1 18 13 9 53607 1.0087618688879172
27 16 16 27 59721 0.9574543613623113
23 10 11 1 55132 1.07080923469306
13 4 27 5 73599 1.0617423152452576
6 22 23 19 63277 0.9826465199482423
21 7 29 3 43084 0.9022974915390044
19 20 2 0 88815 1.0196864552012734
17 14 12 25 61918 0.9337640784036485
24 15 13 24 63495 0.9955773746954749
27 26 22 1 87495 1.0549934189658474
24 9 9 2 59389 1.0423620477156774
14 16 10 10 33575 0.9772195880164863
0 14 26 11 78339 1.094522396667787
25 11 22 19 35694 1.0759232072470717
6 27 24 17 68794 0.9793184004023049
25 20 7 13 71015 0.9647553679726031
9 15 27 17 44962 0.9659153608043114
0 0 21 7 79352 0.9913326717566078
0 16 12 3 70162 1.0953966433597393
26 24 13 7 92126 0.9129401809031423
17 21 0 21 69299 1.0587525890844742
8 27 26 4 119692 1.035167016264913
5 28 1 1 71901 0.9451804261283931
27 10 4 4 63064 1.0354725354227994
24 23 14 6 85349 0.9073302139506944
15 8 1 17 53262 0.9177154944274954
27 9 26 25 57216 0.9310543088750558
16 1 15 24 79607 0.95105709008346
6 9 16 26 71349 0.921026053676671
3 28 7 19 38206 1.0246161478759719
9 19 25 6 80798 1.0284191820716608
20 28 3 20 84405 0.9435178555787541
17 8 17 23 52756 0.9118364069078012
24 20 3 29 89906 1.0161669728898048
29 23 27 3 61845 1.0473525907282764
11 19 27 3 84757 0.9134777253002354
12 2 10 23 65306 1.0345046274022796
23 25 12 3 106356 1.0540811850445237
24 17 15 5 60545 1.0707425977890639
7 16 20 11 55467 1.001659834765242
18 12 5 29 69244 0.9978621563359448
8 28 5 7 63382 1.0796839145939088
13 21 1 13 69349 0.9126315969216316
15 20 26 17 34785 0.9390188812957743
6 29 7 4 65642 0.944662343754926
12 6 4 23 62347 1.056659443625045
21 13 1 14 77950 0.9108863742163648
23 9 28 17 32811 1.0403523586948609
3 28 27 4 117336 0.9886170120616752
1 0 27 1 69407 1.0565336253359063
2 29 5 21 33073 1.002597739221488
16 16 12 26 52418 0.9357080461355043
1 1 12 25 99688 1.0075815736600513
13 11 3 20 47933 0.9160606588792088
26 11 20 5 40832 1.0624304442776782
22 18 19 25 40967 1.0265131848304554
26 2 21 14 60091 1.060436308890302
11 14 0 1 63256 0.9106140991929407
6 18 27 14 66951 0.9152611636139146
23 26 3 15 87087 0.9211074470209368
2 5 21 11 64410 0.9236139066935548
17 28 27 16 59708 1.0499725895054577
3 17 23 13 61912 1.0674624905063288
7 6 17 17 57766 0.9426042062405527
19 3 22 16 50554 0.9761672678315512
21 12 4 6 56691 0.9830871542940598
8 12 6 25 49112 1.0556072457199408
27 9 16 18 52582 0.9596406331846457
9 21 14 29 43391 1.039947831538211
9 2 10 23 61463 0.9799094312580072
26 15 1 4 98633 1.0142888435221307
15 7 5 29 72714 0.9305923583243072
29 19 7 6 85767 1.057571370188412
29 1 7 0 57694 0.9985302595250108
29 2 23 24 80131 0.9886237875757385
22 21 24 1 73645 0.9363290804345007
22 28 27 16 52466 0.9319018962585881
8 21 25 21 69958 1.0718939108882948
25 3 10 18 80621 1.0417017240074267
12 9 20 2 42134 1.0396561371533588
12 3 23 12 61656 1.091424562776591
21 3 22 27 83902 0.9261029249464523
1 22 16 2 92645 0.9562425535620876
14 28 4 17 72642 1.0322033827996346
9 0 4 11 35551 1.0829352705397146
23 29 11 22 74143 0.9490298990262604
25 19 2 23 85570 0.9110629818793952
1 5 22 22 101883 1.0990820806544603
11 16 1 16 37089 1.0498357030624716
1 15 5 28 40957 0.9615031077918725
8 28 16 12 70892 1.0011319292108423
13 17 15 4 53259 1.028720080718226
14 18 4 24 48431 0.9698711624774969
20 17 10 4 57463 0.9087824296372329
5 1 28 8 71523 0.9437452229636785
3 15 25 21 73432 1.0824893663020154
3 3 22 15 74039 1.0787614559468535
23 1 13 1 35375 1.0295535768586106
29 7 29 22 50216 1.0815261559839267
28 10 6 25 82938 1.0102187270105085
28 19 18 15 29753 1.0586588094845983
1 17 24 25 83615 1.047853558153573
20 10 2 23 74929 1.058978168113864
16 23 22 29 44405 0.9723120898589805
9 8 5 23 41966 0.9797992244191116
27 3 13 0 48684 1.0978574145157534
8 8 19 25 76264 1.0379941934865986
11 18 23 14 40431 1.0702465772488456
1 11 17 13 50719 1.0708467079106558
3 15 17 26 69296 1.0917986518618654
29 16 14 6 70759 0.9483184867888002
7 9 22 28 91083 0.984576938363511
29 20 14 2 86382 1.0952066069433954
13 24 20 2 91305 1.086416622052127
22 12 16 17 29276 1.065140358688999
5 23 23 18 56761 1.0567464236675699
17 22 26 3 83354 1.0595057692934964
17 12 27 3 55322 0.9675344405537757
10 11 1 14 41992 0.9144310524070188
8 10 18 20 47128 1.03437888432014
9 15 27 26 75111 1.0978695991107177
20 22 28 1 82189 0.9578985921080186
13 23 29 0 107681 0.9054883239489098
8 14 20 1 74976 0.9406671045957501
26 17 12 24 64200 1.0045489740304379
8 3 14 9 40098 1.0827328766960262
28 0 19 12 61136 0.9075448431925258
27 17 14 23 53246 0.9666988835604645
3 24 18 12 67189 1.0877391164209245
9 24 1 26 48406 1.0007720479466802
26 3 28 13 35043 0.9043956765170132
2 24 15 13 71637 0.9085206477133019
9 22 27 18 60026 1.015164105790555
9 26 14 21 36512 0.9215904658877843
11 6 0 8 43043 1.0491401213921792
5 7 3 19 29271 1.036297401433219
14 4 15 27 90256 1.0744026556811417
26 18 28 26 29372 0.996206551334908
21 26 28 9 68008 1.003605710599877
5 25 27 25 92556 0.9970992622944641
0 14 2 24 55093 1.0371326637247162
1 5 9 17 55202 0.9808354672296378
9 26 25 27 85109 1.0605579797136255
23 0 10 19 79975 1.026705478709238
7 12 4 19 28171 1.0892985308074767
1 5 20 2 70375 0.9355382525887163
22 19 1 14 69267 0.9495803350642911
22 1 5 13 67537 1.0945388160663139
2 16 15 16 42127 1.058398317626395
11 17 0 21 44262 0.9777702695593828
6 8 23 4 62276 1.032525023822045
29 5 22 14 45399 1.0639984142576961
6 11 26 18 69593 0.9980830089673611
5 25 15 18 43626 0.9702242594375119
11 14 16 7 37731 1.0797414907922216
8 18 13 29 50717 1.0354283240024158
8 7 14 12 39214 0.9795293724222852
3 20 7 3 50039 0.9012831312460721
25 19 6 26 77636 1.0575794063046347
19 18 26 9 50753 1.0184276887628585
23 27 25 14 60926 0.9479421241174373
10 1 28 7 63255 1.0073512877924222
26 5 3 0 81086 1.0342907454774268
10 9 8 26 59744 1.0440180858591532
2 4 28 18 93303 1.0266782063592879
4 27 19 29 71454 1.0766713983694494
26 0 5 14 76160 0.9390620020880343
2 29 15 28 59166 0.9347433783408161
12 19 24 25 59589 0.9686111708159917
18 27 2 1 103926 1.0646438264642528
19 3 0 24 103717 0.9512779286705364
6 14 5 4 29244 0.9129402652221743
7 24 9 13 48641 0.9923008768577783
20 21 2 18 66874 1.047975330522465
14 12 1 27 89805 0.9687909835041955
19 12 7 18 51222 1.081283243491122
9 28 29 9 100004 0.9447922863532642
10 8 25 17 55517 0.9153653496768143
19 24 0 26 100831 1.0324121958124888
12 11 26 15 58954 1.0601169759464786
0 28 10 9 81100 1.0647689937154379
7 16 2 0 51648 0.9109865723700871
24 16 13 0 73091 0.949023804067032
29 28 22 22 53128 0.9374104794766537
17 17 26 7 56496 1.0133250586233111
10 15 22 3 58619 0.9340301829932616
3 21 2 1 62453 0.9712388174259345
6 29 10 19 43263 1.0824230048221182
23 23 16 27 53769 0.9517334454813315
15 20 15 6 54588 0.9633351791349185
1 27 10 15 62915 1.0986718897108414
27 21 23 9 46338 1.0017796407031596
9 24 28 13 70031 0.9951888329584683
28 4 14 26 98348 0.9442060212540864
7 3 29 7 85635 0.9176374875419904
16 25 21 13 55941 1.0239015716293811
1 16 8 6 57576 1.0157089571013935
25 9 27 20 46087 0.9599544224495948
0 21 27 25 106416 0.9595384904878315
28 27 23 8 61636 0.9923816297416252
19 18 6 7 66145 1.0394046176243343
1 26 16 10 76705 1.0224203603299775
8 11 29 1 78889 0.991172970796379
7 0 24 20 91866 0.9887872955357365
23 20 8 8 68026 0.9109328138271007
3 27 27 27 114356 0.9067722733450815
29 6 0 2 98427 0.9147712181394562
6 9 20 5 53091 1.0451049904451912
17 26 8 23 59817 1.0999447398358777
28 5 3 12 75765 1.009036173972322
6 4 13 0 29146 0.9472663657462603
13 27 14 8 82700 0.9789934898004171
5 29 13 27 47171 0.9105453266073205
15 8 16 18 35338 1.0980937747206831
13 26 19 19 48798 0.941198345128563
28 27 10 3 99542 1.0833607573522377
17 2 8 25 93856 1.056791017771787
13 8 24 18 56826 1.0894677893769518
2 24 27 2 116627 0.9288860914893405
29 5 22 12 39263 1.0863530117401647
20 29 28 12 72937 1.0271448035226074
6 16 16 2 69616 1.0037846860176596
28 19 12 11 60809 1.0913610842043062
18 8 23 27 76054 1.0578252778040629
11 6 27 12 60863 1.0086243792731096
1 7 11 0 45131 0.9124150173990736
24 23 29 0 77652 0.9767832361848213
28 17 17 0 66564 0.9125322261304156
20 23 15 6 74454 0.9759302053846475
29 10 20 24 68256 1.0927424067791391
3 28 15 10 68806 0.9075386515595278
22 28 18 11 63626 0.9846748296530622
8 25 25 3 111738 0.9259232412851054
1 7 12 9 41250 1.0323862445417509
9 26 29 21 80367 0.9242259484278658
1 20 29 3 106200 1.0035425885947218
9 0 20 21 86911 0.9916962058607653
6 1 6 18 43406 0.9381498093335537
14 17 2 12 50908 1.0772397379325098
18 20 21 2 60926 1.0776573653572983
27 14 17 9 46163 0.9873178819056339
6 4 8 18 45878 0.9606537806785183
27 21 14 17 41243 1.0893765392459194
2 11 12 27 77987 1.018498797492887
23 11 17 3 37249 0.9916629474023506
20 20 18 7 50472 0.9300655519985715
17 24 6 4 84284 1.066824742312606
4 0 13 18 64578 1.0599899095871999
24 11 15 15 41074 0.9724889841683256
5 11 8 0 29923 0.9302526326902654
23 11 19 17 29630 0.9424821620302555
14 11 7 20 50372 0.9959917818401567
16 25 28 12 61229 0.9063032625851947
27 29 29 1 85093 1.02203514387326
19 17 29 8 44298 1.057611940599506
13 16 20 27 57048 1.0070312833985584
0 25 27 24 116580 0.948202436769581
19 13 0 7 69152 1.050269175719471
7 1 21 26 113457 1.0795033866355648
19 28 6 1 104416 1.0045358478699025
26 3 27 28 78908 0.9278214652157697
9 20 11 1 61835 1.046792011630546
21 9 10 18 49522 0.925721124401271
22 5 15 16 51467 0.9831558827641562
0 24 26 10 97029 0.989974499839372
9 1 21 2 37264 0.9803183439138679
6 4 16 25 81677 1.0012725313422208
8 28 10 17 43116 1.0987100781884804
25 6 6 10 60716 0.9943021056420438
7 4 24 10 61580 0.9997908280032068
13 15 3 25 58664 1.041027859393123
26 13 14 4 68796 0.9120088131019991
1 14 20 6 78113 0.9091564995635607
14 9 6 12 34363 1.0542286845690794
12 11 20 0 49896 0.9552408042447846
26 7 10 21 81282 0.9671805356397714
16 2 23 27 97276 1.05719033795234
22 29 13 18 62416 1.0613061591421071
23 13 0 16 74136 0.9070297772429876
1 13 28 22 92685 1.0220238313896388
29 16 2 4 96165 0.9544898091592561
4 16 25 22 74069 0.9149010886020262
17 20 28 29 64919 1.079055989687043
14 15 17 23 38682 1.088960239972934
21 17 3 27 69469 1.0196807898179285
4 3 5 16 31117 1.0650997783894676
14 22 5 19 45148 0.9471338780271631
20 7 1 16 75099 0.9582409033469511
21 9 19 23 56684 0.9668977362922134
5 8 15 0 35706 1.0717955524951108
16 22 18 9 43692 0.9264063647291791
27 7 4 27 100807 0.9669330550830555
21 26 6 24 88865 0.9023045629280603
20 16 16 23 34315 0.9924007011740754
28 20 8 1 94498 1.0835396194041655
1 16 28 5 91055 1.0325773327903756
13 26 27 28 79813 0.9492191072572531
18 13 8 29 71679 1.0069917363846006
6 29 27 16 84061 1.0700868693426875
23 24 24 7 69023 1.0392014909782108
15 23 19 9 55816 0.9663891022465368
26 16 19 1 75295 1.0942652360256564
0 5 23 9 75682 1.0508691309633105
12 9 3 15 39268 1.0571807166228153
1 0 5 6 21973 1.000065054690331
16 12 1 29 86526 0.958872934234797
24 18 27 7 41469 0.9521325084914576
26 27 25 18 49627 1.073094849653136
14 3 8 9 44972 0.962904013885758
10 3 9 28 75245 1.008487773199453
10 27 13 13 58835 1.0426011336123056
10 3 21 3 44944 1.0018347420663745
27 9 14 13 52304 0.9728224517753142
27 22 11 18 55025 1.0536576482060223
17 12 22 20 38310 1.0425867491448835
0 8 17 26 90959 0.9666660916757535
7 0 20 11 58822 0.9420466965996501
1 11 8 6 41963 1.0412980440442137
21 28 0 13 110279 1.0656187257765057
29 2 11 27 113947 1.0466753632411923
6 20 17 7 64442 1.019577604372675
17 7 16 18 40657 0.9645828845393706
3 12 5 24 34762 0.9398644873585451
27 21 3 0 104285 1.0974849387526553
28 7 25 14 40354 0.9362124582441791
5 28 20 0 88108 1.0342209503682769
11 18 19 14 33185 0.9190549330430716
12 25 2 29 63413 1.094874950076658
13 10 29 28 82690 1.0443749816799244
15 20 28 7 63440 0.9567413182063322
23 13 16 0 52208 0.9481738538795427
6 9 25 21 80554 0.9366427256356704
23 29 0 28 103388 1.023215518351339
16 10 27 3 48350 0.9723880951116944
4 25 23 3 96733 1.0469867059610805
1 26 25 18 91415 0.91448364289195
8 23 3 7 58834 1.0667453384112195
27 13 1 8 76924 0.9247761684163641
8 22 8 3 65936 1.0930540906476505
15 5 24 9 42868 1.0832329113210177
27 7 17 7 40153 0.9352563681504461
21 2 12 1 33658 1.0923512750553854
24 14 24 4 40188 1.0809643163712808
26 12 28 22 39656 0.9215191467792768
19 14 2 25 79668 0.9883237869164209
29 18 29 2 47249 0.950031009657993
27 16 23 3 59487 0.9356734561039127
3 19 20 24 69442 0.9075821727515938
29 0 9 5 61413 0.9485808723840579
14 16 1 1 78965 1.0847079658567778
26 29 8 2 123154 0.9822259691052636
11 11 5 0 35363 1.0268067678892385
6 25 23 9 77115 1.0303455966568793
25 0 23 15 61803 0.9682591890027039
4 1 28 17 87799 1.0341006546289293
3 4 11 11 37365 1.00957249890081
15 29 26 16 69774 0.979741734575553
25 23 7 26 102169 1.0735332646168725
23 10 2 27 89341 1.0942500617610773
21 20 23 5 59790 0.9351387742436718
13 21 2 28 71884 1.0102374530543523
16 24 8 15 45879 0.9034979845327332
14 14 7 0 70115 1.0470342497672471
23 9 7 25 84386 0.9515302711337461
19 15 9 13 43124 1.0760730901796922
13 29 21 7 96477 1.0246276339513745
22 23 3 0 101389 1.0477260344966604
22 1 2 2 54566 1.0943376821611903
28 0 9 28 118743 1.0364183206135604
0 20 28 9 88839 1.069871597975337
7 24 12 14 52748 1.010672780277242
11 7 19 11 34878 1.091014571746197
21 27 13 11 79142 0.9572963146263175
16 0 18 23 69107 0.9585435642253153
0 25 15 28 87362 0.9813911743191894
23 7 17 3 37173 1.0107070178861306
4 19 1 7 40381 1.0957956566594398
10 8 1 3 46666 1.0634930696818663
5 23 19 8 59483 0.9154562578944818
3 4 27 8 77882 0.9888153515324359
26 25 5 21 90411 0.9125922773036467
5 2 8 23 59701 1.0587588507145749
7 10 11 21 40992 0.9487349790050469
1 18 11 7 50370 0.9315730154670906
27 24 13 12 82744 0.9242112097380067
8 21 22 28 84025 0.9180453015347919
6 17 19 13 46076 1.0927253509770265
9 26 26 20 79918 1.0968728791461904
20 29 7 22 77141 0.9503285549877375
27 0 22 25 87298 1.008467826834379
17 10 26 29 80327 0.9387661836626442
25 1 23 26 101641 0.958643723475208
9 1 19 6 43483 1.0260953824601913
6 7 29 26 106174 0.9130573655090649
21 14 12 18 40142 0.9804094519287163
4 11 16 17 40514 0.9957373025600382
21 5 5 11 56561 1.0796620191802826
0 21 8 3 69329 0.9967528015114013
2 25 11 6 74262 1.0274135497182322
23 14 16 9 33394 0.900407225113387
3 15 18 17 41599 1.0461372839981362
13 26 14 8 77911 1.0868023877668376
27 3 22 26 82901 0.901636295731779
19 23 2 3 96491 1.049141331018363
15 27 2 23 82855 1.0514447311425885
3 28 20 6 97541 0.9137187987272246
3 7 8 12 32626 0.9032490055716292
13 1 25 25 116047 1.0653804504086537
5 13 25 3 75675 1.008029940619874
1 11 24 17 69735 1.0373008896622657
2 29 25 4 121213 0.9995959627329407
26 4 17 22 82021 1.008933327245237
25 24 17 6 83220 1.056203006408304
26 8 25 21 53720 0.9059718917454119
14 19 19 4 57619 1.0108240031157527
19 2 29 3 38599 1.0080701220506718
26 15 2 22 83360 0.9878168337053608
1 2 10 16 56409 0.992405076276294
25 12 16 25 66632 1.0096429766127892
9 12 19 19 45641 0.9546989974263569
4 10 26 26 100692 0.9915941733236902
27 6 19 19 64167 1.0591936028769373
22 2 5 6 54902 1.0673027413045464
14 11 6 6 41711 0.9393084606163762
16 2 25 21 79889 0.9735678920649327
22 29 10 5 99174 0.9483446646455723
16 0 25 15 67384 0.9606031004714011
18 27 12 23 45278 0.9432826197743285
14 9 19 25 65207 1.0778411614146828
29 24 20 8 66629 0.9837081276871581
11 15 3 0 54997 1.008863066794495
10 22 18 17 31049 0.9349215237651199
4 25 3 16 32782 0.9359011873613174
29 5 21 2 38274 1.0239294087876518
26 10 2 21 77853 0.9321330126624148
14 0 25 8 51383 0.9979485902637169
11 27 4 21 51757 1.0678088812077555
16 24 12 3 80859 1.0520732919400482
11 8 19 3 36281 1.0772210179305899
26 13 10 7 60512 0.9629290368882427
11 6 17 27 83085 1.0762386820058074
23 26 25 4 92534 1.0418521874985331
2 20 20 23 78222 1.049420543739925
6 6 5 19 34012 1.0801508655369159
3 14 1 28 63554 0.9330106987841925
26 1 3 6 78702 0.9940105107220647
25 17 14 26 59269 1.014928904365683
28 26 29 2 64328 1.0470406771120904
28 27 25 14 49736 1.0346549401978293
17 14 13 28 66259 0.9283658939807478
4 28 3 1 69849 0.9427452514325906
26 24 15 14 66084 0.9168299477614275
25 2 3 25 111430 1.0068127703929555
1 13 29 0 99448 0.9660130804621143
12 8 3 19 42811 1.0326552855969677
27 18 18 3 62985 0.9504333292230136
17 25 10 9 64401 1.0956599962510498
5 28 15 14 59826 0.9999295347093616
19 5 13 15 51059 1.0256089320819848
20 6 0 28 115950 1.0752885541803328
22 20 29 6 58188 1.0038271083384653
28 19 26 8 32718 1.018554801160828
13 14 2 29 79345 0.9669722685736291
6 5 26 28 122024 0.9943482035610441
0 23 25 1 124412 1.0360604837656633
3 6 17 16 67294 0.9255387657950346
16 29 9 1 96802 0.922313932014999
8 4 3 9 31940 0.9784186565897803
23 14 13 19 41363 0.9857769730543251
25 28 15 27 55172 1.0849602556579037
26 27 10 18 78536 1.038891282451643
21 18 19 7 48560 0.9643468348567734
6 0 10 24 68824 1.0429968608189768
23 5 18 12 36327 1.0161472755848313
1 21 1 8 56316 1.0943993089926962
28 21 21 10 41275 1.0469271102486273
5 11 21 29 88050 0.9089547421625994
16 23 29 19 49283 1.0001853522045012
18 27 14 0 83210 1.0530765991092548
26 4 14 4 59528 0.9860387904106042
10 13 16 18 25156 0.9516874070311561
14 21 7 17 38706 1.0641868087942166
4 26 19 8 70420 0.9469847082387017
20 3 7 9 55116 1.0350336958220738
16 28 7 19 54514 0.9573349691154861
1 16 10 14 36492 1.006786889325321
20 6 26 11 41431 1.031602042322062
17 4 23 25 84114 0.944983001036937
27 13 19 24 61648 1.0846763910957995
19 9 29 0 56065 0.908343415956843
18 9 29 27 72895 1.0194544215992496
1 2 4 19 49585 0.934048625868167
25 16 18 28 52568 1.027931085575557
4 14 23 4 73941 1.0568348541795376
13 5 8 20 64941 1.0525005759399584
2 9 5 27 44987 0.9758647173770085
4 18 0 28 54915 1.0327426008637202
17 9 22 0 37640 0.9490764713509939
5 13 10 28 53247 0.9608976309585906
14 10 10 20 37294 1.0099468728588172
17 16 0 7 71460 0.9546539348233207
27 29 3 25 113731 1.056188831344865
24 29 27 1 95925 0.9793815279002258
0 14 12 19 53227 0.9766220628514282
4 14 11 28 64865 1.091439406899826
6 2 21 24 100649 0.9448892090562744
9 14 4 23 38685 1.0695190226339828
5 12 26 16 63295 1.06674507947909
18 24 1 26 89039 1.0496267709188465
0 11 22 10 50509 1.094338322948167
22 2 29 7 43311 0.9357414158515198
28 0 9 22 100635 1.076336853807645
1 18 9 28 59997 1.017236631925568
12 12 16 1 49811 1.068393696054534
20 8 7 16 56406 1.0614937969358234
24 11 11 21 67468 1.068819862880998
26 19 9 10 63843 1.0763247158646398
1 21 4 13 40232 1.0358119407573598
24 13 9 7 52927 1.094497776175019
19 24 5 17 55916 0.9893127902979132
6 8 1 13 31968 1.005311690762571
9 28 6 10 61744 1.00759235894996
25 19 26 5 56626 0.9494230684980283
16 23 28 25 62865 1.0723403804120681
7 19 10 28 36301 0.9391822988753747
12 16 4 27 50304 0.9605721776229644
1 13 19 24 85703 1.0437114138873862
5 25 10 3 57885 1.0974072440788438
12 0 7 5 30098 0.9327118463569677
2 9 19 7 52814 0.9388090983494037
0 18 20 18 58142 0.9437147400038367
8 29 23 6 105290 1.0789552339393105
13 7 12 19 51895 0.9263971991869122
20 0 11 27 100307 0.9564413254691401
23 20 29 24 38543 0.9576012221726906
17 24 7 24 54869 1.099110390146545
14 10 7 13 26128 1.0354393026719237
25 12 11 14 58553 1.028021868809538
0 26 24 5 119323 0.9984621015369128
25 26 29 6 77098 1.0253813601209665
2 18 18 1 76688 0.9032398612597662
6 14 3 2 38531 1.0751180281056074
9 26 16 2 88838 1.0718225548071816
18 7 23 17 39541 1.033933066185314
24 26 9 20 75986 0.9268250296047499
16 23 6 5 73358 1.059217383026469
24 9 6 9 46692 0.9511908771688141
13 25 2 12 84401 0.9771622617651159
8 29 27 25 98995 0.9339353939708539
18 11 11 20 45512 0.9900282753683616
8 6 11 28 78296 0.9515700815547695
25 25 22 9 67681 1.0802944181372305
7 26 8 11 52251 1.042441050997418
13 8 22 16 45488 1.0349991987179807
24 25 17 21 49382 0.9605399477606877
7 4 0 20 59884 0.942011668815337
27 16 2 12 82459 1.0078630241439037
0 3 4 19 56812 0.9039355711270893
25 18 14 1 81786 0.9556818801778837
2 13 15 4 74208 0.9077174622047594
6 24 15 13 61419 0.9768925930873107
18 10 24 25 64190 1.0160990330976902
15 12 22 26 66910 0.9942843456906123
15 3 6 22 79614 1.062293117966431
7 6 21 15 67776 0.947877861170639
8 23 2 8 56779 1.0982024959474457
8 9 14 17 36085 1.0752496039560149
28 21 27 0 55767 1.0481543200011476
18 12 8 12 37830 1.066353482025787
14 18 0 14 56832 0.9296044401940167
19 27 1 9 89643 0.9391534311168537
14 1 1 18 74463 0.9852897241376881
7 4 13 24 85466 1.0402147666806238
19 4 0 1 61686 0.9534081025866031
14 4 0 23 97951 0.9427391157972275
1 23 8 17 41817 1.0101953592559667
9 10 18 20 45539 0.9912017959709422
16 5 23 27 90497 0.9463189916406209
5 19 27 18 58214 0.9945451762674862
2 8 26 19 85221 1.0735845733736142
20 12 17 21 45318 1.0207951916761109
6 10 26 28 104558 0.9528243210225824
28 6 2 23 104157 1.0661748083013134
11 21 1 5 75156 0.9376006651679281
10 23 28 3 89796 1.0277430510208159
16 7 16 25 57319 0.916062375506466
0 8 16 11 46155 1.0976458975869134
5 26 16 15 48985 0.9633862411139933
22 1 13 4 44389 1.026093046538443
24 15 8 25 72047 0.9255358582290169
20 15 25 20 37514 0.986195899062251
19 21 25 25 46288 1.067394638476455
14 0 12 29 94752 0.9411298313034652
29 3 0 19 103111 0.9735130419347251
13 6 16 19 59308 0.9591608473807354
22 6 9 4 54825 0.9761280676347359
4 2 20 15 70096 1.0716519143664678
0 10 24 14 66568 1.0056993957076779
11 16 19 1 68226 0.9863749243294937
22 28 11 14 74417 1.0447121514067892
4 27 7 6 61476 0.9468036798070715
17 7 27 21 64981 0.9508745346004643
23 4 4 23 89011 1.0053096257366028
9 14 13 21 38017 1.001431300715565
29 14 8 28 92889 0.9469513348380091
25 11 16 27 74454 0.9527313753861272
17 10 7 20 52789 0.965899880802148
23 21 6 27 79731 1.0742075344064614
6 0 22 2 41957 1.0574963075863837
7 7 11 26 69925 1.068258936362616
18 0 9 19 70682 0.9780879636508331
11 22 9 13 36862 0.9439638323600988
5 18 20 26 69128 1.052795020718737
4 21 25 18 63113 0.9605838753432703
12 5 12 20 60216 1.0517844144604311
29 16 29 5 40310 1.0074925706740594
7 2 14 17 59705 0.935033453929278
16 14 28 12 41962 0.9372087138316869
13 12 13 26 74242 1.0814647941635398
3 29 13 6 87979 0.9700902402669831
24 14 14 20 46498 1.0477508305739174
1 12 10 8 33940 1.0057148269223153
24 28 12 12 93887 1.0275414886562246
9 19 22 8 60643 0.9148146880418077
4 6 11 17 44626 1.0919874239872314
28 25 13 29 72747 1.049386647035314
10 24 22 20 53507 1.037505824226785
23 7 2 23 94493 0.9785955582487039
9 29 10 13 49526 0.9944215039531882
2 8 22 28 104009 0.9915952315793716
25 0 23 15 61803 0.9602023217303868
8 0 23 7 58294 1.058768560064866
21 12 0 12 61626 1.0649375016869869
23 2 4 28 105319 1.099517323273629
10 18 12 6 42571 1.0607558382104485
14 14 10 5 51895 1.0782939795413449
29 8 3 14 78807 1.0865099291815246
18 11 3 16 54060 1.0830071880265741
9 24 10 10 42390 1.0672031833630988
18 7 7 14 44909 1.0452678321521351
25 4 27 15 47730 1.0777060318419878
5 27 23 8 79273 1.06448523098192
18 11 16 29 58676 1.0350118424259822
29 2 10 1 52012 1.0955532074687615
28 0 26 29 84500 1.047184583023882
21 10 23 1 33821 0.924814874585005
26 24 7 2 114064 0.943118804584651
18 13 15 23 39146 0.9094236122267133
5 0 25 20 95371 1.0409406349764039
7 29 1 20 47656 0.9280369310485661
0 22 21 27 106443 0.96486254368569
5 23 2 2 51242 0.9291243978476432
13 17 3 23 44317 1.0206816493198603
5 16 16 23 44764 1.0943214969821549
1 25 24 9 97496 1.031586167088699
15 5 28 29 94920 1.0140306022709016
20 1 27 25 97455 0.9801225512338957
20 11 2 19 62661 1.0083983654548567
18 2 19 18 49429 0.9316112485795264
27 14 20 7 52409 0.9132974643854147
23 28 2 21 103315 1.013770567880048
5 28 28 4 100329 1.085942329853256
25 29 12 18 77100 0.9687697086397863
19 24 22 16 38159 0.9198725600858503
4 0 1 16 52296 0.9224198161930903
12 10 25 0 57327 1.0427776541959446
17 29 19 21 31766 0.9178452471740579
11 20 4 28 50795 0.9171103942409272
9 7 19 20 61386 1.0601809972342957
23 9 0 0 76636 0.9399829633045386
25 15 15 14 43489 0.971204430514339
5 11 14 0 40612 0.9479507205874568
5 22 14 24 53121 0.9657740626108101
0 14 8 3 55750 0.9948772704786242
12 21 6 9 53619 0.9733871517161623
9 0 5 21 51000 1.0073517402746428
2 16 23 18 58809 1.0427896418869451
24 13 15 28 70892 1.052716231292963
1 24 18 12 77997 1.0750622467303206
12 24 23 9 80452 1.097122208598803
15 10 24 4 42109 1.047116192289156
21 8 5 3 56393 1.0825996776493512
8 12 22 29 92677 1.024962794636581
1 11 12 14 46672 1.0738948758282927
16 11 5 29 66287 1.0075437696058271
17 2 23 26 91051 1.0531914191824838
0 24 22 7 98107 0.9262685272197048
21 7 20 20 60641 1.0554483991655452
10 15 23 21 45301 1.0425092060346657
21 15 18 27 43325 1.046481339483621
29 4 13 3 68546 0.9304642026914482
8 15 3 20 27380 1.0265733121830916
7 2 13 28 101126 0.941613147824581
24 24 5 27 89253 0.9216196054177532
24 29 27 18 50422 0.940807960620698
15 16 2 26 62355 1.0970974209206632
9 28 18 20 55750 0.9951628186148197
25 0 14 14 78372 1.0684458163370776
14 20 24 19 37216 1.010597434430275
5 5 29 12 69715 0.9180421255340853
4 27 6 8 48143 1.0284955281130932
