7124 5575 6071 6161 5125 6983 5662 4565 4236 4812 6364 4679 5880 5581 6367 6492 5661 6824 4147 4564 6638 6261 6575 6579 4676 4471 4219 5891 5919
6089 6812 5102 4774 4683 5068 4323 4997 6725 5453 5433 6951 5276 5389 3950 5913 4958 6188 3980 5675 6031 4236 6036 6055 4140 4774 4990 4953 5559
1211 1389 2825 3132 3264 1688 2353 1196 3719 1105 3944 2160 2564 1253 2417 2030 2517 1954 2224 1275 3739 2543 1694 2291 1722 1467 1317 1485 2254
2099 3583 2862 2878 4033 2777 4488 4731 2629 3015 4215 2197 4983 2462 4037 4358 2410 2033 4317 4521 4442 3022 3416 4965 2206 2566 3196 3889 2785
1836 4476 4252 3622 4512 2267 3909 2189 2268 2169 2995 2061 3613 2570 3639 3414 3471 4237 1563 3550 3194 2583 1864 2720 4000 2498 2256 2423 4312
6555 7451 6532 6919 7060 7745 8112 8095 8134 6757 6559 5976 7093 6284 6492 8004 7146 6582 5704 6766 6837 7414 7108 5929 7991 8114 6451 6169 6548
3403 2842 3237 5211 3828 3079 4204 3049 4154 3211 2675 4280 4845 2406 2969 3417 3080 2454 3793 5209 4172 5261 3066 3493 2975 5169 4292 4907 3216
3827 4840 4288 4117 2976 3964 3755 3093 5016 3037 4336 4071 2816 3604 4996 5136 2849 5050 2606 3453 4277 4021 3156 3067 2605 3071 5182 5513 2988
4731 7176 5828 5589 6283 4536 4611 6671 5960 6625 7428 6967 7585 6638 6267 5408 4788 5489 7560 5213 6339 4828 7488 4821 6133 5520 7162 6193 6509
7139 5510 5326 7047 6250 5239 7568 5684 6554 6061 5739 7809 6221 5532 7857 7661 6369 7409 7239 7444 7385 5319 7304 7722 5082 4855 5446 6765 7221
6097 7234 6222 6104 6421 5811 6970 7321 7097 8067 5930 6626 6636 7000 7018 7942 8241 7772 6905 7956 7889 7217 8571 6031 7440 7166 8658 7793 6352
4795 5988 4955 5950 5991 3253 5170 3735 3213 5038 3798 4170 3577 3005 5855 4799 4960 4538 5067 5949 4717 4736 5407 4915 3824 5831 4687 3053 5707
2555 4447 2765 4101 4012 5081 4684 2914 3196 4405 4448 3674 4287 3322 4679 5497 5023 4673 4113 3857 3817 3469 2787 3952 4834 5216 3083 5469 5348
4106 3089 5480 4627 4845 5439 5661 3006 3794 4235 3984 5379 3597 5154 3253 5166 3139 3539 4945 4811 2991 5159 2909 3500 3721 3200 4018 5270 3315
7671 8207 5557 8096 6110 7834 6981 5732 7918 7254 5871 6819 7103 6794 6823 8250 8256 7392 5610 5506 5590 6555 6881 6974 7835 7562 6056 6731 8238
5370 5684 6732 4748 7394 6612 6293 6541 7425 7196 5213 7240 6586 5106 5306 7580 4873 6305 7107 6318 6099 5756 5994 7312 5838 6946 5199 4732 6641
6063 5752 4372 3767 5506 5006 3210 3756 3553 3157 5222 5087 4958 4274 5214 5540 4108 5110 4740 3442 3203 3485 3484 6013 5662 3348 3507 5552 4926
6871 6739 6128 8254 6711 8269 8165 6844 7391 6528 5740 7779 6720 6890 6018 7766 6973 6416 5634 6993 7157 6352 7156 5827 6575 6154 6354 8108 7463
6945 5727 6822 7364 6727 5569 6047 5798 5950 7264 6390 8233 6308 7741 6679 6788 8260 5696 5595 6244 6233 7441 7245 7235 5620 7636 8167 6759 7645
7049 6275 7742 6723 5194 6678 7567 7213 6678 6819 5147 5499 5504 6108 6465 5920 6371 7783 6939 5635 6368 8001 7710 5786 7284 6718 7108 8005 8025
1905 1780 3323 2668 3071 2340 2737 3913 3281 3290 4009 4138 2989 3277 4272 2983 4656 4274 4282 2807 4022 2697 4227 1881 2756 3291 3476 4563 2103
8127 7883 6192 6100 6259 7749 6455 6569 8379 6942 7105 7101 6613 6944 6261 7792 7572 8335 7616 7843 7810 5745 8514 5671 8303 8154 8103 7162 8615
5208 5018 5533 5181 7095 7440 5040 7990 5115 7763 6941 5667 7003 6834 7086 7042 5132 5757 6943 7371 5078 5273 5741 5506 7853 5491 6388 5919 6937
3744 3856 4621 4077 2549 4676 5404 3369 4955 4711 2637 3885 2631 5565 4122 5245 2558 2801 4903 4629 5320 4132 5622 4135 3172 4042 2990 2591 3394
6084 6138 6961 5345 5372 5089 7084 6739 4524 7058 5733 5910 7245 5077 7453 7417 7200 4462 6716 5700 6325 6865 7460 7470 6016 5656 7216 7337 7288
6449 4975 5932 6244 5408 6537 3971 5472 4618 6457 6542 6859 5645 4942 4338 5870 5289 6071 5727 4243 6238 3898 6898 6044 6703 3946 5171 4284 4619
6006 6257 7909 6008 8280 7986 7565 7389 7168 8388 8110 6715 7299 7629 7374 6467 7742 6110 7659 6145 6488 6535 7504 6337 5616 6046 8067 7266 7966
3791 3497 1320 1871 1553 4019 3893 2366 3752 2278 1798 3747 3003 2715 4001 1631 2726 3871 4216 4057 2568 2034 4179 2746 1555 1826 2481 2282 1395
3882 4261 5039 3833 2889 3057 4005 2843 2876 4950 4919 4444 4459 5116 4328 4231 3338 3123 4317 5385 5546 3856 4700 3272 4390 3007 3875 4810 4993
2746 4815 4336 2941 5127 5760 5780 3733 3952 4881 5308 4792 4338 4327 5187 3827 4527 4390 3817 5523 4412 5175 4241 5216 5023 4097 5214 4937 4132
4329 4323 7832 6791 4887 4422 7449 7350 5971 4661 7916 5448 6250 7604 1783 4361 4480 4758 3213 7461 5280 7731 5887 6173 4486 1417 4695 2416 2297 6720
4512 3566 8040 7306 4237 5848 7026 7463 7053 5066 5730 3553 6491 6824 2499 5091 3180 4777 1223 6537 6889 6366 6700 5969 5300 1928 4212 3677 2047 6791
3528 6096 6150 5276 4630 4992 7930 5138 7479 4361 7943 4581 6475 7866 1994 4815 2469 3755 1251 7589 5365 5837 5404 5698 6310 4187 5445 1747 4116 5046
3967 4253 7989 6048 5714 3856 7853 5415 6998 6708 6468 2989 6108 8100 2186 2279 4448 4965 3864 7883 6454 7781 5688 8497 4796 4130 5674 2397 2320 6019
5726 4337 7316 6616 3952 3742 7748 4878 8694 5539 6362 4665 6365 6611 4618 2914 1712 4550 3450 6026 5902 5973 4008 7631 6315 2571 4091 1562 4086 5811
4554 3350 7215 6442 6213 3180 7880 7159 5912 5045 7128 5458 5777 7578 2125 3363 3864 3143 3715 8017 6110 6414 5142 5496 5102 2702 5664 2527 3347 4398
5587 5295 8507 6114 6134 4305 5337 5822 7604 6897 6011 4284 6632 7104 4792 3165 1964 4190 2333 6577 7405 7615 6241 7494 5928 2289 4705 3865 3285 6799
4278 4959 6483 8046 3656 4874 4942 5095 7382 5484 7101 3056 7829 6667 4814 2269 2884 3996 2509 7689 7999 6245 6750 7502 4159 1344 6067 2167 2727 5371
5838 3718 7055 6505 4858 3609 7307 6493 5685 6465 4926 2670 5941 8819 3925 4830 3552 5236 2874 7342 5955 5803 4282 7213 5218 2000 5547 2471 2255 6010
5898 3574 8388 6359 5573 5977 7787 4806 6218 6551 6891 3404 8535 7368 3502 4621 2840 4507 3219 7123 6190 5744 5528 8428 5162 2671 6244 2999 2142 6870
5130 3677 7790 5622 5652 6055 5143 6160 7910 4524 7643 5072 6654 7338 3808 3484 2384 2426 3548 8823 5531 7504 6176 7247 4636 3211 5547 2036 3302 6096
6001 4456 6396 6894 5931 5247 6540 6306 7337 6488 7936 4096 6648 8398 4784 2330 2815 4664 3781 6468 5268 8796 5060 8082 5814 2733 4179 2049 2903 6519
3695 4574 8222 5816 5021 3587 5038 4659 8690 7144 5050 3988 6737 5935 4615 5219 3698 2829 3567 7352 7246 8480 4491 5577 4863 2821 6376 3335 1959 5004
3792 4472 7823 6190 3876 5246 6276 4632 8011 6515 7227 3024 8142 6585 2369 5010 4352 4704 3144 6251 5248 7055 4005 8446 3658 1715 4199 3577 4088 4929
4142 5146 7396 6137 5342 3740 7870 4933 8624 5454 7468 3146 7368 7993 2004 3881 3603 4898 3371 8868 6860 6287 4836 6930 3990 3832 5183 3991 3297 4949
3341 4064 8321 5451 4319 5918 5738 6632 7620 7355 7761 4081 5714 7100 2916 3962 4094 4065 1198 6657 8111 7960 4817 5857 6324 1574 5198 4135 3523 5618
3506 3956 7060 5696 4999 4564 7610 7405 7007 6208 5327 3663 7708 7168 2111 3343 2107 3571 2867 7259 7819 5735 4149 7419 3620 1570 4194 4067 4413 5667
4813 4564 8251 6537 4490 6095 6288 5263 8597 5198 5036 4184 6447 8480 4363 3214 2720 4791 3438 6727 7670 6735 4047 7963 5772 1847 6741 2046 4503 6218
4460 6290 6509 5299 4741 3452 5123 7394 5692 6700 7579 3862 6491 8668 2796 5182 3065 5359 1261 8014 6920 6243 5437 7022 4416 1358 5830 2143 2076 5380
3545 6242 6384 5280 6116 4593 7226 5907 6313 5898 5491 3011 7506 7500 2343 3012 2991 5252 1144 7461 8211 5735 4244 7680 4404 1609 6030 2489 3171 5504
4517 5771 6153 6632 3649 3418 5356 6456 6665 5871 5671 3794 6150 6418 3540 5040 4449 3367 3828 8775 5575 7161 4426 5721 6203 1733 5594 2893 3673 4594
6052 5133 6319 7059 5023 5045 6774 7025 6772 6938 5368 3382 8678 8064 4754 4707 2066 4108 1034 5981 7292 6255 5461 8533 6281 1810 6558 3020 2131 4679
3936 5836 7063 7043 5582 4308 7236 6905 7908 4453 5183 3909 8221 8486 4192 5080 3086 2961 2862 7762 5336 7177 6687 6794 3888 2224 5326 2189 1911 5388
3239 3682 8703 6557 3764 5843 7492 7032 7900 6236 5733 5159 8298 6944 1931 3837 2312 3010 3818 7009 7500 6181 3958 8524 6229 2913 5239 4040 2668 4966
5528 5228 6968 5162 5712 4584 7394 5806 7671 4498 7369 3082 7346 5884 3976 3260 2865 3457 1911 8685 6855 6492 4336 5699 6214 3461 5169 3641 2743 6000
4690 4907 7554 6069 3794 3044 5674 6398 5686 5233 7011 4133 7870 8319 3865 2643 3452 5242 3961 8200 5367 8626 6434 7620 4539 3005 6444 1223 3166 4522
5036 6134 6123 7250 5896 4083 5944 5326 8174 7353 6250 3876 7830 5825 3814 2738 3519 3101 3711 8216 7907 7733 6041 8194 4287 2456 6091 2902 3321 7225
4348 4726 8599 5272 5564 3995 6987 6512 8591 6993 7092 5484 8465 7015 4811 4622 2190 4119 1596 7495 6659 8638 5474 6298 4327 2118 4543 3095 2340 4515
3379 3392 7279 7563 5888 3745 7207 6966 7072 5113 7587 3953 5901 7591 3172 2610 2612 2946 1959 6418 7910 8213 5581 8172 6183 3834 5186 4020 3735 6943
19 0 12 10 65909 0.9341035862376827
4 10 2 24 38103 0.9045746371484527
2 11 22 3 105728 0.9032532186569799
14 18 18 8 62453 1.0405766788116324
20 12 3 22 83001 1.0364688571591472
28 22 25 29 31189 1.005931921247523
2 6 8 17 43912 0.9568799639743251
8 11 25 16 72075 1.083974582157509
9 19 22 17 48396 1.0651557967438379
1 25 8 3 78003 0.9712256375806126
14 13 6 19 47046 1.0554829650745408
28 17 0 1 123777 1.0700930939500675
19 9 3 24 104028 0.9790383485046082
12 16 25 19 45979 0.926310170869218
5 4 25 11 101280 1.0583635251378716
27 21 19 7 77246 0.9540308109760376
10 20 3 11 55192 0.9527451470325585
22 8 24 25 78549 0.9909831267197413
10 11 17 18 50249 1.0285111976411665
1 3 23 8 118902 0.9436435917287816
10 29 17 10 99453 0.9707628309037334
1 0 3 12 37116 0.933821381850401
15 20 7 3 95365 0.9233714183931104
21 3 8 16 84955 0.956700919815844
23 26 29 21 40487 1.0196167088184975
26 11 9 19 81981 0.9266220362828925
11 28 3 2 85630 1.0789451467586582
26 23 29 9 63124 0.9278087182819436
12 28 4 19 46248 0.9465138532937741
29 1 16 25 101500 1.0977764168953583
14 28 23 18 55799 0.9453772027739135
13 28 16 8 89161 0.9239733770314832
4 18 4 1 54974 0.9133048740851585
7 0 18 20 114237 0.9469394217964779
17 1 20 15 62184 0.9958647964242169
22 3 8 12 87662 1.0945606238216112
19 29 20 17 45883 1.0586214211184892
0 11 7 2 54462 0.9202161683055639
26 16 13 23 58950 1.0824321471942782
24 22 14 4 108209 1.0615752976126311
3 14 15 24 68428 1.075905305685123
12 11 19 17 48204 1.0909896053468267
7 13 4 29 57388 1.01693623915183
8 7 21 5 70648 0.9839313560907949
9 20 2 28 49025 1.0451678857015474
15 26 22 2 105269 0.9405653800113599
25 16 27 8 29896 0.9560510998902073
4 9 23 19 81902 0.9081456049385711
18 22 21 5 73066 0.9503596509262849
20 23 7 2 114171 0.9357411668699521
8 6 9 20 72714 1.0014977326997287
9 5 24 15 95580 1.0676966890640363
28 9 4 13 105061 0.9005325214771943
20 7 8 9 72747 0.9971810430903982
20 16 18 28 48179 1.0118640630770748
1 28 23 3 134351 1.0160403396381399
25 19 21 10 51451 0.9840939769921311
22 8 1 17 101666 1.023799062645464
7 14 17 11 46691 0.9301795827506038
12 3 3 2 48414 0.9998709532338707
3 18 20 26 62476 0.9910722459209458
4 6 13 13 59199 1.0250138408211682
24 29 20 11 73011 0.9934208740618174
2 6 14 25 75074 1.0619647841990152
4 13 14 6 68999 1.084964804250809
7 0 28 12 127640 0.948620685876204
0 11 13 12 58643 1.0287392445977086
27 26 17 27 29067 0.9648710421762958
12 13 12 29 69139 1.0898887679563876
27 3 17 22 89394 0.9450712194548105
16 20 24 1 94315 0.9477491644553073
27 2 15 0 59951 0.9414526353621073
22 24 12 5 104546 0.958168534105365
16 11 24 27 80820 0.981999783642505
16 21 6 21 54103 0.9181328302845436
4 20 16 11 67976 1.0738763074085882
10 15 29 4 99603 1.0448675891769053
3 20 11 28 44962 1.022941198901795
9 26 16 0 127698 0.9881696267654737
8 14 19 2 84956 0.9540338687753757
7 24 16 10 81901 1.0679056332563481
20 2 14 22 88454 0.9882872993144501
15 7 4 8 63132 1.0231054611975134
20 28 22 14 58481 1.083441273318157
13 26 3 0 93596 1.0074122843263753
19 12 24 6 48163 0.934432398164694
25 3 8 10 100790 1.0983190024953378
20 20 13 11 52739 0.9247115763031621
5 15 12 12 36350 0.9210859562764053
1 20 29 2 139405 1.0893090119983764
17 24 26 19 54346 0.9734584056767517
10 14 19 25 67585 1.006914144457391
28 25 14 26 39072 1.04188836059076
28 25 26 0 80341 1.0119012369593732
1 4 0 19 44984 1.0744401601122402
12 24 18 16 47320 1.0105355809797945
10 26 2 3 79844 0.9007736146501187
26 22 25 3 75459 1.0567096926038353
15 27 1 7 85317 1.0497701053056316
8 6 25 16 98783 1.0671882930518226
22 26 14 11 80242 0.9163354580422381
9 1 21 0 50073 0.9774763180850605
25 25 22 10 70571 1.0682154386163625
8 19 24 15 63137 1.0348846854687686
7 16 2 11 24750 0.9328722370217637
29 19 9 14 76075 0.9409157484299011
20 18 26 23 46373 0.9349279254145124
27 12 0 15 100143 1.039517701483728
16 16 25 3 77703 0.969653779058328
2 24 25 20 83012 0.9604910393498545
13 8 11 19 53655 1.085338240510327
8 15 3 27 44061 0.9349902579114979
29 7 15 8 85279 0.9197072546297531
8 21 18 1 122035 1.014191642403317
24 27 12 6 106576 1.006424926539924
11 23 17 2 110604 1.0427710026603982
12 22 9 0 105310 1.0555245684665029
29 7 6 28 127194 0.9944179914884551
26 7 9 11 84386 0.9467630652376349
26 10 4 18 93795 0.9175256651281795
16 0 5 28 129675 1.0364370492128823
3 22 14 6 96612 1.0569060314430985
10 23 23 13 80975 1.0951659566793945
13 11 0 1 76767 0.9577478408375701
25 18 4 7 87185 0.9203201083712257
26 27 2 5 110255 1.0696424682374803
0 3 13 24 97317 1.090910670053049
5 29 21 2 134531 1.024680035041226
9 21 21 19 62637 1.0094362397656418
26 14 8 13 68432 1.0649328349567988
1 6 18 0 88883 1.0436739739688385
26 16 0 23 95863 0.9875182749532719
1 0 24 18 107309 1.0822417852848836
13 11 0 13 58355 1.075486884921331
18 0 4 8 81928 0.9130522031239715
7 21 10 29 40091 0.9404348177558651
29 19 23 7 58979 1.0759747438551182
26 17 3 10 93549 0.90558322597228
23 14 4 20 72982 1.0598743752600635
16 22 16 1 92462 0.9297892557949555
8 10 13 0 64255 1.0874468672220028
6 12 17 29 89590 0.9938274968103125
3 25 18 2 130763 0.9020640511853923
23 26 5 20 65460 0.9569534652032772
3 2 12 0 43757 1.022885351290344
10 3 6 27 98038 0.9064115340345161
4 21 9 9 60201 1.0096885870548271
6 13 18 26 72798 1.0156157142793387
11 7 5 26 89576 0.9592376167216947
1 0 12 8 74314 0.9847325647449896
2 18 7 12 31053 1.0282872106992127
16 18 0 12 66485 0.9304348995351823
21 3 4 25 117049 0.9093543575681551
28 18 4 10 89827 1.0493626599860435
8 9 17 6 61814 0.984848696529293
19 9 1 16 86732 1.0975617612793043
26 0 17 22 103038 0.9454566247223938
10 26 23 17 62633 1.0973136405714425
27 25 11 11 91294 0.9843749624645302
21 25 23 3 89961 1.0650643369366624
1 4 26 0 117109 1.0196360975065362
19 11 8 12 48157 0.9596666727741598
9 2 29 0 91791 0.9337455764003636
24 14 29 27 54700 0.9943294103113101
27 23 10 23 55453 1.0441988864104836
15 0 27 19 102203 0.9400638540055634
17 20 22 15 40130 0.9361514077078704
21 23 27 2 86934 1.0511220430742685
15 11 10 0 63897 1.0547240570237941
28 8 1 7 127941 1.0028435918947904
1 23 22 1 132340 1.0731213366663481
4 22 0 6 57692 0.910373149377416
3 0 27 14 121468 1.0731669007278457
15 10 5 1 76793 0.9074234151870216
15 8 1 4 83333 0.9198663574225302
5 8 16 25 86822 1.0259883641636063
8 18 2 10 35961 0.9913394455873579
13 17 6 24 49545 0.9631471318052078
24 3 3 23 134554 1.0300681713887132
1 1 25 18 107063 0.9619883944960695
19 16 9 14 42644 1.0839277085939278
2 1 23 28 114552 1.0503018727697422
13 27 13 12 59102 0.9154247402966502
0 0 13 19 88618 0.9604637263665067
13 20 22 14 50658 1.034833368616533
3 19 16 28 64231 1.0724436708002
9 5 28 13 110394 0.9592817486847345
25 25 2 12 84528 0.920552456333878
2 22 26 20 88462 1.074021736252052
14 24 27 13 71687 1.0792606166176624
25 28 18 3 105950 0.9320480631305266
14 4 13 22 81973 0.9852182232457445
16 13 9 22 62247 0.9641752984595342
7 22 0 29 37036 1.0412885597173878
29 10 18 8 64665 1.0928849902941504
18 25 6 7 87376 1.0519813161911118
6 1 17 14 83370 0.9360880088336438
0 9 15 10 70422 0.9679018015561839
17 22 26 6 87895 1.0409833380080395
9 29 0 22 49706 1.0227093190574517
17 21 23 17 36152 1.0509554360555586
28 8 21 3 50708 0.9730512863114178
4 29 12 2 113029 0.9222853825460339
1 7 4 23 50191 1.0866387362472152
8 23 12 0 110273 0.9410191973649261
28 10 11 11 69280 0.9081678357866912
13 7 29 12 81554 0.9941306246771571
21 10 25 0 57251 0.987919619940811
24 9 15 29 99534 0.9046032307381218
17 12 5 1 87103 1.0568108365916449
16 10 17 19 48014 0.90396082630244
11 24 8 13 64444 0.9243634036178964
0 19 27 24 87392 1.0831559738528254
6 7 21 29 108370 0.9265554916738282
16 3 13 29 113721 0.9955851576300927
14 4 0 18 90345 0.9060349233808624
16 22 29 17 52370 0.9607291297149838
28 19 6 18 65292 1.048413477646884
5 12 20 13 65447 1.0822307928970976
28 2 1 29 145936 1.0897329755002727
11 4 20 25 103890 1.0754071503701763
5 19 9 6 67749 1.0113004943404609
24 20 11 18 47729 1.017920120597667
0 2 9 3 56308 0.9544186046296559
6 26 21 5 107992 1.0853431896891534
25 28 5 9 108986 1.0613787372125565
12 18 24 15 42155 1.0923013108635788
15 16 21 20 33750 0.9320425891671821
16 8 28 3 69697 0.952908638011627
18 14 10 21 57886 0.9564609583019108
15 11 5 20 67519 0.9025390283917639
11 16 9 6 55290 0.9329912193110872
21 0 11 15 76942 0.9731924639845473
9 4 22 26 122455 0.968557066351956
26 0 0 10 139631 1.0534749351088373
17 22 14 29 46565 1.007889247139079
10 28 20 29 35338 1.0908623790846619
7 23 27 9 97838 0.987642707512038
0 24 23 3 136056 1.0283136358142715
29 6 15 17 83820 1.0557369125260698
26 29 9 17 87002 0.9338353956005541
21 3 25 25 93343 0.9449802436678008
16 22 3 29 56904 0.918073657686765
29 6 12 10 88660 0.9707941921718322
19 18 14 6 71138 1.032028254112068
3 11 15 22 76248 1.000937523064681
14 18 26 25 51097 0.9135114796117277
17 27 3 1 106803 0.9391182128849362
12 26 14 15 52466 1.0428973699413226
2 7 28 19 102431 0.9758977619315764
2 27 20 19 63135 0.9692567409259389
14 14 29 6 79988 1.022936980638379
14 29 17 17 65162 0.990373948670408
8 22 0 28 37867 1.098994959831166
7 4 23 2 87526 1.038648928276262
0 5 27 14 116389 1.0650303215167882
3 18 29 28 89451 1.0796450356706364
23 9 9 5 84007 0.9369687413467541
9 25 15 2 119900 0.9766516000334238
10 15 14 9 40498 0.9078660962537856
15 2 6 27 129236 1.0169859549284759
15 1 2 20 100916 1.0423110401123052
15 1 10 29 135284 0.9896807039248279
22 7 13 29 106543 1.0297604283291757
4 12 11 7 46454 1.0643146901834224
3 11 5 2 38488 0.9123992930917679
26 10 24 21 58066 1.0755074453420812
15 4 28 25 116287 0.9000062430870476
20 22 27 0 84274 1.0290309728917135
16 4 7 2 52633 0.9809310992214342
12 19 14 7 56558 0.9073314779965025
16 28 7 12 81944 0.9475059069196751
16 20 22 26 37265 0.9590430037580326
20 12 8 22 78743 0.915295086898063
15 8 29 24 110587 1.0860756358704504
11 20 29 28 70719 0.9717257624152758
26 20 2 10 98163 0.9037604935462279
9 21 29 13 94366 1.0650557442980084
29 1 8 14 109538 0.928919502939508
23 17 8 17 49426 0.9192795986777097
3 19 27 14 84463 1.0841916578865043
20 11 5 18 67111 1.0497708820319902
23 16 8 19 54055 0.9815358487882226
7 6 20 0 74418 0.9544622520974768
20 11 26 22 64888 0.9830186877029878
15 28 21 17 52419 1.0148131042564643
26 4 5 27 128369 0.9644626414207209
1 1 1 29 70439 1.070299902558704
18 13 12 23 58211 0.9796581313854276
21 14 12 1 78393 0.902982795746615
8 24 26 26 54266 0.9967610558711428
16 20 6 4 84827 0.9454618327398226
6 18 18 5 90261 1.0078694929266911
19 13 18 24 53372 0.9981376522838569
26 15 25 25 37782 1.0234934320291553
5 5 1 13 38143 1.0635884751906475
21 29 0 10 107939 0.938539711422543
15 16 2 14 44901 0.9684981216254762
8 25 27 1 113939 1.0755936121070342
8 8 15 23 95872 1.0389354103521034
12 27 12 6 85930 1.0055153285558074
21 6 22 23 78611 1.0209739163804534
12 27 29 5 110555 1.035581363462502
8 1 10 20 94991 0.9803340977099821
8 7 11 22 81718 1.0106919326534203
5 1 27 5 105950 0.9889963966769577
14 21 17 11 59229 1.066086806048254
16 13 12 1 64337 1.0326238492204343
12 10 25 19 71046 0.9917293725185635
7 22 2 14 37888 1.041617245185423
4 18 27 25 72923 1.0433515070862902
10 17 2 11 41338 1.009883556410572
15 1 14 10 57021 1.0887925500622997
15 14 22 11 32109 0.966655977788667
8 22 26 24 64625 0.9369598084965658
20 5 25 13 49999 1.0751433643161035
15 8 3 8 75545 0.9164511738816247
1 4 20 5 90533 1.082179364575301
23 0 4 28 139107 1.0826667318376764
15 26 18 16 52562 0.992544834396005
9 23 26 22 69868 0.9743693138310785
13 18 28 29 69196 0.990260533141099
7 0 3 8 46282 0.9376274415083385
13 5 19 26 101996 1.0077203463238724
19 28 12 6 104238 0.9548614412403493
27 3 20 0 41606 0.9723615580349496
26 25 0 10 105058 0.9808149846119891
5 20 18 3 114396 1.020890617989477
8 8 21 25 100542 1.0772043420778925
21 2 15 9 56799 0.9214795522473133
23 10 6 22 93687 1.0421181303403884
2 10 12 4 58782 0.9736255813130987
15 22 0 2 112106 0.9712354978698572
6 24 28 20 70892 0.9127310458596806
19 1 23 12 51624 0.9980430042068866
29 26 6 9 110791 1.0023491901528356
24 27 8 25 43780 0.998520937949519
22 18 13 2 91583 0.9676146069264017
10 1 4 10 52388 0.992127393767667
29 27 14 13 91208 1.0757207857952948
13 19 25 1 99084 0.9309171872902693
21 14 3 25 82374 0.9832065556963984
10 23 17 19 52751 0.9594748204036803
9 3 24 3 85243 0.9208884861930788
29 8 10 24 108304 1.021197212373468
15 10 29 12 65578 1.048343406642828
23 17 11 18 34296 1.0585711186609297
13 25 19 2 97782 0.9753715147681712
11 7 17 22 77113 1.003976128112013
8 25 5 14 40907 1.0717076064865467
7 7 27 12 93821 0.9230925341978169
29 14 9 10 87166 1.00044477224106
1 0 3 8 29049 0.9096327840429923
20 28 0 20 79652 1.08157351452353
15 22 29 20 62417 1.0983148020368354
6 21 6 4 60825 1.0389613539296547
24 28 17 25 22872 1.0980444097434952
24 3 2 25 133067 0.9668360895581766
19 14 9 21 66426 0.9467661349472299
25 16 12 23 56293 1.0882846169897575
8 19 1 28 46486 1.052137587420974
26 27 9 27 49873 1.0761754697626482
6 6 21 5 73759 1.0711279015123156
10 23 26 1 125769 1.0619087651405121
23 29 5 28 58100 1.0936316534113408
7 23 13 3 97950 0.9271612876823021
22 12 15 22 65676 0.9047951420847474
14 17 3 17 40414 0.9448215590189768
3 25 3 13 33049 1.0417390000013498
6 4 21 17 92996 0.9115104917989244
11 22 10 13 50964 1.0530889712854843
9 18 21 8 74372 0.9938392706631215
4 25 15 13 70208 0.940081198573719
28 23 6 17 83013 0.928331085830213
9 9 12 27 88956 1.01665476394587
14 11 14 23 61043 0.9599198208884958
25 28 11 8 106542 1.0918597076837264
21 14 7 23 73159 1.043260798483884
22 3 27 18 70666 1.0728347315624056
18 0 11 16 84560 1.0065967549185353
20 25 14 5 97193 0.9579880235774133
18 20 1 6 94206 0.9886789303800967
12 16 29 8 83610 0.9459914649313922
22 24 1 22 67967 1.0706330380958502
6 15 20 9 65776 0.908952844574393
13 16 24 18 34643 0.9367863939285229
9 9 17 17 65627 1.0379768113741523
22 16 7 24 69007 1.046928444993564
3 17 21 11 74090 1.0655768734311248
18 27 13 15 59969 1.03823129110466
18 6 22 17 58885 0.956148893100986
16 19 23 23 44747 0.9623351570741706
17 4 1 12 94934 1.0929727833015954
3 4 17 29 106253 1.080091376402107
6 16 27 14 70450 0.9599018447775858
6 27 6 0 85001 1.081429072587899
15 27 13 14 57919 0.9060404820830908
17 1 8 5 58425 0.9966417657254246
24 17 18 7 60622 0.9941812138713624
16 25 23 6 84663 0.9753685001702846
27 11 5 17 84179 0.9455192377213203
22 14 3 12 73810 1.0626487040837092
20 13 7 27 77914 0.9246790038978547
7 17 7 7 38954 0.911592935778332
2 22 6 12 36873 0.9197697123160213
17 29 26 17 71382 1.026519626074603
20 23 16 2 95750 1.0949039343153664
21 4 28 18 72104 1.0552313579591308
16 13 25 4 69131 0.9481547499879153
8 0 26 1 86071 0.9464037218188889
15 19 20 7 58097 1.079740214772909
6 0 24 18 111590 0.9442875304846019
7 0 12 21 97982 1.0865876820148797
12 28 0 28 33556 0.9438867453892299
28 20 18 8 79888 0.9974833071649378
20 2 29 19 82009 0.9972612735529861
16 3 5 17 89564 1.0577123858783122
24 29 4 3 126007 1.0554498540306692
4 14 12 5 61030 1.013497847495823
3 18 17 8 83570 1.0061816911533823
11 2 7 20 88127 0.952717348956682
1 25 9 5 74265 1.068043361328614
27 2 1 13 126340 1.0084819094052921
2 27 2 1 57782 0.9696462537395221
18 26 18 13 62340 1.04244044785187
21 5 17 27 85694 0.9057552812513445
3 29 10 14 63532 0.9052331679828687
17 15 23 2 69024 0.9381529032571867
17 21 26 20 54417 0.9942928538572882
28 26 2 20 78880 1.0588680842074423
21 0 2 26 127369 0.9616897327805302
11 27 8 6 93812 0.9031041518356021
22 20 24 9 55259 0.9014825072091718
25 10 5 9 88340 0.9974486039799821
3 4 12 25 80120 1.0534472907273997
12 21 23 7 81980 1.0603987245481945
26 19 22 7 66733 0.927145319019072
17 12 19 26 70296 0.9054480484285379
17 22 27 2 90714 0.9507504657383478
11 16 20 6 61468 0.9676514152186481
25 17 12 22 52238 1.0561414394105586
25 8 19 26 88230 0.9389914535335846
1 9 29 17 104334 1.0823302147660723
25 10 2 14 96337 1.002139207735513
28 7 20 29 87700 1.0289252737033416
4 2 22 18 97156 1.0058597477064795
29 9 1 15 115711 0.9050544424959248
21 28 14 1 124938 0.9322630231469204
9 2 21 0 55583 1.0839932241930308
27 23 5 7 114728 1.009488500055008
6 27 24 24 54341 0.9396534111518613
24 12 15 6 61510 0.9457948426853904
15 22 24 6 91496 1.0869461352828445
10 27 7 1 100848 1.006831418393001
9 1 2 14 62600 0.9950506368503941
2 26 8 21 36440 1.0763556424102467
8 7 14 0 55402 1.0267100702439038
1 0 22 10 113689 1.0100602482300656
22 12 2 18 84270 1.038960956236829
25 6 28 27 76156 0.9857462416036783
19 29 19 9 81395 1.0507045824775727
20 15 18 4 48174 0.9715693988421179
19 20 11 16 41044 1.0401418079780835
6 13 4 26 43463 0.997110447888763
22 29 5 11 105418 0.957264087698497
8 18 22 7 87975 0.9342358849302946
6 13 0 0 53973 0.938998175296035
12 25 27 13 70227 0.9593117107099847
18 2 22 18 72976 1.0738719734238724
11 2 28 16 107996 1.0760366841723752
28 16 2 24 91721 0.972684548405241
29 9 17 15 66751 0.9064457490527621
20 5 29 2 50374 1.0019839466151241
23 21 3 14 80629 1.048811190914301
25 2 9 16 104555 1.0380217643018135
22 27 11 25 31739 0.9062772077952675
7 3 2 13 45897 1.0479737485084886
8 21 18 28 60722 1.0218280413973018
25 7 22 26 84517 1.0157707839741164
17 29 2 25 53971 0.9510287002359571
0 12 18 21 90340 1.012841243940296
16 22 2 14 65612 0.9822832556930154
17 25 27 12 61718 0.9475812095021652
20 4 19 14 35388 1.064888569354656
13 0 6 16 83018 1.043634133622853
20 20 14 28 40986 0.9978392620500551
5 27 25 13 98134 1.078764670372481
1 5 3 18 35999 1.0238868320804184
17 18 29 22 49450 0.9061214566751638
16 19 5 5 79680 0.9451630006141339
16 16 19 27 49856 0.9508460356086177
19 12 9 1 83207 0.9140973961438165
27 0 22 5 33894 1.0263514802543905
15 8 19 18 61409 1.01946380546689
25 28 4 10 102122 1.0467020018069317
17 10 22 3 50591 0.9180074012067204
29 9 0 10 128116 1.0091328715667693
9 10 20 28 99237 1.0790328475857482
2 21 11 6 77518 0.9542426245659408
5 23 6 7 63537 0.9351500834442091
4 23 19 17 64812 1.0401355925459077
19 2 11 22 101911 1.0076680549434507
1 9 13 3 72391 1.0090442848315582
7 5 27 0 103452 0.9247690447316752
1 24 27 8 117756 1.079306154689656
25 12 9 15 66789 0.9606859297944759
22 7 3 20 109141 1.0733366777967852
24 11 18 17 47791 0.9022533075261486
12 23 9 9 71871 0.9733416368315997
16 14 15 25 51575 0.9847470910313685
6 4 0 25 66722 0.9152596084890883
16 14 16 27 56856 1.0814561408386023
25 2 6 19 118902 0.9958146849860352
26 7 10 17 85729 0.9343920084684103
8 11 16 25 76664 1.051829378111231
20 28 19 8 77484 1.002292049992159
15 18 14 4 70582 1.0152217327684865
7 29 5 2 94526 1.0919353710671542
0 23 22 23 75666 0.9288710738558459
24 8 10 6 84958 1.0341051964368935
2 24 26 11 108504 0.9230813863857409
15 0 24 4 47359 0.9595710643243452
27 17 15 21 53051 1.0195703966086564
26 29 25 12 65098 0.9020032471286928
13 13 0 3 84336 0.9872568636255749
0 2 25 14 122514 1.0371920140502584
3 0 19 28 114107 1.064278593074404
23 8 13 2 73281 1.0817180719943862
18 3 20 12 40026 0.9728678738694144
21 0 22 14 55532 1.0453019363501583
24 5 18 26 98048 1.0024870086293345
7 21 8 2 78661 0.9594522446899878
2 1 24 4 105258 0.9124072211890729
7 7 1 26 69989 0.9210405178377643
15 29 7 14 80250 1.016887366244923
8 1 6 16 63661 1.083125110383022
21 15 29 20 43388 1.0122714197185891
2 0 24 25 109053 0.9014402319209867
24 26 3 15 82322 0.9433519715826435
22 13 8 9 78100 0.9084575647056501
4 23 28 12 103219 1.074432178793192
3 13 3 23 30547 0.9897496691411509
25 21 2 14 89113 1.0840808586121045
3 11 26 22 107093 0.9651167392739531
11 22 2 3 82528 0.9888600938043901
20 16 24 28 49660 1.0368021480201435
28 22 12 28 59408 0.9341232178007332
3 11 0 21 39261 0.92213085263493
8 27 4 15 44868 1.0347132936131418
12 18 28 6 81029 1.0761628143083162
16 3 8 5 46624 1.0832558107574417
8 2 28 24 143279 0.9408208575737131
8 9 20 19 78693 0.9036988005506615
23 23 22 5 81473 1.0002144767469026
20 21 0 1 109044 1.0747090931434764
16 9 29 7 74106 0.960962659399641
29 24 12 5 123395 0.9737079055984132
14 29 28 22 65097 1.0125234520694433
26 19 3 16 78335 0.9169401246961532
16 20 16 7 58161 0.952503293085357
29 23 8 8 128219 0.9759484069384612
25 27 26 3 80261 1.023002790970497
9 8 16 21 79872 0.998687692501824
16 13 18 22 47312 0.9877153582144336
10 16 29 8 88809 0.9809323631845236
3 16 19 12 66751 0.9855850955845795
11 28 22 3 114915 1.0587651320622165
14 23 25 12 78795 0.9434443821653329
10 17 26 23 76254 1.0997303826573017
23 27 20 0 94377 1.0491513476770489
2 10 12 13 49791 0.9064153649775732
20 20 23 3 72645 0.9029268550753152
24 28 5 18 75576 1.0144294384137658
24 11 7 3 93795 1.0183657190280022
27 27 2 23 70086 1.0007562482293821
20 1 1 21 117596 0.9805566673548727
4 20 26 17 72766 0.9652420019591428
6 29 22 29 58236 1.010202316300771
24 27 18 22 35384 1.0669737406292605
2 26 4 6 51827 1.028463032298342
27 22 11 17 61455 0.998982929792248
14 6 20 10 50717 0.9724460873399905
27 25 14 4 119511 1.0472804548149872
26 12 4 7 101459 1.0600392166599506
17 7 7 7 57121 1.0396010283460968
3 10 19 28 93549 1.0028189727636483
6 28 7 16 47741 1.098330042064372
22 27 10 8 106331 1.015123227197536
9 12 22 9 69448 0.9899236495556946
16 25 0 4 94556 1.0224039421559623
4 3 19 5 77725 0.9310491418270108
7 14 25 29 94921 0.9661715908252916
27 19 8 16 63731 0.9896435077673604
6 12 11 3 57622 1.012448804124573
28 16 14 25 58804 0.9231284795071809
23 25 28 19 36469 0.9321516725401107
27 8 2 7 114361 1.0817100456308373
14 0 26 7 76658 0.9511561224690164
21 22 10 2 115444 1.0127453952296834
9 19 14 9 65315 1.0255155388079797
21 13 0 5 100012 0.9873586240544077
3 18 26 9 101040 0.925817745348584
9 5 0 19 65432 0.9701417939960328
12 4 28 26 121557 0.9103677434282267
26 3 9 10 101438 1.0990481737000615
5 11 15 17 56253 0.9190688894333858
29 1 0 25 142625 0.9142115696777152
3 29 18 21 71668 0.9603715818246598
20 13 4 28 85158 0.9309413769767875
20 26 9 29 45116 0.9269490817750634
3 20 12 26 45552 0.9601476666358163
8 22 18 3 118769 1.0078476156584408
13 27 1 24 36007 1.0423535898677323
2 0 17 20 98039 1.0116893691462778
25 20 12 11 70841 0.9403162953708737
17 4 23 24 96188 1.0551285236077186
17 28 23 20 49228 0.9509400836086168
15 15 24 7 64028 1.0188217959721617
8 16 29 19 66887 0.9820157038468234
1 1 29 25 126282 1.0760305070150835
17 17 0 4 89044 0.9155299257005435
0 14 7 22 42170 1.069432659236362
13 6 2 10 64924 0.9560233529504862
27 4 6 5 99140 1.09916657978754
4 13 27 26 92080 0.978109876556389
6 13 7 27 48097 0.9061424173486553
24 19 11 22 58564 1.0234794405514915
19 9 10 19 74010 0.967610758558616
8 3 12 26 103042 0.9774143460871312
28 17 3 13 86359 0.932397633468527
23 19 20 11 37522 0.9025414529057934
19 11 13 3 57551 0.9092617575960553
14 27 5 10 79703 1.0705222126577325
21 14 10 14 35649 0.9570738557993548
2 18 23 2 117168 0.9574694460333768
29 19 8 15 72295 1.009048940821743
24 18 19 2 71453 1.0426070821206275
25 3 8 24 128574 0.9446977143441927
16 8 25 15 59787 1.0553262243645491
27 2 29 28 78563 0.9161444911819508
16 27 25 18 49364 0.9646852165860272
23 6 1 4 107980 0.9206736695331923
4 25 14 14 63098 0.9711625544687261
0 8 29 5 139358 0.9869055799406893
20 15 13 9 45523 0.9088523684037165
27 7 3 4 120310 0.9301833662679779
29 26 10 18 77642 0.9178214258100702
14 9 27 2 82107 1.0670050223115137
0 5 29 0 138977 1.0308601568531948
9 23 14 8 92142 1.0839331757949526
6 10 9 19 41081 0.9002213197626141
15 4 21 22 92129 1.0400374183057128
23 20 16 1 93615 0.9874726357174706
20 6 10 15 60822 1.080168055005457
6 11 13 22 61462 0.9655549796274385
16 26 14 10 76627 1.0524199725882941
20 0 9 11 73848 0.9635220647809094
26 9 25 22 58473 1.0219281551089785
29 13 11 20 76401 1.0341995672667714
2 27 28 18 85298 1.0912668513281534
23 29 5 20 74435 1.0122326869852676
12 26 5 4 90778 1.0341220916791343
16 26 21 14 52129 0.9760042424819121
4 14 19 2 101305 0.906654937401762
26 18 18 13 44785 0.9260938963625379
25 15 0 7 110080 0.9877005949335865
19 25 17 11 61927 0.9287643196036632
14 4 27 24 118453 0.9469903562673558
13 4 0 4 66130 1.051203132253856
9 29 27 28 62211 0.9875045221650653
9 29 9 17 61946 1.0102115383338737
20 26 0 15 78896 0.9567966702573085
13 22 2 21 49039 0.9530146617711456
24 1 13 26 116800 1.0883504020528776
19 29 2 2 116004 1.0916724052313478
14 22 21 8 77067 0.9422750814294243
23 4 19 14 47637 1.0150173587135145
0 23 27 20 89448 0.9033057241368854
13 21 25 25 40935 0.9775055481677284
9 24 6 6 73034 1.094004133571462
8 11 20 6 61431 0.944169407255748
25 6 23 18 58309 0.9641852961617009
23 27 9 9 106402 1.0153504735453662
12 14 27 16 52521 1.0301212374969788
5 2 12 20 88140 1.0309444290117074
16 24 2 16 63401 1.048408210382463
8 18 15 2 96002 1.0836867275253117
21 24 9 27 40101 0.9622359470696591
7 20 10 0 90976 0.9085005572122197
2 7 10 17 51302 1.0769999092327451
23 17 0 15 77012 0.9793848319374042
14 4 27 9 77433 1.079326322749801
1 27 11 24 33187 0.9008580271856416
1 0 2 21 52471 1.0937433264341025
3 2 27 13 122342 1.0111486108901284
4 24 0 6 62276 0.9921575740652907
12 26 23 28 36932 1.0082932039470114
15 12 20 24 62322 1.0744128696422268
14 3 4 4 57807 0.9232004826401369
8 8 14 18 67092 1.070681779687779
18 16 21 26 46543 1.0870291193939945
9 22 18 23 50354 0.9433451624745927
1 22 5 11 42488 1.036638109011931
2 14 5 28 37843 0.9930358361845625
26 3 11 14 92618 0.9499427513360911
1 11 16 3 88604 0.9529616803593935
24 21 7 15 74824 1.0990925354135532
2 11 29 7 120241 1.0250045541379986
22 25 18 14 47539 1.0566460753593234
2 14 22 27 81250 0.9072871027915435
0 7 29 4 144983 1.0903109267287154
8 13 15 3 76920 0.9894299901810166
21 0 28 27 109070 1.0382805757614206
19 0 6 23 120759 0.9373199012697099
17 1 18 22 97586 0.9551094643220852
28 13 29 1 48230 0.934926188517575
24 21 2 26 74640 0.9593974888950665
25 13 3 2 116890 0.9971307229433419
4 12 20 28 87595 0.9771193838308684
22 14 26 6 47274 1.0523745076151423
27 11 29 2 38155 0.9514314977034221
15 20 4 0 102123 0.9845741051016583
16 1 21 12 61752 0.9467528566930371
16 28 22 21 42815 0.9768897651883638
9 26 12 6 91101 0.9617802447434044
13 9 10 25 73786 1.0086646498254104
27 12 14 10 58900 0.9372890752848051
22 23 7 22 54015 0.9285661265724285
13 6 23 17 73126 0.9530035022369956
5 18 27 0 112435 0.9511684073911926
28 0 25 9 42996 0.9528906215251874
0 28 6 5 68162 1.0257193824062147
14 27 20 1 101038 0.9818740913109861
0 8 11 21 76403 1.0875626965530312
28 20 27 5 51098 0.9380389529990525
22 15 25 27 55573 1.09869730687214
28 11 19 3 63408 0.9993514916486324
14 25 15 5 94083 0.9417753332738041
7 23 6 9 49183 1.0356470188311984
28 16 11 8 82139 1.016994356963063
7 15 13 2 76763 0.9344039440485163
16 5 9 18 74724 0.9775011903862081
10 8 24 5 81124 1.0435429974607122
6 18 11 7 56348 0.9981051254185187
8 12 28 29 113851 1.0667721487468036
14 10 11 22 62005 1.0895798831347876
22 12 17 5 46553 0.944373657468652
19 23 16 11 67024 1.0065945054372851
28 0 23 28 95662 1.0026281935464263
25 1 14 8 80709 1.0420702258699501
29 22 6 18 81861 1.0904108520346723
19 0 25 24 103967 1.0727669828889173
25 27 18 10 83004 1.011650620601506
16 20 16 9 50852 1.0160364558932475
21 27 13 18 48755 0.9877261174157926
1 1 9 29 89976 0.9704306215315996
14 15 22 10 47877 0.9777807816258981
19 5 24 14 48984 0.995238516720773
17 27 15 14 63839 1.0403669648208882
22 23 8 22 60765 1.0196356737489454
11 27 20 18 48779 1.017995692984994
3 12 24 16 77242 0.976371084685821
13 11 28 6 73017 1.0241766245282158
28 28 2 10 105022 1.0773720899017378
12 18 29 24 71239 1.0332478453695642
28 2 20 10 59229 0.9936022896209359
9 8 26 29 129811 0.9048141907025992
26 3 6 6 104939 0.9726885728599333
27 7 14 2 82415 0.9631783158750772
6 20 3 27 31391 1.0381963057901786
19 6 0 4 97505 1.0568781801819676
8 11 3 28 62053 0.965082748757055
28 25 21 11 66699 1.049931179095453
16 22 13 13 42834 0.9858797790832946
2 7 8 27 57396 1.0977278903529637
29 8 25 28 75899 1.0936362444603052
1 13 21 10 88037 0.9497197698792166
22 16 17 4 62162 1.0599279288651569
29 18 10 24 70031 1.059680590795018
11 10 27 14 68766 0.9945588057207444
14 1 12 15 65061 1.0314750109526178
0 26 12 0 109084 1.0017226603885514
15 28 15 0 123349 0.9493149066204742
8 6 2 11 42986 1.073086380179339
1 27 28 17 92098 0.9067006213558128
23 17 6 24 66746 0.9867535553250802
7 2 16 12 72206 1.0222975563231618
12 20 1 8 69230 0.9695159345576475
9 22 29 13 95183 0.9347077992736077
11 13 3 9 46575 0.9732659226113964
7 10 12 0 58025 0.9117078776377671
22 24 7 25 39681 1.0550934269005212
8 15 25 19 62978 1.0185552036971686
12 5 29 7 85543 1.085605802494347
18 2 13 11 62483 1.0273236250098243
9 23 8 11 63806 1.0952201076208339
9 26 27 21 57912 0.9783646455021727
18 8 5 8 78508 0.9050155420287859
15 3 10 12 62046 0.9916615302449732
15 15 24 24 64798 1.0596415747851995
10 20 13 3 86923 0.924405383346442
29 5 22 20 73318 0.9798417744649701
0 7 0 25 57305 1.0634987527675963
6 13 15 3 78833 1.0215220698456484
12 12 27 21 75710 0.9026510617892253
0 11 12 8 61325 0.9294648741007674
5 9 8 16 33696 1.0963317588995396
2 9 29 12 113811 0.9648705079129893
5 5 29 17 112440 0.903732781182086
19 16 9 6 79813 1.0063617454374731
21 6 20 28 83177 1.017801273711091
19 7 16 19 60439 0.9307961154536774
4 28 22 26 52058 1.0112909057709931
10 16 18 5 73487 1.0483719335478932
28 22 17 18 45317 0.9113914298735207
16 7 27 24 96213 0.9151954612150689
16 18 0 4 83112 0.9273857614803701
6 27 25 27 57153 0.9039743175057663
24 4 3 12 105504 1.0187735013304111
8 9 18 18 72006 1.0233212651446724
4 4 18 22 98776 1.0638654864975297
24 16 19 8 46465 0.9313621900580743
0 16 9 28 51810 0.9621517720312186
0 8 4 20 44135 0.9946691268363925
11 1 25 13 101051 0.9110258353117898
14 2 10 24 112577 0.9161775611520386
3 22 13 13 62987 0.9516517767245923
6 10 19 6 77415 0.9884883122864422
23 2 5 18 110699 0.985047464587762
0 4 1 19 46491 1.007852554195684
22 24 6 20 60937 0.9267565089182007
19 19 11 15 40208 1.0236488809897621
27 18 0 22 94027 1.0951996315457133
11 12 27 15 62995 0.9543208829254727
13 15 28 24 73519 1.012070576582255
25 6 14 25 98146 1.0550558950274622
8 14 4 21 36124 0.9414798503978902
12 3 17 25 100563 0.9787949668203283
10 20 20 24 48740 0.9192347114713388
3 1 4 20 55834 0.9174525360518784
15 6 25 24 107461 1.0125245751211687
22 4 11 13 72115 0.9449501320614887
0 11 13 12 58643 0.9407882985956559
10 11 18 5 57970 0.9895401460699406
19 13 14 6 55218 0.9525626444114316
10 12 18 15 41267 0.9460758378580155
11 27 21 7 96317 0.9243583227298399
9 8 18 26 106984 1.0536472309491307
20 9 11 18 57659 1.011251085600663
13 25 8 0 112507 0.9174445442451836
3 4 7 13 44980 1.0018034601851178
8 8 28 4 110409 1.0878111468615803
9 11 0 28 64951 1.0039844991748068
5 15 10 26 51013 1.0159572127129348
28 4 12 4 77888 0.9690988161585468
15 5 0 16 89890 0.9314795872449027
16 6 16 20 61371 1.0561124560656523
29 3 4 8 128587 0.9561482162904614
27 3 18 2 54175 1.0306248839412138
1 23 3 5 51336 1.0528136973529527
20 21 6 26 47304 1.016115171762687
17 27 7 6 103767 1.0288970290873853
12 15 17 9 44667 0.9132034447730184
21 17 7 25 58598 1.0162269796331747
20 29 27 2 93844 0.9711138607120928
1 26 3 15 31219 0.9678170646495503
8 1 17 22 113205 0.9970540888751391
29 19 20 7 67870 1.0252313197962306
16 4 13 28 106639 0.9132020467023404
8 16 29 19 66887 1.0493689772483494
12 18 28 6 81029 0.9457283251426504
12 17 20 0 76010 1.0036772572562305
2 26 8 8 70896 1.0424007458677798
27 8 29 20 42417 0.9965519504967333
25 14 9 24 81052 0.9179353879715993
26 20 21 5 76673 1.089587735207549
24 23 14 5 110953 1.0820847315407118
2 2 5 27 62099 1.0415779140905632
12 17 17 29 64444 1.044099088106242
2 15 26 24 86915 0.947274856996887
18 23 26 8 87064 1.0485833661640778
4 7 0 27 55328 1.0209098852174034
4 4 2 22 51432 1.0510422251345102
5 23 21 17 72722 1.0801314864015756
4 19 15 0 102268 0.9002938443789307
12 18 5 1 80555 1.010867612187853
11 24 25 10 94869 0.9545281297123407
9 29 19 22 54933 0.9327065927473319
12 27 7 5 90458 1.015398922942619
10 1 24 28 136334 1.0761832911129408
0 2 22 24 124022 1.044599945073032
27 5 1 5 119205 1.026304446623246
28 24 15 28 45590 0.9636645837260511
20 21 13 10 60745 0.9813039377445703
28 4 14 1 77017 1.0786700690036806
1 29 28 0 148973 0.9783072184004717
5 7 10 22 74156 0.972561335360319
28 10 27 27 56246 1.0769357252658758
23 14 20 5 42460 1.0874506023365806
5 11 27 12 88081 1.059836009356643
25 13 26 26 52161 0.945250747070389
0 12 15 1 96202 0.9665450623483545
23 17 2 27 77942 1.0355857973792006
1 18 25 10 100671 1.061719214195203
15 12 0 3 90227 0.9632908651029298
0 0 8 4 45825 0.9541292551177596
13 1 4 12 70151 0.9982512660956187
9 1 10 12 63855 0.9019370724058521
14 5 7 11 51859 1.0476963569342632
11 13 21 23 67029 1.0439222508428405
28 23 26 4 70298 1.001478033484301
16 15 2 12 56480 0.917102836076656
0 8 25 11 107572 0.9121106719201033
14 3 15 22 97755 0.9714288166502013
1 23 17 16 67455 1.0216472606022269
21 3 13 5 45979 0.9429396881215377
1 16 10 19 37771 1.0162246297858104
27 26 23 11 59116 1.0296408398114536
12 13 25 13 50174 0.9797731393077748
13 15 23 7 59316 0.923800523639365
15 3 1 18 97222 1.0422572864958641
20 28 17 11 71648 1.0369156384009923
10 28 26 27 51193 1.0629661712415905
0 6 29 23 135132 0.9051171574780454
6 11 29 7 102548 0.9263915823685599
9 25 16 7 91404 1.0210521128826315
13 13 23 24 68285 0.9992123929270249
25 17 21 28 54667 0.9185714487313484
2 29 4 21 23804 1.0484424434822164
7 14 1 7 39119 0.9203744616277182
11 15 4 7 45946 1.0223944051636873
18 22 27 1 90164 0.9910058821518171
20 15 29 20 44224 0.984893165787133
29 14 28 0 51934 1.0255571576754736
23 23 15 26 27978 1.0990621533987066
25 3 6 17 110103 1.0729116178825857
28 21 7 17 78940 1.082419393188834
28 17 6 14 75468 1.0111622864549987
9 29 17 3 131934 0.9779325560795299
26 21 9 16 70116 0.9023894447876241
28 20 29 2 71147 1.086553891938143
28 20 19 23 49660 1.0524273913310525
29 22 17 23 54253 0.9920089182281563
15 12 6 7 53069 1.0290699495970885
23 16 1 5 95309 0.9066680186475767
11 16 27 7 76485 0.9810180056208921
14 4 18 26 110277 1.071829069915751
27 23 7 7 115215 0.9834967920580685
17 26 8 13 80837 0.9168993702844748
8 4 28 27 133567 0.90042949487181
13 16 6 22 44106 0.9663826657691181
8 18 28 23 77586 0.9172171268334236
20 25 0 27 50838 1.0482592649249725
1 12 13 0 83231 0.9427404695761379
27 6 11 10 78275 0.9433373331975851
4 15 9 5 47390 1.0002501536817983
23 14 14 19 41339 0.913134904170195
10 28 10 10 87657 0.9510111229152154
8 25 24 20 62275 0.9308046815564814
21 9 1 13 91527 0.9111179926691004
8 10 5 27 69586 0.9926883061533498
24 6 8 9 97907 0.9386663798009731
16 1 14 12 57347 1.0453044902190154
27 22 0 27 76920 0.9999472716412586
19 4 3 4 80471 1.0307459004375794
5 6 13 13 60719 1.0825810887104441
22 3 24 28 103813 0.928343237745665
17 19 3 10 71106 0.9239388819524608
9 0 2 20 77698 0.9450516165724283
20 21 8 20 57296 0.9420165049137098
14 17 14 6 57024 0.9048932318107196
17 4 2 0 77567 1.0171603974078156
24 22 14 10 83379 1.0178075492277892
10 16 1 4 55532 0.9312939039494247
20 7 2 17 87365 0.9880140762519047
11 24 29 5 109380 0.933672023361033
23 24 26 7 73576 1.0712964161151208
29 8 18 22 83951 0.9938391175776577
7 24 17 10 86082 1.0367017979504038
26 3 26 27 79038 1.064645678998483
24 21 17 25 33823 1.0023651033474241
6 10 23 2 97804 0.9742296321887152
11 16 17 22 39923 0.9012336882294749
18 16 14 23 45186 1.0844009078710177
6 9 20 6 74657 1.0512435449744537
19 29 0 17 89143 1.0255062496850722
13 4 1 19 87236 1.037237205121113
19 28 26 14 66411 0.9402856199651786
7 26 20 22 40220 1.0487740921964037
24 4 13 20 91422 1.0270689086973586
25 4 23 22 80937 0.9474887143594809
17 17 26 24 55693 1.0969528047838835
28 0 13 19 96182 1.0836224459508046
14 10 29 3 88972 0.9288074402145765
2 20 10 12 54009 1.0427915778336572
24 1 11 2 66224 0.9982220875391524
23 8 8 2 95417 0.9612277629851079
3 6 4 29 63636 1.0344544887400184
27 8 6 5 107076 1.013589273328193
13 24 25 2 114404 0.9685548373854542
