4564 4507 4440 3893 4212 3685 3293 3375 4057 3646 4418 3729 4012 3386 3496 4093 3324 4074 4154 3892 4414 4254 5373 5257 4438 4116 4489 4259 5207
8016 7817 8198 7341 7407 7288 7318 7343 6903 6884 7177 7660 8056 7485 7038 7423 7922 7082 6844 7956 8197 7778 7225 7702 7439 7225 6950 6937 2886
6486 6391 6780 7191 7222 6822 3952 4440 3193 3364 4390 4323 4456 4132 4048 4398 3452 3232 3643 4384 4069 4066 3650 4266 4135 4403 3193 3854 3338
3233 3864 3972 4019 3965 3806 3826 2837 3929 4160 3305 3801 3287 3429 3483 3499 3205 3093 2835 3513 3890 7761 7949 7113 7366 6899 7334 8042 7475
3417 3460 2704 3421 2724 3313 3222 3309 2579 2747 2807 2433 3477 5480 5358 6306 6382 5991 6470 6290 5664 5450 5985 6113 6561 5933 5325 5442 6443
7430 6657 6854 7147 6290 6724 6438 7425 6618 6907 7523 7401 7380 6430 7170 6647 6567 6879 6316 7349 7147 6206 6747 7466 6507 6704 5402 5009 4634
3173 2854 2510 3092 2459 3119 2523 3400 3749 3115 2990 3192 3838 4181 3871 4164 4265 4024 3761 4425 3375 3471 3838 4446 3771 3437 3160 3763 3164
6996 7006 6328 6934 7272 6435 6763 6366 7353 7066 6579 6577 7274 7212 7555 7106 7416 7956 7157 7619 8242 7548 7369 8061 8178 6844 7892 7283 6857
3924 4147 4300 3722 3982 3776 3494 3102 3760 4212 3461 3801 3202 3829 3826 2153 1443 2054 2447 1997 1966 1603 2139 1612 1176 1995 2186 2123 2161
6334 6053 5908 5741 6924 6347 6237 6227 6542 6854 6246 5827 6072 6091 5878 6467 5969 6523 6599 7026 6617 5863 6832 6543 6933 5915 6490 7033 6356
8239 8177 8569 7591 8734 8805 7849 8599 7880 7729 8492 8773 7881 7801 2850 2911 3118 3826 3393 2731 3026 2867 3156 2927 2671 3452 2935 2709 3864
5178 4902 5158 6083 5256 3187 3616 3682 3495 3712 3618 3170 2603 3266 2889 3691 2516 2513 2826 3715 3063 3649 2578 3615 2965 3688 2776 3163 2815
3269 2904 2722 3612 3133 2455 3304 2750 3136 3619 2926 2481 2799 7917 8667 8481 8749 7748 7989 8253 8348 8517 7618 8365 8724 8072 7576 8113 8265
4995 4595 3978 4634 4697 5046 5240 4148 4937 4954 4282 4537 4867 4884 4716 4772 4000 5358 5298 5323 4759 4944 1887 2352 1798 2313 2863 1945 2669
5263 5703 5881 5653 5758 5465 4657 4802 5200 5659 4710 5324 5721 5954 4753 8177 7996 7122 7211 7325 7468 8432 8418 7235 8494 8310 7479 7856 7946
7314 5147 6038 5715 5285 5378 5264 5224 5206 6295 6277 5722 5976 5482 5664 5242 6233 6330 6393 5396 6353 6393 5161 6005 5684 5141 6004 5278 5450
3637 3901 3841 3506 3891 4709 4332 4120 4177 3670 4406 4131 4456 4237 4677 4138 3882 4156 4327 2837 2633 2898 2125 1562 2016 1799 2705 1996 2710
5662 5892 6481 5737 6341 5670 5557 6183 5835 6037 6201 6660 5908 6177 6646 6193 5846 5252 7704 6985 7224 8049 6698 7098 7369 6897 7470 6859 7096
4846 5783 5769 5673 5909 5345 5846 5299 4743 5372 5323 5307 5824 5307 4981 5287 5736 5200 5196 5623 5623 5305 5836 5511 5147 5320 4705 5688 5388
3338 4486 2136 3153 2916 3081 3038 2053 3058 2046 2509 2958 2982 2979 2785 2915 2559 1880 2723 2485 2530 1820 2053 3121 2060 2979 2062 2124 3095
4593 4956 4739 5081 3985 4939 4605 3732 4781 4416 5576 5435 5552 5412 4997 5599 4333 5563 4678 5330 4444 4238 5416 5562 4765 4579 4837 4306 5494
5864 5088 5618 5863 4996 6171 5397 5651 5637 6263 5375 5020 5702 6104 5999 5679 2636 1836 1795 1401 1529 1607 1853 1747 2358 2607 2821 1810 2412
2468 1783 2208 1890 1931 2547 2576 3102 1980 2872 1742 1782 2327 2487 2543 2195 3019 3217 2548 3107 3394 2671 2552 2161 3350 3370 2770 2224 3078
2772 1664 2998 1797 2757 2962 2921 2592 2569 2474 2594 2280 2989 3068 2160 1686 2387 1914 2035 6951 7067 7934 7961 7772 8011 6656 6886 6719 7398
5608 5211 4953 4411 4511 5290 5191 5087 4423 5022 5578 5390 4640 4522 4699 4639 4388 5520 4596 5656 5436 4511 4463 5325 4411 4500 4902 4443 3535
4197 3320 3108 3643 3417 3200 3906 3724 3844 3823 3952 4098 3719 3505 3870 3184 4106 3808 3123 4091 3081 2347 1968 2746 2645 1843 2766 2377 1947
6766 6698 6462 5936 5937 5717 6160 6309 6175 5782 5802 6657 6873 6416 5502 6614 5992 5499 5909 6347 6425 6363 6817 6814 5981 6498 7467 7980 7947
6565 7068 6745 6138 6166 7239 7192 7369 1790 1159 1184 1581 1405 1646 1134 1591 1668 2037 1276 1453 1660 1445 1318 2050 1468 1726 1809 1969 1260
5793 5937 5746 5950 5827 5490 5213 5673 5424 5923 5282 5636 5312 5733 5621 5248 5812 5079 6127 5883 5047 7377 8022 7113 7492 8075 7362 7444 7066
4518 5577 5831 4899 5853 4607 4556 5689 5446 5785 4982 3742 3166 2711 2771 4085 3896 3131 2923 3856 3969 2816 3397 2760 3025 3298 2802 2976 3852
8139 2510 6725 5556 6425 2229 5285 7064 5750 5211 2936 5186 1674 6331 1464 5113 3532 7596 7741 3524 7609 2793 2098 6099 2856 4677 5583 3420 3386 1277
7334 3756 6763 5608 5802 2886 6093 7316 6584 4756 3681 5562 1463 6562 2025 5436 3627 8236 7307 2521 7217 4497 2646 6204 3358 5425 6048 4672 4049 1253
7570 3003 6600 4762 6468 3457 6050 7450 7009 3620 2772 5518 2101 5703 1213 5981 3673 8153 6929 2573 8467 4773 1665 5242 2205 5182 5362 3428 2952 2031
7486 2726 6763 4934 5741 3045 5802 8185 6979 2972 2772 5544 2611 5870 2421 6183 2744 7275 7166 2419 8367 3648 1621 5102 2287 4446 5385 3363 3492 1619
7460 2442 6235 4738 6222 3345 6322 7204 6168 3981 3539 5595 1916 6372 1211 7254 3932 7800 7653 2997 8347 4836 2710 6078 3407 5059 5682 3927 3071 1312
8213 2869 7366 5769 6117 2598 3161 7285 6104 3244 3221 5680 4149 6495 1931 6295 3093 7822 6956 2908 5719 3871 1915 5693 2541 4452 5963 4185 3108 1384
8314 2553 6364 5694 5864 2503 3507 8303 6794 3813 3370 5646 3969 6212 2437 7141 2922 7908 6907 2793 5932 4289 6248 6038 3390 4877 6292 3596 2923 1146
8114 3430 7174 5241 3282 3632 3213 8008 7079 3963 3455 5284 4413 6860 1671 6735 3260 8071 7017 3039 6051 4222 5747 6288 2258 5070 5903 4154 3585 2403
8387 3278 7538 5852 3312 2920 2686 8056 7109 2786 3717 5607 3685 6563 8382 6544 3942 7812 4020 3565 6383 3950 5347 5295 3515 5097 6609 4287 3840 1352
8298 3330 7480 6046 3714 2856 3875 7707 6447 3413 2547 5007 4403 6869 8079 6642 3749 7690 4260 2879 5561 3945 5734 5348 3114 4753 6164 3611 3242 1111
7881 3639 6583 5199 3774 2979 3436 7125 5691 3569 3100 5496 3952 6495 7496 6289 3232 7213 4143 2745 6755 4335 5987 6128 3480 4232 5764 3386 3232 1731
5445 3308 6610 5460 4190 3515 3720 7024 6519 3803 3305 5636 4268 5806 8385 6516 3494 8132 3954 3578 6789 4343 5422 6064 2668 4705 5862 3922 3043 1593
4700 2884 6449 5311 3894 2493 3787 7156 5906 2923 3761 5951 4494 5276 7422 7085 3300 7595 4181 3176 6423 4756 5738 5218 3034 4546 6168 4105 3343 2092
5008 2754 7353 5502 3119 3664 2536 4058 5739 3763 3220 5055 3711 6291 7537 7590 3367 6841 4028 2877 5931 5004 5431 6250 2358 4112 6723 4679 4121 2021
5361 2982 7499 5065 3511 3656 3880 3107 6122 3579 3711 5756 4326 4972 7606 6461 3461 6905 3925 3264 6518 3911 6003 6199 2194 4620 5348 4573 3937 1728
5882 2833 6823 5171 3898 3817 3716 4415 4106 2711 3796 5487 3880 6110 7859 6307 3398 6872 4104 3664 6321 4818 5619 5591 3003 4194 5644 4380 3354 2388
5527 3497 6886 5926 3350 3623 3185 3489 4044 3199 2992 4924 3269 6158 8499 6666 3653 7856 4550 2313 6125 4480 5345 5604 2326 4494 5529 4271 3480 1324
5406 3325 6670 4846 3228 3240 3100 4330 4231 3744 2962 5752 3788 5821 8090 7037 2760 8025 3826 2392 6126 4908 5034 5643 2404 4128 3562 5711 2985 1698
6004 2928 6182 5537 3736 3886 3536 3693 3825 4042 3916 5377 3414 5182 7275 6871 3681 7278 4537 7512 6527 4341 5261 6337 3394 4570 4499 5877 4014 1521
5277 2527 2656 4998 3451 2541 2776 4195 4378 3197 3639 4842 3905 5429 7623 7072 3161 3461 4161 7935 5614 4383 5916 5119 2632 4333 3310 4877 3737 2331
5988 3439 2855 5237 3587 3171 2712 3548 4481 3556 3072 5660 4398 6342 8280 7393 3049 4590 3931 8097 5580 3914 4931 5213 2964 3726 4331 4662 3352 2207
5939 2380 2465 6096 3573 3645 3546 3477 4398 3401 2472 5588 3249 5989 7479 6365 3575 4428 4446 7359 5682 4581 4905 6244 2505 4102 4505 4796 2748 1956
4792 3377 2242 6089 4098 3131 2492 3304 3277 2922 2880 5157 3940 4945 7593 6897 3115 4435 3940 7520 6819 4827 5499 5903 3013 3731 4527 5822 3144 1570
5501 2544 1953 4990 3301 3898 3422 3958 3575 4066 2570 4441 4325 5495 8132 6791 3828 4641 3657 8449 6587 3619 5459 5760 2297 3846 4058 5327 2769 1661
5471 3580 2642 5025 3642 2771 2735 3824 4059 3305 2454 5235 3755 5367 8202 6843 3733 4493 4458 8497 6533 3678 5872 6369 2451 4192 3682 4917 3531 2052
4916 2501 2765 5174 3680 3601 3441 3573 3839 3495 2215 4320 3847 5111 7655 7522 2931 3916 3496 8361 6262 5009 4918 5261 5385 5005 4330 5356 3412 1303
5274 3649 3126 5289 4186 3742 3319 3823 4247 3944 2695 5206 3627 5128 7318 6659 3573 4453 4288 8247 6341 4822 6254 2642 6385 4548 3352 4662 2448 1257
5409 2769 2177 5269 3156 3473 2459 3665 4115 3790 2016 4840 4153 5704 7501 6799 2539 3343 3491 7534 5770 4441 5590 2725 5628 4710 3533 4867 2187 5185
5851 2279 2014 4180 3572 2711 3489 3224 3182 3786 2722 4720 3993 5677 7697 6545 2944 4650 3802 8024 5816 4423 5334 2839 5501 4373 4455 4893 3042 5166
7 15 24 8 81227 0.940500307029756
9 16 3 26 47351 1.0033634235258777
3 9 17 27 81040 0.9904070028278061
23 20 3 21 82543 0.9575155049517979
27 8 1 2 105784 1.0229255557028742
22 21 24 1 53917 1.003441104831577
18 7 3 0 69095 1.076761435809952
12 2 9 15 56095 1.0032239026823095
18 26 24 19 41705 1.0807302469140667
19 21 20 3 53648 1.0090106729902086
4 0 7 21 72451 1.0444334472257122
5 4 26 9 83650 1.0448380719562482
1 2 6 9 46319 1.0386898398932407
28 2 24 13 47091 1.0277514577467135
0 20 19 18 66852 1.0223296024023747
20 11 8 2 68015 1.0707182130487842
23 28 8 14 62156 1.0985612427242897
5 12 6 24 43164 1.061421034376914
28 27 17 21 49267 0.9135140134542246
23 14 13 11 47583 1.0080998448600968
15 18 23 3 64855 1.0862424119966942
20 26 26 5 66331 1.0768805165996158
23 4 22 16 31817 1.0532609968252014
10 10 7 26 50871 0.9219247895772905
11 19 24 22 59558 0.9340018579389856
10 26 0 16 54796 1.0162026913430293
24 21 16 29 38637 0.9083532062478957
12 1 4 18 84714 1.0081737587639343
7 4 28 12 84663 1.0220800095637346
23 27 18 8 64488 0.9977944025036218
20 12 27 18 36231 1.0847287941907218
16 6 25 26 72512 1.0853827653031325
23 20 22 8 34330 0.9205338113427172
29 19 20 27 46333 1.0637443689998558
12 13 29 5 77169 1.0424883129352998
14 4 7 13 55403 1.0529815721909714
21 1 25 19 54999 1.063557179742087
14 20 29 23 62256 1.0878179185536911
27 23 17 24 32309 0.9843881801562233
20 23 1 16 78196 0.9696602782250209
4 4 17 3 53680 0.9877511181455192
14 11 7 27 65899 1.0618719068875135
19 6 0 1 72821 0.9920095330624839
14 5 24 0 45666 1.066053381008402
18 7 19 19 35140 0.9813840865805058
21 4 11 7 44111 0.9784984962209949
3 19 13 10 56509 1.084356600909282
24 0 19 13 48312 1.0833544900670617
0 13 28 26 90107 1.0695493264241211
11 25 13 1 80083 0.914252553928093
27 3 14 12 71422 0.9843932213497147
13 0 17 18 79211 1.01151015608296
16 20 12 3 71384 0.9277394023272343
9 13 1 11 38003 1.0886383893926737
12 26 20 20 41096 0.975527710806039
18 16 2 20 61413 0.9040319049997017
21 28 27 18 29645 0.9400643918955481
12 27 19 16 45929 0.9416369465130323
2 23 22 4 103503 0.9694579902627708
13 13 15 27 59918 0.9028546389736826
6 26 28 20 67007 0.9218128893058041
12 6 25 24 81943 0.9473789027216495
4 23 24 14 87867 0.9085517159733467
4 4 14 2 45775 1.0968613530305356
7 24 9 13 33890 1.0599749859022833
21 8 9 24 73876 0.9433004073796772
9 24 6 2 67031 1.0885644934391938
4 4 20 5 53992 1.0313241723773943
1 23 11 1 103538 0.9760929920016937
5 22 5 5 65976 1.0905340630379494
24 18 28 7 37225 1.0391265381786434
26 5 0 26 114126 1.0484205215285833
8 19 29 21 73763 1.072810888408909
21 8 23 22 45781 1.0903626349196764
8 13 10 23 33633 1.0730383141292705
9 27 17 13 72058 1.0835272813731738
9 20 26 9 84089 1.0838672686802802
7 21 21 29 42314 1.0103273055659876
3 14 19 23 65522 1.0777575584554446
1 28 13 8 83356 0.9461265296855816
26 1 22 17 47732 1.0374617800716857
9 22 23 9 78683 1.021140593088742
27 28 22 18 36013 0.9259079361539296
0 19 19 26 67572 1.0041819237798864
8 12 17 7 48312 1.07386552644089
5 18 14 7 73626 1.0512371865393288
4 29 7 10 54874 0.9215636539068054
15 24 2 6 82817 1.096622591707963
29 7 4 3 91635 1.0734603906600277
1 23 8 8 67898 1.0222019826913387
0 27 5 6 86817 1.0733707094547462
12 17 1 1 85961 0.9283336813088994
18 20 7 2 96639 1.098056387911943
24 15 4 26 88071 1.030608542605623
7 29 23 17 57740 1.0867335803306446
7 18 3 29 36286 0.9504080531267551
27 7 4 17 103450 0.9466068002711423
29 7 4 6 88607 1.043617040587695
25 21 12 29 43188 0.9675296211560738
20 6 29 1 36062 0.9742039396689983
18 27 10 3 103071 0.9150489062042199
1 9 17 11 63599 0.928632349542279
18 23 1 2 119828 1.030901059290369
17 22 18 2 69083 1.0840874172235748
5 19 23 21 69425 1.0856408547924554
6 27 15 1 97564 0.9086071527248154
14 20 9 25 36479 1.0260446456515453
7 28 26 2 100614 0.9061895211009237
27 2 2 11 101079 0.945412267083174
15 25 3 2 98905 0.9271996145604359
25 28 29 3 70037 1.0836395521255484
23 8 19 18 35223 1.0081943134483822
0 0 10 7 57034 0.9841242073166314
20 22 12 25 33113 1.0899915369026059
10 17 13 25 32906 0.916680489571649
19 12 24 17 31247 1.0468325711024868
25 0 17 3 34722 1.08100380911913
2 8 27 24 104831 1.0779748432902396
10 14 18 2 73845 0.9629943468389984
3 1 25 16 101765 0.9178231430928344
5 27 18 23 50059 0.9202876953512762
11 19 25 6 77009 0.9031206847143392
4 13 22 12 72036 1.0975118346734911
10 21 29 29 65078 0.9423134177480084
1 0 10 12 71808 0.9918005135820218
17 9 5 10 42509 0.9696642463381558
20 28 22 1 64892 0.901621943466468
9 18 18 16 36865 0.999421639135128
6 21 24 7 93789 0.9108722910244381
0 17 27 11 99787 0.9735465993977988
19 18 1 1 102073 1.061853803244737
3 7 17 9 54485 0.9746041370202383
27 5 19 9 36375 1.0874962131191905
18 28 6 15 57674 1.0775603264744815
0 10 4 25 69169 1.0975748121770346
20 12 29 28 57634 0.9808556721118801
17 27 11 2 100686 0.9563033863378738
22 5 16 9 30715 0.9750299699127523
21 12 1 27 86856 1.0255835162345706
9 24 29 27 55517 0.9407270384664274
14 25 22 11 53863 1.0395151207255502
22 14 8 0 76255 0.9153885053178181
22 16 22 0 36433 0.9363113220102267
22 9 16 20 47447 1.0191873406094172
5 27 17 5 98011 0.9006410816481746
12 0 8 7 35180 0.9253589749448841
23 13 20 4 32549 1.0183346429796267
27 6 11 27 81870 0.9772417363384354
7 5 18 20 84058 1.034150224182464
9 0 28 6 74387 0.9771265843657926
10 23 29 29 59055 1.0539028074748942
23 25 15 16 43692 0.943100428435339
19 5 2 26 100734 1.0666761673171803
21 15 10 15 45146 0.9079629045416221
27 28 16 22 35053 0.9910357993310647
4 19 25 11 90435 1.0611885801304715
13 18 4 25 47624 1.0909612610653612
6 9 8 1 29689 1.0692104980199402
5 10 19 20 73848 1.0110580547299186
17 19 1 29 50758 0.9960537744119689
9 24 3 4 68382 0.9503088121134659
20 7 15 14 42628 0.9372660864402877
4 4 16 7 47778 1.0521491062234989
24 7 0 9 90075 1.0392790556860776
26 17 19 5 49548 1.005014926307478
27 18 2 18 89660 1.0574695582824643
12 29 7 0 91347 0.9645492880604921
26 12 2 21 98988 0.9559025487544119
26 5 29 14 42170 1.054973533634234
7 20 4 13 32701 1.0819317605859382
1 18 13 16 49755 1.0944267274759607
29 7 19 17 54000 0.9687442287488534
6 20 1 8 58599 1.087688549893366
19 24 18 8 45228 0.9157895819592671
14 29 1 13 61175 1.033936048820963
24 26 6 1 117119 0.9725402886127876
22 24 11 8 73552 1.0856016727761817
3 29 12 6 78516 1.0891578619929678
19 22 19 8 36229 0.9803308388524643
8 1 9 22 71624 1.0814509908480954
20 21 10 8 72684 1.0109046747270543
8 16 1 23 39654 0.9666847016850111
7 6 4 28 73481 1.0557558365553197
28 21 29 3 56926 0.915334820388078
15 1 10 8 40155 1.0641123161789996
27 13 21 17 27762 1.003239437094363
29 22 0 28 69559 0.9255058068531772
9 3 5 20 73571 0.9693200841000806
28 1 16 27 89350 0.9339463604088326
14 28 27 4 89476 1.0285880817102264
2 23 28 28 66338 0.9735369333374566
27 16 18 4 50079 1.0174645927533783
2 10 19 29 75705 1.073999071424006
26 15 25 6 32274 1.0001576870879558
15 10 25 21 61751 0.9724124075977373
18 19 6 21 42927 0.971678184560731
29 12 15 25 65624 1.0518306137720606
11 11 29 25 84025 1.0024371597478106
8 29 12 12 52542 1.0432141488714695
21 4 19 15 37443 1.0519559210063272
18 26 7 1 105195 1.005873777505605
12 10 7 0 51616 0.9608443071783045
6 4 14 29 77455 1.0989231696499444
24 16 16 5 53202 0.9480400126943519
25 7 10 18 77444 0.98283363121885
25 20 18 5 62141 1.009607256972214
7 27 28 23 54341 1.0389680429152486
15 13 6 8 50272 1.0170280281094597
5 11 24 2 84522 0.9605336282357384
0 25 20 9 99772 1.0724485800392574
25 2 13 27 85247 0.9668817592918972
26 7 15 27 71151 1.018744964235871
12 20 17 9 60277 1.0420566877017268
28 29 17 17 58631 0.9161828246033462
19 0 10 21 89904 0.9056420162824178
23 23 26 6 59095 0.9882712200445454
29 18 20 11 43473 1.0406544325625484
16 27 23 16 41334 0.979273485020402
17 0 25 14 63846 0.9985827232576967
26 6 1 26 108569 0.9089668928926837
3 17 25 6 99056 1.0194102744224656
14 21 26 6 78557 0.9135046950779021
5 5 24 15 89048 1.0349008787876355
29 9 22 12 25073 1.0581057608680402
27 21 3 24 69465 1.028539066627251
27 18 16 22 45474 1.012041520824152
4 27 23 8 92163 1.0963664485152893
12 0 6 4 31263 0.9947643138816259
14 17 3 9 61703 1.0979296714588165
2 11 11 6 46198 1.0995703885681483
18 5 28 19 59828 1.0118991464814509
4 28 7 21 29743 0.9453236132508605
13 25 3 1 90501 0.9830458723032502
8 20 18 18 37646 1.0490115574164225
24 23 16 12 55886 1.0735627334264515
14 5 26 26 81102 0.9752293342895713
24 4 11 10 58404 1.0098266414404626
4 11 10 19 37007 1.095729809385658
19 1 1 26 119473 1.074953796430369
25 6 15 26 73413 1.0703141863820107
25 28 3 13 76264 0.9316981880324275
23 10 1 9 76339 1.0814479567231907
2 0 27 7 96923 1.0858670599985636
19 9 4 15 65974 1.0075797752736826
29 29 27 2 75425 0.9526495711942451
28 11 10 24 74426 1.0942764172363568
20 11 29 2 47145 0.9593984055128362
20 5 27 10 32345 1.0212361127265799
5 15 26 13 89746 0.9893336290352234
24 20 21 0 63534 0.9612837069001473
3 28 11 23 37383 1.0312791499818719
2 1 2 18 64118 0.9257919665665546
23 26 10 20 56185 1.055095835546828
0 6 16 3 60677 1.0448873843428066
19 26 8 25 34305 0.9322389283848566
28 20 9 27 61092 0.9256260089672913
11 6 27 24 80924 0.9194935015983163
14 1 28 16 68332 0.976482396873365
12 27 23 2 84757 1.0123275251471364
3 19 26 12 92867 0.9703114905911874
13 25 0 19 49700 0.9053808195140667
29 29 1 27 64208 1.0294665749710077
16 18 0 5 89788 0.9530100425978623
1 25 11 27 40280 1.0321859421297765
27 26 11 13 80010 0.9272614356607854
6 12 14 9 35981 1.0983330913624032
18 4 29 16 55562 0.9434920302417075
6 10 26 19 87618 1.071895534256126
16 8 22 12 29911 0.9130345202504331
17 10 9 20 58496 0.9955341034707939
13 25 23 9 59482 0.9688422924229311
22 4 12 29 75381 1.0327708107351536
19 26 29 19 48918 0.9974065077440389
23 7 12 26 73124 1.0900627909308072
1 11 18 10 62192 1.0287420278319703
20 2 1 6 76264 1.048408024571154
6 13 26 3 96796 1.0126345367582266
28 6 26 16 30064 0.9999080578195516
21 24 20 6 47843 1.0338812928448258
6 26 13 11 64189 1.004665982170447
1 28 7 17 45564 0.9616297868749042
17 17 10 9 53037 1.0848224368391992
27 24 12 20 63676 1.0414092651109268
26 16 21 6 38642 1.0607268292960679
13 18 0 15 47903 0.9512927688552061
16 13 27 17 51779 1.0159755050366428
4 18 23 14 78934 0.9391892250415266
9 19 23 13 60407 0.9965277306630318
4 27 26 22 68830 1.0980301595124446
14 24 28 16 53228 1.0144363437828436
28 5 20 10 38739 0.95220943655829
23 23 1 25 73303 0.9581954581150287
7 29 16 3 96537 1.0810488024783875
6 26 2 16 46249 1.0638532971183374
9 26 5 13 43489 0.9703673751373101
29 19 8 3 100647 0.9231621347853813
6 21 8 7 49764 0.9114141545413859
0 12 28 11 91722 0.9491029391981862
21 11 13 28 64796 0.9317733590687565
11 15 14 25 39778 0.9660362030674388
9 12 17 1 60615 0.9872877866506471
24 19 4 22 82214 0.9671813851605655
20 28 21 11 47849 1.057512788893416
17 1 19 11 34729 0.9906452996969545
6 12 0 18 33271 0.9082761294613504
17 24 15 4 72501 1.027910062546398
8 8 15 18 57594 0.9813540024294924
2 20 13 21 46179 0.9832917439712794
19 3 20 18 45073 1.0543320326264567
20 21 26 9 44984 1.0952451404576091
1 21 17 9 88065 1.050588478109931
25 14 3 5 95734 0.9437441756431687
29 1 10 12 87018 0.9144241806958833
28 19 0 29 69013 0.9659453825156353
4 5 20 18 86466 0.9475211365106532
0 27 21 22 60384 1.0585326436502596
18 28 5 22 47914 0.9354030079799405
8 5 18 5 32763 0.9168479132656805
4 26 26 3 120080 1.0964131241268233
11 12 4 28 58800 1.0175906722018657
29 12 22 23 45350 1.083862627401511
24 0 0 19 120780 0.9341244462841836
22 5 12 6 35321 1.0745650099953812
14 24 19 15 35407 1.0045852971847435
29 4 3 20 124789 1.0912947552984882
14 21 25 15 56721 1.0983515655210414
3 9 25 18 94121 0.9637248063187084
2 28 27 7 86127 0.9423363764952605
21 13 27 29 51533 1.0169761023908674
15 2 19 29 89295 1.072896401853111
1 13 6 28 55622 1.0872517203348315
21 19 16 9 42636 0.9567879275545251
24 29 12 26 34050 0.9893302619907671
12 3 19 22 74260 1.031848469139575
29 13 20 24 49786 1.007400990778526
13 22 24 29 36232 0.937761277477325
4 4 24 14 93115 1.0362933143929582
13 0 11 20 69208 0.9582903876560276
17 7 13 28 76077 0.9687843906960355
0 3 16 16 89855 1.0189303254812316
7 0 18 27 113674 1.0516275528335228
17 9 10 23 64298 1.0273498044925347
5 10 29 1 96106 1.045236801625818
29 25 17 19 59056 1.070281171365284
12 18 25 22 60039 0.9375061463763422
18 0 18 13 47372 0.9611603607963105
0 25 2 8 72574 1.0299219855531867
9 11 17 4 51333 0.9264127229214918
24 28 6 1 107830 0.9069507901213355
20 29 22 18 28593 0.9935022363939905
22 27 3 0 116121 1.0762292728527205
23 11 16 22 50684 0.9815983117256375
21 0 11 5 48919 0.9348765180125644
28 12 16 27 54654 0.9390695252832078
12 22 2 21 45260 1.0730698548161586
20 4 18 15 40727 0.9906938279364392
20 8 29 12 37100 1.0414269118545287
23 14 8 26 65197 1.0176860583242908
26 19 28 29 29590 0.9617403009812975
8 15 3 24 31297 1.0993819110047998
26 4 15 2 45127 0.9024907323138266
25 17 12 17 56336 1.009842067081439
14 20 10 4 70770 1.0549948450539794
13 7 6 26 76685 0.9394079065064518
2 3 8 14 52408 0.9648219775660722
25 15 29 5 43327 0.9479102954734661
4 29 18 26 36584 0.9997304970713894
19 15 25 8 38953 1.001452106233676
28 21 8 20 67343 1.0375510843344071
27 15 16 22 50770 1.0974617917745713
20 6 11 8 37534 0.9618282058449268
11 6 26 19 81245 0.9577036822069687
15 10 24 24 59223 1.0894499997367637
10 10 17 22 60464 0.91426160901489
2 18 25 0 119366 0.9790334963338998
28 10 10 9 57392 1.0975283515604726
14 28 22 12 57058 0.9807190869036335
21 3 8 8 62838 0.9216776319994967
29 29 19 27 29897 0.9617863262359958
4 10 23 2 80659 0.9880880572966045
2 15 22 11 77177 0.9322662540875097
8 8 10 22 48913 0.9383466987596925
1 20 18 26 72795 0.9043409068239199
10 16 19 7 54631 0.9776131106013561
18 29 16 17 34786 0.9427184018311043
18 4 2 11 73551 1.099606688100874
17 24 5 24 33881 1.099528562226685
9 28 17 17 55518 0.9536872403541599
0 0 24 16 111865 0.9295547574528119
8 4 13 26 77781 1.0002383680881497
1 7 13 18 74612 1.0159046654276982
10 18 26 15 66292 1.0024802528452652
2 21 18 13 81057 1.067418858017445
11 23 15 9 56868 0.9441238817715494
8 27 17 19 42735 1.040456326655872
23 20 26 0 66035 0.919348314512796
13 12 5 1 57354 0.9615863200311916
24 8 10 14 68079 0.9849565627900597
12 13 0 15 44007 0.9560307623744411
3 10 10 1 47391 0.9433466655367143
7 3 21 25 101705 0.9210496636578694
26 12 6 10 72241 1.0967615088063938
6 0 25 7 75174 0.9469275218987468
18 0 27 5 41075 1.0774877807864527
0 10 13 21 66761 1.0803160178113067
9 24 7 11 40871 1.030399348549382
4 7 22 20 93397 1.0583976086156501
3 17 10 29 41505 0.9286765860727759
22 22 23 12 29864 1.0986368092110852
26 15 9 16 64101 1.0129814607841006
3 7 28 23 107217 1.0545928586563835
3 19 13 2 83651 0.9439987055019209
6 4 24 3 67275 1.0082149198107617
3 27 21 1 109944 0.9737354385484109
13 13 25 1 70557 1.0210295485291843
16 10 29 5 54475 0.9705612740007201
24 29 1 5 105170 0.913191562363588
23 4 23 29 62162 0.9092783874758857
25 28 23 13 46317 1.075238876141309
29 22 19 27 38799 0.9317373542105025
16 20 12 1 77010 1.0510380360924336
0 22 17 2 114503 1.081328436687863
1 18 26 0 131185 0.9882867388149088
18 7 24 28 66849 1.0949845711163735
27 27 6 21 59631 1.0379335362346818
11 18 29 28 68035 0.9160808611302081
10 15 18 18 39577 0.9595891376263561
2 13 4 22 37961 1.0996675621130543
28 5 15 24 80476 0.9291193749770711
7 25 21 28 39044 0.980998466633504
13 22 5 9 65958 0.9190360859637922
2 5 12 6 33305 0.9643420655449306
21 11 28 22 43814 0.9835300257115491
25 15 12 22 63091 1.012732230011812
10 25 12 6 62911 1.0412357233775282
27 18 7 19 72327 0.9844347115191807
15 3 20 21 68871 1.043942379005438
5 25 19 11 79151 1.044107137267121
11 23 26 3 95872 0.9345220854435033
25 23 16 28 33354 0.9078586202657561
25 25 9 25 50792 1.065290906689611
18 12 3 3 79262 1.0229500918635033
27 24 5 26 60727 1.0312128104111713
10 23 21 21 38591 1.0098560557278577
26 27 9 15 73615 0.9721758293316418
12 24 9 17 34407 0.9649483822107304
26 23 12 16 62507 0.9879200843333183
5 0 18 21 107958 1.0578929438041742
1 9 18 25 88868 1.0621963221869235
13 28 14 5 82641 0.9228422922187142
9 0 7 24 81898 0.9357241526459572
21 3 12 4 37637 0.9015219026331093
13 25 1 12 58800 1.0057357632581534
3 8 6 29 65525 0.9875626521241788
2 0 13 1 39948 0.9300868284089138
23 15 6 15 62969 0.9602125767315484
1 25 9 10 64898 0.9382077401269098
21 14 26 24 41733 1.074277978883726
26 17 18 13 42198 1.048681067827061
28 3 16 9 57395 0.9418916157780413
12 15 7 22 38387 0.9216648064877947
0 8 7 23 63391 1.0659436861818454
20 0 17 13 51664 1.0186332499056705
28 23 22 16 30762 1.0602742018338978
0 1 28 17 113286 0.9210339191357167
14 0 14 26 101671 0.9392485181168938
5 13 22 15 68465 0.9081156262946166
8 5 1 23 78270 0.9849022328314145
15 18 29 0 89169 1.0260230923618703
7 7 27 15 83395 1.0402233889849062
11 7 17 13 45189 1.016492315197214
2 11 29 11 92263 0.9491555648791311
25 26 12 3 95631 0.9999709130074698
15 6 24 0 43205 0.9545565216851004
2 13 14 6 59794 1.009524814411778
2 24 9 9 58619 0.9221785310524717
20 15 27 0 66490 0.9236852552656495
27 4 12 26 96159 0.9476164953456538
3 15 29 8 96717 1.022874830446409
24 3 4 2 68789 1.0644072247406773
3 11 18 6 65344 1.0458720072177892
12 4 26 23 83384 1.0393038886689305
15 21 17 12 43430 0.9035325487777611
11 19 9 5 50619 0.9509500429539193
15 20 26 4 80162 1.0398557773932424
28 17 3 1 104017 1.0644418048320592
26 19 2 19 90913 1.0689487799001538
1 20 13 28 56712 1.018120950612555
29 5 20 24 68375 0.9069297412231568
28 29 6 0 117265 0.9780950363008538
17 22 19 11 38911 0.9242002617648503
24 7 8 24 82614 0.9439427038770256
22 12 11 19 54306 0.9007218222742044
6 25 16 24 32785 0.9494591036278718
19 0 5 27 111059 0.9029778406142269
2 18 0 7 45242 1.0875212202066562
15 20 12 10 48270 0.9141288799576095
8 27 24 7 84917 1.0905047273764623
9 20 14 5 62437 1.0489856291947912
10 17 18 23 48263 0.9485366459289697
25 10 0 13 84800 0.9883916677277785
9 28 19 25 33462 1.0964470214870472
15 24 25 4 73462 0.9353072871279382
19 5 6 23 91159 0.9012249305249198
0 20 18 24 63351 0.9873026739834696
2 3 24 5 80904 1.008618566815464
26 7 27 20 28480 1.08019397831029
7 3 20 29 97231 1.0219164456537626
12 8 28 28 81747 0.9783176234942148
7 29 24 18 59483 0.9458923119973376
12 2 28 10 67810 1.0679352069483794
21 7 7 25 85818 1.0671905152845467
11 23 12 0 73888 1.0486177982008091
8 5 25 4 58837 0.925082209746339
2 12 13 5 51963 0.9518604418979876
10 4 25 20 92491 0.9114207675098389
13 18 1 13 50428 1.0538044427267865
29 27 1 19 80569 0.9683935787759839
20 23 5 12 77200 0.9974834098172454
22 27 9 12 71952 1.0750713491484467
14 10 2 15 48875 0.9868623529932908
28 22 28 4 52937 1.059582515272699
7 26 25 3 103874 0.9223982375775203
3 27 16 4 105569 1.041967267039073
20 13 6 29 67707 1.072182196884123
6 6 9 15 41466 1.0364217891780496
7 22 21 6 88105 1.035779713337066
9 27 29 29 50958 0.9607756384663882
29 12 13 17 65207 1.0448163591914585
0 24 29 16 91461 1.0263210986545384
0 14 23 1 97404 0.9107308834368718
11 5 21 15 66334 0.9234150341608602
23 16 25 25 32417 1.02938924014255
26 8 20 25 53593 0.9323514615006459
28 8 4 4 90141 1.0076719154045362
13 16 23 3 63719 0.9400539002171938
18 14 22 24 36094 1.0874541635009638
9 1 15 14 67308 1.0101631503839896
21 19 15 10 43271 1.0580681410391586
3 3 2 24 79487 0.940039606856865
14 5 27 26 77750 1.0376765482705579
14 18 19 10 42509 1.0244937271400287
3 14 22 13 70697 0.9661665883123097
2 10 13 13 45280 1.0204489885824963
5 22 14 28 40157 1.0870017391998308
20 24 12 11 62827 0.9034145693167904
11 11 19 24 60212 0.9271358214397528
18 1 3 6 61522 0.9752579957364179
8 28 10 3 79956 0.9295804954156635
18 22 8 20 44752 1.0689155043822707
21 13 3 9 75803 1.0223583418709299
15 10 9 24 61237 0.9301427436780235
2 12 12 13 38266 1.0455264393457193
14 20 21 8 64221 0.9239235713562823
0 26 16 24 51410 0.928257480853587
7 1 13 8 43771 0.9069743644645216
12 26 27 2 94443 1.0645277175269408
11 15 6 27 42982 1.0153419728683768
24 26 9 24 50297 0.9500034223488731
20 0 7 7 66716 0.9862967030976484
15 14 1 25 76360 0.9590319619729151
22 22 13 1 78586 1.0814971305645906
12 13 19 7 39721 1.0678638317067692
27 11 26 29 29753 1.0033196956609678
25 4 16 17 62521 1.0750339589004385
22 17 9 3 82220 1.0779441311440714
25 24 4 14 75842 0.954122298708865
22 2 16 21 66314 1.048664429125181
2 19 29 16 93158 1.0800786747779496
25 9 26 27 39711 0.9086812401435344
1 12 3 20 29908 0.9837422132942875
5 7 25 19 102314 1.0268638543626916
10 6 2 26 81288 1.016485378142071
14 0 13 13 52018 1.0651084031507478
14 25 23 14 49490 1.0404173947465276
18 12 25 18 40049 1.0472160070954109
2 25 3 4 79603 0.9920731754141257
10 25 4 6 63844 1.0002195494750161
19 23 26 5 63998 1.0947254666556883
10 11 2 13 36462 1.040599402504394
22 27 11 21 48814 1.0486592251548799
12 22 10 8 55839 1.0451780075553927
26 16 22 0 47923 0.9276037480844618
25 21 8 28 51136 1.0200873505699697
1 19 21 13 83681 0.9371144398392015
8 23 6 14 23736 1.0412360573099915
17 26 1 8 93356 0.9902609405837319
20 13 8 6 61530 0.9948455313225057
14 4 22 15 53954 1.033071216505588
18 8 29 6 39307 0.9127175999445577
13 3 2 24 91215 1.0162858787724034
4 26 23 0 115349 0.9922304976746121
22 8 11 12 48068 0.9751541841658178
22 8 17 18 40515 0.9152382779160849
11 29 11 19 32027 1.0286124774619985
1 11 24 1 100363 1.0296383590589318
19 28 9 5 88092 1.0522198098449038
23 9 13 21 66295 1.055417242383312
26 19 5 25 78826 0.9394291011316185
22 0 3 9 83759 1.030954128621989
25 10 16 25 54695 0.9926938596585679
28 19 3 9 99384 1.0093025318998914
21 23 3 12 76460 0.927835254107155
25 26 18 2 78040 1.0361914554662686
26 23 12 23 47118 0.9868836055496009
2 7 19 16 81278 0.9049505484069875
18 23 23 0 70139 1.0854314446284299
26 26 6 29 44835 0.9114848181380545
17 12 22 25 45332 1.0076134512346238
17 17 4 29 57671 1.0505856849025554
29 27 7 17 73891 1.0613461813589933
2 20 19 24 61468 1.0994047838925334
16 0 20 14 58405 1.0846321080149945
23 21 11 0 92112 0.9970523410105051
1 12 22 2 89832 1.0420881124235297
28 13 24 2 42831 0.999212490800406
2 25 24 10 93814 1.0535553270256526
28 22 17 16 48535 1.0555206408568096
19 9 29 2 42678 0.9400844057838285
22 16 3 24 68948 0.9739938633108431
25 5 10 2 61954 0.9247104619754032
9 17 4 4 54575 0.915468313545286
19 4 11 6 33457 0.9909844756640334
21 26 11 19 47299 0.9950659643208725
21 21 9 28 44955 1.0081887608171218
21 4 16 20 62072 0.9879735606405251
10 8 19 23 72174 1.0676388889414028
27 24 9 22 59867 1.017268930481738
28 1 17 15 73550 1.000810108423438
6 15 21 6 74982 1.0179951098819229
26 14 9 16 69265 0.9383591579108664
17 16 1 28 67349 1.0508582492461107
28 11 23 24 38451 0.9164698206780961
1 3 14 18 92078 1.056236640471704
10 26 25 27 41705 0.9066389837352418
8 12 27 17 76495 0.9702788715091459
24 27 29 18 35054 1.0458049889576664
26 2 25 14 46704 0.9563777948921514
4 28 9 20 33870 1.0487887922223915
2 26 25 28 52563 0.9695049692313568
5 3 21 22 100257 0.993377667582056
17 13 13 5 48498 0.9778381154982876
4 4 23 20 102123 1.0021792969890613
21 19 0 11 81847 1.028677916874174
9 7 2 27 81391 1.0977916252218378
21 14 29 7 44566 1.089470832218524
16 11 14 2 48248 1.0910477549857238
26 25 6 21 67714 0.9776761664402107
2 6 24 24 107355 0.9801943885587088
23 25 17 12 49063 0.9817119514503333
11 26 4 1 86928 0.9989330694001441
12 0 16 23 87935 0.9418300808244684
6 13 16 12 44939 1.0449684644583248
6 9 28 3 91612 1.0305883379535026
13 8 25 16 60956 1.079991591558536
6 10 16 10 33982 0.9164297320892683
18 15 13 25 45473 1.0288761420072396
11 21 6 1 73020 0.9181980231862497
29 16 12 27 60358 0.9788047590528836
23 14 3 17 73939 1.0828639362502117
5 2 17 24 96574 0.9752654604670554
7 6 26 10 69991 1.0518530103933534
8 17 0 9 40840 0.9668931744548507
3 8 18 24 80431 0.9065870022898421
23 18 12 19 43897 1.031969815272364
18 24 29 26 39414 1.0785275642297163
28 14 13 1 73323 1.0492648239637974
17 13 11 2 62082 1.047369982087577
2 26 25 25 59549 0.9009087064108442
5 29 13 24 24400 0.9837836037987939
4 27 23 26 55732 0.9713386288144593
27 15 26 3 41049 1.0960513034591974
26 23 1 9 108313 1.091800006813397
18 11 28 17 43435 0.983072317945873
0 15 25 12 91662 1.099351564413915
27 14 20 0 49569 0.9392569893041594
18 0 14 19 76674 0.9221805677605478
19 16 8 13 47845 0.9818619170815537
21 23 7 16 57354 0.9413673957117062
11 10 4 5 38038 0.9254876885572055
7 22 12 11 47378 0.9482057292709426
9 25 20 15 60216 0.9338580543982773
3 18 13 17 42499 1.0542611837621583
10 28 24 12 71828 0.9790291180979717
20 27 21 14 38530 1.0605109978843887
3 16 23 17 69275 1.076555481252405
7 19 1 24 31802 1.0892805757607888
4 8 17 0 66852 1.0525089393346128
23 20 29 28 40833 1.0571909867136058
8 29 25 9 71174 0.9239207562798303
11 13 22 23 61431 1.0096731836403736
13 10 29 27 78026 0.9920487417517847
16 13 2 4 79110 0.9708018442027799
3 9 27 0 102253 1.0217680487306031
10 3 10 27 85731 1.0042076326697955
21 19 23 28 23625 1.0479953895557768
28 24 6 5 103692 1.0238744414163172
9 0 4 22 90893 0.9556225011906962
27 17 18 26 45238 1.0927973832653235
15 13 4 1 73809 1.0782373698589982
10 29 15 23 27561 0.9618913344028568
24 20 13 28 52879 1.0353152018579934
12 26 4 20 49968 0.900343616510911
23 18 0 11 86571 1.0737948335615661
18 12 28 1 55635 0.9618997238702661
17 9 0 10 58209 1.0443111462790586
0 25 21 20 70562 0.9443414423000446
28 26 7 14 74019 1.0137852386531323
18 7 28 20 53592 0.934088753390173
21 19 29 6 54805 1.0038601852104831
24 2 23 25 63942 0.9852028690421297
17 18 21 4 53160 0.9718934787445601
11 19 20 9 57340 1.0669748885981694
11 14 28 26 80277 0.9650973802500771
21 15 28 0 61094 1.0877318908964828
28 3 0 24 129736 1.0311642956336444
17 19 26 28 47273 0.9060066623372277
27 13 11 29 54212 1.0354505954986024
18 5 7 5 36395 1.0555586661262266
23 25 26 6 60172 0.9501285457278137
25 5 16 4 32387 0.9936546661782847
11 15 12 5 33697 0.9480534443458769
23 21 20 14 32250 1.0367961044984804
20 29 19 3 70295 0.9497194176289949
22 25 2 6 105395 1.059457486239189
14 28 16 8 74119 1.0125259357885161
13 0 8 10 48183 0.9059638436065396
15 22 3 6 89416 0.9031594175666114
20 20 26 24 27967 0.9946679133765681
23 16 4 20 74908 1.032327211976941
20 24 11 2 91398 0.9909551300257439
4 28 25 6 93879 0.9851956962298832
29 14 1 9 103061 1.0368482754387316
20 19 17 2 64739 1.062204903618467
17 0 8 3 42614 1.0725353854224935
4 5 27 16 91100 0.9235811268691708
0 17 25 11 97645 0.9804225988318199
13 29 23 24 32744 1.0180928746512468
16 21 1 4 96553 0.9891929212008956
17 18 24 24 34202 1.0357863298782
20 13 6 11 60720 0.9083957631295547
2 26 11 24 34735 1.0777797394642021
18 22 27 3 79805 0.9223781527516087
11 1 22 0 35325 0.9756926486806574
23 4 20 13 35464 1.026446854067921
5 17 16 19 47187 0.9734679372137994
5 18 9 2 78465 0.9703819532572406
28 13 21 20 38498 0.9064929545300812
29 25 16 28 37155 0.9313922728233833
9 13 2 21 47204 0.9781219468873079
19 10 12 21 59964 0.9684634908237386
25 4 22 18 44996 0.964069469707355
6 25 22 17 62701 1.08234395953962
8 24 18 26 36272 0.9440372500247854
21 21 19 3 51880 1.0484898156379094
27 11 15 0 62140 1.0236607394103414
14 20 27 26 57201 0.9774132381188678
11 13 5 4 50062 1.084372751028502
20 16 27 12 29580 0.9378806555714663
1 5 27 19 105469 0.9380760031743852
19 21 7 0 100456 0.9955772529089457
2 28 5 21 35703 0.9726418143059659
3 12 14 2 69049 0.9822678569016963
25 26 15 0 93280 1.0040939692352169
14 16 12 5 46485 0.9188134271700541
18 25 3 19 56716 0.99813545890164
5 24 4 9 53623 0.9094623343858478
29 0 27 20 66044 0.9371432366704908
29 19 6 25 77619 0.9849685838156587
9 3 23 22 101488 1.0334699484313954
26 9 5 27 82255 1.0348646311418002
12 2 28 14 79111 1.0345272355427226
14 16 28 19 56433 0.9705500411741594
8 22 1 0 83916 0.9428251576801642
8 29 22 28 28131 1.0606974147037556
1 6 14 22 94028 0.9761661419513582
0 2 29 11 113961 1.0774541370901238
28 5 18 1 39702 0.9024142316489784
10 16 28 4 89913 1.0275329888959723
12 4 26 21 82801 1.0861065065758477
11 3 29 7 73347 1.0188159220018722
7 29 13 9 66788 0.9407557120739798
29 7 8 29 78511 0.9994929180451991
29 6 25 18 40521 0.9681135897494011
5 6 5 19 53142 0.908399600229399
16 27 10 23 26184 1.056512183258835
15 25 23 4 69726 1.059459811186886
28 21 28 7 33813 0.9174335608090983
12 26 25 19 56053 1.0542792817364057
25 18 9 14 69502 1.0963033269418738
20 12 9 13 49482 0.9337987027461611
12 3 17 11 44229 1.0944575215087236
3 21 29 11 106813 1.0562760491890109
8 26 22 13 65461 1.071203617312842
23 6 12 23 72922 1.0339136484273936
14 18 21 27 45917 0.9798977956747935
15 20 23 25 38845 1.0258666086524195
21 2 16 13 47386 0.9408598105956841
28 2 2 4 92135 0.9699726624360873
14 26 4 28 34717 1.0930463475050476
16 27 26 2 80003 1.0723783048069857
20 2 26 17 51540 0.9417676931037935
17 2 16 19 70338 1.061032717920993
23 9 7 10 55019 0.938032480432309
7 14 11 8 32535 0.9331883118442982
26 2 24 21 64942 1.0269212157229828
15 9 2 25 82309 0.9694969917046777
15 6 0 8 58976 1.0236764601679396
26 22 15 2 83751 1.0194766412563754
16 26 20 12 46676 1.0294512283225736
29 29 19 11 62007 1.0975735145953351
17 23 25 12 57569 1.0883906257115874
15 29 23 15 46257 0.90214906483378
10 18 18 28 49733 1.068846225281339
21 12 5 25 81737 1.0833196390899142
11 12 12 3 31684 0.9904969295620383
3 0 10 18 72641 0.9627099807280781
16 1 0 11 79598 1.0308781139246337
9 16 4 9 34115 0.9518579067334341
1 19 14 20 45395 0.9187450400930492
25 24 10 4 95495 1.0488048146110618
27 22 17 5 60092 0.9057272960407635
16 25 2 12 65110 0.9296217915538627
11 28 3 0 92775 1.098077986515727
15 14 28 26 70981 1.0770922644156644
2 24 29 18 83352 0.9055644200751464
19 18 4 20 58213 0.9582225418714296
28 2 29 12 51012 0.973155806497869
21 18 27 11 32584 1.0679598203701262
2 4 28 6 90923 1.0169427339127513
27 21 3 10 92016 1.094168706577416
8 17 24 22 68507 0.9759284145709821
3 20 3 10 33450 1.0789857351214809
25 2 27 21 48668 1.0069703277589737
15 13 0 22 75477 0.9116710597867358
28 23 12 8 73263 0.9091799217246279
4 20 1 28 41950 1.0226660774869212
21 12 11 16 47078 1.0709635264407271
18 15 14 8 45605 0.9651445232249365
14 3 3 19 83811 1.0981783327656356
20 16 14 10 37666 1.0292911339389477
2 1 24 2 66105 1.0392832487486174
25 11 6 16 78936 0.9296302713989635
22 11 24 2 25043 1.0695995899178403
28 0 0 11 119738 0.9869060265576667
11 22 25 15 65009 1.0534727419916312
27 6 7 5 66540 0.9559816177081806
17 25 6 17 52810 1.0753426331096836
19 19 27 15 35718 0.9918323556108198
1 17 2 7 48293 1.0281427772359621
5 14 17 22 57423 1.0216819273859579
19 26 5 24 43670 0.9521434971119951
29 10 22 26 49266 0.938037562992452
13 13 16 4 46267 0.9671932815729609
6 28 27 1 108159 1.0339308215926246
22 6 15 11 38992 1.0954276107579755
15 17 17 29 39366 0.9398411037006046
19 9 25 29 56283 1.0623490866671856
5 11 17 14 65327 0.9750186687837288
3 28 22 4 96507 1.0408220813093016
4 22 10 5 70906 1.079742982158619
2 25 22 22 64527 0.9234151801522948
3 8 16 11 54796 0.9626438033997196
29 14 11 15 70109 0.9654082906957895
7 3 28 16 94506 0.924273066568488
3 14 3 2 44336 1.0500905556695896
17 5 14 12 41374 0.9330214399722147
29 23 23 8 39939 1.097459884647145
1 4 14 19 84155 0.9999056010294665
16 25 14 13 50570 1.029670521868987
4 2 27 29 109243 0.9567702207022601
17 29 6 11 61540 0.9863148121944613
11 27 24 3 92859 1.0281281961367452
17 10 6 9 40089 1.0713544262611676
13 1 20 29 92824 1.0281993487289465
4 9 22 17 78637 0.915387476142172
28 22 22 26 32038 0.9662557596413918
9 20 26 4 98231 0.9608349878842597
15 21 29 27 50974 0.9465109811981179
28 13 23 25 42041 1.0038496076924939
23 11 16 24 46997 1.042543568489323
6 0 19 25 103093 1.0279502662801723
10 2 10 24 85316 1.0117367340532308
28 16 4 29 62819 1.081496024740109
19 20 2 18 60822 1.0074759461892469
16 4 11 18 59938 1.062606664230635
5 4 4 22 71299 0.9910869003366835
23 15 15 9 40606 1.015329995935916
10 29 19 16 47587 0.9701373151307825
15 0 13 25 97668 0.9489445340496403
14 11 10 22 49428 0.947385790178211
1 15 25 19 92402 0.9947823684072171
25 24 25 6 48712 1.035974095954887
6 29 13 11 64523 0.9896729424329878
27 4 26 26 58909 1.0046839547575968
10 20 26 27 64883 1.0309606418069146
9 6 16 29 76444 0.9762529765235578
0 23 23 21 79260 0.9092171806777742
7 26 11 14 41838 1.0696705085989675
12 2 6 28 86921 0.93499024986804
0 6 8 19 56066 0.9326090608993031
15 8 25 6 38980 1.0790834223173995
11 28 7 8 67234 1.0539086356219542
27 5 16 21 76930 0.9313211287573067
21 9 15 29 60805 0.9868652285732205
7 28 2 0 93446 1.0855019854320687
24 21 19 7 52719 1.0974517670937594
7 9 25 15 79362 1.0059614034444915
0 2 21 29 114351 1.0250977676968553
1 24 28 20 82458 1.0968303474698027
2 12 7 25 45974 1.0898143023002183
8 5 25 20 93664 0.9659670402264646
11 15 22 2 70596 0.909532490532098
2 24 15 2 104964 0.9043974445198318
20 24 5 8 86639 0.9318323025606372
24 5 3 26 111684 0.9337511020350762
0 10 13 27 73146 1.0769112437345167
18 17 9 26 56180 1.0405869618371715
21 26 14 11 61241 0.9086811426489058
12 8 19 26 70481 0.9427427023003218
10 1 22 26 97665 0.9797830531834253
15 12 24 5 48399 1.0212948059489106
16 14 2 16 56382 0.9432780172083661
19 7 7 17 71836 0.9409685279513412
10 10 15 5 31482 0.9206776670370238
14 0 18 8 45516 0.9614601237221756
2 4 6 29 84525 1.0939401759168141
23 13 9 27 70834 1.0180827667150705
5 11 13 15 49467 0.9771064351996358
27 22 16 20 45171 1.0074185389941213
23 26 6 28 44365 0.9919084842841173
4 11 22 4 77126 1.09981251822463
12 18 25 10 64355 0.9603829328324169
12 26 11 1 90057 1.0175970668364223
11 25 21 27 35567 1.0458462052702389
28 15 12 2 79543 0.9636881984219026
26 8 3 28 85111 1.0596901394144893
11 29 7 16 32356 1.0545900953724623
25 2 7 5 62504 0.9004653275809453
4 0 27 3 79071 0.9768742769290442
9 12 0 23 56612 0.9588430301858842
29 19 3 21 96407 0.921446808778222
15 0 22 15 59385 0.9695324299624006
15 18 0 19 50877 1.0340342719380833
2 7 10 12 44316 1.0436399757624328
21 9 7 8 55124 1.0557776976360227
16 16 3 6 71680 1.014017233778767
13 27 27 15 52361 0.9589009187064824
6 23 27 7 92629 1.0122932420808888
13 22 21 6 70645 1.0291433872649105
5 1 4 23 83089 1.0567875881709081
28 8 1 24 98727 1.0831364482353327
5 23 6 8 61083 1.012605070584634
7 10 15 12 34062 0.9990491778371036
0 6 18 23 98990 1.0569146382947332
23 22 13 0 89080 0.9083790213461912
12 8 3 3 43886 1.0217945536127595
8 7 0 26 77463 0.9293058066479029
23 23 0 3 124828 0.9836965865328888
4 18 11 14 41654 1.0777976971152263
29 9 24 21 38879 0.9202153798647843
27 25 29 4 53867 0.9322493387297884
0 27 25 10 89165 1.0061666248161998
7 18 20 8 75161 1.0067037896677218
9 24 9 1 76821 1.0207120894475652
29 25 19 25 39203 1.0581808380090547
29 29 2 15 89050 1.0731277664042165
24 22 18 27 36177 1.0468264858013718
22 7 21 28 48605 1.0035742594167503
22 3 24 23 61093 1.0854406961859477
16 12 15 24 44931 1.0844046990719105
6 16 26 13 80006 0.9541791578950102
27 0 19 8 45446 0.9431184222949228
15 29 16 13 51086 0.9159212678220122
10 2 11 20 71579 1.0692905846403482
19 5 26 15 48495 0.9981578303764483
14 14 1 12 56810 0.9566547140167277
23 28 21 11 50389 0.9326392450761021
17 19 5 20 44037 1.001364541103311
23 4 26 28 57077 1.0058318275653666
23 2 6 17 92693 0.9315345703603286
2 9 25 28 92793 0.9859274516291276
4 19 28 19 87283 0.9415441810849072
9 18 10 3 64732 1.053219945351549
13 3 3 18 76838 1.0202086499562553
4 5 0 11 31749 1.0537388872834985
25 8 1 18 108493 0.924391893678169
20 25 2 21 63792 0.9001837139029659
5 2 18 14 88848 0.9219489194548504
13 0 20 17 72429 0.9558052685053551
24 1 18 26 71745 0.9278066411073277
5 22 26 3 118213 0.9971452487357586
17 3 14 20 79151 0.9786822442122706
11 10 9 0 47551 1.0211132257435631
23 27 0 12 88683 0.9316679688987759
5 1 2 8 35274 1.0338499062676607
14 12 9 26 60886 1.0040146467647248
17 25 10 5 82887 0.993761485068122
9 27 28 14 71982 0.9859151231490167
15 10 0 26 89750 1.0889606934838962
