2610 5511 3336 3856 4347 3461 3405 6192 5656 7333 7355 5683 7069 4932 5952 7270 6904 4366 5147 6583 7691 7181 6201 7068 4477 5083 6540 4890 7432
4000 6459 3986 6449 5575 5957 4077 4634 4576 4210 4398 5962 3067 4948 6125 5002 3046 4817 4411 5668 5144 7624 4790 4597 6797 6346 6117 4821 7438
3212 2791 1834 3146 5290 4534 2603 4072 2430 6895 6409 6105 8444 7651 7203 8362 5669 8398 6480 7193 5502 7852 7989 7992 7958 5803 5976 4907 7078
5711 6008 2544 3823 3796 3044 3576 5055 3082 4113 3692 4850 4193 4864 4836 5325 3323 4305 4591 4155 3465 2600 2943 5330 3661 5057 5510 3799 3049
8570 6327 5976 7843 5395 7711 8576 7559 8257 7187 8098 7627 8216 5647 8468 8225 5341 7636 6127 6808 8680 5758 6061 5718 5253 5571 7000 5881 8351
4621 3008 4725 4797 2286 2988 3056 4280 3512 4711 4773 3521 4049 5016 3570 3800 3972 4567 4175 5691 5938 5979 3197 5617 4932 4483 2869 3414 5381
7802 6301 6239 5820 5572 5928 5550 4458 6971 4758 4716 7915 6997 6101 7439 7509 5984 7394 5810 5635 5048 7225 5111 4766 2787 4988 3499 2737 4192
3186 3190 1309 4354 3059 3169 4617 3036 3381 3312 4994 5693 6127 6512 4760 5861 3740 4494 6398 3412 4682 3053 5504 3969 3452 6265 5788 6476 5895
6469 4544 4773 7588 5888 7175 5541 4394 3097 3881 4143 2669 4982 4219 4276 2117 4073 2859 4797 4934 2840 4903 5323 1894 3100 4433 2486 5307 2945
4483 4007 5982 5993 3948 4550 3775 2950 5610 5933 3367 4911 4408 7041 5119 6916 4846 7897 4232 7403 6159 5154 6214 5471 4998 5157 4724 7185 5680
1496 4782 1632 2287 2189 4464 4711 3510 3253 3656 1717 4513 2952 4299 4787 2671 2643 1970 2997 4031 2699 1798 6196 3375 5722 6152 4651 5549 5556
4754 5067 3697 5123 4174 4404 4123 2571 4863 3313 4808 3582 4773 2719 4216 3989 3985 2617 5476 6659 6044 6751 5993 5458 5512 7027 5128 5426 6288
4308 3183 4253 6224 3068 6135 5793 5290 6294 3783 5803 4118 3743 6555 3090 3048 5879 5820 4665 6067 4525 5013 4512 4227 4014 3236 3755 5433 5661
6766 7475 5753 5792 4954 7130 6043 5757 4667 6773 8244 7070 6160 5651 5676 8156 6670 6883 6873 5583 6895 5747 7272 5811 6845 6970 7360 3694 5916
1831 3467 2602 4313 1421 3630 1381 3266 1620 3946 4883 1554 4237 1535 4465 4786 2066 3530 4581 2262 3263 2856 1447 1974 2667 1658 4235 3428 2275
5788 3545 5140 1772 4463 5206 5056 2085 3747 4102 2090 2293 2991 4947 2984 4801 2313 4038 2440 1716 2090 4840 4707 2193 1569 2909 2797 2209 3767
3487 4067 3264 4755 3300 5183 4361 3244 5888 5148 5197 4285 3228 3745 4556 5352 4966 3247 4628 3720 3874 6217 6232 4658 5089 5002 6817 5059 6459
7093 4976 7574 8016 8160 5523 7725 5014 5019 7640 5997 5206 7089 7296 6003 6889 6578 8194 5835 7959 5612 6303 7889 7354 6431 6821 5727 4618 4635
3474 4476 2291 4432 3626 4547 1709 3402 4936 3866 3330 2870 1723 3857 3397 1499 3921 2251 2756 3130 4459 3584 6922 4273 7190 3912 5687 3990 6821
4523 5065 4233 3287 5998 3251 6133 3528 4056 4317 7239 8038 6374 8258 7418 5120 8731 5615 7950 7303 8314 8308 6669 6294 5773 6393 7004 5485 8435
3074 4590 4103 5428 2932 4888 2806 5233 5235 2459 3236 2777 2634 4784 3447 4570 5019 4285 4850 4230 4619 5313 4751 3573 2534 3473 3877 2748 3958
6901 5999 5409 3974 7501 4603 5825 6954 6664 5207 4937 4148 5562 6743 5698 7408 6990 5416 5223 4920 6126 7554 5740 4569 7648 6060 4230 7037 4347
6218 3393 5586 6848 3733 3385 5310 5961 3855 5602 4784 5251 3465 3952 6533 4909 4207 5123 3717 3607 6007 3923 4850 1880 3374 4370 2709 3080 4481
5258 4867 2880 2825 6019 5236 4074 5759 3048 6045 3104 2535 4713 5721 6092 2798 5808 3330 4037 3151 4009 3253 5532 4830 5492 4626 5325 4835 5450
3955 6840 4646 5279 6938 2511 1980 5564 2321 3245 4851 1981 4369 3818 2229 5365 5512 3178 3404 2675 4199 5458 2768 2237 4638 2058 1991 4468 2235
3802 4957 3487 3909 4618 4674 3218 4797 4496 4575 1453 2896 3148 3997 4703 4567 4118 4214 3241 2072 2674 4802 1981 2366 4181 5900 6569 6315 5560
5236 5140 4787 4504 2954 3516 5451 4357 2991 3981 5118 2961 4195 5606 2755 3893 5853 3325 3795 3179 5021 3442 6243 4469 5647 3123 5826 6054 5113
6167 5063 5888 5683 7510 6117 4338 5001 6378 5061 7946 7261 4274 7913 6923 7242 4842 7510 7677 7143 5471 6536 4838 4969 5864 6337 4727 4389 5239
3124 1157 4673 1571 2836 4597 4019 4409 3972 3645 2552 2725 3902 3753 1625 1765 1595 1201 4013 4644 3480 2240 4168 1529 3646 4013 4728 4030 4480
7906 5981 7976 5809 4668 7715 6667 7100 4822 5571 8090 4175 3072 6025 3905 5406 4913 3637 4129 5269 4594 5415 3033 3602 3377 2928 2819 4151 5168
5459 7006 5148 4729 3403 6337 3991 6496 5754 3908 2728 6561 5408 4964 4455 5926 7187 5539 6671 6641 4085 3394 6026 6932 4463 5642 3918 3065 4726 4213
4594 4660 5869 4606 5642 5021 5157 5829 7371 2952 2978 6162 5679 5418 3286 7822 8399 7891 6340 4577 5906 2953 4954 6362 2822 3486 3971 3308 3302 4875
6551 4833 6498 4205 5079 6600 4566 5043 6061 2022 3163 6958 6423 5443 5438 6332 8450 7832 3440 6000 4165 1943 5486 6877 2096 2928 3173 5992 3539 5576
7823 4640 4174 4385 3971 5176 3122 2590 8433 2880 3707 6387 6622 6117 2351 4495 6644 7009 6365 7304 3972 2307 4137 7427 4611 5822 5924 5879 5126 6169
6756 5823 5142 7623 4325 5645 2584 3762 5494 3801 4683 5611 4570 3770 5230 5997 5241 6670 6054 7192 5911 4803 4582 7641 4701 6507 5024 5181 5160 4030
6683 5425 5670 6224 7347 4711 4073 4270 6288 2103 3297 6142 3988 6539 4884 7164 7253 5007 3480 8287 4018 5531 5766 6815 5174 4054 3198 5441 3465 5354
5946 6181 5234 6026 5203 4480 4471 2582 7866 2293 3599 5004 5738 4260 3692 6973 4834 5017 4232 5633 2620 4589 4010 7741 2790 5540 3893 3732 2792 5678
4834 5896 7183 7517 6497 6974 2313 2799 8312 3997 4604 7345 4203 3812 1831 6982 5744 5371 6532 8024 5766 2501 3444 4815 4282 2919 5595 4517 2918 3143
5643 7567 4753 6935 7489 5082 5040 3978 5605 4141 3949 7153 3836 6894 5054 5901 5045 7361 6380 7117 4571 3095 5564 7481 2563 3742 4113 3893 1994 2645
5216 4100 7268 7425 4335 5706 1785 2099 8540 4116 3875 5840 4845 5934 2350 7670 7332 4981 6729 7998 3452 4967 3593 7341 3527 3858 3227 3761 2152 3810
6346 5053 6506 5794 7255 6052 1606 3657 4874 2233 4701 6273 6776 5550 3027 5109 7814 7976 6115 8289 5652 3621 6052 6169 4465 4674 2491 3291 4970 3048
6549 4845 6038 6821 6014 6915 5088 2579 7543 3753 1861 4278 3679 6514 3477 5091 6548 6957 6746 7794 3570 5277 4768 6284 4641 3934 5023 3242 5238 3674
7535 5936 7465 6706 4492 6579 3703 2896 6648 4372 2410 5405 3808 6937 3475 6854 5366 5023 6369 7170 6013 2826 6054 5849 1768 4285 5937 2997 2668 5374
6995 7079 7415 5937 6153 6685 4166 2009 5602 5215 4772 4944 4061 4496 5192 4155 6457 7777 4614 8500 4666 4916 5351 5866 5251 3418 5230 3882 3945 3782
6669 7028 7337 7108 5089 5162 3375 2185 8154 3472 3164 5093 5876 5010 2761 4372 6524 5821 4530 8254 2948 2168 5996 4944 4797 5929 5635 2667 3886 5570
5156 7156 5244 4669 5584 3624 3246 4278 7620 3007 4272 5937 6942 6486 2758 5610 5419 5952 6178 7579 4857 4839 3451 3194 3740 6081 4735 3810 5330 3845
6567 4327 6804 6143 7685 6818 1961 3135 6166 3342 3737 5339 5475 5210 4796 6731 5529 6750 5723 7163 5086 2901 4028 5149 2218 5647 5647 4106 2179 4498
7125 5143 7235 4950 6646 4206 2165 4399 7727 2893 3520 7132 5381 5147 2735 6229 6662 4628 5822 7635 5623 2522 3829 4436 5074 5311 6368 7399 1925 5537
5120 5569 4414 5416 5200 6318 1510 3353 7133 5828 2168 4887 4545 5872 2969 4192 4923 6921 5101 6681 3903 5162 5199 5017 2447 4429 3581 5413 4813 3853
4749 7537 6705 5188 7030 5852 4842 1467 7122 5516 3701 5515 5458 4884 5279 7246 6829 4486 2950 7294 2679 2122 1298 5379 4839 5164 4343 7773 2961 4565
3264 4932 6040 6584 7806 5859 3520 3501 6886 4452 1893 5689 5301 7190 3673 7391 4016 4727 4026 6473 5375 3557 4144 4550 3571 3623 6062 6165 3303 4580
5362 5770 4860 5495 5254 6591 1804 3936 6986 3276 3237 4037 5682 6425 3495 6415 1733 6689 3515 8294 4980 3991 2429 2702 4722 3306 3508 4921 2706 2151
4210 7435 6249 7210 5635 7291 2036 2391 6688 5970 3143 6299 4219 8418 5122 7316 2960 4535 5692 7945 5735 4406 4396 5173 5257 5544 4659 7306 5105 2211
5664 4129 5564 7296 4853 5940 1753 3824 6924 2470 5985 4474 4476 6181 1902 6612 4923 4573 2446 7229 3944 3093 2495 5702 3419 3507 7111 5673 4616 1912
3843 6355 6579 7094 4592 6991 2114 3518 6473 2749 5709 6546 3172 7391 4474 4710 4600 6584 3622 8042 2738 3951 3963 2559 3722 3646 4422 6154 2674 4351
4038 5485 6352 7502 5370 4672 2205 2950 5808 4480 4469 4449 5093 8082 3803 5867 4822 6174 4301 7072 5436 4595 4570 5037 3478 4758 5478 6765 4742 2239
6120 6093 5891 7641 4386 5294 2396 3853 6665 4977 3117 4554 3459 5089 6584 1972 2316 6461 2462 6977 5859 5024 2643 3222 3542 5426 5475 5746 4136 3238
6032 5141 4986 5965 7912 6619 2733 3649 4543 3237 3210 4845 4814 5268 5647 4181 4538 5480 4782 8044 4505 3605 3368 3611 3573 5309 4905 6364 2735 2127
3258 5611 5863 6653 6003 6810 3306 3164 4965 4144 2745 6661 2477 8589 5028 3762 3007 6526 4906 5930 6502 3770 4149 3616 2459 4337 4914 6258 3354 2201
5 24 29 22 93840 1.040905125759194
10 22 5 2 81076 0.9745469731143209
0 16 20 23 106864 1.0667689721294942
3 7 16 3 51183 0.9929541848080694
24 4 14 19 77511 0.9140333578439523
23 0 6 16 111050 1.0181575422513016
11 12 29 28 108290 0.9063494151464175
17 28 6 24 49531 0.9704643452946706
6 14 22 6 71019 0.997779367414437
15 27 29 16 78581 1.025485172747709
14 10 2 18 73846 1.097250511763998
9 26 15 21 32792 0.969893422637813
2 11 18 0 86170 0.9015282643541794
13 21 6 13 52550 1.0826888943556672
17 10 9 13 40033 1.0498726657197184
3 18 25 8 113084 1.05214029838547
14 13 22 27 68777 0.9773611813800835
10 10 21 24 81334 1.0281214257162812
26 12 2 25 128370 0.9743893129306164
28 29 14 19 68325 1.0674517842984623
4 19 23 24 92313 0.9958743079439477
28 7 1 12 98115 0.9917736899983671
29 5 11 15 85463 1.0979050904632277
24 14 1 4 106205 0.935982956222325
20 12 21 3 41344 1.020304589715755
4 5 11 13 52568 0.9242608271971996
19 19 27 13 56953 1.000033879399372
1 12 9 6 47590 0.9318494396470721
18 20 24 16 36873 1.0774534876194213
19 29 12 26 35618 1.0685254066867191
25 4 5 20 112813 0.9782598788823457
29 1 23 29 104021 0.9019499533027772
23 4 4 9 71188 1.0166955093397
3 23 24 0 144635 0.990052766955205
11 0 3 9 53027 1.057550974856454
12 19 19 13 53274 1.074453252296581
28 23 13 18 66394 1.021428420269727
18 5 6 3 55603 0.9298442534481687
11 24 8 8 65915 0.9043831082744561
22 6 24 21 58480 1.017443981305433
10 13 22 6 53793 0.9271361405930897
0 14 11 12 49090 1.0600828255791281
27 7 15 13 56254 0.9637816236521212
27 28 10 24 74051 0.9070628540337788
6 12 11 6 39269 1.0244141543470962
12 1 2 26 125286 1.0492955761789888
5 0 7 10 40981 0.9817815297617394
9 29 26 24 77820 0.9105500941360355
27 18 9 5 96503 0.9550426476111717
15 2 8 8 40045 1.0536753019169125
4 11 11 26 83540 0.9771078603683956
17 29 18 2 103295 0.976155821595564
8 26 28 1 131093 1.0327048042498672
14 27 28 29 47963 0.9964706142765685
2 0 27 21 146282 0.9946624463667384
23 22 15 4 85197 1.0537614927228722
28 4 8 27 124858 0.9166561074020915
22 16 17 23 48391 0.9996918910123224
10 29 0 25 51637 1.0443919380641384
1 29 22 7 138497 1.0821885147819656
2 29 19 21 83622 1.0826865796628866
20 20 12 26 43354 0.9446523119920334
21 22 12 12 61271 0.920803224880078
26 10 20 22 62818 1.0889107520232537
7 5 14 12 40789 0.997012180282532
29 9 9 27 117161 0.9722724016760004
28 5 2 23 137937 0.9313055270394828
12 6 23 17 72183 1.0915745106951458
11 3 25 11 71512 1.0523509513598848
10 7 12 25 70187 1.0241523312495298
29 16 5 21 101370 1.0391118730467097
21 18 13 2 76812 0.9484180980852333
15 19 16 4 55616 0.9631670046253538
15 23 4 3 101098 1.0809844583793673
9 17 13 11 38803 1.0755281263808445
9 29 28 18 98472 0.9382127047302922
29 10 5 12 95432 0.9335938232289742
14 7 2 23 96299 1.0073158876094246
15 28 5 8 91327 0.9789243464692743
21 8 9 1 61748 1.0791759532958425
19 7 26 29 97593 1.0754105263470313
1 15 22 27 122654 0.9030951012725482
4 21 28 24 96387 0.9851201262485134
17 18 22 27 50004 0.9491110685010354
12 2 3 24 112191 0.9438829171602241
3 0 22 14 108150 0.9290441754997085
22 19 14 6 64663 0.913790174970547
3 0 24 6 88150 0.9720876706678837
6 16 14 5 63674 1.0511789575153374
15 18 28 17 57821 0.9650672947843706
14 2 24 14 66307 0.917509723743449
7 5 25 7 58414 1.0964529830511454
13 4 21 15 62381 0.9104005516656775
9 6 20 2 50171 0.9198614459377122
24 29 15 24 40616 1.0363842406079622
6 10 19 27 104866 0.9821324442533725
1 24 14 21 54968 0.9088981749933762
9 19 2 13 52232 1.0555844522299023
5 18 12 21 40647 1.0690445260160581
9 20 2 26 49906 1.0156836261524596
2 4 19 28 127205 1.0538830613868564
23 14 18 7 42093 0.9717630528334004
14 1 15 14 40616 0.9551542465073162
21 11 28 6 39145 0.907322127017271
25 10 4 21 112581 1.0269503827321855
12 5 15 22 64409 1.0773304071721403
5 17 21 27 98397 1.0383116606135327
1 27 10 3 118082 1.0048628921715272
9 0 22 2 78604 1.0171819521752117
5 20 16 18 53115 1.0598567799496932
8 15 14 1 62782 0.9824596972578485
4 29 9 19 59298 1.0900125832110947
11 21 20 23 40281 1.031882871828668
1 2 8 10 50755 0.9353653277767839
25 24 4 3 132923 1.072986843323778
27 24 16 13 70947 0.9701775306396153
1 3 24 11 97950 1.03804786405482
18 5 3 27 122194 1.0689786145759863
9 9 13 18 50375 0.9218639434480187
26 23 18 9 70968 0.9765045809160121
14 18 5 14 47829 0.925007962179375
24 2 5 9 77797 1.013688454356421
27 15 18 18 46274 0.9450726769870446
0 20 25 11 128092 0.957682637591583
5 19 28 5 113821 0.9654837313704936
17 29 8 23 49655 1.010343862315237
15 11 26 17 63738 0.9169905745032068
14 11 13 22 40486 1.0296183437773592
1 4 6 17 71357 0.9143529210398204
6 2 26 8 79677 1.0149900610084521
26 13 5 4 92485 0.9914653095532283
1 12 15 29 104049 1.043985364121696
23 29 17 1 114670 1.0149238655515913
3 5 10 29 110627 1.0923780568397778
13 10 6 14 35380 1.020257031081953
3 19 25 2 127998 0.9501406783043944
14 26 3 24 48098 1.018194327981953
19 17 4 9 76037 1.0564896809201851
17 28 12 21 34964 0.9625539717902822
0 9 15 27 101169 1.029496605191098
29 18 26 10 30351 0.9450975771850646
2 15 13 6 73108 1.0452196260136197
3 8 26 22 118694 0.9369329645390558
19 4 15 27 84839 0.9123564726657039
5 20 21 18 73375 0.943273266962389
6 9 23 14 74044 0.9228024043696739
15 3 8 9 38002 1.0065825226139395
29 5 21 9 41756 0.9243338464233471
3 10 26 4 80006 1.0793232011201463
13 5 25 4 47933 1.0445018473076495
3 3 17 4 69940 1.0119497976285334
8 29 5 10 83800 1.004777242044788
2 12 1 23 60321 1.0090024772111141
1 21 21 25 84878 0.9806851153877023
20 12 14 26 59024 0.9106390805436612
2 25 6 8 84929 0.9263448999393548
16 13 12 27 50769 1.0595067824010787
0 3 9 22 99388 0.9089697393597099
0 13 17 25 105404 1.0258509980572537
6 18 29 13 112017 1.0230063819099677
29 28 19 6 94374 1.0825992038814096
13 19 18 3 72108 1.007704389569461
16 25 5 5 96487 0.9033798759424655
20 10 0 6 76339 0.9272375154887174
20 17 8 12 64377 0.9156455640497841
20 13 27 16 36217 1.0916228597319408
8 20 26 29 84797 1.0201453888866707
17 28 12 3 96218 0.9371375620910048
16 5 22 13 47395 0.9096342107602844
16 17 10 11 45746 1.0275500476272033
21 16 18 7 43211 0.9454779429273366
3 19 16 22 62512 0.9363629728181725
5 18 22 27 94323 0.9632434985934486
27 18 17 4 79677 0.9993237294209585
29 5 22 23 85259 0.9287939667348932
4 12 14 23 74187 0.9545787872902651
6 14 3 28 71365 1.0530219879065246
2 2 0 13 49462 0.9884668733426759
28 9 14 9 54327 1.0095139169760756
3 26 29 28 101401 1.0536125715489617
9 20 0 3 94534 0.9495046348239169
22 0 29 15 76764 0.9927682651561875
28 16 15 22 61399 0.9741684629346774
4 4 2 27 102976 0.9653233041671847
15 25 13 14 41644 0.9538692411762795
16 2 2 20 109088 0.9294193448130693
8 0 13 14 66299 0.9833082250922792
2 21 16 25 65100 1.0981808284046537
29 29 15 14 86894 1.0453139693924747
6 13 19 12 57374 1.064420060314138
9 26 21 22 55713 0.9323292407194209
17 14 8 27 66007 1.0909474373297003
18 0 9 25 109192 1.0577653034510623
26 21 17 29 54988 1.0706480923162136
11 21 23 22 46499 0.920024698509906
13 27 9 17 51155 1.0818406746389737
3 2 20 9 77441 1.0282376725410658
20 7 11 25 80736 1.045521116638618
16 11 7 4 48602 1.009325270118712
15 2 6 13 66889 0.9771528323737207
3 18 3 6 51214 1.0726486597329499
22 2 10 19 92712 1.0883363119419465
22 24 19 14 47766 0.9321128002790448
9 4 14 29 90030 0.9070670133168552
15 27 15 17 29299 0.955532376958385
7 0 3 16 72251 1.0612554760375714
10 21 23 15 68277 1.0190064672668961
22 5 29 12 40421 0.9605205584814336
3 11 11 5 43646 1.000082921204109
11 3 10 18 55416 0.9418042969141094
8 0 20 6 59371 0.9213585251080275
18 26 1 3 132257 0.9836671150021952
29 6 8 14 82039 0.9259542354759167
5 18 25 11 98636 0.9248752890200378
1 8 26 17 112485 1.0130910662823456
8 24 29 13 103975 1.0997009269078406
6 26 11 18 48148 0.9342311800295022
22 12 16 23 61919 1.0997088267510675
15 29 22 6 91108 0.9642233849330537
14 26 3 4 99067 1.0876342198407036
5 28 17 25 52383 0.9082388835306876
4 10 16 19 76646 1.0498529905509348
16 28 27 20 65380 0.9693079628550728
26 10 15 14 52374 0.940932585078627
1 14 15 28 92267 0.9864534063078226
0 2 0 20 88017 1.0941400036132922
14 17 13 4 44943 0.9632504229688581
29 17 1 14 111647 1.0783759960210686
27 13 10 3 82977 0.9435125132350406
28 28 8 16 110147 0.9814422209365214
3 29 25 13 124204 0.9389242960713321
18 17 8 12 52970 1.0701002086482019
9 20 19 9 69037 0.9058657209690578
7 28 23 7 110845 1.0578324377614556
3 12 22 23 104529 1.0132139655898458
21 0 14 5 46359 0.9230901896345041
0 1 18 24 133746 1.0214219481230038
19 14 19 0 56529 1.0907628459461909
13 21 24 13 64013 1.0715417842945993
17 7 28 18 65749 0.9110648115577895
5 11 0 0 58152 1.0558928937773406
6 0 3 21 98036 0.9542140662757628
0 26 20 3 144701 0.9789882522018611
7 27 11 15 54115 1.0128969394278342
4 13 5 27 67576 1.0100163617586109
19 5 13 15 46550 0.9711792214825389
23 9 7 7 57309 0.9256263619263666
2 14 17 28 96490 1.0609593376518123
12 8 24 10 50577 1.0968289588834084
7 10 15 2 48179 1.0931165231469322
17 24 22 10 64045 0.9065580497022451
6 21 27 0 132269 0.9044394664105676
6 18 27 2 119345 0.9993513504120214
0 8 20 9 75479 0.9937521588655225
22 7 21 27 90620 0.9316952765914412
8 18 21 4 88496 1.030805973000843
3 11 22 10 70842 1.0146853662860553
13 13 0 20 79195 1.0229402739437508
21 23 0 6 123045 1.0707714956354
26 11 2 11 97461 0.9886643061450311
6 20 8 0 89344 1.05630292009878
27 11 15 11 49911 1.0028844540130342
5 22 23 7 107963 1.0611690192291894
23 24 3 21 85504 1.0177910541219826
15 26 14 1 77216 0.9398864573870178
16 3 27 17 79121 1.0246164782292204
1 7 27 8 87740 0.9335973641279615
18 13 3 11 67766 0.9667641591589503
18 15 28 22 56105 1.0606574432808356
19 25 17 17 40223 1.0310929479351945
8 24 1 10 79744 0.9550318434234794
14 27 20 17 49948 0.9955610511765031
23 5 12 15 63874 0.9313504588047506
0 17 15 7 86967 1.0924995540490454
8 23 25 26 72218 1.0018250461581406
3 25 2 10 65296 0.9025042286991373
20 24 7 3 105656 1.0799070020687551
26 10 20 23 67569 0.9060087023999199
19 27 4 9 110135 0.9334324405099099
11 17 10 4 50481 0.9235330859593482
24 13 1 9 85657 0.9533393769406786
3 4 23 26 132576 0.9283879332183508
11 24 12 0 95803 0.9686246852253748
6 17 13 20 46236 1.0320088866446206
26 8 21 22 65646 1.0322489763121248
19 17 25 6 57087 1.0413563712403624
3 1 7 13 60291 0.9378977029353173
25 7 14 7 32925 1.0550558640899326
15 22 9 8 64507 0.9573884755471148
28 20 9 14 83414 1.0117726864718057
29 27 26 1 92850 0.9804185517952332
26 14 17 19 52176 0.9435733761321289
23 2 8 3 78655 0.923087635466475
28 8 25 20 43593 1.0221240341979507
27 28 17 12 85631 0.9235344967533553
15 20 28 17 59367 1.072909007371245
22 20 4 6 99305 1.0027512215264927
14 26 15 3 69889 0.9895477068010738
14 4 19 18 55506 0.9537929995627724
26 19 28 9 33802 0.9141933317159102
6 8 19 26 107790 1.0555822216404833
24 23 12 24 49340 0.984131363740133
1 2 8 15 71044 1.0732093934684135
28 3 20 1 49506 0.9228927822813594
7 4 1 16 67025 1.0116595584413388
18 16 8 4 68319 0.9772512829399824
22 27 9 7 101395 0.9437699363071694
10 18 15 10 41161 1.086679321090166
27 23 2 17 118043 1.0368002225228161
16 22 13 9 52804 1.0106185162688206
28 18 0 24 117675 0.9105250814955579
27 1 23 13 58155 1.0369108611303104
26 12 8 11 72370 0.9871179553741682
0 27 28 15 134937 1.0382513596344372
1 25 25 23 98728 1.038222027296471
17 21 25 13 54846 1.0591889777973782
13 3 6 6 39790 1.0583383371660906
11 16 28 24 86836 1.0338771969192266
17 13 0 21 86986 0.956787115758614
9 6 3 2 34810 0.9998991723216787
4 18 19 16 77814 1.0375214515675346
10 14 1 28 80712 1.0398623649536296
25 29 19 23 39859 0.934178319913643
3 19 28 9 125873 1.0040626356827314
16 3 6 29 111802 0.9315663263903164
13 29 29 1 126289 1.0189915014531288
18 15 9 23 58691 1.050837232752333
9 7 3 22 78190 0.9273562075925782
7 6 6 29 96717 0.9462386193482903
21 14 18 29 73338 1.0413744956126318
21 28 17 4 96265 0.9247641494348989
11 14 17 8 41533 0.9706987952510389
17 7 21 26 80270 1.0453498215018306
0 12 12 13 59799 0.9598390454574559
10 20 8 2 70303 0.9985912517253548
22 28 28 13 63259 1.0096390803847521
15 1 21 27 109058 0.9851870435730417
10 18 25 5 80740 0.9674161620660224
15 15 12 24 32862 0.9922057884157836
5 12 23 6 69675 0.9651020561044649
17 10 5 17 66252 1.0791031027408138
17 22 6 3 95462 0.9928640398894031
19 0 25 21 93149 1.095742273049543
26 13 10 26 96559 0.90891739158507
12 4 20 13 52718 1.052242183690097
15 17 7 10 51240 1.0057295492876348
19 19 7 1 90842 1.031357180169407
24 8 22 18 43667 0.9842548567847302
13 19 17 10 48262 1.092952630123406
9 1 1 19 100245 0.912518620962495
29 21 21 4 76679 0.9889350480454626
10 10 14 24 57183 1.080744035128045
4 21 10 0 92745 1.0982971380712192
20 12 11 24 66359 0.9330047129577098
22 19 18 11 38827 0.9617153499664935
24 18 1 22 101992 1.0340026241991391
3 11 23 16 92494 1.0216291253025551
6 8 13 18 67559 1.0330500359779111
26 27 29 9 68692 0.9186320270255978
3 14 9 10 37950 0.9216634694704683
9 17 6 6 54600 1.0107909322984594
29 23 21 9 69365 0.9842499452737894
1 17 19 11 89847 0.9153219215697198
21 16 14 22 47002 0.9489979742805392
4 8 9 29 96225 1.008394096169667
12 26 15 11 52664 1.0424574947905616
10 16 22 22 60064 1.0719757030732535
28 8 1 28 149225 0.912858260085488
1 14 17 25 96017 0.9590138519032753
28 9 8 20 105223 0.9530336582097817
1 26 16 23 68464 1.0736594457498754
11 17 22 15 59333 1.0199648850617797
18 28 1 27 65410 0.9478475043123344
29 12 9 11 78395 1.0100166013103418
8 28 2 24 35967 0.9160637828977186
12 3 10 26 95207 0.9287296390706734
7 9 18 28 92853 0.9474345949817968
1 15 19 23 104269 0.9243084112807082
11 25 3 18 58529 1.079029476967779
7 15 6 0 65605 0.9365149866093805
12 17 3 15 48749 0.9340501795110905
9 6 16 21 64021 1.0068096564701565
6 22 16 4 90197 0.9333289152232436
29 0 0 2 121427 0.9393672483021929
28 28 11 19 89434 1.0764058869351287
23 9 11 29 98176 1.0773570650199313
22 9 24 0 46192 0.9578858932852696
8 18 15 11 47729 0.9119773424384877
2 9 17 17 77712 1.0037459276759122
11 2 27 0 90005 0.9552013415249085
16 4 7 20 83661 1.0599551435606038
16 2 29 21 96611 0.9204877813867285
11 5 5 15 54800 1.0938715082197585
23 2 10 5 59908 1.0013654437775
22 13 22 0 63391 0.9116331950924204
15 10 1 24 89839 1.0426703513953717
9 19 18 16 56149 0.9394205533354305
22 25 12 21 46597 1.072752035002554
27 28 26 10 64671 0.9099017584725442
7 0 21 29 130884 1.0627305732811476
17 16 2 8 75537 1.0464597480125342
10 9 25 3 60059 1.0694713766613804
24 24 21 14 47544 0.9268211396538674
11 12 26 2 73938 1.0488636807436302
13 25 23 18 55227 0.9791778641952891
11 26 28 0 124386 1.025551141164255
3 23 2 2 83186 1.0237621240199006
8 19 13 11 49247 1.0291281338521712
24 3 12 19 93857 1.0461577330230982
5 25 25 8 116926 1.0273602553101622
5 7 6 26 87567 0.9596467459741024
24 24 3 10 115622 1.096863492870088
5 8 22 9 65500 1.0884301343726859
8 18 29 2 111598 0.9985074224525571
16 8 2 0 68043 0.9485512712217448
10 3 29 3 74820 1.021678145842356
25 4 15 18 75066 1.0826869121694933
22 25 5 12 102210 1.0182933548448676
7 16 18 11 56212 0.9633894940022764
14 0 29 8 66317 1.0573973166334802
4 10 8 19 50318 1.0920946123580717
22 0 10 25 121854 0.9246237560247021
18 29 28 16 68569 1.0670678464002592
7 24 10 11 55303 1.0178316859207608
27 13 19 3 60276 1.0695823471117747
27 27 4 11 138086 1.0967350918818621
0 22 1 8 71949 0.9138202309239964
11 26 28 19 84223 1.0751714733630877
8 19 3 6 62963 0.9530577088335291
14 18 4 27 64693 1.0813580098994207
10 5 22 13 63301 1.0337037672081555
2 15 11 2 79789 1.005110666261761
25 14 15 1 71646 1.0926035375270902
7 23 29 26 92087 1.0379457479790637
11 28 27 7 113243 0.9669555477963998
18 16 2 15 69677 0.9969611053789943
6 13 27 12 89600 0.9293452123692991
25 26 24 2 92876 1.0402832498315013
16 8 6 28 91522 0.9918240754864049
27 9 5 23 122711 1.0054102187235883
6 6 21 2 68035 1.0778164779288886
9 0 14 28 99538 1.0609442468559382
6 29 18 18 70621 1.072338412467643
29 2 7 9 83015 1.0322423885929677
4 14 0 6 44338 0.9240641786409995
20 20 1 23 83036 0.9627690727268287
19 17 24 26 50444 1.0305594486867373
9 20 0 22 42613 0.988515434402675
27 28 22 14 67996 1.050950712603111
12 0 7 29 118842 1.0247857188167395
19 3 13 25 83641 1.0552850187912721
3 14 19 22 82751 1.05455588361382
9 11 23 17 75984 1.0573228145980318
6 15 29 15 91974 1.0571016001453617
3 27 25 11 130000 0.9850287200981955
12 22 0 5 98412 0.9553524226569676
9 20 6 0 83891 0.9885171758709783
1 20 11 23 51676 0.9839737111896103
4 23 6 13 59320 1.04846831432871
24 4 9 27 113533 1.0842249716781802
23 20 25 6 56161 1.0911590198863699
15 26 11 15 51216 0.9004837084131624
28 11 1 7 99731 1.0593321027513563
18 8 28 6 29589 1.037938715664791
5 14 26 5 87527 0.9017237285373195
5 15 13 21 54903 0.9821710020874606
17 28 6 17 77562 1.0075399852677007
11 10 5 29 87148 1.076936240691036
22 12 5 16 76235 0.9311253044452962
20 24 2 21 75768 0.966635447123424
18 8 6 20 82878 1.0952552649005693
22 8 2 28 125474 0.9778250673659359
21 26 3 22 86555 1.043673324609884
24 12 23 28 62983 0.9346851025111169
28 9 6 21 112799 0.9088099964420795
19 8 28 18 57452 0.9892911016456222
23 21 25 13 36630 0.9929957639989979
0 11 18 9 70885 1.0668412871426967
18 11 28 14 49700 0.9359702631529743
2 7 9 11 34795 0.9889794366097329
18 21 25 0 88209 0.9479210921231691
24 29 23 12 64751 1.0460395764805053
13 2 5 27 115221 1.042358384976509
3 24 12 15 65877 1.0858211218017804
22 27 26 13 64103 1.026830411167295
6 28 2 13 79289 0.9651591773185235
15 16 14 5 36598 1.074525047310644
9 12 23 12 59293 0.9650922781950942
14 20 0 29 78381 1.041683760177129
28 16 7 29 105072 1.0325451445008191
5 25 29 10 122512 1.041121773782471
12 1 22 22 100801 1.025626405878814
12 6 10 14 35176 1.059556466957615
26 13 20 20 51768 0.9511427669219572
1 20 26 20 101295 0.9150601124104877
14 15 22 23 52924 1.0059507639383707
7 28 13 14 67480 0.9058994497286638
23 16 6 21 80631 0.9537879222308666
12 13 4 18 52034 1.0175102992468088
4 0 11 17 87082 1.0841575182640781
12 19 23 12 70597 1.013652230778017
25 8 4 22 119135 1.0985708484558239
25 12 7 12 74149 1.0339201447425606
20 16 1 29 111035 0.9644830083856216
24 28 14 17 66273 1.026155237360107
3 8 11 2 47674 0.9409221739089453
22 12 8 17 68924 1.0969471757849556
0 19 11 1 107022 1.074069393909081
4 10 3 20 47841 1.0492328191167404
29 5 9 0 83310 0.9689397614552584
7 0 21 19 101891 1.0251397280496413
29 6 0 4 96942 1.0731656373138758
22 24 13 27 40435 1.0886139379077133
13 27 28 9 99726 0.9396227611714956
21 6 2 0 80336 0.9103854129464418
28 20 7 10 100812 1.0916284605248667
11 11 9 27 65674 1.0473746382665516
6 16 7 7 47155 0.9264224908556788
12 29 25 10 100151 1.0375551213215402
1 15 25 16 102408 1.041193502456549
19 18 28 10 52914 1.0312446742834396
12 29 0 16 95983 1.0928308394362332
17 8 8 13 51996 0.9119429206386478
0 22 22 9 120579 0.9205264543826376
12 20 19 3 79584 0.914391893483131
10 16 23 3 81128 0.9696840428378162
23 12 14 20 58581 1.06692725299824
5 2 5 29 115299 0.9696077905070513
21 12 14 8 35047 0.9034902624194432
1 21 27 21 97660 1.0251806781015038
7 8 3 25 80704 0.9252918802159508
23 22 18 16 37567 1.0575727513659496
17 27 12 4 88192 0.989090000848962
23 29 29 12 64731 1.063135465194012
18 15 6 8 63359 0.9287168134345598
9 22 4 27 38876 0.9658373764213449
13 22 6 7 74627 1.0532440688288038
15 3 10 17 57682 0.9935737606422613
13 24 18 13 48224 1.0855003293749668
14 14 28 21 69373 1.0795513847223495
20 8 1 23 117747 1.0248756507058876
7 23 27 3 123657 0.9841507077760292
9 7 6 29 90453 0.9933925180279016
5 15 19 14 52571 0.9273206974019823
16 2 28 10 61586 1.0859346196042325
1 3 9 29 122603 0.9575749892549714
6 20 23 20 70182 1.0966110942501188
6 27 28 19 102266 1.0354942010502428
2 13 10 28 85783 0.987488522372102
3 26 23 22 89399 1.0501846550449612
21 22 11 15 60821 0.9630656371168245
29 27 14 12 92591 0.9526164691352275
2 2 0 25 102374 0.9811471525922814
1 20 9 9 75843 1.0277208742128592
28 2 29 25 74750 0.9955740161724652
27 19 0 29 132096 1.0834533360322123
8 19 26 26 88026 0.9899185321546877
17 15 3 13 61745 0.903147968713692
16 24 0 2 122834 0.9089716099837337
6 19 8 8 52890 1.0798943084273205
25 29 8 23 73028 0.9698790046859264
19 15 10 21 51278 0.9230530095200193
0 2 28 14 129188 0.9145726979080572
8 21 27 24 75390 1.0433832102007625
14 21 25 27 55821 1.0297217729467647
18 19 3 15 72273 1.0972460208377792
13 19 0 8 90974 1.0236329152899688
0 24 28 14 123861 0.9893194150262304
14 1 20 25 92071 0.9113544864298148
15 16 22 19 41203 1.0501066996772104
22 26 29 0 103910 0.9197454802790581
29 15 9 4 94870 1.0106275606727155
12 12 9 0 50324 1.0721485439128595
21 26 5 0 137142 0.9313515153425038
22 17 23 5 53077 1.0294933268480924
3 16 28 8 114853 0.9175632452499525
26 23 20 14 51595 0.9536968370595171
22 12 2 4 89709 0.9003594631775148
29 23 13 15 79933 1.0577190451042968
15 0 24 14 76880 1.060783091314853
1 24 27 11 133505 0.9903308968934239
21 21 13 4 77202 0.9510085545987932
24 26 15 14 65890 0.9944358093604528
9 3 29 20 115966 1.0575848639453849
4 21 28 19 102186 1.0208120479673757
13 25 4 6 90865 1.073416277021288
20 10 27 18 50203 1.054630939052942
23 29 2 23 95816 1.0009053071844283
24 15 11 1 88862 1.0244093684131743
23 1 27 14 62650 0.922128146327296
14 19 6 15 54965 1.0867041984299681
21 11 13 13 41108 1.0333304125272662
7 28 17 18 61177 0.9921662384474929
25 4 12 17 80724 0.9148301828972519
25 19 22 7 53329 0.9129402062579899
13 10 20 18 49150 1.0499030769061333
13 12 24 13 49141 0.9796946165683648
27 22 8 7 106257 1.0277806561285332
0 11 27 19 134303 1.024980620469794
0 5 21 4 86285 1.0425935013327978
12 22 23 3 96618 0.931995923135103
28 23 10 26 77048 1.0437042489600712
3 13 27 26 127607 0.9721942644835594
0 23 15 24 65017 0.9066304110516734
24 12 28 5 33987 0.9091668986437877
9 9 28 23 103233 0.9417650471668197
1 0 9 16 82934 0.9785550384867099
26 10 24 27 61818 1.0791098815971643
17 3 8 22 91146 0.9622538098421922
10 14 27 17 72744 1.025456048492448
8 26 24 11 100184 1.099732340224658
7 28 27 4 128111 0.9778678731841564
26 4 22 11 37096 0.9141719532127729
17 29 5 7 104387 0.9725980520341024
12 10 17 3 40119 1.0248411917591425
1 26 21 16 108775 0.9443133249738856
26 25 6 24 79320 1.0185773177288693
29 24 5 11 123263 0.9736555578896854
29 7 14 10 53056 0.9324964689160221
22 26 15 13 66719 0.9310308577566495
16 13 6 5 55856 1.0565564777666054
4 28 14 11 84558 1.0425490539493802
29 25 23 11 59954 0.9324870706594013
3 5 26 18 113447 1.080835428500652
5 19 24 17 92431 1.0311363653264762
18 0 16 11 49213 0.9497324881381312
12 0 17 26 103959 0.9793183629949707
23 18 6 22 77131 0.9773931711392988
0 24 15 28 65889 0.9548897183173952
8 11 17 26 82973 0.955126709778073
29 24 5 22 96752 0.9392844114838719
18 15 29 19 54990 1.0410797737251967
6 19 14 5 76602 1.0009532403785844
13 14 20 28 66767 1.0610399983505512
12 1 27 12 84171 0.9972349659594848
24 18 8 18 82132 1.0281689673658483
27 9 19 11 37745 0.9221061904056421
10 11 22 5 49713 0.9108693461436691
16 18 25 4 73254 0.9013630471899127
1 15 15 11 67241 1.005324471954275
22 15 4 24 96227 0.9346164963328024
5 0 27 5 92775 0.9894126041299564
19 11 8 18 62287 0.9561398168366502
17 13 27 4 55700 1.0352878210403107
25 2 10 21 102481 1.0380876871409723
8 18 10 5 53804 1.0183226195415926
8 17 19 17 61829 1.0803448086311915
25 2 28 12 45344 0.9625602846142827
0 25 25 12 130546 1.0423318211946613
29 1 9 15 99243 0.956140671648357
4 13 7 22 48934 0.9930134476615218
15 9 12 22 51728 1.0492935426867869
5 25 29 25 96363 1.025616165908441
28 4 22 17 62969 1.059375268618894
21 18 20 3 63759 1.0033671590520716
6 25 6 3 97909 0.9007032875070234
9 6 18 5 31642 0.9786516776475542
2 7 1 17 46212 1.0541354711091906
6 14 22 16 63162 1.0420449205673832
11 20 11 7 51555 0.9213254681806385
12 21 9 12 42792 1.0698198957775475
26 23 16 22 38182 0.9618987167275872
14 24 26 2 98431 0.9620561585293526
5 21 13 13 58111 1.0860987886978255
29 6 2 19 127279 0.9769104779936892
13 12 21 14 34804 1.077178722612566
5 20 26 3 116700 0.9692981171156465
15 4 16 23 68446 0.9003135582324899
3 7 17 22 89724 0.9670410747017854
1 1 22 26 145230 0.9545915979152431
24 1 1 6 96612 0.9779606020932448
15 9 28 27 96859 1.0152155098837863
20 9 8 7 45821 1.0555477676325629
16 28 16 9 66366 1.0241150461741357
23 3 0 1 106172 0.942541278564079
5 11 9 18 42698 0.974718483467312
16 15 2 4 78666 1.0120692378033884
7 2 21 15 84038 0.9175033790975602
6 23 19 13 81945 0.9737519990744119
25 1 29 22 82668 1.0134379600556245
16 28 5 16 81971 0.9890629232936828
3 24 26 7 130325 0.9906151045248436
5 17 28 13 102377 1.0588661650916866
12 7 29 11 67204 1.0759665199927249
11 22 15 6 67384 0.927836186374921
1 16 12 20 65921 1.0006691090989075
9 14 0 7 60702 1.0631727271716627
16 27 9 2 98062 0.9748151299425765
27 14 2 16 109525 0.9689113189550993
19 1 12 18 82343 0.9653657968509853
13 18 14 0 59147 1.052604977707068
1 26 4 18 45311 0.9879888406490767
3 27 15 24 55758 1.072837646548091
0 19 1 8 56386 0.9170160292320264
6 7 28 13 84864 0.9163078178679481
4 10 16 13 54775 0.9661199606288768
10 28 23 5 109355 1.066430298322071
16 13 23 24 61330 1.0448893879988912
28 0 2 29 165510 1.0651171817909177
10 14 26 2 81961 0.9822608809228903
12 6 22 28 97875 1.0974502589695547
19 24 2 25 68638 1.028446422332515
5 12 27 28 128709 0.9706739374087612
4 23 4 5 84443 0.9029395687355343
21 22 1 16 99070 1.064003738510026
7 10 9 22 53098 0.9594559409526882
13 16 1 3 85872 1.0080226416465856
4 28 19 16 86149 1.0038906043475808
11 11 16 21 48884 1.0464347108955516
5 12 7 23 54717 1.061864405235496
21 0 4 1 98166 0.9734729958944044
28 7 9 25 114654 1.006019536799959
29 29 23 5 92576 1.0581140137859917
7 29 28 26 86924 0.9084016964932402
3 9 2 21 53655 1.0173101536465374
28 21 16 26 61236 1.072097015326466
18 2 2 2 79357 0.9864213264671235
16 20 19 10 41611 0.9909165579024175
4 29 5 20 45840 0.961929825449349
17 27 13 8 73451 0.9916991183518318
10 22 6 2 77848 0.9901350889927724
4 6 16 7 38972 0.9585807236759609
27 20 10 2 109120 1.0725097602594467
25 23 25 13 36369 1.0637651650081268
22 10 1 5 81876 1.0043557812293609
21 20 8 0 102738 1.0250595777286773
19 3 0 10 75597 1.099400446989394
24 2 29 14 61718 1.0608599742759908
6 29 16 23 48338 1.0413216447174705
15 11 26 10 43924 0.9270150482120005
26 8 12 2 65024 0.9003693058689086
11 1 22 26 119066 0.9851236336425065
13 4 2 2 60479 1.085983026943507
9 10 13 27 73500 1.0596082738784327
19 28 11 5 95666 1.036592801870308
29 12 8 21 99264 0.9668688590913318
4 14 19 7 74491 0.9022497518891024
27 14 17 22 62957 1.0416859235421558
21 12 5 11 69381 0.9862637413796926
6 22 19 5 90601 0.9931016973572502
29 12 22 29 66942 1.0252806874261657
27 17 23 8 41945 0.9330904626930792
6 3 22 25 120035 0.9881425038770442
12 27 24 25 53210 0.943858280198931
11 26 10 8 67922 0.9606467200017752
11 11 9 1 40738 1.056595446281957
1 28 9 18 71151 1.064369858775312
24 18 3 11 102318 1.0299865027105122
23 23 23 11 50979 0.953682094404771
19 26 18 10 61948 1.0688686631715503
26 29 0 11 149095 1.0217974682160378
24 1 18 6 39130 0.9429035746832938
21 28 26 4 99191 1.0445789300323818
26 2 0 2 110843 0.9470000016323272
16 22 11 8 60862 1.081756737056787
11 28 28 24 74823 1.003706604327509
16 4 26 18 76386 1.0576100069518188
20 3 5 4 66300 0.9168022857758376
21 13 5 13 69712 1.0838069550857463
10 9 7 29 77808 0.943337307490158
24 5 17 22 70572 1.0696497486057963
22 7 25 28 84786 0.9278781038021118
0 2 8 29 126530 0.9742184072587028
3 11 18 27 110556 1.0937228031999036
21 4 3 2 82317 0.9255043269705864
24 29 17 5 98734 1.0944389091399969
29 24 8 28 85110 1.0947934128469177
17 2 26 15 72837 1.0437837383307917
25 27 5 28 75955 0.9164926650547082
17 0 0 11 92125 1.029271993024144
10 20 25 7 86312 0.9897270033272256
21 3 27 18 69528 1.084069011032252
23 7 6 14 75700 1.0914019036555118
29 8 29 28 67508 1.0085287321199454
25 16 10 24 77433 0.9400015989763033
25 9 10 8 54858 1.0606767489166637
5 0 6 12 50266 1.012339993033594
2 29 27 15 131748 0.9261864774994034
9 20 21 16 66937 1.039004272766892
0 0 17 28 141306 0.9083963534460997
23 8 18 18 46083 1.041550317877968
6 5 24 23 110631 0.9586693280458919
16 10 20 17 39261 1.0837974535251038
5 27 4 9 84661 0.9267053453584928
18 19 2 26 80677 0.9055906643743074
22 3 15 24 91823 1.0173207314696198
27 18 17 3 82413 1.0993653592904251
25 22 25 2 75659 0.9492344958654035
8 4 20 5 53228 0.952540323488438
24 12 17 3 52962 0.9171913208056391
16 23 3 1 111771 1.031841405330544
25 0 24 19 75378 0.9647730119702758
2 12 15 23 88557 0.9098527019350584
28 16 6 6 96199 0.9904639640595353
13 4 15 19 52963 0.9674022342832309
16 5 5 26 104775 1.0057886613705247
19 19 22 8 52196 0.9917808894190681
3 8 1 18 49631 1.070368980577682
12 28 15 1 92850 1.0120160674173624
19 11 10 10 36654 0.9147399850327481
4 13 16 21 69750 0.9870024947456211
1 2 15 21 102386 0.9362969724787222
14 20 11 9 46255 1.0489781231384754
5 6 13 20 77018 1.0605979815442508
6 7 29 21 110710 1.0608358594385998
1 18 27 11 126880 1.0422264422545988
6 7 9 15 42827 1.0360793760535651
17 9 5 23 87928 1.0221094679227931
23 3 9 21 100435 1.0175966603385436
6 4 18 28 108624 0.9235742930375402
15 9 28 12 53347 1.0926804446968474
19 16 2 0 101060 0.9924553594688929
10 19 4 28 53677 0.9262550886885846
29 19 23 4 66654 0.9651593118672147
23 20 8 15 79441 0.9724429847764482
14 5 0 17 89793 0.9510977398989637
24 10 5 19 98023 0.9632121433275519
4 26 6 18 48516 1.0897459511461778
8 2 21 17 93662 1.0763289989960365
20 29 12 13 78501 0.906449857186557
5 13 2 29 79293 0.940524761721854
4 23 21 25 74152 1.016019511783783
29 16 22 4 55729 1.0827293844574037
6 18 26 11 100858 0.9473771296831625
7 4 9 15 50824 1.0970164551633577
17 17 8 21 49291 0.9933313357819317
20 27 29 17 65167 1.0841917083276453
7 8 0 22 81641 0.9374094130315256
20 19 7 29 71733 1.0899769364644065
27 20 2 11 129388 1.066801049382896
24 25 25 4 79678 0.9478049747590738
9 14 27 5 77063 0.9097746133408728
19 5 3 17 89596 1.02844636412814
10 13 10 26 49340 1.010294602224056
19 21 29 25 43946 1.0642575941751027
23 28 14 4 100162 1.0238760839236685
14 7 8 15 45968 1.081465763788378
13 5 27 23 103145 0.9237487293000585
4 13 25 7 84579 0.9970925043158058
15 5 3 23 99384 1.030254475975656
25 29 12 16 82721 1.0684742631575461
1 15 28 29 140217 0.9884408420305021
3 19 22 8 107684 0.9586075010192691
17 1 21 21 81920 0.9570253292161284
7 26 26 10 115256 0.9076739856760997
5 10 8 22 58312 1.0583659358842339
11 10 29 19 84061 1.0829812889084416
12 24 26 12 85027 0.99552615651158
14 4 23 21 79446 1.018979086752188
13 28 21 5 93294 1.007572155796905
6 12 10 22 49469 0.944967834807366
28 14 16 22 61338 1.0082909618192266
28 8 7 16 99298 1.012961757184013
25 14 7 29 103785 1.0826210862651195
14 18 1 27 79173 0.9812569665410751
7 14 26 2 91196 0.9042506925549632
6 27 23 0 141020 1.0616459770666618
22 24 28 5 79547 1.0312805350598662
11 4 12 25 82826 0.9800921106902694
15 27 10 3 85352 1.0404526393962148
25 19 26 5 55144 1.0978819074948012
17 26 16 8 72300 0.9064386803650596
24 7 27 28 82468 0.9337130505886195
14 11 2 21 74031 0.9682239912745191
2 22 3 3 82174 0.9309174935284164
1 20 26 23 100812 1.0354390402995675
12 28 23 10 83639 0.9519761751882393
4 28 12 13 81005 1.0737946347406313
11 14 29 3 85883 0.9763159372675957
26 1 7 3 85715 0.955597837341784
21 3 1 12 94508 0.9122531272642415
24 24 12 16 67007 0.959461555080726
23 13 15 7 43434 0.9732570837768685
10 24 1 14 67283 1.018305659693326
4 2 21 21 114480 1.0312759709805843
14 8 27 8 46913 1.0816883765468328
16 22 11 12 48754 0.9707014188144905
20 11 3 11 68948 0.9674994089734614
3 21 17 18 64748 0.9989466259328652
2 11 25 27 138224 1.056113592599404
4 21 17 19 62124 1.0105231621737107
17 15 13 7 39368 1.0393834672229385
8 0 27 25 139362 0.9162720897516027
10 26 4 14 68082 0.9412899744287044
16 5 27 20 82547 1.077523594484635
26 25 19 5 89566 0.9868362479470373
14 28 3 27 44227 1.0778448974497639
18 11 3 16 72224 0.9726228991907216
23 3 16 17 71219 1.0761679210430952
8 12 18 9 44888 0.9062282843049091
28 8 5 28 132098 1.0310827808476275
12 12 25 1 74490 0.9880865671753922
6 20 29 20 94805 1.0093490365961033
9 23 27 17 89031 1.018873742385553
24 1 6 22 124970 1.0331474163501941
9 25 27 2 127158 1.0209714704759472
28 25 28 6 58883 1.0108445360542913
17 29 28 19 67921 0.9621559193962435
20 11 27 6 34797 0.9207939163519205
0 27 24 2 163580 0.9036860942601145
26 8 2 29 143526 0.9147141414663701
4 22 28 16 105654 0.9850711050179592
9 21 20 27 60883 1.0668719021654174
17 9 21 0 46944 0.9615186642058942
13 16 22 21 47923 0.9248371459052435
24 23 4 4 120155 1.065051895581519
22 19 4 2 113145 1.0503255373785598
11 25 15 3 79868 0.9262151187353092
5 28 17 26 48128 1.0800931329217185
26 4 10 7 49523 1.053211370214394
15 4 29 0 63170 1.014336789524776
3 17 20 11 85457 0.9269868940634741
24 2 10 0 76999 1.039708211389713
15 24 2 4 103474 0.902312039253619
28 20 29 10 30520 0.9931573241111028
16 7 11 26 73989 1.0940448855470317
5 16 10 10 38662 0.9277450399940016
12 27 24 9 88992 1.078124633465165
6 18 11 12 42012 1.0492396359915914
26 6 16 11 44228 0.998349646363419
6 18 2 0 80074 0.9616678711997465
12 18 28 19 76146 1.023223638745629
14 28 17 0 99606 0.9425425195927609
29 26 20 8 81953 1.0312720732078586
0 12 10 17 57640 1.0255180073839174
26 14 10 14 58938 1.0310269762234048
14 2 0 27 131231 0.9236713068842921
3 19 17 9 87313 1.0663869929736083
29 16 23 28 54685 1.0228018156319416
6 11 22 15 81002 1.0907615305540612
3 6 20 7 54288 1.0362648569490016
22 10 0 29 130736 1.041830008689308
27 8 8 2 79422 1.0440082534316715
22 3 11 6 49346 1.0659837413106497
26 3 2 16 120720 0.975961418844889
11 3 16 18 68407 0.9965784182966722
21 18 9 19 65046 1.0898111118802274
19 11 23 26 70537 0.9468734533184728
19 25 16 5 79414 1.096671419604085
2 27 13 28 44929 1.0287286667751177
16 20 13 7 48960 1.0866589525950798
21 15 29 22 53347 1.0528830481503297
13 4 18 10 33710 1.0806276070711787
5 25 3 9 76777 0.9118636438969318
27 11 4 25 127449 0.9231263031686854
29 14 4 24 114897 0.9490546023740452
3 20 16 18 62490 1.0078590154202762
14 29 22 0 117139 1.0396586183632297
28 25 20 11 69853 0.9015221531719477
21 22 4 10 97590 0.9914555252268641
27 20 4 17 112307 0.9500463893948011
14 26 9 1 89263 0.9992107631166672
14 26 21 18 45454 0.9935008318666033
8 28 22 22 64327 1.0753057628075453
2 29 3 10 85124 1.0603234368285408
24 18 6 2 107179 0.9241819816668987
7 17 25 29 100519 0.9807518365524225
17 6 13 0 32841 1.0819732754053748
18 15 16 23 35689 1.0213795316502936
6 17 20 12 72062 0.9200090127954101
14 8 28 7 44326 1.0735167795011762
2 15 28 5 112029 1.031997326626499
26 22 0 29 116857 0.975713131764429
16 1 25 28 116180 0.9080225217847258
5 20 25 11 104442 0.913954240635443
18 23 13 11 56181 0.9102486055360053
6 9 25 19 96056 1.0249250072130538
28 8 24 17 45080 0.9262240402941426
24 16 18 27 63827 1.024837533479252
24 15 18 19 38230 0.9915033107143059
20 4 0 14 95198 1.087076496144896
12 2 28 9 74233 1.085223144625368
9 13 19 8 54094 0.9071828294532737
7 20 25 17 82798 1.0990730693329602
22 28 22 12 65706 0.9710740079629572
18 7 16 16 41071 0.907446808539045
10 4 21 29 110132 0.9160878230974148
8 26 19 9 85841 1.002529571298939
26 8 22 26 76523 0.9514027917150345
4 16 23 13 84902 1.0300023461125487
27 25 13 6 103987 0.9598394133522306
17 2 24 25 102425 0.9199047856816094
4 26 18 8 104712 0.9915946922487918
13 11 2 28 98167 1.0480109517679548
4 28 19 8 107439 1.0914968566079848
26 14 6 4 92728 1.0890125158457167
14 19 22 2 83825 1.0103412185054224
25 13 7 17 82373 1.0565722229071572
18 0 4 29 136609 1.0379587547998268
24 15 14 24 63785 0.9170105834631341
20 19 7 22 57957 1.004027146358373
1 24 29 12 129530 0.9892236039820406
17 20 10 29 50619 1.0645584077055503
26 25 26 15 43122 1.0261078871648692
14 27 0 24 61013 1.047801474981993
11 25 0 9 92286 0.9843611522336391
29 17 7 6 99648 0.9943528346866739
3 20 29 22 102566 1.0053581778722627
23 25 23 14 47072 0.9706912204142768
13 22 9 3 83534 1.069422994166397
