5195 4188 6180 6037 6055 4056 5298 4891 5827 4086 5280 5920 4350 4189 5383 5187 4683 5762 5124 5941 6200 4041 4490 4484 4825 5929 4116 4941 5399
5402 6522 6640 6110 6292 6131 5858 6314 6456 5817 5187 5120 5065 6832 6253 6472 6548 5536 5871 5637 6294 5900 6847 6663 6179 5014 5929 6573 6478
3260 2147 1873 1461 2244 3175 2608 2522 1807 2687 2434 1936 2037 3102 1557 2557 3208 2340 2503 2946 1406 2887 1503 2473 2684 2567 1402 1872 3034
4978 3849 4301 4234 4861 4013 5267 5249 3465 5199 5171 4280 3987 5348 4633 4536 3735 4225 4831 3884 3948 5556 5527 4269 5496 4398 4335 5626 3623
6968 5605 5046 5728 6156 6959 6694 5823 6587 6580 6636 6213 6980 6832 5857 7028 5962 6103 6221 5664 6446 6553 6447 7148 7172 6517 6424 5566 6453
5433 4926 5767 5167 3775 4826 4621 5172 5101 5796 4570 5696 4123 4809 3895 5713 5094 4513 5259 3846 5235 4177 4531 5144 4760 5232 4595 5328 5718
4581 4086 4269 4430 4990 4421 3269 4219 4368 4923 4807 3812 3255 3796 5214 4869 5200 4907 4815 3533 4543 4402 3372 4425 3924 4256 3247 5445 4144
2141 2177 3106 2204 2717 2080 1113 2655 1059 1252 3210 2364 1226 2975 3184 2397 2518 1769 2775 2001 3056 1223 1797 2710 2854 1917 2846 1310 1333
2426 2307 3558 3140 2433 2513 1747 1597 3195 2487 2210 2818 3532 2590 1716 2896 1500 1616 3647 3600 3220 2118 2652 2437 2083 3055 2221 1961 1792
4090 3994 2550 3848 3139 3515 4221 3098 2317 2705 2980 2198 2264 3120 2882 2352 3762 2266 2760 3590 3768 4274 3925 2438 2743 3792 4120 3294 3050
4858 3686 5530 5321 4445 3983 4675 4661 5322 4417 4205 3811 4125 4360 3851 4643 5567 5701 3674 4879 3809 3640 5535 4100 4836 5121 3581 4461 4049
6705 5416 5885 5243 6648 5011 6157 5572 6656 6431 5996 5138 6036 6169 6436 5817 5157 6093 6139 5126 6598 5951 5174 6225 5284 6775 5243 4899 5568
6379 5078 5186 4694 5275 6422 5357 4559 5117 6063 6688 4874 6670 6658 6351 4752 5332 6168 5295 5349 5806 5161 5611 4751 4766 5943 6090 6459 4700
2998 2914 4505 3998 4313 3339 3698 4201 4163 4136 3183 3475 4514 4444 2989 4377 2481 2780 3033 3174 4479 3862 3705 4465 4585 2902 4166 4688 2795
5600 4811 4426 4912 5574 5611 5431 3463 5604 4356 3958 4389 4135 5570 4436 5261 3511 4118 4085 5514 5388 3783 4955 5457 3914 4073 4303 5319 4574
4094 5915 4993 5924 4530 5544 3956 5916 4752 4623 5970 5349 5507 4689 4804 5526 5788 4554 4714 5995 5128 5371 5166 4040 5304 4726 5163 5618 5178
6021 4277 5661 5658 4435 5932 5008 5360 4916 5673 5813 5682 5712 4786 4966 5797 4233 4579 4516 4458 5987 5128 6237 5044 5585 5810 6266 5902 4635
6858 6099 6366 5475 6347 6722 6561 6720 7114 6389 5330 6934 5440 5709 6889 5168 6638 6906 6660 6690 5254 6760 5994 6477 5720 5787 5933 5373 5993
6481 6727 7277 5222 5678 5840 6031 6233 7145 6709 5494 6880 6557 5627 5272 6117 7120 6660 5943 6732 5914 5462 6252 5324 5867 6444 6785 7378 6895
5862 5835 6416 4711 5952 5741 5352 4835 4263 5916 5117 5958 4285 4837 5290 4583 4805 4634 5023 4636 4921 6248 4967 5930 5291 4450 5249 5504 5889
5374 4770 6222 4973 4995 4979 6514 6381 5852 4701 6140 4435 4865 4826 6306 5693 5147 5900 5003 5005 5582 4783 6260 4968 5300 4420 5758 4318 6451
2998 3792 3433 3276 3096 3277 3586 2532 2591 3178 3064 3193 2232 3219 3534 3750 2626 3550 3537 3587 2295 2356 2265 2295 3497 3521 2151 3103 3543
3171 3666 2524 2619 3089 3035 4275 2816 2836 2816 3467 2191 3958 3011 3925 2403 3426 2786 3643 3726 2955 2344 3102 3014 2936 2279 3340 3541 3008
6400 5877 6726 6683 7176 6057 5862 7168 5393 5145 5364 5246 5583 6339 5072 6072 5367 4994 6753 5725 7008 5917 5364 5874 5985 5037 6163 5796 7030
3339 2943 2189 2392 2908 1935 2325 3135 3090 2444 1990 1637 2582 2071 2276 3053 2161 3115 1766 2060 1966 3581 2577 3785 3127 3475 2798 1718 2378
6058 6426 6730 4805 4679 6268 5733 5018 4749 5023 6109 5202 5508 5297 5424 5931 6377 5717 5749 6699 5003 5281 5931 6210 5436 5543 5660 5152 6284
1949 2174 2136 2532 1562 2757 1217 1788 2006 1796 3022 1618 2607 2533 2907 2964 1495 1560 2314 2289 1478 1386 2436 2198 3168 3143 1272 2382 1623
8261 7099 7607 7109 7276 8156 7185 7341 8379 8333 7254 7899 6950 7633 6657 7227 6172 7775 7474 7584 7927 7778 7933 6739 8215 8250 7255 7762 8109
2701 2540 1928 3721 3311 2990 3251 2048 2897 3493 2070 2851 3502 3248 1497 3142 3344 2172 3593 1636 2016 1542 1783 1642 2196 2857 2783 1867 2225
6601 7596 5383 6662 6173 5467 5615 7553 6968 5502 7269 6785 6272 5580 5637 6557 5672 6056 6289 5509 5370 5597 6807 6438 6578 7081 5437 7032 5578
3005 6864 6853 2563 5786 7806 4259 2638 4884 4321 2549 5205 3290 4054 5342 6560 4736 2764 3779 3253 7777 3639 4617 7294 4856 7132 2799 2692 2095 3093
1859 6829 7695 3434 6999 7067 4583 2771 5535 4827 2060 4475 4469 4037 4822 6652 3172 2586 3697 4605 8199 3033 6151 6888 5716 5775 4522 3453 3605 2412
2023 6305 7927 2943 6049 7974 3926 1874 6494 3990 3027 5982 4435 3807 5576 6021 4568 2205 5334 5042 6896 4186 4837 5960 5607 5782 3681 3390 3805 1467
3401 7734 8352 3862 7232 7954 3386 3170 5423 3894 2478 4366 4233 2495 4511 7038 2954 3173 4924 5040 8662 3288 5088 6725 4297 6458 2765 3114 2993 2415
1813 8011 8957 2296 6665 7285 3632 2352 5834 3897 2629 6178 3216 2919 5293 5461 3367 2838 3584 3346 6879 4154 4777 6480 4806 6299 2453 2373 3391 2341
2535 6292 7326 3934 7480 7543 4297 1713 4930 4834 1601 4020 3807 2824 5838 6452 4756 1521 5354 3598 6910 2281 5836 5608 6075 5873 3952 2339 3714 1312
2270 6621 8275 4049 5950 6679 4555 3380 5031 4295 2445 4677 3226 3667 6054 6283 4134 1863 4513 3501 8547 3745 4372 6182 5827 5255 3894 3459 3546 2657
2345 6469 8642 3149 7124 8207 4701 1917 6795 5591 2446 4376 4431 2820 4814 7233 3161 2060 5312 4205 8189 3996 4174 7403 5468 5039 2764 3914 2995 2958
2455 7152 8400 3750 7357 6748 5171 2116 6263 5830 2638 5989 3174 2785 4615 5880 3157 2300 3560 3476 7489 3960 4860 7318 5041 5035 2752 3381 3962 3264
2500 8175 8767 3052 7799 7350 4030 3161 5153 4912 3009 6016 2879 3195 4703 7135 2854 3114 5020 4445 6717 2512 4980 5569 5010 7035 3646 3883 3297 2165
3485 7673 8658 3704 6214 6519 4797 3512 5627 4434 3021 4770 2859 3481 5753 7374 2779 3054 3981 5411 7389 2325 6196 5800 5231 5843 3222 3036 3946 3211
3589 7261 8707 3434 6693 8186 3789 3068 4979 4670 1705 5896 2832 3241 4603 5885 4111 2415 3510 3855 6679 4116 4739 5467 5847 5938 3705 3865 3222 1344
2364 7991 7616 3926 7426 7795 3372 3559 5398 4715 3362 5342 3228 3986 5162 5557 3725 1226 5438 4889 7367 2775 6104 6985 5166 6142 4301 4168 2343 3008
2939 6617 7209 2374 5882 7804 4213 2279 5463 4345 3527 4997 2918 3098 5458 5320 2673 1615 4149 4264 7247 3255 5902 5833 4076 6915 2965 3743 2762 1481
2867 6929 8010 2304 6965 7690 3528 2714 6184 5549 1450 4497 2795 3230 4531 5740 4865 1388 4331 4475 6795 2662 5637 6962 6171 5999 2767 4024 2718 1322
1898 7765 7052 2334 5655 7740 4811 1953 5467 5811 2774 5464 3588 3382 4521 7268 3206 1853 4582 3918 6598 3442 5475 6572 4540 6118 4682 2072 3755 1328
3173 7196 6947 3214 5607 7621 4624 2806 6723 3929 1426 4948 4097 2964 4828 5894 4681 2997 5286 4615 8107 2232 4699 6039 5726 5506 3647 2028 3124 1231
2208 7661 7140 4052 7321 8148 4068 2276 5442 4110 3096 4722 3028 3437 4239 5523 3051 1363 5316 5039 7177 2869 5855 6548 4683 5991 3871 2792 3592 2176
2127 7674 7612 2254 7236 8215 3876 3576 6120 3811 2715 4123 4572 3051 5808 7091 3053 3220 4716 4236 7976 3415 4579 5748 4704 6145 3616 2727 1986 2877
2190 7614 6833 2618 6062 8199 4204 2544 5815 5657 3079 5513 2995 3124 5980 6997 3237 2881 4330 4442 6697 4226 4173 5468 5622 5651 4282 2324 2912 1246
1892 6765 8407 3985 6827 7028 3741 2225 6525 5200 3091 5807 4490 4243 5975 7433 4348 1844 5101 3858 7492 2437 4752 6138 5074 5922 3862 2180 2152 1276
1936 6126 7709 2042 6296 6067 5348 2481 5460 4306 2043 5543 3707 2276 5057 6621 3445 1519 5405 4412 7340 2879 4437 5362 5335 5829 4513 2424 3813 1817
1848 7957 7667 2724 5711 7473 5136 1906 6343 4606 2100 4556 4252 2661 5816 5773 4318 3175 3735 3889 7468 3035 4687 6189 4439 6104 4239 2304 3356 1228
3444 7392 7426 3072 7184 7488 4966 1430 5590 4812 1555 6241 4557 2677 5786 5545 4067 2127 3938 5485 7149 4172 4579 7021 5606 7091 2603 3779 3324 1643
3257 7534 7657 3611 7048 8094 3568 2637 5606 4273 2792 5066 4948 3063 6331 5847 3049 2792 4072 3375 6958 2794 5804 6528 5468 5216 3237 2817 2616 2293
2161 6796 8284 3253 7346 7501 4035 2303 5300 3928 2610 4760 3239 3755 5889 6422 3436 1426 5340 4819 7296 4144 4564 6834 5834 5159 3333 2840 2495 1570
3175 6775 8957 2833 6975 7873 5180 1596 4727 3861 2582 5710 3721 2353 5194 5298 3940 3156 5280 5120 7276 3017 6171 6297 4320 6272 3162 3677 2022 1381
2244 8026 7752 2177 5878 8248 4000 1832 5893 4225 3110 5393 4027 4059 6395 6402 4168 2638 3763 5370 8092 2225 5444 6167 4428 6221 3386 3666 2204 1190
3146 6106 7328 4186 6303 7779 4170 1741 6183 5456 3576 6121 4925 2645 6122 5796 4460 2526 5542 4491 7236 3976 6082 5929 6170 5395 3852 3623 1930 3353
9 23 15 29 31968 0.9135427203177269
20 11 15 17 38444 0.9201454866130102
3 18 28 5 88202 0.9832716705697853
28 3 17 20 76225 0.92901632783205
8 16 20 17 28926 1.01136193944382
26 3 25 25 52792 0.9718334060905006
19 28 19 14 56624 0.9020851340146111
23 6 16 27 78859 1.026862211902504
24 13 8 29 72524 1.0161414398865034
21 20 6 15 53202 0.9003647559558918
5 25 3 14 48338 0.9760311053668256
23 23 24 3 56085 1.023895971010999
15 17 11 6 51825 1.0421538445547567
6 21 26 22 64742 0.9996550966942596
20 5 26 27 67043 0.9331937456465168
21 22 27 0 65613 0.9526196970838644
13 8 25 6 36284 0.9062679741783924
5 7 27 12 66859 1.0922492937172212
27 26 11 9 81476 0.9013581170553602
26 17 7 0 79135 0.9822406571129055
25 2 29 20 61218 0.9769655918620833
11 23 10 8 58079 0.9194563767039672
18 20 11 14 48163 0.9000830254581166
23 5 3 24 107603 1.0543715485707958
16 27 20 1 98249 1.0409593368361836
15 6 2 13 49835 0.9284129662367083
9 16 29 10 67993 0.9447977644712517
19 12 9 21 58429 0.9853465712977152
17 21 6 19 39833 0.9398212536885746
6 25 23 11 79759 1.0797456487174306
14 26 6 20 42144 1.0681319087696455
26 7 9 28 82251 1.0225548336184107
11 22 5 7 53853 0.9095734493346705
22 18 14 24 48681 1.0942825651462174
21 22 5 11 68401 0.9042482958100623
26 12 14 13 40470 0.9007246532437192
11 17 21 2 67389 0.9359772462103477
0 19 19 18 55540 0.9000551238695194
7 13 1 21 34902 0.9529962057612275
19 28 3 22 62818 1.0844345354407938
13 24 17 10 60138 1.0867305132207772
23 10 8 23 70269 0.9162613881006555
20 11 7 5 48547 0.9726683769064273
20 1 27 10 42411 0.9184343039959074
26 26 2 28 55941 0.9077263288306596
8 23 21 11 64677 1.096294184470781
5 23 21 28 57190 1.0587846698896017
26 19 16 15 37248 1.0986168784436936
0 2 15 16 78342 1.0189189197136157
12 21 5 8 54231 1.0444688764546368
10 12 15 24 61028 0.993041017883025
24 28 12 24 44305 0.96493888660677
26 29 7 8 83214 0.9577647054127786
22 5 4 27 101456 1.0945900507831912
10 13 29 3 74814 0.9775910858797441
12 4 10 27 85088 0.9565562553932719
26 25 6 3 92589 0.9487401695875901
20 20 2 15 62759 0.9837753016436827
23 14 8 16 47859 0.9124189353011493
2 8 27 24 93275 0.9292732029483438
17 9 11 5 37021 1.0977236448169612
12 5 5 19 60036 1.0978007724620997
13 25 15 13 50702 1.0118963378021162
1 17 29 8 90758 0.9897984957770773
18 5 3 3 60334 0.9717317087780737
3 28 29 29 55710 1.0537574665013534
17 2 2 3 54691 1.0287598683966006
9 27 23 21 57425 1.0988186083520608
5 0 28 6 74489 1.0816610904673771
16 1 14 10 48000 1.0992734781508273
16 26 16 10 76613 0.9067785685547131
19 8 9 10 36264 0.9944524106806191
14 14 7 17 28992 1.0276451961307331
22 21 12 19 39959 0.9193571773723584
13 1 9 17 60862 1.0676340823101766
16 25 27 17 62691 0.9896148306421151
17 19 4 17 38957 1.0877324045564083
23 14 3 1 92302 0.9049870812233779
22 29 7 11 70959 1.0977301574822618
28 0 26 29 67731 0.9712351092131936
15 0 22 15 62823 1.0923508233745192
22 25 4 9 86872 0.9973632459314989
5 5 15 28 86678 0.9671539619117379
11 12 28 26 75968 0.9807422885192283
14 3 6 10 38914 1.0602823854048515
26 3 3 21 96050 1.0321935435188478
13 22 2 19 45552 1.069506546041284
24 6 14 9 35303 0.9712119344998641
17 8 2 3 55782 0.9989195796808412
15 25 0 12 82770 0.9558172324593677
2 20 28 5 93971 0.9075042082681616
7 8 26 20 67105 0.9339010359883506
19 16 15 8 49456 0.9366211857183124
11 25 7 10 57135 0.9143024168570992
20 7 20 27 63378 0.9277486813961675
19 11 5 21 67818 0.9253025181545746
6 11 20 20 63120 1.078394873391027
13 10 29 17 55164 0.9742883728619515
18 22 24 18 31418 0.9027279156766078
13 17 19 8 50630 1.0700471802017546
26 22 9 0 89968 0.9795376170418253
13 22 21 4 74367 1.0855958974192896
15 25 6 18 53694 0.9325688746829671
23 8 25 23 48487 0.9888140087595443
8 29 29 18 66733 1.0210245627164998
6 23 25 19 64975 1.0181183761471144
4 28 19 13 81029 0.9832967169686537
22 3 15 27 88324 0.951760389577702
16 27 11 16 54750 1.0922170005507152
7 26 18 29 28977 1.0001228661403065
13 26 27 20 59499 0.9068031283150261
4 8 20 15 74694 1.0671239542402122
23 26 15 15 57813 1.0008788335832304
8 19 16 7 52166 0.9650578972466429
26 23 18 3 65394 1.0282353795441206
7 6 24 25 82469 0.9877883229792517
8 26 0 14 51952 1.0254025589292404
29 1 12 2 59694 1.0366256185122298
19 5 28 15 50613 0.9443444106726425
26 22 26 10 26173 1.0605439688420764
9 6 20 15 66690 0.9480035492400802
26 21 26 6 31594 0.9784061905941818
15 25 3 2 100346 1.0920858862748712
20 13 3 15 63680 1.0793093687894215
20 12 14 4 53097 0.9043011664841201
11 1 0 8 55817 0.9007921407754794
26 0 18 23 81874 0.9606060831602673
1 14 5 23 41675 0.9873764332274031
21 3 3 5 67386 0.9135162353641332
18 4 28 25 79054 0.9846368509176825
27 23 21 3 62834 1.0032679233293493
26 5 0 28 108323 0.9625693566376533
16 1 26 25 84149 0.9088752770851233
25 25 24 10 41976 1.0104517454782347
5 13 15 10 34449 1.0218543487225082
18 29 29 9 70986 0.9519237266428295
6 11 15 18 39452 0.9592791476508058
20 2 7 5 51308 1.0772372970903346
14 20 4 19 43829 0.9716393209835168
0 19 18 21 64008 0.9490801324630269
7 9 28 7 55605 1.054132280329657
16 24 6 22 50313 1.0910697155032834
1 7 26 28 102483 1.0212453404158142
21 27 1 3 107023 1.060611612453731
18 4 4 9 63650 0.9465686356110115
25 18 20 28 41290 1.0950713544748867
12 8 9 0 36995 0.9707053438537285
27 1 3 27 118299 0.9670248277861395
3 9 21 6 60610 0.9126968984896838
2 21 16 22 51825 1.077999255253005
19 15 6 3 69384 0.9268002205687185
9 22 21 22 42896 0.9442731259074485
21 25 1 4 103455 0.9305151001578675
4 29 28 3 104811 1.0714199610733182
27 7 6 14 69288 1.0333785068973793
14 27 5 18 54977 0.9541472691168815
2 25 25 25 68227 0.9460323629851016
12 1 21 21 92799 1.047288428627614
6 18 13 21 32029 0.9733556798056859
1 8 19 13 67386 1.0164847878335748
21 6 16 26 79686 1.0512721988419398
18 29 0 13 79194 0.9424740089677102
7 10 18 14 47753 0.9155240184997847
12 18 6 1 60357 0.9306611661374486
27 20 10 27 63923 1.051921979530326
7 29 27 19 63933 0.988327866935431
13 14 26 11 49630 1.0281202414335415
6 8 14 4 42164 1.0833647908049326
16 9 5 27 74256 0.9964994087547454
15 3 18 25 102711 0.9243425369625923
12 12 5 16 32859 0.9020137817425481
23 24 10 20 53341 0.9636914338912903
8 4 3 28 69352 1.014640533597929
7 20 25 3 82306 0.9741404537865094
28 20 9 26 63162 0.9648102348513858
2 14 15 20 51357 1.0594104240083506
29 12 7 12 69551 0.9061264216231599
26 0 4 15 95212 0.9956823157028856
12 25 22 13 66875 1.0915470458421825
19 21 27 29 39326 1.0168230288912739
22 3 1 20 102045 0.916704934809465
2 7 24 14 68772 0.9973654637644543
0 13 19 25 96400 1.0534911104904408
26 11 14 27 67679 1.0820301270774422
9 14 16 3 54342 1.0999914832606785
26 11 6 9 57008 1.0712240760615548
16 27 4 20 60284 1.015706006851673
22 16 0 13 66390 0.9587603651213994
16 21 25 17 36964 1.0958001846797465
5 23 24 19 67208 1.0114946119086121
25 4 16 28 82859 1.0867789819384641
24 21 7 7 68286 1.066251073363872
27 18 2 0 98017 1.0594685626740996
17 4 2 20 86596 0.9050126804155437
28 25 18 28 31251 0.9449460951765343
8 5 17 16 54680 0.9178414590205588
0 23 7 18 37767 1.0873370147674453
2 21 22 24 73215 1.0954808331729364
5 22 18 8 78017 1.0325916163271667
2 0 20 29 103622 0.9768680483394245
24 8 19 21 46960 1.0281214035635142
9 9 24 2 56654 0.9967298117735557
17 14 5 27 67595 0.9634594775999865
10 27 25 27 40611 0.9424246241092402
12 28 15 12 68501 1.059822835978075
17 20 2 16 54233 1.0893245976642356
1 12 19 24 90441 1.0917197059367576
18 17 1 22 53113 0.999755183055238
6 27 5 6 58961 0.9404627001385932
19 10 22 0 39060 0.9315588387013318
29 9 27 17 31241 1.042548711237054
22 14 17 29 54548 1.060143785420938
20 1 29 18 70483 1.0894288010137918
6 9 5 28 54939 0.9457384326742642
6 25 22 16 59715 1.0783054164650245
10 23 29 26 68497 1.0008844667043724
2 27 28 1 116770 0.9623248488315974
27 29 3 4 112006 1.0261714309651426
12 6 5 24 69204 0.9223552035735353
26 20 5 3 85857 0.9550700607382587
17 10 1 15 55256 1.0280184486373192
2 16 17 1 80780 0.956953185720288
11 3 7 13 33535 0.9566090005281688
16 29 23 1 92363 0.905573706890121
24 15 3 14 65664 0.9944365039619371
7 9 2 25 49005 0.9532661988728669
18 9 13 14 34598 0.9890713668649622
4 18 14 25 58928 1.0334391243792023
8 26 15 7 68032 0.9884087280297719
8 10 14 22 49875 0.9101740750337323
25 13 8 4 63835 0.9803710616374972
20 24 20 9 54369 0.9940107866908872
29 17 23 4 50348 1.093886352712264
16 10 24 5 31514 0.9003085122407427
22 26 4 8 94002 1.0710206555763193
13 21 24 20 36590 0.9811316616209255
3 29 20 24 58501 0.9830996959521542
2 24 5 16 28319 0.9639017245663676
12 5 5 27 77139 0.9106378421123226
13 28 11 15 56454 1.0252540746258278
18 6 14 26 91972 0.9329027179695971
1 7 7 16 35582 1.088125508836594
16 18 19 7 51572 1.0797390901618011
29 24 25 6 52008 0.9499205972142502
12 15 22 20 39793 1.0865290516705142
1 23 15 24 67509 0.9110803508881643
24 19 9 25 63758 0.9256068531836937
6 10 2 24 42624 1.0507182939309638
20 27 26 12 50094 0.976220933851047
16 23 6 7 72967 0.9572651538573547
23 8 12 1 61426 0.9391906063154309
9 29 15 18 53332 0.9206346504869222
5 19 21 10 64591 0.9338071373604345
10 26 14 0 87319 0.9544184726416541
20 14 10 0 78049 0.9415311380010104
28 15 23 6 36225 0.9618564566000603
26 5 8 19 72090 1.007999962716473
15 27 23 19 43657 1.028322430006551
25 23 1 22 89262 0.9454413985104517
9 11 19 16 43628 1.0243929923058122
11 13 1 8 41290 0.9453303285198855
13 4 15 21 68696 0.9580249704095665
29 27 8 11 84670 0.9508332509718203
12 18 14 5 58678 1.080580700547274
26 23 22 29 20520 0.9709778514491189
26 18 15 20 42020 0.9395411969982056
3 27 5 1 79230 1.044149900446186
14 14 7 21 38593 0.987413598623191
2 23 12 11 54440 0.9650305562059118
10 10 6 21 37344 1.0227605142693192
0 25 18 9 94123 0.9084850149669498
20 2 5 7 59594 0.9597249604872822
23 22 20 10 41626 1.021807155299563
20 2 6 0 46554 0.9620738242390083
12 25 7 3 73088 1.0042404224018835
24 19 10 14 48934 1.0360233001142485
1 4 11 11 49549 0.9674822341343483
15 16 21 1 69329 0.9938981641396096
2 23 9 18 31811 0.973554798762423
11 8 6 24 57949 1.0101296071055161
13 23 5 26 40188 0.9199395055359211
15 27 3 29 38274 0.9379750613332616
6 8 2 15 30092 1.070370446234068
25 0 9 17 77041 0.9121045376877299
21 29 15 1 101091 0.9893637136200782
28 24 14 20 53904 0.916296543388071
6 0 15 14 59806 1.0120760862597888
23 26 22 6 60105 1.0510545791384407
0 6 21 12 71758 0.9651042390505469
21 29 28 22 26475 1.0788814303616483
2 1 18 3 56397 0.9372987707977125
17 23 3 26 64839 1.009505232838078
28 6 12 15 68381 1.0057930499811887
19 22 12 2 99002 1.0593026750967645
20 10 10 13 37769 1.07915259746938
3 2 19 0 50796 1.0264105242295334
13 8 29 7 40500 1.0247898667378197
26 21 11 24 64607 1.0126681493569991
0 5 0 27 67466 1.0370905156251524
9 21 14 3 69298 0.9809136456856755
22 26 15 20 40303 1.0409286056390437
21 13 12 17 31516 1.080995928531034
23 3 15 6 37337 0.9174318262503065
15 21 5 19 37757 1.0049493348402516
15 4 28 1 48561 1.0990879676438763
19 4 21 22 67058 1.0893007372462726
14 16 26 16 31591 0.9045610167707862
8 9 19 7 35812 1.039084668227073
14 2 29 3 49085 1.037296166049876
24 21 14 20 36757 1.0274199985221641
12 16 1 24 49835 1.0633502290211256
23 17 13 3 67099 1.0791031632976982
29 7 8 16 69522 1.0227455399891852
27 16 23 4 44473 1.0238648126298848
0 7 25 19 85533 1.0320889189540567
5 14 26 2 81733 0.9232257697730318
18 4 2 22 92969 0.9863835061903152
8 0 27 0 49508 1.0420532523283688
26 11 13 29 60861 0.9474394175266654
23 10 9 15 49842 1.0524376761008805
0 7 10 5 33750 0.9391937577760582
10 19 27 27 69191 0.9262254967198827
11 15 2 17 29767 0.9353414271991833
15 18 8 9 39415 0.9704217799986872
27 21 4 26 73552 1.0773812784580628
19 19 15 13 39695 0.987482766117276
5 27 4 8 63984 0.9652397120382625
19 0 29 0 25293 1.0917069148222276
10 13 2 0 48146 0.9859668538782738
17 25 2 3 105157 1.0842578183940024
27 17 28 5 35561 1.0709000434652476
5 6 28 19 84870 1.071239800886001
20 18 29 27 48092 0.9863081765469799
18 1 16 20 91873 1.0281491088348247
12 18 18 4 74934 0.9618995969596573
21 2 24 23 60335 0.91858847513802
28 1 25 21 52067 1.070866867404342
21 4 29 1 33562 1.077889534578724
18 5 4 6 54578 0.9892355214480096
14 3 6 8 39102 0.9270839459328698
5 22 18 15 56426 1.0471966014510858
17 17 0 21 49489 1.0721175606789106
6 16 14 21 37542 1.06388381802042
8 2 8 17 37932 0.9700178669063213
9 13 16 24 60425 1.0308693332241825
26 11 20 19 36108 0.995094925452966
25 27 21 12 47709 0.933285972009876
25 23 29 5 57284 1.0693656641517977
3 14 1 22 31026 1.0511257861615222
28 3 10 27 98624 0.9619479268206201
0 20 12 13 53706 1.0832373876183763
11 19 5 14 37328 0.9152676971334403
27 6 13 13 55417 0.9090909898882895
26 5 3 28 101745 1.021236281740855
3 6 17 8 49687 0.9805709117344023
4 25 21 22 71268 1.0012882970208377
11 4 25 19 80916 0.96795887767044
28 17 11 7 66287 0.9808444087399542
24 24 23 10 36175 1.0071939508577255
10 1 6 10 34692 0.9365335278606529
10 14 3 0 50483 1.0365171999616536
1 5 11 13 49386 1.0718710471667485
4 15 13 13 40164 1.063388458787101
3 2 7 13 38322 0.9034846040352722
6 6 20 28 88161 0.9948451441362135
5 25 26 24 67294 0.9909824426674532
14 19 27 25 57889 1.0627204596577
3 17 26 23 63227 1.0436138980679264
14 19 5 18 31884 1.051373411298803
9 17 20 27 58204 1.0619673244081314
6 16 6 26 30648 1.0112111311764334
23 24 26 4 56754 1.0926837297150396
17 6 26 4 33475 0.9630048011356858
2 4 24 0 64043 0.9917985307796293
5 6 15 3 41546 1.0970454411552457
16 11 18 2 56890 0.9750155027928511
21 6 14 27 80706 1.0882854969404292
26 24 8 1 94209 1.0296813605746047
21 25 6 21 58380 1.0911630366346634
8 28 16 20 47561 0.9148772734530475
0 6 29 16 100391 0.9898476444583407
21 11 27 29 53448 0.9681058250553218
8 26 10 0 68544 1.0201036182358099
2 20 5 9 38550 1.017485867691625
28 27 12 21 62094 1.0606740974628948
15 25 21 10 73089 1.0849748334807126
0 0 16 13 73135 0.910183755153945
17 4 25 9 46280 1.0124036972919979
23 9 28 23 42896 1.096918879779464
13 9 0 2 59437 0.9541089732278221
18 14 12 21 43966 0.9726231145960871
6 23 15 20 39696 0.9205534712945768
17 24 29 6 83538 1.0924535765718288
21 10 23 29 55457 0.9391487110970589
13 16 17 3 61056 1.0746365064579289
6 5 10 13 30438 1.0895356497785094
16 3 15 17 63326 1.024748992796936
2 3 13 22 74702 1.0341000685142696
13 26 4 19 46393 1.0167798462867514
16 29 22 16 49451 0.9189608339507401
3 27 2 11 40498 0.9639841101365272
3 8 15 22 73002 0.9308617384879789
26 0 26 20 43226 0.9760052196375019
27 23 21 8 49215 1.018875087867239
2 9 8 2 31639 0.9569890828889452
10 1 25 5 62384 0.9025655419568135
21 2 15 19 70013 0.9534837667015424
23 23 5 4 97137 1.0700440901063848
12 28 3 19 52416 1.0421947826913904
3 24 29 27 75082 1.0171684423443512
3 22 18 11 78372 1.0070877495782358
26 3 29 17 39124 1.048022552396231
1 1 6 15 54815 0.9477820401768411
23 18 21 1 56115 1.0509829474280117
7 24 10 2 61766 0.931003008059434
29 8 13 6 46487 1.084268612617848
22 13 9 2 68413 0.9486589773752565
27 28 10 25 49908 1.0366770029624728
3 4 11 10 40836 1.0040163115859946
26 5 17 25 82448 1.0521361265158191
2 18 13 6 57348 0.9882487450138749
25 3 5 2 69349 0.9180823543904134
4 9 23 23 87111 1.0180289819871715
14 19 25 13 43194 0.9766613455638927
7 8 0 18 41138 1.0398660280567982
13 13 28 15 52118 0.9499133807105115
2 28 11 4 85071 1.0193099267117534
9 2 25 21 88466 1.0673320757532925
27 13 23 4 34482 0.997177209951467
17 12 8 15 34551 1.0100824465603069
29 18 15 11 61345 1.0310298915611273
26 24 25 5 47872 0.901171995988559
18 17 27 11 38818 1.012691835341796
23 5 8 24 91568 0.991249395264591
21 20 4 29 60223 1.0232409925934023
6 16 11 21 28233 1.049363718970934
7 28 17 28 28638 1.0286068389966259
12 28 22 26 29781 0.9077790773611346
21 14 10 5 59179 1.0754578797896333
7 18 4 0 46765 1.0150815729756664
8 0 2 18 54200 0.9573197925520338
21 22 15 5 70124 0.986345764877079
7 14 14 24 51842 0.9654250172174362
2 8 7 24 48256 1.0545182621893576
0 27 3 6 59237 1.063171195443502
29 3 10 23 99865 1.0215036150658399
25 17 6 24 62101 0.9957296829526365
8 25 0 8 65123 1.0534503328654428
7 29 1 11 56063 1.0365551804624815
13 29 5 17 44925 0.9946118927908191
11 17 6 22 25724 1.080281129219927
11 11 2 2 45884 0.964151676241216
21 4 7 6 48778 0.9586587814325249
19 10 0 7 54033 0.9490954608260426
6 11 23 25 81185 0.9063322698376732
4 18 23 3 86703 1.071712439037172
5 13 17 13 38673 0.9474359177110944
25 18 8 16 44778 0.946646712572851
28 24 8 27 52732 0.9045323744256195
23 25 21 17 32129 0.9044955693028067
21 19 7 15 43332 0.9913968779742819
16 13 26 6 42851 0.946726413198488
4 13 25 13 66124 1.003616799416384
29 21 27 6 45992 1.00868500689392
23 22 7 15 57905 1.0899999287201387
3 23 22 13 76759 1.031392558536952
1 21 20 19 64217 1.0148144123901572
1 9 15 13 52037 1.0385051498391802
23 18 8 7 61851 1.0981571495393825
23 28 22 1 79277 1.04554793463402
16 20 3 7 64421 0.919733979644223
13 24 14 4 80693 0.9801137824163186
8 10 28 7 55011 0.950349373926037
5 21 8 1 55595 1.0496003986349092
11 29 15 12 70304 1.090427179871319
0 11 21 22 82332 0.9472035953324409
10 16 13 4 51420 1.0543722511045979
26 7 28 27 48422 0.9447444126600755
8 4 29 4 72522 0.9113635014496844
21 9 7 14 50292 0.923138533768505
26 10 8 21 69346 0.987849828453906
12 20 20 16 36515 1.0373482228651314
28 13 7 13 66881 0.903802576428263
7 8 21 2 57029 0.9317446796705721
0 28 3 10 50141 0.9065434075296311
8 25 12 12 43694 0.9184318782152032
20 25 11 27 37921 1.0226149621697354
19 28 22 0 89984 0.9464092186610281
7 6 8 22 38602 1.0000278077954816
19 12 11 14 36843 1.0618716403523356
13 28 24 12 64909 1.088652387899486
4 3 24 26 103224 1.008232603543521
28 3 19 14 50097 0.9414039743042831
7 24 24 3 87481 0.9853803393152885
19 26 28 17 50955 0.9409482163895275
22 27 23 3 70200 1.0038567342393605
15 10 4 20 57716 0.9764366341573456
20 26 23 3 73860 0.935757868434101
3 13 18 19 57355 1.067511923667236
0 9 4 22 47533 0.9404890640683747
5 9 2 19 35604 0.9540355586945356
2 1 29 17 97914 0.9702241389700372
14 14 8 4 46209 0.9142451996202561
9 19 20 19 41055 1.0982401919116491
1 25 5 14 46386 1.054369692727707
22 20 27 10 39211 0.9937471681479222
20 21 15 11 58886 0.9787408811899181
28 5 13 25 90496 1.0387037844908553
17 1 9 5 43794 0.9941085674844211
17 9 6 25 71092 0.966557301308205
28 16 0 22 83015 0.9859545099847977
29 22 28 5 51374 0.9524487661209168
10 18 27 6 69537 0.9893623484966476
27 28 6 21 60818 1.0838778933756152
2 25 27 4 107766 0.9702750670228646
9 23 5 10 45251 1.0247820989355598
20 0 21 23 72859 0.9673250399048859
9 26 28 22 59604 0.967155453737251
19 27 24 7 64021 0.9206013476460412
4 28 10 14 51563 0.9690439848288986
22 23 16 14 47376 0.9051253780186843
16 25 23 5 92353 1.0727763722388513
9 15 16 22 43876 0.9410997967098752
10 10 16 15 38163 0.9476133562574371
0 21 26 9 88586 1.009504395266869
16 0 18 27 101252 0.9450841024969048
28 26 27 4 58150 0.9465858197174276
25 26 29 7 51210 1.0204967311688118
17 24 16 0 104935 0.9798136217664812
10 21 18 15 45135 1.006974868986337
21 22 14 8 64534 1.0165314608194729
23 6 4 22 94462 0.9273047673710454
23 2 21 11 36043 1.0616083444522602
20 25 27 16 44981 0.9864583674147492
13 13 12 4 42439 1.0635750392844758
13 18 2 25 47291 1.0327651342225899
13 1 4 0 26354 0.9909394538376541
21 2 11 24 100259 0.9967616086424111
16 5 3 20 80394 0.9971519812728271
21 15 7 28 61964 1.036945423981217
26 6 9 28 83468 1.014482367595717
27 7 17 12 39628 1.063484851698198
5 10 18 12 42532 0.9466739389371142
9 7 22 18 58953 1.0370440397175962
17 4 8 29 96219 1.0926901172437284
8 27 18 17 47974 1.081720315735521
17 12 2 21 61802 0.9665627091059811
29 0 11 2 58579 1.078934108541858
29 21 15 10 58726 1.0346709035938004
14 16 25 21 37579 1.0755388721309453
23 7 13 23 70884 1.0770943643232598
23 18 18 26 42632 0.9539382513452502
1 14 8 28 50792 0.9754820772015524
16 14 13 25 49935 1.0918790334512989
24 23 27 6 48224 1.0996825914713555
21 1 1 23 109018 0.9460590614678119
16 25 23 10 73491 0.9157476083310506
18 23 29 5 83798 1.001714360125601
16 7 2 21 67451 1.0546968201138314
29 6 16 18 61251 0.9487305464095585
9 28 15 22 46630 0.9882947586303885
28 19 2 23 79113 1.0252145646314874
22 16 28 9 35473 0.9861040899398462
14 15 0 18 45972 1.002481591268474
29 25 18 22 50364 0.9728657570581548
7 5 2 29 61816 0.9087082839216909
20 5 26 11 31675 0.9029664012066828
14 9 11 19 47903 0.9587228825910294
22 26 1 11 90106 1.0665622841590654
19 8 26 15 38638 1.0929214916446783
9 12 24 19 53052 0.9387497191136078
4 13 18 25 83872 0.9680311720274855
6 22 21 21 49817 1.0212557006199103
5 1 16 26 99522 1.0552878264401138
29 15 22 26 51460 0.9227506585672212
25 10 9 3 63588 0.9278836223318343
26 6 24 29 53065 1.0467015612642134
25 20 18 24 40199 1.024067111449107
5 0 18 17 64956 0.9541284821382183
2 19 29 19 74862 0.9107588477005534
25 18 12 14 46178 1.060638251175138
19 18 20 6 46605 0.9999637213940542
18 18 12 6 60909 0.998299604621508
17 27 9 29 26424 1.0044734246644
16 2 7 7 41802 1.060972376355685
0 14 24 13 76798 1.0229631005934328
18 23 6 6 80705 1.0722883867990587
24 16 9 1 80949 1.0973252032344578
11 5 17 18 68554 1.0256070871760128
6 28 24 17 65955 0.945069499436149
0 11 3 25 48601 1.0702506835257655
23 7 14 2 42153 0.961746031039237
18 4 23 18 62337 1.0162715294494864
20 11 6 8 47730 0.9808411913683289
19 18 6 19 39284 0.9721489369040881
14 20 27 9 62913 1.0467631330257385
8 6 1 25 62158 1.0892675171920465
26 10 5 13 61730 0.9520069243746105
2 15 7 22 28189 1.0149153283817935
3 5 17 4 59952 0.9725044650681627
5 12 22 20 60725 0.9240241942139852
15 6 28 9 38466 0.9755292352193394
24 6 1 5 71187 0.9516834474030345
1 4 2 27 61584 1.0786417374537804
26 4 23 13 25414 0.9211706462591215
14 2 11 14 59216 0.9619316986963238
14 4 6 14 53794 1.0123549611451352
4 0 1 28 74227 1.0486644210373282
24 12 28 1 32165 0.9765478278818496
24 7 6 27 88997 0.9134800658760965
12 2 2 13 53942 1.004126096249633
3 22 13 27 52388 1.0552704824302324
3 20 22 2 100682 0.9817042996317636
5 25 22 5 99650 1.0865424052428898
4 22 13 4 76104 1.03443276261015
17 24 1 22 77031 0.9031181296116849
13 23 4 5 76735 1.0731293337529542
23 29 12 6 91201 0.9384213884280643
3 27 21 13 78692 0.9964935585676281
25 25 21 6 59067 0.9542016442886802
20 22 13 28 40859 1.0691517740478007
6 27 26 14 76142 0.9000612428506957
8 11 18 17 36377 0.9084903499131655
26 1 3 3 72192 0.9967223859204825
29 20 22 2 65987 1.0018556777709542
2 9 19 5 60848 1.0034824966924176
2 18 4 3 42480 1.003277281804382
6 28 22 11 79567 0.9802522139411715
19 27 23 21 26503 0.991054111779474
3 13 15 7 45997 0.972441230921467
6 19 13 9 44267 0.9208289064637732
18 25 12 4 107561 1.0198652185117565
8 7 21 17 53811 1.0025908634513638
17 29 8 17 48756 0.9994208806098448
29 23 10 29 51121 0.9105438011422199
18 23 5 1 100813 0.9549477855302901
9 7 27 18 72527 0.975700436892225
12 11 9 26 54375 0.9519036752188551
26 6 9 15 63606 1.0251337017310944
14 19 19 7 58437 0.9424596461133875
0 17 5 8 41212 0.9057074633304836
0 1 16 4 61926 0.954696926630461
21 29 13 7 85992 1.024830853737542
3 21 2 0 53996 1.0539359787632179
11 17 24 10 43393 0.9082964946702236
1 19 13 13 48498 0.9257028765667327
2 19 13 21 41690 1.0318126154292617
1 13 25 24 87925 0.9820190123438136
20 24 27 19 37901 0.9136986096072134
5 1 20 27 109568 0.981157953944059
25 11 0 10 66882 0.9914947411597768
11 12 26 6 51783 0.9314694343270723
16 22 7 28 48828 1.026948308636164
11 3 16 28 94916 1.0126700889740061
12 26 20 24 39851 0.9680739768627603
27 5 19 3 33272 1.066972128560311
15 11 13 25 59751 0.9988019990803958
14 16 18 10 36495 1.096245100312462
7 26 6 16 26754 1.0632721651141945
8 19 16 25 53015 1.0068092145699097
11 9 26 13 51003 0.9581541219456108
20 4 10 6 47731 1.0938755505811604
24 25 10 28 39606 0.9966101336952617
29 9 14 6 47450 0.976070727810388
24 6 0 19 89216 0.942010873753388
21 7 12 25 82510 0.9452469323001631
17 0 0 15 84369 1.0186000637280483
6 5 19 23 87825 0.9288873026033051
10 4 26 7 54372 1.0960590302417668
29 18 11 4 89892 1.0687843706001714
13 27 24 19 52087 1.0591735097533972
24 25 26 12 38701 1.085723872104448
29 7 16 22 71231 0.9734638717932684
8 11 10 22 35888 1.0043893178416303
5 0 12 9 43793 0.9200915766066967
22 20 10 21 39588 0.9096651798962605
1 13 2 0 34228 0.9875893193039814
1 16 22 0 87447 0.9808211386219687
29 13 19 10 33574 1.0407406764911018
9 27 24 13 75604 1.0539632544855373
17 17 27 6 49288 1.0818559896796778
17 29 9 18 49729 1.0421018610724444
17 9 13 29 85663 1.0029869573754777
24 14 16 0 53798 0.9202515985908204
25 29 20 3 75878 0.9994133185232774
21 15 8 25 57019 1.0461858829845077
29 3 3 5 85622 0.9053084081382405
2 1 26 2 68103 1.027064664810477
5 16 15 8 54779 1.0870175544657936
25 17 3 22 69462 1.0224505021315682
13 7 12 25 73393 0.943492127412515
21 29 18 13 59247 1.0413900622675207
2 18 5 29 31500 0.994314391406989
29 14 27 28 40396 0.9534566850396577
16 5 10 22 77400 1.0666823298895625
21 20 4 12 62941 0.9314341960041275
12 10 26 25 67035 1.0583525936628004
23 3 1 19 96270 1.0665244071921542
0 6 15 0 57588 0.9329198443171784
19 12 29 28 60593 0.9414827692350055
1 20 23 4 103627 0.9846600083465259
9 19 14 27 45873 1.0202880593861257
14 19 3 19 42438 1.048458983723111
16 8 27 11 43828 0.9301052430763337
7 22 2 0 61244 0.923794653157164
16 1 1 11 70056 0.9851705538852671
24 15 5 12 61086 0.9773026192792401
11 28 29 25 47546 0.99518177825616
28 2 17 11 49007 0.9196304540563973
14 18 8 23 34695 1.029899866143463
17 5 27 3 42266 1.0722673868704156
16 12 27 19 51801 0.92809570260763
8 29 21 10 81290 1.0441002248365472
15 27 26 20 43368 1.0001727301919179
8 11 20 13 44031 1.0510032418437523
14 10 23 1 53562 1.0805186886652751
24 22 7 21 57889 0.9443315303533264
6 8 14 26 68673 1.0073570002693704
10 24 10 13 43342 0.944263378848291
28 21 20 29 29293 1.0075180498142722
13 6 2 15 49243 1.0354337621121512
23 25 6 6 90355 1.026489067525317
7 14 6 23 26667 1.0191413235339968
27 10 12 21 63977 1.0376998693814028
9 12 1 6 34908 0.9439944700116062
24 28 21 11 52568 1.0616031548482712
15 5 25 4 44913 0.9131621464011526
14 12 1 23 62600 1.0791890657281844
28 1 22 28 75273 0.9169313310449303
7 18 12 3 49812 0.9365002116649088
23 22 2 18 66930 0.9999090757498537
7 27 14 11 57864 0.9000078104853285
18 13 27 11 34785 1.0829103395505115
2 25 20 14 76974 0.9505696188478471
17 22 0 18 67402 0.9719243065036542
15 12 2 22 57004 1.0804255696330385
5 1 22 5 63275 0.918278237301685
17 8 6 16 58261 0.9467694590939373
27 25 15 3 86632 1.0290888394062248
2 19 25 7 81670 0.9376368415357439
14 2 4 1 43445 1.0997245733175223
4 5 28 14 90617 0.904946614327922
2 18 18 19 49928 0.9784615512268567
26 2 2 27 109428 0.9294281692199302
24 26 16 21 38575 1.0037532565632543
16 9 20 16 42420 1.0865588117886442
12 6 27 29 87566 0.911020202231804
13 2 3 17 65869 0.989827727566681
3 21 24 5 89919 1.00016411854171
3 28 25 15 85897 1.0869205878929769
5 21 6 3 50630 0.9763042447632158
8 1 17 21 77405 1.0636252493912342
19 10 17 29 71063 1.0105112618452765
9 20 17 7 59346 0.9505950783439099
11 5 1 11 45732 1.027587338930117
13 1 26 9 53059 0.9042554907312758
14 26 4 16 55302 0.977039434571776
14 17 25 14 36188 0.9499760357110791
6 15 13 28 55016 0.9912226144269787
7 8 9 29 51998 0.9402369526378973
11 17 28 28 59394 0.9197419904373878
5 29 11 19 42553 0.925383109800849
25 19 18 7 46370 1.0768591771030505
26 27 13 18 52224 0.909659636781655
26 21 12 22 49498 0.966713806947956
13 25 27 27 43721 0.9324100935160958
22 23 25 9 44047 1.047628595340725
1 25 4 8 56913 1.0801061458790768
11 13 19 7 46503 0.9885340007413232
10 6 25 19 73212 0.9727359552433968
8 2 7 27 60609 1.0442156952152237
5 4 11 8 34593 0.9528577789417773
11 4 26 11 62260 0.9635887805735617
19 29 14 2 106563 1.0382112855012768
16 18 27 23 45683 1.0122356796855925
20 27 13 18 51175 0.9481121874175875
12 10 27 3 52111 1.0583549476985628
3 16 29 19 71549 0.9694954322919199
19 9 7 18 54759 0.9835424021167224
5 18 17 22 53883 0.9239912154421519
3 0 11 2 32925 0.9398555111824475
29 5 10 1 72316 0.9999544238778141
28 24 27 11 37361 0.9135433835989836
14 6 3 4 49799 1.0971210908964837
7 17 28 6 71592 1.0583498786753396
18 4 1 0 60556 1.0492510034696814
25 28 8 28 37403 0.9185926296706727
6 20 24 4 81336 1.004207197459752
15 22 28 6 76426 1.080689103220265
22 2 28 13 42069 1.0346047243635867
25 15 3 24 82477 0.9769853369725623
20 24 17 6 72060 1.0815367884687748
0 28 7 10 59294 1.0930240434846183
11 15 21 14 41686 0.939822113253538
1 15 25 8 84075 1.0930246251231053
27 11 5 0 82132 0.9271993191290205
5 0 27 27 108861 0.9984801883609019
10 20 20 21 35126 0.9746273749577169
27 4 11 15 77870 0.9368490282458892
7 15 20 3 66204 0.9719054511965661
4 28 13 29 27934 1.0229914371376927
11 7 17 12 39183 1.0871028371094797
25 1 24 26 68452 1.0250922329853527
0 25 25 11 100052 1.0522449689707365
24 5 15 13 46797 1.0614672969339372
1 22 3 11 38507 1.083299658705392
3 1 18 25 116633 1.0594260051797175
7 12 29 1 82655 1.0023638377464525
7 28 12 18 42666 0.9210072313664722
3 29 19 15 70309 1.0075783676101555
20 17 10 17 22012 0.9784284976378965
26 9 16 5 38918 0.901435610183105
4 2 14 10 48113 0.9329546031263617
18 2 13 17 74866 1.0533433313698868
6 25 10 5 62132 0.9770816909276961
12 1 18 26 116731 0.9109220071172158
20 2 16 18 70245 1.0466585109379052
5 3 2 16 39228 0.993702924726534
20 15 22 29 50184 0.9927342589626963
26 6 11 10 44132 1.006916354990901
25 27 1 12 94609 1.0029159470486753
22 14 4 3 74474 0.9025868615315675
18 7 25 21 49815 1.0381363237958983
6 4 23 11 63672 0.9627269470215997
12 15 26 15 43617 1.0417577028067044
9 9 28 1 67391 0.9390139641999181
22 22 8 26 54940 1.0639980398957378
24 2 27 25 62526 1.046183713487987
5 17 24 8 62839 1.0044282512926592
3 20 11 9 55184 0.9111676341771111
28 21 13 20 50070 1.0415743481236464
12 26 3 17 45586 1.0874618328116077
11 1 12 10 48635 1.0591046281200223
21 29 9 24 39664 1.0665557957655942
15 7 20 2 38822 1.0426840952126906
8 13 20 24 62931 1.060331399646959
7 9 3 29 53442 0.9363035584243742
29 23 5 23 84268 0.9135464052362569
29 3 13 14 70728 0.9691479230546873
25 16 17 19 34905 0.9761701536900049
19 16 24 11 29921 1.0620070175398082
5 23 15 25 50119 1.0425809748780899
15 24 26 27 43480 1.0115184895777853
29 25 0 0 121482 0.9177711070137767
21 12 4 28 81600 0.9170774503984449
4 3 26 6 68073 0.9404249356986383
18 25 9 14 69636 1.0568211369612808
12 29 1 25 37784 0.9514862002160454
23 22 25 12 34158 0.9205697552334925
6 0 6 10 25219 0.9292340402039413
28 4 3 28 110751 1.0657257458370202
19 26 7 7 84880 0.9932446378309154
15 0 14 13 57782 0.9099491560330126
15 20 0 6 76859 0.9368361387635125
2 29 22 28 43904 0.9411754692856711
2 29 24 20 69172 0.9443776122920522
17 18 11 24 51232 0.9438011696160292
4 16 15 2 71379 1.09543214743232
0 0 22 19 92950 1.0915906134116342
23 19 14 15 36155 1.0948735201032074
25 19 8 19 49610 1.0012203312298817
3 5 10 19 54954 1.0455063286321933
4 10 27 17 68462 1.0036803065130027
21 20 12 12 49868 1.078792850140966
6 13 20 24 69418 0.9878097326374842
13 29 19 19 49850 0.9025860758567729
1 9 11 13 38775 1.000571291288522
18 1 22 21 78502 0.9591369820234323
25 4 0 5 84991 0.9983491637267661
28 20 21 16 26860 1.0368664583873484
15 10 18 2 52122 1.0653004811910858
20 8 5 5 56402 0.9391788087819649
15 13 1 18 51415 0.9918472029867789
3 28 26 6 98988 1.0748811141861014
23 19 7 26 63269 1.0558372180329105
23 26 17 2 89167 0.9159492140554389
14 26 17 14 60630 0.9483463979407077
17 12 0 17 57957 1.0280291548510863
25 18 14 6 59820 0.9303465392375193
11 20 2 28 48607 1.0283042562263396
9 21 9 5 47798 1.0978966367597314
5 6 2 21 45059 0.9062284034878473
18 0 3 11 64651 0.9248633878669226
3 12 24 24 82171 1.0341160334293185
1 13 27 17 71586 1.0748177401655685
1 7 29 4 83006 1.0910755117735143
20 10 29 28 58260 1.0046648354013399
4 6 7 28 60444 0.9761882193591078
10 4 3 11 39587 1.0481916907969075
5 18 17 23 59877 0.9400059731694358
11 13 4 28 55132 1.0407005315294908
15 10 22 2 42234 1.0904724820300233
19 28 22 19 33812 1.0887871306268393
1 4 22 4 74355 0.9157476562456808
22 13 1 7 68330 0.951491432872787
23 12 10 20 60604 0.9935236782119422
25 24 14 11 66770 1.0824972768812344
0 13 21 0 83214 1.0425848576471792
20 15 25 22 36470 1.0099316357715369
14 7 21 10 26395 1.0539796675586588
11 27 18 1 110069 0.9689903697191254
8 10 2 20 38711 0.9346382108373688
6 12 25 18 59252 0.907607046407267
26 4 12 24 86944 0.9368646810710326
22 13 7 5 56263 1.0958574614703713
18 19 24 26 41814 1.0340201267038456
0 16 18 12 65668 1.0861377109130113
19 24 24 18 33490 0.9942591484650336
25 3 19 16 53595 0.948367647413414
28 3 22 26 69198 1.0843430453455092
13 6 26 15 53105 0.9214135644930447
4 19 24 28 67445 0.9770395974277363
5 11 2 28 54047 0.9987774013885713
24 5 15 7 25457 1.0460169362889569
0 11 29 28 105432 1.019963809621757
8 1 27 8 68759 1.0777014180962377
3 23 27 26 76061 1.069247264766583
14 16 22 11 39490 1.0147817037360665
28 13 5 20 74169 0.9210298484279428
27 19 9 12 61383 0.9402558353785231
22 15 11 5 62245 0.9170053001773577
29 1 16 8 53196 0.9203809369757462
6 10 22 9 44643 1.0572948176993833
16 15 29 1 75038 0.9064762400557662
21 5 1 25 103063 0.9705172573703708
16 25 27 16 64970 1.0066672245468935
29 3 28 27 65686 0.9794707249655823
2 16 6 27 37135 0.9731994650831332
5 14 20 22 69493 1.0491915307456399
4 4 12 2 38282 0.9183968144742373
21 17 6 27 57737 0.9621260791307881
23 11 7 2 63032 0.9212174825185011
25 22 2 0 103941 1.07914035070732
11 29 1 15 61206 1.093153100952358
15 1 14 23 94356 1.0446545266022793
0 18 7 27 42522 0.927708686104709
18 7 10 2 43970 0.9848776735652431
3 22 16 11 71111 0.9635744355024896
14 19 9 27 44937 1.000588437828585
20 28 2 17 71253 1.0380061638452145
5 6 3 22 52783 0.9774786798661553
1 15 23 12 77841 0.9665294762945202
20 27 2 11 88561 1.043816975913347
1 19 22 27 74824 1.0080543916034528
6 1 10 10 33077 1.0620342841607462
3 5 22 27 103931 0.9817075180022234
25 29 20 13 52455 1.0452286685527552
28 11 15 7 39489 0.9205078518503005
2 21 10 7 50366 0.941930923916175
8 14 28 29 73565 1.0686403446180603
6 16 4 8 37596 1.0895064248886623
20 3 29 5 38508 1.0313500447177952
24 16 8 19 43515 1.0576318707305452
5 25 8 17 31373 0.9975556284666629
27 14 12 27 70894 0.9269384088975962
15 22 29 4 89030 1.0586928006394873
12 28 1 29 30246 1.0971265058793587
12 5 18 10 37940 1.0744910122138767
12 25 26 20 61267 0.9813978608083489
20 19 8 20 47192 1.0732756569179718
10 19 24 1 79183 1.0036786187481022
27 13 15 14 41675 0.9789107941195853
29 22 17 4 83965 0.9208945553193388
27 18 12 12 57073 0.9474407837985417
0 4 5 28 79431 1.0173136826915992
22 2 11 13 65610 0.9395067296616633
10 29 6 19 32935 0.9612502694953473
19 29 11 16 63847 1.0010554897135364
2 22 15 16 46642 1.002449669503053
26 0 2 8 77801 1.0225983150448263
0 3 8 17 51262 1.032765816540461
18 20 19 8 63317 1.064945717247546
7 23 10 3 53526 0.9006690964778767
10 5 14 25 82794 0.9889620015958904
0 23 7 9 54661 1.037035984163699
17 15 25 12 41597 1.0880030962253953
15 14 7 5 45191 0.9828946418822593
24 26 4 19 71961 1.0621878469583907
26 14 2 17 61335 0.9575033412807189
16 27 2 11 79256 1.0308102955573124
28 15 14 1 72922 0.97003788608864
27 18 28 3 42654 0.9269755197097838
15 15 4 11 53017 0.975855570659321
11 8 3 10 30039 1.0729593372371085
13 4 20 14 57582 0.9697618113249578
9 19 15 10 40658 1.0181945274027393
8 25 21 14 60553 0.9516290749247873
25 5 26 15 29752 0.9130800848583267
11 11 26 15 56008 0.9832449511200831
10 3 13 10 36992 1.049833487287732
6 4 29 1 78482 1.0125380409101967
23 12 0 21 81291 0.9983678324110954
17 20 10 27 51173 1.0525526214846332
27 17 16 20 40053 1.0587296409694746
7 20 9 4 44293 0.9474990573782485
5 8 18 25 93534 0.9026364450456744
23 2 21 23 67228 0.9851171119051921
9 18 5 5 42394 0.917280561503004
20 13 7 23 61323 0.9901132497793012
20 29 0 6 99238 0.9359071395886048
