40 80 60 65303
52 64 52 41 58 64 82 65 60 71 81 66 30 35 32 24 56 49 28 27 29 24 71 89 76 85 64 94 15 17 21 20 23 74 65 75 93 79 78 66 70 89 80 77 68 39 46 40 32 31 36 36 29 28 22 34 36 42 57 65 56 45 50 59 55 67 75 63 70 59 55 51 47 52 63 70 71 75 75 62
58 45 26 34 28 32 72 77 74 68 95 64 28 20 23 38 48 44 33 22 24 26 52 56 42 50 47 54 54 65 72 75 57 33 43 59 42 38 31 41 38 48 45 47 47 39 37 34 48 42 46 70 75 47 59 69 63 59 24 37 32 27 26 34 33 66 82 79 87 72 75 74 78 48 84 67 76 75 68 80
57 53 29 31 34 24 24 19 10 17 19 24 30 37 23 24 57 55 23 23 37 24 107 118 107 116 121 148 75 75 70 57 62 46 36 33 38 34 46 74 77 60 85 70 66 53 22 44 49 49 54 40 41 30 43 31 35 40 68 67 72 64 70 59 65 67 74 89 81 88 71 82 78 64 75 81 65 92 78 77
54 75 17 26 23 25 74 74 82 64 75 54 23 26 27 15 54 59 67 57 78 69 87 84 76 90 87 121 76 54 63 81 50 34 27 40 37 37 39 50 57 66 62 57 75 32 33 51 22 40 35 32 27 34 44 25 25 38 81 79 77 72 72 75 50 45 52 58 49 55 45 51 53 58 91 79 83 68 86 82
58 51 49 63 51 53 16 16 16 19 16 15 28 33 31 34 54 53 24 27 25 21 46 49 43 51 49 59 69 92 61 70 70 20 17 18 14 20 17 27 15 18 23 15 27 42 57 51 36 34 48 22 18 12 13 23 15 20 38 58 45 43 45 46 49 91 72 93 93 75 81 77 92 75 25 41 45 34 34 26
48 52 52 48 64 57 10 10 19 23 15 15 23 19 22 28 46 46 28 26 25 31 54 48 47 53 47 40 72 67 55 73 67 39 28 33 44 33 43 41 30 49 40 46 41 58 67 58 60 69 68 35 39 27 28 35 32 29 98 93 83 107 90 92 95 85 61 69 70 71 72 61 89 79 58 83 60 92 76 80
58 47 35 36 26 32 15 18 21 25 19 20 30 21 30 29 53 73 66 45 62 61 53 71 60 56 59 60 98 95 85 93 83 70 72 59 58 63 73 116 109 130 118 143 122 62 78 69 72 105 88 60 66 87 88 70 77 62 37 42 28 30 34 38 36 65 66 80 79 75 73 50 76 79 83 67 60 78 73 72
36 56 70 62 51 50 92 79 92 65 89 75 122 100 114 115 56 39 24 32 29 38 15 15 19 26 17 19 20 24 19 13 18 75 93 98 86 75 93 100 85 91 94 99 112 101 109 112 118 123 126 78 64 81 85 76 55 66 67 56 68 67 69 66 49 69 42 43 51 43 54 45 41 52 94 98 83 75 76 91
50 55 50 60 55 46 73 43 59 70 57 56 19 25 25 25 58 64 32 25 30 35 19 25 19 18 15 21 18 25 12 23 21 56 57 69 72 51 66 19 19 27 18 22 17 20 17 22 14 15 15 58 59 54 65 54 61 53 93 87 99 115 104 91 100 87 78 70 77 58 68 76 88 72 36 44 35 33 35 34
55 60 53 65 60 69 18 16 20 13 11 16 19 29 22 27 59 65 73 55 65 66 21 19 23 16 28 18 24 18 26 28 14 79 65 70 74 82 82 104 99 107 101 115 101 68 57 64 77 82 66 81 72 62 63 73 84 72 34 34 31 37 36 33 27 82 65 58 80 76 68 74 69 68 78 95 84 89 76 79
59 57 57 54 56 51 98 73 78 87 83 71 97 85 93 105 41 57 25 28 47 29 38 56 46 52 45 62 60 58 66 60 62 17 15 29 24 23 21 16 16 19 18 16 17 66 63 61 54 57 64 16 17 14 12 15 14 13 35 55 46 48 55 47 50 41 47 56 44 49 38 46 29 26 38 48 42 38 42 46
65 62 59 79 74 62 40 70 64 58 70 68 31 27 34 27 45 52 28 35 38 26 90 102 87 101 106 94 61 65 47 63 60 73 84 86 78 74 93 86 67 70 83 84 97 83 81 58 74 82 86 39 32 32 46 40 46 43 61 72 57 76 76 71 66 66 52 63 49 60 65 60 60 56 69 78 56 64 86 74
42 57 67 55 61 66 62 70 76 79 49 73 97 113 107 105 65 55 33 30 29 37 49 51 38 46 45 39 65 69 74 52 65 17 31 15 17 15 20 11 17 16 13 18 18 58 58 52 45 62 58 16 15 12 14 14 12 13 65 50 52 50 50 60 45 27 42 35 32 38 33 24 47 43 41 30 39 26 38 33
49 64 23 21 28 24 78 67 59 74 55 76 117 111 109 97 59 66 72 68 58 66 68 46 77 58 55 56 89 104 98 94 96 56 60 64 66 57 72 63 59 70 56 52 53 61 62 47 43 56 54 57 70 53 55 58 62 52 15 17 19 26 12 16 12 11 12 8 13 13 14 18 16 9 39 31 31 45 46 24
46 45 50 57 50 49 12 24 10 20 12 21 34 26 27 28 51 54 63 62 75 60 43 48 48 48 51 49 115 103 118 102 99 35 31 21 33 36 43 60 75 53 63 62 76 78 85 74 82 89 90 72 71 68 78 58 70 57 34 37 37 36 28 23 28 20 27 27 19 16 24 27 22 27 82 110 71 82 90 80
70 48 46 53 62 52 132 136 121 150 117 128 101 89 103 85 53 47 33 39 24 27 37 55 48 63 48 60 56 82 77 74 63 11 14 21 14 19 19 23 12 15 23 15 18 16 19 14 13 15 23 64 55 66 55 58 63 72 15 17 19 12 12 10 16 8 14 9 16 20 10 15 10 12 36 37 41 36 47 40
65 53 20 30 34 23 60 62 82 87 80 62 103 107 94 114 47 53 28 31 42 28 92 95 104 91 82 88 52 47 49 68 48 34 45 35 53 54 42 83 81 67 91 88 71 43 41 43 46 29 38 28 26 26 25 30 37 28 100 89 104 118 102 103 123 105 97 83 88 80 91 95 99 96 74 76 86 65 81 65
66 57 18 26 27 20 83 72 87 78 80 91 83 99 107 106 58 67 64 69 70 75 16 17 13 19 19 9 17 25 16 18 23 24 22 20 18 23 16 19 17 18 17 17 18 19 19 13 21 19 11 59 58 55 60 60 60 43 18 16 15 16 15 13 17 11 17 11 17 13 11 7 9 9 41 37 37 45 37 31
47 46 48 47 52 53 123 128 110 136 97 118 108 105 109 92 44 47 28 32 37 31 39 38 54 49 35 41 85 100 85 61 92 17 19 16 13 20 14 16 17 21 12 23 21 21 21 14 7 22 12 13 14 17 28 11 15 13 18 15 18 18 12 11 11 56 59 43 53 64 40 44 47 56 41 41 44 43 40 35
59 46 56 53 48 51 69 92 76 82 82 89 93 98 87 92 57 70 69 67 61 47 17 18 16 20 16 22 35 24 28 23 16 22 21 13 17 21 20 13 27 19 20 16 15 62 55 72 51 60 55 54 40 49 49 47 67 43 16 15 17 21 11 9 12 47 54 47 67 35 70 50 52 59 47 36 32 39 37 33
58 59 24 35 25 34 60 70 78 73 84 89 34 23 24 30 36 58 61 63 68 47 87 63 88 79 88 82 20 18 22 19 22 103 104 113 112 120 124 103 110 102 109 104 107 86 75 84 60 98 84 100 94 106 112 105 111 104 21 30 37 30 28 29 25 25 24 21 22 23 34 22 16 16 72 78 64 68 81 63
50 61 47 65 73 82 59 58 60 60 55 48 38 22 28 20 67 60 26 23 23 36 57 58 49 51 41 51 87 99 81 84 93 126 137 133 128 131 116 79 77 86 93 83 97 139 106 129 135 125 142 62 65 58 80 71 64 62 29 25 34 22 30 31 32 26 20 27 28 27 35 46 36 34 77 92 71 56 78 76
62 60 50 60 53 40 22 19 21 19 22 17 32 32 21 44 64 59 37 29 32 25 109 86 115 105 79 82 64 82 58 60 76 36 32 41 30 39 41 63 64 57 60 68 64 74 87 86 77 97 84 25 24 35 30 27 30 30 69 70 82 68 60 62 83 76 69 73 71 94 76 82 91 84 69 86 66 90 92 80
52 51 27 27 23 25 68 62 59 69 78 55 108 99 92 104 47 46 29 19 27 20 76 71 86 77 50 82 25 19 18 27 20 49 51 46 40 39 39 58 65 61 57 62 73 35 35 44 45 41 40 22 26 28 34 40 41 29 75 64 64 75 64 89 74 62 57 56 46 55 59 53 71 66 71 82 63 91 80 75
55 56 45 51 66 65 60 69 62 69 70 56 119 129 117 107 44 49 22 28 33 33 18 16 20 19 18 17 19 23 16 21 22 39 57 44 60 58 58 52 51 45 64 56 52 48 49 53 60 63 49 51 61 64 55 55 54 48 63 59 53 48 46 51 62 76 78 75 73 70 100 83 91 86 36 41 45 43 34 29
51 68 81 73 59 71 53 56 60 55 48 56 29 20 21 38 44 51 65 81 83 74 19 25 17 28 16 21 15 26 22 16 13 83 86 77 90 93 79 18 21 13 25 21 28 61 45 52 54 65 41 60 56 70 53 51 53 55 13 12 11 17 16 11 18 36 37 57 44 39 34 33 34 48 34 32 40 39 37 47
60 53 47 49 68 48 67 62 71 53 65 74 14 30 20 28 59 69 60 63 60 49 57 43 34 53 53 47 57 63 67 50 55 25 21 19 16 19 22 13 16 18 22 12 19 16 16 13 18 24 11 13 21 17 16 13 18 17 52 38 59 50 56 48 53 47 50 51 63 57 46 48 50 47 37 47 42 36 41 34
66 62 53 46 59 56 20 22 22 16 18 21 33 28 25 32 65 54 69 89 68 74 23 16 11 10 22 19 16 15 21 21 19 65 53 60 63 76 80 40 58 54 57 45 50 48 48 48 51 37 66 84 109 109 99 94 105 122 11 18 18 16 24 17 13 47 47 65 57 68 51 46 62 63 45 37 29 37 38 38
60 51 50 60 48 52 68 60 82 56 63 72 28 30 28 27 50 67 24 29 34 36 113 119 116 126 130 122 95 113 92 122 119 87 85 92 108 88 96 69 75 63 90 86 71 73 85 70 65 80 83 29 36 37 40 39 23 37 65 74 72 55 75 81 71 42 39 53 48 53 46 49 39 39 77 93 80 86 105 77
55 60 48 66 54 71 23 24 26 22 13 19 25 39 20 31 40 60 26 28 31 35 45 48 43 36 62 49 64 69 75 72 74 37 30 33 37 32 39 61 60 52 61 72 59 41 47 40 44 54 32 89 92 71 77 82 79 59 30 32 25 33 31 29 32 28 22 27 16 26 29 11 26 17 78 94 93 59 60 79
59 52 77 68 62 53 78 59 56 61 61 61 29 38 29 23 61 52 58 75 80 91 26 22 17 15 16 12 28 24 29 19 28 66 85 74 81 86 78 15 11 18 24 14 13 40 49 54 46 48 53 21 24 15 20 15 18 15 48 55 58 52 54 53 58 38 33 39 33 28 28 29 35 33 45 38 26 37 30 38
50 62 34 26 29 22 20 17 14 15 23 16 32 19 39 21 63 60 53 68 70 59 51 62 43 46 40 46 65 50 53 53 64 25 20 19 14 25 14 17 22 25 16 15 19 16 20 20 25 22 21 17 20 16 17 11 15 15 90 74 92 72 88 99 100 79 63 77 74 75 67 63 73 86 34 35 35 42 46 37
47 49 73 63 72 71 17 19 14 22 19 23 30 22 38 23 52 45 13 33 28 22 60 60 48 60 57 54 115 118 108 124 113 71 57 70 60 74 69 69 57 53 71 65 65 81 75 87 99 91 98 75 80 86 90 86 70 90 21 18 12 21 15 14 20 48 62 65 56 47 49 51 51 49 36 50 33 35 42 40
57 60 52 52 60 47 16 19 18 16 12 10 21 27 24 24 50 45 59 60 52 54 45 43 41 47 50 47 55 62 51 60 50 13 15 16 14 21 13 20 17 19 30 13 20 14 14 18 22 17 16 55 56 62 50 70 69 79 41 49 42 49 40 53 33 36 45 32 27 34 42 37 29 24 43 47 34 33 43 38
55 63 24 33 38 33 64 73 80 81 69 67 35 22 39 26 61 56 78 64 66 72 42 40 49 48 39 42 100 83 87 85 91 59 69 49 64 63 60 62 48 64 71 54 64 63 63 76 76 56 53 49 63 57 61 51 63 49 49 45 57 61 65 53 53 39 31 46 37 39 43 47 51 34 43 39 37 41 42 41
63 62 23 30 22 32 21 20 23 19 22 20 31 35 25 34 60 62 54 55 53 58 21 29 15 15 19 17 17 27 22 17 20 82 95 90 96 92 79 98 84 78 78 84 81 89 79 69 104 75 88 97 99 94 97 102 101 99 93 84 68 76 72 86 81 76 76 59 75 71 80 95 60 68 82 87 82 92 86 91
53 54 25 23 28 19 78 77 73 72 62 81 31 28 31 38 67 52 74 65 56 60 18 18 17 17 13 21 22 25 18 24 28 82 112 100 87 96 86 36 38 43 40 39 30 41 48 42 32 39 47 76 76 85 89 69 78 80 28 37 23 32 35 29 32 71 52 75 62 66 92 72 65 73 61 80 74 107 87 87
55 62 58 40 55 50 74 67 60 48 66 59 91 82 108 98 57 70 28 14 23 29 65 63 45 54 67 64 67 67 60 71 58 36 23 39 43 44 36 37 31 35 38 37 32 78 79 93 72 85 92 28 25 24 33 30 36 32 71 85 93 81 83 66 75 62 67 63 57 57 58 70 68 69 83 99 71 86 66 85
53 40 58 76 69 79 72 66 64 72 74 61 131 117 116 127 46 69 29 31 23 25 55 57 50 57 53 57 103 103 113 115 116 38 45 45 44 28 43 29 34 43 45 40 41 45 43 46 37 56 54 29 37 34 28 30 28 36 27 30 32 23 26 31 34 29 25 22 28 27 36 25 32 19 77 98 89 92 96 87
67 81 33 73 66 50 113 82 123 95 126 19 141 120 126 90 70 65 85 68 91 94 67 63 87 72 129 151 90 122 97 109 123 101 141 86 84 106 120 87 88 114 119 151 108 89 96 133 117 127 154 104 120 45 114 96 87 83 93 84 77 46 83 51 76 102 84 74 87 77 91 101 83 58 58 108 40 110 60 82
78 162 252 340 422 513 659 810 944 1110 1240 1382 1527 1670 1800 1941 2016 2097 2184 2283 2375 2476 2601 2733 2862 3002 3146 3310 3438 3569 3700 3837 3969 4109 4261 4408 4550 4695 4832 4961 5083 5227 5358 5516 5651 5805 5926 6069 6219 6358 6515 6626 6747 6868 6992 7109 7232 7367 7478 7581 7696 7827 7942 8056 8192 8309 8417 8520 8623 8727 8838 8944 9054 9161 9265 9387 9490 9609 9726 9827
21 21 22 26 37 19 25 19 26 17 21 22 22 23 21 40 22 49 32 31 19 15 18 22 23 30 28 34 12 24 28 49 24 34 23 19 33 17 31 1
